-0.037500 -0.075000 0.000000
0.037500 -0.075000 0.000000
0.112500 -0.075000 0.000000
0.187500 -0.075000 0.000000
0.262500 -0.075000 0.000000
0.337500 -0.075000 0.000000
0.412500 -0.075000 0.000000
0.487500 -0.075000 0.000000
0.562500 -0.075000 0.000000
0.637500 -0.075000 0.000000
0.712500 -0.075000 0.000000
0.787500 -0.075000 0.000000
0.862500 -0.075000 0.000000
0.937500 -0.075000 0.000000
1.012000 -0.075000 0.000000
1.087000 -0.075000 0.000000
1.163000 -0.075000 0.000000
1.238000 -0.075000 0.000000
1.313000 -0.075000 0.000000
1.388000 -0.075000 0.000000
1.463000 -0.075000 0.000000
1.538000 -0.075000 0.000000
1.613000 -0.075000 0.000000
1.688000 -0.075000 0.000000
1.763000 -0.075000 0.000000
1.838000 -0.075000 0.000000
1.913000 -0.075000 0.000000
1.988000 -0.075000 0.000000
2.063000 -0.075000 0.000000
2.138000 -0.075000 0.000000
2.213000 -0.075000 0.000000
2.288000 -0.075000 0.000000
2.363000 -0.075000 0.000000
2.438000 -0.075000 0.000000
2.513000 -0.075000 0.000000
2.588000 -0.075000 0.000000
2.663000 -0.075000 0.000000
2.738000 -0.075000 0.000000
2.813000 -0.075000 0.000000
2.888000 -0.075000 0.000000
2.963000 -0.075000 0.000000
3.038000 -0.075000 0.000000
3.113000 -0.075000 0.000000
3.188000 -0.075000 0.000000
3.263000 -0.075000 0.000000
3.338000 -0.075000 0.000000
3.413000 -0.075000 0.000000
3.488000 -0.075000 0.000000
3.563000 -0.075000 0.000000
3.638000 -0.075000 0.000000
3.713000 -0.075000 0.000000
3.788000 -0.075000 0.000000
3.863000 -0.075000 0.000000
-0.037500 0.075000 0.000000
0.037500 0.075000 0.000010
0.112500 0.075000 0.000020
0.187500 0.075000 0.000030
0.262500 0.075000 0.000040
0.337500 0.075000 0.000050
0.412500 0.075000 0.000060
0.487500 0.075000 0.000070
0.562500 0.075000 0.000080
0.637500 0.075000 0.000090
0.712500 0.075000 0.000100
0.787500 0.075000 0.000110
0.862500 0.075000 0.000120
0.937500 0.075000 0.000130
1.012000 0.075000 0.000140
1.087000 0.075000 0.000150
1.163000 0.075000 0.000160
1.238000 0.075000 0.000170
1.313000 0.075000 0.000180
1.388000 0.075000 0.000190
1.463000 0.075000 0.000200
1.538000 0.075000 0.000200
1.613000 0.075000 0.000210
1.688000 0.075000 0.000210
1.763000 0.075000 0.000220
1.838000 0.075000 0.000220
1.913000 0.075000 0.000220
1.988000 0.075000 0.000220
2.063000 0.075000 0.000220
2.138000 0.075000 0.000210
2.213000 0.075000 0.000210
2.288000 0.075000 0.000210
2.363000 0.075000 0.000200
2.438000 0.075000 0.000200
2.513000 0.075000 0.000190
2.588000 0.075000 0.000190
2.663000 0.075000 0.000180
2.738000 0.075000 0.000170
2.813000 0.075000 0.000170
2.888000 0.075000 0.000160
2.963000 0.075000 0.000160
3.038000 0.075000 0.000150
3.113000 0.075000 0.000140
3.188000 0.075000 0.000140
3.263000 0.075000 0.000130
3.338000 0.075000 0.000130
3.413000 0.075000 0.000120
3.488000 0.075000 0.000120
3.563000 0.075000 0.000110
3.638000 0.075000 0.000110
3.713000 0.075000 0.000110
3.788000 0.075000 0.000100
3.863000 0.075000 0.000000
-0.037500 0.225000 0.000000
0.037500 0.225000 0.000010
0.112500 0.225000 0.000020
0.187500 0.225000 0.000030
0.262500 0.225000 0.000040
0.337500 0.225000 0.000050
0.412500 0.225000 0.000060
0.487500 0.225000 0.000070
0.562500 0.225000 0.000080
0.637500 0.225000 0.000090
0.712500 0.225000 0.000100
0.787500 0.225000 0.000110
0.862500 0.225000 0.000120
0.937500 0.225000 0.000130
1.012000 0.225000 0.000140
1.087000 0.225000 0.000150
1.163000 0.225000 0.000160
1.238000 0.225000 0.000170
1.313000 0.225000 0.000180
1.388000 0.225000 0.000190
1.463000 0.225000 0.000200
1.538000 0.225000 0.000200
1.613000 0.225000 0.000210
1.688000 0.225000 0.000210
1.763000 0.225000 0.000220
1.838000 0.225000 0.000220
1.913000 0.225000 0.000220
1.988000 0.225000 0.000220
2.063000 0.225000 0.000220
2.138000 0.225000 0.000210
2.213000 0.225000 0.000210
2.288000 0.225000 0.000210
2.363000 0.225000 0.000200
2.438000 0.225000 0.000200
2.513000 0.225000 0.000190
2.588000 0.225000 0.000190
2.663000 0.225000 0.000180
2.738000 0.225000 0.000170
2.813000 0.225000 0.000170
2.888000 0.225000 0.000160
2.963000 0.225000 0.000160
3.038000 0.225000 0.000150
3.113000 0.225000 0.000140
3.188000 0.225000 0.000140
3.263000 0.225000 0.000130
3.338000 0.225000 0.000130
3.413000 0.225000 0.000120
3.488000 0.225000 0.000120
3.563000 0.225000 0.000110
3.638000 0.225000 0.000110
3.713000 0.225000 0.000110
3.788000 0.225000 0.000100
3.863000 0.225000 0.000000
-0.037500 0.375000 0.000000
0.037500 0.375000 0.049580
0.112500 0.375000 0.049550
0.187500 0.375000 0.049530
0.262500 0.375000 0.049530
0.337500 0.375000 0.049530
0.412500 0.375000 0.049530
0.487500 0.375000 0.049530
0.562500 0.375000 0.049540
0.637500 0.375000 0.049540
0.712500 0.375000 0.049540
0.787500 0.375000 0.049540
0.862500 0.375000 0.049540
0.937500 0.375000 0.049530
1.012000 0.375000 0.049520
1.087000 0.375000 0.049510
1.163000 0.375000 0.049490
1.238000 0.375000 0.049470
1.313000 0.375000 0.049440
1.388000 0.375000 0.049410
1.463000 0.375000 0.049380
1.538000 0.375000 0.049340
1.613000 0.375000 0.049300
1.688000 0.375000 0.049250
1.763000 0.375000 0.049190
1.838000 0.375000 0.049130
1.913000 0.375000 0.049070
1.988000 0.375000 0.049000
2.063000 0.375000 0.048920
2.138000 0.375000 0.048850
2.213000 0.375000 0.048770
2.288000 0.375000 0.048680
2.363000 0.375000 0.048600
2.438000 0.375000 0.048510
2.513000 0.375000 0.048430
2.588000 0.375000 0.048340
2.663000 0.375000 0.048250
2.738000 0.375000 0.048170
2.813000 0.375000 0.048080
2.888000 0.375000 0.048000
2.963000 0.375000 0.047920
3.038000 0.375000 0.047850
3.113000 0.375000 0.047780
3.188000 0.375000 0.047720
3.263000 0.375000 0.047660
3.338000 0.375000 0.047600
3.413000 0.375000 0.047560
3.488000 0.375000 0.047520
3.563000 0.375000 0.047490
3.638000 0.375000 0.047470
3.713000 0.375000 0.047460
3.788000 0.375000 0.047460
3.863000 0.375000 0.000000
-0.037500 0.525000 0.000000
0.037500 0.525000 0.096770
0.112500 0.525000 0.096760
0.187500 0.525000 0.096760
0.262500 0.525000 0.096770
0.337500 0.525000 0.096780
0.412500 0.525000 0.096780
0.487500 0.525000 0.096780
0.562500 0.525000 0.096770
0.637500 0.525000 0.096770
0.712500 0.525000 0.096760
0.787500 0.525000 0.096740
0.862500 0.525000 0.096720
0.937500 0.525000 0.096690
1.012000 0.525000 0.096660
1.087000 0.525000 0.096620
1.163000 0.525000 0.096570
1.238000 0.525000 0.096520
1.313000 0.525000 0.096460
1.388000 0.525000 0.096390
1.463000 0.525000 0.096310
1.538000 0.525000 0.096220
1.613000 0.525000 0.096130
1.688000 0.525000 0.096030
1.763000 0.525000 0.095920
1.838000 0.525000 0.095800
1.913000 0.525000 0.095670
1.988000 0.525000 0.095540
2.063000 0.525000 0.095400
2.138000 0.525000 0.095250
2.213000 0.525000 0.095100
2.288000 0.525000 0.094950
2.363000 0.525000 0.094790
2.438000 0.525000 0.094630
2.513000 0.525000 0.094470
2.588000 0.525000 0.094310
2.663000 0.525000 0.094160
2.738000 0.525000 0.094000
2.813000 0.525000 0.093850
2.888000 0.525000 0.093700
2.963000 0.525000 0.093560
3.038000 0.525000 0.093430
3.113000 0.525000 0.093300
3.188000 0.525000 0.093190
3.263000 0.525000 0.093080
3.338000 0.525000 0.092980
3.413000 0.525000 0.092900
3.488000 0.525000 0.092830
3.563000 0.525000 0.092770
3.638000 0.525000 0.092730
3.713000 0.525000 0.092720
3.788000 0.525000 0.092750
3.863000 0.525000 0.000000
-0.037500 0.675000 0.000000
0.037500 0.675000 0.125500
0.112500 0.675000 0.125500
0.187500 0.675000 0.125500
0.262500 0.675000 0.125500
0.337500 0.675000 0.125500
0.412500 0.675000 0.125500
0.487500 0.675000 0.125500
0.562500 0.675000 0.125500
0.637500 0.675000 0.125400
0.712500 0.675000 0.125400
0.787500 0.675000 0.125400
0.862500 0.675000 0.125400
0.937500 0.675000 0.125300
1.012000 0.675000 0.125300
1.087000 0.675000 0.125200
1.163000 0.675000 0.125100
1.238000 0.675000 0.125100
1.313000 0.675000 0.125000
1.388000 0.675000 0.124900
1.463000 0.675000 0.124800
1.538000 0.675000 0.124700
1.613000 0.675000 0.124500
1.688000 0.675000 0.124400
1.763000 0.675000 0.124200
1.838000 0.675000 0.124100
1.913000 0.675000 0.123900
1.988000 0.675000 0.123800
2.063000 0.675000 0.123600
2.138000 0.675000 0.123400
2.213000 0.675000 0.123200
2.288000 0.675000 0.123000
2.363000 0.675000 0.122800
2.438000 0.675000 0.122600
2.513000 0.675000 0.122400
2.588000 0.675000 0.122200
2.663000 0.675000 0.122000
2.738000 0.675000 0.121800
2.813000 0.675000 0.121600
2.888000 0.675000 0.121500
2.963000 0.675000 0.121300
3.038000 0.675000 0.121100
3.113000 0.675000 0.121000
3.188000 0.675000 0.120800
3.263000 0.675000 0.120700
3.338000 0.675000 0.120600
3.413000 0.675000 0.120500
3.488000 0.675000 0.120400
3.563000 0.675000 0.120300
3.638000 0.675000 0.120200
3.713000 0.675000 0.120200
3.788000 0.675000 0.120200
3.863000 0.675000 0.000000
-0.037500 0.825000 0.000000
0.037500 0.825000 0.138100
0.112500 0.825000 0.138100
0.187500 0.825000 0.138100
0.262500 0.825000 0.138100
0.337500 0.825000 0.138100
0.412500 0.825000 0.138100
0.487500 0.825000 0.138100
0.562500 0.825000 0.138000
0.637500 0.825000 0.138000
0.712500 0.825000 0.138000
0.787500 0.825000 0.138000
0.862500 0.825000 0.137900
0.937500 0.825000 0.137900
1.012000 0.825000 0.137800
1.087000 0.825000 0.137700
1.163000 0.825000 0.137700
1.238000 0.825000 0.137600
1.313000 0.825000 0.137500
1.388000 0.825000 0.137400
1.463000 0.825000 0.137300
1.538000 0.825000 0.137100
1.613000 0.825000 0.137000
1.688000 0.825000 0.136800
1.763000 0.825000 0.136700
1.838000 0.825000 0.136500
1.913000 0.825000 0.136300
1.988000 0.825000 0.136100
2.063000 0.825000 0.135900
2.138000 0.825000 0.135700
2.213000 0.825000 0.135500
2.288000 0.825000 0.135300
2.363000 0.825000 0.135100
2.438000 0.825000 0.134900
2.513000 0.825000 0.134700
2.588000 0.825000 0.134400
2.663000 0.825000 0.134200
2.738000 0.825000 0.134000
2.813000 0.825000 0.133800
2.888000 0.825000 0.133600
2.963000 0.825000 0.133400
3.038000 0.825000 0.133200
3.113000 0.825000 0.133100
3.188000 0.825000 0.132900
3.263000 0.825000 0.132800
3.338000 0.825000 0.132600
3.413000 0.825000 0.132500
3.488000 0.825000 0.132400
3.563000 0.825000 0.132300
3.638000 0.825000 0.132200
3.713000 0.825000 0.132200
3.788000 0.825000 0.132300
3.863000 0.825000 0.000000
-0.037500 0.975000 0.000000
0.037500 0.975000 0.149000
0.112500 0.975000 0.149000
0.187500 0.975000 0.149000
0.262500 0.975000 0.149000
0.337500 0.975000 0.148900
0.412500 0.975000 0.148900
0.487500 0.975000 0.148900
0.562500 0.975000 0.148900
0.637500 0.975000 0.148900
0.712500 0.975000 0.148800
0.787500 0.975000 0.148800
0.862500 0.975000 0.148700
0.937500 0.975000 0.148700
1.012000 0.975000 0.148600
1.087000 0.975000 0.148500
1.163000 0.975000 0.148500
1.238000 0.975000 0.148400
1.313000 0.975000 0.148300
1.388000 0.975000 0.148100
1.463000 0.975000 0.148000
1.538000 0.975000 0.147900
1.613000 0.975000 0.147700
1.688000 0.975000 0.147600
1.763000 0.975000 0.147400
1.838000 0.975000 0.147200
1.913000 0.975000 0.147000
1.988000 0.975000 0.146800
2.063000 0.975000 0.146600
2.138000 0.975000 0.146400
2.213000 0.975000 0.146100
2.288000 0.975000 0.145900
2.363000 0.975000 0.145700
2.438000 0.975000 0.145400
2.513000 0.975000 0.145200
2.588000 0.975000 0.145000
2.663000 0.975000 0.144700
2.738000 0.975000 0.144500
2.813000 0.975000 0.144300
2.888000 0.975000 0.144000
2.963000 0.975000 0.143800
3.038000 0.975000 0.143600
3.113000 0.975000 0.143500
3.188000 0.975000 0.143300
3.263000 0.975000 0.143100
3.338000 0.975000 0.143000
3.413000 0.975000 0.142800
3.488000 0.975000 0.142700
3.563000 0.975000 0.142600
3.638000 0.975000 0.142500
3.713000 0.975000 0.142500
3.788000 0.975000 0.142500
3.863000 0.975000 0.000000
-0.037500 1.125000 0.000000
0.037500 1.125000 0.157800
0.112500 1.125000 0.157800
0.187500 1.125000 0.157700
0.262500 1.125000 0.157700
0.337500 1.125000 0.157700
0.412500 1.125000 0.157700
0.487500 1.125000 0.157700
0.562500 1.125000 0.157600
0.637500 1.125000 0.157600
0.712500 1.125000 0.157600
0.787500 1.125000 0.157500
0.862500 1.125000 0.157500
0.937500 1.125000 0.157400
1.012000 1.125000 0.157400
1.087000 1.125000 0.157300
1.163000 1.125000 0.157200
1.238000 1.125000 0.157100
1.313000 1.125000 0.157000
1.388000 1.125000 0.156900
1.463000 1.125000 0.156700
1.538000 1.125000 0.156600
1.613000 1.125000 0.156400
1.688000 1.125000 0.156200
1.763000 1.125000 0.156000
1.838000 1.125000 0.155800
1.913000 1.125000 0.155600
1.988000 1.125000 0.155400
2.063000 1.125000 0.155200
2.138000 1.125000 0.154900
2.213000 1.125000 0.154700
2.288000 1.125000 0.154500
2.363000 1.125000 0.154200
2.438000 1.125000 0.153900
2.513000 1.125000 0.153700
2.588000 1.125000 0.153400
2.663000 1.125000 0.153200
2.738000 1.125000 0.152900
2.813000 1.125000 0.152700
2.888000 1.125000 0.152500
2.963000 1.125000 0.152200
3.038000 1.125000 0.152000
3.113000 1.125000 0.151800
3.188000 1.125000 0.151600
3.263000 1.125000 0.151500
3.338000 1.125000 0.151300
3.413000 1.125000 0.151200
3.488000 1.125000 0.151000
3.563000 1.125000 0.150900
3.638000 1.125000 0.150900
3.713000 1.125000 0.150800
3.788000 1.125000 0.150800
3.863000 1.125000 0.000000
-0.037500 1.275000 0.000000
0.037500 1.275000 0.171600
0.112500 1.275000 0.171500
0.187500 1.275000 0.171500
0.262500 1.275000 0.171500
0.337500 1.275000 0.171500
0.412500 1.275000 0.171400
0.487500 1.275000 0.171400
0.562500 1.275000 0.171400
0.637500 1.275000 0.171400
0.712500 1.275000 0.171300
0.787500 1.275000 0.171300
0.862500 1.275000 0.171200
0.937500 1.275000 0.171200
1.012000 1.275000 0.171100
1.087000 1.275000 0.171000
1.163000 1.275000 0.170900
1.238000 1.275000 0.170800
1.313000 1.275000 0.170700
1.388000 1.275000 0.170600
1.463000 1.275000 0.170400
1.538000 1.275000 0.170300
1.613000 1.275000 0.170100
1.688000 1.275000 0.169900
1.763000 1.275000 0.169700
1.838000 1.275000 0.169500
1.913000 1.275000 0.169300
1.988000 1.275000 0.169000
2.063000 1.275000 0.168700
2.138000 1.275000 0.168500
2.213000 1.275000 0.168200
2.288000 1.275000 0.167900
2.363000 1.275000 0.167600
2.438000 1.275000 0.167300
2.513000 1.275000 0.167000
2.588000 1.275000 0.166800
2.663000 1.275000 0.166500
2.738000 1.275000 0.166200
2.813000 1.275000 0.165900
2.888000 1.275000 0.165600
2.963000 1.275000 0.165400
3.038000 1.275000 0.165100
3.113000 1.275000 0.164900
3.188000 1.275000 0.164700
3.263000 1.275000 0.164500
3.338000 1.275000 0.164300
3.413000 1.275000 0.164200
3.488000 1.275000 0.164000
3.563000 1.275000 0.163900
3.638000 1.275000 0.163800
3.713000 1.275000 0.163800
3.788000 1.275000 0.163900
3.863000 1.275000 0.000000
-0.037500 1.425000 0.000000
0.037500 1.425000 0.185700
0.112500 1.425000 0.185600
0.187500 1.425000 0.185600
0.262500 1.425000 0.185600
0.337500 1.425000 0.185600
0.412500 1.425000 0.185600
0.487500 1.425000 0.185600
0.562500 1.425000 0.185500
0.637500 1.425000 0.185500
0.712500 1.425000 0.185500
0.787500 1.425000 0.185500
0.862500 1.425000 0.185400
0.937500 1.425000 0.185400
1.012000 1.425000 0.185300
1.087000 1.425000 0.185200
1.163000 1.425000 0.185100
1.238000 1.425000 0.185000
1.313000 1.425000 0.184900
1.388000 1.425000 0.184700
1.463000 1.425000 0.184600
1.538000 1.425000 0.184400
1.613000 1.425000 0.184200
1.688000 1.425000 0.184000
1.763000 1.425000 0.183800
1.838000 1.425000 0.183500
1.913000 1.425000 0.183300
1.988000 1.425000 0.183000
2.063000 1.425000 0.182700
2.138000 1.425000 0.182400
2.213000 1.425000 0.182100
2.288000 1.425000 0.181800
2.363000 1.425000 0.181500
2.438000 1.425000 0.181100
2.513000 1.425000 0.180800
2.588000 1.425000 0.180500
2.663000 1.425000 0.180200
2.738000 1.425000 0.179800
2.813000 1.425000 0.179500
2.888000 1.425000 0.179200
2.963000 1.425000 0.178900
3.038000 1.425000 0.178700
3.113000 1.425000 0.178400
3.188000 1.425000 0.178200
3.263000 1.425000 0.178000
3.338000 1.425000 0.177800
3.413000 1.425000 0.177600
3.488000 1.425000 0.177500
3.563000 1.425000 0.177400
3.638000 1.425000 0.177300
3.713000 1.425000 0.177300
3.788000 1.425000 0.177400
3.863000 1.425000 0.000000
-0.037500 1.575000 0.000000
0.037500 1.575000 0.193700
0.112500 1.575000 0.193700
0.187500 1.575000 0.193600
0.262500 1.575000 0.193600
0.337500 1.575000 0.193600
0.412500 1.575000 0.193600
0.487500 1.575000 0.193600
0.562500 1.575000 0.193600
0.637500 1.575000 0.193600
0.712500 1.575000 0.193600
0.787500 1.575000 0.193500
0.862500 1.575000 0.193500
0.937500 1.575000 0.193400
1.012000 1.575000 0.193400
1.087000 1.575000 0.193300
1.163000 1.575000 0.193200
1.238000 1.575000 0.193100
1.313000 1.575000 0.192900
1.388000 1.575000 0.192800
1.463000 1.575000 0.192600
1.538000 1.575000 0.192400
1.613000 1.575000 0.192200
1.688000 1.575000 0.192000
1.763000 1.575000 0.191800
1.838000 1.575000 0.191500
1.913000 1.575000 0.191300
1.988000 1.575000 0.191000
2.063000 1.575000 0.190700
2.138000 1.575000 0.190400
2.213000 1.575000 0.190000
2.288000 1.575000 0.189700
2.363000 1.575000 0.189400
2.438000 1.575000 0.189000
2.513000 1.575000 0.188700
2.588000 1.575000 0.188300
2.663000 1.575000 0.188000
2.738000 1.575000 0.187600
2.813000 1.575000 0.187300
2.888000 1.575000 0.187000
2.963000 1.575000 0.186700
3.038000 1.575000 0.186400
3.113000 1.575000 0.186100
3.188000 1.575000 0.185900
3.263000 1.575000 0.185700
3.338000 1.575000 0.185500
3.413000 1.575000 0.185300
3.488000 1.575000 0.185200
3.563000 1.575000 0.185100
3.638000 1.575000 0.185100
3.713000 1.575000 0.185100
3.788000 1.575000 0.185200
3.863000 1.575000 0.000000
-0.037500 1.725000 0.000000
0.037500 1.725000 0.196300
0.112500 1.725000 0.196300
0.187500 1.725000 0.196300
0.262500 1.725000 0.196300
0.337500 1.725000 0.196300
0.412500 1.725000 0.196300
0.487500 1.725000 0.196300
0.562500 1.725000 0.196300
0.637500 1.725000 0.196200
0.712500 1.725000 0.196200
0.787500 1.725000 0.196200
0.862500 1.725000 0.196100
0.937500 1.725000 0.196100
1.012000 1.725000 0.196000
1.087000 1.725000 0.195900
1.163000 1.725000 0.195800
1.238000 1.725000 0.195700
1.313000 1.725000 0.195600
1.388000 1.725000 0.195400
1.463000 1.725000 0.195200
1.538000 1.725000 0.195100
1.613000 1.725000 0.194900
1.688000 1.725000 0.194600
1.763000 1.725000 0.194400
1.838000 1.725000 0.194100
1.913000 1.725000 0.193900
1.988000 1.725000 0.193600
2.063000 1.725000 0.193300
2.138000 1.725000 0.192900
2.213000 1.725000 0.192600
2.288000 1.725000 0.192300
2.363000 1.725000 0.191900
2.438000 1.725000 0.191600
2.513000 1.725000 0.191200
2.588000 1.725000 0.190900
2.663000 1.725000 0.190600
2.738000 1.725000 0.190200
2.813000 1.725000 0.189900
2.888000 1.725000 0.189600
2.963000 1.725000 0.189300
3.038000 1.725000 0.189000
3.113000 1.725000 0.188700
3.188000 1.725000 0.188500
3.263000 1.725000 0.188300
3.338000 1.725000 0.188100
3.413000 1.725000 0.187900
3.488000 1.725000 0.187800
3.563000 1.725000 0.187700
3.638000 1.725000 0.187700
3.713000 1.725000 0.187700
3.788000 1.725000 0.187800
3.863000 1.725000 0.000000
-0.037500 1.875000 0.000000
0.037500 1.875000 0.194100
0.112500 1.875000 0.194100
0.187500 1.875000 0.194100
0.262500 1.875000 0.194100
0.337500 1.875000 0.194100
0.412500 1.875000 0.194100
0.487500 1.875000 0.194100
0.562500 1.875000 0.194100
0.637500 1.875000 0.194100
0.712500 1.875000 0.194000
0.787500 1.875000 0.194000
0.862500 1.875000 0.193900
0.937500 1.875000 0.193900
1.012000 1.875000 0.193800
1.087000 1.875000 0.193700
1.163000 1.875000 0.193600
1.238000 1.875000 0.193500
1.313000 1.875000 0.193400
1.388000 1.875000 0.193200
1.463000 1.875000 0.193000
1.538000 1.875000 0.192800
1.613000 1.875000 0.192600
1.688000 1.875000 0.192400
1.763000 1.875000 0.192200
1.838000 1.875000 0.191900
1.913000 1.875000 0.191700
1.988000 1.875000 0.191400
2.063000 1.875000 0.191100
2.138000 1.875000 0.190800
2.213000 1.875000 0.190500
2.288000 1.875000 0.190100
2.363000 1.875000 0.189800
2.438000 1.875000 0.189500
2.513000 1.875000 0.189200
2.588000 1.875000 0.188800
2.663000 1.875000 0.188500
2.738000 1.875000 0.188200
2.813000 1.875000 0.187900
2.888000 1.875000 0.187600
2.963000 1.875000 0.187300
3.038000 1.875000 0.187000
3.113000 1.875000 0.186800
3.188000 1.875000 0.186500
3.263000 1.875000 0.186300
3.338000 1.875000 0.186100
3.413000 1.875000 0.186000
3.488000 1.875000 0.185900
3.563000 1.875000 0.185800
3.638000 1.875000 0.185700
3.713000 1.875000 0.185700
3.788000 1.875000 0.185800
3.863000 1.875000 0.000000
-0.037500 2.025000 0.000000
0.037500 2.025000 0.188000
0.112500 2.025000 0.188000
0.187500 2.025000 0.188000
0.262500 2.025000 0.188000
0.337500 2.025000 0.188000
0.412500 2.025000 0.188000
0.487500 2.025000 0.188000
0.562500 2.025000 0.188000
0.637500 2.025000 0.187900
0.712500 2.025000 0.187900
0.787500 2.025000 0.187800
0.862500 2.025000 0.187800
0.937500 2.025000 0.187700
1.012000 2.025000 0.187600
1.087000 2.025000 0.187500
1.163000 2.025000 0.187400
1.238000 2.025000 0.187300
1.313000 2.025000 0.187200
1.388000 2.025000 0.187000
1.463000 2.025000 0.186800
1.538000 2.025000 0.186700
1.613000 2.025000 0.186500
1.688000 2.025000 0.186300
1.763000 2.025000 0.186000
1.838000 2.025000 0.185800
1.913000 2.025000 0.185500
1.988000 2.025000 0.185300
2.063000 2.025000 0.185000
2.138000 2.025000 0.184700
2.213000 2.025000 0.184400
2.288000 2.025000 0.184100
2.363000 2.025000 0.183800
2.438000 2.025000 0.183500
2.513000 2.025000 0.183200
2.588000 2.025000 0.182900
2.663000 2.025000 0.182600
2.738000 2.025000 0.182300
2.813000 2.025000 0.182000
2.888000 2.025000 0.181800
2.963000 2.025000 0.181500
3.038000 2.025000 0.181300
3.113000 2.025000 0.181000
3.188000 2.025000 0.180800
3.263000 2.025000 0.180600
3.338000 2.025000 0.180500
3.413000 2.025000 0.180300
3.488000 2.025000 0.180200
3.563000 2.025000 0.180100
3.638000 2.025000 0.180100
3.713000 2.025000 0.180100
3.788000 2.025000 0.180200
3.863000 2.025000 0.000000
-0.037500 2.175000 0.000000
0.037500 2.175000 0.178800
0.112500 2.175000 0.178800
0.187500 2.175000 0.178800
0.262500 2.175000 0.178800
0.337500 2.175000 0.178800
0.412500 2.175000 0.178800
0.487500 2.175000 0.178800
0.562500 2.175000 0.178700
0.637500 2.175000 0.178700
0.712500 2.175000 0.178600
0.787500 2.175000 0.178600
0.862500 2.175000 0.178500
0.937500 2.175000 0.178400
1.012000 2.175000 0.178400
1.087000 2.175000 0.178300
1.163000 2.175000 0.178100
1.238000 2.175000 0.178000
1.313000 2.175000 0.177900
1.388000 2.175000 0.177700
1.463000 2.175000 0.177600
1.538000 2.175000 0.177400
1.613000 2.175000 0.177200
1.688000 2.175000 0.177000
1.763000 2.175000 0.176800
1.838000 2.175000 0.176600
1.913000 2.175000 0.176400
1.988000 2.175000 0.176100
2.063000 2.175000 0.175900
2.138000 2.175000 0.175600
2.213000 2.175000 0.175400
2.288000 2.175000 0.175100
2.363000 2.175000 0.174800
2.438000 2.175000 0.174600
2.513000 2.175000 0.174300
2.588000 2.175000 0.174000
2.663000 2.175000 0.173800
2.738000 2.175000 0.173500
2.813000 2.175000 0.173300
2.888000 2.175000 0.173000
2.963000 2.175000 0.172800
3.038000 2.175000 0.172600
3.113000 2.175000 0.172400
3.188000 2.175000 0.172200
3.263000 2.175000 0.172100
3.338000 2.175000 0.171900
3.413000 2.175000 0.171800
3.488000 2.175000 0.171700
3.563000 2.175000 0.171600
3.638000 2.175000 0.171600
3.713000 2.175000 0.171600
3.788000 2.175000 0.171600
3.863000 2.175000 0.000000
-0.037500 2.325000 0.000000
0.037500 2.325000 0.171300
0.112500 2.325000 0.171300
0.187500 2.325000 0.171300
0.262500 2.325000 0.171300
0.337500 2.325000 0.171300
0.412500 2.325000 0.171300
0.487500 2.325000 0.171200
0.562500 2.325000 0.171200
0.637500 2.325000 0.171100
0.712500 2.325000 0.171100
0.787500 2.325000 0.171000
0.862500 2.325000 0.170900
0.937500 2.325000 0.170900
1.012000 2.325000 0.170800
1.087000 2.325000 0.170700
1.163000 2.325000 0.170500
1.238000 2.325000 0.170400
1.313000 2.325000 0.170300
1.388000 2.325000 0.170100
1.463000 2.325000 0.170000
1.538000 2.325000 0.169800
1.613000 2.325000 0.169600
1.688000 2.325000 0.169500
1.763000 2.325000 0.169300
1.838000 2.325000 0.169100
1.913000 2.325000 0.168900
1.988000 2.325000 0.168600
2.063000 2.325000 0.168400
2.138000 2.325000 0.168200
2.213000 2.325000 0.167900
2.288000 2.325000 0.167700
2.363000 2.325000 0.167500
2.438000 2.325000 0.167200
2.513000 2.325000 0.167000
2.588000 2.325000 0.166800
2.663000 2.325000 0.166500
2.738000 2.325000 0.166300
2.813000 2.325000 0.166100
2.888000 2.325000 0.165900
2.963000 2.325000 0.165700
3.038000 2.325000 0.165500
3.113000 2.325000 0.165300
3.188000 2.325000 0.165200
3.263000 2.325000 0.165000
3.338000 2.325000 0.164900
3.413000 2.325000 0.164800
3.488000 2.325000 0.164700
3.563000 2.325000 0.164700
3.638000 2.325000 0.164600
3.713000 2.325000 0.164600
3.788000 2.325000 0.164600
3.863000 2.325000 0.000000
-0.037500 2.475000 0.000000
0.037500 2.475000 0.167100
0.112500 2.475000 0.167100
0.187500 2.475000 0.167100
0.262500 2.475000 0.167100
0.337500 2.475000 0.167100
0.412500 2.475000 0.167000
0.487500 2.475000 0.167000
0.562500 2.475000 0.167000
0.637500 2.475000 0.166900
0.712500 2.475000 0.166800
0.787500 2.475000 0.166800
0.862500 2.475000 0.166700
0.937500 2.475000 0.166600
1.012000 2.475000 0.166500
1.087000 2.475000 0.166400
1.163000 2.475000 0.166300
1.238000 2.475000 0.166200
1.313000 2.475000 0.166000
1.388000 2.475000 0.165900
1.463000 2.475000 0.165800
1.538000 2.475000 0.165600
1.613000 2.475000 0.165400
1.688000 2.475000 0.165200
1.763000 2.475000 0.165100
1.838000 2.475000 0.164900
1.913000 2.475000 0.164700
1.988000 2.475000 0.164400
2.063000 2.475000 0.164200
2.138000 2.475000 0.164000
2.213000 2.475000 0.163800
2.288000 2.475000 0.163600
2.363000 2.475000 0.163300
2.438000 2.475000 0.163100
2.513000 2.475000 0.162900
2.588000 2.475000 0.162700
2.663000 2.475000 0.162400
2.738000 2.475000 0.162200
2.813000 2.475000 0.162000
2.888000 2.475000 0.161800
2.963000 2.475000 0.161700
3.038000 2.475000 0.161500
3.113000 2.475000 0.161300
3.188000 2.475000 0.161200
3.263000 2.475000 0.161000
3.338000 2.475000 0.160900
3.413000 2.475000 0.160800
3.488000 2.475000 0.160700
3.563000 2.475000 0.160700
3.638000 2.475000 0.160600
3.713000 2.475000 0.160600
3.788000 2.475000 0.160600
3.863000 2.475000 0.000000
-0.037500 2.625000 0.000000
0.037500 2.625000 0.162600
0.112500 2.625000 0.162600
0.187500 2.625000 0.162500
0.262500 2.625000 0.162500
0.337500 2.625000 0.162500
0.412500 2.625000 0.162500
0.487500 2.625000 0.162400
0.562500 2.625000 0.162400
0.637500 2.625000 0.162300
0.712500 2.625000 0.162300
0.787500 2.625000 0.162200
0.862500 2.625000 0.162100
0.937500 2.625000 0.162000
1.012000 2.625000 0.161900
1.087000 2.625000 0.161800
1.163000 2.625000 0.161700
1.238000 2.625000 0.161600
1.313000 2.625000 0.161500
1.388000 2.625000 0.161300
1.463000 2.625000 0.161200
1.538000 2.625000 0.161000
1.613000 2.625000 0.160900
1.688000 2.625000 0.160700
1.763000 2.625000 0.160500
1.838000 2.625000 0.160300
1.913000 2.625000 0.160100
1.988000 2.625000 0.159900
2.063000 2.625000 0.159700
2.138000 2.625000 0.159500
2.213000 2.625000 0.159300
2.288000 2.625000 0.159100
2.363000 2.625000 0.158800
2.438000 2.625000 0.158600
2.513000 2.625000 0.158400
2.588000 2.625000 0.158200
2.663000 2.625000 0.158000
2.738000 2.625000 0.157800
2.813000 2.625000 0.157600
2.888000 2.625000 0.157400
2.963000 2.625000 0.157200
3.038000 2.625000 0.157100
3.113000 2.625000 0.156900
3.188000 2.625000 0.156800
3.263000 2.625000 0.156700
3.338000 2.625000 0.156500
3.413000 2.625000 0.156400
3.488000 2.625000 0.156400
3.563000 2.625000 0.156300
3.638000 2.625000 0.156200
3.713000 2.625000 0.156200
3.788000 2.625000 0.156200
3.863000 2.625000 0.000000
-0.037500 2.775000 0.000000
0.037500 2.775000 0.157700
0.112500 2.775000 0.157700
0.187500 2.775000 0.157600
0.262500 2.775000 0.157600
0.337500 2.775000 0.157600
0.412500 2.775000 0.157600
0.487500 2.775000 0.157500
0.562500 2.775000 0.157500
0.637500 2.775000 0.157400
0.712500 2.775000 0.157400
0.787500 2.775000 0.157300
0.862500 2.775000 0.157200
0.937500 2.775000 0.157100
1.012000 2.775000 0.157100
1.087000 2.775000 0.157000
1.163000 2.775000 0.156800
1.238000 2.775000 0.156700
1.313000 2.775000 0.156600
1.388000 2.775000 0.156500
1.463000 2.775000 0.156300
1.538000 2.775000 0.156200
1.613000 2.775000 0.156000
1.688000 2.775000 0.155800
1.763000 2.775000 0.155700
1.838000 2.775000 0.155500
1.913000 2.775000 0.155300
1.988000 2.775000 0.155100
2.063000 2.775000 0.154900
2.138000 2.775000 0.154700
2.213000 2.775000 0.154500
2.288000 2.775000 0.154300
2.363000 2.775000 0.154100
2.438000 2.775000 0.153800
2.513000 2.775000 0.153600
2.588000 2.775000 0.153400
2.663000 2.775000 0.153200
2.738000 2.775000 0.153000
2.813000 2.775000 0.152900
2.888000 2.775000 0.152700
2.963000 2.775000 0.152500
3.038000 2.775000 0.152400
3.113000 2.775000 0.152200
3.188000 2.775000 0.152100
3.263000 2.775000 0.151900
3.338000 2.775000 0.151800
3.413000 2.775000 0.151700
3.488000 2.775000 0.151700
3.563000 2.775000 0.151600
3.638000 2.775000 0.151500
3.713000 2.775000 0.151500
3.788000 2.775000 0.151500
3.863000 2.775000 0.000000
-0.037500 2.925000 0.000000
0.037500 2.925000 0.147400
0.112500 2.925000 0.147400
0.187500 2.925000 0.147400
0.262500 2.925000 0.147400
0.337500 2.925000 0.147400
0.412500 2.925000 0.147400
0.487500 2.925000 0.147300
0.562500 2.925000 0.147300
0.637500 2.925000 0.147200
0.712500 2.925000 0.147200
0.787500 2.925000 0.147100
0.862500 2.925000 0.147000
0.937500 2.925000 0.147000
1.012000 2.925000 0.146900
1.087000 2.925000 0.146800
1.163000 2.925000 0.146700
1.238000 2.925000 0.146600
1.313000 2.925000 0.146500
1.388000 2.925000 0.146300
1.463000 2.925000 0.146200
1.538000 2.925000 0.146000
1.613000 2.925000 0.145900
1.688000 2.925000 0.145700
1.763000 2.925000 0.145600
1.838000 2.925000 0.145400
1.913000 2.925000 0.145200
1.988000 2.925000 0.145000
2.063000 2.925000 0.144800
2.138000 2.925000 0.144600
2.213000 2.925000 0.144400
2.288000 2.925000 0.144200
2.363000 2.925000 0.144000
2.438000 2.925000 0.143800
2.513000 2.925000 0.143600
2.588000 2.925000 0.143400
2.663000 2.925000 0.143300
2.738000 2.925000 0.143100
2.813000 2.925000 0.142900
2.888000 2.925000 0.142700
2.963000 2.925000 0.142600
3.038000 2.925000 0.142400
3.113000 2.925000 0.142300
3.188000 2.925000 0.142100
3.263000 2.925000 0.142000
3.338000 2.925000 0.141900
3.413000 2.925000 0.141800
3.488000 2.925000 0.141700
3.563000 2.925000 0.141700
3.638000 2.925000 0.141600
3.713000 2.925000 0.141600
3.788000 2.925000 0.141600
3.863000 2.925000 0.000000
-0.037500 3.075000 0.000000
0.037500 3.075000 0.131800
0.112500 3.075000 0.131800
0.187500 3.075000 0.131800
0.262500 3.075000 0.131800
0.337500 3.075000 0.131800
0.412500 3.075000 0.131700
0.487500 3.075000 0.131700
0.562500 3.075000 0.131700
0.637500 3.075000 0.131600
0.712500 3.075000 0.131600
0.787500 3.075000 0.131500
0.862500 3.075000 0.131500
0.937500 3.075000 0.131400
1.012000 3.075000 0.131300
1.087000 3.075000 0.131200
1.163000 3.075000 0.131100
1.238000 3.075000 0.131000
1.313000 3.075000 0.130900
1.388000 3.075000 0.130800
1.463000 3.075000 0.130700
1.538000 3.075000 0.130600
1.613000 3.075000 0.130400
1.688000 3.075000 0.130300
1.763000 3.075000 0.130100
1.838000 3.075000 0.130000
1.913000 3.075000 0.129800
1.988000 3.075000 0.129600
2.063000 3.075000 0.129400
2.138000 3.075000 0.129300
2.213000 3.075000 0.129100
2.288000 3.075000 0.128900
2.363000 3.075000 0.128700
2.438000 3.075000 0.128500
2.513000 3.075000 0.128400
2.588000 3.075000 0.128200
2.663000 3.075000 0.128000
2.738000 3.075000 0.127800
2.813000 3.075000 0.127700
2.888000 3.075000 0.127500
2.963000 3.075000 0.127400
3.038000 3.075000 0.127200
3.113000 3.075000 0.127100
3.188000 3.075000 0.127000
3.263000 3.075000 0.126900
3.338000 3.075000 0.126800
3.413000 3.075000 0.126700
3.488000 3.075000 0.126600
3.563000 3.075000 0.126600
3.638000 3.075000 0.126500
3.713000 3.075000 0.126500
3.788000 3.075000 0.126500
3.863000 3.075000 0.000000
-0.037500 3.225000 0.000000
0.037500 3.225000 0.116400
0.112500 3.225000 0.116400
0.187500 3.225000 0.116400
0.262500 3.225000 0.116400
0.337500 3.225000 0.116400
0.412500 3.225000 0.116400
0.487500 3.225000 0.116400
0.562500 3.225000 0.116300
0.637500 3.225000 0.116300
0.712500 3.225000 0.116200
0.787500 3.225000 0.116200
0.862500 3.225000 0.116100
0.937500 3.225000 0.116100
1.012000 3.225000 0.116000
1.087000 3.225000 0.115900
1.163000 3.225000 0.115800
1.238000 3.225000 0.115800
1.313000 3.225000 0.115700
1.388000 3.225000 0.115600
1.463000 3.225000 0.115400
1.538000 3.225000 0.115300
1.613000 3.225000 0.115200
1.688000 3.225000 0.115100
1.763000 3.225000 0.114900
1.838000 3.225000 0.114800
1.913000 3.225000 0.114600
1.988000 3.225000 0.114500
2.063000 3.225000 0.114300
2.138000 3.225000 0.114200
2.213000 3.225000 0.114000
2.288000 3.225000 0.113900
2.363000 3.225000 0.113700
2.438000 3.225000 0.113500
2.513000 3.225000 0.113400
2.588000 3.225000 0.113200
2.663000 3.225000 0.113000
2.738000 3.225000 0.112900
2.813000 3.225000 0.112700
2.888000 3.225000 0.112600
2.963000 3.225000 0.112500
3.038000 3.225000 0.112300
3.113000 3.225000 0.112200
3.188000 3.225000 0.112100
3.263000 3.225000 0.112000
3.338000 3.225000 0.111900
3.413000 3.225000 0.111800
3.488000 3.225000 0.111800
3.563000 3.225000 0.111700
3.638000 3.225000 0.111700
3.713000 3.225000 0.111600
3.788000 3.225000 0.111600
3.863000 3.225000 0.000000
-0.037500 3.375000 0.000000
0.037500 3.375000 0.101700
0.112500 3.375000 0.101700
0.187500 3.375000 0.101700
0.262500 3.375000 0.101700
0.337500 3.375000 0.101700
0.412500 3.375000 0.101700
0.487500 3.375000 0.101700
0.562500 3.375000 0.101600
0.637500 3.375000 0.101600
0.712500 3.375000 0.101600
0.787500 3.375000 0.101500
0.862500 3.375000 0.101500
0.937500 3.375000 0.101400
1.012000 3.375000 0.101400
1.087000 3.375000 0.101300
1.163000 3.375000 0.101200
1.238000 3.375000 0.101100
1.313000 3.375000 0.101100
1.388000 3.375000 0.101000
1.463000 3.375000 0.100900
1.538000 3.375000 0.100800
1.613000 3.375000 0.100700
1.688000 3.375000 0.100500
1.763000 3.375000 0.100400
1.838000 3.375000 0.100300
1.913000 3.375000 0.100200
1.988000 3.375000 0.100000
2.063000 3.375000 0.099880
2.138000 3.375000 0.099740
2.213000 3.375000 0.099600
2.288000 3.375000 0.099450
2.363000 3.375000 0.099310
2.438000 3.375000 0.099160
2.513000 3.375000 0.099020
2.588000 3.375000 0.098880
2.663000 3.375000 0.098740
2.738000 3.375000 0.098600
2.813000 3.375000 0.098470
2.888000 3.375000 0.098340
2.963000 3.375000 0.098220
3.038000 3.375000 0.098110
3.113000 3.375000 0.098010
3.188000 3.375000 0.097910
3.263000 3.375000 0.097820
3.338000 3.375000 0.097740
3.413000 3.375000 0.097670
3.488000 3.375000 0.097610
3.563000 3.375000 0.097560
3.638000 3.375000 0.097510
3.713000 3.375000 0.097480
3.788000 3.375000 0.097450
3.863000 3.375000 0.000000
-0.037500 3.525000 0.000000
0.037500 3.525000 0.088000
0.112500 3.525000 0.088000
0.187500 3.525000 0.088000
0.262500 3.525000 0.087990
0.337500 3.525000 0.087980
0.412500 3.525000 0.087960
0.487500 3.525000 0.087940
0.562500 3.525000 0.087910
0.637500 3.525000 0.087890
0.712500 3.525000 0.087850
0.787500 3.525000 0.087810
0.862500 3.525000 0.087770
0.937500 3.525000 0.087720
1.012000 3.525000 0.087670
1.087000 3.525000 0.087610
1.163000 3.525000 0.087550
1.238000 3.525000 0.087480
1.313000 3.525000 0.087410
1.388000 3.525000 0.087330
1.463000 3.525000 0.087240
1.538000 3.525000 0.087150
1.613000 3.525000 0.087050
1.688000 3.525000 0.086950
1.763000 3.525000 0.086840
1.838000 3.525000 0.086730
1.913000 3.525000 0.086620
1.988000 3.525000 0.086500
2.063000 3.525000 0.086380
2.138000 3.525000 0.086260
2.213000 3.525000 0.086130
2.288000 3.525000 0.086000
2.363000 3.525000 0.085880
2.438000 3.525000 0.085750
2.513000 3.525000 0.085620
2.588000 3.525000 0.085500
2.663000 3.525000 0.085380
2.738000 3.525000 0.085260
2.813000 3.525000 0.085140
2.888000 3.525000 0.085030
2.963000 3.525000 0.084930
3.038000 3.525000 0.084830
3.113000 3.525000 0.084740
3.188000 3.525000 0.084650
3.263000 3.525000 0.084570
3.338000 3.525000 0.084500
3.413000 3.525000 0.084440
3.488000 3.525000 0.084380
3.563000 3.525000 0.084340
3.638000 3.525000 0.084300
3.713000 3.525000 0.084260
3.788000 3.525000 0.084220
3.863000 3.525000 0.000000
-0.037500 3.675000 0.000000
0.037500 3.675000 0.075430
0.112500 3.675000 0.075440
0.187500 3.675000 0.075430
0.262500 3.675000 0.075430
0.337500 3.675000 0.075420
0.412500 3.675000 0.075400
0.487500 3.675000 0.075380
0.562500 3.675000 0.075360
0.637500 3.675000 0.075340
0.712500 3.675000 0.075310
0.787500 3.675000 0.075270
0.862500 3.675000 0.075240
0.937500 3.675000 0.075190
1.012000 3.675000 0.075150
1.087000 3.675000 0.075100
1.163000 3.675000 0.075040
1.238000 3.675000 0.074980
1.313000 3.675000 0.074920
1.388000 3.675000 0.074850
1.463000 3.675000 0.074780
1.538000 3.675000 0.074700
1.613000 3.675000 0.074610
1.688000 3.675000 0.074530
1.763000 3.675000 0.074430
1.838000 3.675000 0.074340
1.913000 3.675000 0.074240
1.988000 3.675000 0.074140
2.063000 3.675000 0.074030
2.138000 3.675000 0.073930
2.213000 3.675000 0.073820
2.288000 3.675000 0.073710
2.363000 3.675000 0.073600
2.438000 3.675000 0.073490
2.513000 3.675000 0.073380
2.588000 3.675000 0.073270
2.663000 3.675000 0.073170
2.738000 3.675000 0.073060
2.813000 3.675000 0.072960
2.888000 3.675000 0.072870
2.963000 3.675000 0.072780
3.038000 3.675000 0.072690
3.113000 3.675000 0.072610
3.188000 3.675000 0.072540
3.263000 3.675000 0.072470
3.338000 3.675000 0.072400
3.413000 3.675000 0.072350
3.488000 3.675000 0.072300
3.563000 3.675000 0.072260
3.638000 3.675000 0.072220
3.713000 3.675000 0.072180
3.788000 3.675000 0.072140
3.863000 3.675000 0.000000
-0.037500 3.825000 0.000000
0.037500 3.825000 0.064170
0.112500 3.825000 0.064170
0.187500 3.825000 0.064170
0.262500 3.825000 0.064160
0.337500 3.825000 0.064150
0.412500 3.825000 0.064140
0.487500 3.825000 0.064120
0.562500 3.825000 0.064100
0.637500 3.825000 0.064080
0.712500 3.825000 0.064060
0.787500 3.825000 0.064030
0.862500 3.825000 0.064000
0.937500 3.825000 0.063960
1.012000 3.825000 0.063920
1.087000 3.825000 0.063880
1.163000 3.825000 0.063830
1.238000 3.825000 0.063780
1.313000 3.825000 0.063720
1.388000 3.825000 0.063660
1.463000 3.825000 0.063600
1.538000 3.825000 0.063530
1.613000 3.825000 0.063460
1.688000 3.825000 0.063390
1.763000 3.825000 0.063310
1.838000 3.825000 0.063230
1.913000 3.825000 0.063140
1.988000 3.825000 0.063050
2.063000 3.825000 0.062960
2.138000 3.825000 0.062870
2.213000 3.825000 0.062780
2.288000 3.825000 0.062680
2.363000 3.825000 0.062590
2.438000 3.825000 0.062500
2.513000 3.825000 0.062400
2.588000 3.825000 0.062310
2.663000 3.825000 0.062220
2.738000 3.825000 0.062130
2.813000 3.825000 0.062050
2.888000 3.825000 0.061970
2.963000 3.825000 0.061890
3.038000 3.825000 0.061810
3.113000 3.825000 0.061740
3.188000 3.825000 0.061680
3.263000 3.825000 0.061620
3.338000 3.825000 0.061570
3.413000 3.825000 0.061520
3.488000 3.825000 0.061470
3.563000 3.825000 0.061430
3.638000 3.825000 0.061400
3.713000 3.825000 0.061370
3.788000 3.825000 0.061320
3.863000 3.825000 0.000000
-0.037500 3.975000 0.000000
0.037500 3.975000 0.054270
0.112500 3.975000 0.054270
0.187500 3.975000 0.054270
0.262500 3.975000 0.054260
0.337500 3.975000 0.054250
0.412500 3.975000 0.054240
0.487500 3.975000 0.054230
0.562500 3.975000 0.054210
0.637500 3.975000 0.054190
0.712500 3.975000 0.054170
0.787500 3.975000 0.054140
0.862500 3.975000 0.054120
0.937500 3.975000 0.054090
1.012000 3.975000 0.054050
1.087000 3.975000 0.054010
1.163000 3.975000 0.053970
1.238000 3.975000 0.053930
1.313000 3.975000 0.053880
1.388000 3.975000 0.053830
1.463000 3.975000 0.053780
1.538000 3.975000 0.053720
1.613000 3.975000 0.053660
1.688000 3.975000 0.053600
1.763000 3.975000 0.053530
1.838000 3.975000 0.053460
1.913000 3.975000 0.053390
1.988000 3.975000 0.053310
2.063000 3.975000 0.053240
2.138000 3.975000 0.053160
2.213000 3.975000 0.053080
2.288000 3.975000 0.053000
2.363000 3.975000 0.052920
2.438000 3.975000 0.052840
2.513000 3.975000 0.052760
2.588000 3.975000 0.052680
2.663000 3.975000 0.052600
2.738000 3.975000 0.052530
2.813000 3.975000 0.052460
2.888000 3.975000 0.052390
2.963000 3.975000 0.052320
3.038000 3.975000 0.052260
3.113000 3.975000 0.052200
3.188000 3.975000 0.052140
3.263000 3.975000 0.052090
3.338000 3.975000 0.052050
3.413000 3.975000 0.052000
3.488000 3.975000 0.051960
3.563000 3.975000 0.051930
3.638000 3.975000 0.051900
3.713000 3.975000 0.051870
3.788000 3.975000 0.051820
3.863000 3.975000 0.000000
-0.037500 4.125000 0.000000
0.037500 4.125000 0.045740
0.112500 4.125000 0.045740
0.187500 4.125000 0.045740
0.262500 4.125000 0.045730
0.337500 4.125000 0.045720
0.412500 4.125000 0.045710
0.487500 4.125000 0.045700
0.562500 4.125000 0.045690
0.637500 4.125000 0.045670
0.712500 4.125000 0.045650
0.787500 4.125000 0.045630
0.862500 4.125000 0.045610
0.937500 4.125000 0.045580
1.012000 4.125000 0.045550
1.087000 4.125000 0.045520
1.163000 4.125000 0.045490
1.238000 4.125000 0.045450
1.313000 4.125000 0.045410
1.388000 4.125000 0.045370
1.463000 4.125000 0.045320
1.538000 4.125000 0.045270
1.613000 4.125000 0.045220
1.688000 4.125000 0.045170
1.763000 4.125000 0.045110
1.838000 4.125000 0.045050
1.913000 4.125000 0.044990
1.988000 4.125000 0.044930
2.063000 4.125000 0.044860
2.138000 4.125000 0.044800
2.213000 4.125000 0.044730
2.288000 4.125000 0.044660
2.363000 4.125000 0.044590
2.438000 4.125000 0.044530
2.513000 4.125000 0.044460
2.588000 4.125000 0.044390
2.663000 4.125000 0.044330
2.738000 4.125000 0.044260
2.813000 4.125000 0.044200
2.888000 4.125000 0.044140
2.963000 4.125000 0.044090
3.038000 4.125000 0.044030
3.113000 4.125000 0.043980
3.188000 4.125000 0.043940
3.263000 4.125000 0.043890
3.338000 4.125000 0.043850
3.413000 4.125000 0.043820
3.488000 4.125000 0.043780
3.563000 4.125000 0.043750
3.638000 4.125000 0.043720
3.713000 4.125000 0.043690
3.788000 4.125000 0.043650
3.863000 4.125000 0.000000
-0.037500 4.275000 0.000000
0.037500 4.275000 0.038570
0.112500 4.275000 0.038570
0.187500 4.275000 0.038570
0.262500 4.275000 0.038560
0.337500 4.275000 0.038550
0.412500 4.275000 0.038550
0.487500 4.275000 0.038530
0.562500 4.275000 0.038520
0.637500 4.275000 0.038510
0.712500 4.275000 0.038490
0.787500 4.275000 0.038470
0.862500 4.275000 0.038450
0.937500 4.275000 0.038430
1.012000 4.275000 0.038410
1.087000 4.275000 0.038380
1.163000 4.275000 0.038350
1.238000 4.275000 0.038320
1.313000 4.275000 0.038280
1.388000 4.275000 0.038250
1.463000 4.275000 0.038210
1.538000 4.275000 0.038170
1.613000 4.275000 0.038120
1.688000 4.275000 0.038080
1.763000 4.275000 0.038030
1.838000 4.275000 0.037980
1.913000 4.275000 0.037930
1.988000 4.275000 0.037870
2.063000 4.275000 0.037820
2.138000 4.275000 0.037760
2.213000 4.275000 0.037710
2.288000 4.275000 0.037650
2.363000 4.275000 0.037590
2.438000 4.275000 0.037540
2.513000 4.275000 0.037480
2.588000 4.275000 0.037420
2.663000 4.275000 0.037370
2.738000 4.275000 0.037320
2.813000 4.275000 0.037260
2.888000 4.275000 0.037210
2.963000 4.275000 0.037170
3.038000 4.275000 0.037120
3.113000 4.275000 0.037080
3.188000 4.275000 0.037040
3.263000 4.275000 0.037000
3.338000 4.275000 0.036970
3.413000 4.275000 0.036930
3.488000 4.275000 0.036900
3.563000 4.275000 0.036880
3.638000 4.275000 0.036850
3.713000 4.275000 0.036830
3.788000 4.275000 0.036780
3.863000 4.275000 0.000000
-0.037500 4.425000 0.000000
0.037500 4.425000 0.032700
0.112500 4.425000 0.032700
0.187500 4.425000 0.032700
0.262500 4.425000 0.032700
0.337500 4.425000 0.032690
0.412500 4.425000 0.032690
0.487500 4.425000 0.032680
0.562500 4.425000 0.032670
0.637500 4.425000 0.032650
0.712500 4.425000 0.032640
0.787500 4.425000 0.032620
0.862500 4.425000 0.032610
0.937500 4.425000 0.032590
1.012000 4.425000 0.032570
1.087000 4.425000 0.032540
1.163000 4.425000 0.032520
1.238000 4.425000 0.032490
1.313000 4.425000 0.032460
1.388000 4.425000 0.032430
1.463000 4.425000 0.032400
1.538000 4.425000 0.032360
1.613000 4.425000 0.032320
1.688000 4.425000 0.032280
1.763000 4.425000 0.032240
1.838000 4.425000 0.032200
1.913000 4.425000 0.032160
1.988000 4.425000 0.032110
2.063000 4.425000 0.032060
2.138000 4.425000 0.032020
2.213000 4.425000 0.031970
2.288000 4.425000 0.031920
2.363000 4.425000 0.031870
2.438000 4.425000 0.031820
2.513000 4.425000 0.031780
2.588000 4.425000 0.031730
2.663000 4.425000 0.031680
2.738000 4.425000 0.031640
2.813000 4.425000 0.031590
2.888000 4.425000 0.031550
2.963000 4.425000 0.031510
3.038000 4.425000 0.031470
3.113000 4.425000 0.031430
3.188000 4.425000 0.031400
3.263000 4.425000 0.031370
3.338000 4.425000 0.031340
3.413000 4.425000 0.031310
3.488000 4.425000 0.031290
3.563000 4.425000 0.031260
3.638000 4.425000 0.031240
3.713000 4.425000 0.031210
3.788000 4.425000 0.031180
3.863000 4.425000 0.000000
-0.037500 4.575000 0.000000
0.037500 4.575000 0.028100
0.112500 4.575000 0.028100
0.187500 4.575000 0.028100
0.262500 4.575000 0.028090
0.337500 4.575000 0.028090
0.412500 4.575000 0.028080
0.487500 4.575000 0.028070
0.562500 4.575000 0.028060
0.637500 4.575000 0.028050
0.712500 4.575000 0.028040
0.787500 4.575000 0.028030
0.862500 4.575000 0.028010
0.937500 4.575000 0.027990
1.012000 4.575000 0.027980
1.087000 4.575000 0.027960
1.163000 4.575000 0.027930
1.238000 4.575000 0.027910
1.313000 4.575000 0.027890
1.388000 4.575000 0.027860
1.463000 4.575000 0.027830
1.538000 4.575000 0.027800
1.613000 4.575000 0.027770
1.688000 4.575000 0.027730
1.763000 4.575000 0.027700
1.838000 4.575000 0.027660
1.913000 4.575000 0.027620
1.988000 4.575000 0.027580
2.063000 4.575000 0.027540
2.138000 4.575000 0.027500
2.213000 4.575000 0.027460
2.288000 4.575000 0.027420
2.363000 4.575000 0.027380
2.438000 4.575000 0.027340
2.513000 4.575000 0.027300
2.588000 4.575000 0.027260
2.663000 4.575000 0.027220
2.738000 4.575000 0.027180
2.813000 4.575000 0.027140
2.888000 4.575000 0.027100
2.963000 4.575000 0.027070
3.038000 4.575000 0.027030
3.113000 4.575000 0.027000
3.188000 4.575000 0.026970
3.263000 4.575000 0.026940
3.338000 4.575000 0.026920
3.413000 4.575000 0.026890
3.488000 4.575000 0.026870
3.563000 4.575000 0.026850
3.638000 4.575000 0.026830
3.713000 4.575000 0.026810
3.788000 4.575000 0.026770
3.863000 4.575000 0.000000
-0.037500 4.725000 0.000000
0.037500 4.725000 0.024690
0.112500 4.725000 0.024690
0.187500 4.725000 0.024690
0.262500 4.725000 0.024690
0.337500 4.725000 0.024680
0.412500 4.725000 0.024670
0.487500 4.725000 0.024670
0.562500 4.725000 0.024660
0.637500 4.725000 0.024650
0.712500 4.725000 0.024640
0.787500 4.725000 0.024630
0.862500 4.725000 0.024610
0.937500 4.725000 0.024600
1.012000 4.725000 0.024580
1.087000 4.725000 0.024560
1.163000 4.725000 0.024540
1.238000 4.725000 0.024520
1.313000 4.725000 0.024500
1.388000 4.725000 0.024480
1.463000 4.725000 0.024450
1.538000 4.725000 0.024420
1.613000 4.725000 0.024390
1.688000 4.725000 0.024360
1.763000 4.725000 0.024330
1.838000 4.725000 0.024300
1.913000 4.725000 0.024270
1.988000 4.725000 0.024230
2.063000 4.725000 0.024200
2.138000 4.725000 0.024160
2.213000 4.725000 0.024130
2.288000 4.725000 0.024090
2.363000 4.725000 0.024050
2.438000 4.725000 0.024020
2.513000 4.725000 0.023980
2.588000 4.725000 0.023940
2.663000 4.725000 0.023910
2.738000 4.725000 0.023880
2.813000 4.725000 0.023840
2.888000 4.725000 0.023810
2.963000 4.725000 0.023780
3.038000 4.725000 0.023750
3.113000 4.725000 0.023720
3.188000 4.725000 0.023700
3.263000 4.725000 0.023670
3.338000 4.725000 0.023650
3.413000 4.725000 0.023630
3.488000 4.725000 0.023610
3.563000 4.725000 0.023590
3.638000 4.725000 0.023570
3.713000 4.725000 0.023550
3.788000 4.725000 0.023510
3.863000 4.725000 0.000000
-0.037500 4.875000 0.000000
0.037500 4.875000 0.022420
0.112500 4.875000 0.022420
0.187500 4.875000 0.022430
0.262500 4.875000 0.022430
0.337500 4.875000 0.022420
0.412500 4.875000 0.022420
0.487500 4.875000 0.022410
0.562500 4.875000 0.022400
0.637500 4.875000 0.022400
0.712500 4.875000 0.022390
0.787500 4.875000 0.022380
0.862500 4.875000 0.022360
0.937500 4.875000 0.022350
1.012000 4.875000 0.022330
1.087000 4.875000 0.022320
1.163000 4.875000 0.022300
1.238000 4.875000 0.022280
1.313000 4.875000 0.022260
1.388000 4.875000 0.022240
1.463000 4.875000 0.022210
1.538000 4.875000 0.022190
1.613000 4.875000 0.022160
1.688000 4.875000 0.022140
1.763000 4.875000 0.022110
1.838000 4.875000 0.022080
1.913000 4.875000 0.022050
1.988000 4.875000 0.022020
2.063000 4.875000 0.021990
2.138000 4.875000 0.021950
2.213000 4.875000 0.021920
2.288000 4.875000 0.021890
2.363000 4.875000 0.021850
2.438000 4.875000 0.021820
2.513000 4.875000 0.021790
2.588000 4.875000 0.021760
2.663000 4.875000 0.021720
2.738000 4.875000 0.021690
2.813000 4.875000 0.021660
2.888000 4.875000 0.021630
2.963000 4.875000 0.021610
3.038000 4.875000 0.021580
3.113000 4.875000 0.021550
3.188000 4.875000 0.021530
3.263000 4.875000 0.021510
3.338000 4.875000 0.021490
3.413000 4.875000 0.021470
3.488000 4.875000 0.021450
3.563000 4.875000 0.021430
3.638000 4.875000 0.021410
3.713000 4.875000 0.021390
3.788000 4.875000 0.021360
3.863000 4.875000 0.000000
-0.037500 5.025000 0.000000
0.037500 5.025000 0.021240
0.112500 5.025000 0.021240
0.187500 5.025000 0.021230
0.262500 5.025000 0.021220
0.337500 5.025000 0.021210
0.412500 5.025000 0.021200
0.487500 5.025000 0.021200
0.562500 5.025000 0.021190
0.637500 5.025000 0.021180
0.712500 5.025000 0.021170
0.787500 5.025000 0.021160
0.862500 5.025000 0.021140
0.937500 5.025000 0.021130
1.012000 5.025000 0.021120
1.087000 5.025000 0.021100
1.163000 5.025000 0.021080
1.238000 5.025000 0.021060
1.313000 5.025000 0.021040
1.388000 5.025000 0.021020
1.463000 5.025000 0.021000
1.538000 5.025000 0.020980
1.613000 5.025000 0.020950
1.688000 5.025000 0.020930
1.763000 5.025000 0.020900
1.838000 5.025000 0.020870
1.913000 5.025000 0.020840
1.988000 5.025000 0.020810
2.063000 5.025000 0.020780
2.138000 5.025000 0.020750
2.213000 5.025000 0.020720
2.288000 5.025000 0.020690
2.363000 5.025000 0.020660
2.438000 5.025000 0.020630
2.513000 5.025000 0.020600
2.588000 5.025000 0.020560
2.663000 5.025000 0.020530
2.738000 5.025000 0.020500
2.813000 5.025000 0.020480
2.888000 5.025000 0.020450
2.963000 5.025000 0.020420
3.038000 5.025000 0.020400
3.113000 5.025000 0.020370
3.188000 5.025000 0.020350
3.263000 5.025000 0.020330
3.338000 5.025000 0.020310
3.413000 5.025000 0.020290
3.488000 5.025000 0.020270
3.563000 5.025000 0.020250
3.638000 5.025000 0.020240
3.713000 5.025000 0.020210
3.788000 5.025000 0.020180
3.863000 5.025000 0.000000
-0.037500 5.175000 0.000000
0.037500 5.175000 0.000000
0.112500 5.175000 0.000000
0.187500 5.175000 0.000000
0.262500 5.175000 0.000000
0.337500 5.175000 0.000000
0.412500 5.175000 0.000000
0.487500 5.175000 0.000000
0.562500 5.175000 0.000000
0.637500 5.175000 0.000000
0.712500 5.175000 0.000000
0.787500 5.175000 0.000000
0.862500 5.175000 0.000000
0.937500 5.175000 0.000000
1.012000 5.175000 0.000000
1.087000 5.175000 0.000000
1.163000 5.175000 0.000000
1.238000 5.175000 0.000000
1.313000 5.175000 0.000000
1.388000 5.175000 0.000000
1.463000 5.175000 0.000000
1.538000 5.175000 0.000000
1.613000 5.175000 0.000000
1.688000 5.175000 0.000000
1.763000 5.175000 0.000000
1.838000 5.175000 0.000000
1.913000 5.175000 0.000000
1.988000 5.175000 0.000000
2.063000 5.175000 0.000000
2.138000 5.175000 0.000000
2.213000 5.175000 0.000000
2.288000 5.175000 0.000000
2.363000 5.175000 0.000000
2.438000 5.175000 0.000000
2.513000 5.175000 0.000000
2.588000 5.175000 0.000000
2.663000 5.175000 0.000000
2.738000 5.175000 0.000000
2.813000 5.175000 0.000000
2.888000 5.175000 0.000000
2.963000 5.175000 0.000000
3.038000 5.175000 0.000000
3.113000 5.175000 0.000000
3.188000 5.175000 0.000000
3.263000 5.175000 0.000000
3.338000 5.175000 0.000000
3.413000 5.175000 0.000000
3.488000 5.175000 0.000000
3.563000 5.175000 0.000000
3.638000 5.175000 0.000000
3.713000 5.175000 0.000000
3.788000 5.175000 0.000000
3.863000 5.175000 0.000000
