-0.037500 -0.075000 0.000000
0.037500 -0.075000 0.000000
0.112500 -0.075000 0.000000
0.187500 -0.075000 0.000000
0.262500 -0.075000 0.000000
0.337500 -0.075000 0.000000
0.412500 -0.075000 0.000000
0.487500 -0.075000 0.000000
0.562500 -0.075000 0.000000
0.637500 -0.075000 0.000000
0.712500 -0.075000 0.000000
0.787500 -0.075000 0.000000
0.862500 -0.075000 0.000000
0.937500 -0.075000 0.000000
1.012000 -0.075000 0.000000
1.087000 -0.075000 0.000000
1.163000 -0.075000 0.000000
1.238000 -0.075000 0.000000
1.313000 -0.075000 0.000000
1.388000 -0.075000 0.000000
1.463000 -0.075000 0.000000
1.538000 -0.075000 0.000000
1.613000 -0.075000 0.000000
1.688000 -0.075000 0.000000
1.763000 -0.075000 0.000000
1.838000 -0.075000 0.000000
1.913000 -0.075000 0.000000
1.988000 -0.075000 0.000000
2.063000 -0.075000 0.000000
2.138000 -0.075000 0.000000
2.213000 -0.075000 0.000000
2.288000 -0.075000 0.000000
2.363000 -0.075000 0.000000
2.438000 -0.075000 0.000000
2.513000 -0.075000 0.000000
2.588000 -0.075000 0.000000
2.663000 -0.075000 0.000000
2.738000 -0.075000 0.000000
2.813000 -0.075000 0.000000
2.888000 -0.075000 0.000000
2.963000 -0.075000 0.000000
3.038000 -0.075000 0.000000
3.113000 -0.075000 0.000000
3.188000 -0.075000 0.000000
3.263000 -0.075000 0.000000
3.338000 -0.075000 0.000000
3.413000 -0.075000 0.000000
3.488000 -0.075000 0.000000
3.563000 -0.075000 0.000000
3.638000 -0.075000 0.000000
3.713000 -0.075000 0.000000
3.788000 -0.075000 0.000000
3.863000 -0.075000 0.000000
-0.037500 0.075000 0.000000
0.037500 0.075000 0.007800
0.112500 0.075000 0.015600
0.187500 0.075000 0.023400
0.262500 0.075000 0.031190
0.337500 0.075000 0.038990
0.412500 0.075000 0.046770
0.487500 0.075000 0.054550
0.562500 0.075000 0.062310
0.637500 0.075000 0.070050
0.712500 0.075000 0.077740
0.787500 0.075000 0.085390
0.862500 0.075000 0.092950
0.937500 0.075000 0.100400
1.012000 0.075000 0.107700
1.087000 0.075000 0.114900
1.163000 0.075000 0.121900
1.238000 0.075000 0.128500
1.313000 0.075000 0.134800
1.388000 0.075000 0.140800
1.463000 0.075000 0.146200
1.538000 0.075000 0.151000
1.613000 0.075000 0.155200
1.688000 0.075000 0.158600
1.763000 0.075000 0.161200
1.838000 0.075000 0.162900
1.913000 0.075000 0.163800
1.988000 0.075000 0.163700
2.063000 0.075000 0.162800
2.138000 0.075000 0.161000
2.213000 0.075000 0.158600
2.288000 0.075000 0.155500
2.363000 0.075000 0.151900
2.438000 0.075000 0.147900
2.513000 0.075000 0.143600
2.588000 0.075000 0.139200
2.663000 0.075000 0.134600
2.738000 0.075000 0.129900
2.813000 0.075000 0.125300
2.888000 0.075000 0.120800
2.963000 0.075000 0.116300
3.038000 0.075000 0.111900
3.113000 0.075000 0.107700
3.188000 0.075000 0.103700
3.263000 0.075000 0.099750
3.338000 0.075000 0.096000
3.413000 0.075000 0.092410
3.488000 0.075000 0.088980
3.563000 0.075000 0.085700
3.638000 0.075000 0.082570
3.713000 0.075000 0.079590
3.788000 0.075000 0.076750
3.863000 0.075000 0.000000
-0.037500 0.225000 0.000000
0.037500 0.225000 0.007800
0.112500 0.225000 0.015600
0.187500 0.225000 0.023400
0.262500 0.225000 0.031190
0.337500 0.225000 0.038990
0.412500 0.225000 0.046770
0.487500 0.225000 0.054550
0.562500 0.225000 0.062310
0.637500 0.225000 0.070050
0.712500 0.225000 0.077740
0.787500 0.225000 0.085390
0.862500 0.225000 0.092950
0.937500 0.225000 0.100400
1.012000 0.225000 0.107700
1.087000 0.225000 0.114900
1.163000 0.225000 0.121900
1.238000 0.225000 0.128500
1.313000 0.225000 0.134800
1.388000 0.225000 0.140800
1.463000 0.225000 0.146200
1.538000 0.225000 0.151000
1.613000 0.225000 0.155200
1.688000 0.225000 0.158600
1.763000 0.225000 0.161200
1.838000 0.225000 0.162900
1.913000 0.225000 0.163800
1.988000 0.225000 0.163700
2.063000 0.225000 0.162800
2.138000 0.225000 0.161000
2.213000 0.225000 0.158600
2.288000 0.225000 0.155500
2.363000 0.225000 0.151900
2.438000 0.225000 0.147900
2.513000 0.225000 0.143600
2.588000 0.225000 0.139200
2.663000 0.225000 0.134600
2.738000 0.225000 0.129900
2.813000 0.225000 0.125300
2.888000 0.225000 0.120800
2.963000 0.225000 0.116300
3.038000 0.225000 0.111900
3.113000 0.225000 0.107700
3.188000 0.225000 0.103700
3.263000 0.225000 0.099750
3.338000 0.225000 0.096000
3.413000 0.225000 0.092410
3.488000 0.225000 0.088980
3.563000 0.225000 0.085700
3.638000 0.225000 0.082570
3.713000 0.225000 0.079590
3.788000 0.225000 0.076750
3.863000 0.225000 0.000000
-0.037500 0.375000 0.000000
0.037500 0.375000 0.165600
0.112500 0.375000 0.167900
0.187500 0.375000 0.171600
0.262500 0.375000 0.176300
0.337500 0.375000 0.181700
0.412500 0.375000 0.187500
0.487500 0.375000 0.193700
0.562500 0.375000 0.200200
0.637500 0.375000 0.206900
0.712500 0.375000 0.213700
0.787500 0.375000 0.220500
0.862500 0.375000 0.227300
0.937500 0.375000 0.234100
1.012000 0.375000 0.240700
1.087000 0.375000 0.247200
1.163000 0.375000 0.253500
1.238000 0.375000 0.259400
1.313000 0.375000 0.265000
1.388000 0.375000 0.270100
1.463000 0.375000 0.274700
1.538000 0.375000 0.278800
1.613000 0.375000 0.282200
1.688000 0.375000 0.284900
1.763000 0.375000 0.286800
1.838000 0.375000 0.288000
1.913000 0.375000 0.288400
1.988000 0.375000 0.288000
2.063000 0.375000 0.286900
2.138000 0.375000 0.285000
2.213000 0.375000 0.282500
2.288000 0.375000 0.279400
2.363000 0.375000 0.275900
2.438000 0.375000 0.271900
2.513000 0.375000 0.267600
2.588000 0.375000 0.263100
2.663000 0.375000 0.258400
2.738000 0.375000 0.253700
2.813000 0.375000 0.248900
2.888000 0.375000 0.244100
2.963000 0.375000 0.239400
3.038000 0.375000 0.234800
3.113000 0.375000 0.230400
3.188000 0.375000 0.226200
3.263000 0.375000 0.222200
3.338000 0.375000 0.218400
3.413000 0.375000 0.214900
3.488000 0.375000 0.211700
3.563000 0.375000 0.208800
3.638000 0.375000 0.206400
3.713000 0.375000 0.204600
3.788000 0.375000 0.203500
3.863000 0.375000 0.000000
-0.037500 0.525000 0.000000
0.037500 0.525000 0.294700
0.112500 0.525000 0.295700
0.187500 0.525000 0.297700
0.262500 0.525000 0.300500
0.337500 0.525000 0.303900
0.412500 0.525000 0.307900
0.487500 0.525000 0.312300
0.562500 0.525000 0.317000
0.637500 0.525000 0.321900
0.712500 0.525000 0.327000
0.787500 0.525000 0.332300
0.862500 0.525000 0.337500
0.937500 0.525000 0.342800
1.012000 0.525000 0.348000
1.087000 0.525000 0.353000
1.163000 0.525000 0.357800
1.238000 0.525000 0.362300
1.313000 0.525000 0.366600
1.388000 0.525000 0.370400
1.463000 0.525000 0.373800
1.538000 0.525000 0.376700
1.613000 0.525000 0.379000
1.688000 0.525000 0.380800
1.763000 0.525000 0.382000
1.838000 0.525000 0.382600
1.913000 0.525000 0.382500
1.988000 0.525000 0.381800
2.063000 0.525000 0.380500
2.138000 0.525000 0.378700
2.213000 0.525000 0.376400
2.288000 0.525000 0.373500
2.363000 0.525000 0.370300
2.438000 0.525000 0.366700
2.513000 0.525000 0.362900
2.588000 0.525000 0.358800
2.663000 0.525000 0.354500
2.738000 0.525000 0.350200
2.813000 0.525000 0.345800
2.888000 0.525000 0.341500
2.963000 0.525000 0.337200
3.038000 0.525000 0.333000
3.113000 0.525000 0.329000
3.188000 0.525000 0.325200
3.263000 0.525000 0.321600
3.338000 0.525000 0.318300
3.413000 0.525000 0.315300
3.488000 0.525000 0.312700
3.563000 0.525000 0.310500
3.638000 0.525000 0.308700
3.713000 0.525000 0.307500
3.788000 0.525000 0.306800
3.863000 0.525000 0.000000
-0.037500 0.675000 0.000000
0.037500 0.675000 0.365000
0.112500 0.675000 0.365600
0.187500 0.675000 0.366800
0.262500 0.675000 0.368600
0.337500 0.675000 0.370800
0.412500 0.675000 0.373400
0.487500 0.675000 0.376500
0.562500 0.675000 0.379800
0.637500 0.675000 0.383300
0.712500 0.675000 0.387100
0.787500 0.675000 0.390900
0.862500 0.675000 0.394800
0.937500 0.675000 0.398800
1.012000 0.675000 0.402600
1.087000 0.675000 0.406300
1.163000 0.675000 0.409900
1.238000 0.675000 0.413200
1.313000 0.675000 0.416300
1.388000 0.675000 0.419000
1.463000 0.675000 0.421400
1.538000 0.675000 0.423400
1.613000 0.675000 0.424900
1.688000 0.675000 0.426000
1.763000 0.675000 0.426600
1.838000 0.675000 0.426800
1.913000 0.675000 0.426400
1.988000 0.675000 0.425600
2.063000 0.675000 0.424300
2.138000 0.675000 0.422500
2.213000 0.675000 0.420400
2.288000 0.675000 0.417900
2.363000 0.675000 0.415000
2.438000 0.675000 0.411900
2.513000 0.675000 0.408500
2.588000 0.675000 0.405000
2.663000 0.675000 0.401300
2.738000 0.675000 0.397500
2.813000 0.675000 0.393700
2.888000 0.675000 0.389900
2.963000 0.675000 0.386200
3.038000 0.675000 0.382500
3.113000 0.675000 0.379100
3.188000 0.675000 0.375800
3.263000 0.675000 0.372700
3.338000 0.675000 0.370000
3.413000 0.675000 0.367500
3.488000 0.675000 0.365400
3.563000 0.675000 0.363600
3.638000 0.675000 0.362300
3.713000 0.675000 0.361400
3.788000 0.675000 0.360900
3.863000 0.675000 0.000000
-0.037500 0.825000 0.000000
0.037500 0.825000 0.389700
0.112500 0.825000 0.390200
0.187500 0.825000 0.391200
0.262500 0.825000 0.392600
0.337500 0.825000 0.394500
0.412500 0.825000 0.396700
0.487500 0.825000 0.399300
0.562500 0.825000 0.402100
0.637500 0.825000 0.405100
0.712500 0.825000 0.408300
0.787500 0.825000 0.411700
0.862500 0.825000 0.415000
0.937500 0.825000 0.418400
1.012000 0.825000 0.421800
1.087000 0.825000 0.425000
1.163000 0.825000 0.428100
1.238000 0.825000 0.430900
1.313000 0.825000 0.433600
1.388000 0.825000 0.435900
1.463000 0.825000 0.437900
1.538000 0.825000 0.439500
1.613000 0.825000 0.440700
1.688000 0.825000 0.441600
1.763000 0.825000 0.442000
1.838000 0.825000 0.441900
1.913000 0.825000 0.441500
1.988000 0.825000 0.440600
2.063000 0.825000 0.439300
2.138000 0.825000 0.437600
2.213000 0.825000 0.435500
2.288000 0.825000 0.433100
2.363000 0.825000 0.430400
2.438000 0.825000 0.427400
2.513000 0.825000 0.424200
2.588000 0.825000 0.420900
2.663000 0.825000 0.417400
2.738000 0.825000 0.413900
2.813000 0.825000 0.410300
2.888000 0.825000 0.406700
2.963000 0.825000 0.403200
3.038000 0.825000 0.399800
3.113000 0.825000 0.396600
3.188000 0.825000 0.393500
3.263000 0.825000 0.390700
3.338000 0.825000 0.388200
3.413000 0.825000 0.385900
3.488000 0.825000 0.383900
3.563000 0.825000 0.382400
3.638000 0.825000 0.381100
3.713000 0.825000 0.380300
3.788000 0.825000 0.379900
3.863000 0.825000 0.000000
-0.037500 0.975000 0.000000
0.037500 0.975000 0.404900
0.112500 0.975000 0.405400
0.187500 0.975000 0.406200
0.262500 0.975000 0.407400
0.337500 0.975000 0.409000
0.412500 0.975000 0.411000
0.487500 0.975000 0.413200
0.562500 0.975000 0.415700
0.637500 0.975000 0.418400
0.712500 0.975000 0.421200
0.787500 0.975000 0.424200
0.862500 0.975000 0.427200
0.937500 0.975000 0.430200
1.012000 0.975000 0.433100
1.087000 0.975000 0.436000
1.163000 0.975000 0.438700
1.238000 0.975000 0.441300
1.313000 0.975000 0.443500
1.388000 0.975000 0.445600
1.463000 0.975000 0.447300
1.538000 0.975000 0.448700
1.613000 0.975000 0.449700
1.688000 0.975000 0.450300
1.763000 0.975000 0.450600
1.838000 0.975000 0.450500
1.913000 0.975000 0.449900
1.988000 0.975000 0.449000
2.063000 0.975000 0.447700
2.138000 0.975000 0.446000
2.213000 0.975000 0.444000
2.288000 0.975000 0.441700
2.363000 0.975000 0.439100
2.438000 0.975000 0.436200
2.513000 0.975000 0.433200
2.588000 0.975000 0.430000
2.663000 0.975000 0.426700
2.738000 0.975000 0.423300
2.813000 0.975000 0.419900
2.888000 0.975000 0.416500
2.963000 0.975000 0.413200
3.038000 0.975000 0.410000
3.113000 0.975000 0.406900
3.188000 0.975000 0.404100
3.263000 0.975000 0.401400
3.338000 0.975000 0.399000
3.413000 0.975000 0.396900
3.488000 0.975000 0.395000
3.563000 0.975000 0.393600
3.638000 0.975000 0.392400
3.713000 0.975000 0.391700
3.788000 0.975000 0.391300
3.863000 0.975000 0.000000
-0.037500 1.125000 0.000000
0.037500 1.125000 0.411300
0.112500 1.125000 0.411700
0.187500 1.125000 0.412400
0.262500 1.125000 0.413600
0.337500 1.125000 0.415000
0.412500 1.125000 0.416800
0.487500 1.125000 0.418800
0.562500 1.125000 0.421100
0.637500 1.125000 0.423600
0.712500 1.125000 0.426200
0.787500 1.125000 0.428900
0.862500 1.125000 0.431700
0.937500 1.125000 0.434500
1.012000 1.125000 0.437200
1.087000 1.125000 0.439900
1.163000 1.125000 0.442400
1.238000 1.125000 0.444700
1.313000 1.125000 0.446800
1.388000 1.125000 0.448600
1.463000 1.125000 0.450200
1.538000 1.125000 0.451400
1.613000 1.125000 0.452300
1.688000 1.125000 0.452800
1.763000 1.125000 0.453000
1.838000 1.125000 0.452800
1.913000 1.125000 0.452200
1.988000 1.125000 0.451300
2.063000 1.125000 0.450000
2.138000 1.125000 0.448300
2.213000 1.125000 0.446300
2.288000 1.125000 0.444100
2.363000 1.125000 0.441500
2.438000 1.125000 0.438800
2.513000 1.125000 0.435900
2.588000 1.125000 0.432800
2.663000 1.125000 0.429600
2.738000 1.125000 0.426300
2.813000 1.125000 0.423000
2.888000 1.125000 0.419800
2.963000 1.125000 0.416600
3.038000 1.125000 0.413500
3.113000 1.125000 0.410500
3.188000 1.125000 0.407800
3.263000 1.125000 0.405200
3.338000 1.125000 0.402900
3.413000 1.125000 0.400900
3.488000 1.125000 0.399100
3.563000 1.125000 0.397700
3.638000 1.125000 0.396600
3.713000 1.125000 0.395900
3.788000 1.125000 0.395600
3.863000 1.125000 0.000000
-0.037500 1.275000 0.000000
0.037500 1.275000 0.407600
0.112500 1.275000 0.407900
0.187500 1.275000 0.408600
0.262500 1.275000 0.409600
0.337500 1.275000 0.411000
0.412500 1.275000 0.412600
0.487500 1.275000 0.414600
0.562500 1.275000 0.416700
0.637500 1.275000 0.419000
0.712500 1.275000 0.421500
0.787500 1.275000 0.424000
0.862500 1.275000 0.426600
0.937500 1.275000 0.429200
1.012000 1.275000 0.431800
1.087000 1.275000 0.434200
1.163000 1.275000 0.436600
1.238000 1.275000 0.438800
1.313000 1.275000 0.440700
1.388000 1.275000 0.442400
1.463000 1.275000 0.443900
1.538000 1.275000 0.445000
1.613000 1.275000 0.445800
1.688000 1.275000 0.446300
1.763000 1.275000 0.446400
1.838000 1.275000 0.446200
1.913000 1.275000 0.445500
1.988000 1.275000 0.444600
2.063000 1.275000 0.443300
2.138000 1.275000 0.441700
2.213000 1.275000 0.439800
2.288000 1.275000 0.437500
2.363000 1.275000 0.435100
2.438000 1.275000 0.432400
2.513000 1.275000 0.429600
2.588000 1.275000 0.426600
2.663000 1.275000 0.423500
2.738000 1.275000 0.420400
2.813000 1.275000 0.417200
2.888000 1.275000 0.414000
2.963000 1.275000 0.411000
3.038000 1.275000 0.408000
3.113000 1.275000 0.405100
3.188000 1.275000 0.402500
3.263000 1.275000 0.400000
3.338000 1.275000 0.397800
3.413000 1.275000 0.395800
3.488000 1.275000 0.394100
3.563000 1.275000 0.392800
3.638000 1.275000 0.391800
3.713000 1.275000 0.391100
3.788000 1.275000 0.390800
3.863000 1.275000 0.000000
-0.037500 1.425000 0.000000
0.037500 1.425000 0.386500
0.112500 1.425000 0.386800
0.187500 1.425000 0.387400
0.262500 1.425000 0.388300
0.337500 1.425000 0.389500
0.412500 1.425000 0.390900
0.487500 1.425000 0.392600
0.562500 1.425000 0.394400
0.637500 1.425000 0.396500
0.712500 1.425000 0.398600
0.787500 1.425000 0.400800
0.862500 1.425000 0.403100
0.937500 1.425000 0.405300
1.012000 1.425000 0.407600
1.087000 1.425000 0.409700
1.163000 1.425000 0.411800
1.238000 1.425000 0.413600
1.313000 1.425000 0.415300
1.388000 1.425000 0.416800
1.463000 1.425000 0.418000
1.538000 1.425000 0.419000
1.613000 1.425000 0.419600
1.688000 1.425000 0.420000
1.763000 1.425000 0.420000
1.838000 1.425000 0.419700
1.913000 1.425000 0.419100
1.988000 1.425000 0.418200
2.063000 1.425000 0.417000
2.138000 1.425000 0.415500
2.213000 1.425000 0.413700
2.288000 1.425000 0.411700
2.363000 1.425000 0.409400
2.438000 1.425000 0.407000
2.513000 1.425000 0.404400
2.588000 1.425000 0.401700
2.663000 1.425000 0.398900
2.738000 1.425000 0.396000
2.813000 1.425000 0.393100
2.888000 1.425000 0.390300
2.963000 1.425000 0.387500
3.038000 1.425000 0.384800
3.113000 1.425000 0.382200
3.188000 1.425000 0.379800
3.263000 1.425000 0.377600
3.338000 1.425000 0.375600
3.413000 1.425000 0.373800
3.488000 1.425000 0.372300
3.563000 1.425000 0.371100
3.638000 1.425000 0.370200
3.713000 1.425000 0.369600
3.788000 1.425000 0.369300
3.863000 1.425000 0.000000
-0.037500 1.575000 0.000000
0.037500 1.575000 0.354500
0.112500 1.575000 0.354800
0.187500 1.575000 0.355300
0.262500 1.575000 0.356000
0.337500 1.575000 0.357000
0.412500 1.575000 0.358200
0.487500 1.575000 0.359600
0.562500 1.575000 0.361200
0.637500 1.575000 0.362800
0.712500 1.575000 0.364600
0.787500 1.575000 0.366500
0.862500 1.575000 0.368400
0.937500 1.575000 0.370300
1.012000 1.575000 0.372100
1.087000 1.575000 0.373900
1.163000 1.575000 0.375600
1.238000 1.575000 0.377200
1.313000 1.575000 0.378500
1.388000 1.575000 0.379700
1.463000 1.575000 0.380700
1.538000 1.575000 0.381500
1.613000 1.575000 0.382000
1.688000 1.575000 0.382300
1.763000 1.575000 0.382200
1.838000 1.575000 0.381900
1.913000 1.575000 0.381400
1.988000 1.575000 0.380500
2.063000 1.575000 0.379400
2.138000 1.575000 0.378100
2.213000 1.575000 0.376500
2.288000 1.575000 0.374700
2.363000 1.575000 0.372700
2.438000 1.575000 0.370600
2.513000 1.575000 0.368300
2.588000 1.575000 0.365900
2.663000 1.575000 0.363400
2.738000 1.575000 0.360900
2.813000 1.575000 0.358400
2.888000 1.575000 0.355900
2.963000 1.575000 0.353500
3.038000 1.575000 0.351100
3.113000 1.575000 0.348900
3.188000 1.575000 0.346800
3.263000 1.575000 0.344900
3.338000 1.575000 0.343100
3.413000 1.575000 0.341600
3.488000 1.575000 0.340300
3.563000 1.575000 0.339300
3.638000 1.575000 0.338500
3.713000 1.575000 0.338000
3.788000 1.575000 0.337700
3.863000 1.575000 0.000000
-0.037500 1.725000 0.000000
0.037500 1.725000 0.315500
0.112500 1.725000 0.315700
0.187500 1.725000 0.316100
0.262500 1.725000 0.316700
0.337500 1.725000 0.317500
0.412500 1.725000 0.318500
0.487500 1.725000 0.319600
0.562500 1.725000 0.320900
0.637500 1.725000 0.322200
0.712500 1.725000 0.323600
0.787500 1.725000 0.325100
0.862500 1.725000 0.326700
0.937500 1.725000 0.328200
1.012000 1.725000 0.329600
1.087000 1.725000 0.331100
1.163000 1.725000 0.332400
1.238000 1.725000 0.333600
1.313000 1.725000 0.334700
1.388000 1.725000 0.335700
1.463000 1.725000 0.336400
1.538000 1.725000 0.337000
1.613000 1.725000 0.337400
1.688000 1.725000 0.337500
1.763000 1.725000 0.337500
1.838000 1.725000 0.337200
1.913000 1.725000 0.336600
1.988000 1.725000 0.335900
2.063000 1.725000 0.334900
2.138000 1.725000 0.333800
2.213000 1.725000 0.332400
2.288000 1.725000 0.330900
2.363000 1.725000 0.329200
2.438000 1.725000 0.327400
2.513000 1.725000 0.325500
2.588000 1.725000 0.323400
2.663000 1.725000 0.321400
2.738000 1.725000 0.319300
2.813000 1.725000 0.317100
2.888000 1.725000 0.315000
2.963000 1.725000 0.313000
3.038000 1.725000 0.311000
3.113000 1.725000 0.309100
3.188000 1.725000 0.307400
3.263000 1.725000 0.305800
3.338000 1.725000 0.304300
3.413000 1.725000 0.303100
3.488000 1.725000 0.302000
3.563000 1.725000 0.301100
3.638000 1.725000 0.300400
3.713000 1.725000 0.300000
3.788000 1.725000 0.299800
3.863000 1.725000 0.000000
-0.037500 1.875000 0.000000
0.037500 1.875000 0.272900
0.112500 1.875000 0.273100
0.187500 1.875000 0.273400
0.262500 1.875000 0.273800
0.337500 1.875000 0.274500
0.412500 1.875000 0.275200
0.487500 1.875000 0.276000
0.562500 1.875000 0.277000
0.637500 1.875000 0.278000
0.712500 1.875000 0.279100
0.787500 1.875000 0.280300
0.862500 1.875000 0.281400
0.937500 1.875000 0.282600
1.012000 1.875000 0.283700
1.087000 1.875000 0.284800
1.163000 1.875000 0.285800
1.238000 1.875000 0.286700
1.313000 1.875000 0.287500
1.388000 1.875000 0.288200
1.463000 1.875000 0.288700
1.538000 1.875000 0.289100
1.613000 1.875000 0.289400
1.688000 1.875000 0.289400
1.763000 1.875000 0.289300
1.838000 1.875000 0.289000
1.913000 1.875000 0.288600
1.988000 1.875000 0.287900
2.063000 1.875000 0.287100
2.138000 1.875000 0.286200
2.213000 1.875000 0.285000
2.288000 1.875000 0.283800
2.363000 1.875000 0.282400
2.438000 1.875000 0.280900
2.513000 1.875000 0.279400
2.588000 1.875000 0.277700
2.663000 1.875000 0.276100
2.738000 1.875000 0.274400
2.813000 1.875000 0.272600
2.888000 1.875000 0.271000
2.963000 1.875000 0.269300
3.038000 1.875000 0.267700
3.113000 1.875000 0.266200
3.188000 1.875000 0.264800
3.263000 1.875000 0.263500
3.338000 1.875000 0.262400
3.413000 1.875000 0.261300
3.488000 1.875000 0.260500
3.563000 1.875000 0.259800
3.638000 1.875000 0.259300
3.713000 1.875000 0.258900
3.788000 1.875000 0.258700
3.863000 1.875000 0.000000
-0.037500 2.025000 0.000000
0.037500 2.025000 0.229400
0.112500 2.025000 0.229500
0.187500 2.025000 0.229700
0.262500 2.025000 0.230100
0.337500 2.025000 0.230500
0.412500 2.025000 0.231000
0.487500 2.025000 0.231600
0.562500 2.025000 0.232300
0.637500 2.025000 0.233000
0.712500 2.025000 0.233800
0.787500 2.025000 0.234600
0.862500 2.025000 0.235400
0.937500 2.025000 0.236200
1.012000 2.025000 0.237000
1.087000 2.025000 0.237700
1.163000 2.025000 0.238400
1.238000 2.025000 0.239000
1.313000 2.025000 0.239600
1.388000 2.025000 0.240000
1.463000 2.025000 0.240400
1.538000 2.025000 0.240600
1.613000 2.025000 0.240800
1.688000 2.025000 0.240700
1.763000 2.025000 0.240600
1.838000 2.025000 0.240300
1.913000 2.025000 0.239900
1.988000 2.025000 0.239400
2.063000 2.025000 0.238800
2.138000 2.025000 0.238000
2.213000 2.025000 0.237100
2.288000 2.025000 0.236100
2.363000 2.025000 0.235100
2.438000 2.025000 0.233900
2.513000 2.025000 0.232700
2.588000 2.025000 0.231500
2.663000 2.025000 0.230200
2.738000 2.025000 0.228900
2.813000 2.025000 0.227600
2.888000 2.025000 0.226300
2.963000 2.025000 0.225000
3.038000 2.025000 0.223800
3.113000 2.025000 0.222700
3.188000 2.025000 0.221600
3.263000 2.025000 0.220600
3.338000 2.025000 0.219800
3.413000 2.025000 0.219000
3.488000 2.025000 0.218300
3.563000 2.025000 0.217800
3.638000 2.025000 0.217400
3.713000 2.025000 0.217200
3.788000 2.025000 0.217000
3.863000 2.025000 0.000000
-0.037500 2.175000 0.000000
0.037500 2.175000 0.187100
0.112500 2.175000 0.187100
0.187500 2.175000 0.187300
0.262500 2.175000 0.187500
0.337500 2.175000 0.187700
0.412500 2.175000 0.188000
0.487500 2.175000 0.188400
0.562500 2.175000 0.188800
0.637500 2.175000 0.189300
0.712500 2.175000 0.189700
0.787500 2.175000 0.190200
0.862500 2.175000 0.190700
0.937500 2.175000 0.191200
1.012000 2.175000 0.191600
1.087000 2.175000 0.192100
1.163000 2.175000 0.192500
1.238000 2.175000 0.192800
1.313000 2.175000 0.193100
1.388000 2.175000 0.193400
1.463000 2.175000 0.193500
1.538000 2.175000 0.193600
1.613000 2.175000 0.193600
1.688000 2.175000 0.193600
1.763000 2.175000 0.193400
1.838000 2.175000 0.193200
1.913000 2.175000 0.192800
1.988000 2.175000 0.192400
2.063000 2.175000 0.191900
2.138000 2.175000 0.191300
2.213000 2.175000 0.190700
2.288000 2.175000 0.190000
2.363000 2.175000 0.189200
2.438000 2.175000 0.188400
2.513000 2.175000 0.187500
2.588000 2.175000 0.186700
2.663000 2.175000 0.185700
2.738000 2.175000 0.184800
2.813000 2.175000 0.183900
2.888000 2.175000 0.183000
2.963000 2.175000 0.182200
3.038000 2.175000 0.181300
3.113000 2.175000 0.180500
3.188000 2.175000 0.179800
3.263000 2.175000 0.179100
3.338000 2.175000 0.178500
3.413000 2.175000 0.178000
3.488000 2.175000 0.177500
3.563000 2.175000 0.177200
3.638000 2.175000 0.176900
3.713000 2.175000 0.176700
3.788000 2.175000 0.176600
3.863000 2.175000 0.000000
-0.037500 2.325000 0.000000
0.037500 2.325000 0.160700
0.112500 2.325000 0.160700
0.187500 2.325000 0.160800
0.262500 2.325000 0.160900
0.337500 2.325000 0.161100
0.412500 2.325000 0.161300
0.487500 2.325000 0.161500
0.562500 2.325000 0.161700
0.637500 2.325000 0.162000
0.712500 2.325000 0.162300
0.787500 2.325000 0.162600
0.862500 2.325000 0.162800
0.937500 2.325000 0.163100
1.012000 2.325000 0.163400
1.087000 2.325000 0.163600
1.163000 2.325000 0.163800
1.238000 2.325000 0.164000
1.313000 2.325000 0.164200
1.388000 2.325000 0.164300
1.463000 2.325000 0.164300
1.538000 2.325000 0.164300
1.613000 2.325000 0.164200
1.688000 2.325000 0.164100
1.763000 2.325000 0.164000
1.838000 2.325000 0.163700
1.913000 2.325000 0.163400
1.988000 2.325000 0.163100
2.063000 2.325000 0.162700
2.138000 2.325000 0.162200
2.213000 2.325000 0.161700
2.288000 2.325000 0.161200
2.363000 2.325000 0.160600
2.438000 2.325000 0.160000
2.513000 2.325000 0.159400
2.588000 2.325000 0.158700
2.663000 2.325000 0.158100
2.738000 2.325000 0.157400
2.813000 2.325000 0.156700
2.888000 2.325000 0.156100
2.963000 2.325000 0.155500
3.038000 2.325000 0.154900
3.113000 2.325000 0.154300
3.188000 2.325000 0.153800
3.263000 2.325000 0.153300
3.338000 2.325000 0.152900
3.413000 2.325000 0.152500
3.488000 2.325000 0.152200
3.563000 2.325000 0.151900
3.638000 2.325000 0.151700
3.713000 2.325000 0.151600
3.788000 2.325000 0.151500
3.863000 2.325000 0.000000
-0.037500 2.475000 0.000000
0.037500 2.475000 0.148400
0.112500 2.475000 0.148500
0.187500 2.475000 0.148500
0.262500 2.475000 0.148600
0.337500 2.475000 0.148700
0.412500 2.475000 0.148900
0.487500 2.475000 0.149100
0.562500 2.475000 0.149200
0.637500 2.475000 0.149400
0.712500 2.475000 0.149700
0.787500 2.475000 0.149900
0.862500 2.475000 0.150100
0.937500 2.475000 0.150300
1.012000 2.475000 0.150500
1.087000 2.475000 0.150600
1.163000 2.475000 0.150800
1.238000 2.475000 0.150900
1.313000 2.475000 0.151000
1.388000 2.475000 0.151100
1.463000 2.475000 0.151100
1.538000 2.475000 0.151000
1.613000 2.475000 0.151000
1.688000 2.475000 0.150800
1.763000 2.475000 0.150700
1.838000 2.475000 0.150400
1.913000 2.475000 0.150200
1.988000 2.475000 0.149900
2.063000 2.475000 0.149500
2.138000 2.475000 0.149100
2.213000 2.475000 0.148700
2.288000 2.475000 0.148200
2.363000 2.475000 0.147700
2.438000 2.475000 0.147200
2.513000 2.475000 0.146600
2.588000 2.475000 0.146000
2.663000 2.475000 0.145500
2.738000 2.475000 0.144900
2.813000 2.475000 0.144300
2.888000 2.475000 0.143800
2.963000 2.475000 0.143300
3.038000 2.475000 0.142800
3.113000 2.475000 0.142300
3.188000 2.475000 0.141800
3.263000 2.475000 0.141400
3.338000 2.475000 0.141100
3.413000 2.475000 0.140700
3.488000 2.475000 0.140500
3.563000 2.475000 0.140300
3.638000 2.475000 0.140100
3.713000 2.475000 0.140000
3.788000 2.475000 0.139900
3.863000 2.475000 0.000000
-0.037500 2.625000 0.000000
0.037500 2.625000 0.137300
0.112500 2.625000 0.137300
0.187500 2.625000 0.137400
0.262500 2.625000 0.137500
0.337500 2.625000 0.137500
0.412500 2.625000 0.137700
0.487500 2.625000 0.137800
0.562500 2.625000 0.137900
0.637500 2.625000 0.138100
0.712500 2.625000 0.138300
0.787500 2.625000 0.138400
0.862500 2.625000 0.138600
0.937500 2.625000 0.138700
1.012000 2.625000 0.138900
1.087000 2.625000 0.139000
1.163000 2.625000 0.139100
1.238000 2.625000 0.139200
1.313000 2.625000 0.139300
1.388000 2.625000 0.139300
1.463000 2.625000 0.139300
1.538000 2.625000 0.139200
1.613000 2.625000 0.139100
1.688000 2.625000 0.139000
1.763000 2.625000 0.138800
1.838000 2.625000 0.138600
1.913000 2.625000 0.138400
1.988000 2.625000 0.138100
2.063000 2.625000 0.137800
2.138000 2.625000 0.137400
2.213000 2.625000 0.137000
2.288000 2.625000 0.136600
2.363000 2.625000 0.136200
2.438000 2.625000 0.135700
2.513000 2.625000 0.135200
2.588000 2.625000 0.134700
2.663000 2.625000 0.134200
2.738000 2.625000 0.133700
2.813000 2.625000 0.133200
2.888000 2.625000 0.132800
2.963000 2.625000 0.132300
3.038000 2.625000 0.131900
3.113000 2.625000 0.131400
3.188000 2.625000 0.131100
3.263000 2.625000 0.130700
3.338000 2.625000 0.130400
3.413000 2.625000 0.130100
3.488000 2.625000 0.129900
3.563000 2.625000 0.129700
3.638000 2.625000 0.129600
3.713000 2.625000 0.129500
3.788000 2.625000 0.129400
3.863000 2.625000 0.000000
-0.037500 2.775000 0.000000
0.037500 2.775000 0.127400
0.112500 2.775000 0.127400
0.187500 2.775000 0.127400
0.262500 2.775000 0.127500
0.337500 2.775000 0.127600
0.412500 2.775000 0.127700
0.487500 2.775000 0.127800
0.562500 2.775000 0.127900
0.637500 2.775000 0.128000
0.712500 2.775000 0.128200
0.787500 2.775000 0.128300
0.862500 2.775000 0.128400
0.937500 2.775000 0.128600
1.012000 2.775000 0.128700
1.087000 2.775000 0.128800
1.163000 2.775000 0.128900
1.238000 2.775000 0.128900
1.313000 2.775000 0.129000
1.388000 2.775000 0.129000
1.463000 2.775000 0.128900
1.538000 2.775000 0.128900
1.613000 2.775000 0.128800
1.688000 2.775000 0.128700
1.763000 2.775000 0.128500
1.838000 2.775000 0.128300
1.913000 2.775000 0.128100
1.988000 2.775000 0.127800
2.063000 2.775000 0.127500
2.138000 2.775000 0.127200
2.213000 2.775000 0.126800
2.288000 2.775000 0.126500
2.363000 2.775000 0.126100
2.438000 2.775000 0.125600
2.513000 2.775000 0.125200
2.588000 2.775000 0.124800
2.663000 2.775000 0.124300
2.738000 2.775000 0.123900
2.813000 2.775000 0.123400
2.888000 2.775000 0.123000
2.963000 2.775000 0.122600
3.038000 2.775000 0.122200
3.113000 2.775000 0.121800
3.188000 2.775000 0.121500
3.263000 2.775000 0.121200
3.338000 2.775000 0.120900
3.413000 2.775000 0.120700
3.488000 2.775000 0.120500
3.563000 2.775000 0.120300
3.638000 2.775000 0.120200
3.713000 2.775000 0.120100
3.788000 2.775000 0.120000
3.863000 2.775000 0.000000
-0.037500 2.925000 0.000000
0.037500 2.925000 0.109900
0.112500 2.925000 0.110000
0.187500 2.925000 0.110000
0.262500 2.925000 0.110000
0.337500 2.925000 0.110100
0.412500 2.925000 0.110200
0.487500 2.925000 0.110300
0.562500 2.925000 0.110400
0.637500 2.925000 0.110500
0.712500 2.925000 0.110600
0.787500 2.925000 0.110700
0.862500 2.925000 0.110800
0.937500 2.925000 0.110900
1.012000 2.925000 0.111000
1.087000 2.925000 0.111100
1.163000 2.925000 0.111200
1.238000 2.925000 0.111200
1.313000 2.925000 0.111200
1.388000 2.925000 0.111200
1.463000 2.925000 0.111200
1.538000 2.925000 0.111200
1.613000 2.925000 0.111100
1.688000 2.925000 0.111000
1.763000 2.925000 0.110800
1.838000 2.925000 0.110700
1.913000 2.925000 0.110500
1.988000 2.925000 0.110200
2.063000 2.925000 0.110000
2.138000 2.925000 0.109700
2.213000 2.925000 0.109400
2.288000 2.925000 0.109100
2.363000 2.925000 0.108700
2.438000 2.925000 0.108400
2.513000 2.925000 0.108000
2.588000 2.925000 0.107600
2.663000 2.925000 0.107200
2.738000 2.925000 0.106900
2.813000 2.925000 0.106500
2.888000 2.925000 0.106100
2.963000 2.925000 0.105800
3.038000 2.925000 0.105400
3.113000 2.925000 0.105100
3.188000 2.925000 0.104800
3.263000 2.925000 0.104600
3.338000 2.925000 0.104300
3.413000 2.925000 0.104100
3.488000 2.925000 0.103900
3.563000 2.925000 0.103800
3.638000 2.925000 0.103700
3.713000 2.925000 0.103600
3.788000 2.925000 0.103600
3.863000 2.925000 0.000000
-0.037500 3.075000 0.000000
0.037500 3.075000 0.087770
0.112500 3.075000 0.087780
0.187500 3.075000 0.087810
0.262500 3.075000 0.087850
0.337500 3.075000 0.087910
0.412500 3.075000 0.087970
0.487500 3.075000 0.088040
0.562500 3.075000 0.088110
0.637500 3.075000 0.088190
0.712500 3.075000 0.088270
0.787500 3.075000 0.088360
0.862500 3.075000 0.088440
0.937500 3.075000 0.088510
1.012000 3.075000 0.088580
1.087000 3.075000 0.088630
1.163000 3.075000 0.088680
1.238000 3.075000 0.088710
1.313000 3.075000 0.088720
1.388000 3.075000 0.088720
1.463000 3.075000 0.088690
1.538000 3.075000 0.088650
1.613000 3.075000 0.088580
1.688000 3.075000 0.088490
1.763000 3.075000 0.088370
1.838000 3.075000 0.088240
1.913000 3.075000 0.088080
1.988000 3.075000 0.087890
2.063000 3.075000 0.087690
2.138000 3.075000 0.087470
2.213000 3.075000 0.087220
2.288000 3.075000 0.086970
2.363000 3.075000 0.086700
2.438000 3.075000 0.086420
2.513000 3.075000 0.086130
2.588000 3.075000 0.085830
2.663000 3.075000 0.085530
2.738000 3.075000 0.085240
2.813000 3.075000 0.084950
2.888000 3.075000 0.084660
2.963000 3.075000 0.084380
3.038000 3.075000 0.084120
3.113000 3.075000 0.083870
3.188000 3.075000 0.083640
3.263000 3.075000 0.083440
3.338000 3.075000 0.083250
3.413000 3.075000 0.083090
3.488000 3.075000 0.082950
3.563000 3.075000 0.082840
3.638000 3.075000 0.082760
3.713000 3.075000 0.082700
3.788000 3.075000 0.082670
3.863000 3.075000 0.000000
-0.037500 3.225000 0.000000
0.037500 3.225000 0.069300
0.112500 3.225000 0.069310
0.187500 3.225000 0.069330
0.262500 3.225000 0.069360
0.337500 3.225000 0.069400
0.412500 3.225000 0.069450
0.487500 3.225000 0.069500
0.562500 3.225000 0.069550
0.637500 3.225000 0.069610
0.712500 3.225000 0.069670
0.787500 3.225000 0.069730
0.862500 3.225000 0.069780
0.937500 3.225000 0.069840
1.012000 3.225000 0.069880
1.087000 3.225000 0.069920
1.163000 3.225000 0.069950
1.238000 3.225000 0.069970
1.313000 3.225000 0.069980
1.388000 3.225000 0.069970
1.463000 3.225000 0.069950
1.538000 3.225000 0.069910
1.613000 3.225000 0.069850
1.688000 3.225000 0.069770
1.763000 3.225000 0.069680
1.838000 3.225000 0.069570
1.913000 3.225000 0.069450
1.988000 3.225000 0.069300
2.063000 3.225000 0.069140
2.138000 3.225000 0.068970
2.213000 3.225000 0.068780
2.288000 3.225000 0.068580
2.363000 3.225000 0.068370
2.438000 3.225000 0.068150
2.513000 3.225000 0.067930
2.588000 3.225000 0.067700
2.663000 3.225000 0.067470
2.738000 3.225000 0.067240
2.813000 3.225000 0.067010
2.888000 3.225000 0.066790
2.963000 3.225000 0.066580
3.038000 3.225000 0.066370
3.113000 3.225000 0.066180
3.188000 3.225000 0.066010
3.263000 3.225000 0.065840
3.338000 3.225000 0.065700
3.413000 3.225000 0.065570
3.488000 3.225000 0.065470
3.563000 3.225000 0.065380
3.638000 3.225000 0.065310
3.713000 3.225000 0.065260
3.788000 3.225000 0.065240
3.863000 3.225000 0.000000
-0.037500 3.375000 0.000000
0.037500 3.375000 0.054150
0.112500 3.375000 0.054160
0.187500 3.375000 0.054170
0.262500 3.375000 0.054190
0.337500 3.375000 0.054220
0.412500 3.375000 0.054250
0.487500 3.375000 0.054290
0.562500 3.375000 0.054320
0.637500 3.375000 0.054370
0.712500 3.375000 0.054410
0.787500 3.375000 0.054450
0.862500 3.375000 0.054490
0.937500 3.375000 0.054530
1.012000 3.375000 0.054560
1.087000 3.375000 0.054590
1.163000 3.375000 0.054600
1.238000 3.375000 0.054610
1.313000 3.375000 0.054620
1.388000 3.375000 0.054610
1.463000 3.375000 0.054580
1.538000 3.375000 0.054550
1.613000 3.375000 0.054500
1.688000 3.375000 0.054440
1.763000 3.375000 0.054370
1.838000 3.375000 0.054280
1.913000 3.375000 0.054180
1.988000 3.375000 0.054070
2.063000 3.375000 0.053950
2.138000 3.375000 0.053810
2.213000 3.375000 0.053670
2.288000 3.375000 0.053510
2.363000 3.375000 0.053350
2.438000 3.375000 0.053180
2.513000 3.375000 0.053010
2.588000 3.375000 0.052840
2.663000 3.375000 0.052660
2.738000 3.375000 0.052490
2.813000 3.375000 0.052310
2.888000 3.375000 0.052140
2.963000 3.375000 0.051980
3.038000 3.375000 0.051830
3.113000 3.375000 0.051680
3.188000 3.375000 0.051540
3.263000 3.375000 0.051420
3.338000 3.375000 0.051310
3.413000 3.375000 0.051210
3.488000 3.375000 0.051130
3.563000 3.375000 0.051060
3.638000 3.375000 0.051010
3.713000 3.375000 0.050970
3.788000 3.375000 0.050940
3.863000 3.375000 0.000000
-0.037500 3.525000 0.000000
0.037500 3.525000 0.041890
0.112500 3.525000 0.041890
0.187500 3.525000 0.041900
0.262500 3.525000 0.041920
0.337500 3.525000 0.041940
0.412500 3.525000 0.041960
0.487500 3.525000 0.041980
0.562500 3.525000 0.042010
0.637500 3.525000 0.042040
0.712500 3.525000 0.042070
0.787500 3.525000 0.042100
0.862500 3.525000 0.042130
0.937500 3.525000 0.042150
1.012000 3.525000 0.042170
1.087000 3.525000 0.042190
1.163000 3.525000 0.042200
1.238000 3.525000 0.042210
1.313000 3.525000 0.042200
1.388000 3.525000 0.042190
1.463000 3.525000 0.042180
1.538000 3.525000 0.042150
1.613000 3.525000 0.042110
1.688000 3.525000 0.042060
1.763000 3.525000 0.042000
1.838000 3.525000 0.041940
1.913000 3.525000 0.041860
1.988000 3.525000 0.041770
2.063000 3.525000 0.041680
2.138000 3.525000 0.041570
2.213000 3.525000 0.041460
2.288000 3.525000 0.041350
2.363000 3.525000 0.041220
2.438000 3.525000 0.041100
2.513000 3.525000 0.040960
2.588000 3.525000 0.040830
2.663000 3.525000 0.040700
2.738000 3.525000 0.040570
2.813000 3.525000 0.040430
2.888000 3.525000 0.040310
2.963000 3.525000 0.040180
3.038000 3.525000 0.040070
3.113000 3.525000 0.039960
3.188000 3.525000 0.039850
3.263000 3.525000 0.039760
3.338000 3.525000 0.039680
3.413000 3.525000 0.039600
3.488000 3.525000 0.039540
3.563000 3.525000 0.039480
3.638000 3.525000 0.039440
3.713000 3.525000 0.039410
3.788000 3.525000 0.039390
3.863000 3.525000 0.000000
-0.037500 3.675000 0.000000
0.037500 3.675000 0.032100
0.112500 3.675000 0.032110
0.187500 3.675000 0.032120
0.262500 3.675000 0.032120
0.337500 3.675000 0.032140
0.412500 3.675000 0.032150
0.487500 3.675000 0.032170
0.562500 3.675000 0.032190
0.637500 3.675000 0.032210
0.712500 3.675000 0.032230
0.787500 3.675000 0.032250
0.862500 3.675000 0.032270
0.937500 3.675000 0.032290
1.012000 3.675000 0.032300
1.087000 3.675000 0.032310
1.163000 3.675000 0.032320
1.238000 3.675000 0.032320
1.313000 3.675000 0.032310
1.388000 3.675000 0.032300
1.463000 3.675000 0.032290
1.538000 3.675000 0.032270
1.613000 3.675000 0.032240
1.688000 3.675000 0.032200
1.763000 3.675000 0.032150
1.838000 3.675000 0.032100
1.913000 3.675000 0.032040
1.988000 3.675000 0.031980
2.063000 3.675000 0.031900
2.138000 3.675000 0.031830
2.213000 3.675000 0.031740
2.288000 3.675000 0.031650
2.363000 3.675000 0.031560
2.438000 3.675000 0.031460
2.513000 3.675000 0.031370
2.588000 3.675000 0.031270
2.663000 3.675000 0.031170
2.738000 3.675000 0.031070
2.813000 3.675000 0.030970
2.888000 3.675000 0.030870
2.963000 3.675000 0.030780
3.038000 3.675000 0.030690
3.113000 3.675000 0.030610
3.188000 3.675000 0.030530
3.263000 3.675000 0.030460
3.338000 3.675000 0.030400
3.413000 3.675000 0.030340
3.488000 3.675000 0.030290
3.563000 3.675000 0.030250
3.638000 3.675000 0.030220
3.713000 3.675000 0.030200
3.788000 3.675000 0.030180
3.863000 3.675000 0.000000
-0.037500 3.825000 0.000000
0.037500 3.825000 0.024400
0.112500 3.825000 0.024400
0.187500 3.825000 0.024410
0.262500 3.825000 0.024410
0.337500 3.825000 0.024420
0.412500 3.825000 0.024430
0.487500 3.825000 0.024440
0.562500 3.825000 0.024460
0.637500 3.825000 0.024470
0.712500 3.825000 0.024490
0.787500 3.825000 0.024500
0.862500 3.825000 0.024510
0.937500 3.825000 0.024520
1.012000 3.825000 0.024530
1.087000 3.825000 0.024540
1.163000 3.825000 0.024540
1.238000 3.825000 0.024540
1.313000 3.825000 0.024540
1.388000 3.825000 0.024530
1.463000 3.825000 0.024510
1.538000 3.825000 0.024490
1.613000 3.825000 0.024470
1.688000 3.825000 0.024440
1.763000 3.825000 0.024410
1.838000 3.825000 0.024370
1.913000 3.825000 0.024320
1.988000 3.825000 0.024270
2.063000 3.825000 0.024220
2.138000 3.825000 0.024160
2.213000 3.825000 0.024100
2.288000 3.825000 0.024030
2.363000 3.825000 0.023960
2.438000 3.825000 0.023890
2.513000 3.825000 0.023820
2.588000 3.825000 0.023740
2.663000 3.825000 0.023670
2.738000 3.825000 0.023590
2.813000 3.825000 0.023520
2.888000 3.825000 0.023450
2.963000 3.825000 0.023380
3.038000 3.825000 0.023320
3.113000 3.825000 0.023250
3.188000 3.825000 0.023200
3.263000 3.825000 0.023140
3.338000 3.825000 0.023100
3.413000 3.825000 0.023060
3.488000 3.825000 0.023020
3.563000 3.825000 0.022990
3.638000 3.825000 0.022960
3.713000 3.825000 0.022950
3.788000 3.825000 0.022930
3.863000 3.825000 0.000000
-0.037500 3.975000 0.000000
0.037500 3.975000 0.018410
0.112500 3.975000 0.018410
0.187500 3.975000 0.018420
0.262500 3.975000 0.018420
0.337500 3.975000 0.018430
0.412500 3.975000 0.018430
0.487500 3.975000 0.018440
0.562500 3.975000 0.018450
0.637500 3.975000 0.018460
0.712500 3.975000 0.018470
0.787500 3.975000 0.018480
0.862500 3.975000 0.018480
0.937500 3.975000 0.018490
1.012000 3.975000 0.018500
1.087000 3.975000 0.018500
1.163000 3.975000 0.018500
1.238000 3.975000 0.018500
1.313000 3.975000 0.018500
1.388000 3.975000 0.018490
1.463000 3.975000 0.018480
1.538000 3.975000 0.018460
1.613000 3.975000 0.018440
1.688000 3.975000 0.018420
1.763000 3.975000 0.018400
1.838000 3.975000 0.018370
1.913000 3.975000 0.018330
1.988000 3.975000 0.018290
2.063000 3.975000 0.018250
2.138000 3.975000 0.018210
2.213000 3.975000 0.018160
2.288000 3.975000 0.018110
2.363000 3.975000 0.018060
2.438000 3.975000 0.018010
2.513000 3.975000 0.017950
2.588000 3.975000 0.017900
2.663000 3.975000 0.017840
2.738000 3.975000 0.017790
2.813000 3.975000 0.017740
2.888000 3.975000 0.017680
2.963000 3.975000 0.017630
3.038000 3.975000 0.017580
3.113000 3.975000 0.017540
3.188000 3.975000 0.017500
3.263000 3.975000 0.017460
3.338000 3.975000 0.017420
3.413000 3.975000 0.017390
3.488000 3.975000 0.017370
3.563000 3.975000 0.017340
3.638000 3.975000 0.017330
3.713000 3.975000 0.017310
3.788000 3.975000 0.017300
3.863000 3.975000 0.000000
-0.037500 4.125000 0.000000
0.037500 4.125000 0.013820
0.112500 4.125000 0.013820
0.187500 4.125000 0.013820
0.262500 4.125000 0.013820
0.337500 4.125000 0.013830
0.412500 4.125000 0.013830
0.487500 4.125000 0.013840
0.562500 4.125000 0.013840
0.637500 4.125000 0.013850
0.712500 4.125000 0.013850
0.787500 4.125000 0.013860
0.862500 4.125000 0.013860
0.937500 4.125000 0.013870
1.012000 4.125000 0.013870
1.087000 4.125000 0.013870
1.163000 4.125000 0.013870
1.238000 4.125000 0.013870
1.313000 4.125000 0.013870
1.388000 4.125000 0.013860
1.463000 4.125000 0.013850
1.538000 4.125000 0.013840
1.613000 4.125000 0.013830
1.688000 4.125000 0.013810
1.763000 4.125000 0.013790
1.838000 4.125000 0.013770
1.913000 4.125000 0.013740
1.988000 4.125000 0.013710
2.063000 4.125000 0.013680
2.138000 4.125000 0.013650
2.213000 4.125000 0.013610
2.288000 4.125000 0.013580
2.363000 4.125000 0.013540
2.438000 4.125000 0.013500
2.513000 4.125000 0.013460
2.588000 4.125000 0.013420
2.663000 4.125000 0.013380
2.738000 4.125000 0.013340
2.813000 4.125000 0.013300
2.888000 4.125000 0.013260
2.963000 4.125000 0.013230
3.038000 4.125000 0.013190
3.113000 4.125000 0.013160
3.188000 4.125000 0.013130
3.263000 4.125000 0.013100
3.338000 4.125000 0.013070
3.413000 4.125000 0.013050
3.488000 4.125000 0.013030
3.563000 4.125000 0.013010
3.638000 4.125000 0.013000
3.713000 4.125000 0.012990
3.788000 4.125000 0.012980
3.863000 4.125000 0.000000
-0.037500 4.275000 0.000000
0.037500 4.275000 0.010340
0.112500 4.275000 0.010340
0.187500 4.275000 0.010340
0.262500 4.275000 0.010350
0.337500 4.275000 0.010350
0.412500 4.275000 0.010350
0.487500 4.275000 0.010360
0.562500 4.275000 0.010360
0.637500 4.275000 0.010360
0.712500 4.275000 0.010370
0.787500 4.275000 0.010370
0.862500 4.275000 0.010370
0.937500 4.275000 0.010380
1.012000 4.275000 0.010380
1.087000 4.275000 0.010380
1.163000 4.275000 0.010380
1.238000 4.275000 0.010370
1.313000 4.275000 0.010370
1.388000 4.275000 0.010370
1.463000 4.275000 0.010360
1.538000 4.275000 0.010350
1.613000 4.275000 0.010340
1.688000 4.275000 0.010330
1.763000 4.275000 0.010310
1.838000 4.275000 0.010290
1.913000 4.275000 0.010270
1.988000 4.275000 0.010250
2.063000 4.275000 0.010230
2.138000 4.275000 0.010210
2.213000 4.275000 0.010180
2.288000 4.275000 0.010150
2.363000 4.275000 0.010130
2.438000 4.275000 0.010100
2.513000 4.275000 0.010070
2.588000 4.275000 0.010040
2.663000 4.275000 0.010010
2.738000 4.275000 0.009981
2.813000 4.275000 0.009952
2.888000 4.275000 0.009924
2.963000 4.275000 0.009897
3.038000 4.275000 0.009871
3.113000 4.275000 0.009846
3.188000 4.275000 0.009824
3.263000 4.275000 0.009803
3.338000 4.275000 0.009785
3.413000 4.275000 0.009768
3.488000 4.275000 0.009754
3.563000 4.275000 0.009741
3.638000 4.275000 0.009731
3.713000 4.275000 0.009722
3.788000 4.275000 0.009717
3.863000 4.275000 0.000000
-0.037500 4.425000 0.000000
0.037500 4.425000 0.007765
0.112500 4.425000 0.007766
0.187500 4.425000 0.007767
0.262500 4.425000 0.007768
0.337500 4.425000 0.007769
0.412500 4.425000 0.007771
0.487500 4.425000 0.007774
0.562500 4.425000 0.007776
0.637500 4.425000 0.007778
0.712500 4.425000 0.007781
0.787500 4.425000 0.007783
0.862500 4.425000 0.007785
0.937500 4.425000 0.007786
1.012000 4.425000 0.007787
1.087000 4.425000 0.007787
1.163000 4.425000 0.007786
1.238000 4.425000 0.007784
1.313000 4.425000 0.007780
1.388000 4.425000 0.007776
1.463000 4.425000 0.007770
1.538000 4.425000 0.007763
1.613000 4.425000 0.007755
1.688000 4.425000 0.007745
1.763000 4.425000 0.007733
1.838000 4.425000 0.007721
1.913000 4.425000 0.007707
1.988000 4.425000 0.007691
2.063000 4.425000 0.007674
2.138000 4.425000 0.007656
2.213000 4.425000 0.007637
2.288000 4.425000 0.007618
2.363000 4.425000 0.007597
2.438000 4.425000 0.007576
2.513000 4.425000 0.007554
2.588000 4.425000 0.007533
2.663000 4.425000 0.007511
2.738000 4.425000 0.007489
2.813000 4.425000 0.007468
2.888000 4.425000 0.007448
2.963000 4.425000 0.007428
3.038000 4.425000 0.007409
3.113000 4.425000 0.007391
3.188000 4.425000 0.007375
3.263000 4.425000 0.007360
3.338000 4.425000 0.007346
3.413000 4.425000 0.007334
3.488000 4.425000 0.007323
3.563000 4.425000 0.007314
3.638000 4.425000 0.007306
3.713000 4.425000 0.007300
3.788000 4.425000 0.007296
3.863000 4.425000 0.000000
-0.037500 4.575000 0.000000
0.037500 4.575000 0.005905
0.112500 4.575000 0.005906
0.187500 4.575000 0.005906
0.262500 4.575000 0.005907
0.337500 4.575000 0.005908
0.412500 4.575000 0.005909
0.487500 4.575000 0.005911
0.562500 4.575000 0.005912
0.637500 4.575000 0.005914
0.712500 4.575000 0.005915
0.787500 4.575000 0.005916
0.862500 4.575000 0.005917
0.937500 4.575000 0.005918
1.012000 4.575000 0.005918
1.087000 4.575000 0.005918
1.163000 4.575000 0.005917
1.238000 4.575000 0.005915
1.313000 4.575000 0.005912
1.388000 4.575000 0.005908
1.463000 4.575000 0.005904
1.538000 4.575000 0.005898
1.613000 4.575000 0.005892
1.688000 4.575000 0.005884
1.763000 4.575000 0.005875
1.838000 4.575000 0.005865
1.913000 4.575000 0.005855
1.988000 4.575000 0.005843
2.063000 4.575000 0.005830
2.138000 4.575000 0.005817
2.213000 4.575000 0.005803
2.288000 4.575000 0.005788
2.363000 4.575000 0.005773
2.438000 4.575000 0.005757
2.513000 4.575000 0.005741
2.588000 4.575000 0.005725
2.663000 4.575000 0.005709
2.738000 4.575000 0.005693
2.813000 4.575000 0.005677
2.888000 4.575000 0.005662
2.963000 4.575000 0.005647
3.038000 4.575000 0.005633
3.113000 4.575000 0.005620
3.188000 4.575000 0.005607
3.263000 4.575000 0.005596
3.338000 4.575000 0.005586
3.413000 4.575000 0.005577
3.488000 4.575000 0.005569
3.563000 4.575000 0.005562
3.638000 4.575000 0.005556
3.713000 4.575000 0.005552
3.788000 4.575000 0.005549
3.863000 4.575000 0.000000
-0.037500 4.725000 0.000000
0.037500 4.725000 0.004624
0.112500 4.725000 0.004625
0.187500 4.725000 0.004625
0.262500 4.725000 0.004625
0.337500 4.725000 0.004626
0.412500 4.725000 0.004627
0.487500 4.725000 0.004628
0.562500 4.725000 0.004629
0.637500 4.725000 0.004630
0.712500 4.725000 0.004631
0.787500 4.725000 0.004631
0.862500 4.725000 0.004632
0.937500 4.725000 0.004632
1.012000 4.725000 0.004632
1.087000 4.725000 0.004631
1.163000 4.725000 0.004630
1.238000 4.725000 0.004628
1.313000 4.725000 0.004626
1.388000 4.725000 0.004623
1.463000 4.725000 0.004619
1.538000 4.725000 0.004614
1.613000 4.725000 0.004609
1.688000 4.725000 0.004603
1.763000 4.725000 0.004596
1.838000 4.725000 0.004589
1.913000 4.725000 0.004580
1.988000 4.725000 0.004571
2.063000 4.725000 0.004561
2.138000 4.725000 0.004551
2.213000 4.725000 0.004540
2.288000 4.725000 0.004529
2.363000 4.725000 0.004517
2.438000 4.725000 0.004505
2.513000 4.725000 0.004492
2.588000 4.725000 0.004480
2.663000 4.725000 0.004468
2.738000 4.725000 0.004455
2.813000 4.725000 0.004443
2.888000 4.725000 0.004432
2.963000 4.725000 0.004421
3.038000 4.725000 0.004410
3.113000 4.725000 0.004400
3.188000 4.725000 0.004390
3.263000 4.725000 0.004382
3.338000 4.725000 0.004374
3.413000 4.725000 0.004367
3.488000 4.725000 0.004361
3.563000 4.725000 0.004356
3.638000 4.725000 0.004351
3.713000 4.725000 0.004347
3.788000 4.725000 0.004345
3.863000 4.725000 0.000000
-0.037500 4.875000 0.000000
0.037500 4.875000 0.003823
0.112500 4.875000 0.003823
0.187500 4.875000 0.003823
0.262500 4.875000 0.003823
0.337500 4.875000 0.003823
0.412500 4.875000 0.003824
0.487500 4.875000 0.003824
0.562500 4.875000 0.003825
0.637500 4.875000 0.003826
0.712500 4.875000 0.003826
0.787500 4.875000 0.003826
0.862500 4.875000 0.003827
0.937500 4.875000 0.003827
1.012000 4.875000 0.003826
1.087000 4.875000 0.003825
1.163000 4.875000 0.003824
1.238000 4.875000 0.003823
1.313000 4.875000 0.003821
1.388000 4.875000 0.003818
1.463000 4.875000 0.003815
1.538000 4.875000 0.003811
1.613000 4.875000 0.003806
1.688000 4.875000 0.003801
1.763000 4.875000 0.003795
1.838000 4.875000 0.003789
1.913000 4.875000 0.003782
1.988000 4.875000 0.003775
2.063000 4.875000 0.003767
2.138000 4.875000 0.003758
2.213000 4.875000 0.003749
2.288000 4.875000 0.003740
2.363000 4.875000 0.003730
2.438000 4.875000 0.003721
2.513000 4.875000 0.003711
2.588000 4.875000 0.003701
2.663000 4.875000 0.003691
2.738000 4.875000 0.003681
2.813000 4.875000 0.003671
2.888000 4.875000 0.003662
2.963000 4.875000 0.003652
3.038000 4.875000 0.003644
3.113000 4.875000 0.003636
3.188000 4.875000 0.003628
3.263000 4.875000 0.003621
3.338000 4.875000 0.003615
3.413000 4.875000 0.003609
3.488000 4.875000 0.003604
3.563000 4.875000 0.003600
3.638000 4.875000 0.003596
3.713000 4.875000 0.003593
3.788000 4.875000 0.003591
3.863000 4.875000 0.000000
-0.037500 5.025000 0.000000
0.037500 5.025000 0.003437
0.112500 5.025000 0.003437
0.187500 5.025000 0.003437
0.262500 5.025000 0.003437
0.337500 5.025000 0.003437
0.412500 5.025000 0.003438
0.487500 5.025000 0.003438
0.562500 5.025000 0.003438
0.637500 5.025000 0.003439
0.712500 5.025000 0.003439
0.787500 5.025000 0.003439
0.862500 5.025000 0.003439
0.937500 5.025000 0.003439
1.012000 5.025000 0.003439
1.087000 5.025000 0.003438
1.163000 5.025000 0.003437
1.238000 5.025000 0.003435
1.313000 5.025000 0.003433
1.388000 5.025000 0.003431
1.463000 5.025000 0.003428
1.538000 5.025000 0.003424
1.613000 5.025000 0.003420
1.688000 5.025000 0.003416
1.763000 5.025000 0.003410
1.838000 5.025000 0.003405
1.913000 5.025000 0.003399
1.988000 5.025000 0.003392
2.063000 5.025000 0.003385
2.138000 5.025000 0.003377
2.213000 5.025000 0.003369
2.288000 5.025000 0.003361
2.363000 5.025000 0.003352
2.438000 5.025000 0.003344
2.513000 5.025000 0.003335
2.588000 5.025000 0.003326
2.663000 5.025000 0.003317
2.738000 5.025000 0.003308
2.813000 5.025000 0.003299
2.888000 5.025000 0.003291
2.963000 5.025000 0.003283
3.038000 5.025000 0.003275
3.113000 5.025000 0.003268
3.188000 5.025000 0.003261
3.263000 5.025000 0.003255
3.338000 5.025000 0.003250
3.413000 5.025000 0.003245
3.488000 5.025000 0.003240
3.563000 5.025000 0.003236
3.638000 5.025000 0.003233
3.713000 5.025000 0.003230
3.788000 5.025000 0.003228
3.863000 5.025000 0.000000
-0.037500 5.175000 0.000000
0.037500 5.175000 0.000000
0.112500 5.175000 0.000000
0.187500 5.175000 0.000000
0.262500 5.175000 0.000000
0.337500 5.175000 0.000000
0.412500 5.175000 0.000000
0.487500 5.175000 0.000000
0.562500 5.175000 0.000000
0.637500 5.175000 0.000000
0.712500 5.175000 0.000000
0.787500 5.175000 0.000000
0.862500 5.175000 0.000000
0.937500 5.175000 0.000000
1.012000 5.175000 0.000000
1.087000 5.175000 0.000000
1.163000 5.175000 0.000000
1.238000 5.175000 0.000000
1.313000 5.175000 0.000000
1.388000 5.175000 0.000000
1.463000 5.175000 0.000000
1.538000 5.175000 0.000000
1.613000 5.175000 0.000000
1.688000 5.175000 0.000000
1.763000 5.175000 0.000000
1.838000 5.175000 0.000000
1.913000 5.175000 0.000000
1.988000 5.175000 0.000000
2.063000 5.175000 0.000000
2.138000 5.175000 0.000000
2.213000 5.175000 0.000000
2.288000 5.175000 0.000000
2.363000 5.175000 0.000000
2.438000 5.175000 0.000000
2.513000 5.175000 0.000000
2.588000 5.175000 0.000000
2.663000 5.175000 0.000000
2.738000 5.175000 0.000000
2.813000 5.175000 0.000000
2.888000 5.175000 0.000000
2.963000 5.175000 0.000000
3.038000 5.175000 0.000000
3.113000 5.175000 0.000000
3.188000 5.175000 0.000000
3.263000 5.175000 0.000000
3.338000 5.175000 0.000000
3.413000 5.175000 0.000000
3.488000 5.175000 0.000000
3.563000 5.175000 0.000000
3.638000 5.175000 0.000000
3.713000 5.175000 0.000000
3.788000 5.175000 0.000000
3.863000 5.175000 0.000000
