-0.037500 -0.075000 0.000000
0.037500 -0.075000 0.000000
0.112500 -0.075000 0.000000
0.187500 -0.075000 0.000000
0.262500 -0.075000 0.000000
0.337500 -0.075000 0.000000
0.412500 -0.075000 0.000000
0.487500 -0.075000 0.000000
0.562500 -0.075000 0.000000
0.637500 -0.075000 0.000000
0.712500 -0.075000 0.000000
0.787500 -0.075000 0.000000
0.862500 -0.075000 0.000000
0.937500 -0.075000 0.000000
1.012000 -0.075000 0.000000
1.087000 -0.075000 0.000000
1.163000 -0.075000 0.000000
1.238000 -0.075000 0.000000
1.313000 -0.075000 0.000000
1.388000 -0.075000 0.000000
1.463000 -0.075000 0.000000
1.538000 -0.075000 0.000000
1.613000 -0.075000 0.000000
1.688000 -0.075000 0.000000
1.763000 -0.075000 0.000000
1.838000 -0.075000 0.000000
1.913000 -0.075000 0.000000
1.988000 -0.075000 0.000000
2.063000 -0.075000 0.000000
2.138000 -0.075000 0.000000
2.213000 -0.075000 0.000000
2.288000 -0.075000 0.000000
2.363000 -0.075000 0.000000
2.438000 -0.075000 0.000000
2.513000 -0.075000 0.000000
2.588000 -0.075000 0.000000
2.663000 -0.075000 0.000000
2.738000 -0.075000 0.000000
2.813000 -0.075000 0.000000
2.888000 -0.075000 0.000000
2.963000 -0.075000 0.000000
3.038000 -0.075000 0.000000
3.113000 -0.075000 0.000000
3.188000 -0.075000 0.000000
3.263000 -0.075000 0.000000
3.338000 -0.075000 0.000000
3.413000 -0.075000 0.000000
3.488000 -0.075000 0.000000
3.563000 -0.075000 0.000000
3.638000 -0.075000 0.000000
3.713000 -0.075000 0.000000
3.788000 -0.075000 0.000000
3.863000 -0.075000 0.000000
-0.037500 0.075000 0.000000
0.037500 0.075000 0.014980
0.112500 0.075000 0.029970
0.187500 0.075000 0.044950
0.262500 0.075000 0.059930
0.337500 0.075000 0.074910
0.412500 0.075000 0.089870
0.487500 0.075000 0.104800
0.562500 0.075000 0.119700
0.637500 0.075000 0.134600
0.712500 0.075000 0.149400
0.787500 0.075000 0.164100
0.862500 0.075000 0.178600
0.937500 0.075000 0.192900
1.012000 0.075000 0.207000
1.087000 0.075000 0.220800
1.163000 0.075000 0.234100
1.238000 0.075000 0.247000
1.313000 0.075000 0.259100
1.388000 0.075000 0.270500
1.463000 0.075000 0.280900
1.538000 0.075000 0.290200
1.613000 0.075000 0.298200
1.688000 0.075000 0.304700
1.763000 0.075000 0.309700
1.838000 0.075000 0.313100
1.913000 0.075000 0.314700
1.988000 0.075000 0.314500
2.063000 0.075000 0.312700
2.138000 0.075000 0.309400
2.213000 0.075000 0.304700
2.288000 0.075000 0.298800
2.363000 0.075000 0.291900
2.438000 0.075000 0.284200
2.513000 0.075000 0.276000
2.588000 0.075000 0.267400
2.663000 0.075000 0.258600
2.738000 0.075000 0.249700
2.813000 0.075000 0.240800
2.888000 0.075000 0.232000
2.963000 0.075000 0.223400
3.038000 0.075000 0.215100
3.113000 0.075000 0.207000
3.188000 0.075000 0.199200
3.263000 0.075000 0.191700
3.338000 0.075000 0.184500
3.413000 0.075000 0.177600
3.488000 0.075000 0.171000
3.563000 0.075000 0.164700
3.638000 0.075000 0.158700
3.713000 0.075000 0.152900
3.788000 0.075000 0.147500
3.863000 0.075000 0.000000
-0.037500 0.225000 0.000000
0.037500 0.225000 0.014980
0.112500 0.225000 0.029970
0.187500 0.225000 0.044950
0.262500 0.225000 0.059930
0.337500 0.225000 0.074910
0.412500 0.225000 0.089870
0.487500 0.225000 0.104800
0.562500 0.225000 0.119700
0.637500 0.225000 0.134600
0.712500 0.225000 0.149400
0.787500 0.225000 0.164100
0.862500 0.225000 0.178600
0.937500 0.225000 0.192900
1.012000 0.225000 0.207000
1.087000 0.225000 0.220800
1.163000 0.225000 0.234100
1.238000 0.225000 0.247000
1.313000 0.225000 0.259100
1.388000 0.225000 0.270500
1.463000 0.225000 0.280900
1.538000 0.225000 0.290200
1.613000 0.225000 0.298200
1.688000 0.225000 0.304700
1.763000 0.225000 0.309700
1.838000 0.225000 0.313100
1.913000 0.225000 0.314700
1.988000 0.225000 0.314500
2.063000 0.225000 0.312700
2.138000 0.225000 0.309400
2.213000 0.225000 0.304700
2.288000 0.225000 0.298800
2.363000 0.225000 0.291900
2.438000 0.225000 0.284200
2.513000 0.225000 0.276000
2.588000 0.225000 0.267400
2.663000 0.225000 0.258600
2.738000 0.225000 0.249700
2.813000 0.225000 0.240800
2.888000 0.225000 0.232000
2.963000 0.225000 0.223400
3.038000 0.225000 0.215100
3.113000 0.225000 0.207000
3.188000 0.225000 0.199200
3.263000 0.225000 0.191700
3.338000 0.225000 0.184500
3.413000 0.225000 0.177600
3.488000 0.225000 0.171000
3.563000 0.225000 0.164700
3.638000 0.225000 0.158700
3.713000 0.225000 0.152900
3.788000 0.225000 0.147500
3.863000 0.225000 0.000000
-0.037500 0.375000 0.000000
0.037500 0.375000 0.034760
0.112500 0.375000 0.038280
0.187500 0.375000 0.043700
0.262500 0.375000 0.050300
0.337500 0.375000 0.057640
0.412500 0.375000 0.065460
0.487500 0.375000 0.073600
0.562500 0.375000 0.081930
0.637500 0.375000 0.090390
0.712500 0.375000 0.098910
0.787500 0.375000 0.107400
0.862500 0.375000 0.115900
0.937500 0.375000 0.124300
1.012000 0.375000 0.132500
1.087000 0.375000 0.140600
1.163000 0.375000 0.148300
1.238000 0.375000 0.155800
1.313000 0.375000 0.162800
1.388000 0.375000 0.169300
1.463000 0.375000 0.175200
1.538000 0.375000 0.180500
1.613000 0.375000 0.185000
1.688000 0.375000 0.188600
1.763000 0.375000 0.191400
1.838000 0.375000 0.193200
1.913000 0.375000 0.194100
1.988000 0.375000 0.194000
2.063000 0.375000 0.193000
2.138000 0.375000 0.191100
2.213000 0.375000 0.188400
2.288000 0.375000 0.185100
2.363000 0.375000 0.181100
2.438000 0.375000 0.176700
2.513000 0.375000 0.172000
2.588000 0.375000 0.167000
2.663000 0.375000 0.161800
2.738000 0.375000 0.156600
2.813000 0.375000 0.151300
2.888000 0.375000 0.146100
2.963000 0.375000 0.140900
3.038000 0.375000 0.135900
3.113000 0.375000 0.131000
3.188000 0.375000 0.126300
3.263000 0.375000 0.121800
3.338000 0.375000 0.117500
3.413000 0.375000 0.113400
3.488000 0.375000 0.109600
3.563000 0.375000 0.106100
3.638000 0.375000 0.103000
3.713000 0.375000 0.100600
3.788000 0.375000 0.099000
3.863000 0.375000 0.000000
-0.037500 0.525000 0.000000
0.037500 0.525000 0.032740
0.112500 0.525000 0.033860
0.187500 0.525000 0.035880
0.262500 0.525000 0.038590
0.337500 0.525000 0.041820
0.412500 0.525000 0.045430
0.487500 0.525000 0.049310
0.562500 0.525000 0.053400
0.637500 0.525000 0.057630
0.712500 0.525000 0.061950
0.787500 0.525000 0.066310
0.862500 0.525000 0.070670
0.937500 0.525000 0.075010
1.012000 0.525000 0.079270
1.087000 0.525000 0.083430
1.163000 0.525000 0.087430
1.238000 0.525000 0.091260
1.313000 0.525000 0.094850
1.388000 0.525000 0.098170
1.463000 0.525000 0.101200
1.538000 0.525000 0.103800
1.613000 0.525000 0.106100
1.688000 0.525000 0.107900
1.763000 0.525000 0.109200
1.838000 0.525000 0.110100
1.913000 0.525000 0.110500
1.988000 0.525000 0.110500
2.063000 0.525000 0.109900
2.138000 0.525000 0.109000
2.213000 0.525000 0.107600
2.288000 0.525000 0.105900
2.363000 0.525000 0.103900
2.438000 0.525000 0.101600
2.513000 0.525000 0.099140
2.588000 0.525000 0.096530
2.663000 0.525000 0.093800
2.738000 0.525000 0.091020
2.813000 0.525000 0.088210
2.888000 0.525000 0.085410
2.963000 0.525000 0.082640
3.038000 0.525000 0.079940
3.113000 0.525000 0.077310
3.188000 0.525000 0.074790
3.263000 0.525000 0.072390
3.338000 0.525000 0.070130
3.413000 0.525000 0.068030
3.488000 0.525000 0.066120
3.563000 0.525000 0.064440
3.638000 0.525000 0.063050
3.713000 0.525000 0.062030
3.788000 0.525000 0.061480
3.863000 0.525000 0.000000
-0.037500 0.675000 0.000000
0.037500 0.675000 0.029640
0.112500 0.675000 0.030060
0.187500 0.675000 0.030870
0.262500 0.675000 0.032030
0.337500 0.675000 0.033480
0.412500 0.675000 0.035190
0.487500 0.675000 0.037090
0.562500 0.675000 0.039150
0.637500 0.675000 0.041330
0.712500 0.675000 0.043590
0.787500 0.675000 0.045900
0.862500 0.675000 0.048240
0.937500 0.675000 0.050570
1.012000 0.675000 0.052880
1.087000 0.675000 0.055120
1.163000 0.675000 0.057280
1.238000 0.675000 0.059340
1.313000 0.675000 0.061260
1.388000 0.675000 0.063030
1.463000 0.675000 0.064610
1.538000 0.675000 0.066000
1.613000 0.675000 0.067170
1.688000 0.675000 0.068110
1.763000 0.675000 0.068800
1.838000 0.675000 0.069250
1.913000 0.675000 0.069430
1.988000 0.675000 0.069370
2.063000 0.675000 0.069070
2.138000 0.675000 0.068540
2.213000 0.675000 0.067790
2.288000 0.675000 0.066860
2.363000 0.675000 0.065760
2.438000 0.675000 0.064510
2.513000 0.675000 0.063150
2.588000 0.675000 0.061690
2.663000 0.675000 0.060170
2.738000 0.675000 0.058600
2.813000 0.675000 0.057010
2.888000 0.675000 0.055420
2.963000 0.675000 0.053840
3.038000 0.675000 0.052300
3.113000 0.675000 0.050810
3.188000 0.675000 0.049390
3.263000 0.675000 0.048050
3.338000 0.675000 0.046800
3.413000 0.675000 0.045680
3.488000 0.675000 0.044690
3.563000 0.675000 0.043850
3.638000 0.675000 0.043180
3.713000 0.675000 0.042720
3.788000 0.675000 0.042480
3.863000 0.675000 0.000000
-0.037500 0.825000 0.000000
0.037500 0.825000 0.026610
0.112500 0.825000 0.026860
0.187500 0.825000 0.027370
0.262500 0.825000 0.028110
0.337500 0.825000 0.029060
0.412500 0.825000 0.030190
0.487500 0.825000 0.031470
0.562500 0.825000 0.032880
0.637500 0.825000 0.034380
0.712500 0.825000 0.035950
0.787500 0.825000 0.037570
0.862500 0.825000 0.039210
0.937500 0.825000 0.040860
1.012000 0.825000 0.042480
1.087000 0.825000 0.044070
1.163000 0.825000 0.045600
1.238000 0.825000 0.047050
1.313000 0.825000 0.048400
1.388000 0.825000 0.049650
1.463000 0.825000 0.050760
1.538000 0.825000 0.051730
1.613000 0.825000 0.052540
1.688000 0.825000 0.053190
1.763000 0.825000 0.053660
1.838000 0.825000 0.053960
1.913000 0.825000 0.054080
1.988000 0.825000 0.054030
2.063000 0.825000 0.053800
2.138000 0.825000 0.053420
2.213000 0.825000 0.052880
2.288000 0.825000 0.052210
2.363000 0.825000 0.051420
2.438000 0.825000 0.050520
2.513000 0.825000 0.049540
2.588000 0.825000 0.048480
2.663000 0.825000 0.047380
2.738000 0.825000 0.046240
2.813000 0.825000 0.045080
2.888000 0.825000 0.043920
2.963000 0.825000 0.042770
3.038000 0.825000 0.041640
3.113000 0.825000 0.040560
3.188000 0.825000 0.039530
3.263000 0.825000 0.038570
3.338000 0.825000 0.037680
3.413000 0.825000 0.036890
3.488000 0.825000 0.036200
3.563000 0.825000 0.035630
3.638000 0.825000 0.035190
3.713000 0.825000 0.034880
3.788000 0.825000 0.034720
3.863000 0.825000 0.000000
-0.037500 0.975000 0.000000
0.037500 0.975000 0.023280
0.112500 0.975000 0.023460
0.187500 0.975000 0.023800
0.262500 0.975000 0.024310
0.337500 0.975000 0.024960
0.412500 0.975000 0.025740
0.487500 0.975000 0.026640
0.562500 0.975000 0.027630
0.637500 0.975000 0.028690
0.712500 0.975000 0.029820
0.787500 0.975000 0.030980
0.862500 0.975000 0.032160
0.937500 0.975000 0.033350
1.012000 0.975000 0.034530
1.087000 0.975000 0.035680
1.163000 0.975000 0.036790
1.238000 0.975000 0.037840
1.313000 0.975000 0.038820
1.388000 0.975000 0.039710
1.463000 0.975000 0.040510
1.538000 0.975000 0.041210
1.613000 0.975000 0.041790
1.688000 0.975000 0.042250
1.763000 0.975000 0.042590
1.838000 0.975000 0.042800
1.913000 0.975000 0.042880
1.988000 0.975000 0.042830
2.063000 0.975000 0.042660
2.138000 0.975000 0.042370
2.213000 0.975000 0.041970
2.288000 0.975000 0.041480
2.363000 0.975000 0.040890
2.438000 0.975000 0.040230
2.513000 0.975000 0.039500
2.588000 0.975000 0.038720
2.663000 0.975000 0.037900
2.738000 0.975000 0.037050
2.813000 0.975000 0.036190
2.888000 0.975000 0.035320
2.963000 0.975000 0.034460
3.038000 0.975000 0.033630
3.113000 0.975000 0.032820
3.188000 0.975000 0.032060
3.263000 0.975000 0.031350
3.338000 0.975000 0.030710
3.413000 0.975000 0.030140
3.488000 0.975000 0.029650
3.563000 0.975000 0.029240
3.638000 0.975000 0.028940
3.713000 0.975000 0.028730
3.788000 0.975000 0.028620
3.863000 0.975000 0.000000
-0.037500 1.125000 0.000000
0.037500 1.125000 0.020210
0.112500 1.125000 0.020340
0.187500 1.125000 0.020590
0.262500 1.125000 0.020970
0.337500 1.125000 0.021450
0.412500 1.125000 0.022040
0.487500 1.125000 0.022710
0.562500 1.125000 0.023450
0.637500 1.125000 0.024260
0.712500 1.125000 0.025110
0.787500 1.125000 0.025990
0.862500 1.125000 0.026890
0.937500 1.125000 0.027800
1.012000 1.125000 0.028700
1.087000 1.125000 0.029580
1.163000 1.125000 0.030430
1.238000 1.125000 0.031230
1.313000 1.125000 0.031980
1.388000 1.125000 0.032660
1.463000 1.125000 0.033270
1.538000 1.125000 0.033800
1.613000 1.125000 0.034240
1.688000 1.125000 0.034590
1.763000 1.125000 0.034850
1.838000 1.125000 0.035000
1.913000 1.125000 0.035060
1.988000 1.125000 0.035020
2.063000 1.125000 0.034880
2.138000 1.125000 0.034660
2.213000 1.125000 0.034350
2.288000 1.125000 0.033960
2.363000 1.125000 0.033510
2.438000 1.125000 0.032990
2.513000 1.125000 0.032420
2.588000 1.125000 0.031810
2.663000 1.125000 0.031170
2.738000 1.125000 0.030510
2.813000 1.125000 0.029840
2.888000 1.125000 0.029160
2.963000 1.125000 0.028490
3.038000 1.125000 0.027840
3.113000 1.125000 0.027210
3.188000 1.125000 0.026620
3.263000 1.125000 0.026080
3.338000 1.125000 0.025580
3.413000 1.125000 0.025140
3.488000 1.125000 0.024770
3.563000 1.125000 0.024470
3.638000 1.125000 0.024240
3.713000 1.125000 0.024090
3.788000 1.125000 0.024010
3.863000 1.125000 0.000000
-0.037500 1.275000 0.000000
0.037500 1.275000 0.014950
0.112500 1.275000 0.015040
0.187500 1.275000 0.015210
0.262500 1.275000 0.015460
0.337500 1.275000 0.015790
0.412500 1.275000 0.016180
0.487500 1.275000 0.016640
0.562500 1.275000 0.017140
0.637500 1.275000 0.017690
0.712500 1.275000 0.018270
0.787500 1.275000 0.018870
0.862500 1.275000 0.019480
0.937500 1.275000 0.020100
1.012000 1.275000 0.020720
1.087000 1.275000 0.021320
1.163000 1.275000 0.021890
1.238000 1.275000 0.022440
1.313000 1.275000 0.022950
1.388000 1.275000 0.023420
1.463000 1.275000 0.023840
1.538000 1.275000 0.024200
1.613000 1.275000 0.024500
1.688000 1.275000 0.024740
1.763000 1.275000 0.024910
1.838000 1.275000 0.025010
1.913000 1.275000 0.025050
1.988000 1.275000 0.025020
2.063000 1.275000 0.024930
2.138000 1.275000 0.024770
2.213000 1.275000 0.024550
2.288000 1.275000 0.024290
2.363000 1.275000 0.023970
2.438000 1.275000 0.023620
2.513000 1.275000 0.023220
2.588000 1.275000 0.022800
2.663000 1.275000 0.022360
2.738000 1.275000 0.021900
2.813000 1.275000 0.021430
2.888000 1.275000 0.020970
2.963000 1.275000 0.020500
3.038000 1.275000 0.020050
3.113000 1.275000 0.019620
3.188000 1.275000 0.019220
3.263000 1.275000 0.018840
3.338000 1.275000 0.018500
3.413000 1.275000 0.018200
3.488000 1.275000 0.017950
3.563000 1.275000 0.017750
3.638000 1.275000 0.017590
3.713000 1.275000 0.017490
3.788000 1.275000 0.017430
3.863000 1.275000 0.000000
-0.037500 1.425000 0.000000
0.037500 1.425000 0.009675
0.112500 1.425000 0.009727
0.187500 1.425000 0.009826
0.262500 1.425000 0.009972
0.337500 1.425000 0.010160
0.412500 1.425000 0.010390
0.487500 1.425000 0.010650
0.562500 1.425000 0.010940
0.637500 1.425000 0.011260
0.712500 1.425000 0.011600
0.787500 1.425000 0.011950
0.862500 1.425000 0.012310
0.937500 1.425000 0.012670
1.012000 1.425000 0.013030
1.087000 1.425000 0.013390
1.163000 1.425000 0.013720
1.238000 1.425000 0.014050
1.313000 1.425000 0.014350
1.388000 1.425000 0.014620
1.463000 1.425000 0.014860
1.538000 1.425000 0.015080
1.613000 1.425000 0.015250
1.688000 1.425000 0.015390
1.763000 1.425000 0.015490
1.838000 1.425000 0.015550
1.913000 1.425000 0.015570
1.988000 1.425000 0.015550
2.063000 1.425000 0.015490
2.138000 1.425000 0.015400
2.213000 1.425000 0.015270
2.288000 1.425000 0.015110
2.363000 1.425000 0.014920
2.438000 1.425000 0.014710
2.513000 1.425000 0.014470
2.588000 1.425000 0.014220
2.663000 1.425000 0.013960
2.738000 1.425000 0.013690
2.813000 1.425000 0.013410
2.888000 1.425000 0.013130
2.963000 1.425000 0.012850
3.038000 1.425000 0.012590
3.113000 1.425000 0.012330
3.188000 1.425000 0.012090
3.263000 1.425000 0.011870
3.338000 1.425000 0.011670
3.413000 1.425000 0.011490
3.488000 1.425000 0.011340
3.563000 1.425000 0.011220
3.638000 1.425000 0.011130
3.713000 1.425000 0.011070
3.788000 1.425000 0.011030
3.863000 1.425000 0.000000
-0.037500 1.575000 0.000000
0.037500 1.575000 0.006186
0.112500 1.575000 0.006215
0.187500 1.575000 0.006272
0.262500 1.575000 0.006355
0.337500 1.575000 0.006463
0.412500 1.575000 0.006595
0.487500 1.575000 0.006746
0.562500 1.575000 0.006916
0.637500 1.575000 0.007100
0.712500 1.575000 0.007296
0.787500 1.575000 0.007500
0.862500 1.575000 0.007709
0.937500 1.575000 0.007920
1.012000 1.575000 0.008130
1.087000 1.575000 0.008336
1.163000 1.575000 0.008534
1.238000 1.575000 0.008721
1.313000 1.575000 0.008896
1.388000 1.575000 0.009056
1.463000 1.575000 0.009198
1.538000 1.575000 0.009320
1.613000 1.575000 0.009422
1.688000 1.575000 0.009502
1.763000 1.575000 0.009559
1.838000 1.575000 0.009593
1.913000 1.575000 0.009604
1.988000 1.575000 0.009591
2.063000 1.575000 0.009557
2.138000 1.575000 0.009500
2.213000 1.575000 0.009424
2.288000 1.575000 0.009329
2.363000 1.575000 0.009218
2.438000 1.575000 0.009092
2.513000 1.575000 0.008953
2.588000 1.575000 0.008804
2.663000 1.575000 0.008648
2.738000 1.575000 0.008486
2.813000 1.575000 0.008322
2.888000 1.575000 0.008157
2.963000 1.575000 0.007994
3.038000 1.575000 0.007836
3.113000 1.575000 0.007685
3.188000 1.575000 0.007543
3.263000 1.575000 0.007412
3.338000 1.575000 0.007294
3.413000 1.575000 0.007190
3.488000 1.575000 0.007102
3.563000 1.575000 0.007030
3.638000 1.575000 0.006975
3.713000 1.575000 0.006937
3.788000 1.575000 0.006916
3.863000 1.575000 0.000000
-0.037500 1.725000 0.000000
0.037500 1.725000 0.003901
0.112500 1.725000 0.003916
0.187500 1.725000 0.003948
0.262500 1.725000 0.003996
0.337500 1.725000 0.004057
0.412500 1.725000 0.004132
0.487500 1.725000 0.004219
0.562500 1.725000 0.004317
0.637500 1.725000 0.004422
0.712500 1.725000 0.004535
0.787500 1.725000 0.004653
0.862500 1.725000 0.004774
0.937500 1.725000 0.004896
1.012000 1.725000 0.005017
1.087000 1.725000 0.005136
1.163000 1.725000 0.005250
1.238000 1.725000 0.005359
1.313000 1.725000 0.005460
1.388000 1.725000 0.005552
1.463000 1.725000 0.005634
1.538000 1.725000 0.005704
1.613000 1.725000 0.005763
1.688000 1.725000 0.005809
1.763000 1.725000 0.005841
1.838000 1.725000 0.005860
1.913000 1.725000 0.005866
1.988000 1.725000 0.005858
2.063000 1.725000 0.005837
2.138000 1.725000 0.005804
2.213000 1.725000 0.005759
2.288000 1.725000 0.005703
2.363000 1.725000 0.005637
2.438000 1.725000 0.005563
2.513000 1.725000 0.005482
2.588000 1.725000 0.005395
2.663000 1.725000 0.005303
2.738000 1.725000 0.005208
2.813000 1.725000 0.005112
2.888000 1.725000 0.005015
2.963000 1.725000 0.004920
3.038000 1.725000 0.004828
3.113000 1.725000 0.004739
3.188000 1.725000 0.004656
3.263000 1.725000 0.004580
3.338000 1.725000 0.004511
3.413000 1.725000 0.004450
3.488000 1.725000 0.004398
3.563000 1.725000 0.004356
3.638000 1.725000 0.004323
3.713000 1.725000 0.004299
3.788000 1.725000 0.004286
3.863000 1.725000 0.000000
-0.037500 1.875000 0.000000
0.037500 1.875000 0.002410
0.112500 1.875000 0.002419
0.187500 1.875000 0.002437
0.262500 1.875000 0.002463
0.337500 1.875000 0.002498
0.412500 1.875000 0.002541
0.487500 1.875000 0.002590
0.562500 1.875000 0.002645
0.637500 1.875000 0.002705
0.712500 1.875000 0.002769
0.787500 1.875000 0.002835
0.862500 1.875000 0.002904
0.937500 1.875000 0.002973
1.012000 1.875000 0.003042
1.087000 1.875000 0.003110
1.163000 1.875000 0.003175
1.238000 1.875000 0.003237
1.313000 1.875000 0.003294
1.388000 1.875000 0.003346
1.463000 1.875000 0.003393
1.538000 1.875000 0.003433
1.613000 1.875000 0.003466
1.688000 1.875000 0.003492
1.763000 1.875000 0.003510
1.838000 1.875000 0.003521
1.913000 1.875000 0.003524
1.988000 1.875000 0.003519
2.063000 1.875000 0.003507
2.138000 1.875000 0.003487
2.213000 1.875000 0.003461
2.288000 1.875000 0.003429
2.363000 1.875000 0.003391
2.438000 1.875000 0.003348
2.513000 1.875000 0.003301
2.588000 1.875000 0.003251
2.663000 1.875000 0.003198
2.738000 1.875000 0.003143
2.813000 1.875000 0.003087
2.888000 1.875000 0.003032
2.963000 1.875000 0.002977
3.038000 1.875000 0.002924
3.113000 1.875000 0.002873
3.188000 1.875000 0.002826
3.263000 1.875000 0.002782
3.338000 1.875000 0.002742
3.413000 1.875000 0.002707
3.488000 1.875000 0.002677
3.563000 1.875000 0.002653
3.638000 1.875000 0.002633
3.713000 1.875000 0.002619
3.788000 1.875000 0.002611
3.863000 1.875000 0.000000
-0.037500 2.025000 0.000000
0.037500 2.025000 0.001439
0.112500 2.025000 0.001444
0.187500 2.025000 0.001453
0.262500 2.025000 0.001468
0.337500 2.025000 0.001486
0.412500 2.025000 0.001509
0.487500 2.025000 0.001536
0.562500 2.025000 0.001566
0.637500 2.025000 0.001599
0.712500 2.025000 0.001634
0.787500 2.025000 0.001670
0.862500 2.025000 0.001708
0.937500 2.025000 0.001746
1.012000 2.025000 0.001784
1.087000 2.025000 0.001820
1.163000 2.025000 0.001856
1.238000 2.025000 0.001890
1.313000 2.025000 0.001921
1.388000 2.025000 0.001950
1.463000 2.025000 0.001975
1.538000 2.025000 0.001997
1.613000 2.025000 0.002015
1.688000 2.025000 0.002029
1.763000 2.025000 0.002039
1.838000 2.025000 0.002045
1.913000 2.025000 0.002046
1.988000 2.025000 0.002043
2.063000 2.025000 0.002036
2.138000 2.025000 0.002025
2.213000 2.025000 0.002011
2.288000 2.025000 0.001993
2.363000 2.025000 0.001972
2.438000 2.025000 0.001948
2.513000 2.025000 0.001922
2.588000 2.025000 0.001894
2.663000 2.025000 0.001864
2.738000 2.025000 0.001834
2.813000 2.025000 0.001803
2.888000 2.025000 0.001772
2.963000 2.025000 0.001742
3.038000 2.025000 0.001713
3.113000 2.025000 0.001685
3.188000 2.025000 0.001658
3.263000 2.025000 0.001634
3.338000 2.025000 0.001612
3.413000 2.025000 0.001593
3.488000 2.025000 0.001576
3.563000 2.025000 0.001562
3.638000 2.025000 0.001552
3.713000 2.025000 0.001544
3.788000 2.025000 0.001539
3.863000 2.025000 0.000000
-0.037500 2.175000 0.000000
0.037500 2.175000 0.000794
0.112500 2.175000 0.000796
0.187500 2.175000 0.000801
0.262500 2.175000 0.000808
0.337500 2.175000 0.000817
0.412500 2.175000 0.000828
0.487500 2.175000 0.000841
0.562500 2.175000 0.000855
0.637500 2.175000 0.000871
0.712500 2.175000 0.000888
0.787500 2.175000 0.000906
0.862500 2.175000 0.000924
0.937500 2.175000 0.000942
1.012000 2.175000 0.000961
1.087000 2.175000 0.000979
1.163000 2.175000 0.000996
1.238000 2.175000 0.001012
1.313000 2.175000 0.001027
1.388000 2.175000 0.001041
1.463000 2.175000 0.001054
1.538000 2.175000 0.001064
1.613000 2.175000 0.001073
1.688000 2.175000 0.001080
1.763000 2.175000 0.001084
1.838000 2.175000 0.001087
1.913000 2.175000 0.001087
1.988000 2.175000 0.001086
2.063000 2.175000 0.001082
2.138000 2.175000 0.001077
2.213000 2.175000 0.001069
2.288000 2.175000 0.001060
2.363000 2.175000 0.001050
2.438000 2.175000 0.001038
2.513000 2.175000 0.001025
2.588000 2.175000 0.001011
2.663000 2.175000 0.000997
2.738000 2.175000 0.000982
2.813000 2.175000 0.000966
2.888000 2.175000 0.000951
2.963000 2.175000 0.000936
3.038000 2.175000 0.000921
3.113000 2.175000 0.000908
3.188000 2.175000 0.000895
3.263000 2.175000 0.000883
3.338000 2.175000 0.000872
3.413000 2.175000 0.000862
3.488000 2.175000 0.000854
3.563000 2.175000 0.000848
3.638000 2.175000 0.000843
3.713000 2.175000 0.000838
3.788000 2.175000 0.000836
3.863000 2.175000 0.000000
-0.037500 2.325000 0.000000
0.037500 2.325000 0.000492
0.112500 2.325000 0.000493
0.187500 2.325000 0.000495
0.262500 2.325000 0.000499
0.337500 2.325000 0.000503
0.412500 2.325000 0.000509
0.487500 2.325000 0.000515
0.562500 2.325000 0.000523
0.637500 2.325000 0.000531
0.712500 2.325000 0.000539
0.787500 2.325000 0.000548
0.862500 2.325000 0.000557
0.937500 2.325000 0.000567
1.012000 2.325000 0.000576
1.087000 2.325000 0.000585
1.163000 2.325000 0.000594
1.238000 2.325000 0.000602
1.313000 2.325000 0.000609
1.388000 2.325000 0.000616
1.463000 2.325000 0.000623
1.538000 2.325000 0.000628
1.613000 2.325000 0.000632
1.688000 2.325000 0.000636
1.763000 2.325000 0.000638
1.838000 2.325000 0.000639
1.913000 2.325000 0.000639
1.988000 2.325000 0.000638
2.063000 2.325000 0.000636
2.138000 2.325000 0.000633
2.213000 2.325000 0.000629
2.288000 2.325000 0.000624
2.363000 2.325000 0.000619
2.438000 2.325000 0.000612
2.513000 2.325000 0.000606
2.588000 2.325000 0.000598
2.663000 2.325000 0.000591
2.738000 2.325000 0.000583
2.813000 2.325000 0.000575
2.888000 2.325000 0.000567
2.963000 2.325000 0.000559
3.038000 2.325000 0.000552
3.113000 2.325000 0.000544
3.188000 2.325000 0.000538
3.263000 2.325000 0.000531
3.338000 2.325000 0.000526
3.413000 2.325000 0.000521
3.488000 2.325000 0.000517
3.563000 2.325000 0.000514
3.638000 2.325000 0.000511
3.713000 2.325000 0.000509
3.788000 2.325000 0.000508
3.863000 2.325000 0.000000
-0.037500 2.475000 0.000000
0.037500 2.475000 0.000377
0.112500 2.475000 0.000378
0.187500 2.475000 0.000379
0.262500 2.475000 0.000381
0.337500 2.475000 0.000385
0.412500 2.475000 0.000388
0.487500 2.475000 0.000393
0.562500 2.475000 0.000398
0.637500 2.475000 0.000403
0.712500 2.475000 0.000409
0.787500 2.475000 0.000415
0.862500 2.475000 0.000421
0.937500 2.475000 0.000428
1.012000 2.475000 0.000434
1.087000 2.475000 0.000440
1.163000 2.475000 0.000446
1.238000 2.475000 0.000452
1.313000 2.475000 0.000457
1.388000 2.475000 0.000461
1.463000 2.475000 0.000466
1.538000 2.475000 0.000469
1.613000 2.475000 0.000472
1.688000 2.475000 0.000474
1.763000 2.475000 0.000476
1.838000 2.475000 0.000476
1.913000 2.475000 0.000476
1.988000 2.475000 0.000476
2.063000 2.475000 0.000474
2.138000 2.475000 0.000472
2.213000 2.475000 0.000469
2.288000 2.475000 0.000466
2.363000 2.475000 0.000462
2.438000 2.475000 0.000458
2.513000 2.475000 0.000453
2.588000 2.475000 0.000448
2.663000 2.475000 0.000442
2.738000 2.475000 0.000437
2.813000 2.475000 0.000432
2.888000 2.475000 0.000426
2.963000 2.475000 0.000421
3.038000 2.475000 0.000415
3.113000 2.475000 0.000411
3.188000 2.475000 0.000406
3.263000 2.475000 0.000402
3.338000 2.475000 0.000398
3.413000 2.475000 0.000395
3.488000 2.475000 0.000392
3.563000 2.475000 0.000390
3.638000 2.475000 0.000388
3.713000 2.475000 0.000387
3.788000 2.475000 0.000386
3.863000 2.475000 0.000000
-0.037500 2.625000 0.000000
0.037500 2.625000 0.000292
0.112500 2.625000 0.000293
0.187500 2.625000 0.000294
0.262500 2.625000 0.000295
0.337500 2.625000 0.000298
0.412500 2.625000 0.000300
0.487500 2.625000 0.000303
0.562500 2.625000 0.000307
0.637500 2.625000 0.000311
0.712500 2.625000 0.000315
0.787500 2.625000 0.000319
0.862500 2.625000 0.000323
0.937500 2.625000 0.000328
1.012000 2.625000 0.000332
1.087000 2.625000 0.000336
1.163000 2.625000 0.000341
1.238000 2.625000 0.000344
1.313000 2.625000 0.000348
1.388000 2.625000 0.000351
1.463000 2.625000 0.000354
1.538000 2.625000 0.000357
1.613000 2.625000 0.000359
1.688000 2.625000 0.000360
1.763000 2.625000 0.000361
1.838000 2.625000 0.000362
1.913000 2.625000 0.000361
1.988000 2.625000 0.000361
2.063000 2.625000 0.000360
2.138000 2.625000 0.000358
2.213000 2.625000 0.000356
2.288000 2.625000 0.000354
2.363000 2.625000 0.000351
2.438000 2.625000 0.000348
2.513000 2.625000 0.000345
2.588000 2.625000 0.000341
2.663000 2.625000 0.000337
2.738000 2.625000 0.000333
2.813000 2.625000 0.000330
2.888000 2.625000 0.000326
2.963000 2.625000 0.000322
3.038000 2.625000 0.000318
3.113000 2.625000 0.000315
3.188000 2.625000 0.000311
3.263000 2.625000 0.000308
3.338000 2.625000 0.000306
3.413000 2.625000 0.000304
3.488000 2.625000 0.000302
3.563000 2.625000 0.000300
3.638000 2.625000 0.000299
3.713000 2.625000 0.000298
3.788000 2.625000 0.000298
3.863000 2.625000 0.000000
-0.037500 2.775000 0.000000
0.037500 2.775000 0.000232
0.112500 2.775000 0.000233
0.187500 2.775000 0.000234
0.262500 2.775000 0.000235
0.337500 2.775000 0.000237
0.412500 2.775000 0.000239
0.487500 2.775000 0.000241
0.562500 2.775000 0.000244
0.637500 2.775000 0.000247
0.712500 2.775000 0.000250
0.787500 2.775000 0.000253
0.862500 2.775000 0.000256
0.937500 2.775000 0.000259
1.012000 2.775000 0.000262
1.087000 2.775000 0.000266
1.163000 2.775000 0.000269
1.238000 2.775000 0.000272
1.313000 2.775000 0.000274
1.388000 2.775000 0.000277
1.463000 2.775000 0.000279
1.538000 2.775000 0.000281
1.613000 2.775000 0.000282
1.688000 2.775000 0.000283
1.763000 2.775000 0.000284
1.838000 2.775000 0.000284
1.913000 2.775000 0.000284
1.988000 2.775000 0.000284
2.063000 2.775000 0.000283
2.138000 2.775000 0.000282
2.213000 2.775000 0.000280
2.288000 2.775000 0.000278
2.363000 2.775000 0.000276
2.438000 2.775000 0.000274
2.513000 2.775000 0.000272
2.588000 2.775000 0.000269
2.663000 2.775000 0.000266
2.738000 2.775000 0.000263
2.813000 2.775000 0.000260
2.888000 2.775000 0.000257
2.963000 2.775000 0.000254
3.038000 2.775000 0.000252
3.113000 2.775000 0.000249
3.188000 2.775000 0.000247
3.263000 2.775000 0.000244
3.338000 2.775000 0.000243
3.413000 2.775000 0.000241
3.488000 2.775000 0.000240
3.563000 2.775000 0.000239
3.638000 2.775000 0.000238
3.713000 2.775000 0.000237
3.788000 2.775000 0.000237
3.863000 2.775000 0.000000
-0.037500 2.925000 0.000000
0.037500 2.925000 0.000156
0.112500 2.925000 0.000156
0.187500 2.925000 0.000157
0.262500 2.925000 0.000158
0.337500 2.925000 0.000159
0.412500 2.925000 0.000160
0.487500 2.925000 0.000162
0.562500 2.925000 0.000164
0.637500 2.925000 0.000165
0.712500 2.925000 0.000167
0.787500 2.925000 0.000169
0.862500 2.925000 0.000172
0.937500 2.925000 0.000174
1.012000 2.925000 0.000176
1.087000 2.925000 0.000178
1.163000 2.925000 0.000180
1.238000 2.925000 0.000182
1.313000 2.925000 0.000184
1.388000 2.925000 0.000185
1.463000 2.925000 0.000186
1.538000 2.925000 0.000188
1.613000 2.925000 0.000189
1.688000 2.925000 0.000189
1.763000 2.925000 0.000190
1.838000 2.925000 0.000190
1.913000 2.925000 0.000190
1.988000 2.925000 0.000190
2.063000 2.925000 0.000189
2.138000 2.925000 0.000188
2.213000 2.925000 0.000188
2.288000 2.925000 0.000186
2.363000 2.925000 0.000185
2.438000 2.925000 0.000183
2.513000 2.925000 0.000182
2.588000 2.925000 0.000180
2.663000 2.925000 0.000178
2.738000 2.925000 0.000176
2.813000 2.925000 0.000174
2.888000 2.925000 0.000173
2.963000 2.925000 0.000171
3.038000 2.925000 0.000169
3.113000 2.925000 0.000167
3.188000 2.925000 0.000166
3.263000 2.925000 0.000164
3.338000 2.925000 0.000163
3.413000 2.925000 0.000162
3.488000 2.925000 0.000161
3.563000 2.925000 0.000161
3.638000 2.925000 0.000160
3.713000 2.925000 0.000160
3.788000 2.925000 0.000160
3.863000 2.925000 0.000000
-0.037500 3.075000 0.000000
0.037500 3.075000 0.000089
0.112500 3.075000 0.000090
0.187500 3.075000 0.000090
0.262500 3.075000 0.000090
0.337500 3.075000 0.000091
0.412500 3.075000 0.000092
0.487500 3.075000 0.000093
0.562500 3.075000 0.000093
0.637500 3.075000 0.000094
0.712500 3.075000 0.000096
0.787500 3.075000 0.000097
0.862500 3.075000 0.000098
0.937500 3.075000 0.000099
1.012000 3.075000 0.000100
1.087000 3.075000 0.000101
1.163000 3.075000 0.000103
1.238000 3.075000 0.000104
1.313000 3.075000 0.000105
1.388000 3.075000 0.000105
1.463000 3.075000 0.000106
1.538000 3.075000 0.000107
1.613000 3.075000 0.000107
1.688000 3.075000 0.000108
1.763000 3.075000 0.000108
1.838000 3.075000 0.000108
1.913000 3.075000 0.000108
1.988000 3.075000 0.000108
2.063000 3.075000 0.000108
2.138000 3.075000 0.000107
2.213000 3.075000 0.000107
2.288000 3.075000 0.000106
2.363000 3.075000 0.000105
2.438000 3.075000 0.000105
2.513000 3.075000 0.000104
2.588000 3.075000 0.000103
2.663000 3.075000 0.000102
2.738000 3.075000 0.000101
2.813000 3.075000 0.000100
2.888000 3.075000 0.000098
2.963000 3.075000 0.000097
3.038000 3.075000 0.000097
3.113000 3.075000 0.000096
3.188000 3.075000 0.000095
3.263000 3.075000 0.000094
3.338000 3.075000 0.000093
3.413000 3.075000 0.000093
3.488000 3.075000 0.000092
3.563000 3.075000 0.000092
3.638000 3.075000 0.000092
3.713000 3.075000 0.000092
3.788000 3.075000 0.000092
3.863000 3.075000 0.000000
-0.037500 3.225000 0.000000
0.037500 3.225000 0.000051
0.112500 3.225000 0.000051
0.187500 3.225000 0.000051
0.262500 3.225000 0.000051
0.337500 3.225000 0.000051
0.412500 3.225000 0.000052
0.487500 3.225000 0.000052
0.562500 3.225000 0.000053
0.637500 3.225000 0.000053
0.712500 3.225000 0.000054
0.787500 3.225000 0.000055
0.862500 3.225000 0.000055
0.937500 3.225000 0.000056
1.012000 3.225000 0.000057
1.087000 3.225000 0.000057
1.163000 3.225000 0.000058
1.238000 3.225000 0.000058
1.313000 3.225000 0.000059
1.388000 3.225000 0.000059
1.463000 3.225000 0.000060
1.538000 3.225000 0.000060
1.613000 3.225000 0.000060
1.688000 3.225000 0.000061
1.763000 3.225000 0.000061
1.838000 3.225000 0.000061
1.913000 3.225000 0.000061
1.988000 3.225000 0.000061
2.063000 3.225000 0.000061
2.138000 3.225000 0.000060
2.213000 3.225000 0.000060
2.288000 3.225000 0.000060
2.363000 3.225000 0.000059
2.438000 3.225000 0.000059
2.513000 3.225000 0.000058
2.588000 3.225000 0.000058
2.663000 3.225000 0.000057
2.738000 3.225000 0.000057
2.813000 3.225000 0.000056
2.888000 3.225000 0.000056
2.963000 3.225000 0.000055
3.038000 3.225000 0.000055
3.113000 3.225000 0.000054
3.188000 3.225000 0.000054
3.263000 3.225000 0.000053
3.338000 3.225000 0.000053
3.413000 3.225000 0.000053
3.488000 3.225000 0.000052
3.563000 3.225000 0.000052
3.638000 3.225000 0.000052
3.713000 3.225000 0.000052
3.788000 3.225000 0.000052
3.863000 3.225000 0.000000
-0.037500 3.375000 0.000000
0.037500 3.375000 0.000028
0.112500 3.375000 0.000028
0.187500 3.375000 0.000029
0.262500 3.375000 0.000029
0.337500 3.375000 0.000029
0.412500 3.375000 0.000029
0.487500 3.375000 0.000029
0.562500 3.375000 0.000030
0.637500 3.375000 0.000030
0.712500 3.375000 0.000030
0.787500 3.375000 0.000031
0.862500 3.375000 0.000031
0.937500 3.375000 0.000031
1.012000 3.375000 0.000032
1.087000 3.375000 0.000032
1.163000 3.375000 0.000032
1.238000 3.375000 0.000033
1.313000 3.375000 0.000033
1.388000 3.375000 0.000033
1.463000 3.375000 0.000033
1.538000 3.375000 0.000034
1.613000 3.375000 0.000034
1.688000 3.375000 0.000034
1.763000 3.375000 0.000034
1.838000 3.375000 0.000034
1.913000 3.375000 0.000034
1.988000 3.375000 0.000034
2.063000 3.375000 0.000034
2.138000 3.375000 0.000034
2.213000 3.375000 0.000034
2.288000 3.375000 0.000033
2.363000 3.375000 0.000033
2.438000 3.375000 0.000033
2.513000 3.375000 0.000033
2.588000 3.375000 0.000032
2.663000 3.375000 0.000032
2.738000 3.375000 0.000032
2.813000 3.375000 0.000031
2.888000 3.375000 0.000031
2.963000 3.375000 0.000031
3.038000 3.375000 0.000031
3.113000 3.375000 0.000030
3.188000 3.375000 0.000030
3.263000 3.375000 0.000030
3.338000 3.375000 0.000030
3.413000 3.375000 0.000030
3.488000 3.375000 0.000029
3.563000 3.375000 0.000029
3.638000 3.375000 0.000029
3.713000 3.375000 0.000029
3.788000 3.375000 0.000029
3.863000 3.375000 0.000000
-0.037500 3.525000 0.000000
0.037500 3.525000 0.000016
0.112500 3.525000 0.000016
0.187500 3.525000 0.000016
0.262500 3.525000 0.000016
0.337500 3.525000 0.000016
0.412500 3.525000 0.000016
0.487500 3.525000 0.000016
0.562500 3.525000 0.000016
0.637500 3.525000 0.000017
0.712500 3.525000 0.000017
0.787500 3.525000 0.000017
0.862500 3.525000 0.000017
0.937500 3.525000 0.000017
1.012000 3.525000 0.000017
1.087000 3.525000 0.000018
1.163000 3.525000 0.000018
1.238000 3.525000 0.000018
1.313000 3.525000 0.000018
1.388000 3.525000 0.000018
1.463000 3.525000 0.000018
1.538000 3.525000 0.000018
1.613000 3.525000 0.000019
1.688000 3.525000 0.000019
1.763000 3.525000 0.000019
1.838000 3.525000 0.000019
1.913000 3.525000 0.000019
1.988000 3.525000 0.000019
2.063000 3.525000 0.000019
2.138000 3.525000 0.000019
2.213000 3.525000 0.000018
2.288000 3.525000 0.000018
2.363000 3.525000 0.000018
2.438000 3.525000 0.000018
2.513000 3.525000 0.000018
2.588000 3.525000 0.000018
2.663000 3.525000 0.000018
2.738000 3.525000 0.000018
2.813000 3.525000 0.000017
2.888000 3.525000 0.000017
2.963000 3.525000 0.000017
3.038000 3.525000 0.000017
3.113000 3.525000 0.000017
3.188000 3.525000 0.000017
3.263000 3.525000 0.000017
3.338000 3.525000 0.000016
3.413000 3.525000 0.000016
3.488000 3.525000 0.000016
3.563000 3.525000 0.000016
3.638000 3.525000 0.000016
3.713000 3.525000 0.000016
3.788000 3.525000 0.000016
3.863000 3.525000 0.000000
-0.037500 3.675000 0.000000
0.037500 3.675000 0.000009
0.112500 3.675000 0.000009
0.187500 3.675000 0.000009
0.262500 3.675000 0.000009
0.337500 3.675000 0.000009
0.412500 3.675000 0.000009
0.487500 3.675000 0.000009
0.562500 3.675000 0.000009
0.637500 3.675000 0.000009
0.712500 3.675000 0.000009
0.787500 3.675000 0.000009
0.862500 3.675000 0.000009
0.937500 3.675000 0.000009
1.012000 3.675000 0.000009
1.087000 3.675000 0.000010
1.163000 3.675000 0.000010
1.238000 3.675000 0.000010
1.313000 3.675000 0.000010
1.388000 3.675000 0.000010
1.463000 3.675000 0.000010
1.538000 3.675000 0.000010
1.613000 3.675000 0.000010
1.688000 3.675000 0.000010
1.763000 3.675000 0.000010
1.838000 3.675000 0.000010
1.913000 3.675000 0.000010
1.988000 3.675000 0.000010
2.063000 3.675000 0.000010
2.138000 3.675000 0.000010
2.213000 3.675000 0.000010
2.288000 3.675000 0.000010
2.363000 3.675000 0.000010
2.438000 3.675000 0.000010
2.513000 3.675000 0.000010
2.588000 3.675000 0.000010
2.663000 3.675000 0.000010
2.738000 3.675000 0.000010
2.813000 3.675000 0.000009
2.888000 3.675000 0.000009
2.963000 3.675000 0.000009
3.038000 3.675000 0.000009
3.113000 3.675000 0.000009
3.188000 3.675000 0.000009
3.263000 3.675000 0.000009
3.338000 3.675000 0.000009
3.413000 3.675000 0.000009
3.488000 3.675000 0.000009
3.563000 3.675000 0.000009
3.638000 3.675000 0.000009
3.713000 3.675000 0.000009
3.788000 3.675000 0.000009
3.863000 3.675000 0.000000
-0.037500 3.825000 0.000000
0.037500 3.825000 0.000005
0.112500 3.825000 0.000005
0.187500 3.825000 0.000005
0.262500 3.825000 0.000005
0.337500 3.825000 0.000005
0.412500 3.825000 0.000005
0.487500 3.825000 0.000005
0.562500 3.825000 0.000005
0.637500 3.825000 0.000005
0.712500 3.825000 0.000005
0.787500 3.825000 0.000005
0.862500 3.825000 0.000005
0.937500 3.825000 0.000005
1.012000 3.825000 0.000005
1.087000 3.825000 0.000005
1.163000 3.825000 0.000005
1.238000 3.825000 0.000005
1.313000 3.825000 0.000005
1.388000 3.825000 0.000005
1.463000 3.825000 0.000005
1.538000 3.825000 0.000005
1.613000 3.825000 0.000005
1.688000 3.825000 0.000005
1.763000 3.825000 0.000005
1.838000 3.825000 0.000005
1.913000 3.825000 0.000005
1.988000 3.825000 0.000005
2.063000 3.825000 0.000005
2.138000 3.825000 0.000005
2.213000 3.825000 0.000005
2.288000 3.825000 0.000005
2.363000 3.825000 0.000005
2.438000 3.825000 0.000005
2.513000 3.825000 0.000005
2.588000 3.825000 0.000005
2.663000 3.825000 0.000005
2.738000 3.825000 0.000005
2.813000 3.825000 0.000005
2.888000 3.825000 0.000005
2.963000 3.825000 0.000005
3.038000 3.825000 0.000005
3.113000 3.825000 0.000005
3.188000 3.825000 0.000005
3.263000 3.825000 0.000005
3.338000 3.825000 0.000005
3.413000 3.825000 0.000005
3.488000 3.825000 0.000005
3.563000 3.825000 0.000005
3.638000 3.825000 0.000005
3.713000 3.825000 0.000005
3.788000 3.825000 0.000005
3.863000 3.825000 0.000000
-0.037500 3.975000 0.000000
0.037500 3.975000 0.000002
0.112500 3.975000 0.000002
0.187500 3.975000 0.000002
0.262500 3.975000 0.000002
0.337500 3.975000 0.000003
0.412500 3.975000 0.000003
0.487500 3.975000 0.000003
0.562500 3.975000 0.000003
0.637500 3.975000 0.000003
0.712500 3.975000 0.000003
0.787500 3.975000 0.000003
0.862500 3.975000 0.000003
0.937500 3.975000 0.000003
1.012000 3.975000 0.000003
1.087000 3.975000 0.000003
1.163000 3.975000 0.000003
1.238000 3.975000 0.000003
1.313000 3.975000 0.000003
1.388000 3.975000 0.000003
1.463000 3.975000 0.000003
1.538000 3.975000 0.000003
1.613000 3.975000 0.000003
1.688000 3.975000 0.000003
1.763000 3.975000 0.000003
1.838000 3.975000 0.000003
1.913000 3.975000 0.000003
1.988000 3.975000 0.000003
2.063000 3.975000 0.000003
2.138000 3.975000 0.000003
2.213000 3.975000 0.000003
2.288000 3.975000 0.000003
2.363000 3.975000 0.000003
2.438000 3.975000 0.000003
2.513000 3.975000 0.000003
2.588000 3.975000 0.000003
2.663000 3.975000 0.000003
2.738000 3.975000 0.000003
2.813000 3.975000 0.000003
2.888000 3.975000 0.000003
2.963000 3.975000 0.000003
3.038000 3.975000 0.000003
3.113000 3.975000 0.000003
3.188000 3.975000 0.000003
3.263000 3.975000 0.000003
3.338000 3.975000 0.000003
3.413000 3.975000 0.000003
3.488000 3.975000 0.000003
3.563000 3.975000 0.000003
3.638000 3.975000 0.000003
3.713000 3.975000 0.000003
3.788000 3.975000 0.000003
3.863000 3.975000 0.000000
-0.037500 4.125000 0.000000
0.037500 4.125000 0.000001
0.112500 4.125000 0.000001
0.187500 4.125000 0.000001
0.262500 4.125000 0.000001
0.337500 4.125000 0.000001
0.412500 4.125000 0.000001
0.487500 4.125000 0.000001
0.562500 4.125000 0.000001
0.637500 4.125000 0.000001
0.712500 4.125000 0.000001
0.787500 4.125000 0.000001
0.862500 4.125000 0.000001
0.937500 4.125000 0.000001
1.012000 4.125000 0.000001
1.087000 4.125000 0.000001
1.163000 4.125000 0.000001
1.238000 4.125000 0.000001
1.313000 4.125000 0.000001
1.388000 4.125000 0.000001
1.463000 4.125000 0.000002
1.538000 4.125000 0.000002
1.613000 4.125000 0.000002
1.688000 4.125000 0.000002
1.763000 4.125000 0.000002
1.838000 4.125000 0.000002
1.913000 4.125000 0.000002
1.988000 4.125000 0.000002
2.063000 4.125000 0.000002
2.138000 4.125000 0.000002
2.213000 4.125000 0.000002
2.288000 4.125000 0.000002
2.363000 4.125000 0.000002
2.438000 4.125000 0.000001
2.513000 4.125000 0.000001
2.588000 4.125000 0.000001
2.663000 4.125000 0.000001
2.738000 4.125000 0.000001
2.813000 4.125000 0.000001
2.888000 4.125000 0.000001
2.963000 4.125000 0.000001
3.038000 4.125000 0.000001
3.113000 4.125000 0.000001
3.188000 4.125000 0.000001
3.263000 4.125000 0.000001
3.338000 4.125000 0.000001
3.413000 4.125000 0.000001
3.488000 4.125000 0.000001
3.563000 4.125000 0.000001
3.638000 4.125000 0.000001
3.713000 4.125000 0.000001
3.788000 4.125000 0.000001
3.863000 4.125000 0.000000
-0.037500 4.275000 0.000000
0.037500 4.275000 0.000001
0.112500 4.275000 0.000001
0.187500 4.275000 0.000001
0.262500 4.275000 0.000001
0.337500 4.275000 0.000001
0.412500 4.275000 0.000001
0.487500 4.275000 0.000001
0.562500 4.275000 0.000001
0.637500 4.275000 0.000001
0.712500 4.275000 0.000001
0.787500 4.275000 0.000001
0.862500 4.275000 0.000001
0.937500 4.275000 0.000001
1.012000 4.275000 0.000001
1.087000 4.275000 0.000001
1.163000 4.275000 0.000001
1.238000 4.275000 0.000001
1.313000 4.275000 0.000001
1.388000 4.275000 0.000001
1.463000 4.275000 0.000001
1.538000 4.275000 0.000001
1.613000 4.275000 0.000001
1.688000 4.275000 0.000001
1.763000 4.275000 0.000001
1.838000 4.275000 0.000001
1.913000 4.275000 0.000001
1.988000 4.275000 0.000001
2.063000 4.275000 0.000001
2.138000 4.275000 0.000001
2.213000 4.275000 0.000001
2.288000 4.275000 0.000001
2.363000 4.275000 0.000001
2.438000 4.275000 0.000001
2.513000 4.275000 0.000001
2.588000 4.275000 0.000001
2.663000 4.275000 0.000001
2.738000 4.275000 0.000001
2.813000 4.275000 0.000001
2.888000 4.275000 0.000001
2.963000 4.275000 0.000001
3.038000 4.275000 0.000001
3.113000 4.275000 0.000001
3.188000 4.275000 0.000001
3.263000 4.275000 0.000001
3.338000 4.275000 0.000001
3.413000 4.275000 0.000001
3.488000 4.275000 0.000001
3.563000 4.275000 0.000001
3.638000 4.275000 0.000001
3.713000 4.275000 0.000001
3.788000 4.275000 0.000001
3.863000 4.275000 0.000000
-0.037500 4.425000 0.000000
0.037500 4.425000 0.000000
0.112500 4.425000 0.000000
0.187500 4.425000 0.000000
0.262500 4.425000 0.000000
0.337500 4.425000 0.000000
0.412500 4.425000 0.000000
0.487500 4.425000 0.000000
0.562500 4.425000 0.000000
0.637500 4.425000 0.000000
0.712500 4.425000 0.000000
0.787500 4.425000 0.000000
0.862500 4.425000 0.000000
0.937500 4.425000 0.000000
1.012000 4.425000 0.000000
1.087000 4.425000 0.000000
1.163000 4.425000 0.000000
1.238000 4.425000 0.000000
1.313000 4.425000 0.000000
1.388000 4.425000 0.000000
1.463000 4.425000 0.000000
1.538000 4.425000 0.000000
1.613000 4.425000 0.000000
1.688000 4.425000 0.000000
1.763000 4.425000 0.000000
1.838000 4.425000 0.000000
1.913000 4.425000 0.000000
1.988000 4.425000 0.000000
2.063000 4.425000 0.000000
2.138000 4.425000 0.000000
2.213000 4.425000 0.000000
2.288000 4.425000 0.000000
2.363000 4.425000 0.000000
2.438000 4.425000 0.000000
2.513000 4.425000 0.000000
2.588000 4.425000 0.000000
2.663000 4.425000 0.000000
2.738000 4.425000 0.000000
2.813000 4.425000 0.000000
2.888000 4.425000 0.000000
2.963000 4.425000 0.000000
3.038000 4.425000 0.000000
3.113000 4.425000 0.000000
3.188000 4.425000 0.000000
3.263000 4.425000 0.000000
3.338000 4.425000 0.000000
3.413000 4.425000 0.000000
3.488000 4.425000 0.000000
3.563000 4.425000 0.000000
3.638000 4.425000 0.000000
3.713000 4.425000 0.000000
3.788000 4.425000 0.000000
3.863000 4.425000 0.000000
-0.037500 4.575000 0.000000
0.037500 4.575000 0.000000
0.112500 4.575000 0.000000
0.187500 4.575000 0.000000
0.262500 4.575000 0.000000
0.337500 4.575000 0.000000
0.412500 4.575000 0.000000
0.487500 4.575000 0.000000
0.562500 4.575000 0.000000
0.637500 4.575000 0.000000
0.712500 4.575000 0.000000
0.787500 4.575000 0.000000
0.862500 4.575000 0.000000
0.937500 4.575000 0.000000
1.012000 4.575000 0.000000
1.087000 4.575000 0.000000
1.163000 4.575000 0.000000
1.238000 4.575000 0.000000
1.313000 4.575000 0.000000
1.388000 4.575000 0.000000
1.463000 4.575000 0.000000
1.538000 4.575000 0.000000
1.613000 4.575000 0.000000
1.688000 4.575000 0.000000
1.763000 4.575000 0.000000
1.838000 4.575000 0.000000
1.913000 4.575000 0.000000
1.988000 4.575000 0.000000
2.063000 4.575000 0.000000
2.138000 4.575000 0.000000
2.213000 4.575000 0.000000
2.288000 4.575000 0.000000
2.363000 4.575000 0.000000
2.438000 4.575000 0.000000
2.513000 4.575000 0.000000
2.588000 4.575000 0.000000
2.663000 4.575000 0.000000
2.738000 4.575000 0.000000
2.813000 4.575000 0.000000
2.888000 4.575000 0.000000
2.963000 4.575000 0.000000
3.038000 4.575000 0.000000
3.113000 4.575000 0.000000
3.188000 4.575000 0.000000
3.263000 4.575000 0.000000
3.338000 4.575000 0.000000
3.413000 4.575000 0.000000
3.488000 4.575000 0.000000
3.563000 4.575000 0.000000
3.638000 4.575000 0.000000
3.713000 4.575000 0.000000
3.788000 4.575000 0.000000
3.863000 4.575000 0.000000
-0.037500 4.725000 0.000000
0.037500 4.725000 0.000000
0.112500 4.725000 0.000000
0.187500 4.725000 0.000000
0.262500 4.725000 0.000000
0.337500 4.725000 0.000000
0.412500 4.725000 0.000000
0.487500 4.725000 0.000000
0.562500 4.725000 0.000000
0.637500 4.725000 0.000000
0.712500 4.725000 0.000000
0.787500 4.725000 0.000000
0.862500 4.725000 0.000000
0.937500 4.725000 0.000000
1.012000 4.725000 0.000000
1.087000 4.725000 0.000000
1.163000 4.725000 0.000000
1.238000 4.725000 0.000000
1.313000 4.725000 0.000000
1.388000 4.725000 0.000000
1.463000 4.725000 0.000000
1.538000 4.725000 0.000000
1.613000 4.725000 0.000000
1.688000 4.725000 0.000000
1.763000 4.725000 0.000000
1.838000 4.725000 0.000000
1.913000 4.725000 0.000000
1.988000 4.725000 0.000000
2.063000 4.725000 0.000000
2.138000 4.725000 0.000000
2.213000 4.725000 0.000000
2.288000 4.725000 0.000000
2.363000 4.725000 0.000000
2.438000 4.725000 0.000000
2.513000 4.725000 0.000000
2.588000 4.725000 0.000000
2.663000 4.725000 0.000000
2.738000 4.725000 0.000000
2.813000 4.725000 0.000000
2.888000 4.725000 0.000000
2.963000 4.725000 0.000000
3.038000 4.725000 0.000000
3.113000 4.725000 0.000000
3.188000 4.725000 0.000000
3.263000 4.725000 0.000000
3.338000 4.725000 0.000000
3.413000 4.725000 0.000000
3.488000 4.725000 0.000000
3.563000 4.725000 0.000000
3.638000 4.725000 0.000000
3.713000 4.725000 0.000000
3.788000 4.725000 0.000000
3.863000 4.725000 0.000000
-0.037500 4.875000 0.000000
0.037500 4.875000 0.000000
0.112500 4.875000 0.000000
0.187500 4.875000 0.000000
0.262500 4.875000 0.000000
0.337500 4.875000 0.000000
0.412500 4.875000 0.000000
0.487500 4.875000 0.000000
0.562500 4.875000 0.000000
0.637500 4.875000 0.000000
0.712500 4.875000 0.000000
0.787500 4.875000 0.000000
0.862500 4.875000 0.000000
0.937500 4.875000 0.000000
1.012000 4.875000 0.000000
1.087000 4.875000 0.000000
1.163000 4.875000 0.000000
1.238000 4.875000 0.000000
1.313000 4.875000 0.000000
1.388000 4.875000 0.000000
1.463000 4.875000 0.000000
1.538000 4.875000 0.000000
1.613000 4.875000 0.000000
1.688000 4.875000 0.000000
1.763000 4.875000 0.000000
1.838000 4.875000 0.000000
1.913000 4.875000 0.000000
1.988000 4.875000 0.000000
2.063000 4.875000 0.000000
2.138000 4.875000 0.000000
2.213000 4.875000 0.000000
2.288000 4.875000 0.000000
2.363000 4.875000 0.000000
2.438000 4.875000 0.000000
2.513000 4.875000 0.000000
2.588000 4.875000 0.000000
2.663000 4.875000 0.000000
2.738000 4.875000 0.000000
2.813000 4.875000 0.000000
2.888000 4.875000 0.000000
2.963000 4.875000 0.000000
3.038000 4.875000 0.000000
3.113000 4.875000 0.000000
3.188000 4.875000 0.000000
3.263000 4.875000 0.000000
3.338000 4.875000 0.000000
3.413000 4.875000 0.000000
3.488000 4.875000 0.000000
3.563000 4.875000 0.000000
3.638000 4.875000 0.000000
3.713000 4.875000 0.000000
3.788000 4.875000 0.000000
3.863000 4.875000 0.000000
-0.037500 5.025000 0.000000
0.037500 5.025000 0.000000
0.112500 5.025000 0.000000
0.187500 5.025000 0.000000
0.262500 5.025000 0.000000
0.337500 5.025000 0.000000
0.412500 5.025000 0.000000
0.487500 5.025000 0.000000
0.562500 5.025000 0.000000
0.637500 5.025000 0.000000
0.712500 5.025000 0.000000
0.787500 5.025000 0.000000
0.862500 5.025000 0.000000
0.937500 5.025000 0.000000
1.012000 5.025000 0.000000
1.087000 5.025000 0.000000
1.163000 5.025000 0.000000
1.238000 5.025000 0.000000
1.313000 5.025000 0.000000
1.388000 5.025000 0.000000
1.463000 5.025000 0.000000
1.538000 5.025000 0.000000
1.613000 5.025000 0.000000
1.688000 5.025000 0.000000
1.763000 5.025000 0.000000
1.838000 5.025000 0.000000
1.913000 5.025000 0.000000
1.988000 5.025000 0.000000
2.063000 5.025000 0.000000
2.138000 5.025000 0.000000
2.213000 5.025000 0.000000
2.288000 5.025000 0.000000
2.363000 5.025000 0.000000
2.438000 5.025000 0.000000
2.513000 5.025000 0.000000
2.588000 5.025000 0.000000
2.663000 5.025000 0.000000
2.738000 5.025000 0.000000
2.813000 5.025000 0.000000
2.888000 5.025000 0.000000
2.963000 5.025000 0.000000
3.038000 5.025000 0.000000
3.113000 5.025000 0.000000
3.188000 5.025000 0.000000
3.263000 5.025000 0.000000
3.338000 5.025000 0.000000
3.413000 5.025000 0.000000
3.488000 5.025000 0.000000
3.563000 5.025000 0.000000
3.638000 5.025000 0.000000
3.713000 5.025000 0.000000
3.788000 5.025000 0.000000
3.863000 5.025000 0.000000
-0.037500 5.175000 0.000000
0.037500 5.175000 0.000000
0.112500 5.175000 0.000000
0.187500 5.175000 0.000000
0.262500 5.175000 0.000000
0.337500 5.175000 0.000000
0.412500 5.175000 0.000000
0.487500 5.175000 0.000000
0.562500 5.175000 0.000000
0.637500 5.175000 0.000000
0.712500 5.175000 0.000000
0.787500 5.175000 0.000000
0.862500 5.175000 0.000000
0.937500 5.175000 0.000000
1.012000 5.175000 0.000000
1.087000 5.175000 0.000000
1.163000 5.175000 0.000000
1.238000 5.175000 0.000000
1.313000 5.175000 0.000000
1.388000 5.175000 0.000000
1.463000 5.175000 0.000000
1.538000 5.175000 0.000000
1.613000 5.175000 0.000000
1.688000 5.175000 0.000000
1.763000 5.175000 0.000000
1.838000 5.175000 0.000000
1.913000 5.175000 0.000000
1.988000 5.175000 0.000000
2.063000 5.175000 0.000000
2.138000 5.175000 0.000000
2.213000 5.175000 0.000000
2.288000 5.175000 0.000000
2.363000 5.175000 0.000000
2.438000 5.175000 0.000000
2.513000 5.175000 0.000000
2.588000 5.175000 0.000000
2.663000 5.175000 0.000000
2.738000 5.175000 0.000000
2.813000 5.175000 0.000000
2.888000 5.175000 0.000000
2.963000 5.175000 0.000000
3.038000 5.175000 0.000000
3.113000 5.175000 0.000000
3.188000 5.175000 0.000000
3.263000 5.175000 0.000000
3.338000 5.175000 0.000000
3.413000 5.175000 0.000000
3.488000 5.175000 0.000000
3.563000 5.175000 0.000000
3.638000 5.175000 0.000000
3.713000 5.175000 0.000000
3.788000 5.175000 0.000000
3.863000 5.175000 0.000000
