-0.037500 -0.075000 0.000000
0.037500 -0.075000 0.000000
0.112500 -0.075000 0.000000
0.187500 -0.075000 0.000000
0.262500 -0.075000 0.000000
0.337500 -0.075000 0.000000
0.412500 -0.075000 0.000000
0.487500 -0.075000 0.000000
0.562500 -0.075000 0.000000
0.637500 -0.075000 0.000000
0.712500 -0.075000 0.000000
0.787500 -0.075000 0.000000
0.862500 -0.075000 0.000000
0.937500 -0.075000 0.000000
1.012000 -0.075000 0.000000
1.087000 -0.075000 0.000000
1.163000 -0.075000 0.000000
1.238000 -0.075000 0.000000
1.313000 -0.075000 0.000000
1.388000 -0.075000 0.000000
1.463000 -0.075000 0.000000
1.538000 -0.075000 0.000000
1.613000 -0.075000 0.000000
1.688000 -0.075000 0.000000
1.763000 -0.075000 0.000000
1.838000 -0.075000 0.000000
1.913000 -0.075000 0.000000
1.988000 -0.075000 0.000000
2.063000 -0.075000 0.000000
2.138000 -0.075000 0.000000
2.213000 -0.075000 0.000000
2.288000 -0.075000 0.000000
2.363000 -0.075000 0.000000
2.438000 -0.075000 0.000000
2.513000 -0.075000 0.000000
2.588000 -0.075000 0.000000
2.663000 -0.075000 0.000000
2.738000 -0.075000 0.000000
2.813000 -0.075000 0.000000
2.888000 -0.075000 0.000000
2.963000 -0.075000 0.000000
3.038000 -0.075000 0.000000
3.113000 -0.075000 0.000000
3.188000 -0.075000 0.000000
3.263000 -0.075000 0.000000
3.338000 -0.075000 0.000000
3.413000 -0.075000 0.000000
3.488000 -0.075000 0.000000
3.563000 -0.075000 0.000000
3.638000 -0.075000 0.000000
3.713000 -0.075000 0.000000
3.788000 -0.075000 0.000000
3.863000 -0.075000 0.000000
-0.037500 0.075000 0.000000
0.037500 0.075000 0.000100
0.112500 0.075000 0.000200
0.187500 0.075000 0.000290
0.262500 0.075000 0.000390
0.337500 0.075000 0.000490
0.412500 0.075000 0.000590
0.487500 0.075000 0.000680
0.562500 0.075000 0.000780
0.637500 0.075000 0.000880
0.712500 0.075000 0.000970
0.787500 0.075000 0.001070
0.862500 0.075000 0.001160
0.937500 0.075000 0.001260
1.012000 0.075000 0.001350
1.087000 0.075000 0.001440
1.163000 0.075000 0.001530
1.238000 0.075000 0.001610
1.313000 0.075000 0.001690
1.388000 0.075000 0.001760
1.463000 0.075000 0.001830
1.538000 0.075000 0.001890
1.613000 0.075000 0.001940
1.688000 0.075000 0.001990
1.763000 0.075000 0.002020
1.838000 0.075000 0.002040
1.913000 0.075000 0.002050
1.988000 0.075000 0.002050
2.063000 0.075000 0.002040
2.138000 0.075000 0.002020
2.213000 0.075000 0.001990
2.288000 0.075000 0.001950
2.363000 0.075000 0.001900
2.438000 0.075000 0.001850
2.513000 0.075000 0.001800
2.588000 0.075000 0.001740
2.663000 0.075000 0.001690
2.738000 0.075000 0.001630
2.813000 0.075000 0.001570
2.888000 0.075000 0.001510
2.963000 0.075000 0.001460
3.038000 0.075000 0.001400
3.113000 0.075000 0.001350
3.188000 0.075000 0.001300
3.263000 0.075000 0.001250
3.338000 0.075000 0.001200
3.413000 0.075000 0.001160
3.488000 0.075000 0.001110
3.563000 0.075000 0.001070
3.638000 0.075000 0.001030
3.713000 0.075000 0.001000
3.788000 0.075000 0.000960
3.863000 0.075000 0.000000
-0.037500 0.225000 0.000000
0.037500 0.225000 0.000100
0.112500 0.225000 0.000200
0.187500 0.225000 0.000290
0.262500 0.225000 0.000390
0.337500 0.225000 0.000490
0.412500 0.225000 0.000590
0.487500 0.225000 0.000680
0.562500 0.225000 0.000780
0.637500 0.225000 0.000880
0.712500 0.225000 0.000970
0.787500 0.225000 0.001070
0.862500 0.225000 0.001160
0.937500 0.225000 0.001260
1.012000 0.225000 0.001350
1.087000 0.225000 0.001440
1.163000 0.225000 0.001530
1.238000 0.225000 0.001610
1.313000 0.225000 0.001690
1.388000 0.225000 0.001760
1.463000 0.225000 0.001830
1.538000 0.225000 0.001890
1.613000 0.225000 0.001940
1.688000 0.225000 0.001990
1.763000 0.225000 0.002020
1.838000 0.225000 0.002040
1.913000 0.225000 0.002050
1.988000 0.225000 0.002050
2.063000 0.225000 0.002040
2.138000 0.225000 0.002020
2.213000 0.225000 0.001990
2.288000 0.225000 0.001950
2.363000 0.225000 0.001900
2.438000 0.225000 0.001850
2.513000 0.225000 0.001800
2.588000 0.225000 0.001740
2.663000 0.225000 0.001690
2.738000 0.225000 0.001630
2.813000 0.225000 0.001570
2.888000 0.225000 0.001510
2.963000 0.225000 0.001460
3.038000 0.225000 0.001400
3.113000 0.225000 0.001350
3.188000 0.225000 0.001300
3.263000 0.225000 0.001250
3.338000 0.225000 0.001200
3.413000 0.225000 0.001160
3.488000 0.225000 0.001110
3.563000 0.225000 0.001070
3.638000 0.225000 0.001030
3.713000 0.225000 0.001000
3.788000 0.225000 0.000960
3.863000 0.225000 0.000000
-0.037500 0.375000 0.000000
0.037500 0.375000 0.065090
0.112500 0.375000 0.065130
0.187500 0.375000 0.065190
0.262500 0.375000 0.065270
0.337500 0.375000 0.065360
0.412500 0.375000 0.065460
0.487500 0.375000 0.065560
0.562500 0.375000 0.065670
0.637500 0.375000 0.065780
0.712500 0.375000 0.065890
0.787500 0.375000 0.066000
0.862500 0.375000 0.066110
0.937500 0.375000 0.066210
1.012000 0.375000 0.066310
1.087000 0.375000 0.066400
1.163000 0.375000 0.066480
1.238000 0.375000 0.066550
1.313000 0.375000 0.066600
1.388000 0.375000 0.066640
1.463000 0.375000 0.066670
1.538000 0.375000 0.066680
1.613000 0.375000 0.066670
1.688000 0.375000 0.066640
1.763000 0.375000 0.066590
1.838000 0.375000 0.066520
1.913000 0.375000 0.066430
1.988000 0.375000 0.066320
2.063000 0.375000 0.066190
2.138000 0.375000 0.066050
2.213000 0.375000 0.065880
2.288000 0.375000 0.065710
2.363000 0.375000 0.065520
2.438000 0.375000 0.065320
2.513000 0.375000 0.065120
2.588000 0.375000 0.064910
2.663000 0.375000 0.064700
2.738000 0.375000 0.064490
2.813000 0.375000 0.064280
2.888000 0.375000 0.064080
2.963000 0.375000 0.063880
3.038000 0.375000 0.063690
3.113000 0.375000 0.063510
3.188000 0.375000 0.063340
3.263000 0.375000 0.063180
3.338000 0.375000 0.063040
3.413000 0.375000 0.062910
3.488000 0.375000 0.062800
3.563000 0.375000 0.062710
3.638000 0.375000 0.062630
3.713000 0.375000 0.062580
3.788000 0.375000 0.062550
3.863000 0.375000 0.000000
-0.037500 0.525000 0.000000
0.037500 0.525000 0.126700
0.112500 0.525000 0.126700
0.187500 0.525000 0.126700
0.262500 0.525000 0.126800
0.337500 0.525000 0.126800
0.412500 0.525000 0.126900
0.487500 0.525000 0.127000
0.562500 0.525000 0.127100
0.637500 0.525000 0.127200
0.712500 0.525000 0.127300
0.787500 0.525000 0.127400
0.862500 0.525000 0.127500
0.937500 0.525000 0.127600
1.012000 0.525000 0.127600
1.087000 0.525000 0.127700
1.163000 0.525000 0.127800
1.238000 0.525000 0.127800
1.313000 0.525000 0.127800
1.388000 0.525000 0.127800
1.463000 0.525000 0.127800
1.538000 0.525000 0.127700
1.613000 0.525000 0.127600
1.688000 0.525000 0.127500
1.763000 0.525000 0.127400
1.838000 0.525000 0.127200
1.913000 0.525000 0.127000
1.988000 0.525000 0.126800
2.063000 0.525000 0.126600
2.138000 0.525000 0.126300
2.213000 0.525000 0.126000
2.288000 0.525000 0.125700
2.363000 0.525000 0.125400
2.438000 0.525000 0.125100
2.513000 0.525000 0.124800
2.588000 0.525000 0.124500
2.663000 0.525000 0.124100
2.738000 0.525000 0.123800
2.813000 0.525000 0.123500
2.888000 0.525000 0.123100
2.963000 0.525000 0.122800
3.038000 0.525000 0.122500
3.113000 0.525000 0.122200
3.188000 0.525000 0.122000
3.263000 0.525000 0.121700
3.338000 0.525000 0.121500
3.413000 0.525000 0.121300
3.488000 0.525000 0.121200
3.563000 0.525000 0.121000
3.638000 0.525000 0.120900
3.713000 0.525000 0.120800
3.788000 0.525000 0.120800
3.863000 0.525000 0.000000
-0.037500 0.675000 0.000000
0.037500 0.675000 0.163600
0.112500 0.675000 0.163600
0.187500 0.675000 0.163600
0.262500 0.675000 0.163600
0.337500 0.675000 0.163700
0.412500 0.675000 0.163700
0.487500 0.675000 0.163800
0.562500 0.675000 0.163900
0.637500 0.675000 0.164000
0.712500 0.675000 0.164000
0.787500 0.675000 0.164100
0.862500 0.675000 0.164200
0.937500 0.675000 0.164200
1.012000 0.675000 0.164300
1.087000 0.675000 0.164300
1.163000 0.675000 0.164300
1.238000 0.675000 0.164300
1.313000 0.675000 0.164300
1.388000 0.675000 0.164200
1.463000 0.675000 0.164100
1.538000 0.675000 0.164000
1.613000 0.675000 0.163900
1.688000 0.675000 0.163700
1.763000 0.675000 0.163500
1.838000 0.675000 0.163300
1.913000 0.675000 0.163100
1.988000 0.675000 0.162800
2.063000 0.675000 0.162500
2.138000 0.675000 0.162200
2.213000 0.675000 0.161900
2.288000 0.675000 0.161500
2.363000 0.675000 0.161100
2.438000 0.675000 0.160700
2.513000 0.675000 0.160400
2.588000 0.675000 0.160000
2.663000 0.675000 0.159600
2.738000 0.675000 0.159200
2.813000 0.675000 0.158800
2.888000 0.675000 0.158400
2.963000 0.675000 0.158000
3.038000 0.675000 0.157700
3.113000 0.675000 0.157400
3.188000 0.675000 0.157100
3.263000 0.675000 0.156800
3.338000 0.675000 0.156500
3.413000 0.675000 0.156300
3.488000 0.675000 0.156100
3.563000 0.675000 0.156000
3.638000 0.675000 0.155900
3.713000 0.675000 0.155800
3.788000 0.675000 0.155700
3.863000 0.675000 0.000000
-0.037500 0.825000 0.000000
0.037500 0.825000 0.179400
0.112500 0.825000 0.179400
0.187500 0.825000 0.179400
0.262500 0.825000 0.179400
0.337500 0.825000 0.179500
0.412500 0.825000 0.179500
0.487500 0.825000 0.179600
0.562500 0.825000 0.179700
0.637500 0.825000 0.179700
0.712500 0.825000 0.179800
0.787500 0.825000 0.179900
0.862500 0.825000 0.179900
0.937500 0.825000 0.179900
1.012000 0.825000 0.180000
1.087000 0.825000 0.180000
1.163000 0.825000 0.180000
1.238000 0.825000 0.180000
1.313000 0.825000 0.179900
1.388000 0.825000 0.179800
1.463000 0.825000 0.179700
1.538000 0.825000 0.179600
1.613000 0.825000 0.179500
1.688000 0.825000 0.179300
1.763000 0.825000 0.179100
1.838000 0.825000 0.178800
1.913000 0.825000 0.178600
1.988000 0.825000 0.178300
2.063000 0.825000 0.177900
2.138000 0.825000 0.177600
2.213000 0.825000 0.177200
2.288000 0.825000 0.176800
2.363000 0.825000 0.176400
2.438000 0.825000 0.176000
2.513000 0.825000 0.175600
2.588000 0.825000 0.175200
2.663000 0.825000 0.174800
2.738000 0.825000 0.174300
2.813000 0.825000 0.173900
2.888000 0.825000 0.173500
2.963000 0.825000 0.173100
3.038000 0.825000 0.172800
3.113000 0.825000 0.172400
3.188000 0.825000 0.172100
3.263000 0.825000 0.171800
3.338000 0.825000 0.171500
3.413000 0.825000 0.171300
3.488000 0.825000 0.171100
3.563000 0.825000 0.170900
3.638000 0.825000 0.170800
3.713000 0.825000 0.170700
3.788000 0.825000 0.170700
3.863000 0.825000 0.000000
-0.037500 0.975000 0.000000
0.037500 0.975000 0.192300
0.112500 0.975000 0.192300
0.187500 0.975000 0.192400
0.262500 0.975000 0.192400
0.337500 0.975000 0.192400
0.412500 0.975000 0.192500
0.487500 0.975000 0.192600
0.562500 0.975000 0.192600
0.637500 0.975000 0.192700
0.712500 0.975000 0.192700
0.787500 0.975000 0.192800
0.862500 0.975000 0.192800
0.937500 0.975000 0.192900
1.012000 0.975000 0.192900
1.087000 0.975000 0.192900
1.163000 0.975000 0.192900
1.238000 0.975000 0.192900
1.313000 0.975000 0.192800
1.388000 0.975000 0.192700
1.463000 0.975000 0.192600
1.538000 0.975000 0.192500
1.613000 0.975000 0.192300
1.688000 0.975000 0.192100
1.763000 0.975000 0.191900
1.838000 0.975000 0.191600
1.913000 0.975000 0.191300
1.988000 0.975000 0.191000
2.063000 0.975000 0.190700
2.138000 0.975000 0.190300
2.213000 0.975000 0.189900
2.288000 0.975000 0.189500
2.363000 0.975000 0.189000
2.438000 0.975000 0.188600
2.513000 0.975000 0.188200
2.588000 0.975000 0.187700
2.663000 0.975000 0.187300
2.738000 0.975000 0.186800
2.813000 0.975000 0.186400
2.888000 0.975000 0.185900
2.963000 0.975000 0.185500
3.038000 0.975000 0.185100
3.113000 0.975000 0.184800
3.188000 0.975000 0.184400
3.263000 0.975000 0.184100
3.338000 0.975000 0.183800
3.413000 0.975000 0.183600
3.488000 0.975000 0.183300
3.563000 0.975000 0.183200
3.638000 0.975000 0.183000
3.713000 0.975000 0.183000
3.788000 0.975000 0.182900
3.863000 0.975000 0.000000
-0.037500 1.125000 0.000000
0.037500 1.125000 0.202400
0.112500 1.125000 0.202400
0.187500 1.125000 0.202400
0.262500 1.125000 0.202500
0.337500 1.125000 0.202500
0.412500 1.125000 0.202600
0.487500 1.125000 0.202600
0.562500 1.125000 0.202700
0.637500 1.125000 0.202700
0.712500 1.125000 0.202800
0.787500 1.125000 0.202900
0.862500 1.125000 0.202900
0.937500 1.125000 0.203000
1.012000 1.125000 0.203000
1.087000 1.125000 0.203000
1.163000 1.125000 0.203000
1.238000 1.125000 0.202900
1.313000 1.125000 0.202900
1.388000 1.125000 0.202800
1.463000 1.125000 0.202700
1.538000 1.125000 0.202500
1.613000 1.125000 0.202300
1.688000 1.125000 0.202100
1.763000 1.125000 0.201900
1.838000 1.125000 0.201600
1.913000 1.125000 0.201300
1.988000 1.125000 0.201000
2.063000 1.125000 0.200600
2.138000 1.125000 0.200200
2.213000 1.125000 0.199800
2.288000 1.125000 0.199300
2.363000 1.125000 0.198900
2.438000 1.125000 0.198400
2.513000 1.125000 0.197900
2.588000 1.125000 0.197500
2.663000 1.125000 0.197000
2.738000 1.125000 0.196500
2.813000 1.125000 0.196000
2.888000 1.125000 0.195600
2.963000 1.125000 0.195100
3.038000 1.125000 0.194700
3.113000 1.125000 0.194300
3.188000 1.125000 0.193900
3.263000 1.125000 0.193600
3.338000 1.125000 0.193300
3.413000 1.125000 0.193000
3.488000 1.125000 0.192800
3.563000 1.125000 0.192600
3.638000 1.125000 0.192500
3.713000 1.125000 0.192400
3.788000 1.125000 0.192400
3.863000 1.125000 0.000000
-0.037500 1.275000 0.000000
0.037500 1.275000 0.216500
0.112500 1.275000 0.216500
0.187500 1.275000 0.216500
0.262500 1.275000 0.216600
0.337500 1.275000 0.216600
0.412500 1.275000 0.216700
0.487500 1.275000 0.216700
0.562500 1.275000 0.216800
0.637500 1.275000 0.216900
0.712500 1.275000 0.217000
0.787500 1.275000 0.217100
0.862500 1.275000 0.217100
0.937500 1.275000 0.217200
1.012000 1.275000 0.217200
1.087000 1.275000 0.217300
1.163000 1.275000 0.217300
1.238000 1.275000 0.217200
1.313000 1.275000 0.217200
1.388000 1.275000 0.217100
1.463000 1.275000 0.217000
1.538000 1.275000 0.216800
1.613000 1.275000 0.216600
1.688000 1.275000 0.216400
1.763000 1.275000 0.216100
1.838000 1.275000 0.215800
1.913000 1.275000 0.215500
1.988000 1.275000 0.215100
2.063000 1.275000 0.214700
2.138000 1.275000 0.214300
2.213000 1.275000 0.213800
2.288000 1.275000 0.213300
2.363000 1.275000 0.212800
2.438000 1.275000 0.212300
2.513000 1.275000 0.211800
2.588000 1.275000 0.211200
2.663000 1.275000 0.210700
2.738000 1.275000 0.210200
2.813000 1.275000 0.209600
2.888000 1.275000 0.209100
2.963000 1.275000 0.208600
3.038000 1.275000 0.208100
3.113000 1.275000 0.207700
3.188000 1.275000 0.207300
3.263000 1.275000 0.206900
3.338000 1.275000 0.206600
3.413000 1.275000 0.206300
3.488000 1.275000 0.206000
3.563000 1.275000 0.205800
3.638000 1.275000 0.205700
3.713000 1.275000 0.205600
3.788000 1.275000 0.205500
3.863000 1.275000 0.000000
-0.037500 1.425000 0.000000
0.037500 1.425000 0.228900
0.112500 1.425000 0.228900
0.187500 1.425000 0.228900
0.262500 1.425000 0.229000
0.337500 1.425000 0.229000
0.412500 1.425000 0.229100
0.487500 1.425000 0.229200
0.562500 1.425000 0.229300
0.637500 1.425000 0.229400
0.712500 1.425000 0.229500
0.787500 1.425000 0.229600
0.862500 1.425000 0.229600
0.937500 1.425000 0.229700
1.012000 1.425000 0.229800
1.087000 1.425000 0.229800
1.163000 1.425000 0.229800
1.238000 1.425000 0.229800
1.313000 1.425000 0.229700
1.388000 1.425000 0.229600
1.463000 1.425000 0.229500
1.538000 1.425000 0.229400
1.613000 1.425000 0.229200
1.688000 1.425000 0.228900
1.763000 1.425000 0.228600
1.838000 1.425000 0.228300
1.913000 1.425000 0.227900
1.988000 1.425000 0.227500
2.063000 1.425000 0.227100
2.138000 1.425000 0.226600
2.213000 1.425000 0.226100
2.288000 1.425000 0.225600
2.363000 1.425000 0.225000
2.438000 1.425000 0.224500
2.513000 1.425000 0.223900
2.588000 1.425000 0.223300
2.663000 1.425000 0.222700
2.738000 1.425000 0.222100
2.813000 1.425000 0.221600
2.888000 1.425000 0.221000
2.963000 1.425000 0.220500
3.038000 1.425000 0.220000
3.113000 1.425000 0.219500
3.188000 1.425000 0.219000
3.263000 1.425000 0.218600
3.338000 1.425000 0.218200
3.413000 1.425000 0.217900
3.488000 1.425000 0.217700
3.563000 1.425000 0.217400
3.638000 1.425000 0.217300
3.713000 1.425000 0.217200
3.788000 1.425000 0.217100
3.863000 1.425000 0.000000
-0.037500 1.575000 0.000000
0.037500 1.575000 0.233100
0.112500 1.575000 0.233100
0.187500 1.575000 0.233200
0.262500 1.575000 0.233200
0.337500 1.575000 0.233300
0.412500 1.575000 0.233400
0.487500 1.575000 0.233400
0.562500 1.575000 0.233500
0.637500 1.575000 0.233600
0.712500 1.575000 0.233700
0.787500 1.575000 0.233800
0.862500 1.575000 0.233900
0.937500 1.575000 0.234000
1.012000 1.575000 0.234000
1.087000 1.575000 0.234000
1.163000 1.575000 0.234100
1.238000 1.575000 0.234000
1.313000 1.575000 0.234000
1.388000 1.575000 0.233900
1.463000 1.575000 0.233800
1.538000 1.575000 0.233600
1.613000 1.575000 0.233400
1.688000 1.575000 0.233100
1.763000 1.575000 0.232800
1.838000 1.575000 0.232500
1.913000 1.575000 0.232100
1.988000 1.575000 0.231700
2.063000 1.575000 0.231300
2.138000 1.575000 0.230800
2.213000 1.575000 0.230300
2.288000 1.575000 0.229700
2.363000 1.575000 0.229200
2.438000 1.575000 0.228600
2.513000 1.575000 0.228000
2.588000 1.575000 0.227400
2.663000 1.575000 0.226800
2.738000 1.575000 0.226200
2.813000 1.575000 0.225600
2.888000 1.575000 0.225000
2.963000 1.575000 0.224500
3.038000 1.575000 0.224000
3.113000 1.575000 0.223500
3.188000 1.575000 0.223000
3.263000 1.575000 0.222600
3.338000 1.575000 0.222200
3.413000 1.575000 0.221900
3.488000 1.575000 0.221600
3.563000 1.575000 0.221400
3.638000 1.575000 0.221200
3.713000 1.575000 0.221100
3.788000 1.575000 0.221100
3.863000 1.575000 0.000000
-0.037500 1.725000 0.000000
0.037500 1.725000 0.230200
0.112500 1.725000 0.230200
0.187500 1.725000 0.230200
0.262500 1.725000 0.230300
0.337500 1.725000 0.230300
0.412500 1.725000 0.230400
0.487500 1.725000 0.230500
0.562500 1.725000 0.230500
0.637500 1.725000 0.230600
0.712500 1.725000 0.230700
0.787500 1.725000 0.230800
0.862500 1.725000 0.230900
0.937500 1.725000 0.230900
1.012000 1.725000 0.231000
1.087000 1.725000 0.231000
1.163000 1.725000 0.231000
1.238000 1.725000 0.230900
1.313000 1.725000 0.230900
1.388000 1.725000 0.230800
1.463000 1.725000 0.230600
1.538000 1.725000 0.230500
1.613000 1.725000 0.230300
1.688000 1.725000 0.230000
1.763000 1.725000 0.229700
1.838000 1.725000 0.229400
1.913000 1.725000 0.229000
1.988000 1.725000 0.228600
2.063000 1.725000 0.228200
2.138000 1.725000 0.227700
2.213000 1.725000 0.227200
2.288000 1.725000 0.226700
2.363000 1.725000 0.226100
2.438000 1.725000 0.225600
2.513000 1.725000 0.225000
2.588000 1.725000 0.224400
2.663000 1.725000 0.223800
2.738000 1.725000 0.223200
2.813000 1.725000 0.222700
2.888000 1.725000 0.222100
2.963000 1.725000 0.221600
3.038000 1.725000 0.221100
3.113000 1.725000 0.220600
3.188000 1.725000 0.220200
3.263000 1.725000 0.219800
3.338000 1.725000 0.219400
3.413000 1.725000 0.219100
3.488000 1.725000 0.218800
3.563000 1.725000 0.218600
3.638000 1.725000 0.218500
3.713000 1.725000 0.218400
3.788000 1.725000 0.218300
3.863000 1.725000 0.000000
-0.037500 1.875000 0.000000
0.037500 1.875000 0.221300
0.112500 1.875000 0.221300
0.187500 1.875000 0.221300
0.262500 1.875000 0.221400
0.337500 1.875000 0.221400
0.412500 1.875000 0.221500
0.487500 1.875000 0.221500
0.562500 1.875000 0.221600
0.637500 1.875000 0.221700
0.712500 1.875000 0.221700
0.787500 1.875000 0.221800
0.862500 1.875000 0.221800
0.937500 1.875000 0.221900
1.012000 1.875000 0.221900
1.087000 1.875000 0.221900
1.163000 1.875000 0.221900
1.238000 1.875000 0.221800
1.313000 1.875000 0.221700
1.388000 1.875000 0.221600
1.463000 1.875000 0.221500
1.538000 1.875000 0.221300
1.613000 1.875000 0.221100
1.688000 1.875000 0.220900
1.763000 1.875000 0.220600
1.838000 1.875000 0.220300
1.913000 1.875000 0.219900
1.988000 1.875000 0.219500
2.063000 1.875000 0.219100
2.138000 1.875000 0.218700
2.213000 1.875000 0.218200
2.288000 1.875000 0.217700
2.363000 1.875000 0.217200
2.438000 1.875000 0.216700
2.513000 1.875000 0.216100
2.588000 1.875000 0.215600
2.663000 1.875000 0.215100
2.738000 1.875000 0.214500
2.813000 1.875000 0.214000
2.888000 1.875000 0.213500
2.963000 1.875000 0.213000
3.038000 1.875000 0.212600
3.113000 1.875000 0.212100
3.188000 1.875000 0.211700
3.263000 1.875000 0.211400
3.338000 1.875000 0.211000
3.413000 1.875000 0.210800
3.488000 1.875000 0.210500
3.563000 1.875000 0.210300
3.638000 1.875000 0.210200
3.713000 1.875000 0.210100
3.788000 1.875000 0.210000
3.863000 1.875000 0.000000
-0.037500 2.025000 0.000000
0.037500 2.025000 0.207900
0.112500 2.025000 0.207900
0.187500 2.025000 0.207900
0.262500 2.025000 0.207900
0.337500 2.025000 0.208000
0.412500 2.025000 0.208000
0.487500 2.025000 0.208100
0.562500 2.025000 0.208100
0.637500 2.025000 0.208100
0.712500 2.025000 0.208200
0.787500 2.025000 0.208200
0.862500 2.025000 0.208200
0.937500 2.025000 0.208200
1.012000 2.025000 0.208200
1.087000 2.025000 0.208200
1.163000 2.025000 0.208100
1.238000 2.025000 0.208100
1.313000 2.025000 0.208000
1.388000 2.025000 0.207900
1.463000 2.025000 0.207700
1.538000 2.025000 0.207500
1.613000 2.025000 0.207300
1.688000 2.025000 0.207100
1.763000 2.025000 0.206800
1.838000 2.025000 0.206500
1.913000 2.025000 0.206200
1.988000 2.025000 0.205900
2.063000 2.025000 0.205500
2.138000 2.025000 0.205100
2.213000 2.025000 0.204700
2.288000 2.025000 0.204200
2.363000 2.025000 0.203800
2.438000 2.025000 0.203300
2.513000 2.025000 0.202900
2.588000 2.025000 0.202400
2.663000 2.025000 0.201900
2.738000 2.025000 0.201500
2.813000 2.025000 0.201000
2.888000 2.025000 0.200600
2.963000 2.025000 0.200100
3.038000 2.025000 0.199700
3.113000 2.025000 0.199400
3.188000 2.025000 0.199000
3.263000 2.025000 0.198700
3.338000 2.025000 0.198400
3.413000 2.025000 0.198200
3.488000 2.025000 0.198000
3.563000 2.025000 0.197800
3.638000 2.025000 0.197700
3.713000 2.025000 0.197600
3.788000 2.025000 0.197600
3.863000 2.025000 0.000000
-0.037500 2.175000 0.000000
0.037500 2.175000 0.191400
0.112500 2.175000 0.191400
0.187500 2.175000 0.191400
0.262500 2.175000 0.191400
0.337500 2.175000 0.191400
0.412500 2.175000 0.191500
0.487500 2.175000 0.191500
0.562500 2.175000 0.191500
0.637500 2.175000 0.191500
0.712500 2.175000 0.191500
0.787500 2.175000 0.191500
0.862500 2.175000 0.191500
0.937500 2.175000 0.191400
1.012000 2.175000 0.191400
1.087000 2.175000 0.191300
1.163000 2.175000 0.191300
1.238000 2.175000 0.191200
1.313000 2.175000 0.191100
1.388000 2.175000 0.190900
1.463000 2.175000 0.190800
1.538000 2.175000 0.190600
1.613000 2.175000 0.190400
1.688000 2.175000 0.190200
1.763000 2.175000 0.190000
1.838000 2.175000 0.189700
1.913000 2.175000 0.189400
1.988000 2.175000 0.189100
2.063000 2.175000 0.188800
2.138000 2.175000 0.188400
2.213000 2.175000 0.188100
2.288000 2.175000 0.187700
2.363000 2.175000 0.187300
2.438000 2.175000 0.186900
2.513000 2.175000 0.186500
2.588000 2.175000 0.186200
2.663000 2.175000 0.185800
2.738000 2.175000 0.185400
2.813000 2.175000 0.185000
2.888000 2.175000 0.184700
2.963000 2.175000 0.184300
3.038000 2.175000 0.184000
3.113000 2.175000 0.183700
3.188000 2.175000 0.183400
3.263000 2.175000 0.183100
3.338000 2.175000 0.182900
3.413000 2.175000 0.182700
3.488000 2.175000 0.182600
3.563000 2.175000 0.182400
3.638000 2.175000 0.182300
3.713000 2.175000 0.182300
3.788000 2.175000 0.182200
3.863000 2.175000 0.000000
-0.037500 2.325000 0.000000
0.037500 2.325000 0.179300
0.112500 2.325000 0.179300
0.187500 2.325000 0.179300
0.262500 2.325000 0.179300
0.337500 2.325000 0.179300
0.412500 2.325000 0.179300
0.487500 2.325000 0.179300
0.562500 2.325000 0.179300
0.637500 2.325000 0.179200
0.712500 2.325000 0.179200
0.787500 2.325000 0.179200
0.862500 2.325000 0.179100
0.937500 2.325000 0.179100
1.012000 2.325000 0.179000
1.087000 2.325000 0.179000
1.163000 2.325000 0.178900
1.238000 2.325000 0.178800
1.313000 2.325000 0.178600
1.388000 2.325000 0.178500
1.463000 2.325000 0.178300
1.538000 2.325000 0.178200
1.613000 2.325000 0.178000
1.688000 2.325000 0.177800
1.763000 2.325000 0.177500
1.838000 2.325000 0.177300
1.913000 2.325000 0.177000
1.988000 2.325000 0.176800
2.063000 2.325000 0.176500
2.138000 2.325000 0.176200
2.213000 2.325000 0.175900
2.288000 2.325000 0.175600
2.363000 2.325000 0.175200
2.438000 2.325000 0.174900
2.513000 2.325000 0.174600
2.588000 2.325000 0.174200
2.663000 2.325000 0.173900
2.738000 2.325000 0.173600
2.813000 2.325000 0.173300
2.888000 2.325000 0.173000
2.963000 2.325000 0.172700
3.038000 2.325000 0.172400
3.113000 2.325000 0.172200
3.188000 2.325000 0.171900
3.263000 2.325000 0.171700
3.338000 2.325000 0.171500
3.413000 2.325000 0.171400
3.488000 2.325000 0.171200
3.563000 2.325000 0.171100
3.638000 2.325000 0.171100
3.713000 2.325000 0.171000
3.788000 2.325000 0.171000
3.863000 2.325000 0.000000
-0.037500 2.475000 0.000000
0.037500 2.475000 0.172900
0.112500 2.475000 0.172900
0.187500 2.475000 0.172900
0.262500 2.475000 0.172900
0.337500 2.475000 0.172900
0.412500 2.475000 0.172900
0.487500 2.475000 0.172900
0.562500 2.475000 0.172900
0.637500 2.475000 0.172900
0.712500 2.475000 0.172800
0.787500 2.475000 0.172800
0.862500 2.475000 0.172700
0.937500 2.475000 0.172700
1.012000 2.475000 0.172600
1.087000 2.475000 0.172500
1.163000 2.475000 0.172400
1.238000 2.475000 0.172300
1.313000 2.475000 0.172200
1.388000 2.475000 0.172100
1.463000 2.475000 0.171900
1.538000 2.475000 0.171700
1.613000 2.475000 0.171500
1.688000 2.475000 0.171300
1.763000 2.475000 0.171100
1.838000 2.475000 0.170900
1.913000 2.475000 0.170600
1.988000 2.475000 0.170400
2.063000 2.475000 0.170100
2.138000 2.475000 0.169800
2.213000 2.475000 0.169500
2.288000 2.475000 0.169300
2.363000 2.475000 0.169000
2.438000 2.475000 0.168600
2.513000 2.475000 0.168300
2.588000 2.475000 0.168000
2.663000 2.475000 0.167700
2.738000 2.475000 0.167400
2.813000 2.475000 0.167200
2.888000 2.475000 0.166900
2.963000 2.475000 0.166600
3.038000 2.475000 0.166400
3.113000 2.475000 0.166100
3.188000 2.475000 0.165900
3.263000 2.475000 0.165700
3.338000 2.475000 0.165600
3.413000 2.475000 0.165400
3.488000 2.475000 0.165300
3.563000 2.475000 0.165200
3.638000 2.475000 0.165100
3.713000 2.475000 0.165100
3.788000 2.475000 0.165000
3.863000 2.475000 0.000000
-0.037500 2.625000 0.000000
0.037500 2.625000 0.166500
0.112500 2.625000 0.166500
0.187500 2.625000 0.166400
0.262500 2.625000 0.166400
0.337500 2.625000 0.166400
0.412500 2.625000 0.166400
0.487500 2.625000 0.166400
0.562500 2.625000 0.166400
0.637500 2.625000 0.166300
0.712500 2.625000 0.166300
0.787500 2.625000 0.166300
0.862500 2.625000 0.166200
0.937500 2.625000 0.166100
1.012000 2.625000 0.166100
1.087000 2.625000 0.166000
1.163000 2.625000 0.165900
1.238000 2.625000 0.165800
1.313000 2.625000 0.165700
1.388000 2.625000 0.165500
1.463000 2.625000 0.165400
1.538000 2.625000 0.165200
1.613000 2.625000 0.165000
1.688000 2.625000 0.164800
1.763000 2.625000 0.164600
1.838000 2.625000 0.164400
1.913000 2.625000 0.164200
1.988000 2.625000 0.163900
2.063000 2.625000 0.163700
2.138000 2.625000 0.163400
2.213000 2.625000 0.163100
2.288000 2.625000 0.162800
2.363000 2.625000 0.162600
2.438000 2.625000 0.162300
2.513000 2.625000 0.162000
2.588000 2.625000 0.161700
2.663000 2.625000 0.161400
2.738000 2.625000 0.161100
2.813000 2.625000 0.160900
2.888000 2.625000 0.160600
2.963000 2.625000 0.160400
3.038000 2.625000 0.160100
3.113000 2.625000 0.159900
3.188000 2.625000 0.159700
3.263000 2.625000 0.159500
3.338000 2.625000 0.159400
3.413000 2.625000 0.159300
3.488000 2.625000 0.159100
3.563000 2.625000 0.159000
3.638000 2.625000 0.159000
3.713000 2.625000 0.158900
3.788000 2.625000 0.158900
3.863000 2.625000 0.000000
-0.037500 2.775000 0.000000
0.037500 2.775000 0.159900
0.112500 2.775000 0.159900
0.187500 2.775000 0.159900
0.262500 2.775000 0.159900
0.337500 2.775000 0.159900
0.412500 2.775000 0.159900
0.487500 2.775000 0.159900
0.562500 2.775000 0.159800
0.637500 2.775000 0.159800
0.712500 2.775000 0.159800
0.787500 2.775000 0.159700
0.862500 2.775000 0.159700
0.937500 2.775000 0.159600
1.012000 2.775000 0.159500
1.087000 2.775000 0.159500
1.163000 2.775000 0.159400
1.238000 2.775000 0.159200
1.313000 2.775000 0.159100
1.388000 2.775000 0.159000
1.463000 2.775000 0.158800
1.538000 2.775000 0.158700
1.613000 2.775000 0.158500
1.688000 2.775000 0.158300
1.763000 2.775000 0.158100
1.838000 2.775000 0.157900
1.913000 2.775000 0.157700
1.988000 2.775000 0.157400
2.063000 2.775000 0.157200
2.138000 2.775000 0.156900
2.213000 2.775000 0.156700
2.288000 2.775000 0.156400
2.363000 2.775000 0.156100
2.438000 2.775000 0.155900
2.513000 2.775000 0.155600
2.588000 2.775000 0.155300
2.663000 2.775000 0.155100
2.738000 2.775000 0.154800
2.813000 2.775000 0.154500
2.888000 2.775000 0.154300
2.963000 2.775000 0.154100
3.038000 2.775000 0.153900
3.113000 2.775000 0.153700
3.188000 2.775000 0.153500
3.263000 2.775000 0.153300
3.338000 2.775000 0.153100
3.413000 2.775000 0.153000
3.488000 2.775000 0.152900
3.563000 2.775000 0.152800
3.638000 2.775000 0.152700
3.713000 2.775000 0.152700
3.788000 2.775000 0.152700
3.863000 2.775000 0.000000
-0.037500 2.925000 0.000000
0.037500 2.925000 0.147000
0.112500 2.925000 0.147000
0.187500 2.925000 0.147000
0.262500 2.925000 0.147000
0.337500 2.925000 0.147000
0.412500 2.925000 0.146900
0.487500 2.925000 0.146900
0.562500 2.925000 0.146900
0.637500 2.925000 0.146900
0.712500 2.925000 0.146800
0.787500 2.925000 0.146800
0.862500 2.925000 0.146700
0.937500 2.925000 0.146700
1.012000 2.925000 0.146600
1.087000 2.925000 0.146500
1.163000 2.925000 0.146500
1.238000 2.925000 0.146400
1.313000 2.925000 0.146200
1.388000 2.925000 0.146100
1.463000 2.925000 0.146000
1.538000 2.925000 0.145800
1.613000 2.925000 0.145700
1.688000 2.925000 0.145500
1.763000 2.925000 0.145300
1.838000 2.925000 0.145100
1.913000 2.925000 0.144900
1.988000 2.925000 0.144700
2.063000 2.925000 0.144400
2.138000 2.925000 0.144200
2.213000 2.925000 0.144000
2.288000 2.925000 0.143700
2.363000 2.925000 0.143500
2.438000 2.925000 0.143200
2.513000 2.925000 0.143000
2.588000 2.925000 0.142700
2.663000 2.925000 0.142500
2.738000 2.925000 0.142200
2.813000 2.925000 0.142000
2.888000 2.925000 0.141800
2.963000 2.925000 0.141500
3.038000 2.925000 0.141300
3.113000 2.925000 0.141100
3.188000 2.925000 0.141000
3.263000 2.925000 0.140800
3.338000 2.925000 0.140700
3.413000 2.925000 0.140500
3.488000 2.925000 0.140400
3.563000 2.925000 0.140400
3.638000 2.925000 0.140300
3.713000 2.925000 0.140300
3.788000 2.925000 0.140200
3.863000 2.925000 0.000000
-0.037500 3.075000 0.000000
0.037500 3.075000 0.128100
0.112500 3.075000 0.128100
0.187500 3.075000 0.128100
0.262500 3.075000 0.128100
0.337500 3.075000 0.128100
0.412500 3.075000 0.128100
0.487500 3.075000 0.128100
0.562500 3.075000 0.128000
0.637500 3.075000 0.128000
0.712500 3.075000 0.128000
0.787500 3.075000 0.127900
0.862500 3.075000 0.127900
0.937500 3.075000 0.127900
1.012000 3.075000 0.127800
1.087000 3.075000 0.127700
1.163000 3.075000 0.127600
1.238000 3.075000 0.127600
1.313000 3.075000 0.127500
1.388000 3.075000 0.127300
1.463000 3.075000 0.127200
1.538000 3.075000 0.127100
1.613000 3.075000 0.127000
1.688000 3.075000 0.126800
1.763000 3.075000 0.126600
1.838000 3.075000 0.126500
1.913000 3.075000 0.126300
1.988000 3.075000 0.126100
2.063000 3.075000 0.125900
2.138000 3.075000 0.125700
2.213000 3.075000 0.125500
2.288000 3.075000 0.125200
2.363000 3.075000 0.125000
2.438000 3.075000 0.124800
2.513000 3.075000 0.124600
2.588000 3.075000 0.124300
2.663000 3.075000 0.124100
2.738000 3.075000 0.123900
2.813000 3.075000 0.123700
2.888000 3.075000 0.123500
2.963000 3.075000 0.123300
3.038000 3.075000 0.123100
3.113000 3.075000 0.123000
3.188000 3.075000 0.122800
3.263000 3.075000 0.122700
3.338000 3.075000 0.122500
3.413000 3.075000 0.122400
3.488000 3.075000 0.122300
3.563000 3.075000 0.122300
3.638000 3.075000 0.122200
3.713000 3.075000 0.122200
3.788000 3.075000 0.122100
3.863000 3.075000 0.000000
-0.037500 3.225000 0.000000
0.037500 3.225000 0.110300
0.112500 3.225000 0.110300
0.187500 3.225000 0.110300
0.262500 3.225000 0.110300
0.337500 3.225000 0.110300
0.412500 3.225000 0.110300
0.487500 3.225000 0.110300
0.562500 3.225000 0.110200
0.637500 3.225000 0.110200
0.712500 3.225000 0.110200
0.787500 3.225000 0.110200
0.862500 3.225000 0.110100
0.937500 3.225000 0.110100
1.012000 3.225000 0.110000
1.087000 3.225000 0.110000
1.163000 3.225000 0.109900
1.238000 3.225000 0.109800
1.313000 3.225000 0.109700
1.388000 3.225000 0.109600
1.463000 3.225000 0.109500
1.538000 3.225000 0.109400
1.613000 3.225000 0.109300
1.688000 3.225000 0.109200
1.763000 3.225000 0.109000
1.838000 3.225000 0.108900
1.913000 3.225000 0.108700
1.988000 3.225000 0.108500
2.063000 3.225000 0.108400
2.138000 3.225000 0.108200
2.213000 3.225000 0.108000
2.288000 3.225000 0.107800
2.363000 3.225000 0.107600
2.438000 3.225000 0.107400
2.513000 3.225000 0.107200
2.588000 3.225000 0.107000
2.663000 3.225000 0.106800
2.738000 3.225000 0.106600
2.813000 3.225000 0.106500
2.888000 3.225000 0.106300
2.963000 3.225000 0.106100
3.038000 3.225000 0.106000
3.113000 3.225000 0.105800
3.188000 3.225000 0.105700
3.263000 3.225000 0.105500
3.338000 3.225000 0.105400
3.413000 3.225000 0.105300
3.488000 3.225000 0.105300
3.563000 3.225000 0.105200
3.638000 3.225000 0.105200
3.713000 3.225000 0.105100
3.788000 3.225000 0.105100
3.863000 3.225000 0.000000
-0.037500 3.375000 0.000000
0.037500 3.375000 0.093880
0.112500 3.375000 0.093880
0.187500 3.375000 0.093880
0.262500 3.375000 0.093870
0.337500 3.375000 0.093870
0.412500 3.375000 0.093860
0.487500 3.375000 0.093850
0.562500 3.375000 0.093830
0.637500 3.375000 0.093810
0.712500 3.375000 0.093790
0.787500 3.375000 0.093760
0.862500 3.375000 0.093730
0.937500 3.375000 0.093690
1.012000 3.375000 0.093650
1.087000 3.375000 0.093590
1.163000 3.375000 0.093540
1.238000 3.375000 0.093470
1.313000 3.375000 0.093400
1.388000 3.375000 0.093310
1.463000 3.375000 0.093220
1.538000 3.375000 0.093120
1.613000 3.375000 0.093020
1.688000 3.375000 0.092900
1.763000 3.375000 0.092780
1.838000 3.375000 0.092650
1.913000 3.375000 0.092510
1.988000 3.375000 0.092360
2.063000 3.375000 0.092210
2.138000 3.375000 0.092060
2.213000 3.375000 0.091900
2.288000 3.375000 0.091730
2.363000 3.375000 0.091570
2.438000 3.375000 0.091400
2.513000 3.375000 0.091230
2.588000 3.375000 0.091070
2.663000 3.375000 0.090900
2.738000 3.375000 0.090740
2.813000 3.375000 0.090580
2.888000 3.375000 0.090430
2.963000 3.375000 0.090290
3.038000 3.375000 0.090160
3.113000 3.375000 0.090030
3.188000 3.375000 0.089910
3.263000 3.375000 0.089810
3.338000 3.375000 0.089710
3.413000 3.375000 0.089630
3.488000 3.375000 0.089560
3.563000 3.375000 0.089510
3.638000 3.375000 0.089460
3.713000 3.375000 0.089440
3.788000 3.375000 0.089420
3.863000 3.375000 0.000000
-0.037500 3.525000 0.000000
0.037500 3.525000 0.079080
0.112500 3.525000 0.079080
0.187500 3.525000 0.079080
0.262500 3.525000 0.079070
0.337500 3.525000 0.079070
0.412500 3.525000 0.079060
0.487500 3.525000 0.079050
0.562500 3.525000 0.079040
0.637500 3.525000 0.079020
0.712500 3.525000 0.079000
0.787500 3.525000 0.078980
0.862500 3.525000 0.078950
0.937500 3.525000 0.078910
1.012000 3.525000 0.078880
1.087000 3.525000 0.078830
1.163000 3.525000 0.078780
1.238000 3.525000 0.078720
1.313000 3.525000 0.078660
1.388000 3.525000 0.078590
1.463000 3.525000 0.078510
1.538000 3.525000 0.078430
1.613000 3.525000 0.078340
1.688000 3.525000 0.078240
1.763000 3.525000 0.078140
1.838000 3.525000 0.078020
1.913000 3.525000 0.077910
1.988000 3.525000 0.077780
2.063000 3.525000 0.077660
2.138000 3.525000 0.077520
2.213000 3.525000 0.077390
2.288000 3.525000 0.077250
2.363000 3.525000 0.077110
2.438000 3.525000 0.076970
2.513000 3.525000 0.076830
2.588000 3.525000 0.076690
2.663000 3.525000 0.076550
2.738000 3.525000 0.076410
2.813000 3.525000 0.076280
2.888000 3.525000 0.076150
2.963000 3.525000 0.076030
3.038000 3.525000 0.075920
3.113000 3.525000 0.075810
3.188000 3.525000 0.075710
3.263000 3.525000 0.075620
3.338000 3.525000 0.075540
3.413000 3.525000 0.075470
3.488000 3.525000 0.075410
3.563000 3.525000 0.075360
3.638000 3.525000 0.075330
3.713000 3.525000 0.075300
3.788000 3.525000 0.075290
3.863000 3.525000 0.000000
-0.037500 3.675000 0.000000
0.037500 3.675000 0.065980
0.112500 3.675000 0.065980
0.187500 3.675000 0.065980
0.262500 3.675000 0.065980
0.337500 3.675000 0.065970
0.412500 3.675000 0.065960
0.487500 3.675000 0.065950
0.562500 3.675000 0.065940
0.637500 3.675000 0.065930
0.712500 3.675000 0.065910
0.787500 3.675000 0.065890
0.862500 3.675000 0.065870
0.937500 3.675000 0.065840
1.012000 3.675000 0.065800
1.087000 3.675000 0.065770
1.163000 3.675000 0.065720
1.238000 3.675000 0.065680
1.313000 3.675000 0.065620
1.388000 3.675000 0.065560
1.463000 3.675000 0.065500
1.538000 3.675000 0.065430
1.613000 3.675000 0.065350
1.688000 3.675000 0.065270
1.763000 3.675000 0.065180
1.838000 3.675000 0.065090
1.913000 3.675000 0.064990
1.988000 3.675000 0.064890
2.063000 3.675000 0.064780
2.138000 3.675000 0.064670
2.213000 3.675000 0.064550
2.288000 3.675000 0.064440
2.363000 3.675000 0.064320
2.438000 3.675000 0.064200
2.513000 3.675000 0.064080
2.588000 3.675000 0.063970
2.663000 3.675000 0.063850
2.738000 3.675000 0.063740
2.813000 3.675000 0.063630
2.888000 3.675000 0.063520
2.963000 3.675000 0.063420
3.038000 3.675000 0.063320
3.113000 3.675000 0.063230
3.188000 3.675000 0.063150
3.263000 3.675000 0.063080
3.338000 3.675000 0.063010
3.413000 3.675000 0.062950
3.488000 3.675000 0.062900
3.563000 3.675000 0.062860
3.638000 3.675000 0.062830
3.713000 3.675000 0.062810
3.788000 3.675000 0.062800
3.863000 3.675000 0.000000
-0.037500 3.825000 0.000000
0.037500 3.825000 0.054600
0.112500 3.825000 0.054600
0.187500 3.825000 0.054600
0.262500 3.825000 0.054600
0.337500 3.825000 0.054590
0.412500 3.825000 0.054580
0.487500 3.825000 0.054580
0.562500 3.825000 0.054560
0.637500 3.825000 0.054550
0.712500 3.825000 0.054540
0.787500 3.825000 0.054520
0.862500 3.825000 0.054500
0.937500 3.825000 0.054470
1.012000 3.825000 0.054450
1.087000 3.825000 0.054410
1.163000 3.825000 0.054380
1.238000 3.825000 0.054340
1.313000 3.825000 0.054290
1.388000 3.825000 0.054240
1.463000 3.825000 0.054190
1.538000 3.825000 0.054130
1.613000 3.825000 0.054070
1.688000 3.825000 0.054000
1.763000 3.825000 0.053920
1.838000 3.825000 0.053850
1.913000 3.825000 0.053760
1.988000 3.825000 0.053680
2.063000 3.825000 0.053590
2.138000 3.825000 0.053500
2.213000 3.825000 0.053400
2.288000 3.825000 0.053310
2.363000 3.825000 0.053210
2.438000 3.825000 0.053110
2.513000 3.825000 0.053020
2.588000 3.825000 0.052920
2.663000 3.825000 0.052820
2.738000 3.825000 0.052730
2.813000 3.825000 0.052640
2.888000 3.825000 0.052550
2.963000 3.825000 0.052470
3.038000 3.825000 0.052390
3.113000 3.825000 0.052310
3.188000 3.825000 0.052240
3.263000 3.825000 0.052180
3.338000 3.825000 0.052130
3.413000 3.825000 0.052080
3.488000 3.825000 0.052040
3.563000 3.825000 0.052000
3.638000 3.825000 0.051970
3.713000 3.825000 0.051960
3.788000 3.825000 0.051950
3.863000 3.825000 0.000000
-0.037500 3.975000 0.000000
0.037500 3.975000 0.044880
0.112500 3.975000 0.044880
0.187500 3.975000 0.044880
0.262500 3.975000 0.044880
0.337500 3.975000 0.044870
0.412500 3.975000 0.044870
0.487500 3.975000 0.044860
0.562500 3.975000 0.044850
0.637500 3.975000 0.044840
0.712500 3.975000 0.044830
0.787500 3.975000 0.044810
0.862500 3.975000 0.044800
0.937500 3.975000 0.044770
1.012000 3.975000 0.044750
1.087000 3.975000 0.044720
1.163000 3.975000 0.044690
1.238000 3.975000 0.044660
1.313000 3.975000 0.044620
1.388000 3.975000 0.044580
1.463000 3.975000 0.044540
1.538000 3.975000 0.044490
1.613000 3.975000 0.044430
1.688000 3.975000 0.044380
1.763000 3.975000 0.044320
1.838000 3.975000 0.044250
1.913000 3.975000 0.044190
1.988000 3.975000 0.044110
2.063000 3.975000 0.044040
2.138000 3.975000 0.043970
2.213000 3.975000 0.043890
2.288000 3.975000 0.043810
2.363000 3.975000 0.043730
2.438000 3.975000 0.043650
2.513000 3.975000 0.043570
2.588000 3.975000 0.043490
2.663000 3.975000 0.043410
2.738000 3.975000 0.043330
2.813000 3.975000 0.043260
2.888000 3.975000 0.043190
2.963000 3.975000 0.043120
3.038000 3.975000 0.043050
3.113000 3.975000 0.042990
3.188000 3.975000 0.042940
3.263000 3.975000 0.042890
3.338000 3.975000 0.042840
3.413000 3.975000 0.042800
3.488000 3.975000 0.042760
3.563000 3.975000 0.042740
3.638000 3.975000 0.042710
3.713000 3.975000 0.042700
3.788000 3.975000 0.042690
3.863000 3.975000 0.000000
-0.037500 4.125000 0.000000
0.037500 4.125000 0.036740
0.112500 4.125000 0.036740
0.187500 4.125000 0.036740
0.262500 4.125000 0.036740
0.337500 4.125000 0.036730
0.412500 4.125000 0.036730
0.487500 4.125000 0.036720
0.562500 4.125000 0.036710
0.637500 4.125000 0.036710
0.712500 4.125000 0.036690
0.787500 4.125000 0.036680
0.862500 4.125000 0.036670
0.937500 4.125000 0.036650
1.012000 4.125000 0.036630
1.087000 4.125000 0.036610
1.163000 4.125000 0.036580
1.238000 4.125000 0.036550
1.313000 4.125000 0.036520
1.388000 4.125000 0.036490
1.463000 4.125000 0.036450
1.538000 4.125000 0.036410
1.613000 4.125000 0.036370
1.688000 4.125000 0.036320
1.763000 4.125000 0.036270
1.838000 4.125000 0.036220
1.913000 4.125000 0.036160
1.988000 4.125000 0.036100
2.063000 4.125000 0.036040
2.138000 4.125000 0.035980
2.213000 4.125000 0.035920
2.288000 4.125000 0.035850
2.363000 4.125000 0.035790
2.438000 4.125000 0.035720
2.513000 4.125000 0.035660
2.588000 4.125000 0.035590
2.663000 4.125000 0.035530
2.738000 4.125000 0.035470
2.813000 4.125000 0.035410
2.888000 4.125000 0.035350
2.963000 4.125000 0.035290
3.038000 4.125000 0.035240
3.113000 4.125000 0.035190
3.188000 4.125000 0.035140
3.263000 4.125000 0.035100
3.338000 4.125000 0.035060
3.413000 4.125000 0.035030
3.488000 4.125000 0.035000
3.563000 4.125000 0.034980
3.638000 4.125000 0.034960
3.713000 4.125000 0.034950
3.788000 4.125000 0.034940
3.863000 4.125000 0.000000
-0.037500 4.275000 0.000000
0.037500 4.275000 0.030070
0.112500 4.275000 0.030060
0.187500 4.275000 0.030060
0.262500 4.275000 0.030060
0.337500 4.275000 0.030060
0.412500 4.275000 0.030050
0.487500 4.275000 0.030050
0.562500 4.275000 0.030040
0.637500 4.275000 0.030030
0.712500 4.275000 0.030020
0.787500 4.275000 0.030010
0.862500 4.275000 0.030000
0.937500 4.275000 0.029980
1.012000 4.275000 0.029970
1.087000 4.275000 0.029950
1.163000 4.275000 0.029930
1.238000 4.275000 0.029900
1.313000 4.275000 0.029880
1.388000 4.275000 0.029850
1.463000 4.275000 0.029820
1.538000 4.275000 0.029780
1.613000 4.275000 0.029750
1.688000 4.275000 0.029710
1.763000 4.275000 0.029670
1.838000 4.275000 0.029630
1.913000 4.275000 0.029580
1.988000 4.275000 0.029530
2.063000 4.275000 0.029490
2.138000 4.275000 0.029440
2.213000 4.275000 0.029380
2.288000 4.275000 0.029330
2.363000 4.275000 0.029280
2.438000 4.275000 0.029220
2.513000 4.275000 0.029170
2.588000 4.275000 0.029120
2.663000 4.275000 0.029070
2.738000 4.275000 0.029010
2.813000 4.275000 0.028970
2.888000 4.275000 0.028920
2.963000 4.275000 0.028870
3.038000 4.275000 0.028830
3.113000 4.275000 0.028790
3.188000 4.275000 0.028750
3.263000 4.275000 0.028720
3.338000 4.275000 0.028690
3.413000 4.275000 0.028660
3.488000 4.275000 0.028630
3.563000 4.275000 0.028620
3.638000 4.275000 0.028600
3.713000 4.275000 0.028590
3.788000 4.275000 0.028590
3.863000 4.275000 0.000000
-0.037500 4.425000 0.000000
0.037500 4.425000 0.024730
0.112500 4.425000 0.024730
0.187500 4.425000 0.024730
0.262500 4.425000 0.024720
0.337500 4.425000 0.024720
0.412500 4.425000 0.024720
0.487500 4.425000 0.024710
0.562500 4.425000 0.024710
0.637500 4.425000 0.024700
0.712500 4.425000 0.024690
0.787500 4.425000 0.024680
0.862500 4.425000 0.024670
0.937500 4.425000 0.024660
1.012000 4.425000 0.024640
1.087000 4.425000 0.024630
1.163000 4.425000 0.024610
1.238000 4.425000 0.024590
1.313000 4.425000 0.024570
1.388000 4.425000 0.024550
1.463000 4.425000 0.024520
1.538000 4.425000 0.024490
1.613000 4.425000 0.024460
1.688000 4.425000 0.024430
1.763000 4.425000 0.024400
1.838000 4.425000 0.024360
1.913000 4.425000 0.024330
1.988000 4.425000 0.024290
2.063000 4.425000 0.024250
2.138000 4.425000 0.024210
2.213000 4.425000 0.024160
2.288000 4.425000 0.024120
2.363000 4.425000 0.024080
2.438000 4.425000 0.024030
2.513000 4.425000 0.023990
2.588000 4.425000 0.023950
2.663000 4.425000 0.023900
2.738000 4.425000 0.023860
2.813000 4.425000 0.023820
2.888000 4.425000 0.023780
2.963000 4.425000 0.023740
3.038000 4.425000 0.023710
3.113000 4.425000 0.023680
3.188000 4.425000 0.023640
3.263000 4.425000 0.023620
3.338000 4.425000 0.023590
3.413000 4.425000 0.023570
3.488000 4.425000 0.023550
3.563000 4.425000 0.023530
3.638000 4.425000 0.023520
3.713000 4.425000 0.023510
3.788000 4.425000 0.023510
3.863000 4.425000 0.000000
-0.037500 4.575000 0.000000
0.037500 4.575000 0.020620
0.112500 4.575000 0.020620
0.187500 4.575000 0.020620
0.262500 4.575000 0.020620
0.337500 4.575000 0.020610
0.412500 4.575000 0.020610
0.487500 4.575000 0.020610
0.562500 4.575000 0.020600
0.637500 4.575000 0.020590
0.712500 4.575000 0.020590
0.787500 4.575000 0.020580
0.862500 4.575000 0.020570
0.937500 4.575000 0.020560
1.012000 4.575000 0.020550
1.087000 4.575000 0.020530
1.163000 4.575000 0.020520
1.238000 4.575000 0.020500
1.313000 4.575000 0.020480
1.388000 4.575000 0.020460
1.463000 4.575000 0.020440
1.538000 4.575000 0.020420
1.613000 4.575000 0.020390
1.688000 4.575000 0.020370
1.763000 4.575000 0.020340
1.838000 4.575000 0.020310
1.913000 4.575000 0.020280
1.988000 4.575000 0.020250
2.063000 4.575000 0.020210
2.138000 4.575000 0.020180
2.213000 4.575000 0.020140
2.288000 4.575000 0.020110
2.363000 4.575000 0.020070
2.438000 4.575000 0.020040
2.513000 4.575000 0.020000
2.588000 4.575000 0.019960
2.663000 4.575000 0.019930
2.738000 4.575000 0.019890
2.813000 4.575000 0.019860
2.888000 4.575000 0.019830
2.963000 4.575000 0.019800
3.038000 4.575000 0.019770
3.113000 4.575000 0.019740
3.188000 4.575000 0.019710
3.263000 4.575000 0.019690
3.338000 4.575000 0.019670
3.413000 4.575000 0.019650
3.488000 4.575000 0.019630
3.563000 4.575000 0.019620
3.638000 4.575000 0.019610
3.713000 4.575000 0.019600
3.788000 4.575000 0.019600
3.863000 4.575000 0.000000
-0.037500 4.725000 0.000000
0.037500 4.725000 0.017630
0.112500 4.725000 0.017630
0.187500 4.725000 0.017630
0.262500 4.725000 0.017630
0.337500 4.725000 0.017630
0.412500 4.725000 0.017620
0.487500 4.725000 0.017620
0.562500 4.725000 0.017620
0.637500 4.725000 0.017610
0.712500 4.725000 0.017600
0.787500 4.725000 0.017600
0.862500 4.725000 0.017590
0.937500 4.725000 0.017580
1.012000 4.725000 0.017570
1.087000 4.725000 0.017560
1.163000 4.725000 0.017540
1.238000 4.725000 0.017530
1.313000 4.725000 0.017510
1.388000 4.725000 0.017500
1.463000 4.725000 0.017480
1.538000 4.725000 0.017460
1.613000 4.725000 0.017440
1.688000 4.725000 0.017410
1.763000 4.725000 0.017390
1.838000 4.725000 0.017360
1.913000 4.725000 0.017340
1.988000 4.725000 0.017310
2.063000 4.725000 0.017280
2.138000 4.725000 0.017250
2.213000 4.725000 0.017220
2.288000 4.725000 0.017190
2.363000 4.725000 0.017160
2.438000 4.725000 0.017130
2.513000 4.725000 0.017100
2.588000 4.725000 0.017070
2.663000 4.725000 0.017040
2.738000 4.725000 0.017010
2.813000 4.725000 0.016980
2.888000 4.725000 0.016950
2.963000 4.725000 0.016930
3.038000 4.725000 0.016900
3.113000 4.725000 0.016880
3.188000 4.725000 0.016860
3.263000 4.725000 0.016840
3.338000 4.725000 0.016820
3.413000 4.725000 0.016800
3.488000 4.725000 0.016790
3.563000 4.725000 0.016780
3.638000 4.725000 0.016770
3.713000 4.725000 0.016760
3.788000 4.725000 0.016760
3.863000 4.725000 0.000000
-0.037500 4.875000 0.000000
0.037500 4.875000 0.015690
0.112500 4.875000 0.015690
0.187500 4.875000 0.015690
0.262500 4.875000 0.015690
0.337500 4.875000 0.015680
0.412500 4.875000 0.015680
0.487500 4.875000 0.015680
0.562500 4.875000 0.015670
0.637500 4.875000 0.015670
0.712500 4.875000 0.015660
0.787500 4.875000 0.015650
0.862500 4.875000 0.015650
0.937500 4.875000 0.015640
1.012000 4.875000 0.015630
1.087000 4.875000 0.015620
1.163000 4.875000 0.015600
1.238000 4.875000 0.015590
1.313000 4.875000 0.015580
1.388000 4.875000 0.015560
1.463000 4.875000 0.015550
1.538000 4.875000 0.015530
1.613000 4.875000 0.015510
1.688000 4.875000 0.015490
1.763000 4.875000 0.015470
1.838000 4.875000 0.015440
1.913000 4.875000 0.015420
1.988000 4.875000 0.015400
2.063000 4.875000 0.015370
2.138000 4.875000 0.015340
2.213000 4.875000 0.015320
2.288000 4.875000 0.015290
2.363000 4.875000 0.015260
2.438000 4.875000 0.015240
2.513000 4.875000 0.015210
2.588000 4.875000 0.015180
2.663000 4.875000 0.015160
2.738000 4.875000 0.015130
2.813000 4.875000 0.015110
2.888000 4.875000 0.015080
2.963000 4.875000 0.015060
3.038000 4.875000 0.015040
3.113000 4.875000 0.015010
3.188000 4.875000 0.015000
3.263000 4.875000 0.014980
3.338000 4.875000 0.014960
3.413000 4.875000 0.014950
3.488000 4.875000 0.014940
3.563000 4.875000 0.014930
3.638000 4.875000 0.014920
3.713000 4.875000 0.014910
3.788000 4.875000 0.014910
3.863000 4.875000 0.000000
-0.037500 5.025000 0.000000
0.037500 5.025000 0.014740
0.112500 5.025000 0.014740
0.187500 5.025000 0.014740
0.262500 5.025000 0.014740
0.337500 5.025000 0.014730
0.412500 5.025000 0.014730
0.487500 5.025000 0.014730
0.562500 5.025000 0.014720
0.637500 5.025000 0.014720
0.712500 5.025000 0.014710
0.787500 5.025000 0.014710
0.862500 5.025000 0.014700
0.937500 5.025000 0.014690
1.012000 5.025000 0.014680
1.087000 5.025000 0.014670
1.163000 5.025000 0.014660
1.238000 5.025000 0.014650
1.313000 5.025000 0.014630
1.388000 5.025000 0.014620
1.463000 5.025000 0.014600
1.538000 5.025000 0.014590
1.613000 5.025000 0.014570
1.688000 5.025000 0.014550
1.763000 5.025000 0.014530
1.838000 5.025000 0.014510
1.913000 5.025000 0.014490
1.988000 5.025000 0.014460
2.063000 5.025000 0.014440
2.138000 5.025000 0.014420
2.213000 5.025000 0.014390
2.288000 5.025000 0.014370
2.363000 5.025000 0.014340
2.438000 5.025000 0.014320
2.513000 5.025000 0.014290
2.588000 5.025000 0.014270
2.663000 5.025000 0.014240
2.738000 5.025000 0.014220
2.813000 5.025000 0.014190
2.888000 5.025000 0.014170
2.963000 5.025000 0.014150
3.038000 5.025000 0.014130
3.113000 5.025000 0.014110
3.188000 5.025000 0.014090
3.263000 5.025000 0.014070
3.338000 5.025000 0.014060
3.413000 5.025000 0.014040
3.488000 5.025000 0.014030
3.563000 5.025000 0.014020
3.638000 5.025000 0.014020
3.713000 5.025000 0.014010
3.788000 5.025000 0.014010
3.863000 5.025000 0.000000
-0.037500 5.175000 0.000000
0.037500 5.175000 0.000000
0.112500 5.175000 0.000000
0.187500 5.175000 0.000000
0.262500 5.175000 0.000000
0.337500 5.175000 0.000000
0.412500 5.175000 0.000000
0.487500 5.175000 0.000000
0.562500 5.175000 0.000000
0.637500 5.175000 0.000000
0.712500 5.175000 0.000000
0.787500 5.175000 0.000000
0.862500 5.175000 0.000000
0.937500 5.175000 0.000000
1.012000 5.175000 0.000000
1.087000 5.175000 0.000000
1.163000 5.175000 0.000000
1.238000 5.175000 0.000000
1.313000 5.175000 0.000000
1.388000 5.175000 0.000000
1.463000 5.175000 0.000000
1.538000 5.175000 0.000000
1.613000 5.175000 0.000000
1.688000 5.175000 0.000000
1.763000 5.175000 0.000000
1.838000 5.175000 0.000000
1.913000 5.175000 0.000000
1.988000 5.175000 0.000000
2.063000 5.175000 0.000000
2.138000 5.175000 0.000000
2.213000 5.175000 0.000000
2.288000 5.175000 0.000000
2.363000 5.175000 0.000000
2.438000 5.175000 0.000000
2.513000 5.175000 0.000000
2.588000 5.175000 0.000000
2.663000 5.175000 0.000000
2.738000 5.175000 0.000000
2.813000 5.175000 0.000000
2.888000 5.175000 0.000000
2.963000 5.175000 0.000000
3.038000 5.175000 0.000000
3.113000 5.175000 0.000000
3.188000 5.175000 0.000000
3.263000 5.175000 0.000000
3.338000 5.175000 0.000000
3.413000 5.175000 0.000000
3.488000 5.175000 0.000000
3.563000 5.175000 0.000000
3.638000 5.175000 0.000000
3.713000 5.175000 0.000000
3.788000 5.175000 0.000000
3.863000 5.175000 0.000000
