-0.037500 -0.075000 0.000000
0.037500 -0.075000 0.000000
0.112500 -0.075000 0.000000
0.187500 -0.075000 0.000000
0.262500 -0.075000 0.000000
0.337500 -0.075000 0.000000
0.412500 -0.075000 0.000000
0.487500 -0.075000 0.000000
0.562500 -0.075000 0.000000
0.637500 -0.075000 0.000000
0.712500 -0.075000 0.000000
0.787500 -0.075000 0.000000
0.862500 -0.075000 0.000000
0.937500 -0.075000 0.000000
1.012000 -0.075000 0.000000
1.087000 -0.075000 0.000000
1.163000 -0.075000 0.000000
1.238000 -0.075000 0.000000
1.313000 -0.075000 0.000000
1.388000 -0.075000 0.000000
1.463000 -0.075000 0.000000
1.538000 -0.075000 0.000000
1.613000 -0.075000 0.000000
1.688000 -0.075000 0.000000
1.763000 -0.075000 0.000000
1.838000 -0.075000 0.000000
1.913000 -0.075000 0.000000
1.988000 -0.075000 0.000000
2.063000 -0.075000 0.000000
2.138000 -0.075000 0.000000
2.213000 -0.075000 0.000000
2.288000 -0.075000 0.000000
2.363000 -0.075000 0.000000
2.438000 -0.075000 0.000000
2.513000 -0.075000 0.000000
2.588000 -0.075000 0.000000
2.663000 -0.075000 0.000000
2.738000 -0.075000 0.000000
2.813000 -0.075000 0.000000
2.888000 -0.075000 0.000000
2.963000 -0.075000 0.000000
3.038000 -0.075000 0.000000
3.113000 -0.075000 0.000000
3.188000 -0.075000 0.000000
3.263000 -0.075000 0.000000
3.338000 -0.075000 0.000000
3.413000 -0.075000 0.000000
3.488000 -0.075000 0.000000
3.563000 -0.075000 0.000000
3.638000 -0.075000 0.000000
3.713000 -0.075000 0.000000
3.788000 -0.075000 0.000000
3.863000 -0.075000 0.000000
-0.037500 0.075000 0.000000
0.037500 0.075000 0.000130
0.112500 0.075000 0.000260
0.187500 0.075000 0.000390
0.262500 0.075000 0.000520
0.337500 0.075000 0.000660
0.412500 0.075000 0.000790
0.487500 0.075000 0.000920
0.562500 0.075000 0.001050
0.637500 0.075000 0.001180
0.712500 0.075000 0.001310
0.787500 0.075000 0.001440
0.862500 0.075000 0.001560
0.937500 0.075000 0.001690
1.012000 0.075000 0.001810
1.087000 0.075000 0.001930
1.163000 0.075000 0.002050
1.238000 0.075000 0.002160
1.313000 0.075000 0.002270
1.388000 0.075000 0.002370
1.463000 0.075000 0.002460
1.538000 0.075000 0.002540
1.613000 0.075000 0.002610
1.688000 0.075000 0.002670
1.763000 0.075000 0.002710
1.838000 0.075000 0.002740
1.913000 0.075000 0.002750
1.988000 0.075000 0.002750
2.063000 0.075000 0.002740
2.138000 0.075000 0.002710
2.213000 0.075000 0.002670
2.288000 0.075000 0.002610
2.363000 0.075000 0.002550
2.438000 0.075000 0.002490
2.513000 0.075000 0.002410
2.588000 0.075000 0.002340
2.663000 0.075000 0.002260
2.738000 0.075000 0.002180
2.813000 0.075000 0.002110
2.888000 0.075000 0.002030
2.963000 0.075000 0.001950
3.038000 0.075000 0.001880
3.113000 0.075000 0.001810
3.188000 0.075000 0.001740
3.263000 0.075000 0.001680
3.338000 0.075000 0.001610
3.413000 0.075000 0.001550
3.488000 0.075000 0.001500
3.563000 0.075000 0.001440
3.638000 0.075000 0.001390
3.713000 0.075000 0.001340
3.788000 0.075000 0.001290
3.863000 0.075000 0.000000
-0.037500 0.225000 0.000000
0.037500 0.225000 0.000130
0.112500 0.225000 0.000260
0.187500 0.225000 0.000390
0.262500 0.225000 0.000520
0.337500 0.225000 0.000660
0.412500 0.225000 0.000790
0.487500 0.225000 0.000920
0.562500 0.225000 0.001050
0.637500 0.225000 0.001180
0.712500 0.225000 0.001310
0.787500 0.225000 0.001440
0.862500 0.225000 0.001560
0.937500 0.225000 0.001690
1.012000 0.225000 0.001810
1.087000 0.225000 0.001930
1.163000 0.225000 0.002050
1.238000 0.225000 0.002160
1.313000 0.225000 0.002270
1.388000 0.225000 0.002370
1.463000 0.225000 0.002460
1.538000 0.225000 0.002540
1.613000 0.225000 0.002610
1.688000 0.225000 0.002670
1.763000 0.225000 0.002710
1.838000 0.225000 0.002740
1.913000 0.225000 0.002750
1.988000 0.225000 0.002750
2.063000 0.225000 0.002740
2.138000 0.225000 0.002710
2.213000 0.225000 0.002670
2.288000 0.225000 0.002610
2.363000 0.225000 0.002550
2.438000 0.225000 0.002490
2.513000 0.225000 0.002410
2.588000 0.225000 0.002340
2.663000 0.225000 0.002260
2.738000 0.225000 0.002180
2.813000 0.225000 0.002110
2.888000 0.225000 0.002030
2.963000 0.225000 0.001950
3.038000 0.225000 0.001880
3.113000 0.225000 0.001810
3.188000 0.225000 0.001740
3.263000 0.225000 0.001680
3.338000 0.225000 0.001610
3.413000 0.225000 0.001550
3.488000 0.225000 0.001500
3.563000 0.225000 0.001440
3.638000 0.225000 0.001390
3.713000 0.225000 0.001340
3.788000 0.225000 0.001290
3.863000 0.225000 0.000000
-0.037500 0.375000 0.000000
0.037500 0.375000 0.000116
0.112500 0.375000 0.000140
0.187500 0.375000 0.000175
0.262500 0.375000 0.000216
0.337500 0.375000 0.000261
0.412500 0.375000 0.000307
0.487500 0.375000 0.000354
0.562500 0.375000 0.000401
0.637500 0.375000 0.000448
0.712500 0.375000 0.000495
0.787500 0.375000 0.000542
0.862500 0.375000 0.000588
0.937500 0.375000 0.000635
1.012000 0.375000 0.000680
1.087000 0.375000 0.000724
1.163000 0.375000 0.000767
1.238000 0.375000 0.000807
1.313000 0.375000 0.000846
1.388000 0.375000 0.000883
1.463000 0.375000 0.000915
1.538000 0.375000 0.000944
1.613000 0.375000 0.000970
1.688000 0.375000 0.000990
1.763000 0.375000 0.001006
1.838000 0.375000 0.001016
1.913000 0.375000 0.001021
1.988000 0.375000 0.001021
2.063000 0.375000 0.001015
2.138000 0.375000 0.001005
2.213000 0.375000 0.000990
2.288000 0.375000 0.000971
2.363000 0.375000 0.000949
2.438000 0.375000 0.000925
2.513000 0.375000 0.000899
2.588000 0.375000 0.000871
2.663000 0.375000 0.000843
2.738000 0.375000 0.000814
2.813000 0.375000 0.000786
2.888000 0.375000 0.000758
2.963000 0.375000 0.000730
3.038000 0.375000 0.000703
3.113000 0.375000 0.000676
3.188000 0.375000 0.000651
3.263000 0.375000 0.000627
3.338000 0.375000 0.000603
3.413000 0.375000 0.000581
3.488000 0.375000 0.000561
3.563000 0.375000 0.000541
3.638000 0.375000 0.000524
3.713000 0.375000 0.000511
3.788000 0.375000 0.000503
3.863000 0.375000 0.000000
-0.037500 0.525000 0.000000
0.037500 0.525000 0.000028
0.112500 0.525000 0.000032
0.187500 0.525000 0.000039
0.262500 0.525000 0.000048
0.337500 0.525000 0.000057
0.412500 0.525000 0.000067
0.487500 0.525000 0.000078
0.562500 0.525000 0.000088
0.637500 0.525000 0.000099
0.712500 0.525000 0.000109
0.787500 0.525000 0.000120
0.862500 0.525000 0.000131
0.937500 0.525000 0.000141
1.012000 0.525000 0.000151
1.087000 0.525000 0.000161
1.163000 0.525000 0.000171
1.238000 0.525000 0.000180
1.313000 0.525000 0.000189
1.388000 0.525000 0.000197
1.463000 0.525000 0.000205
1.538000 0.525000 0.000212
1.613000 0.525000 0.000218
1.688000 0.525000 0.000223
1.763000 0.525000 0.000226
1.838000 0.525000 0.000229
1.913000 0.525000 0.000230
1.988000 0.525000 0.000231
2.063000 0.525000 0.000230
2.138000 0.525000 0.000228
2.213000 0.525000 0.000225
2.288000 0.525000 0.000221
2.363000 0.525000 0.000216
2.438000 0.525000 0.000211
2.513000 0.525000 0.000205
2.588000 0.525000 0.000199
2.663000 0.525000 0.000193
2.738000 0.525000 0.000186
2.813000 0.525000 0.000180
2.888000 0.525000 0.000174
2.963000 0.525000 0.000167
3.038000 0.525000 0.000161
3.113000 0.525000 0.000155
3.188000 0.525000 0.000150
3.263000 0.525000 0.000144
3.338000 0.525000 0.000139
3.413000 0.525000 0.000134
3.488000 0.525000 0.000130
3.563000 0.525000 0.000126
3.638000 0.525000 0.000125
3.713000 0.525000 0.000126
3.788000 0.525000 0.000134
3.863000 0.525000 0.000000
-0.037500 0.675000 0.000000
0.037500 0.675000 0.000006
0.112500 0.675000 0.000007
0.187500 0.675000 0.000008
0.262500 0.675000 0.000010
0.337500 0.675000 0.000011
0.412500 0.675000 0.000013
0.487500 0.675000 0.000015
0.562500 0.675000 0.000017
0.637500 0.675000 0.000019
0.712500 0.675000 0.000021
0.787500 0.675000 0.000023
0.862500 0.675000 0.000025
0.937500 0.675000 0.000028
1.012000 0.675000 0.000030
1.087000 0.675000 0.000032
1.163000 0.675000 0.000034
1.238000 0.675000 0.000035
1.313000 0.675000 0.000037
1.388000 0.675000 0.000039
1.463000 0.675000 0.000040
1.538000 0.675000 0.000042
1.613000 0.675000 0.000043
1.688000 0.675000 0.000044
1.763000 0.675000 0.000045
1.838000 0.675000 0.000046
1.913000 0.675000 0.000046
1.988000 0.675000 0.000046
2.063000 0.675000 0.000046
2.138000 0.675000 0.000046
2.213000 0.675000 0.000045
2.288000 0.675000 0.000045
2.363000 0.675000 0.000044
2.438000 0.675000 0.000043
2.513000 0.675000 0.000042
2.588000 0.675000 0.000041
2.663000 0.675000 0.000039
2.738000 0.675000 0.000038
2.813000 0.675000 0.000037
2.888000 0.675000 0.000036
2.963000 0.675000 0.000034
3.038000 0.675000 0.000033
3.113000 0.675000 0.000032
3.188000 0.675000 0.000031
3.263000 0.675000 0.000030
3.338000 0.675000 0.000029
3.413000 0.675000 0.000028
3.488000 0.675000 0.000028
3.563000 0.675000 0.000027
3.638000 0.675000 0.000028
3.713000 0.675000 0.000029
3.788000 0.675000 0.000032
3.863000 0.675000 0.000000
-0.037500 0.825000 0.000000
0.037500 0.825000 0.000001
0.112500 0.825000 0.000001
0.187500 0.825000 0.000002
0.262500 0.825000 0.000002
0.337500 0.825000 0.000003
0.412500 0.825000 0.000003
0.487500 0.825000 0.000003
0.562500 0.825000 0.000004
0.637500 0.825000 0.000005
0.712500 0.825000 0.000005
0.787500 0.825000 0.000006
0.862500 0.825000 0.000006
0.937500 0.825000 0.000007
1.012000 0.825000 0.000007
1.087000 0.825000 0.000008
1.163000 0.825000 0.000008
1.238000 0.825000 0.000009
1.313000 0.825000 0.000009
1.388000 0.825000 0.000010
1.463000 0.825000 0.000010
1.538000 0.825000 0.000011
1.613000 0.825000 0.000011
1.688000 0.825000 0.000011
1.763000 0.825000 0.000011
1.838000 0.825000 0.000012
1.913000 0.825000 0.000012
1.988000 0.825000 0.000012
2.063000 0.825000 0.000012
2.138000 0.825000 0.000012
2.213000 0.825000 0.000012
2.288000 0.825000 0.000012
2.363000 0.825000 0.000011
2.438000 0.825000 0.000011
2.513000 0.825000 0.000011
2.588000 0.825000 0.000011
2.663000 0.825000 0.000010
2.738000 0.825000 0.000010
2.813000 0.825000 0.000010
2.888000 0.825000 0.000009
2.963000 0.825000 0.000009
3.038000 0.825000 0.000009
3.113000 0.825000 0.000009
3.188000 0.825000 0.000008
3.263000 0.825000 0.000008
3.338000 0.825000 0.000008
3.413000 0.825000 0.000008
3.488000 0.825000 0.000008
3.563000 0.825000 0.000008
3.638000 0.825000 0.000008
3.713000 0.825000 0.000009
3.788000 0.825000 0.000011
3.863000 0.825000 0.000000
-0.037500 0.975000 0.000000
0.037500 0.975000 0.000000
0.112500 0.975000 0.000000
0.187500 0.975000 0.000000
0.262500 0.975000 0.000000
0.337500 0.975000 0.000001
0.412500 0.975000 0.000001
0.487500 0.975000 0.000001
0.562500 0.975000 0.000001
0.637500 0.975000 0.000001
0.712500 0.975000 0.000001
0.787500 0.975000 0.000001
0.862500 0.975000 0.000001
0.937500 0.975000 0.000002
1.012000 0.975000 0.000002
1.087000 0.975000 0.000002
1.163000 0.975000 0.000002
1.238000 0.975000 0.000002
1.313000 0.975000 0.000002
1.388000 0.975000 0.000002
1.463000 0.975000 0.000002
1.538000 0.975000 0.000003
1.613000 0.975000 0.000003
1.688000 0.975000 0.000003
1.763000 0.975000 0.000003
1.838000 0.975000 0.000003
1.913000 0.975000 0.000003
1.988000 0.975000 0.000003
2.063000 0.975000 0.000003
2.138000 0.975000 0.000003
2.213000 0.975000 0.000003
2.288000 0.975000 0.000003
2.363000 0.975000 0.000003
2.438000 0.975000 0.000003
2.513000 0.975000 0.000003
2.588000 0.975000 0.000003
2.663000 0.975000 0.000003
2.738000 0.975000 0.000003
2.813000 0.975000 0.000003
2.888000 0.975000 0.000002
2.963000 0.975000 0.000002
3.038000 0.975000 0.000002
3.113000 0.975000 0.000002
3.188000 0.975000 0.000002
3.263000 0.975000 0.000002
3.338000 0.975000 0.000002
3.413000 0.975000 0.000002
3.488000 0.975000 0.000002
3.563000 0.975000 0.000002
3.638000 0.975000 0.000002
3.713000 0.975000 0.000003
3.788000 0.975000 0.000003
3.863000 0.975000 0.000000
-0.037500 1.125000 0.000000
0.037500 1.125000 0.000000
0.112500 1.125000 0.000000
0.187500 1.125000 0.000000
0.262500 1.125000 0.000000
0.337500 1.125000 0.000000
0.412500 1.125000 0.000000
0.487500 1.125000 0.000000
0.562500 1.125000 0.000000
0.637500 1.125000 0.000000
0.712500 1.125000 0.000000
0.787500 1.125000 0.000000
0.862500 1.125000 0.000000
0.937500 1.125000 0.000000
1.012000 1.125000 0.000000
1.087000 1.125000 0.000001
1.163000 1.125000 0.000001
1.238000 1.125000 0.000001
1.313000 1.125000 0.000001
1.388000 1.125000 0.000001
1.463000 1.125000 0.000001
1.538000 1.125000 0.000001
1.613000 1.125000 0.000001
1.688000 1.125000 0.000001
1.763000 1.125000 0.000001
1.838000 1.125000 0.000001
1.913000 1.125000 0.000001
1.988000 1.125000 0.000001
2.063000 1.125000 0.000001
2.138000 1.125000 0.000001
2.213000 1.125000 0.000001
2.288000 1.125000 0.000001
2.363000 1.125000 0.000001
2.438000 1.125000 0.000001
2.513000 1.125000 0.000001
2.588000 1.125000 0.000001
2.663000 1.125000 0.000001
2.738000 1.125000 0.000001
2.813000 1.125000 0.000001
2.888000 1.125000 0.000001
2.963000 1.125000 0.000001
3.038000 1.125000 0.000001
3.113000 1.125000 0.000001
3.188000 1.125000 0.000001
3.263000 1.125000 0.000001
3.338000 1.125000 0.000001
3.413000 1.125000 0.000001
3.488000 1.125000 0.000001
3.563000 1.125000 0.000001
3.638000 1.125000 0.000001
3.713000 1.125000 0.000001
3.788000 1.125000 0.000001
3.863000 1.125000 0.000000
-0.037500 1.275000 0.000000
0.037500 1.275000 0.000000
0.112500 1.275000 0.000000
0.187500 1.275000 0.000000
0.262500 1.275000 0.000000
0.337500 1.275000 0.000000
0.412500 1.275000 0.000000
0.487500 1.275000 0.000000
0.562500 1.275000 0.000000
0.637500 1.275000 0.000000
0.712500 1.275000 0.000000
0.787500 1.275000 0.000000
0.862500 1.275000 0.000000
0.937500 1.275000 0.000000
1.012000 1.275000 0.000000
1.087000 1.275000 0.000000
1.163000 1.275000 0.000000
1.238000 1.275000 0.000000
1.313000 1.275000 0.000000
1.388000 1.275000 0.000000
1.463000 1.275000 0.000000
1.538000 1.275000 0.000000
1.613000 1.275000 0.000000
1.688000 1.275000 0.000000
1.763000 1.275000 0.000000
1.838000 1.275000 0.000000
1.913000 1.275000 0.000000
1.988000 1.275000 0.000000
2.063000 1.275000 0.000000
2.138000 1.275000 0.000000
2.213000 1.275000 0.000000
2.288000 1.275000 0.000000
2.363000 1.275000 0.000000
2.438000 1.275000 0.000000
2.513000 1.275000 0.000000
2.588000 1.275000 0.000000
2.663000 1.275000 0.000000
2.738000 1.275000 0.000000
2.813000 1.275000 0.000000
2.888000 1.275000 0.000000
2.963000 1.275000 0.000000
3.038000 1.275000 0.000000
3.113000 1.275000 0.000000
3.188000 1.275000 0.000000
3.263000 1.275000 0.000000
3.338000 1.275000 0.000000
3.413000 1.275000 0.000000
3.488000 1.275000 0.000000
3.563000 1.275000 0.000000
3.638000 1.275000 0.000000
3.713000 1.275000 0.000000
3.788000 1.275000 0.000000
3.863000 1.275000 0.000000
-0.037500 1.425000 0.000000
0.037500 1.425000 0.000000
0.112500 1.425000 0.000000
0.187500 1.425000 0.000000
0.262500 1.425000 0.000000
0.337500 1.425000 0.000000
0.412500 1.425000 0.000000
0.487500 1.425000 0.000000
0.562500 1.425000 0.000000
0.637500 1.425000 0.000000
0.712500 1.425000 0.000000
0.787500 1.425000 0.000000
0.862500 1.425000 0.000000
0.937500 1.425000 0.000000
1.012000 1.425000 0.000000
1.087000 1.425000 0.000000
1.163000 1.425000 0.000000
1.238000 1.425000 0.000000
1.313000 1.425000 0.000000
1.388000 1.425000 0.000000
1.463000 1.425000 0.000000
1.538000 1.425000 0.000000
1.613000 1.425000 0.000000
1.688000 1.425000 0.000000
1.763000 1.425000 0.000000
1.838000 1.425000 0.000000
1.913000 1.425000 0.000000
1.988000 1.425000 0.000000
2.063000 1.425000 0.000000
2.138000 1.425000 0.000000
2.213000 1.425000 0.000000
2.288000 1.425000 0.000000
2.363000 1.425000 0.000000
2.438000 1.425000 0.000000
2.513000 1.425000 0.000000
2.588000 1.425000 0.000000
2.663000 1.425000 0.000000
2.738000 1.425000 0.000000
2.813000 1.425000 0.000000
2.888000 1.425000 0.000000
2.963000 1.425000 0.000000
3.038000 1.425000 0.000000
3.113000 1.425000 0.000000
3.188000 1.425000 0.000000
3.263000 1.425000 0.000000
3.338000 1.425000 0.000000
3.413000 1.425000 0.000000
3.488000 1.425000 0.000000
3.563000 1.425000 0.000000
3.638000 1.425000 0.000000
3.713000 1.425000 0.000000
3.788000 1.425000 0.000000
3.863000 1.425000 0.000000
-0.037500 1.575000 0.000000
0.037500 1.575000 0.000000
0.112500 1.575000 0.000000
0.187500 1.575000 0.000000
0.262500 1.575000 0.000000
0.337500 1.575000 0.000000
0.412500 1.575000 0.000000
0.487500 1.575000 0.000000
0.562500 1.575000 0.000000
0.637500 1.575000 0.000000
0.712500 1.575000 0.000000
0.787500 1.575000 0.000000
0.862500 1.575000 0.000000
0.937500 1.575000 0.000000
1.012000 1.575000 0.000000
1.087000 1.575000 0.000000
1.163000 1.575000 0.000000
1.238000 1.575000 0.000000
1.313000 1.575000 0.000000
1.388000 1.575000 0.000000
1.463000 1.575000 0.000000
1.538000 1.575000 0.000000
1.613000 1.575000 0.000000
1.688000 1.575000 0.000000
1.763000 1.575000 0.000000
1.838000 1.575000 0.000000
1.913000 1.575000 0.000000
1.988000 1.575000 0.000000
2.063000 1.575000 0.000000
2.138000 1.575000 0.000000
2.213000 1.575000 0.000000
2.288000 1.575000 0.000000
2.363000 1.575000 0.000000
2.438000 1.575000 0.000000
2.513000 1.575000 0.000000
2.588000 1.575000 0.000000
2.663000 1.575000 0.000000
2.738000 1.575000 0.000000
2.813000 1.575000 0.000000
2.888000 1.575000 0.000000
2.963000 1.575000 0.000000
3.038000 1.575000 0.000000
3.113000 1.575000 0.000000
3.188000 1.575000 0.000000
3.263000 1.575000 0.000000
3.338000 1.575000 0.000000
3.413000 1.575000 0.000000
3.488000 1.575000 0.000000
3.563000 1.575000 0.000000
3.638000 1.575000 0.000000
3.713000 1.575000 0.000000
3.788000 1.575000 0.000000
3.863000 1.575000 0.000000
-0.037500 1.725000 0.000000
0.037500 1.725000 0.000000
0.112500 1.725000 0.000000
0.187500 1.725000 0.000000
0.262500 1.725000 0.000000
0.337500 1.725000 0.000000
0.412500 1.725000 0.000000
0.487500 1.725000 0.000000
0.562500 1.725000 0.000000
0.637500 1.725000 0.000000
0.712500 1.725000 0.000000
0.787500 1.725000 0.000000
0.862500 1.725000 0.000000
0.937500 1.725000 0.000000
1.012000 1.725000 0.000000
1.087000 1.725000 0.000000
1.163000 1.725000 0.000000
1.238000 1.725000 0.000000
1.313000 1.725000 0.000000
1.388000 1.725000 0.000000
1.463000 1.725000 0.000000
1.538000 1.725000 0.000000
1.613000 1.725000 0.000000
1.688000 1.725000 0.000000
1.763000 1.725000 0.000000
1.838000 1.725000 0.000000
1.913000 1.725000 0.000000
1.988000 1.725000 0.000000
2.063000 1.725000 0.000000
2.138000 1.725000 0.000000
2.213000 1.725000 0.000000
2.288000 1.725000 0.000000
2.363000 1.725000 0.000000
2.438000 1.725000 0.000000
2.513000 1.725000 0.000000
2.588000 1.725000 0.000000
2.663000 1.725000 0.000000
2.738000 1.725000 0.000000
2.813000 1.725000 0.000000
2.888000 1.725000 0.000000
2.963000 1.725000 0.000000
3.038000 1.725000 0.000000
3.113000 1.725000 0.000000
3.188000 1.725000 0.000000
3.263000 1.725000 0.000000
3.338000 1.725000 0.000000
3.413000 1.725000 0.000000
3.488000 1.725000 0.000000
3.563000 1.725000 0.000000
3.638000 1.725000 0.000000
3.713000 1.725000 0.000000
3.788000 1.725000 0.000000
3.863000 1.725000 0.000000
-0.037500 1.875000 0.000000
0.037500 1.875000 0.000000
0.112500 1.875000 0.000000
0.187500 1.875000 0.000000
0.262500 1.875000 0.000000
0.337500 1.875000 0.000000
0.412500 1.875000 0.000000
0.487500 1.875000 0.000000
0.562500 1.875000 0.000000
0.637500 1.875000 0.000000
0.712500 1.875000 0.000000
0.787500 1.875000 0.000000
0.862500 1.875000 0.000000
0.937500 1.875000 0.000000
1.012000 1.875000 0.000000
1.087000 1.875000 0.000000
1.163000 1.875000 0.000000
1.238000 1.875000 0.000000
1.313000 1.875000 0.000000
1.388000 1.875000 0.000000
1.463000 1.875000 0.000000
1.538000 1.875000 0.000000
1.613000 1.875000 0.000000
1.688000 1.875000 0.000000
1.763000 1.875000 0.000000
1.838000 1.875000 0.000000
1.913000 1.875000 0.000000
1.988000 1.875000 0.000000
2.063000 1.875000 0.000000
2.138000 1.875000 0.000000
2.213000 1.875000 0.000000
2.288000 1.875000 0.000000
2.363000 1.875000 0.000000
2.438000 1.875000 0.000000
2.513000 1.875000 0.000000
2.588000 1.875000 0.000000
2.663000 1.875000 0.000000
2.738000 1.875000 0.000000
2.813000 1.875000 0.000000
2.888000 1.875000 0.000000
2.963000 1.875000 0.000000
3.038000 1.875000 0.000000
3.113000 1.875000 0.000000
3.188000 1.875000 0.000000
3.263000 1.875000 0.000000
3.338000 1.875000 0.000000
3.413000 1.875000 0.000000
3.488000 1.875000 0.000000
3.563000 1.875000 0.000000
3.638000 1.875000 0.000000
3.713000 1.875000 0.000000
3.788000 1.875000 0.000000
3.863000 1.875000 0.000000
-0.037500 2.025000 0.000000
0.037500 2.025000 0.000000
0.112500 2.025000 0.000000
0.187500 2.025000 0.000000
0.262500 2.025000 0.000000
0.337500 2.025000 0.000000
0.412500 2.025000 0.000000
0.487500 2.025000 0.000000
0.562500 2.025000 0.000000
0.637500 2.025000 0.000000
0.712500 2.025000 0.000000
0.787500 2.025000 0.000000
0.862500 2.025000 0.000000
0.937500 2.025000 0.000000
1.012000 2.025000 0.000000
1.087000 2.025000 0.000000
1.163000 2.025000 0.000000
1.238000 2.025000 0.000000
1.313000 2.025000 0.000000
1.388000 2.025000 0.000000
1.463000 2.025000 0.000000
1.538000 2.025000 0.000000
1.613000 2.025000 0.000000
1.688000 2.025000 0.000000
1.763000 2.025000 0.000000
1.838000 2.025000 0.000000
1.913000 2.025000 0.000000
1.988000 2.025000 0.000000
2.063000 2.025000 0.000000
2.138000 2.025000 0.000000
2.213000 2.025000 0.000000
2.288000 2.025000 0.000000
2.363000 2.025000 0.000000
2.438000 2.025000 0.000000
2.513000 2.025000 0.000000
2.588000 2.025000 0.000000
2.663000 2.025000 0.000000
2.738000 2.025000 0.000000
2.813000 2.025000 0.000000
2.888000 2.025000 0.000000
2.963000 2.025000 0.000000
3.038000 2.025000 0.000000
3.113000 2.025000 0.000000
3.188000 2.025000 0.000000
3.263000 2.025000 0.000000
3.338000 2.025000 0.000000
3.413000 2.025000 0.000000
3.488000 2.025000 0.000000
3.563000 2.025000 0.000000
3.638000 2.025000 0.000000
3.713000 2.025000 0.000000
3.788000 2.025000 0.000000
3.863000 2.025000 0.000000
-0.037500 2.175000 0.000000
0.037500 2.175000 0.000000
0.112500 2.175000 0.000000
0.187500 2.175000 0.000000
0.262500 2.175000 0.000000
0.337500 2.175000 0.000000
0.412500 2.175000 0.000000
0.487500 2.175000 0.000000
0.562500 2.175000 0.000000
0.637500 2.175000 0.000000
0.712500 2.175000 0.000000
0.787500 2.175000 0.000000
0.862500 2.175000 0.000000
0.937500 2.175000 0.000000
1.012000 2.175000 0.000000
1.087000 2.175000 0.000000
1.163000 2.175000 0.000000
1.238000 2.175000 0.000000
1.313000 2.175000 0.000000
1.388000 2.175000 0.000000
1.463000 2.175000 0.000000
1.538000 2.175000 0.000000
1.613000 2.175000 0.000000
1.688000 2.175000 0.000000
1.763000 2.175000 0.000000
1.838000 2.175000 0.000000
1.913000 2.175000 0.000000
1.988000 2.175000 0.000000
2.063000 2.175000 0.000000
2.138000 2.175000 0.000000
2.213000 2.175000 0.000000
2.288000 2.175000 0.000000
2.363000 2.175000 0.000000
2.438000 2.175000 0.000000
2.513000 2.175000 0.000000
2.588000 2.175000 0.000000
2.663000 2.175000 0.000000
2.738000 2.175000 0.000000
2.813000 2.175000 0.000000
2.888000 2.175000 0.000000
2.963000 2.175000 0.000000
3.038000 2.175000 0.000000
3.113000 2.175000 0.000000
3.188000 2.175000 0.000000
3.263000 2.175000 0.000000
3.338000 2.175000 0.000000
3.413000 2.175000 0.000000
3.488000 2.175000 0.000000
3.563000 2.175000 0.000000
3.638000 2.175000 0.000000
3.713000 2.175000 0.000000
3.788000 2.175000 0.000000
3.863000 2.175000 0.000000
-0.037500 2.325000 0.000000
0.037500 2.325000 0.000000
0.112500 2.325000 0.000000
0.187500 2.325000 0.000000
0.262500 2.325000 0.000000
0.337500 2.325000 0.000000
0.412500 2.325000 0.000000
0.487500 2.325000 0.000000
0.562500 2.325000 0.000000
0.637500 2.325000 0.000000
0.712500 2.325000 0.000000
0.787500 2.325000 0.000000
0.862500 2.325000 0.000000
0.937500 2.325000 0.000000
1.012000 2.325000 0.000000
1.087000 2.325000 0.000000
1.163000 2.325000 0.000000
1.238000 2.325000 0.000000
1.313000 2.325000 0.000000
1.388000 2.325000 0.000000
1.463000 2.325000 0.000000
1.538000 2.325000 0.000000
1.613000 2.325000 0.000000
1.688000 2.325000 0.000000
1.763000 2.325000 0.000000
1.838000 2.325000 0.000000
1.913000 2.325000 0.000000
1.988000 2.325000 0.000000
2.063000 2.325000 0.000000
2.138000 2.325000 0.000000
2.213000 2.325000 0.000000
2.288000 2.325000 0.000000
2.363000 2.325000 0.000000
2.438000 2.325000 0.000000
2.513000 2.325000 0.000000
2.588000 2.325000 0.000000
2.663000 2.325000 0.000000
2.738000 2.325000 0.000000
2.813000 2.325000 0.000000
2.888000 2.325000 0.000000
2.963000 2.325000 0.000000
3.038000 2.325000 0.000000
3.113000 2.325000 0.000000
3.188000 2.325000 0.000000
3.263000 2.325000 0.000000
3.338000 2.325000 0.000000
3.413000 2.325000 0.000000
3.488000 2.325000 0.000000
3.563000 2.325000 0.000000
3.638000 2.325000 0.000000
3.713000 2.325000 0.000000
3.788000 2.325000 0.000000
3.863000 2.325000 0.000000
-0.037500 2.475000 0.000000
0.037500 2.475000 0.000000
0.112500 2.475000 0.000000
0.187500 2.475000 0.000000
0.262500 2.475000 0.000000
0.337500 2.475000 0.000000
0.412500 2.475000 0.000000
0.487500 2.475000 0.000000
0.562500 2.475000 0.000000
0.637500 2.475000 0.000000
0.712500 2.475000 0.000000
0.787500 2.475000 0.000000
0.862500 2.475000 0.000000
0.937500 2.475000 0.000000
1.012000 2.475000 0.000000
1.087000 2.475000 0.000000
1.163000 2.475000 0.000000
1.238000 2.475000 0.000000
1.313000 2.475000 0.000000
1.388000 2.475000 0.000000
1.463000 2.475000 0.000000
1.538000 2.475000 0.000000
1.613000 2.475000 0.000000
1.688000 2.475000 0.000000
1.763000 2.475000 0.000000
1.838000 2.475000 0.000000
1.913000 2.475000 0.000000
1.988000 2.475000 0.000000
2.063000 2.475000 0.000000
2.138000 2.475000 0.000000
2.213000 2.475000 0.000000
2.288000 2.475000 0.000000
2.363000 2.475000 0.000000
2.438000 2.475000 0.000000
2.513000 2.475000 0.000000
2.588000 2.475000 0.000000
2.663000 2.475000 0.000000
2.738000 2.475000 0.000000
2.813000 2.475000 0.000000
2.888000 2.475000 0.000000
2.963000 2.475000 0.000000
3.038000 2.475000 0.000000
3.113000 2.475000 0.000000
3.188000 2.475000 0.000000
3.263000 2.475000 0.000000
3.338000 2.475000 0.000000
3.413000 2.475000 0.000000
3.488000 2.475000 0.000000
3.563000 2.475000 0.000000
3.638000 2.475000 0.000000
3.713000 2.475000 0.000000
3.788000 2.475000 0.000000
3.863000 2.475000 0.000000
-0.037500 2.625000 0.000000
0.037500 2.625000 0.000000
0.112500 2.625000 0.000000
0.187500 2.625000 0.000000
0.262500 2.625000 0.000000
0.337500 2.625000 0.000000
0.412500 2.625000 0.000000
0.487500 2.625000 0.000000
0.562500 2.625000 0.000000
0.637500 2.625000 0.000000
0.712500 2.625000 0.000000
0.787500 2.625000 0.000000
0.862500 2.625000 0.000000
0.937500 2.625000 0.000000
1.012000 2.625000 0.000000
1.087000 2.625000 0.000000
1.163000 2.625000 0.000000
1.238000 2.625000 0.000000
1.313000 2.625000 0.000000
1.388000 2.625000 0.000000
1.463000 2.625000 0.000000
1.538000 2.625000 0.000000
1.613000 2.625000 0.000000
1.688000 2.625000 0.000000
1.763000 2.625000 0.000000
1.838000 2.625000 0.000000
1.913000 2.625000 0.000000
1.988000 2.625000 0.000000
2.063000 2.625000 0.000000
2.138000 2.625000 0.000000
2.213000 2.625000 0.000000
2.288000 2.625000 0.000000
2.363000 2.625000 0.000000
2.438000 2.625000 0.000000
2.513000 2.625000 0.000000
2.588000 2.625000 0.000000
2.663000 2.625000 0.000000
2.738000 2.625000 0.000000
2.813000 2.625000 0.000000
2.888000 2.625000 0.000000
2.963000 2.625000 0.000000
3.038000 2.625000 0.000000
3.113000 2.625000 0.000000
3.188000 2.625000 0.000000
3.263000 2.625000 0.000000
3.338000 2.625000 0.000000
3.413000 2.625000 0.000000
3.488000 2.625000 0.000000
3.563000 2.625000 0.000000
3.638000 2.625000 0.000000
3.713000 2.625000 0.000000
3.788000 2.625000 0.000000
3.863000 2.625000 0.000000
-0.037500 2.775000 0.000000
0.037500 2.775000 0.000000
0.112500 2.775000 0.000000
0.187500 2.775000 0.000000
0.262500 2.775000 0.000000
0.337500 2.775000 0.000000
0.412500 2.775000 0.000000
0.487500 2.775000 0.000000
0.562500 2.775000 0.000000
0.637500 2.775000 0.000000
0.712500 2.775000 0.000000
0.787500 2.775000 0.000000
0.862500 2.775000 0.000000
0.937500 2.775000 0.000000
1.012000 2.775000 0.000000
1.087000 2.775000 0.000000
1.163000 2.775000 0.000000
1.238000 2.775000 0.000000
1.313000 2.775000 0.000000
1.388000 2.775000 0.000000
1.463000 2.775000 0.000000
1.538000 2.775000 0.000000
1.613000 2.775000 0.000000
1.688000 2.775000 0.000000
1.763000 2.775000 0.000000
1.838000 2.775000 0.000000
1.913000 2.775000 0.000000
1.988000 2.775000 0.000000
2.063000 2.775000 0.000000
2.138000 2.775000 0.000000
2.213000 2.775000 0.000000
2.288000 2.775000 0.000000
2.363000 2.775000 0.000000
2.438000 2.775000 0.000000
2.513000 2.775000 0.000000
2.588000 2.775000 0.000000
2.663000 2.775000 0.000000
2.738000 2.775000 0.000000
2.813000 2.775000 0.000000
2.888000 2.775000 0.000000
2.963000 2.775000 0.000000
3.038000 2.775000 0.000000
3.113000 2.775000 0.000000
3.188000 2.775000 0.000000
3.263000 2.775000 0.000000
3.338000 2.775000 0.000000
3.413000 2.775000 0.000000
3.488000 2.775000 0.000000
3.563000 2.775000 0.000000
3.638000 2.775000 0.000000
3.713000 2.775000 0.000000
3.788000 2.775000 0.000000
3.863000 2.775000 0.000000
-0.037500 2.925000 0.000000
0.037500 2.925000 0.000000
0.112500 2.925000 0.000000
0.187500 2.925000 0.000000
0.262500 2.925000 0.000000
0.337500 2.925000 0.000000
0.412500 2.925000 0.000000
0.487500 2.925000 0.000000
0.562500 2.925000 0.000000
0.637500 2.925000 0.000000
0.712500 2.925000 0.000000
0.787500 2.925000 0.000000
0.862500 2.925000 0.000000
0.937500 2.925000 0.000000
1.012000 2.925000 0.000000
1.087000 2.925000 0.000000
1.163000 2.925000 0.000000
1.238000 2.925000 0.000000
1.313000 2.925000 0.000000
1.388000 2.925000 0.000000
1.463000 2.925000 0.000000
1.538000 2.925000 0.000000
1.613000 2.925000 0.000000
1.688000 2.925000 0.000000
1.763000 2.925000 0.000000
1.838000 2.925000 0.000000
1.913000 2.925000 0.000000
1.988000 2.925000 0.000000
2.063000 2.925000 0.000000
2.138000 2.925000 0.000000
2.213000 2.925000 0.000000
2.288000 2.925000 0.000000
2.363000 2.925000 0.000000
2.438000 2.925000 0.000000
2.513000 2.925000 0.000000
2.588000 2.925000 0.000000
2.663000 2.925000 0.000000
2.738000 2.925000 0.000000
2.813000 2.925000 0.000000
2.888000 2.925000 0.000000
2.963000 2.925000 0.000000
3.038000 2.925000 0.000000
3.113000 2.925000 0.000000
3.188000 2.925000 0.000000
3.263000 2.925000 0.000000
3.338000 2.925000 0.000000
3.413000 2.925000 0.000000
3.488000 2.925000 0.000000
3.563000 2.925000 0.000000
3.638000 2.925000 0.000000
3.713000 2.925000 0.000000
3.788000 2.925000 0.000000
3.863000 2.925000 0.000000
-0.037500 3.075000 0.000000
0.037500 3.075000 0.000000
0.112500 3.075000 0.000000
0.187500 3.075000 0.000000
0.262500 3.075000 0.000000
0.337500 3.075000 0.000000
0.412500 3.075000 0.000000
0.487500 3.075000 0.000000
0.562500 3.075000 0.000000
0.637500 3.075000 0.000000
0.712500 3.075000 0.000000
0.787500 3.075000 0.000000
0.862500 3.075000 0.000000
0.937500 3.075000 0.000000
1.012000 3.075000 0.000000
1.087000 3.075000 0.000000
1.163000 3.075000 0.000000
1.238000 3.075000 0.000000
1.313000 3.075000 0.000000
1.388000 3.075000 0.000000
1.463000 3.075000 0.000000
1.538000 3.075000 0.000000
1.613000 3.075000 0.000000
1.688000 3.075000 0.000000
1.763000 3.075000 0.000000
1.838000 3.075000 0.000000
1.913000 3.075000 0.000000
1.988000 3.075000 0.000000
2.063000 3.075000 0.000000
2.138000 3.075000 0.000000
2.213000 3.075000 0.000000
2.288000 3.075000 0.000000
2.363000 3.075000 0.000000
2.438000 3.075000 0.000000
2.513000 3.075000 0.000000
2.588000 3.075000 0.000000
2.663000 3.075000 0.000000
2.738000 3.075000 0.000000
2.813000 3.075000 0.000000
2.888000 3.075000 0.000000
2.963000 3.075000 0.000000
3.038000 3.075000 0.000000
3.113000 3.075000 0.000000
3.188000 3.075000 0.000000
3.263000 3.075000 0.000000
3.338000 3.075000 0.000000
3.413000 3.075000 0.000000
3.488000 3.075000 0.000000
3.563000 3.075000 0.000000
3.638000 3.075000 0.000000
3.713000 3.075000 0.000000
3.788000 3.075000 0.000000
3.863000 3.075000 0.000000
-0.037500 3.225000 0.000000
0.037500 3.225000 0.000000
0.112500 3.225000 0.000000
0.187500 3.225000 0.000000
0.262500 3.225000 0.000000
0.337500 3.225000 0.000000
0.412500 3.225000 0.000000
0.487500 3.225000 0.000000
0.562500 3.225000 0.000000
0.637500 3.225000 0.000000
0.712500 3.225000 0.000000
0.787500 3.225000 0.000000
0.862500 3.225000 0.000000
0.937500 3.225000 0.000000
1.012000 3.225000 0.000000
1.087000 3.225000 0.000000
1.163000 3.225000 0.000000
1.238000 3.225000 0.000000
1.313000 3.225000 0.000000
1.388000 3.225000 0.000000
1.463000 3.225000 0.000000
1.538000 3.225000 0.000000
1.613000 3.225000 0.000000
1.688000 3.225000 0.000000
1.763000 3.225000 0.000000
1.838000 3.225000 0.000000
1.913000 3.225000 0.000000
1.988000 3.225000 0.000000
2.063000 3.225000 0.000000
2.138000 3.225000 0.000000
2.213000 3.225000 0.000000
2.288000 3.225000 0.000000
2.363000 3.225000 0.000000
2.438000 3.225000 0.000000
2.513000 3.225000 0.000000
2.588000 3.225000 0.000000
2.663000 3.225000 0.000000
2.738000 3.225000 0.000000
2.813000 3.225000 0.000000
2.888000 3.225000 0.000000
2.963000 3.225000 0.000000
3.038000 3.225000 0.000000
3.113000 3.225000 0.000000
3.188000 3.225000 0.000000
3.263000 3.225000 0.000000
3.338000 3.225000 0.000000
3.413000 3.225000 0.000000
3.488000 3.225000 0.000000
3.563000 3.225000 0.000000
3.638000 3.225000 0.000000
3.713000 3.225000 0.000000
3.788000 3.225000 0.000000
3.863000 3.225000 0.000000
-0.037500 3.375000 0.000000
0.037500 3.375000 0.000000
0.112500 3.375000 0.000000
0.187500 3.375000 0.000000
0.262500 3.375000 0.000000
0.337500 3.375000 0.000000
0.412500 3.375000 0.000000
0.487500 3.375000 0.000000
0.562500 3.375000 0.000000
0.637500 3.375000 0.000000
0.712500 3.375000 0.000000
0.787500 3.375000 0.000000
0.862500 3.375000 0.000000
0.937500 3.375000 0.000000
1.012000 3.375000 0.000000
1.087000 3.375000 0.000000
1.163000 3.375000 0.000000
1.238000 3.375000 0.000000
1.313000 3.375000 0.000000
1.388000 3.375000 0.000000
1.463000 3.375000 0.000000
1.538000 3.375000 0.000000
1.613000 3.375000 0.000000
1.688000 3.375000 0.000000
1.763000 3.375000 0.000000
1.838000 3.375000 0.000000
1.913000 3.375000 0.000000
1.988000 3.375000 0.000000
2.063000 3.375000 0.000000
2.138000 3.375000 0.000000
2.213000 3.375000 0.000000
2.288000 3.375000 0.000000
2.363000 3.375000 0.000000
2.438000 3.375000 0.000000
2.513000 3.375000 0.000000
2.588000 3.375000 0.000000
2.663000 3.375000 0.000000
2.738000 3.375000 0.000000
2.813000 3.375000 0.000000
2.888000 3.375000 0.000000
2.963000 3.375000 0.000000
3.038000 3.375000 0.000000
3.113000 3.375000 0.000000
3.188000 3.375000 0.000000
3.263000 3.375000 0.000000
3.338000 3.375000 0.000000
3.413000 3.375000 0.000000
3.488000 3.375000 0.000000
3.563000 3.375000 0.000000
3.638000 3.375000 0.000000
3.713000 3.375000 0.000000
3.788000 3.375000 0.000000
3.863000 3.375000 0.000000
-0.037500 3.525000 0.000000
0.037500 3.525000 0.000000
0.112500 3.525000 0.000000
0.187500 3.525000 0.000000
0.262500 3.525000 0.000000
0.337500 3.525000 0.000000
0.412500 3.525000 0.000000
0.487500 3.525000 0.000000
0.562500 3.525000 0.000000
0.637500 3.525000 0.000000
0.712500 3.525000 0.000000
0.787500 3.525000 0.000000
0.862500 3.525000 0.000000
0.937500 3.525000 0.000000
1.012000 3.525000 0.000000
1.087000 3.525000 0.000000
1.163000 3.525000 0.000000
1.238000 3.525000 0.000000
1.313000 3.525000 0.000000
1.388000 3.525000 0.000000
1.463000 3.525000 0.000000
1.538000 3.525000 0.000000
1.613000 3.525000 0.000000
1.688000 3.525000 0.000000
1.763000 3.525000 0.000000
1.838000 3.525000 0.000000
1.913000 3.525000 0.000000
1.988000 3.525000 0.000000
2.063000 3.525000 0.000000
2.138000 3.525000 0.000000
2.213000 3.525000 0.000000
2.288000 3.525000 0.000000
2.363000 3.525000 0.000000
2.438000 3.525000 0.000000
2.513000 3.525000 0.000000
2.588000 3.525000 0.000000
2.663000 3.525000 0.000000
2.738000 3.525000 0.000000
2.813000 3.525000 0.000000
2.888000 3.525000 0.000000
2.963000 3.525000 0.000000
3.038000 3.525000 0.000000
3.113000 3.525000 0.000000
3.188000 3.525000 0.000000
3.263000 3.525000 0.000000
3.338000 3.525000 0.000000
3.413000 3.525000 0.000000
3.488000 3.525000 0.000000
3.563000 3.525000 0.000000
3.638000 3.525000 0.000000
3.713000 3.525000 0.000000
3.788000 3.525000 0.000000
3.863000 3.525000 0.000000
-0.037500 3.675000 0.000000
0.037500 3.675000 0.000000
0.112500 3.675000 0.000000
0.187500 3.675000 0.000000
0.262500 3.675000 0.000000
0.337500 3.675000 0.000000
0.412500 3.675000 0.000000
0.487500 3.675000 0.000000
0.562500 3.675000 0.000000
0.637500 3.675000 0.000000
0.712500 3.675000 0.000000
0.787500 3.675000 0.000000
0.862500 3.675000 0.000000
0.937500 3.675000 0.000000
1.012000 3.675000 0.000000
1.087000 3.675000 0.000000
1.163000 3.675000 0.000000
1.238000 3.675000 0.000000
1.313000 3.675000 0.000000
1.388000 3.675000 0.000000
1.463000 3.675000 0.000000
1.538000 3.675000 0.000000
1.613000 3.675000 0.000000
1.688000 3.675000 0.000000
1.763000 3.675000 0.000000
1.838000 3.675000 0.000000
1.913000 3.675000 0.000000
1.988000 3.675000 0.000000
2.063000 3.675000 0.000000
2.138000 3.675000 0.000000
2.213000 3.675000 0.000000
2.288000 3.675000 0.000000
2.363000 3.675000 0.000000
2.438000 3.675000 0.000000
2.513000 3.675000 0.000000
2.588000 3.675000 0.000000
2.663000 3.675000 0.000000
2.738000 3.675000 0.000000
2.813000 3.675000 0.000000
2.888000 3.675000 0.000000
2.963000 3.675000 0.000000
3.038000 3.675000 0.000000
3.113000 3.675000 0.000000
3.188000 3.675000 0.000000
3.263000 3.675000 0.000000
3.338000 3.675000 0.000000
3.413000 3.675000 0.000000
3.488000 3.675000 0.000000
3.563000 3.675000 0.000000
3.638000 3.675000 0.000000
3.713000 3.675000 0.000000
3.788000 3.675000 0.000000
3.863000 3.675000 0.000000
-0.037500 3.825000 0.000000
0.037500 3.825000 0.000000
0.112500 3.825000 0.000000
0.187500 3.825000 0.000000
0.262500 3.825000 0.000000
0.337500 3.825000 0.000000
0.412500 3.825000 0.000000
0.487500 3.825000 0.000000
0.562500 3.825000 0.000000
0.637500 3.825000 0.000000
0.712500 3.825000 0.000000
0.787500 3.825000 0.000000
0.862500 3.825000 0.000000
0.937500 3.825000 0.000000
1.012000 3.825000 0.000000
1.087000 3.825000 0.000000
1.163000 3.825000 0.000000
1.238000 3.825000 0.000000
1.313000 3.825000 0.000000
1.388000 3.825000 0.000000
1.463000 3.825000 0.000000
1.538000 3.825000 0.000000
1.613000 3.825000 0.000000
1.688000 3.825000 0.000000
1.763000 3.825000 0.000000
1.838000 3.825000 0.000000
1.913000 3.825000 0.000000
1.988000 3.825000 0.000000
2.063000 3.825000 0.000000
2.138000 3.825000 0.000000
2.213000 3.825000 0.000000
2.288000 3.825000 0.000000
2.363000 3.825000 0.000000
2.438000 3.825000 0.000000
2.513000 3.825000 0.000000
2.588000 3.825000 0.000000
2.663000 3.825000 0.000000
2.738000 3.825000 0.000000
2.813000 3.825000 0.000000
2.888000 3.825000 0.000000
2.963000 3.825000 0.000000
3.038000 3.825000 0.000000
3.113000 3.825000 0.000000
3.188000 3.825000 0.000000
3.263000 3.825000 0.000000
3.338000 3.825000 0.000000
3.413000 3.825000 0.000000
3.488000 3.825000 0.000000
3.563000 3.825000 0.000000
3.638000 3.825000 0.000000
3.713000 3.825000 0.000000
3.788000 3.825000 0.000000
3.863000 3.825000 0.000000
-0.037500 3.975000 0.000000
0.037500 3.975000 0.000000
0.112500 3.975000 0.000000
0.187500 3.975000 0.000000
0.262500 3.975000 0.000000
0.337500 3.975000 0.000000
0.412500 3.975000 0.000000
0.487500 3.975000 0.000000
0.562500 3.975000 0.000000
0.637500 3.975000 0.000000
0.712500 3.975000 0.000000
0.787500 3.975000 0.000000
0.862500 3.975000 0.000000
0.937500 3.975000 0.000000
1.012000 3.975000 0.000000
1.087000 3.975000 0.000000
1.163000 3.975000 0.000000
1.238000 3.975000 0.000000
1.313000 3.975000 0.000000
1.388000 3.975000 0.000000
1.463000 3.975000 0.000000
1.538000 3.975000 0.000000
1.613000 3.975000 0.000000
1.688000 3.975000 0.000000
1.763000 3.975000 0.000000
1.838000 3.975000 0.000000
1.913000 3.975000 0.000000
1.988000 3.975000 0.000000
2.063000 3.975000 0.000000
2.138000 3.975000 0.000000
2.213000 3.975000 0.000000
2.288000 3.975000 0.000000
2.363000 3.975000 0.000000
2.438000 3.975000 0.000000
2.513000 3.975000 0.000000
2.588000 3.975000 0.000000
2.663000 3.975000 0.000000
2.738000 3.975000 0.000000
2.813000 3.975000 0.000000
2.888000 3.975000 0.000000
2.963000 3.975000 0.000000
3.038000 3.975000 0.000000
3.113000 3.975000 0.000000
3.188000 3.975000 0.000000
3.263000 3.975000 0.000000
3.338000 3.975000 0.000000
3.413000 3.975000 0.000000
3.488000 3.975000 0.000000
3.563000 3.975000 0.000000
3.638000 3.975000 0.000000
3.713000 3.975000 0.000000
3.788000 3.975000 0.000000
3.863000 3.975000 0.000000
-0.037500 4.125000 0.000000
0.037500 4.125000 0.000000
0.112500 4.125000 0.000000
0.187500 4.125000 0.000000
0.262500 4.125000 0.000000
0.337500 4.125000 0.000000
0.412500 4.125000 0.000000
0.487500 4.125000 0.000000
0.562500 4.125000 0.000000
0.637500 4.125000 0.000000
0.712500 4.125000 0.000000
0.787500 4.125000 0.000000
0.862500 4.125000 0.000000
0.937500 4.125000 0.000000
1.012000 4.125000 0.000000
1.087000 4.125000 0.000000
1.163000 4.125000 0.000000
1.238000 4.125000 0.000000
1.313000 4.125000 0.000000
1.388000 4.125000 0.000000
1.463000 4.125000 0.000000
1.538000 4.125000 0.000000
1.613000 4.125000 0.000000
1.688000 4.125000 0.000000
1.763000 4.125000 0.000000
1.838000 4.125000 0.000000
1.913000 4.125000 0.000000
1.988000 4.125000 0.000000
2.063000 4.125000 0.000000
2.138000 4.125000 0.000000
2.213000 4.125000 0.000000
2.288000 4.125000 0.000000
2.363000 4.125000 0.000000
2.438000 4.125000 0.000000
2.513000 4.125000 0.000000
2.588000 4.125000 0.000000
2.663000 4.125000 0.000000
2.738000 4.125000 0.000000
2.813000 4.125000 0.000000
2.888000 4.125000 0.000000
2.963000 4.125000 0.000000
3.038000 4.125000 0.000000
3.113000 4.125000 0.000000
3.188000 4.125000 0.000000
3.263000 4.125000 0.000000
3.338000 4.125000 0.000000
3.413000 4.125000 0.000000
3.488000 4.125000 0.000000
3.563000 4.125000 0.000000
3.638000 4.125000 0.000000
3.713000 4.125000 0.000000
3.788000 4.125000 0.000000
3.863000 4.125000 0.000000
-0.037500 4.275000 0.000000
0.037500 4.275000 0.000000
0.112500 4.275000 0.000000
0.187500 4.275000 0.000000
0.262500 4.275000 0.000000
0.337500 4.275000 0.000000
0.412500 4.275000 0.000000
0.487500 4.275000 0.000000
0.562500 4.275000 0.000000
0.637500 4.275000 0.000000
0.712500 4.275000 0.000000
0.787500 4.275000 0.000000
0.862500 4.275000 0.000000
0.937500 4.275000 0.000000
1.012000 4.275000 0.000000
1.087000 4.275000 0.000000
1.163000 4.275000 0.000000
1.238000 4.275000 0.000000
1.313000 4.275000 0.000000
1.388000 4.275000 0.000000
1.463000 4.275000 0.000000
1.538000 4.275000 0.000000
1.613000 4.275000 0.000000
1.688000 4.275000 0.000000
1.763000 4.275000 0.000000
1.838000 4.275000 0.000000
1.913000 4.275000 0.000000
1.988000 4.275000 0.000000
2.063000 4.275000 0.000000
2.138000 4.275000 0.000000
2.213000 4.275000 0.000000
2.288000 4.275000 0.000000
2.363000 4.275000 0.000000
2.438000 4.275000 0.000000
2.513000 4.275000 0.000000
2.588000 4.275000 0.000000
2.663000 4.275000 0.000000
2.738000 4.275000 0.000000
2.813000 4.275000 0.000000
2.888000 4.275000 0.000000
2.963000 4.275000 0.000000
3.038000 4.275000 0.000000
3.113000 4.275000 0.000000
3.188000 4.275000 0.000000
3.263000 4.275000 0.000000
3.338000 4.275000 0.000000
3.413000 4.275000 0.000000
3.488000 4.275000 0.000000
3.563000 4.275000 0.000000
3.638000 4.275000 0.000000
3.713000 4.275000 0.000000
3.788000 4.275000 0.000000
3.863000 4.275000 0.000000
-0.037500 4.425000 0.000000
0.037500 4.425000 0.000000
0.112500 4.425000 0.000000
0.187500 4.425000 0.000000
0.262500 4.425000 0.000000
0.337500 4.425000 0.000000
0.412500 4.425000 0.000000
0.487500 4.425000 0.000000
0.562500 4.425000 0.000000
0.637500 4.425000 0.000000
0.712500 4.425000 0.000000
0.787500 4.425000 0.000000
0.862500 4.425000 0.000000
0.937500 4.425000 0.000000
1.012000 4.425000 0.000000
1.087000 4.425000 0.000000
1.163000 4.425000 0.000000
1.238000 4.425000 0.000000
1.313000 4.425000 0.000000
1.388000 4.425000 0.000000
1.463000 4.425000 0.000000
1.538000 4.425000 0.000000
1.613000 4.425000 0.000000
1.688000 4.425000 0.000000
1.763000 4.425000 0.000000
1.838000 4.425000 0.000000
1.913000 4.425000 0.000000
1.988000 4.425000 0.000000
2.063000 4.425000 0.000000
2.138000 4.425000 0.000000
2.213000 4.425000 0.000000
2.288000 4.425000 0.000000
2.363000 4.425000 0.000000
2.438000 4.425000 0.000000
2.513000 4.425000 0.000000
2.588000 4.425000 0.000000
2.663000 4.425000 0.000000
2.738000 4.425000 0.000000
2.813000 4.425000 0.000000
2.888000 4.425000 0.000000
2.963000 4.425000 0.000000
3.038000 4.425000 0.000000
3.113000 4.425000 0.000000
3.188000 4.425000 0.000000
3.263000 4.425000 0.000000
3.338000 4.425000 0.000000
3.413000 4.425000 0.000000
3.488000 4.425000 0.000000
3.563000 4.425000 0.000000
3.638000 4.425000 0.000000
3.713000 4.425000 0.000000
3.788000 4.425000 0.000000
3.863000 4.425000 0.000000
-0.037500 4.575000 0.000000
0.037500 4.575000 0.000000
0.112500 4.575000 0.000000
0.187500 4.575000 0.000000
0.262500 4.575000 0.000000
0.337500 4.575000 0.000000
0.412500 4.575000 0.000000
0.487500 4.575000 0.000000
0.562500 4.575000 0.000000
0.637500 4.575000 0.000000
0.712500 4.575000 0.000000
0.787500 4.575000 0.000000
0.862500 4.575000 0.000000
0.937500 4.575000 0.000000
1.012000 4.575000 0.000000
1.087000 4.575000 0.000000
1.163000 4.575000 0.000000
1.238000 4.575000 0.000000
1.313000 4.575000 0.000000
1.388000 4.575000 0.000000
1.463000 4.575000 0.000000
1.538000 4.575000 0.000000
1.613000 4.575000 0.000000
1.688000 4.575000 0.000000
1.763000 4.575000 0.000000
1.838000 4.575000 0.000000
1.913000 4.575000 0.000000
1.988000 4.575000 0.000000
2.063000 4.575000 0.000000
2.138000 4.575000 0.000000
2.213000 4.575000 0.000000
2.288000 4.575000 0.000000
2.363000 4.575000 0.000000
2.438000 4.575000 0.000000
2.513000 4.575000 0.000000
2.588000 4.575000 0.000000
2.663000 4.575000 0.000000
2.738000 4.575000 0.000000
2.813000 4.575000 0.000000
2.888000 4.575000 0.000000
2.963000 4.575000 0.000000
3.038000 4.575000 0.000000
3.113000 4.575000 0.000000
3.188000 4.575000 0.000000
3.263000 4.575000 0.000000
3.338000 4.575000 0.000000
3.413000 4.575000 0.000000
3.488000 4.575000 0.000000
3.563000 4.575000 0.000000
3.638000 4.575000 0.000000
3.713000 4.575000 0.000000
3.788000 4.575000 0.000000
3.863000 4.575000 0.000000
-0.037500 4.725000 0.000000
0.037500 4.725000 0.000000
0.112500 4.725000 0.000000
0.187500 4.725000 0.000000
0.262500 4.725000 0.000000
0.337500 4.725000 0.000000
0.412500 4.725000 0.000000
0.487500 4.725000 0.000000
0.562500 4.725000 0.000000
0.637500 4.725000 0.000000
0.712500 4.725000 0.000000
0.787500 4.725000 0.000000
0.862500 4.725000 0.000000
0.937500 4.725000 0.000000
1.012000 4.725000 0.000000
1.087000 4.725000 0.000000
1.163000 4.725000 0.000000
1.238000 4.725000 0.000000
1.313000 4.725000 0.000000
1.388000 4.725000 0.000000
1.463000 4.725000 0.000000
1.538000 4.725000 0.000000
1.613000 4.725000 0.000000
1.688000 4.725000 0.000000
1.763000 4.725000 0.000000
1.838000 4.725000 0.000000
1.913000 4.725000 0.000000
1.988000 4.725000 0.000000
2.063000 4.725000 0.000000
2.138000 4.725000 0.000000
2.213000 4.725000 0.000000
2.288000 4.725000 0.000000
2.363000 4.725000 0.000000
2.438000 4.725000 0.000000
2.513000 4.725000 0.000000
2.588000 4.725000 0.000000
2.663000 4.725000 0.000000
2.738000 4.725000 0.000000
2.813000 4.725000 0.000000
2.888000 4.725000 0.000000
2.963000 4.725000 0.000000
3.038000 4.725000 0.000000
3.113000 4.725000 0.000000
3.188000 4.725000 0.000000
3.263000 4.725000 0.000000
3.338000 4.725000 0.000000
3.413000 4.725000 0.000000
3.488000 4.725000 0.000000
3.563000 4.725000 0.000000
3.638000 4.725000 0.000000
3.713000 4.725000 0.000000
3.788000 4.725000 0.000000
3.863000 4.725000 0.000000
-0.037500 4.875000 0.000000
0.037500 4.875000 0.000000
0.112500 4.875000 0.000000
0.187500 4.875000 0.000000
0.262500 4.875000 0.000000
0.337500 4.875000 0.000000
0.412500 4.875000 0.000000
0.487500 4.875000 0.000000
0.562500 4.875000 0.000000
0.637500 4.875000 0.000000
0.712500 4.875000 0.000000
0.787500 4.875000 0.000000
0.862500 4.875000 0.000000
0.937500 4.875000 0.000000
1.012000 4.875000 0.000000
1.087000 4.875000 0.000000
1.163000 4.875000 0.000000
1.238000 4.875000 0.000000
1.313000 4.875000 0.000000
1.388000 4.875000 0.000000
1.463000 4.875000 0.000000
1.538000 4.875000 0.000000
1.613000 4.875000 0.000000
1.688000 4.875000 0.000000
1.763000 4.875000 0.000000
1.838000 4.875000 0.000000
1.913000 4.875000 0.000000
1.988000 4.875000 0.000000
2.063000 4.875000 0.000000
2.138000 4.875000 0.000000
2.213000 4.875000 0.000000
2.288000 4.875000 0.000000
2.363000 4.875000 0.000000
2.438000 4.875000 0.000000
2.513000 4.875000 0.000000
2.588000 4.875000 0.000000
2.663000 4.875000 0.000000
2.738000 4.875000 0.000000
2.813000 4.875000 0.000000
2.888000 4.875000 0.000000
2.963000 4.875000 0.000000
3.038000 4.875000 0.000000
3.113000 4.875000 0.000000
3.188000 4.875000 0.000000
3.263000 4.875000 0.000000
3.338000 4.875000 0.000000
3.413000 4.875000 0.000000
3.488000 4.875000 0.000000
3.563000 4.875000 0.000000
3.638000 4.875000 0.000000
3.713000 4.875000 0.000000
3.788000 4.875000 0.000000
3.863000 4.875000 0.000000
-0.037500 5.025000 0.000000
0.037500 5.025000 0.000000
0.112500 5.025000 0.000000
0.187500 5.025000 0.000000
0.262500 5.025000 0.000000
0.337500 5.025000 0.000000
0.412500 5.025000 0.000000
0.487500 5.025000 0.000000
0.562500 5.025000 0.000000
0.637500 5.025000 0.000000
0.712500 5.025000 0.000000
0.787500 5.025000 0.000000
0.862500 5.025000 0.000000
0.937500 5.025000 0.000000
1.012000 5.025000 0.000000
1.087000 5.025000 0.000000
1.163000 5.025000 0.000000
1.238000 5.025000 0.000000
1.313000 5.025000 0.000000
1.388000 5.025000 0.000000
1.463000 5.025000 0.000000
1.538000 5.025000 0.000000
1.613000 5.025000 0.000000
1.688000 5.025000 0.000000
1.763000 5.025000 0.000000
1.838000 5.025000 0.000000
1.913000 5.025000 0.000000
1.988000 5.025000 0.000000
2.063000 5.025000 0.000000
2.138000 5.025000 0.000000
2.213000 5.025000 0.000000
2.288000 5.025000 0.000000
2.363000 5.025000 0.000000
2.438000 5.025000 0.000000
2.513000 5.025000 0.000000
2.588000 5.025000 0.000000
2.663000 5.025000 0.000000
2.738000 5.025000 0.000000
2.813000 5.025000 0.000000
2.888000 5.025000 0.000000
2.963000 5.025000 0.000000
3.038000 5.025000 0.000000
3.113000 5.025000 0.000000
3.188000 5.025000 0.000000
3.263000 5.025000 0.000000
3.338000 5.025000 0.000000
3.413000 5.025000 0.000000
3.488000 5.025000 0.000000
3.563000 5.025000 0.000000
3.638000 5.025000 0.000000
3.713000 5.025000 0.000000
3.788000 5.025000 0.000000
3.863000 5.025000 0.000000
-0.037500 5.175000 0.000000
0.037500 5.175000 0.000000
0.112500 5.175000 0.000000
0.187500 5.175000 0.000000
0.262500 5.175000 0.000000
0.337500 5.175000 0.000000
0.412500 5.175000 0.000000
0.487500 5.175000 0.000000
0.562500 5.175000 0.000000
0.637500 5.175000 0.000000
0.712500 5.175000 0.000000
0.787500 5.175000 0.000000
0.862500 5.175000 0.000000
0.937500 5.175000 0.000000
1.012000 5.175000 0.000000
1.087000 5.175000 0.000000
1.163000 5.175000 0.000000
1.238000 5.175000 0.000000
1.313000 5.175000 0.000000
1.388000 5.175000 0.000000
1.463000 5.175000 0.000000
1.538000 5.175000 0.000000
1.613000 5.175000 0.000000
1.688000 5.175000 0.000000
1.763000 5.175000 0.000000
1.838000 5.175000 0.000000
1.913000 5.175000 0.000000
1.988000 5.175000 0.000000
2.063000 5.175000 0.000000
2.138000 5.175000 0.000000
2.213000 5.175000 0.000000
2.288000 5.175000 0.000000
2.363000 5.175000 0.000000
2.438000 5.175000 0.000000
2.513000 5.175000 0.000000
2.588000 5.175000 0.000000
2.663000 5.175000 0.000000
2.738000 5.175000 0.000000
2.813000 5.175000 0.000000
2.888000 5.175000 0.000000
2.963000 5.175000 0.000000
3.038000 5.175000 0.000000
3.113000 5.175000 0.000000
3.188000 5.175000 0.000000
3.263000 5.175000 0.000000
3.338000 5.175000 0.000000
3.413000 5.175000 0.000000
3.488000 5.175000 0.000000
3.563000 5.175000 0.000000
3.638000 5.175000 0.000000
3.713000 5.175000 0.000000
3.788000 5.175000 0.000000
3.863000 5.175000 0.000000
