-0.037500 -0.075000 0.000000
0.037500 -0.075000 0.000000
0.112500 -0.075000 0.000000
0.187500 -0.075000 0.000000
0.262500 -0.075000 0.000000
0.337500 -0.075000 0.000000
0.412500 -0.075000 0.000000
0.487500 -0.075000 0.000000
0.562500 -0.075000 0.000000
0.637500 -0.075000 0.000000
0.712500 -0.075000 0.000000
0.787500 -0.075000 0.000000
0.862500 -0.075000 0.000000
0.937500 -0.075000 0.000000
1.012000 -0.075000 0.000000
1.087000 -0.075000 0.000000
1.163000 -0.075000 0.000000
1.238000 -0.075000 0.000000
1.313000 -0.075000 0.000000
1.388000 -0.075000 0.000000
1.463000 -0.075000 0.000000
1.538000 -0.075000 0.000000
1.613000 -0.075000 0.000000
1.688000 -0.075000 0.000000
1.763000 -0.075000 0.000000
1.838000 -0.075000 0.000000
1.913000 -0.075000 0.000000
1.988000 -0.075000 0.000000
2.063000 -0.075000 0.000000
2.138000 -0.075000 0.000000
2.213000 -0.075000 0.000000
2.288000 -0.075000 0.000000
2.363000 -0.075000 0.000000
2.438000 -0.075000 0.000000
2.513000 -0.075000 0.000000
2.588000 -0.075000 0.000000
2.663000 -0.075000 0.000000
2.738000 -0.075000 0.000000
2.813000 -0.075000 0.000000
2.888000 -0.075000 0.000000
2.963000 -0.075000 0.000000
3.038000 -0.075000 0.000000
3.113000 -0.075000 0.000000
3.188000 -0.075000 0.000000
3.263000 -0.075000 0.000000
3.338000 -0.075000 0.000000
3.413000 -0.075000 0.000000
3.488000 -0.075000 0.000000
3.563000 -0.075000 0.000000
3.638000 -0.075000 0.000000
3.713000 -0.075000 0.000000
3.788000 -0.075000 0.000000
3.863000 -0.075000 0.000000
-0.037500 0.075000 0.000000
0.037500 0.075000 0.000400
0.112500 0.075000 0.000800
0.187500 0.075000 0.001190
0.262500 0.075000 0.001590
0.337500 0.075000 0.001990
0.412500 0.075000 0.002390
0.487500 0.075000 0.002780
0.562500 0.075000 0.003180
0.637500 0.075000 0.003570
0.712500 0.075000 0.003970
0.787500 0.075000 0.004360
0.862500 0.075000 0.004740
0.937500 0.075000 0.005120
1.012000 0.075000 0.005500
1.087000 0.075000 0.005860
1.163000 0.075000 0.006220
1.238000 0.075000 0.006560
1.313000 0.075000 0.006880
1.388000 0.075000 0.007180
1.463000 0.075000 0.007460
1.538000 0.075000 0.007710
1.613000 0.075000 0.007920
1.688000 0.075000 0.008090
1.763000 0.075000 0.008220
1.838000 0.075000 0.008310
1.913000 0.075000 0.008360
1.988000 0.075000 0.008350
2.063000 0.075000 0.008300
2.138000 0.075000 0.008220
2.213000 0.075000 0.008090
2.288000 0.075000 0.007930
2.363000 0.075000 0.007750
2.438000 0.075000 0.007550
2.513000 0.075000 0.007330
2.588000 0.075000 0.007100
2.663000 0.075000 0.006870
2.738000 0.075000 0.006630
2.813000 0.075000 0.006390
2.888000 0.075000 0.006160
2.963000 0.075000 0.005930
3.038000 0.075000 0.005710
3.113000 0.075000 0.005500
3.188000 0.075000 0.005290
3.263000 0.075000 0.005090
3.338000 0.075000 0.004900
3.413000 0.075000 0.004710
3.488000 0.075000 0.004540
3.563000 0.075000 0.004370
3.638000 0.075000 0.004210
3.713000 0.075000 0.004060
3.788000 0.075000 0.003920
3.863000 0.075000 0.000000
-0.037500 0.225000 0.000000
0.037500 0.225000 0.000400
0.112500 0.225000 0.000800
0.187500 0.225000 0.001190
0.262500 0.225000 0.001590
0.337500 0.225000 0.001990
0.412500 0.225000 0.002390
0.487500 0.225000 0.002780
0.562500 0.225000 0.003180
0.637500 0.225000 0.003570
0.712500 0.225000 0.003970
0.787500 0.225000 0.004360
0.862500 0.225000 0.004740
0.937500 0.225000 0.005120
1.012000 0.225000 0.005500
1.087000 0.225000 0.005860
1.163000 0.225000 0.006220
1.238000 0.225000 0.006560
1.313000 0.225000 0.006880
1.388000 0.225000 0.007180
1.463000 0.225000 0.007460
1.538000 0.225000 0.007710
1.613000 0.225000 0.007920
1.688000 0.225000 0.008090
1.763000 0.225000 0.008220
1.838000 0.225000 0.008310
1.913000 0.225000 0.008360
1.988000 0.225000 0.008350
2.063000 0.225000 0.008300
2.138000 0.225000 0.008220
2.213000 0.225000 0.008090
2.288000 0.225000 0.007930
2.363000 0.225000 0.007750
2.438000 0.225000 0.007550
2.513000 0.225000 0.007330
2.588000 0.225000 0.007100
2.663000 0.225000 0.006870
2.738000 0.225000 0.006630
2.813000 0.225000 0.006390
2.888000 0.225000 0.006160
2.963000 0.225000 0.005930
3.038000 0.225000 0.005710
3.113000 0.225000 0.005500
3.188000 0.225000 0.005290
3.263000 0.225000 0.005090
3.338000 0.225000 0.004900
3.413000 0.225000 0.004710
3.488000 0.225000 0.004540
3.563000 0.225000 0.004370
3.638000 0.225000 0.004210
3.713000 0.225000 0.004060
3.788000 0.225000 0.003920
3.863000 0.225000 0.000000
-0.037500 0.375000 0.000000
0.037500 0.375000 0.000669
0.112500 0.375000 0.000758
0.187500 0.375000 0.000893
0.262500 0.375000 0.001059
0.337500 0.375000 0.001241
0.412500 0.375000 0.001435
0.487500 0.375000 0.001634
0.562500 0.375000 0.001838
0.637500 0.375000 0.002044
0.712500 0.375000 0.002252
0.787500 0.375000 0.002459
0.862500 0.375000 0.002664
0.937500 0.375000 0.002866
1.012000 0.375000 0.003066
1.087000 0.375000 0.003260
1.163000 0.375000 0.003448
1.238000 0.375000 0.003628
1.313000 0.375000 0.003798
1.388000 0.375000 0.003956
1.463000 0.375000 0.004100
1.538000 0.375000 0.004228
1.613000 0.375000 0.004338
1.688000 0.375000 0.004426
1.763000 0.375000 0.004493
1.838000 0.375000 0.004538
1.913000 0.375000 0.004560
1.988000 0.375000 0.004558
2.063000 0.375000 0.004533
2.138000 0.375000 0.004488
2.213000 0.375000 0.004423
2.288000 0.375000 0.004342
2.363000 0.375000 0.004248
2.438000 0.375000 0.004142
2.513000 0.375000 0.004028
2.588000 0.375000 0.003907
2.663000 0.375000 0.003783
2.738000 0.375000 0.003656
2.813000 0.375000 0.003529
2.888000 0.375000 0.003404
2.963000 0.375000 0.003280
3.038000 0.375000 0.003160
3.113000 0.375000 0.003044
3.188000 0.375000 0.002932
3.263000 0.375000 0.002824
3.338000 0.375000 0.002720
3.413000 0.375000 0.002622
3.488000 0.375000 0.002531
3.563000 0.375000 0.002447
3.638000 0.375000 0.002374
3.713000 0.375000 0.002316
3.788000 0.375000 0.002282
3.863000 0.375000 0.000000
-0.037500 0.525000 0.000000
0.037500 0.525000 0.000408
0.112500 0.525000 0.000432
0.187500 0.525000 0.000475
0.262500 0.525000 0.000533
0.337500 0.525000 0.000601
0.412500 0.525000 0.000676
0.487500 0.525000 0.000755
0.562500 0.525000 0.000838
0.637500 0.525000 0.000923
0.712500 0.525000 0.001010
0.787500 0.525000 0.001097
0.862500 0.525000 0.001183
0.937500 0.525000 0.001269
1.012000 0.525000 0.001353
1.087000 0.525000 0.001435
1.163000 0.525000 0.001514
1.238000 0.525000 0.001590
1.313000 0.525000 0.001661
1.388000 0.525000 0.001727
1.463000 0.525000 0.001788
1.538000 0.525000 0.001841
1.613000 0.525000 0.001886
1.688000 0.525000 0.001923
1.763000 0.525000 0.001951
1.838000 0.525000 0.001970
1.913000 0.525000 0.001979
1.988000 0.525000 0.001978
2.063000 0.525000 0.001969
2.138000 0.525000 0.001951
2.213000 0.525000 0.001925
2.288000 0.525000 0.001892
2.363000 0.525000 0.001853
2.438000 0.525000 0.001809
2.513000 0.525000 0.001761
2.588000 0.525000 0.001711
2.663000 0.525000 0.001659
2.738000 0.525000 0.001605
2.813000 0.525000 0.001551
2.888000 0.525000 0.001498
2.963000 0.525000 0.001445
3.038000 0.525000 0.001394
3.113000 0.525000 0.001344
3.188000 0.525000 0.001296
3.263000 0.525000 0.001250
3.338000 0.525000 0.001207
3.413000 0.525000 0.001167
3.488000 0.525000 0.001132
3.563000 0.525000 0.001101
3.638000 0.525000 0.001077
3.713000 0.525000 0.001064
3.788000 0.525000 0.001066
3.863000 0.525000 0.000000
-0.037500 0.675000 0.000000
0.037500 0.675000 0.000238
0.112500 0.675000 0.000244
0.187500 0.675000 0.000257
0.262500 0.675000 0.000276
0.337500 0.675000 0.000300
0.412500 0.675000 0.000327
0.487500 0.675000 0.000357
0.562500 0.675000 0.000389
0.637500 0.675000 0.000423
0.712500 0.675000 0.000457
0.787500 0.675000 0.000492
0.862500 0.675000 0.000527
0.937500 0.675000 0.000562
1.012000 0.675000 0.000597
1.087000 0.675000 0.000630
1.163000 0.675000 0.000663
1.238000 0.675000 0.000694
1.313000 0.675000 0.000723
1.388000 0.675000 0.000749
1.463000 0.675000 0.000774
1.538000 0.675000 0.000795
1.613000 0.675000 0.000813
1.688000 0.675000 0.000828
1.763000 0.675000 0.000839
1.838000 0.675000 0.000847
1.913000 0.675000 0.000851
1.988000 0.675000 0.000851
2.063000 0.675000 0.000847
2.138000 0.675000 0.000840
2.213000 0.675000 0.000830
2.288000 0.675000 0.000817
2.363000 0.675000 0.000801
2.438000 0.675000 0.000784
2.513000 0.675000 0.000765
2.588000 0.675000 0.000744
2.663000 0.675000 0.000723
2.738000 0.675000 0.000701
2.813000 0.675000 0.000679
2.888000 0.675000 0.000657
2.963000 0.675000 0.000635
3.038000 0.675000 0.000614
3.113000 0.675000 0.000593
3.188000 0.675000 0.000574
3.263000 0.675000 0.000555
3.338000 0.675000 0.000539
3.413000 0.675000 0.000524
3.488000 0.675000 0.000512
3.563000 0.675000 0.000502
3.638000 0.675000 0.000496
3.713000 0.675000 0.000494
3.788000 0.675000 0.000497
3.863000 0.675000 0.000000
-0.037500 0.825000 0.000000
0.037500 0.825000 0.000150
0.112500 0.825000 0.000154
0.187500 0.825000 0.000160
0.262500 0.825000 0.000170
0.337500 0.825000 0.000182
0.412500 0.825000 0.000196
0.487500 0.825000 0.000212
0.562500 0.825000 0.000230
0.637500 0.825000 0.000248
0.712500 0.825000 0.000266
0.787500 0.825000 0.000286
0.862500 0.825000 0.000305
0.937500 0.825000 0.000324
1.012000 0.825000 0.000343
1.087000 0.825000 0.000362
1.163000 0.825000 0.000380
1.238000 0.825000 0.000397
1.313000 0.825000 0.000413
1.388000 0.825000 0.000428
1.463000 0.825000 0.000441
1.538000 0.825000 0.000453
1.613000 0.825000 0.000463
1.688000 0.825000 0.000471
1.763000 0.825000 0.000478
1.838000 0.825000 0.000482
1.913000 0.825000 0.000484
1.988000 0.825000 0.000484
2.063000 0.825000 0.000483
2.138000 0.825000 0.000479
2.213000 0.825000 0.000474
2.288000 0.825000 0.000467
2.363000 0.825000 0.000458
2.438000 0.825000 0.000449
2.513000 0.825000 0.000439
2.588000 0.825000 0.000427
2.663000 0.825000 0.000416
2.738000 0.825000 0.000404
2.813000 0.825000 0.000391
2.888000 0.825000 0.000379
2.963000 0.825000 0.000367
3.038000 0.825000 0.000355
3.113000 0.825000 0.000344
3.188000 0.825000 0.000334
3.263000 0.825000 0.000324
3.338000 0.825000 0.000315
3.413000 0.825000 0.000308
3.488000 0.825000 0.000302
3.563000 0.825000 0.000299
3.638000 0.825000 0.000297
3.713000 0.825000 0.000299
3.788000 0.825000 0.000304
3.863000 0.825000 0.000000
-0.037500 0.975000 0.000000
0.037500 0.975000 0.000092
0.112500 0.975000 0.000094
0.187500 0.975000 0.000098
0.262500 0.975000 0.000103
0.337500 0.975000 0.000109
0.412500 0.975000 0.000117
0.487500 0.975000 0.000125
0.562500 0.975000 0.000135
0.637500 0.975000 0.000144
0.712500 0.975000 0.000155
0.787500 0.975000 0.000165
0.862500 0.975000 0.000176
0.937500 0.975000 0.000187
1.012000 0.975000 0.000197
1.087000 0.975000 0.000208
1.163000 0.975000 0.000218
1.238000 0.975000 0.000227
1.313000 0.975000 0.000236
1.388000 0.975000 0.000245
1.463000 0.975000 0.000252
1.538000 0.975000 0.000259
1.613000 0.975000 0.000264
1.688000 0.975000 0.000269
1.763000 0.975000 0.000273
1.838000 0.975000 0.000275
1.913000 0.975000 0.000277
1.988000 0.975000 0.000277
2.063000 0.975000 0.000276
2.138000 0.975000 0.000274
2.213000 0.975000 0.000271
2.288000 0.975000 0.000268
2.363000 0.975000 0.000263
2.438000 0.975000 0.000258
2.513000 0.975000 0.000252
2.588000 0.975000 0.000246
2.663000 0.975000 0.000240
2.738000 0.975000 0.000233
2.813000 0.975000 0.000226
2.888000 0.975000 0.000220
2.963000 0.975000 0.000213
3.038000 0.975000 0.000207
3.113000 0.975000 0.000200
3.188000 0.975000 0.000195
3.263000 0.975000 0.000190
3.338000 0.975000 0.000186
3.413000 0.975000 0.000182
3.488000 0.975000 0.000180
3.563000 0.975000 0.000179
3.638000 0.975000 0.000179
3.713000 0.975000 0.000181
3.788000 0.975000 0.000185
3.863000 0.975000 0.000000
-0.037500 1.125000 0.000000
0.037500 1.125000 0.000059
0.112500 1.125000 0.000060
0.187500 1.125000 0.000062
0.262500 1.125000 0.000065
0.337500 1.125000 0.000069
0.412500 1.125000 0.000074
0.487500 1.125000 0.000079
0.562500 1.125000 0.000084
0.637500 1.125000 0.000090
0.712500 1.125000 0.000096
0.787500 1.125000 0.000103
0.862500 1.125000 0.000109
0.937500 1.125000 0.000115
1.012000 1.125000 0.000122
1.087000 1.125000 0.000128
1.163000 1.125000 0.000134
1.238000 1.125000 0.000140
1.313000 1.125000 0.000146
1.388000 1.125000 0.000150
1.463000 1.125000 0.000155
1.538000 1.125000 0.000159
1.613000 1.125000 0.000163
1.688000 1.125000 0.000166
1.763000 1.125000 0.000168
1.838000 1.125000 0.000169
1.913000 1.125000 0.000170
1.988000 1.125000 0.000171
2.063000 1.125000 0.000170
2.138000 1.125000 0.000169
2.213000 1.125000 0.000168
2.288000 1.125000 0.000165
2.363000 1.125000 0.000163
2.438000 1.125000 0.000160
2.513000 1.125000 0.000157
2.588000 1.125000 0.000153
2.663000 1.125000 0.000149
2.738000 1.125000 0.000145
2.813000 1.125000 0.000141
2.888000 1.125000 0.000137
2.963000 1.125000 0.000133
3.038000 1.125000 0.000129
3.113000 1.125000 0.000126
3.188000 1.125000 0.000123
3.263000 1.125000 0.000120
3.338000 1.125000 0.000117
3.413000 1.125000 0.000116
3.488000 1.125000 0.000115
3.563000 1.125000 0.000115
3.638000 1.125000 0.000115
3.713000 1.125000 0.000117
3.788000 1.125000 0.000121
3.863000 1.125000 0.000000
-0.037500 1.275000 0.000000
0.037500 1.275000 0.000027
0.112500 1.275000 0.000028
0.187500 1.275000 0.000029
0.262500 1.275000 0.000030
0.337500 1.275000 0.000032
0.412500 1.275000 0.000035
0.487500 1.275000 0.000037
0.562500 1.275000 0.000040
0.637500 1.275000 0.000043
0.712500 1.275000 0.000046
0.787500 1.275000 0.000049
0.862500 1.275000 0.000052
0.937500 1.275000 0.000055
1.012000 1.275000 0.000058
1.087000 1.275000 0.000061
1.163000 1.275000 0.000064
1.238000 1.275000 0.000067
1.313000 1.275000 0.000069
1.388000 1.275000 0.000072
1.463000 1.275000 0.000074
1.538000 1.275000 0.000076
1.613000 1.275000 0.000078
1.688000 1.275000 0.000079
1.763000 1.275000 0.000081
1.838000 1.275000 0.000081
1.913000 1.275000 0.000082
1.988000 1.275000 0.000082
2.063000 1.275000 0.000082
2.138000 1.275000 0.000082
2.213000 1.275000 0.000081
2.288000 1.275000 0.000080
2.363000 1.275000 0.000079
2.438000 1.275000 0.000077
2.513000 1.275000 0.000076
2.588000 1.275000 0.000074
2.663000 1.275000 0.000072
2.738000 1.275000 0.000071
2.813000 1.275000 0.000069
2.888000 1.275000 0.000067
2.963000 1.275000 0.000065
3.038000 1.275000 0.000063
3.113000 1.275000 0.000061
3.188000 1.275000 0.000060
3.263000 1.275000 0.000059
3.338000 1.275000 0.000058
3.413000 1.275000 0.000057
3.488000 1.275000 0.000057
3.563000 1.275000 0.000057
3.638000 1.275000 0.000058
3.713000 1.275000 0.000060
3.788000 1.275000 0.000063
3.863000 1.275000 0.000000
-0.037500 1.425000 0.000000
0.037500 1.425000 0.000010
0.112500 1.425000 0.000010
0.187500 1.425000 0.000011
0.262500 1.425000 0.000011
0.337500 1.425000 0.000012
0.412500 1.425000 0.000013
0.487500 1.425000 0.000014
0.562500 1.425000 0.000015
0.637500 1.425000 0.000016
0.712500 1.425000 0.000017
0.787500 1.425000 0.000018
0.862500 1.425000 0.000019
0.937500 1.425000 0.000020
1.012000 1.425000 0.000022
1.087000 1.425000 0.000023
1.163000 1.425000 0.000024
1.238000 1.425000 0.000025
1.313000 1.425000 0.000026
1.388000 1.425000 0.000027
1.463000 1.425000 0.000028
1.538000 1.425000 0.000029
1.613000 1.425000 0.000029
1.688000 1.425000 0.000030
1.763000 1.425000 0.000030
1.838000 1.425000 0.000031
1.913000 1.425000 0.000031
1.988000 1.425000 0.000031
2.063000 1.425000 0.000031
2.138000 1.425000 0.000031
2.213000 1.425000 0.000031
2.288000 1.425000 0.000030
2.363000 1.425000 0.000030
2.438000 1.425000 0.000030
2.513000 1.425000 0.000029
2.588000 1.425000 0.000028
2.663000 1.425000 0.000028
2.738000 1.425000 0.000027
2.813000 1.425000 0.000026
2.888000 1.425000 0.000026
2.963000 1.425000 0.000025
3.038000 1.425000 0.000024
3.113000 1.425000 0.000024
3.188000 1.425000 0.000023
3.263000 1.425000 0.000023
3.338000 1.425000 0.000022
3.413000 1.425000 0.000022
3.488000 1.425000 0.000022
3.563000 1.425000 0.000023
3.638000 1.425000 0.000023
3.713000 1.425000 0.000024
3.788000 1.425000 0.000025
3.863000 1.425000 0.000000
-0.037500 1.575000 0.000000
0.037500 1.575000 0.000003
0.112500 1.575000 0.000003
0.187500 1.575000 0.000004
0.262500 1.575000 0.000004
0.337500 1.575000 0.000004
0.412500 1.575000 0.000004
0.487500 1.575000 0.000005
0.562500 1.575000 0.000005
0.637500 1.575000 0.000005
0.712500 1.575000 0.000006
0.787500 1.575000 0.000006
0.862500 1.575000 0.000007
0.937500 1.575000 0.000007
1.012000 1.575000 0.000008
1.087000 1.575000 0.000008
1.163000 1.575000 0.000008
1.238000 1.575000 0.000009
1.313000 1.575000 0.000009
1.388000 1.575000 0.000009
1.463000 1.575000 0.000010
1.538000 1.575000 0.000010
1.613000 1.575000 0.000010
1.688000 1.575000 0.000011
1.763000 1.575000 0.000011
1.838000 1.575000 0.000011
1.913000 1.575000 0.000011
1.988000 1.575000 0.000011
2.063000 1.575000 0.000011
2.138000 1.575000 0.000011
2.213000 1.575000 0.000011
2.288000 1.575000 0.000011
2.363000 1.575000 0.000011
2.438000 1.575000 0.000011
2.513000 1.575000 0.000010
2.588000 1.575000 0.000010
2.663000 1.575000 0.000010
2.738000 1.575000 0.000010
2.813000 1.575000 0.000009
2.888000 1.575000 0.000009
2.963000 1.575000 0.000009
3.038000 1.575000 0.000009
3.113000 1.575000 0.000009
3.188000 1.575000 0.000008
3.263000 1.575000 0.000008
3.338000 1.575000 0.000008
3.413000 1.575000 0.000008
3.488000 1.575000 0.000008
3.563000 1.575000 0.000008
3.638000 1.575000 0.000009
3.713000 1.575000 0.000009
3.788000 1.575000 0.000010
3.863000 1.575000 0.000000
-0.037500 1.725000 0.000000
0.037500 1.725000 0.000001
0.112500 1.725000 0.000001
0.187500 1.725000 0.000001
0.262500 1.725000 0.000001
0.337500 1.725000 0.000001
0.412500 1.725000 0.000001
0.487500 1.725000 0.000002
0.562500 1.725000 0.000002
0.637500 1.725000 0.000002
0.712500 1.725000 0.000002
0.787500 1.725000 0.000002
0.862500 1.725000 0.000002
0.937500 1.725000 0.000002
1.012000 1.725000 0.000002
1.087000 1.725000 0.000003
1.163000 1.725000 0.000003
1.238000 1.725000 0.000003
1.313000 1.725000 0.000003
1.388000 1.725000 0.000003
1.463000 1.725000 0.000003
1.538000 1.725000 0.000003
1.613000 1.725000 0.000003
1.688000 1.725000 0.000003
1.763000 1.725000 0.000004
1.838000 1.725000 0.000004
1.913000 1.725000 0.000004
1.988000 1.725000 0.000004
2.063000 1.725000 0.000004
2.138000 1.725000 0.000004
2.213000 1.725000 0.000004
2.288000 1.725000 0.000004
2.363000 1.725000 0.000004
2.438000 1.725000 0.000004
2.513000 1.725000 0.000003
2.588000 1.725000 0.000003
2.663000 1.725000 0.000003
2.738000 1.725000 0.000003
2.813000 1.725000 0.000003
2.888000 1.725000 0.000003
2.963000 1.725000 0.000003
3.038000 1.725000 0.000003
3.113000 1.725000 0.000003
3.188000 1.725000 0.000003
3.263000 1.725000 0.000003
3.338000 1.725000 0.000003
3.413000 1.725000 0.000003
3.488000 1.725000 0.000003
3.563000 1.725000 0.000003
3.638000 1.725000 0.000003
3.713000 1.725000 0.000003
3.788000 1.725000 0.000003
3.863000 1.725000 0.000000
-0.037500 1.875000 0.000000
0.037500 1.875000 0.000000
0.112500 1.875000 0.000000
0.187500 1.875000 0.000000
0.262500 1.875000 0.000000
0.337500 1.875000 0.000000
0.412500 1.875000 0.000000
0.487500 1.875000 0.000000
0.562500 1.875000 0.000000
0.637500 1.875000 0.000001
0.712500 1.875000 0.000001
0.787500 1.875000 0.000001
0.862500 1.875000 0.000001
0.937500 1.875000 0.000001
1.012000 1.875000 0.000001
1.087000 1.875000 0.000001
1.163000 1.875000 0.000001
1.238000 1.875000 0.000001
1.313000 1.875000 0.000001
1.388000 1.875000 0.000001
1.463000 1.875000 0.000001
1.538000 1.875000 0.000001
1.613000 1.875000 0.000001
1.688000 1.875000 0.000001
1.763000 1.875000 0.000001
1.838000 1.875000 0.000001
1.913000 1.875000 0.000001
1.988000 1.875000 0.000001
2.063000 1.875000 0.000001
2.138000 1.875000 0.000001
2.213000 1.875000 0.000001
2.288000 1.875000 0.000001
2.363000 1.875000 0.000001
2.438000 1.875000 0.000001
2.513000 1.875000 0.000001
2.588000 1.875000 0.000001
2.663000 1.875000 0.000001
2.738000 1.875000 0.000001
2.813000 1.875000 0.000001
2.888000 1.875000 0.000001
2.963000 1.875000 0.000001
3.038000 1.875000 0.000001
3.113000 1.875000 0.000001
3.188000 1.875000 0.000001
3.263000 1.875000 0.000001
3.338000 1.875000 0.000001
3.413000 1.875000 0.000001
3.488000 1.875000 0.000001
3.563000 1.875000 0.000001
3.638000 1.875000 0.000001
3.713000 1.875000 0.000001
3.788000 1.875000 0.000001
3.863000 1.875000 0.000000
-0.037500 2.025000 0.000000
0.037500 2.025000 0.000000
0.112500 2.025000 0.000000
0.187500 2.025000 0.000000
0.262500 2.025000 0.000000
0.337500 2.025000 0.000000
0.412500 2.025000 0.000000
0.487500 2.025000 0.000000
0.562500 2.025000 0.000000
0.637500 2.025000 0.000000
0.712500 2.025000 0.000000
0.787500 2.025000 0.000000
0.862500 2.025000 0.000000
0.937500 2.025000 0.000000
1.012000 2.025000 0.000000
1.087000 2.025000 0.000000
1.163000 2.025000 0.000000
1.238000 2.025000 0.000000
1.313000 2.025000 0.000000
1.388000 2.025000 0.000000
1.463000 2.025000 0.000000
1.538000 2.025000 0.000000
1.613000 2.025000 0.000000
1.688000 2.025000 0.000000
1.763000 2.025000 0.000000
1.838000 2.025000 0.000000
1.913000 2.025000 0.000000
1.988000 2.025000 0.000000
2.063000 2.025000 0.000000
2.138000 2.025000 0.000000
2.213000 2.025000 0.000000
2.288000 2.025000 0.000000
2.363000 2.025000 0.000000
2.438000 2.025000 0.000000
2.513000 2.025000 0.000000
2.588000 2.025000 0.000000
2.663000 2.025000 0.000000
2.738000 2.025000 0.000000
2.813000 2.025000 0.000000
2.888000 2.025000 0.000000
2.963000 2.025000 0.000000
3.038000 2.025000 0.000000
3.113000 2.025000 0.000000
3.188000 2.025000 0.000000
3.263000 2.025000 0.000000
3.338000 2.025000 0.000000
3.413000 2.025000 0.000000
3.488000 2.025000 0.000000
3.563000 2.025000 0.000000
3.638000 2.025000 0.000000
3.713000 2.025000 0.000000
3.788000 2.025000 0.000000
3.863000 2.025000 0.000000
-0.037500 2.175000 0.000000
0.037500 2.175000 0.000000
0.112500 2.175000 0.000000
0.187500 2.175000 0.000000
0.262500 2.175000 0.000000
0.337500 2.175000 0.000000
0.412500 2.175000 0.000000
0.487500 2.175000 0.000000
0.562500 2.175000 0.000000
0.637500 2.175000 0.000000
0.712500 2.175000 0.000000
0.787500 2.175000 0.000000
0.862500 2.175000 0.000000
0.937500 2.175000 0.000000
1.012000 2.175000 0.000000
1.087000 2.175000 0.000000
1.163000 2.175000 0.000000
1.238000 2.175000 0.000000
1.313000 2.175000 0.000000
1.388000 2.175000 0.000000
1.463000 2.175000 0.000000
1.538000 2.175000 0.000000
1.613000 2.175000 0.000000
1.688000 2.175000 0.000000
1.763000 2.175000 0.000000
1.838000 2.175000 0.000000
1.913000 2.175000 0.000000
1.988000 2.175000 0.000000
2.063000 2.175000 0.000000
2.138000 2.175000 0.000000
2.213000 2.175000 0.000000
2.288000 2.175000 0.000000
2.363000 2.175000 0.000000
2.438000 2.175000 0.000000
2.513000 2.175000 0.000000
2.588000 2.175000 0.000000
2.663000 2.175000 0.000000
2.738000 2.175000 0.000000
2.813000 2.175000 0.000000
2.888000 2.175000 0.000000
2.963000 2.175000 0.000000
3.038000 2.175000 0.000000
3.113000 2.175000 0.000000
3.188000 2.175000 0.000000
3.263000 2.175000 0.000000
3.338000 2.175000 0.000000
3.413000 2.175000 0.000000
3.488000 2.175000 0.000000
3.563000 2.175000 0.000000
3.638000 2.175000 0.000000
3.713000 2.175000 0.000000
3.788000 2.175000 0.000000
3.863000 2.175000 0.000000
-0.037500 2.325000 0.000000
0.037500 2.325000 0.000000
0.112500 2.325000 0.000000
0.187500 2.325000 0.000000
0.262500 2.325000 0.000000
0.337500 2.325000 0.000000
0.412500 2.325000 0.000000
0.487500 2.325000 0.000000
0.562500 2.325000 0.000000
0.637500 2.325000 0.000000
0.712500 2.325000 0.000000
0.787500 2.325000 0.000000
0.862500 2.325000 0.000000
0.937500 2.325000 0.000000
1.012000 2.325000 0.000000
1.087000 2.325000 0.000000
1.163000 2.325000 0.000000
1.238000 2.325000 0.000000
1.313000 2.325000 0.000000
1.388000 2.325000 0.000000
1.463000 2.325000 0.000000
1.538000 2.325000 0.000000
1.613000 2.325000 0.000000
1.688000 2.325000 0.000000
1.763000 2.325000 0.000000
1.838000 2.325000 0.000000
1.913000 2.325000 0.000000
1.988000 2.325000 0.000000
2.063000 2.325000 0.000000
2.138000 2.325000 0.000000
2.213000 2.325000 0.000000
2.288000 2.325000 0.000000
2.363000 2.325000 0.000000
2.438000 2.325000 0.000000
2.513000 2.325000 0.000000
2.588000 2.325000 0.000000
2.663000 2.325000 0.000000
2.738000 2.325000 0.000000
2.813000 2.325000 0.000000
2.888000 2.325000 0.000000
2.963000 2.325000 0.000000
3.038000 2.325000 0.000000
3.113000 2.325000 0.000000
3.188000 2.325000 0.000000
3.263000 2.325000 0.000000
3.338000 2.325000 0.000000
3.413000 2.325000 0.000000
3.488000 2.325000 0.000000
3.563000 2.325000 0.000000
3.638000 2.325000 0.000000
3.713000 2.325000 0.000000
3.788000 2.325000 0.000000
3.863000 2.325000 0.000000
-0.037500 2.475000 0.000000
0.037500 2.475000 0.000000
0.112500 2.475000 0.000000
0.187500 2.475000 0.000000
0.262500 2.475000 0.000000
0.337500 2.475000 0.000000
0.412500 2.475000 0.000000
0.487500 2.475000 0.000000
0.562500 2.475000 0.000000
0.637500 2.475000 0.000000
0.712500 2.475000 0.000000
0.787500 2.475000 0.000000
0.862500 2.475000 0.000000
0.937500 2.475000 0.000000
1.012000 2.475000 0.000000
1.087000 2.475000 0.000000
1.163000 2.475000 0.000000
1.238000 2.475000 0.000000
1.313000 2.475000 0.000000
1.388000 2.475000 0.000000
1.463000 2.475000 0.000000
1.538000 2.475000 0.000000
1.613000 2.475000 0.000000
1.688000 2.475000 0.000000
1.763000 2.475000 0.000000
1.838000 2.475000 0.000000
1.913000 2.475000 0.000000
1.988000 2.475000 0.000000
2.063000 2.475000 0.000000
2.138000 2.475000 0.000000
2.213000 2.475000 0.000000
2.288000 2.475000 0.000000
2.363000 2.475000 0.000000
2.438000 2.475000 0.000000
2.513000 2.475000 0.000000
2.588000 2.475000 0.000000
2.663000 2.475000 0.000000
2.738000 2.475000 0.000000
2.813000 2.475000 0.000000
2.888000 2.475000 0.000000
2.963000 2.475000 0.000000
3.038000 2.475000 0.000000
3.113000 2.475000 0.000000
3.188000 2.475000 0.000000
3.263000 2.475000 0.000000
3.338000 2.475000 0.000000
3.413000 2.475000 0.000000
3.488000 2.475000 0.000000
3.563000 2.475000 0.000000
3.638000 2.475000 0.000000
3.713000 2.475000 0.000000
3.788000 2.475000 0.000000
3.863000 2.475000 0.000000
-0.037500 2.625000 0.000000
0.037500 2.625000 0.000000
0.112500 2.625000 0.000000
0.187500 2.625000 0.000000
0.262500 2.625000 0.000000
0.337500 2.625000 0.000000
0.412500 2.625000 0.000000
0.487500 2.625000 0.000000
0.562500 2.625000 0.000000
0.637500 2.625000 0.000000
0.712500 2.625000 0.000000
0.787500 2.625000 0.000000
0.862500 2.625000 0.000000
0.937500 2.625000 0.000000
1.012000 2.625000 0.000000
1.087000 2.625000 0.000000
1.163000 2.625000 0.000000
1.238000 2.625000 0.000000
1.313000 2.625000 0.000000
1.388000 2.625000 0.000000
1.463000 2.625000 0.000000
1.538000 2.625000 0.000000
1.613000 2.625000 0.000000
1.688000 2.625000 0.000000
1.763000 2.625000 0.000000
1.838000 2.625000 0.000000
1.913000 2.625000 0.000000
1.988000 2.625000 0.000000
2.063000 2.625000 0.000000
2.138000 2.625000 0.000000
2.213000 2.625000 0.000000
2.288000 2.625000 0.000000
2.363000 2.625000 0.000000
2.438000 2.625000 0.000000
2.513000 2.625000 0.000000
2.588000 2.625000 0.000000
2.663000 2.625000 0.000000
2.738000 2.625000 0.000000
2.813000 2.625000 0.000000
2.888000 2.625000 0.000000
2.963000 2.625000 0.000000
3.038000 2.625000 0.000000
3.113000 2.625000 0.000000
3.188000 2.625000 0.000000
3.263000 2.625000 0.000000
3.338000 2.625000 0.000000
3.413000 2.625000 0.000000
3.488000 2.625000 0.000000
3.563000 2.625000 0.000000
3.638000 2.625000 0.000000
3.713000 2.625000 0.000000
3.788000 2.625000 0.000000
3.863000 2.625000 0.000000
-0.037500 2.775000 0.000000
0.037500 2.775000 0.000000
0.112500 2.775000 0.000000
0.187500 2.775000 0.000000
0.262500 2.775000 0.000000
0.337500 2.775000 0.000000
0.412500 2.775000 0.000000
0.487500 2.775000 0.000000
0.562500 2.775000 0.000000
0.637500 2.775000 0.000000
0.712500 2.775000 0.000000
0.787500 2.775000 0.000000
0.862500 2.775000 0.000000
0.937500 2.775000 0.000000
1.012000 2.775000 0.000000
1.087000 2.775000 0.000000
1.163000 2.775000 0.000000
1.238000 2.775000 0.000000
1.313000 2.775000 0.000000
1.388000 2.775000 0.000000
1.463000 2.775000 0.000000
1.538000 2.775000 0.000000
1.613000 2.775000 0.000000
1.688000 2.775000 0.000000
1.763000 2.775000 0.000000
1.838000 2.775000 0.000000
1.913000 2.775000 0.000000
1.988000 2.775000 0.000000
2.063000 2.775000 0.000000
2.138000 2.775000 0.000000
2.213000 2.775000 0.000000
2.288000 2.775000 0.000000
2.363000 2.775000 0.000000
2.438000 2.775000 0.000000
2.513000 2.775000 0.000000
2.588000 2.775000 0.000000
2.663000 2.775000 0.000000
2.738000 2.775000 0.000000
2.813000 2.775000 0.000000
2.888000 2.775000 0.000000
2.963000 2.775000 0.000000
3.038000 2.775000 0.000000
3.113000 2.775000 0.000000
3.188000 2.775000 0.000000
3.263000 2.775000 0.000000
3.338000 2.775000 0.000000
3.413000 2.775000 0.000000
3.488000 2.775000 0.000000
3.563000 2.775000 0.000000
3.638000 2.775000 0.000000
3.713000 2.775000 0.000000
3.788000 2.775000 0.000000
3.863000 2.775000 0.000000
-0.037500 2.925000 0.000000
0.037500 2.925000 0.000000
0.112500 2.925000 0.000000
0.187500 2.925000 0.000000
0.262500 2.925000 0.000000
0.337500 2.925000 0.000000
0.412500 2.925000 0.000000
0.487500 2.925000 0.000000
0.562500 2.925000 0.000000
0.637500 2.925000 0.000000
0.712500 2.925000 0.000000
0.787500 2.925000 0.000000
0.862500 2.925000 0.000000
0.937500 2.925000 0.000000
1.012000 2.925000 0.000000
1.087000 2.925000 0.000000
1.163000 2.925000 0.000000
1.238000 2.925000 0.000000
1.313000 2.925000 0.000000
1.388000 2.925000 0.000000
1.463000 2.925000 0.000000
1.538000 2.925000 0.000000
1.613000 2.925000 0.000000
1.688000 2.925000 0.000000
1.763000 2.925000 0.000000
1.838000 2.925000 0.000000
1.913000 2.925000 0.000000
1.988000 2.925000 0.000000
2.063000 2.925000 0.000000
2.138000 2.925000 0.000000
2.213000 2.925000 0.000000
2.288000 2.925000 0.000000
2.363000 2.925000 0.000000
2.438000 2.925000 0.000000
2.513000 2.925000 0.000000
2.588000 2.925000 0.000000
2.663000 2.925000 0.000000
2.738000 2.925000 0.000000
2.813000 2.925000 0.000000
2.888000 2.925000 0.000000
2.963000 2.925000 0.000000
3.038000 2.925000 0.000000
3.113000 2.925000 0.000000
3.188000 2.925000 0.000000
3.263000 2.925000 0.000000
3.338000 2.925000 0.000000
3.413000 2.925000 0.000000
3.488000 2.925000 0.000000
3.563000 2.925000 0.000000
3.638000 2.925000 0.000000
3.713000 2.925000 0.000000
3.788000 2.925000 0.000000
3.863000 2.925000 0.000000
-0.037500 3.075000 0.000000
0.037500 3.075000 0.000000
0.112500 3.075000 0.000000
0.187500 3.075000 0.000000
0.262500 3.075000 0.000000
0.337500 3.075000 0.000000
0.412500 3.075000 0.000000
0.487500 3.075000 0.000000
0.562500 3.075000 0.000000
0.637500 3.075000 0.000000
0.712500 3.075000 0.000000
0.787500 3.075000 0.000000
0.862500 3.075000 0.000000
0.937500 3.075000 0.000000
1.012000 3.075000 0.000000
1.087000 3.075000 0.000000
1.163000 3.075000 0.000000
1.238000 3.075000 0.000000
1.313000 3.075000 0.000000
1.388000 3.075000 0.000000
1.463000 3.075000 0.000000
1.538000 3.075000 0.000000
1.613000 3.075000 0.000000
1.688000 3.075000 0.000000
1.763000 3.075000 0.000000
1.838000 3.075000 0.000000
1.913000 3.075000 0.000000
1.988000 3.075000 0.000000
2.063000 3.075000 0.000000
2.138000 3.075000 0.000000
2.213000 3.075000 0.000000
2.288000 3.075000 0.000000
2.363000 3.075000 0.000000
2.438000 3.075000 0.000000
2.513000 3.075000 0.000000
2.588000 3.075000 0.000000
2.663000 3.075000 0.000000
2.738000 3.075000 0.000000
2.813000 3.075000 0.000000
2.888000 3.075000 0.000000
2.963000 3.075000 0.000000
3.038000 3.075000 0.000000
3.113000 3.075000 0.000000
3.188000 3.075000 0.000000
3.263000 3.075000 0.000000
3.338000 3.075000 0.000000
3.413000 3.075000 0.000000
3.488000 3.075000 0.000000
3.563000 3.075000 0.000000
3.638000 3.075000 0.000000
3.713000 3.075000 0.000000
3.788000 3.075000 0.000000
3.863000 3.075000 0.000000
-0.037500 3.225000 0.000000
0.037500 3.225000 0.000000
0.112500 3.225000 0.000000
0.187500 3.225000 0.000000
0.262500 3.225000 0.000000
0.337500 3.225000 0.000000
0.412500 3.225000 0.000000
0.487500 3.225000 0.000000
0.562500 3.225000 0.000000
0.637500 3.225000 0.000000
0.712500 3.225000 0.000000
0.787500 3.225000 0.000000
0.862500 3.225000 0.000000
0.937500 3.225000 0.000000
1.012000 3.225000 0.000000
1.087000 3.225000 0.000000
1.163000 3.225000 0.000000
1.238000 3.225000 0.000000
1.313000 3.225000 0.000000
1.388000 3.225000 0.000000
1.463000 3.225000 0.000000
1.538000 3.225000 0.000000
1.613000 3.225000 0.000000
1.688000 3.225000 0.000000
1.763000 3.225000 0.000000
1.838000 3.225000 0.000000
1.913000 3.225000 0.000000
1.988000 3.225000 0.000000
2.063000 3.225000 0.000000
2.138000 3.225000 0.000000
2.213000 3.225000 0.000000
2.288000 3.225000 0.000000
2.363000 3.225000 0.000000
2.438000 3.225000 0.000000
2.513000 3.225000 0.000000
2.588000 3.225000 0.000000
2.663000 3.225000 0.000000
2.738000 3.225000 0.000000
2.813000 3.225000 0.000000
2.888000 3.225000 0.000000
2.963000 3.225000 0.000000
3.038000 3.225000 0.000000
3.113000 3.225000 0.000000
3.188000 3.225000 0.000000
3.263000 3.225000 0.000000
3.338000 3.225000 0.000000
3.413000 3.225000 0.000000
3.488000 3.225000 0.000000
3.563000 3.225000 0.000000
3.638000 3.225000 0.000000
3.713000 3.225000 0.000000
3.788000 3.225000 0.000000
3.863000 3.225000 0.000000
-0.037500 3.375000 0.000000
0.037500 3.375000 0.000000
0.112500 3.375000 0.000000
0.187500 3.375000 0.000000
0.262500 3.375000 0.000000
0.337500 3.375000 0.000000
0.412500 3.375000 0.000000
0.487500 3.375000 0.000000
0.562500 3.375000 0.000000
0.637500 3.375000 0.000000
0.712500 3.375000 0.000000
0.787500 3.375000 0.000000
0.862500 3.375000 0.000000
0.937500 3.375000 0.000000
1.012000 3.375000 0.000000
1.087000 3.375000 0.000000
1.163000 3.375000 0.000000
1.238000 3.375000 0.000000
1.313000 3.375000 0.000000
1.388000 3.375000 0.000000
1.463000 3.375000 0.000000
1.538000 3.375000 0.000000
1.613000 3.375000 0.000000
1.688000 3.375000 0.000000
1.763000 3.375000 0.000000
1.838000 3.375000 0.000000
1.913000 3.375000 0.000000
1.988000 3.375000 0.000000
2.063000 3.375000 0.000000
2.138000 3.375000 0.000000
2.213000 3.375000 0.000000
2.288000 3.375000 0.000000
2.363000 3.375000 0.000000
2.438000 3.375000 0.000000
2.513000 3.375000 0.000000
2.588000 3.375000 0.000000
2.663000 3.375000 0.000000
2.738000 3.375000 0.000000
2.813000 3.375000 0.000000
2.888000 3.375000 0.000000
2.963000 3.375000 0.000000
3.038000 3.375000 0.000000
3.113000 3.375000 0.000000
3.188000 3.375000 0.000000
3.263000 3.375000 0.000000
3.338000 3.375000 0.000000
3.413000 3.375000 0.000000
3.488000 3.375000 0.000000
3.563000 3.375000 0.000000
3.638000 3.375000 0.000000
3.713000 3.375000 0.000000
3.788000 3.375000 0.000000
3.863000 3.375000 0.000000
-0.037500 3.525000 0.000000
0.037500 3.525000 0.000000
0.112500 3.525000 0.000000
0.187500 3.525000 0.000000
0.262500 3.525000 0.000000
0.337500 3.525000 0.000000
0.412500 3.525000 0.000000
0.487500 3.525000 0.000000
0.562500 3.525000 0.000000
0.637500 3.525000 0.000000
0.712500 3.525000 0.000000
0.787500 3.525000 0.000000
0.862500 3.525000 0.000000
0.937500 3.525000 0.000000
1.012000 3.525000 0.000000
1.087000 3.525000 0.000000
1.163000 3.525000 0.000000
1.238000 3.525000 0.000000
1.313000 3.525000 0.000000
1.388000 3.525000 0.000000
1.463000 3.525000 0.000000
1.538000 3.525000 0.000000
1.613000 3.525000 0.000000
1.688000 3.525000 0.000000
1.763000 3.525000 0.000000
1.838000 3.525000 0.000000
1.913000 3.525000 0.000000
1.988000 3.525000 0.000000
2.063000 3.525000 0.000000
2.138000 3.525000 0.000000
2.213000 3.525000 0.000000
2.288000 3.525000 0.000000
2.363000 3.525000 0.000000
2.438000 3.525000 0.000000
2.513000 3.525000 0.000000
2.588000 3.525000 0.000000
2.663000 3.525000 0.000000
2.738000 3.525000 0.000000
2.813000 3.525000 0.000000
2.888000 3.525000 0.000000
2.963000 3.525000 0.000000
3.038000 3.525000 0.000000
3.113000 3.525000 0.000000
3.188000 3.525000 0.000000
3.263000 3.525000 0.000000
3.338000 3.525000 0.000000
3.413000 3.525000 0.000000
3.488000 3.525000 0.000000
3.563000 3.525000 0.000000
3.638000 3.525000 0.000000
3.713000 3.525000 0.000000
3.788000 3.525000 0.000000
3.863000 3.525000 0.000000
-0.037500 3.675000 0.000000
0.037500 3.675000 0.000000
0.112500 3.675000 0.000000
0.187500 3.675000 0.000000
0.262500 3.675000 0.000000
0.337500 3.675000 0.000000
0.412500 3.675000 0.000000
0.487500 3.675000 0.000000
0.562500 3.675000 0.000000
0.637500 3.675000 0.000000
0.712500 3.675000 0.000000
0.787500 3.675000 0.000000
0.862500 3.675000 0.000000
0.937500 3.675000 0.000000
1.012000 3.675000 0.000000
1.087000 3.675000 0.000000
1.163000 3.675000 0.000000
1.238000 3.675000 0.000000
1.313000 3.675000 0.000000
1.388000 3.675000 0.000000
1.463000 3.675000 0.000000
1.538000 3.675000 0.000000
1.613000 3.675000 0.000000
1.688000 3.675000 0.000000
1.763000 3.675000 0.000000
1.838000 3.675000 0.000000
1.913000 3.675000 0.000000
1.988000 3.675000 0.000000
2.063000 3.675000 0.000000
2.138000 3.675000 0.000000
2.213000 3.675000 0.000000
2.288000 3.675000 0.000000
2.363000 3.675000 0.000000
2.438000 3.675000 0.000000
2.513000 3.675000 0.000000
2.588000 3.675000 0.000000
2.663000 3.675000 0.000000
2.738000 3.675000 0.000000
2.813000 3.675000 0.000000
2.888000 3.675000 0.000000
2.963000 3.675000 0.000000
3.038000 3.675000 0.000000
3.113000 3.675000 0.000000
3.188000 3.675000 0.000000
3.263000 3.675000 0.000000
3.338000 3.675000 0.000000
3.413000 3.675000 0.000000
3.488000 3.675000 0.000000
3.563000 3.675000 0.000000
3.638000 3.675000 0.000000
3.713000 3.675000 0.000000
3.788000 3.675000 0.000000
3.863000 3.675000 0.000000
-0.037500 3.825000 0.000000
0.037500 3.825000 0.000000
0.112500 3.825000 0.000000
0.187500 3.825000 0.000000
0.262500 3.825000 0.000000
0.337500 3.825000 0.000000
0.412500 3.825000 0.000000
0.487500 3.825000 0.000000
0.562500 3.825000 0.000000
0.637500 3.825000 0.000000
0.712500 3.825000 0.000000
0.787500 3.825000 0.000000
0.862500 3.825000 0.000000
0.937500 3.825000 0.000000
1.012000 3.825000 0.000000
1.087000 3.825000 0.000000
1.163000 3.825000 0.000000
1.238000 3.825000 0.000000
1.313000 3.825000 0.000000
1.388000 3.825000 0.000000
1.463000 3.825000 0.000000
1.538000 3.825000 0.000000
1.613000 3.825000 0.000000
1.688000 3.825000 0.000000
1.763000 3.825000 0.000000
1.838000 3.825000 0.000000
1.913000 3.825000 0.000000
1.988000 3.825000 0.000000
2.063000 3.825000 0.000000
2.138000 3.825000 0.000000
2.213000 3.825000 0.000000
2.288000 3.825000 0.000000
2.363000 3.825000 0.000000
2.438000 3.825000 0.000000
2.513000 3.825000 0.000000
2.588000 3.825000 0.000000
2.663000 3.825000 0.000000
2.738000 3.825000 0.000000
2.813000 3.825000 0.000000
2.888000 3.825000 0.000000
2.963000 3.825000 0.000000
3.038000 3.825000 0.000000
3.113000 3.825000 0.000000
3.188000 3.825000 0.000000
3.263000 3.825000 0.000000
3.338000 3.825000 0.000000
3.413000 3.825000 0.000000
3.488000 3.825000 0.000000
3.563000 3.825000 0.000000
3.638000 3.825000 0.000000
3.713000 3.825000 0.000000
3.788000 3.825000 0.000000
3.863000 3.825000 0.000000
-0.037500 3.975000 0.000000
0.037500 3.975000 0.000000
0.112500 3.975000 0.000000
0.187500 3.975000 0.000000
0.262500 3.975000 0.000000
0.337500 3.975000 0.000000
0.412500 3.975000 0.000000
0.487500 3.975000 0.000000
0.562500 3.975000 0.000000
0.637500 3.975000 0.000000
0.712500 3.975000 0.000000
0.787500 3.975000 0.000000
0.862500 3.975000 0.000000
0.937500 3.975000 0.000000
1.012000 3.975000 0.000000
1.087000 3.975000 0.000000
1.163000 3.975000 0.000000
1.238000 3.975000 0.000000
1.313000 3.975000 0.000000
1.388000 3.975000 0.000000
1.463000 3.975000 0.000000
1.538000 3.975000 0.000000
1.613000 3.975000 0.000000
1.688000 3.975000 0.000000
1.763000 3.975000 0.000000
1.838000 3.975000 0.000000
1.913000 3.975000 0.000000
1.988000 3.975000 0.000000
2.063000 3.975000 0.000000
2.138000 3.975000 0.000000
2.213000 3.975000 0.000000
2.288000 3.975000 0.000000
2.363000 3.975000 0.000000
2.438000 3.975000 0.000000
2.513000 3.975000 0.000000
2.588000 3.975000 0.000000
2.663000 3.975000 0.000000
2.738000 3.975000 0.000000
2.813000 3.975000 0.000000
2.888000 3.975000 0.000000
2.963000 3.975000 0.000000
3.038000 3.975000 0.000000
3.113000 3.975000 0.000000
3.188000 3.975000 0.000000
3.263000 3.975000 0.000000
3.338000 3.975000 0.000000
3.413000 3.975000 0.000000
3.488000 3.975000 0.000000
3.563000 3.975000 0.000000
3.638000 3.975000 0.000000
3.713000 3.975000 0.000000
3.788000 3.975000 0.000000
3.863000 3.975000 0.000000
-0.037500 4.125000 0.000000
0.037500 4.125000 0.000000
0.112500 4.125000 0.000000
0.187500 4.125000 0.000000
0.262500 4.125000 0.000000
0.337500 4.125000 0.000000
0.412500 4.125000 0.000000
0.487500 4.125000 0.000000
0.562500 4.125000 0.000000
0.637500 4.125000 0.000000
0.712500 4.125000 0.000000
0.787500 4.125000 0.000000
0.862500 4.125000 0.000000
0.937500 4.125000 0.000000
1.012000 4.125000 0.000000
1.087000 4.125000 0.000000
1.163000 4.125000 0.000000
1.238000 4.125000 0.000000
1.313000 4.125000 0.000000
1.388000 4.125000 0.000000
1.463000 4.125000 0.000000
1.538000 4.125000 0.000000
1.613000 4.125000 0.000000
1.688000 4.125000 0.000000
1.763000 4.125000 0.000000
1.838000 4.125000 0.000000
1.913000 4.125000 0.000000
1.988000 4.125000 0.000000
2.063000 4.125000 0.000000
2.138000 4.125000 0.000000
2.213000 4.125000 0.000000
2.288000 4.125000 0.000000
2.363000 4.125000 0.000000
2.438000 4.125000 0.000000
2.513000 4.125000 0.000000
2.588000 4.125000 0.000000
2.663000 4.125000 0.000000
2.738000 4.125000 0.000000
2.813000 4.125000 0.000000
2.888000 4.125000 0.000000
2.963000 4.125000 0.000000
3.038000 4.125000 0.000000
3.113000 4.125000 0.000000
3.188000 4.125000 0.000000
3.263000 4.125000 0.000000
3.338000 4.125000 0.000000
3.413000 4.125000 0.000000
3.488000 4.125000 0.000000
3.563000 4.125000 0.000000
3.638000 4.125000 0.000000
3.713000 4.125000 0.000000
3.788000 4.125000 0.000000
3.863000 4.125000 0.000000
-0.037500 4.275000 0.000000
0.037500 4.275000 0.000000
0.112500 4.275000 0.000000
0.187500 4.275000 0.000000
0.262500 4.275000 0.000000
0.337500 4.275000 0.000000
0.412500 4.275000 0.000000
0.487500 4.275000 0.000000
0.562500 4.275000 0.000000
0.637500 4.275000 0.000000
0.712500 4.275000 0.000000
0.787500 4.275000 0.000000
0.862500 4.275000 0.000000
0.937500 4.275000 0.000000
1.012000 4.275000 0.000000
1.087000 4.275000 0.000000
1.163000 4.275000 0.000000
1.238000 4.275000 0.000000
1.313000 4.275000 0.000000
1.388000 4.275000 0.000000
1.463000 4.275000 0.000000
1.538000 4.275000 0.000000
1.613000 4.275000 0.000000
1.688000 4.275000 0.000000
1.763000 4.275000 0.000000
1.838000 4.275000 0.000000
1.913000 4.275000 0.000000
1.988000 4.275000 0.000000
2.063000 4.275000 0.000000
2.138000 4.275000 0.000000
2.213000 4.275000 0.000000
2.288000 4.275000 0.000000
2.363000 4.275000 0.000000
2.438000 4.275000 0.000000
2.513000 4.275000 0.000000
2.588000 4.275000 0.000000
2.663000 4.275000 0.000000
2.738000 4.275000 0.000000
2.813000 4.275000 0.000000
2.888000 4.275000 0.000000
2.963000 4.275000 0.000000
3.038000 4.275000 0.000000
3.113000 4.275000 0.000000
3.188000 4.275000 0.000000
3.263000 4.275000 0.000000
3.338000 4.275000 0.000000
3.413000 4.275000 0.000000
3.488000 4.275000 0.000000
3.563000 4.275000 0.000000
3.638000 4.275000 0.000000
3.713000 4.275000 0.000000
3.788000 4.275000 0.000000
3.863000 4.275000 0.000000
-0.037500 4.425000 0.000000
0.037500 4.425000 0.000000
0.112500 4.425000 0.000000
0.187500 4.425000 0.000000
0.262500 4.425000 0.000000
0.337500 4.425000 0.000000
0.412500 4.425000 0.000000
0.487500 4.425000 0.000000
0.562500 4.425000 0.000000
0.637500 4.425000 0.000000
0.712500 4.425000 0.000000
0.787500 4.425000 0.000000
0.862500 4.425000 0.000000
0.937500 4.425000 0.000000
1.012000 4.425000 0.000000
1.087000 4.425000 0.000000
1.163000 4.425000 0.000000
1.238000 4.425000 0.000000
1.313000 4.425000 0.000000
1.388000 4.425000 0.000000
1.463000 4.425000 0.000000
1.538000 4.425000 0.000000
1.613000 4.425000 0.000000
1.688000 4.425000 0.000000
1.763000 4.425000 0.000000
1.838000 4.425000 0.000000
1.913000 4.425000 0.000000
1.988000 4.425000 0.000000
2.063000 4.425000 0.000000
2.138000 4.425000 0.000000
2.213000 4.425000 0.000000
2.288000 4.425000 0.000000
2.363000 4.425000 0.000000
2.438000 4.425000 0.000000
2.513000 4.425000 0.000000
2.588000 4.425000 0.000000
2.663000 4.425000 0.000000
2.738000 4.425000 0.000000
2.813000 4.425000 0.000000
2.888000 4.425000 0.000000
2.963000 4.425000 0.000000
3.038000 4.425000 0.000000
3.113000 4.425000 0.000000
3.188000 4.425000 0.000000
3.263000 4.425000 0.000000
3.338000 4.425000 0.000000
3.413000 4.425000 0.000000
3.488000 4.425000 0.000000
3.563000 4.425000 0.000000
3.638000 4.425000 0.000000
3.713000 4.425000 0.000000
3.788000 4.425000 0.000000
3.863000 4.425000 0.000000
-0.037500 4.575000 0.000000
0.037500 4.575000 0.000000
0.112500 4.575000 0.000000
0.187500 4.575000 0.000000
0.262500 4.575000 0.000000
0.337500 4.575000 0.000000
0.412500 4.575000 0.000000
0.487500 4.575000 0.000000
0.562500 4.575000 0.000000
0.637500 4.575000 0.000000
0.712500 4.575000 0.000000
0.787500 4.575000 0.000000
0.862500 4.575000 0.000000
0.937500 4.575000 0.000000
1.012000 4.575000 0.000000
1.087000 4.575000 0.000000
1.163000 4.575000 0.000000
1.238000 4.575000 0.000000
1.313000 4.575000 0.000000
1.388000 4.575000 0.000000
1.463000 4.575000 0.000000
1.538000 4.575000 0.000000
1.613000 4.575000 0.000000
1.688000 4.575000 0.000000
1.763000 4.575000 0.000000
1.838000 4.575000 0.000000
1.913000 4.575000 0.000000
1.988000 4.575000 0.000000
2.063000 4.575000 0.000000
2.138000 4.575000 0.000000
2.213000 4.575000 0.000000
2.288000 4.575000 0.000000
2.363000 4.575000 0.000000
2.438000 4.575000 0.000000
2.513000 4.575000 0.000000
2.588000 4.575000 0.000000
2.663000 4.575000 0.000000
2.738000 4.575000 0.000000
2.813000 4.575000 0.000000
2.888000 4.575000 0.000000
2.963000 4.575000 0.000000
3.038000 4.575000 0.000000
3.113000 4.575000 0.000000
3.188000 4.575000 0.000000
3.263000 4.575000 0.000000
3.338000 4.575000 0.000000
3.413000 4.575000 0.000000
3.488000 4.575000 0.000000
3.563000 4.575000 0.000000
3.638000 4.575000 0.000000
3.713000 4.575000 0.000000
3.788000 4.575000 0.000000
3.863000 4.575000 0.000000
-0.037500 4.725000 0.000000
0.037500 4.725000 0.000000
0.112500 4.725000 0.000000
0.187500 4.725000 0.000000
0.262500 4.725000 0.000000
0.337500 4.725000 0.000000
0.412500 4.725000 0.000000
0.487500 4.725000 0.000000
0.562500 4.725000 0.000000
0.637500 4.725000 0.000000
0.712500 4.725000 0.000000
0.787500 4.725000 0.000000
0.862500 4.725000 0.000000
0.937500 4.725000 0.000000
1.012000 4.725000 0.000000
1.087000 4.725000 0.000000
1.163000 4.725000 0.000000
1.238000 4.725000 0.000000
1.313000 4.725000 0.000000
1.388000 4.725000 0.000000
1.463000 4.725000 0.000000
1.538000 4.725000 0.000000
1.613000 4.725000 0.000000
1.688000 4.725000 0.000000
1.763000 4.725000 0.000000
1.838000 4.725000 0.000000
1.913000 4.725000 0.000000
1.988000 4.725000 0.000000
2.063000 4.725000 0.000000
2.138000 4.725000 0.000000
2.213000 4.725000 0.000000
2.288000 4.725000 0.000000
2.363000 4.725000 0.000000
2.438000 4.725000 0.000000
2.513000 4.725000 0.000000
2.588000 4.725000 0.000000
2.663000 4.725000 0.000000
2.738000 4.725000 0.000000
2.813000 4.725000 0.000000
2.888000 4.725000 0.000000
2.963000 4.725000 0.000000
3.038000 4.725000 0.000000
3.113000 4.725000 0.000000
3.188000 4.725000 0.000000
3.263000 4.725000 0.000000
3.338000 4.725000 0.000000
3.413000 4.725000 0.000000
3.488000 4.725000 0.000000
3.563000 4.725000 0.000000
3.638000 4.725000 0.000000
3.713000 4.725000 0.000000
3.788000 4.725000 0.000000
3.863000 4.725000 0.000000
-0.037500 4.875000 0.000000
0.037500 4.875000 0.000000
0.112500 4.875000 0.000000
0.187500 4.875000 0.000000
0.262500 4.875000 0.000000
0.337500 4.875000 0.000000
0.412500 4.875000 0.000000
0.487500 4.875000 0.000000
0.562500 4.875000 0.000000
0.637500 4.875000 0.000000
0.712500 4.875000 0.000000
0.787500 4.875000 0.000000
0.862500 4.875000 0.000000
0.937500 4.875000 0.000000
1.012000 4.875000 0.000000
1.087000 4.875000 0.000000
1.163000 4.875000 0.000000
1.238000 4.875000 0.000000
1.313000 4.875000 0.000000
1.388000 4.875000 0.000000
1.463000 4.875000 0.000000
1.538000 4.875000 0.000000
1.613000 4.875000 0.000000
1.688000 4.875000 0.000000
1.763000 4.875000 0.000000
1.838000 4.875000 0.000000
1.913000 4.875000 0.000000
1.988000 4.875000 0.000000
2.063000 4.875000 0.000000
2.138000 4.875000 0.000000
2.213000 4.875000 0.000000
2.288000 4.875000 0.000000
2.363000 4.875000 0.000000
2.438000 4.875000 0.000000
2.513000 4.875000 0.000000
2.588000 4.875000 0.000000
2.663000 4.875000 0.000000
2.738000 4.875000 0.000000
2.813000 4.875000 0.000000
2.888000 4.875000 0.000000
2.963000 4.875000 0.000000
3.038000 4.875000 0.000000
3.113000 4.875000 0.000000
3.188000 4.875000 0.000000
3.263000 4.875000 0.000000
3.338000 4.875000 0.000000
3.413000 4.875000 0.000000
3.488000 4.875000 0.000000
3.563000 4.875000 0.000000
3.638000 4.875000 0.000000
3.713000 4.875000 0.000000
3.788000 4.875000 0.000000
3.863000 4.875000 0.000000
-0.037500 5.025000 0.000000
0.037500 5.025000 0.000000
0.112500 5.025000 0.000000
0.187500 5.025000 0.000000
0.262500 5.025000 0.000000
0.337500 5.025000 0.000000
0.412500 5.025000 0.000000
0.487500 5.025000 0.000000
0.562500 5.025000 0.000000
0.637500 5.025000 0.000000
0.712500 5.025000 0.000000
0.787500 5.025000 0.000000
0.862500 5.025000 0.000000
0.937500 5.025000 0.000000
1.012000 5.025000 0.000000
1.087000 5.025000 0.000000
1.163000 5.025000 0.000000
1.238000 5.025000 0.000000
1.313000 5.025000 0.000000
1.388000 5.025000 0.000000
1.463000 5.025000 0.000000
1.538000 5.025000 0.000000
1.613000 5.025000 0.000000
1.688000 5.025000 0.000000
1.763000 5.025000 0.000000
1.838000 5.025000 0.000000
1.913000 5.025000 0.000000
1.988000 5.025000 0.000000
2.063000 5.025000 0.000000
2.138000 5.025000 0.000000
2.213000 5.025000 0.000000
2.288000 5.025000 0.000000
2.363000 5.025000 0.000000
2.438000 5.025000 0.000000
2.513000 5.025000 0.000000
2.588000 5.025000 0.000000
2.663000 5.025000 0.000000
2.738000 5.025000 0.000000
2.813000 5.025000 0.000000
2.888000 5.025000 0.000000
2.963000 5.025000 0.000000
3.038000 5.025000 0.000000
3.113000 5.025000 0.000000
3.188000 5.025000 0.000000
3.263000 5.025000 0.000000
3.338000 5.025000 0.000000
3.413000 5.025000 0.000000
3.488000 5.025000 0.000000
3.563000 5.025000 0.000000
3.638000 5.025000 0.000000
3.713000 5.025000 0.000000
3.788000 5.025000 0.000000
3.863000 5.025000 0.000000
-0.037500 5.175000 0.000000
0.037500 5.175000 0.000000
0.112500 5.175000 0.000000
0.187500 5.175000 0.000000
0.262500 5.175000 0.000000
0.337500 5.175000 0.000000
0.412500 5.175000 0.000000
0.487500 5.175000 0.000000
0.562500 5.175000 0.000000
0.637500 5.175000 0.000000
0.712500 5.175000 0.000000
0.787500 5.175000 0.000000
0.862500 5.175000 0.000000
0.937500 5.175000 0.000000
1.012000 5.175000 0.000000
1.087000 5.175000 0.000000
1.163000 5.175000 0.000000
1.238000 5.175000 0.000000
1.313000 5.175000 0.000000
1.388000 5.175000 0.000000
1.463000 5.175000 0.000000
1.538000 5.175000 0.000000
1.613000 5.175000 0.000000
1.688000 5.175000 0.000000
1.763000 5.175000 0.000000
1.838000 5.175000 0.000000
1.913000 5.175000 0.000000
1.988000 5.175000 0.000000
2.063000 5.175000 0.000000
2.138000 5.175000 0.000000
2.213000 5.175000 0.000000
2.288000 5.175000 0.000000
2.363000 5.175000 0.000000
2.438000 5.175000 0.000000
2.513000 5.175000 0.000000
2.588000 5.175000 0.000000
2.663000 5.175000 0.000000
2.738000 5.175000 0.000000
2.813000 5.175000 0.000000
2.888000 5.175000 0.000000
2.963000 5.175000 0.000000
3.038000 5.175000 0.000000
3.113000 5.175000 0.000000
3.188000 5.175000 0.000000
3.263000 5.175000 0.000000
3.338000 5.175000 0.000000
3.413000 5.175000 0.000000
3.488000 5.175000 0.000000
3.563000 5.175000 0.000000
3.638000 5.175000 0.000000
3.713000 5.175000 0.000000
3.788000 5.175000 0.000000
3.863000 5.175000 0.000000
