-0.037500 -0.075000 0.000000
0.037500 -0.075000 0.000000
0.112500 -0.075000 0.000000
0.187500 -0.075000 0.000000
0.262500 -0.075000 0.000000
0.337500 -0.075000 0.000000
0.412500 -0.075000 0.000000
0.487500 -0.075000 0.000000
0.562500 -0.075000 0.000000
0.637500 -0.075000 0.000000
0.712500 -0.075000 0.000000
0.787500 -0.075000 0.000000
0.862500 -0.075000 0.000000
0.937500 -0.075000 0.000000
1.012000 -0.075000 0.000000
1.087000 -0.075000 0.000000
1.163000 -0.075000 0.000000
1.238000 -0.075000 0.000000
1.313000 -0.075000 0.000000
1.388000 -0.075000 0.000000
1.463000 -0.075000 0.000000
1.538000 -0.075000 0.000000
1.613000 -0.075000 0.000000
1.688000 -0.075000 0.000000
1.763000 -0.075000 0.000000
1.838000 -0.075000 0.000000
1.913000 -0.075000 0.000000
1.988000 -0.075000 0.000000
2.063000 -0.075000 0.000000
2.138000 -0.075000 0.000000
2.213000 -0.075000 0.000000
2.288000 -0.075000 0.000000
2.363000 -0.075000 0.000000
2.438000 -0.075000 0.000000
2.513000 -0.075000 0.000000
2.588000 -0.075000 0.000000
2.663000 -0.075000 0.000000
2.738000 -0.075000 0.000000
2.813000 -0.075000 0.000000
2.888000 -0.075000 0.000000
2.963000 -0.075000 0.000000
3.038000 -0.075000 0.000000
3.113000 -0.075000 0.000000
3.188000 -0.075000 0.000000
3.263000 -0.075000 0.000000
3.338000 -0.075000 0.000000
3.413000 -0.075000 0.000000
3.488000 -0.075000 0.000000
3.563000 -0.075000 0.000000
3.638000 -0.075000 0.000000
3.713000 -0.075000 0.000000
3.788000 -0.075000 0.000000
3.863000 -0.075000 0.000000
-0.037500 0.075000 0.000000
0.037500 0.075000 0.025930
0.112500 0.075000 0.051870
0.187500 0.075000 0.077800
0.262500 0.075000 0.103700
0.337500 0.075000 0.129600
0.412500 0.075000 0.155600
0.487500 0.075000 0.181400
0.562500 0.075000 0.207200
0.637500 0.075000 0.232900
0.712500 0.075000 0.258500
0.787500 0.075000 0.284000
0.862500 0.075000 0.309100
0.937500 0.075000 0.334000
1.012000 0.075000 0.358300
1.087000 0.075000 0.382200
1.163000 0.075000 0.405300
1.238000 0.075000 0.427400
1.313000 0.075000 0.448500
1.388000 0.075000 0.468100
1.463000 0.075000 0.486100
1.538000 0.075000 0.502200
1.613000 0.075000 0.516100
1.688000 0.075000 0.527500
1.763000 0.075000 0.536100
1.838000 0.075000 0.541800
1.913000 0.075000 0.544600
1.988000 0.075000 0.544400
2.063000 0.075000 0.541300
2.138000 0.075000 0.535500
2.213000 0.075000 0.527300
2.288000 0.075000 0.517100
2.363000 0.075000 0.505200
2.438000 0.075000 0.491900
2.513000 0.075000 0.477700
2.588000 0.075000 0.462800
2.663000 0.075000 0.447500
2.738000 0.075000 0.432100
2.813000 0.075000 0.416800
2.888000 0.075000 0.401600
2.963000 0.075000 0.386700
3.038000 0.075000 0.372200
3.113000 0.075000 0.358200
3.188000 0.075000 0.344700
3.263000 0.075000 0.331700
3.338000 0.075000 0.319200
3.413000 0.075000 0.307300
3.488000 0.075000 0.295900
3.563000 0.075000 0.285000
3.638000 0.075000 0.274600
3.713000 0.075000 0.264700
3.788000 0.075000 0.255200
3.863000 0.075000 0.000000
-0.037500 0.225000 0.000000
0.037500 0.225000 0.025930
0.112500 0.225000 0.051870
0.187500 0.225000 0.077800
0.262500 0.225000 0.103700
0.337500 0.225000 0.129600
0.412500 0.225000 0.155600
0.487500 0.225000 0.181400
0.562500 0.225000 0.207200
0.637500 0.225000 0.232900
0.712500 0.225000 0.258500
0.787500 0.225000 0.284000
0.862500 0.225000 0.309100
0.937500 0.225000 0.334000
1.012000 0.225000 0.358300
1.087000 0.225000 0.382200
1.163000 0.225000 0.405300
1.238000 0.225000 0.427400
1.313000 0.225000 0.448500
1.388000 0.225000 0.468100
1.463000 0.225000 0.486100
1.538000 0.225000 0.502200
1.613000 0.225000 0.516100
1.688000 0.225000 0.527500
1.763000 0.225000 0.536100
1.838000 0.225000 0.541800
1.913000 0.225000 0.544600
1.988000 0.225000 0.544400
2.063000 0.225000 0.541300
2.138000 0.225000 0.535500
2.213000 0.225000 0.527300
2.288000 0.225000 0.517100
2.363000 0.225000 0.505200
2.438000 0.225000 0.491900
2.513000 0.225000 0.477700
2.588000 0.225000 0.462800
2.663000 0.225000 0.447500
2.738000 0.225000 0.432100
2.813000 0.225000 0.416800
2.888000 0.225000 0.401600
2.963000 0.225000 0.386700
3.038000 0.225000 0.372200
3.113000 0.225000 0.358200
3.188000 0.225000 0.344700
3.263000 0.225000 0.331700
3.338000 0.225000 0.319200
3.413000 0.225000 0.307300
3.488000 0.225000 0.295900
3.563000 0.225000 0.285000
3.638000 0.225000 0.274600
3.713000 0.225000 0.264700
3.788000 0.225000 0.255200
3.863000 0.225000 0.000000
-0.037500 0.375000 0.000000
0.037500 0.375000 0.249600
0.112500 0.375000 0.256800
0.187500 0.375000 0.268400
0.262500 0.375000 0.282800
0.337500 0.375000 0.299300
0.412500 0.375000 0.317100
0.487500 0.375000 0.335900
0.562500 0.375000 0.355500
0.637500 0.375000 0.375500
0.712500 0.375000 0.395800
0.787500 0.375000 0.416200
0.862500 0.375000 0.436600
0.937500 0.375000 0.456800
1.012000 0.375000 0.476600
1.087000 0.375000 0.496000
1.163000 0.375000 0.514700
1.238000 0.375000 0.532500
1.313000 0.375000 0.549300
1.388000 0.375000 0.564800
1.463000 0.375000 0.578900
1.538000 0.375000 0.591200
1.613000 0.375000 0.601800
1.688000 0.375000 0.610200
1.763000 0.375000 0.616500
1.838000 0.375000 0.620500
1.913000 0.375000 0.622200
1.988000 0.375000 0.621600
2.063000 0.375000 0.618700
2.138000 0.375000 0.613800
2.213000 0.375000 0.607000
2.288000 0.375000 0.598500
2.363000 0.375000 0.588500
2.438000 0.375000 0.577400
2.513000 0.375000 0.565400
2.588000 0.375000 0.552700
2.663000 0.375000 0.539600
2.738000 0.375000 0.526200
2.813000 0.375000 0.512700
2.888000 0.375000 0.499300
2.963000 0.375000 0.486100
3.038000 0.375000 0.473300
3.113000 0.375000 0.460800
3.188000 0.375000 0.448800
3.263000 0.375000 0.437400
3.338000 0.375000 0.426600
3.413000 0.375000 0.416500
3.488000 0.375000 0.407300
3.563000 0.375000 0.399000
3.638000 0.375000 0.391900
3.713000 0.375000 0.386300
3.788000 0.375000 0.382900
3.863000 0.375000 0.000000
-0.037500 0.525000 0.000000
0.037500 0.525000 0.402700
0.112500 0.525000 0.405800
0.187500 0.525000 0.411400
0.262500 0.525000 0.419300
0.337500 0.525000 0.428800
0.412500 0.525000 0.439800
0.487500 0.525000 0.451800
0.562500 0.525000 0.464700
0.637500 0.525000 0.478200
0.712500 0.525000 0.492200
0.787500 0.525000 0.506400
0.862500 0.525000 0.520700
0.937500 0.525000 0.535000
1.012000 0.525000 0.549100
1.087000 0.525000 0.562800
1.163000 0.525000 0.576000
1.238000 0.525000 0.588500
1.313000 0.525000 0.600100
1.388000 0.525000 0.610800
1.463000 0.525000 0.620400
1.538000 0.525000 0.628700
1.613000 0.525000 0.635700
1.688000 0.525000 0.641100
1.763000 0.525000 0.645000
1.838000 0.525000 0.647300
1.913000 0.525000 0.647900
1.988000 0.525000 0.647000
2.063000 0.525000 0.644500
2.138000 0.525000 0.640500
2.213000 0.525000 0.635100
2.288000 0.525000 0.628600
2.363000 0.525000 0.621000
2.438000 0.525000 0.612500
2.513000 0.525000 0.603200
2.588000 0.525000 0.593400
2.663000 0.525000 0.583200
2.738000 0.525000 0.572700
2.813000 0.525000 0.562200
2.888000 0.525000 0.551600
2.963000 0.525000 0.541200
3.038000 0.525000 0.531100
3.113000 0.525000 0.521300
3.188000 0.525000 0.511900
3.263000 0.525000 0.503100
3.338000 0.525000 0.494900
3.413000 0.525000 0.487500
3.488000 0.525000 0.480900
3.563000 0.525000 0.475200
3.638000 0.525000 0.470700
3.713000 0.525000 0.467500
3.788000 0.525000 0.465800
3.863000 0.525000 0.000000
-0.037500 0.675000 0.000000
0.037500 0.675000 0.479200
0.112500 0.675000 0.480800
0.187500 0.675000 0.483800
0.262500 0.675000 0.488300
0.337500 0.675000 0.494000
0.412500 0.675000 0.500800
0.487500 0.675000 0.508500
0.562500 0.675000 0.517000
0.637500 0.675000 0.526000
0.712500 0.675000 0.535500
0.787500 0.675000 0.545200
0.862500 0.675000 0.555200
0.937500 0.675000 0.565100
1.012000 0.675000 0.574900
1.087000 0.675000 0.584400
1.163000 0.675000 0.593600
1.238000 0.675000 0.602300
1.313000 0.675000 0.610300
1.388000 0.675000 0.617600
1.463000 0.675000 0.624000
1.538000 0.675000 0.629500
1.613000 0.675000 0.634000
1.688000 0.675000 0.637400
1.763000 0.675000 0.639700
1.838000 0.675000 0.640800
1.913000 0.675000 0.640800
1.988000 0.675000 0.639700
2.063000 0.675000 0.637500
2.138000 0.675000 0.634200
2.213000 0.675000 0.629900
2.288000 0.675000 0.624800
2.363000 0.675000 0.618800
2.438000 0.675000 0.612200
2.513000 0.675000 0.605000
2.588000 0.675000 0.597400
2.663000 0.675000 0.589500
2.738000 0.675000 0.581300
2.813000 0.675000 0.573000
2.888000 0.675000 0.564700
2.963000 0.675000 0.556600
3.038000 0.675000 0.548700
3.113000 0.675000 0.541000
3.188000 0.675000 0.533800
3.263000 0.675000 0.527100
3.338000 0.675000 0.520900
3.413000 0.675000 0.515400
3.488000 0.675000 0.510700
3.563000 0.675000 0.506700
3.638000 0.675000 0.503700
3.713000 0.675000 0.501600
3.788000 0.675000 0.500600
3.863000 0.675000 0.000000
-0.037500 0.825000 0.000000
0.037500 0.825000 0.500200
0.112500 0.825000 0.501400
0.187500 0.825000 0.503800
0.262500 0.825000 0.507300
0.337500 0.825000 0.511800
0.412500 0.825000 0.517200
0.487500 0.825000 0.523400
0.562500 0.825000 0.530200
0.637500 0.825000 0.537600
0.712500 0.825000 0.545400
0.787500 0.825000 0.553500
0.862500 0.825000 0.561700
0.937500 0.825000 0.569900
1.012000 0.825000 0.578100
1.087000 0.825000 0.586000
1.163000 0.825000 0.593600
1.238000 0.825000 0.600800
1.313000 0.825000 0.607400
1.388000 0.825000 0.613400
1.463000 0.825000 0.618700
1.538000 0.825000 0.623100
1.613000 0.825000 0.626700
1.688000 0.825000 0.629300
1.763000 0.825000 0.631100
1.838000 0.825000 0.631800
1.913000 0.825000 0.631600
1.988000 0.825000 0.630400
2.063000 0.825000 0.628200
2.138000 0.825000 0.625200
2.213000 0.825000 0.621400
2.288000 0.825000 0.616800
2.363000 0.825000 0.611500
2.438000 0.825000 0.605600
2.513000 0.825000 0.599200
2.588000 0.825000 0.592500
2.663000 0.825000 0.585400
2.738000 0.825000 0.578200
2.813000 0.825000 0.570900
2.888000 0.825000 0.563500
2.963000 0.825000 0.556300
3.038000 0.825000 0.549300
3.113000 0.825000 0.542600
3.188000 0.825000 0.536200
3.263000 0.825000 0.530300
3.338000 0.825000 0.524900
3.413000 0.825000 0.520200
3.488000 0.825000 0.516100
3.563000 0.825000 0.512800
3.638000 0.825000 0.510200
3.713000 0.825000 0.508500
3.788000 0.825000 0.507700
3.863000 0.825000 0.000000
-0.037500 0.975000 0.000000
0.037500 0.975000 0.507500
0.112500 0.975000 0.508500
0.187500 0.975000 0.510500
0.262500 0.975000 0.513300
0.337500 0.975000 0.517000
0.412500 0.975000 0.521500
0.487500 0.975000 0.526700
0.562500 0.975000 0.532400
0.637500 0.975000 0.538700
0.712500 0.975000 0.545300
0.787500 0.975000 0.552100
0.862500 0.975000 0.559100
0.937500 0.975000 0.566200
1.012000 0.975000 0.573100
1.087000 0.975000 0.579900
1.163000 0.975000 0.586400
1.238000 0.975000 0.592500
1.313000 0.975000 0.598100
1.388000 0.975000 0.603100
1.463000 0.975000 0.607500
1.538000 0.975000 0.611200
1.613000 0.975000 0.614200
1.688000 0.975000 0.616300
1.763000 0.975000 0.617600
1.838000 0.975000 0.618100
1.913000 0.975000 0.617700
1.988000 0.975000 0.616500
2.063000 0.975000 0.614500
2.138000 0.975000 0.611600
2.213000 0.975000 0.608100
2.288000 0.975000 0.603900
2.363000 0.975000 0.599100
2.438000 0.975000 0.593800
2.513000 0.975000 0.588000
2.588000 0.975000 0.581900
2.663000 0.975000 0.575600
2.738000 0.975000 0.569000
2.813000 0.975000 0.562400
2.888000 0.975000 0.555800
2.963000 0.975000 0.549300
3.038000 0.975000 0.543000
3.113000 0.975000 0.537000
3.188000 0.975000 0.531300
3.263000 0.975000 0.526000
3.338000 0.975000 0.521300
3.413000 0.975000 0.517100
3.488000 0.975000 0.513500
3.563000 0.975000 0.510500
3.638000 0.975000 0.508300
3.713000 0.975000 0.506800
3.788000 0.975000 0.506100
3.863000 0.975000 0.000000
-0.037500 1.125000 0.000000
0.037500 1.125000 0.503500
0.112500 1.125000 0.504300
0.187500 1.125000 0.506000
0.262500 1.125000 0.508500
0.337500 1.125000 0.511700
0.412500 1.125000 0.515700
0.487500 1.125000 0.520200
0.562500 1.125000 0.525300
0.637500 1.125000 0.530800
0.712500 1.125000 0.536600
0.787500 1.125000 0.542700
0.862500 1.125000 0.548900
0.937500 1.125000 0.555100
1.012000 1.125000 0.561300
1.087000 1.125000 0.567300
1.163000 1.125000 0.573100
1.238000 1.125000 0.578500
1.313000 1.125000 0.583400
1.388000 1.125000 0.587900
1.463000 1.125000 0.591700
1.538000 1.125000 0.595000
1.613000 1.125000 0.597500
1.688000 1.125000 0.599300
1.763000 1.125000 0.600400
1.838000 1.125000 0.600700
1.913000 1.125000 0.600200
1.988000 1.125000 0.599000
2.063000 1.125000 0.597100
2.138000 1.125000 0.594400
2.213000 1.125000 0.591100
2.288000 1.125000 0.587200
2.363000 1.125000 0.582700
2.438000 1.125000 0.577800
2.513000 1.125000 0.572500
2.588000 1.125000 0.566800
2.663000 1.125000 0.561000
2.738000 1.125000 0.554900
2.813000 1.125000 0.548800
2.888000 1.125000 0.542800
2.963000 1.125000 0.536800
3.038000 1.125000 0.531000
3.113000 1.125000 0.525400
3.188000 1.125000 0.520200
3.263000 1.125000 0.515400
3.338000 1.125000 0.511000
3.413000 1.125000 0.507100
3.488000 1.125000 0.503900
3.563000 1.125000 0.501200
3.638000 1.125000 0.499200
3.713000 1.125000 0.497800
3.788000 1.125000 0.497200
3.863000 1.125000 0.000000
-0.037500 1.275000 0.000000
0.037500 1.275000 0.475800
0.112500 1.275000 0.476600
0.187500 1.275000 0.478000
0.262500 1.275000 0.480200
0.337500 1.275000 0.483000
0.412500 1.275000 0.486400
0.487500 1.275000 0.490400
0.562500 1.275000 0.494800
0.637500 1.275000 0.499600
0.712500 1.275000 0.504700
0.787500 1.275000 0.510000
0.862500 1.275000 0.515400
0.937500 1.275000 0.520900
1.012000 1.275000 0.526300
1.087000 1.275000 0.531500
1.163000 1.275000 0.536500
1.238000 1.275000 0.541200
1.313000 1.275000 0.545600
1.388000 1.275000 0.549400
1.463000 1.275000 0.552800
1.538000 1.275000 0.555600
1.613000 1.275000 0.557800
1.688000 1.275000 0.559300
1.763000 1.275000 0.560200
1.838000 1.275000 0.560300
1.913000 1.275000 0.559800
1.988000 1.275000 0.558700
2.063000 1.275000 0.556900
2.138000 1.275000 0.554400
2.213000 1.275000 0.551400
2.288000 1.275000 0.547900
2.363000 1.275000 0.543800
2.438000 1.275000 0.539400
2.513000 1.275000 0.534600
2.588000 1.275000 0.529500
2.663000 1.275000 0.524200
2.738000 1.275000 0.518700
2.813000 1.275000 0.513200
2.888000 1.275000 0.507800
2.963000 1.275000 0.502400
3.038000 1.275000 0.497200
3.113000 1.275000 0.492200
3.188000 1.275000 0.487500
3.263000 1.275000 0.483100
3.338000 1.275000 0.479200
3.413000 1.275000 0.475800
3.488000 1.275000 0.472900
3.563000 1.275000 0.470500
3.638000 1.275000 0.468700
3.713000 1.275000 0.467500
3.788000 1.275000 0.466900
3.863000 1.275000 0.000000
-0.037500 1.425000 0.000000
0.037500 1.425000 0.423600
0.112500 1.425000 0.424200
0.187500 1.425000 0.425400
0.262500 1.425000 0.427100
0.337500 1.425000 0.429300
0.412500 1.425000 0.432000
0.487500 1.425000 0.435200
0.562500 1.425000 0.438700
0.637500 1.425000 0.442500
0.712500 1.425000 0.446600
0.787500 1.425000 0.450800
0.862500 1.425000 0.455200
0.937500 1.425000 0.459500
1.012000 1.425000 0.463900
1.087000 1.425000 0.468100
1.163000 1.425000 0.472100
1.238000 1.425000 0.475800
1.313000 1.425000 0.479300
1.388000 1.425000 0.482300
1.463000 1.425000 0.485000
1.538000 1.425000 0.487200
1.613000 1.425000 0.488800
1.688000 1.425000 0.490000
1.763000 1.425000 0.490600
1.838000 1.425000 0.490700
1.913000 1.425000 0.490200
1.988000 1.425000 0.489100
2.063000 1.425000 0.487600
2.138000 1.425000 0.485500
2.213000 1.425000 0.482900
2.288000 1.425000 0.479900
2.363000 1.425000 0.476500
2.438000 1.425000 0.472800
2.513000 1.425000 0.468800
2.588000 1.425000 0.464500
2.663000 1.425000 0.460100
2.738000 1.425000 0.455600
2.813000 1.425000 0.451000
2.888000 1.425000 0.446400
2.963000 1.425000 0.441900
3.038000 1.425000 0.437600
3.113000 1.425000 0.433400
3.188000 1.425000 0.429600
3.263000 1.425000 0.426000
3.338000 1.425000 0.422700
3.413000 1.425000 0.419900
3.488000 1.425000 0.417500
3.563000 1.425000 0.415500
3.638000 1.425000 0.414000
3.713000 1.425000 0.413000
3.788000 1.425000 0.412500
3.863000 1.425000 0.000000
-0.037500 1.575000 0.000000
0.037500 1.575000 0.366300
0.112500 1.575000 0.366800
0.187500 1.575000 0.367700
0.262500 1.575000 0.369000
0.337500 1.575000 0.370700
0.412500 1.575000 0.372800
0.487500 1.575000 0.375300
0.562500 1.575000 0.378000
0.637500 1.575000 0.381000
0.712500 1.575000 0.384200
0.787500 1.575000 0.387500
0.862500 1.575000 0.390900
0.937500 1.575000 0.394200
1.012000 1.575000 0.397600
1.087000 1.575000 0.400900
1.163000 1.575000 0.404000
1.238000 1.575000 0.406900
1.313000 1.575000 0.409500
1.388000 1.575000 0.411900
1.463000 1.575000 0.413900
1.538000 1.575000 0.415600
1.613000 1.575000 0.416800
1.688000 1.575000 0.417700
1.763000 1.575000 0.418100
1.838000 1.575000 0.418100
1.913000 1.575000 0.417600
1.988000 1.575000 0.416700
2.063000 1.575000 0.415400
2.138000 1.575000 0.413600
2.213000 1.575000 0.411500
2.288000 1.575000 0.409100
2.363000 1.575000 0.406300
2.438000 1.575000 0.403200
2.513000 1.575000 0.400000
2.588000 1.575000 0.396500
2.663000 1.575000 0.392900
2.738000 1.575000 0.389200
2.813000 1.575000 0.385500
2.888000 1.575000 0.381800
2.963000 1.575000 0.378200
3.038000 1.575000 0.374700
3.113000 1.575000 0.371400
3.188000 1.575000 0.368200
3.263000 1.575000 0.365300
3.338000 1.575000 0.362700
3.413000 1.575000 0.360400
3.488000 1.575000 0.358500
3.563000 1.575000 0.356900
3.638000 1.575000 0.355700
3.713000 1.575000 0.354900
3.788000 1.575000 0.354500
3.863000 1.575000 0.000000
-0.037500 1.725000 0.000000
0.037500 1.725000 0.308200
0.112500 1.725000 0.308500
0.187500 1.725000 0.309200
0.262500 1.725000 0.310200
0.337500 1.725000 0.311500
0.412500 1.725000 0.313100
0.487500 1.725000 0.315000
0.562500 1.725000 0.317000
0.637500 1.725000 0.319300
0.712500 1.725000 0.321700
0.787500 1.725000 0.324200
0.862500 1.725000 0.326700
0.937500 1.725000 0.329300
1.012000 1.725000 0.331800
1.087000 1.725000 0.334300
1.163000 1.725000 0.336600
1.238000 1.725000 0.338800
1.313000 1.725000 0.340800
1.388000 1.725000 0.342500
1.463000 1.725000 0.344000
1.538000 1.725000 0.345200
1.613000 1.725000 0.346100
1.688000 1.725000 0.346700
1.763000 1.725000 0.347000
1.838000 1.725000 0.346900
1.913000 1.725000 0.346500
1.988000 1.725000 0.345700
2.063000 1.725000 0.344600
2.138000 1.725000 0.343200
2.213000 1.725000 0.341500
2.288000 1.725000 0.339500
2.363000 1.725000 0.337300
2.438000 1.725000 0.334900
2.513000 1.725000 0.332300
2.588000 1.725000 0.329600
2.663000 1.725000 0.326800
2.738000 1.725000 0.323900
2.813000 1.725000 0.321000
2.888000 1.725000 0.318100
2.963000 1.725000 0.315200
3.038000 1.725000 0.312500
3.113000 1.725000 0.309900
3.188000 1.725000 0.307400
3.263000 1.725000 0.305100
3.338000 1.725000 0.303100
3.413000 1.725000 0.301300
3.488000 1.725000 0.299800
3.563000 1.725000 0.298500
3.638000 1.725000 0.297600
3.713000 1.725000 0.297000
3.788000 1.725000 0.296700
3.863000 1.725000 0.000000
-0.037500 1.875000 0.000000
0.037500 1.875000 0.252200
0.112500 1.875000 0.252400
0.187500 1.875000 0.252900
0.262500 1.875000 0.253600
0.337500 1.875000 0.254600
0.412500 1.875000 0.255700
0.487500 1.875000 0.257100
0.562500 1.875000 0.258600
0.637500 1.875000 0.260200
0.712500 1.875000 0.261900
0.787500 1.875000 0.263800
0.862500 1.875000 0.265600
0.937500 1.875000 0.267500
1.012000 1.875000 0.269300
1.087000 1.875000 0.271100
1.163000 1.875000 0.272700
1.238000 1.875000 0.274300
1.313000 1.875000 0.275700
1.388000 1.875000 0.277000
1.463000 1.875000 0.278000
1.538000 1.875000 0.278900
1.613000 1.875000 0.279500
1.688000 1.875000 0.279900
1.763000 1.875000 0.280000
1.838000 1.875000 0.279900
1.913000 1.875000 0.279500
1.988000 1.875000 0.278900
2.063000 1.875000 0.278000
2.138000 1.875000 0.276900
2.213000 1.875000 0.275600
2.288000 1.875000 0.274100
2.363000 1.875000 0.272400
2.438000 1.875000 0.270600
2.513000 1.875000 0.268600
2.588000 1.875000 0.266500
2.663000 1.875000 0.264400
2.738000 1.875000 0.262200
2.813000 1.875000 0.260000
2.888000 1.875000 0.257800
2.963000 1.875000 0.255600
3.038000 1.875000 0.253500
3.113000 1.875000 0.251600
3.188000 1.875000 0.249700
3.263000 1.875000 0.248000
3.338000 1.875000 0.246500
3.413000 1.875000 0.245100
3.488000 1.875000 0.244000
3.563000 1.875000 0.243000
3.638000 1.875000 0.242300
3.713000 1.875000 0.241900
3.788000 1.875000 0.241600
3.863000 1.875000 0.000000
-0.037500 2.025000 0.000000
0.037500 2.025000 0.200100
0.112500 2.025000 0.200300
0.187500 2.025000 0.200600
0.262500 2.025000 0.201100
0.337500 2.025000 0.201800
0.412500 2.025000 0.202600
0.487500 2.025000 0.203500
0.562500 2.025000 0.204500
0.637500 2.025000 0.205600
0.712500 2.025000 0.206800
0.787500 2.025000 0.208000
0.862500 2.025000 0.209300
0.937500 2.025000 0.210500
1.012000 2.025000 0.211700
1.087000 2.025000 0.212900
1.163000 2.025000 0.214100
1.238000 2.025000 0.215100
1.313000 2.025000 0.216100
1.388000 2.025000 0.216900
1.463000 2.025000 0.217600
1.538000 2.025000 0.218100
1.613000 2.025000 0.218500
1.688000 2.025000 0.218700
1.763000 2.025000 0.218700
1.838000 2.025000 0.218600
1.913000 2.025000 0.218300
1.988000 2.025000 0.217800
2.063000 2.025000 0.217100
2.138000 2.025000 0.216300
2.213000 2.025000 0.215300
2.288000 2.025000 0.214200
2.363000 2.025000 0.213000
2.438000 2.025000 0.211700
2.513000 2.025000 0.210200
2.588000 2.025000 0.208700
2.663000 2.025000 0.207200
2.738000 2.025000 0.205600
2.813000 2.025000 0.204000
2.888000 2.025000 0.202400
2.963000 2.025000 0.200900
3.038000 2.025000 0.199400
3.113000 2.025000 0.198000
3.188000 2.025000 0.196700
3.263000 2.025000 0.195400
3.338000 2.025000 0.194300
3.413000 2.025000 0.193400
3.488000 2.025000 0.192600
3.563000 2.025000 0.191900
3.638000 2.025000 0.191400
3.713000 2.025000 0.191100
3.788000 2.025000 0.190900
3.863000 2.025000 0.000000
-0.037500 2.175000 0.000000
0.037500 2.175000 0.153100
0.112500 2.175000 0.153200
0.187500 2.175000 0.153400
0.262500 2.175000 0.153700
0.337500 2.175000 0.154100
0.412500 2.175000 0.154500
0.487500 2.175000 0.155100
0.562500 2.175000 0.155700
0.637500 2.175000 0.156300
0.712500 2.175000 0.157000
0.787500 2.175000 0.157800
0.862500 2.175000 0.158500
0.937500 2.175000 0.159200
1.012000 2.175000 0.160000
1.087000 2.175000 0.160700
1.163000 2.175000 0.161300
1.238000 2.175000 0.161900
1.313000 2.175000 0.162400
1.388000 2.175000 0.162900
1.463000 2.175000 0.163300
1.538000 2.175000 0.163600
1.613000 2.175000 0.163700
1.688000 2.175000 0.163800
1.763000 2.175000 0.163800
1.838000 2.175000 0.163600
1.913000 2.175000 0.163400
1.988000 2.175000 0.163000
2.063000 2.175000 0.162500
2.138000 2.175000 0.161900
2.213000 2.175000 0.161300
2.288000 2.175000 0.160500
2.363000 2.175000 0.159700
2.438000 2.175000 0.158800
2.513000 2.175000 0.157900
2.588000 2.175000 0.156900
2.663000 2.175000 0.155800
2.738000 2.175000 0.154800
2.813000 2.175000 0.153800
2.888000 2.175000 0.152700
2.963000 2.175000 0.151700
3.038000 2.175000 0.150800
3.113000 2.175000 0.149900
3.188000 2.175000 0.149000
3.263000 2.175000 0.148200
3.338000 2.175000 0.147500
3.413000 2.175000 0.146900
3.488000 2.175000 0.146300
3.563000 2.175000 0.145900
3.638000 2.175000 0.145600
3.713000 2.175000 0.145400
3.788000 2.175000 0.145300
3.863000 2.175000 0.000000
-0.037500 2.325000 0.000000
0.037500 2.325000 0.125300
0.112500 2.325000 0.125400
0.187500 2.325000 0.125500
0.262500 2.325000 0.125700
0.337500 2.325000 0.125900
0.412500 2.325000 0.126200
0.487500 2.325000 0.126500
0.562500 2.325000 0.126900
0.637500 2.325000 0.127300
0.712500 2.325000 0.127700
0.787500 2.325000 0.128100
0.862500 2.325000 0.128600
0.937500 2.325000 0.129000
1.012000 2.325000 0.129400
1.087000 2.325000 0.129800
1.163000 2.325000 0.130200
1.238000 2.325000 0.130500
1.313000 2.325000 0.130800
1.388000 2.325000 0.131000
1.463000 2.325000 0.131200
1.538000 2.325000 0.131300
1.613000 2.325000 0.131400
1.688000 2.325000 0.131400
1.763000 2.325000 0.131300
1.838000 2.325000 0.131200
1.913000 2.325000 0.130900
1.988000 2.325000 0.130600
2.063000 2.325000 0.130300
2.138000 2.325000 0.129800
2.213000 2.325000 0.129400
2.288000 2.325000 0.128800
2.363000 2.325000 0.128200
2.438000 2.325000 0.127600
2.513000 2.325000 0.127000
2.588000 2.325000 0.126300
2.663000 2.325000 0.125600
2.738000 2.325000 0.124900
2.813000 2.325000 0.124200
2.888000 2.325000 0.123500
2.963000 2.325000 0.122800
3.038000 2.325000 0.122100
3.113000 2.325000 0.121500
3.188000 2.325000 0.120900
3.263000 2.325000 0.120400
3.338000 2.325000 0.119900
3.413000 2.325000 0.119500
3.488000 2.325000 0.119100
3.563000 2.325000 0.118800
3.638000 2.325000 0.118600
3.713000 2.325000 0.118500
3.788000 2.325000 0.118400
3.863000 2.325000 0.000000
-0.037500 2.475000 0.000000
0.037500 2.475000 0.113000
0.112500 2.475000 0.113000
0.187500 2.475000 0.113100
0.262500 2.475000 0.113300
0.337500 2.475000 0.113400
0.412500 2.475000 0.113600
0.487500 2.475000 0.113900
0.562500 2.475000 0.114200
0.637500 2.475000 0.114500
0.712500 2.475000 0.114800
0.787500 2.475000 0.115100
0.862500 2.475000 0.115400
0.937500 2.475000 0.115700
1.012000 2.475000 0.116000
1.087000 2.475000 0.116300
1.163000 2.475000 0.116600
1.238000 2.475000 0.116800
1.313000 2.475000 0.117000
1.388000 2.475000 0.117200
1.463000 2.475000 0.117300
1.538000 2.475000 0.117400
1.613000 2.475000 0.117400
1.688000 2.475000 0.117400
1.763000 2.475000 0.117300
1.838000 2.475000 0.117100
1.913000 2.475000 0.116900
1.988000 2.475000 0.116700
2.063000 2.475000 0.116400
2.138000 2.475000 0.116000
2.213000 2.475000 0.115600
2.288000 2.475000 0.115100
2.363000 2.475000 0.114600
2.438000 2.475000 0.114100
2.513000 2.475000 0.113600
2.588000 2.475000 0.113000
2.663000 2.475000 0.112400
2.738000 2.475000 0.111800
2.813000 2.475000 0.111300
2.888000 2.475000 0.110700
2.963000 2.475000 0.110100
3.038000 2.475000 0.109600
3.113000 2.475000 0.109100
3.188000 2.475000 0.108600
3.263000 2.475000 0.108200
3.338000 2.475000 0.107800
3.413000 2.475000 0.107400
3.488000 2.475000 0.107100
3.563000 2.475000 0.106900
3.638000 2.475000 0.106700
3.713000 2.475000 0.106600
3.788000 2.475000 0.106600
3.863000 2.475000 0.000000
-0.037500 2.625000 0.000000
0.037500 2.625000 0.102200
0.112500 2.625000 0.102200
0.187500 2.625000 0.102300
0.262500 2.625000 0.102400
0.337500 2.625000 0.102500
0.412500 2.625000 0.102700
0.487500 2.625000 0.102900
0.562500 2.625000 0.103100
0.637500 2.625000 0.103300
0.712500 2.625000 0.103600
0.787500 2.625000 0.103800
0.862500 2.625000 0.104100
0.937500 2.625000 0.104300
1.012000 2.625000 0.104600
1.087000 2.625000 0.104800
1.163000 2.625000 0.105000
1.238000 2.625000 0.105200
1.313000 2.625000 0.105300
1.388000 2.625000 0.105400
1.463000 2.625000 0.105500
1.538000 2.625000 0.105500
1.613000 2.625000 0.105500
1.688000 2.625000 0.105500
1.763000 2.625000 0.105400
1.838000 2.625000 0.105200
1.913000 2.625000 0.105100
1.988000 2.625000 0.104800
2.063000 2.625000 0.104500
2.138000 2.625000 0.104200
2.213000 2.625000 0.103900
2.288000 2.625000 0.103500
2.363000 2.625000 0.103100
2.438000 2.625000 0.102600
2.513000 2.625000 0.102200
2.588000 2.625000 0.101700
2.663000 2.625000 0.101200
2.738000 2.625000 0.100700
2.813000 2.625000 0.100200
2.888000 2.625000 0.099710
2.963000 2.625000 0.099240
3.038000 2.625000 0.098790
3.113000 2.625000 0.098370
3.188000 2.625000 0.097970
3.263000 2.625000 0.097610
3.338000 2.625000 0.097280
3.413000 2.625000 0.097000
3.488000 2.625000 0.096760
3.563000 2.625000 0.096560
3.638000 2.625000 0.096420
3.713000 2.625000 0.096320
3.788000 2.625000 0.096270
3.863000 2.625000 0.000000
-0.037500 2.775000 0.000000
0.037500 2.775000 0.092970
0.112500 2.775000 0.093000
0.187500 2.775000 0.093060
0.262500 2.775000 0.093140
0.337500 2.775000 0.093260
0.412500 2.775000 0.093390
0.487500 2.775000 0.093550
0.562500 2.775000 0.093720
0.637500 2.775000 0.093910
0.712500 2.775000 0.094110
0.787500 2.775000 0.094320
0.862500 2.775000 0.094520
0.937500 2.775000 0.094720
1.012000 2.775000 0.094920
1.087000 2.775000 0.095090
1.163000 2.775000 0.095260
1.238000 2.775000 0.095400
1.313000 2.775000 0.095510
1.388000 2.775000 0.095600
1.463000 2.775000 0.095650
1.538000 2.775000 0.095670
1.613000 2.775000 0.095660
1.688000 2.775000 0.095600
1.763000 2.775000 0.095510
1.838000 2.775000 0.095370
1.913000 2.775000 0.095200
1.988000 2.775000 0.094990
2.063000 2.775000 0.094740
2.138000 2.775000 0.094460
2.213000 2.775000 0.094150
2.288000 2.775000 0.093800
2.363000 2.775000 0.093430
2.438000 2.775000 0.093040
2.513000 2.775000 0.092640
2.588000 2.775000 0.092220
2.663000 2.775000 0.091790
2.738000 2.775000 0.091360
2.813000 2.775000 0.090930
2.888000 2.775000 0.090510
2.963000 2.775000 0.090100
3.038000 2.775000 0.089710
3.113000 2.775000 0.089340
3.188000 2.775000 0.089000
3.263000 2.775000 0.088690
3.338000 2.775000 0.088410
3.413000 2.775000 0.088160
3.488000 2.775000 0.087950
3.563000 2.775000 0.087780
3.638000 2.775000 0.087660
3.713000 2.775000 0.087570
3.788000 2.775000 0.087530
3.863000 2.775000 0.000000
-0.037500 2.925000 0.000000
0.037500 2.925000 0.077600
0.112500 2.925000 0.077630
0.187500 2.925000 0.077670
0.262500 2.925000 0.077740
0.337500 2.925000 0.077830
0.412500 2.925000 0.077940
0.487500 2.925000 0.078070
0.562500 2.925000 0.078210
0.637500 2.925000 0.078360
0.712500 2.925000 0.078510
0.787500 2.925000 0.078670
0.862500 2.925000 0.078840
0.937500 2.925000 0.078990
1.012000 2.925000 0.079150
1.087000 2.925000 0.079290
1.163000 2.925000 0.079410
1.238000 2.925000 0.079520
1.313000 2.925000 0.079610
1.388000 2.925000 0.079670
1.463000 2.925000 0.079710
1.538000 2.925000 0.079720
1.613000 2.925000 0.079700
1.688000 2.925000 0.079650
1.763000 2.925000 0.079570
1.838000 2.925000 0.079460
1.913000 2.925000 0.079310
1.988000 2.925000 0.079140
2.063000 2.925000 0.078930
2.138000 2.925000 0.078700
2.213000 2.925000 0.078440
2.288000 2.925000 0.078160
2.363000 2.925000 0.077850
2.438000 2.925000 0.077530
2.513000 2.925000 0.077200
2.588000 2.925000 0.076860
2.663000 2.925000 0.076510
2.738000 2.925000 0.076160
2.813000 2.925000 0.075810
2.888000 2.925000 0.075470
2.963000 2.925000 0.075130
3.038000 2.925000 0.074820
3.113000 2.925000 0.074520
3.188000 2.925000 0.074240
3.263000 2.925000 0.073980
3.338000 2.925000 0.073750
3.413000 2.925000 0.073560
3.488000 2.925000 0.073390
3.563000 2.925000 0.073250
3.638000 2.925000 0.073150
3.713000 2.925000 0.073080
3.788000 2.925000 0.073040
3.863000 2.925000 0.000000
-0.037500 3.075000 0.000000
0.037500 3.075000 0.059200
0.112500 3.075000 0.059220
0.187500 3.075000 0.059250
0.262500 3.075000 0.059300
0.337500 3.075000 0.059360
0.412500 3.075000 0.059440
0.487500 3.075000 0.059530
0.562500 3.075000 0.059630
0.637500 3.075000 0.059730
0.712500 3.075000 0.059850
0.787500 3.075000 0.059960
0.862500 3.075000 0.060070
0.937500 3.075000 0.060180
1.012000 3.075000 0.060290
1.087000 3.075000 0.060390
1.163000 3.075000 0.060470
1.238000 3.075000 0.060550
1.313000 3.075000 0.060610
1.388000 3.075000 0.060650
1.463000 3.075000 0.060670
1.538000 3.075000 0.060670
1.613000 3.075000 0.060650
1.688000 3.075000 0.060610
1.763000 3.075000 0.060550
1.838000 3.075000 0.060460
1.913000 3.075000 0.060350
1.988000 3.075000 0.060210
2.063000 3.075000 0.060060
2.138000 3.075000 0.059880
2.213000 3.075000 0.059690
2.288000 3.075000 0.059480
2.363000 3.075000 0.059250
2.438000 3.075000 0.059010
2.513000 3.075000 0.058770
2.588000 3.075000 0.058510
2.663000 3.075000 0.058250
2.738000 3.075000 0.057990
2.813000 3.075000 0.057740
2.888000 3.075000 0.057480
2.963000 3.075000 0.057240
3.038000 3.075000 0.057000
3.113000 3.075000 0.056780
3.188000 3.075000 0.056580
3.263000 3.075000 0.056390
3.338000 3.075000 0.056220
3.413000 3.075000 0.056070
3.488000 3.075000 0.055950
3.563000 3.075000 0.055850
3.638000 3.075000 0.055770
3.713000 3.075000 0.055720
3.788000 3.075000 0.055700
3.863000 3.075000 0.000000
-0.037500 3.225000 0.000000
0.037500 3.225000 0.044710
0.112500 3.225000 0.044720
0.187500 3.225000 0.044750
0.262500 3.225000 0.044780
0.337500 3.225000 0.044830
0.412500 3.225000 0.044880
0.487500 3.225000 0.044940
0.562500 3.225000 0.045010
0.637500 3.225000 0.045090
0.712500 3.225000 0.045170
0.787500 3.225000 0.045240
0.862500 3.225000 0.045320
0.937500 3.225000 0.045400
1.012000 3.225000 0.045470
1.087000 3.225000 0.045540
1.163000 3.225000 0.045600
1.238000 3.225000 0.045650
1.313000 3.225000 0.045690
1.388000 3.225000 0.045710
1.463000 3.225000 0.045730
1.538000 3.225000 0.045720
1.613000 3.225000 0.045700
1.688000 3.225000 0.045670
1.763000 3.225000 0.045620
1.838000 3.225000 0.045550
1.913000 3.225000 0.045470
1.988000 3.225000 0.045370
2.063000 3.225000 0.045250
2.138000 3.225000 0.045120
2.213000 3.225000 0.044970
2.288000 3.225000 0.044820
2.363000 3.225000 0.044650
2.438000 3.225000 0.044480
2.513000 3.225000 0.044290
2.588000 3.225000 0.044110
2.663000 3.225000 0.043920
2.738000 3.225000 0.043730
2.813000 3.225000 0.043540
2.888000 3.225000 0.043350
2.963000 3.225000 0.043180
3.038000 3.225000 0.043000
3.113000 3.225000 0.042840
3.188000 3.225000 0.042690
3.263000 3.225000 0.042560
3.338000 3.225000 0.042430
3.413000 3.225000 0.042330
3.488000 3.225000 0.042240
3.563000 3.225000 0.042160
3.638000 3.225000 0.042110
3.713000 3.225000 0.042070
3.788000 3.225000 0.042050
3.863000 3.225000 0.000000
-0.037500 3.375000 0.000000
0.037500 3.375000 0.033460
0.112500 3.375000 0.033470
0.187500 3.375000 0.033480
0.262500 3.375000 0.033510
0.337500 3.375000 0.033540
0.412500 3.375000 0.033580
0.487500 3.375000 0.033620
0.562500 3.375000 0.033670
0.637500 3.375000 0.033720
0.712500 3.375000 0.033770
0.787500 3.375000 0.033830
0.862500 3.375000 0.033880
0.937500 3.375000 0.033930
1.012000 3.375000 0.033980
1.087000 3.375000 0.034030
1.163000 3.375000 0.034070
1.238000 3.375000 0.034100
1.313000 3.375000 0.034120
1.388000 3.375000 0.034140
1.463000 3.375000 0.034140
1.538000 3.375000 0.034140
1.613000 3.375000 0.034120
1.688000 3.375000 0.034100
1.763000 3.375000 0.034060
1.838000 3.375000 0.034000
1.913000 3.375000 0.033940
1.988000 3.375000 0.033870
2.063000 3.375000 0.033780
2.138000 3.375000 0.033680
2.213000 3.375000 0.033580
2.288000 3.375000 0.033460
2.363000 3.375000 0.033340
2.438000 3.375000 0.033210
2.513000 3.375000 0.033080
2.588000 3.375000 0.032950
2.663000 3.375000 0.032810
2.738000 3.375000 0.032670
2.813000 3.375000 0.032530
2.888000 3.375000 0.032400
2.963000 3.375000 0.032270
3.038000 3.375000 0.032140
3.113000 3.375000 0.032030
3.188000 3.375000 0.031920
3.263000 3.375000 0.031820
3.338000 3.375000 0.031730
3.413000 3.375000 0.031650
3.488000 3.375000 0.031590
3.563000 3.375000 0.031530
3.638000 3.375000 0.031490
3.713000 3.375000 0.031470
3.788000 3.375000 0.031450
3.863000 3.375000 0.000000
-0.037500 3.525000 0.000000
0.037500 3.525000 0.024820
0.112500 3.525000 0.024820
0.187500 3.525000 0.024840
0.262500 3.525000 0.024850
0.337500 3.525000 0.024870
0.412500 3.525000 0.024900
0.487500 3.525000 0.024930
0.562500 3.525000 0.024960
0.637500 3.525000 0.025000
0.712500 3.525000 0.025030
0.787500 3.525000 0.025070
0.862500 3.525000 0.025110
0.937500 3.525000 0.025140
1.012000 3.525000 0.025170
1.087000 3.525000 0.025200
1.163000 3.525000 0.025230
1.238000 3.525000 0.025250
1.313000 3.525000 0.025270
1.388000 3.525000 0.025280
1.463000 3.525000 0.025280
1.538000 3.525000 0.025270
1.613000 3.525000 0.025260
1.688000 3.525000 0.025240
1.763000 3.525000 0.025200
1.838000 3.525000 0.025170
1.913000 3.525000 0.025120
1.988000 3.525000 0.025060
2.063000 3.525000 0.025000
2.138000 3.525000 0.024930
2.213000 3.525000 0.024850
2.288000 3.525000 0.024770
2.363000 3.525000 0.024680
2.438000 3.525000 0.024590
2.513000 3.525000 0.024490
2.588000 3.525000 0.024400
2.663000 3.525000 0.024300
2.738000 3.525000 0.024200
2.813000 3.525000 0.024100
2.888000 3.525000 0.024000
2.963000 3.525000 0.023910
3.038000 3.525000 0.023820
3.113000 3.525000 0.023730
3.188000 3.525000 0.023660
3.263000 3.525000 0.023580
3.338000 3.525000 0.023520
3.413000 3.525000 0.023460
3.488000 3.525000 0.023420
3.563000 3.525000 0.023380
3.638000 3.525000 0.023350
3.713000 3.525000 0.023330
3.788000 3.525000 0.023320
3.863000 3.525000 0.000000
-0.037500 3.675000 0.000000
0.037500 3.675000 0.018260
0.112500 3.675000 0.018260
0.187500 3.675000 0.018270
0.262500 3.675000 0.018280
0.337500 3.675000 0.018290
0.412500 3.675000 0.018310
0.487500 3.675000 0.018330
0.562500 3.675000 0.018350
0.637500 3.675000 0.018380
0.712500 3.675000 0.018400
0.787500 3.675000 0.018430
0.862500 3.675000 0.018450
0.937500 3.675000 0.018470
1.012000 3.675000 0.018500
1.087000 3.675000 0.018520
1.163000 3.675000 0.018530
1.238000 3.675000 0.018550
1.313000 3.675000 0.018550
1.388000 3.675000 0.018560
1.463000 3.675000 0.018560
1.538000 3.675000 0.018550
1.613000 3.675000 0.018540
1.688000 3.675000 0.018520
1.763000 3.675000 0.018500
1.838000 3.675000 0.018470
1.913000 3.675000 0.018440
1.988000 3.675000 0.018400
2.063000 3.675000 0.018350
2.138000 3.675000 0.018300
2.213000 3.675000 0.018240
2.288000 3.675000 0.018180
2.363000 3.675000 0.018120
2.438000 3.675000 0.018060
2.513000 3.675000 0.017990
2.588000 3.675000 0.017920
2.663000 3.675000 0.017850
2.738000 3.675000 0.017770
2.813000 3.675000 0.017700
2.888000 3.675000 0.017630
2.963000 3.675000 0.017570
3.038000 3.675000 0.017500
3.113000 3.675000 0.017440
3.188000 3.675000 0.017390
3.263000 3.675000 0.017340
3.338000 3.675000 0.017290
3.413000 3.675000 0.017250
3.488000 3.675000 0.017220
3.563000 3.675000 0.017190
3.638000 3.675000 0.017170
3.713000 3.675000 0.017150
3.788000 3.675000 0.017150
3.863000 3.675000 0.000000
-0.037500 3.825000 0.000000
0.037500 3.825000 0.013330
0.112500 3.825000 0.013330
0.187500 3.825000 0.013330
0.262500 3.825000 0.013340
0.337500 3.825000 0.013350
0.412500 3.825000 0.013360
0.487500 3.825000 0.013380
0.562500 3.825000 0.013390
0.637500 3.825000 0.013410
0.712500 3.825000 0.013420
0.787500 3.825000 0.013440
0.862500 3.825000 0.013460
0.937500 3.825000 0.013470
1.012000 3.825000 0.013490
1.087000 3.825000 0.013500
1.163000 3.825000 0.013510
1.238000 3.825000 0.013520
1.313000 3.825000 0.013520
1.388000 3.825000 0.013520
1.463000 3.825000 0.013520
1.538000 3.825000 0.013520
1.613000 3.825000 0.013510
1.688000 3.825000 0.013500
1.763000 3.825000 0.013480
1.838000 3.825000 0.013460
1.913000 3.825000 0.013430
1.988000 3.825000 0.013400
2.063000 3.825000 0.013370
2.138000 3.825000 0.013330
2.213000 3.825000 0.013290
2.288000 3.825000 0.013250
2.363000 3.825000 0.013200
2.438000 3.825000 0.013160
2.513000 3.825000 0.013110
2.588000 3.825000 0.013060
2.663000 3.825000 0.013010
2.738000 3.825000 0.012960
2.813000 3.825000 0.012910
2.888000 3.825000 0.012860
2.963000 3.825000 0.012810
3.038000 3.825000 0.012770
3.113000 3.825000 0.012720
3.188000 3.825000 0.012680
3.263000 3.825000 0.012650
3.338000 3.825000 0.012610
3.413000 3.825000 0.012590
3.488000 3.825000 0.012560
3.563000 3.825000 0.012540
3.638000 3.825000 0.012530
3.713000 3.825000 0.012520
3.788000 3.825000 0.012510
3.863000 3.825000 0.000000
-0.037500 3.975000 0.000000
0.037500 3.975000 0.009661
0.112500 3.975000 0.009663
0.187500 3.975000 0.009666
0.262500 3.975000 0.009671
0.337500 3.975000 0.009677
0.412500 3.975000 0.009685
0.487500 3.975000 0.009694
0.562500 3.975000 0.009703
0.637500 3.975000 0.009714
0.712500 3.975000 0.009724
0.787500 3.975000 0.009735
0.862500 3.975000 0.009746
0.937500 3.975000 0.009756
1.012000 3.975000 0.009765
1.087000 3.975000 0.009773
1.163000 3.975000 0.009779
1.238000 3.975000 0.009784
1.313000 3.975000 0.009787
1.388000 3.975000 0.009787
1.463000 3.975000 0.009786
1.538000 3.975000 0.009781
1.613000 3.975000 0.009774
1.688000 3.975000 0.009764
1.763000 3.975000 0.009751
1.838000 3.975000 0.009736
1.913000 3.975000 0.009717
1.988000 3.975000 0.009696
2.063000 3.975000 0.009672
2.138000 3.975000 0.009646
2.213000 3.975000 0.009617
2.288000 3.975000 0.009587
2.363000 3.975000 0.009555
2.438000 3.975000 0.009521
2.513000 3.975000 0.009487
2.588000 3.975000 0.009452
2.663000 3.975000 0.009416
2.738000 3.975000 0.009380
2.813000 3.975000 0.009345
2.888000 3.975000 0.009311
2.963000 3.975000 0.009278
3.038000 3.975000 0.009246
3.113000 3.975000 0.009216
3.188000 3.975000 0.009188
3.263000 3.975000 0.009162
3.338000 3.975000 0.009139
3.413000 3.975000 0.009118
3.488000 3.975000 0.009101
3.563000 3.975000 0.009087
3.638000 3.975000 0.009076
3.713000 3.975000 0.009069
3.788000 3.975000 0.009065
3.863000 3.975000 0.000000
-0.037500 4.125000 0.000000
0.037500 4.125000 0.006964
0.112500 4.125000 0.006965
0.187500 4.125000 0.006967
0.262500 4.125000 0.006970
0.337500 4.125000 0.006974
0.412500 4.125000 0.006979
0.487500 4.125000 0.006985
0.562500 4.125000 0.006992
0.637500 4.125000 0.006998
0.712500 4.125000 0.007005
0.787500 4.125000 0.007012
0.862500 4.125000 0.007019
0.937500 4.125000 0.007025
1.012000 4.125000 0.007031
1.087000 4.125000 0.007036
1.163000 4.125000 0.007040
1.238000 4.125000 0.007043
1.313000 4.125000 0.007044
1.388000 4.125000 0.007044
1.463000 4.125000 0.007042
1.538000 4.125000 0.007038
1.613000 4.125000 0.007033
1.688000 4.125000 0.007025
1.763000 4.125000 0.007016
1.838000 4.125000 0.007005
1.913000 4.125000 0.006991
1.988000 4.125000 0.006976
2.063000 4.125000 0.006959
2.138000 4.125000 0.006940
2.213000 4.125000 0.006920
2.288000 4.125000 0.006899
2.363000 4.125000 0.006876
2.438000 4.125000 0.006853
2.513000 4.125000 0.006828
2.588000 4.125000 0.006804
2.663000 4.125000 0.006779
2.738000 4.125000 0.006754
2.813000 4.125000 0.006729
2.888000 4.125000 0.006705
2.963000 4.125000 0.006681
3.038000 4.125000 0.006659
3.113000 4.125000 0.006638
3.188000 4.125000 0.006618
3.263000 4.125000 0.006600
3.338000 4.125000 0.006584
3.413000 4.125000 0.006570
3.488000 4.125000 0.006557
3.563000 4.125000 0.006547
3.638000 4.125000 0.006540
3.713000 4.125000 0.006535
3.788000 4.125000 0.006532
3.863000 4.125000 0.000000
-0.037500 4.275000 0.000000
0.037500 4.275000 0.005004
0.112500 4.275000 0.005005
0.187500 4.275000 0.005006
0.262500 4.275000 0.005008
0.337500 4.275000 0.005011
0.412500 4.275000 0.005014
0.487500 4.275000 0.005018
0.562500 4.275000 0.005022
0.637500 4.275000 0.005026
0.712500 4.275000 0.005031
0.787500 4.275000 0.005035
0.862500 4.275000 0.005040
0.937500 4.275000 0.005044
1.012000 4.275000 0.005047
1.087000 4.275000 0.005050
1.163000 4.275000 0.005053
1.238000 4.275000 0.005054
1.313000 4.275000 0.005054
1.388000 4.275000 0.005054
1.463000 4.275000 0.005052
1.538000 4.275000 0.005049
1.613000 4.275000 0.005045
1.688000 4.275000 0.005039
1.763000 4.275000 0.005033
1.838000 4.275000 0.005024
1.913000 4.275000 0.005015
1.988000 4.275000 0.005004
2.063000 4.275000 0.004992
2.138000 4.275000 0.004979
2.213000 4.275000 0.004964
2.288000 4.275000 0.004949
2.363000 4.275000 0.004933
2.438000 4.275000 0.004917
2.513000 4.275000 0.004900
2.588000 4.275000 0.004882
2.663000 4.275000 0.004865
2.738000 4.275000 0.004848
2.813000 4.275000 0.004830
2.888000 4.275000 0.004813
2.963000 4.275000 0.004797
3.038000 4.275000 0.004781
3.113000 4.275000 0.004767
3.188000 4.275000 0.004753
3.263000 4.275000 0.004740
3.338000 4.275000 0.004729
3.413000 4.275000 0.004719
3.488000 4.275000 0.004710
3.563000 4.275000 0.004703
3.638000 4.275000 0.004698
3.713000 4.275000 0.004694
3.788000 4.275000 0.004692
3.863000 4.275000 0.000000
-0.037500 4.425000 0.000000
0.037500 4.425000 0.003602
0.112500 4.425000 0.003603
0.187500 4.425000 0.003603
0.262500 4.425000 0.003605
0.337500 4.425000 0.003607
0.412500 4.425000 0.003609
0.487500 4.425000 0.003611
0.562500 4.425000 0.003614
0.637500 4.425000 0.003616
0.712500 4.425000 0.003619
0.787500 4.425000 0.003622
0.862500 4.425000 0.003625
0.937500 4.425000 0.003627
1.012000 4.425000 0.003630
1.087000 4.425000 0.003631
1.163000 4.425000 0.003633
1.238000 4.425000 0.003633
1.313000 4.425000 0.003633
1.388000 4.425000 0.003633
1.463000 4.425000 0.003631
1.538000 4.425000 0.003629
1.613000 4.425000 0.003626
1.688000 4.425000 0.003622
1.763000 4.425000 0.003616
1.838000 4.425000 0.003610
1.913000 4.425000 0.003604
1.988000 4.425000 0.003596
2.063000 4.425000 0.003587
2.138000 4.425000 0.003578
2.213000 4.425000 0.003568
2.288000 4.425000 0.003557
2.363000 4.425000 0.003546
2.438000 4.425000 0.003534
2.513000 4.425000 0.003522
2.588000 4.425000 0.003510
2.663000 4.425000 0.003498
2.738000 4.425000 0.003486
2.813000 4.425000 0.003474
2.888000 4.425000 0.003462
2.963000 4.425000 0.003450
3.038000 4.425000 0.003439
3.113000 4.425000 0.003429
3.188000 4.425000 0.003419
3.263000 4.425000 0.003411
3.338000 4.425000 0.003403
3.413000 4.425000 0.003396
3.488000 4.425000 0.003390
3.563000 4.425000 0.003385
3.638000 4.425000 0.003381
3.713000 4.425000 0.003378
3.788000 4.425000 0.003377
3.863000 4.425000 0.000000
-0.037500 4.575000 0.000000
0.037500 4.575000 0.002623
0.112500 4.575000 0.002623
0.187500 4.575000 0.002624
0.262500 4.575000 0.002624
0.337500 4.575000 0.002626
0.412500 4.575000 0.002627
0.487500 4.575000 0.002629
0.562500 4.575000 0.002630
0.637500 4.575000 0.002632
0.712500 4.575000 0.002634
0.787500 4.575000 0.002636
0.862500 4.575000 0.002637
0.937500 4.575000 0.002639
1.012000 4.575000 0.002640
1.087000 4.575000 0.002641
1.163000 4.575000 0.002642
1.238000 4.575000 0.002642
1.313000 4.575000 0.002642
1.388000 4.575000 0.002641
1.463000 4.575000 0.002640
1.538000 4.575000 0.002638
1.613000 4.575000 0.002636
1.688000 4.575000 0.002633
1.763000 4.575000 0.002629
1.838000 4.575000 0.002624
1.913000 4.575000 0.002619
1.988000 4.575000 0.002614
2.063000 4.575000 0.002608
2.138000 4.575000 0.002601
2.213000 4.575000 0.002594
2.288000 4.575000 0.002586
2.363000 4.575000 0.002578
2.438000 4.575000 0.002570
2.513000 4.575000 0.002561
2.588000 4.575000 0.002553
2.663000 4.575000 0.002544
2.738000 4.575000 0.002535
2.813000 4.575000 0.002527
2.888000 4.575000 0.002519
2.963000 4.575000 0.002510
3.038000 4.575000 0.002503
3.113000 4.575000 0.002495
3.188000 4.575000 0.002489
3.263000 4.575000 0.002482
3.338000 4.575000 0.002477
3.413000 4.575000 0.002472
3.488000 4.575000 0.002467
3.563000 4.575000 0.002464
3.638000 4.575000 0.002461
3.713000 4.575000 0.002459
3.788000 4.575000 0.002458
3.863000 4.575000 0.000000
-0.037500 4.725000 0.000000
0.037500 4.725000 0.001967
0.112500 4.725000 0.001967
0.187500 4.725000 0.001967
0.262500 4.725000 0.001968
0.337500 4.725000 0.001969
0.412500 4.725000 0.001970
0.487500 4.725000 0.001971
0.562500 4.725000 0.001972
0.637500 4.725000 0.001973
0.712500 4.725000 0.001974
0.787500 4.725000 0.001975
0.862500 4.725000 0.001976
0.937500 4.725000 0.001977
1.012000 4.725000 0.001978
1.087000 4.725000 0.001979
1.163000 4.725000 0.001979
1.238000 4.725000 0.001979
1.313000 4.725000 0.001979
1.388000 4.725000 0.001978
1.463000 4.725000 0.001977
1.538000 4.725000 0.001975
1.613000 4.725000 0.001973
1.688000 4.725000 0.001971
1.763000 4.725000 0.001968
1.838000 4.725000 0.001965
1.913000 4.725000 0.001961
1.988000 4.725000 0.001957
2.063000 4.725000 0.001952
2.138000 4.725000 0.001947
2.213000 4.725000 0.001942
2.288000 4.725000 0.001937
2.363000 4.725000 0.001931
2.438000 4.725000 0.001925
2.513000 4.725000 0.001918
2.588000 4.725000 0.001912
2.663000 4.725000 0.001906
2.738000 4.725000 0.001899
2.813000 4.725000 0.001893
2.888000 4.725000 0.001887
2.963000 4.725000 0.001881
3.038000 4.725000 0.001876
3.113000 4.725000 0.001870
3.188000 4.725000 0.001865
3.263000 4.725000 0.001861
3.338000 4.725000 0.001857
3.413000 4.725000 0.001853
3.488000 4.725000 0.001850
3.563000 4.725000 0.001847
3.638000 4.725000 0.001845
3.713000 4.725000 0.001844
3.788000 4.725000 0.001843
3.863000 4.725000 0.000000
-0.037500 4.875000 0.000000
0.037500 4.875000 0.001565
0.112500 4.875000 0.001565
0.187500 4.875000 0.001566
0.262500 4.875000 0.001566
0.337500 4.875000 0.001567
0.412500 4.875000 0.001567
0.487500 4.875000 0.001568
0.562500 4.875000 0.001569
0.637500 4.875000 0.001570
0.712500 4.875000 0.001570
0.787500 4.875000 0.001571
0.862500 4.875000 0.001572
0.937500 4.875000 0.001573
1.012000 4.875000 0.001573
1.087000 4.875000 0.001573
1.163000 4.875000 0.001573
1.238000 4.875000 0.001573
1.313000 4.875000 0.001573
1.388000 4.875000 0.001572
1.463000 4.875000 0.001571
1.538000 4.875000 0.001570
1.613000 4.875000 0.001569
1.688000 4.875000 0.001567
1.763000 4.875000 0.001564
1.838000 4.875000 0.001562
1.913000 4.875000 0.001559
1.988000 4.875000 0.001555
2.063000 4.875000 0.001552
2.138000 4.875000 0.001548
2.213000 4.875000 0.001544
2.288000 4.875000 0.001539
2.363000 4.875000 0.001535
2.438000 4.875000 0.001530
2.513000 4.875000 0.001525
2.588000 4.875000 0.001520
2.663000 4.875000 0.001515
2.738000 4.875000 0.001511
2.813000 4.875000 0.001506
2.888000 4.875000 0.001501
2.963000 4.875000 0.001496
3.038000 4.875000 0.001492
3.113000 4.875000 0.001488
3.188000 4.875000 0.001484
3.263000 4.875000 0.001480
3.338000 4.875000 0.001477
3.413000 4.875000 0.001474
3.488000 4.875000 0.001472
3.563000 4.875000 0.001470
3.638000 4.875000 0.001468
3.713000 4.875000 0.001467
3.788000 4.875000 0.001467
3.863000 4.875000 0.000000
-0.037500 5.025000 0.000000
0.037500 5.025000 0.001375
0.112500 5.025000 0.001375
0.187500 5.025000 0.001375
0.262500 5.025000 0.001376
0.337500 5.025000 0.001376
0.412500 5.025000 0.001377
0.487500 5.025000 0.001377
0.562500 5.025000 0.001378
0.637500 5.025000 0.001378
0.712500 5.025000 0.001379
0.787500 5.025000 0.001380
0.862500 5.025000 0.001380
0.937500 5.025000 0.001381
1.012000 5.025000 0.001381
1.087000 5.025000 0.001381
1.163000 5.025000 0.001381
1.238000 5.025000 0.001381
1.313000 5.025000 0.001381
1.388000 5.025000 0.001380
1.463000 5.025000 0.001379
1.538000 5.025000 0.001378
1.613000 5.025000 0.001377
1.688000 5.025000 0.001375
1.763000 5.025000 0.001373
1.838000 5.025000 0.001371
1.913000 5.025000 0.001368
1.988000 5.025000 0.001365
2.063000 5.025000 0.001362
2.138000 5.025000 0.001359
2.213000 5.025000 0.001355
2.288000 5.025000 0.001351
2.363000 5.025000 0.001347
2.438000 5.025000 0.001343
2.513000 5.025000 0.001339
2.588000 5.025000 0.001335
2.663000 5.025000 0.001331
2.738000 5.025000 0.001326
2.813000 5.025000 0.001322
2.888000 5.025000 0.001318
2.963000 5.025000 0.001314
3.038000 5.025000 0.001310
3.113000 5.025000 0.001307
3.188000 5.025000 0.001303
3.263000 5.025000 0.001300
3.338000 5.025000 0.001298
3.413000 5.025000 0.001295
3.488000 5.025000 0.001293
3.563000 5.025000 0.001291
3.638000 5.025000 0.001290
3.713000 5.025000 0.001289
3.788000 5.025000 0.001289
3.863000 5.025000 0.000000
-0.037500 5.175000 0.000000
0.037500 5.175000 0.000000
0.112500 5.175000 0.000000
0.187500 5.175000 0.000000
0.262500 5.175000 0.000000
0.337500 5.175000 0.000000
0.412500 5.175000 0.000000
0.487500 5.175000 0.000000
0.562500 5.175000 0.000000
0.637500 5.175000 0.000000
0.712500 5.175000 0.000000
0.787500 5.175000 0.000000
0.862500 5.175000 0.000000
0.937500 5.175000 0.000000
1.012000 5.175000 0.000000
1.087000 5.175000 0.000000
1.163000 5.175000 0.000000
1.238000 5.175000 0.000000
1.313000 5.175000 0.000000
1.388000 5.175000 0.000000
1.463000 5.175000 0.000000
1.538000 5.175000 0.000000
1.613000 5.175000 0.000000
1.688000 5.175000 0.000000
1.763000 5.175000 0.000000
1.838000 5.175000 0.000000
1.913000 5.175000 0.000000
1.988000 5.175000 0.000000
2.063000 5.175000 0.000000
2.138000 5.175000 0.000000
2.213000 5.175000 0.000000
2.288000 5.175000 0.000000
2.363000 5.175000 0.000000
2.438000 5.175000 0.000000
2.513000 5.175000 0.000000
2.588000 5.175000 0.000000
2.663000 5.175000 0.000000
2.738000 5.175000 0.000000
2.813000 5.175000 0.000000
2.888000 5.175000 0.000000
2.963000 5.175000 0.000000
3.038000 5.175000 0.000000
3.113000 5.175000 0.000000
3.188000 5.175000 0.000000
3.263000 5.175000 0.000000
3.338000 5.175000 0.000000
3.413000 5.175000 0.000000
3.488000 5.175000 0.000000
3.563000 5.175000 0.000000
3.638000 5.175000 0.000000
3.713000 5.175000 0.000000
3.788000 5.175000 0.000000
3.863000 5.175000 0.000000
