-0.037500 -0.075000 0.000000
0.037500 -0.075000 0.000000
0.112500 -0.075000 0.000000
0.187500 -0.075000 0.000000
0.262500 -0.075000 0.000000
0.337500 -0.075000 0.000000
0.412500 -0.075000 0.000000
0.487500 -0.075000 0.000000
0.562500 -0.075000 0.000000
0.637500 -0.075000 0.000000
0.712500 -0.075000 0.000000
0.787500 -0.075000 0.000000
0.862500 -0.075000 0.000000
0.937500 -0.075000 0.000000
1.012000 -0.075000 0.000000
1.087000 -0.075000 0.000000
1.163000 -0.075000 0.000000
1.238000 -0.075000 0.000000
1.313000 -0.075000 0.000000
1.388000 -0.075000 0.000000
1.463000 -0.075000 0.000000
1.538000 -0.075000 0.000000
1.613000 -0.075000 0.000000
1.688000 -0.075000 0.000000
1.763000 -0.075000 0.000000
1.838000 -0.075000 0.000000
1.913000 -0.075000 0.000000
1.988000 -0.075000 0.000000
2.063000 -0.075000 0.000000
2.138000 -0.075000 0.000000
2.213000 -0.075000 0.000000
2.288000 -0.075000 0.000000
2.363000 -0.075000 0.000000
2.438000 -0.075000 0.000000
2.513000 -0.075000 0.000000
2.588000 -0.075000 0.000000
2.663000 -0.075000 0.000000
2.738000 -0.075000 0.000000
2.813000 -0.075000 0.000000
2.888000 -0.075000 0.000000
2.963000 -0.075000 0.000000
3.038000 -0.075000 0.000000
3.113000 -0.075000 0.000000
3.188000 -0.075000 0.000000
3.263000 -0.075000 0.000000
3.338000 -0.075000 0.000000
3.413000 -0.075000 0.000000
3.488000 -0.075000 0.000000
3.563000 -0.075000 0.000000
3.638000 -0.075000 0.000000
3.713000 -0.075000 0.000000
3.788000 -0.075000 0.000000
3.863000 -0.075000 0.000000
-0.037500 0.075000 0.000000
0.037500 0.075000 0.002980
0.112500 0.075000 0.005950
0.187500 0.075000 0.008930
0.262500 0.075000 0.011900
0.337500 0.075000 0.014880
0.412500 0.075000 0.017850
0.487500 0.075000 0.020820
0.562500 0.075000 0.023780
0.637500 0.075000 0.026730
0.712500 0.075000 0.029670
0.787500 0.075000 0.032590
0.862500 0.075000 0.035480
0.937500 0.075000 0.038320
1.012000 0.075000 0.041120
1.087000 0.075000 0.043860
1.163000 0.075000 0.046510
1.238000 0.075000 0.049050
1.313000 0.075000 0.051470
1.388000 0.075000 0.053720
1.463000 0.075000 0.055790
1.538000 0.075000 0.057640
1.613000 0.075000 0.059230
1.688000 0.075000 0.060530
1.763000 0.075000 0.061520
1.838000 0.075000 0.062180
1.913000 0.075000 0.062500
1.988000 0.075000 0.062480
2.063000 0.075000 0.062120
2.138000 0.075000 0.061460
2.213000 0.075000 0.060520
2.288000 0.075000 0.059340
2.363000 0.075000 0.057980
2.438000 0.075000 0.056450
2.513000 0.075000 0.054820
2.588000 0.075000 0.053110
2.663000 0.075000 0.051360
2.738000 0.075000 0.049590
2.813000 0.075000 0.047830
2.888000 0.075000 0.046090
2.963000 0.075000 0.044380
3.038000 0.075000 0.042720
3.113000 0.075000 0.041110
3.188000 0.075000 0.039560
3.263000 0.075000 0.038070
3.338000 0.075000 0.036640
3.413000 0.075000 0.035270
3.488000 0.075000 0.033960
3.563000 0.075000 0.032710
3.638000 0.075000 0.031510
3.713000 0.075000 0.030380
3.788000 0.075000 0.029290
3.863000 0.075000 0.000000
-0.037500 0.225000 0.000000
0.037500 0.225000 0.002980
0.112500 0.225000 0.005950
0.187500 0.225000 0.008930
0.262500 0.225000 0.011900
0.337500 0.225000 0.014880
0.412500 0.225000 0.017850
0.487500 0.225000 0.020820
0.562500 0.225000 0.023780
0.637500 0.225000 0.026730
0.712500 0.225000 0.029670
0.787500 0.225000 0.032590
0.862500 0.225000 0.035480
0.937500 0.225000 0.038320
1.012000 0.225000 0.041120
1.087000 0.225000 0.043860
1.163000 0.225000 0.046510
1.238000 0.225000 0.049050
1.313000 0.225000 0.051470
1.388000 0.225000 0.053720
1.463000 0.225000 0.055790
1.538000 0.225000 0.057640
1.613000 0.225000 0.059230
1.688000 0.225000 0.060530
1.763000 0.225000 0.061520
1.838000 0.225000 0.062180
1.913000 0.225000 0.062500
1.988000 0.225000 0.062480
2.063000 0.225000 0.062120
2.138000 0.225000 0.061460
2.213000 0.225000 0.060520
2.288000 0.225000 0.059340
2.363000 0.225000 0.057980
2.438000 0.225000 0.056450
2.513000 0.225000 0.054820
2.588000 0.225000 0.053110
2.663000 0.225000 0.051360
2.738000 0.225000 0.049590
2.813000 0.225000 0.047830
2.888000 0.225000 0.046090
2.963000 0.225000 0.044380
3.038000 0.225000 0.042720
3.113000 0.225000 0.041110
3.188000 0.225000 0.039560
3.263000 0.225000 0.038070
3.338000 0.225000 0.036640
3.413000 0.225000 0.035270
3.488000 0.225000 0.033960
3.563000 0.225000 0.032710
3.638000 0.225000 0.031510
3.713000 0.225000 0.030380
3.788000 0.225000 0.029290
3.863000 0.225000 0.000000
-0.037500 0.375000 0.000000
0.037500 0.375000 0.125900
0.112500 0.375000 0.126800
0.187500 0.375000 0.128300
0.262500 0.375000 0.130200
0.337500 0.375000 0.132400
0.412500 0.375000 0.134800
0.487500 0.375000 0.137300
0.562500 0.375000 0.140000
0.637500 0.375000 0.142700
0.712500 0.375000 0.145500
0.787500 0.375000 0.148400
0.862500 0.375000 0.151200
0.937500 0.375000 0.154000
1.012000 0.375000 0.156700
1.087000 0.375000 0.159400
1.163000 0.375000 0.162000
1.238000 0.375000 0.164400
1.313000 0.375000 0.166700
1.388000 0.375000 0.168800
1.463000 0.375000 0.170600
1.538000 0.375000 0.172300
1.613000 0.375000 0.173600
1.688000 0.375000 0.174600
1.763000 0.375000 0.175300
1.838000 0.375000 0.175700
1.913000 0.375000 0.175800
1.988000 0.375000 0.175500
2.063000 0.375000 0.174900
2.138000 0.375000 0.174000
2.213000 0.375000 0.172800
2.288000 0.375000 0.171400
2.363000 0.375000 0.169800
2.438000 0.375000 0.168000
2.513000 0.375000 0.166000
2.588000 0.375000 0.164000
2.663000 0.375000 0.161900
2.738000 0.375000 0.159700
2.813000 0.375000 0.157600
2.888000 0.375000 0.155500
2.963000 0.375000 0.153400
3.038000 0.375000 0.151300
3.113000 0.375000 0.149300
3.188000 0.375000 0.147400
3.263000 0.375000 0.145700
3.338000 0.375000 0.144000
3.413000 0.375000 0.142400
3.488000 0.375000 0.141100
3.563000 0.375000 0.139800
3.638000 0.375000 0.138800
3.713000 0.375000 0.138000
3.788000 0.375000 0.137600
3.863000 0.375000 0.000000
-0.037500 0.525000 0.000000
0.037500 0.525000 0.233700
0.112500 0.525000 0.234100
0.187500 0.525000 0.235000
0.262500 0.525000 0.236200
0.337500 0.525000 0.237700
0.412500 0.525000 0.239400
0.487500 0.525000 0.241400
0.562500 0.525000 0.243400
0.637500 0.525000 0.245600
0.712500 0.525000 0.247900
0.787500 0.525000 0.250200
0.862500 0.525000 0.252500
0.937500 0.525000 0.254900
1.012000 0.525000 0.257100
1.087000 0.525000 0.259300
1.163000 0.525000 0.261400
1.238000 0.525000 0.263400
1.313000 0.525000 0.265200
1.388000 0.525000 0.266800
1.463000 0.525000 0.268200
1.538000 0.525000 0.269400
1.613000 0.525000 0.270300
1.688000 0.525000 0.271000
1.763000 0.525000 0.271300
1.838000 0.525000 0.271400
1.913000 0.525000 0.271200
1.988000 0.525000 0.270700
2.063000 0.525000 0.269900
2.138000 0.525000 0.268800
2.213000 0.525000 0.267500
2.288000 0.525000 0.266000
2.363000 0.525000 0.264300
2.438000 0.525000 0.262400
2.513000 0.525000 0.260400
2.588000 0.525000 0.258300
2.663000 0.525000 0.256200
2.738000 0.525000 0.254000
2.813000 0.525000 0.251700
2.888000 0.525000 0.249500
2.963000 0.525000 0.247300
3.038000 0.525000 0.245200
3.113000 0.525000 0.243200
3.188000 0.525000 0.241300
3.263000 0.525000 0.239500
3.338000 0.525000 0.237900
3.413000 0.525000 0.236400
3.488000 0.525000 0.235100
3.563000 0.525000 0.234000
3.638000 0.525000 0.233200
3.713000 0.525000 0.232600
3.788000 0.525000 0.232200
3.863000 0.525000 0.000000
-0.037500 0.675000 0.000000
0.037500 0.675000 0.294600
0.112500 0.675000 0.294900
0.187500 0.675000 0.295500
0.262500 0.675000 0.296300
0.337500 0.675000 0.297300
0.412500 0.675000 0.298500
0.487500 0.675000 0.299900
0.562500 0.675000 0.301500
0.637500 0.675000 0.303100
0.712500 0.675000 0.304900
0.787500 0.675000 0.306700
0.862500 0.675000 0.308500
0.937500 0.675000 0.310300
1.012000 0.675000 0.312000
1.087000 0.675000 0.313700
1.163000 0.675000 0.315300
1.238000 0.675000 0.316800
1.313000 0.675000 0.318200
1.388000 0.675000 0.319300
1.463000 0.675000 0.320300
1.538000 0.675000 0.321100
1.613000 0.675000 0.321700
1.688000 0.675000 0.322000
1.763000 0.675000 0.322100
1.838000 0.675000 0.321900
1.913000 0.675000 0.321500
1.988000 0.675000 0.320900
2.063000 0.675000 0.320000
2.138000 0.675000 0.318900
2.213000 0.675000 0.317600
2.288000 0.675000 0.316200
2.363000 0.675000 0.314500
2.438000 0.675000 0.312700
2.513000 0.675000 0.310800
2.588000 0.675000 0.308800
2.663000 0.675000 0.306800
2.738000 0.675000 0.304700
2.813000 0.675000 0.302600
2.888000 0.675000 0.300500
2.963000 0.675000 0.298400
3.038000 0.675000 0.296500
3.113000 0.675000 0.294600
3.188000 0.675000 0.292800
3.263000 0.675000 0.291100
3.338000 0.675000 0.289600
3.413000 0.675000 0.288300
3.488000 0.675000 0.287200
3.563000 0.675000 0.286200
3.638000 0.675000 0.285500
3.713000 0.675000 0.285100
3.788000 0.675000 0.284800
3.863000 0.675000 0.000000
-0.037500 0.825000 0.000000
0.037500 0.825000 0.317900
0.112500 0.825000 0.318200
0.187500 0.825000 0.318600
0.262500 0.825000 0.319300
0.337500 0.825000 0.320200
0.412500 0.825000 0.321300
0.487500 0.825000 0.322500
0.562500 0.825000 0.323800
0.637500 0.825000 0.325300
0.712500 0.825000 0.326800
0.787500 0.825000 0.328400
0.862500 0.825000 0.330000
0.937500 0.825000 0.331600
1.012000 0.825000 0.333200
1.087000 0.825000 0.334700
1.163000 0.825000 0.336100
1.238000 0.825000 0.337400
1.313000 0.825000 0.338500
1.388000 0.825000 0.339600
1.463000 0.825000 0.340400
1.538000 0.825000 0.341000
1.613000 0.825000 0.341400
1.688000 0.825000 0.341700
1.763000 0.825000 0.341600
1.838000 0.825000 0.341400
1.913000 0.825000 0.340900
1.988000 0.825000 0.340200
2.063000 0.825000 0.339300
2.138000 0.825000 0.338200
2.213000 0.825000 0.336900
2.288000 0.825000 0.335400
2.363000 0.825000 0.333800
2.438000 0.825000 0.332100
2.513000 0.825000 0.330200
2.588000 0.825000 0.328200
2.663000 0.825000 0.326200
2.738000 0.825000 0.324200
2.813000 0.825000 0.322100
2.888000 0.825000 0.320100
2.963000 0.825000 0.318100
3.038000 0.825000 0.316200
3.113000 0.825000 0.314300
3.188000 0.825000 0.312600
3.263000 0.825000 0.311000
3.338000 0.825000 0.309600
3.413000 0.825000 0.308300
3.488000 0.825000 0.307200
3.563000 0.825000 0.306300
3.638000 0.825000 0.305700
3.713000 0.825000 0.305200
3.788000 0.825000 0.305000
3.863000 0.825000 0.000000
-0.037500 0.975000 0.000000
0.037500 0.975000 0.334200
0.112500 0.975000 0.334400
0.187500 0.975000 0.334800
0.262500 0.975000 0.335400
0.337500 0.975000 0.336200
0.412500 0.975000 0.337200
0.487500 0.975000 0.338300
0.562500 0.975000 0.339500
0.637500 0.975000 0.340800
0.712500 0.975000 0.342200
0.787500 0.975000 0.343700
0.862500 0.975000 0.345100
0.937500 0.975000 0.346600
1.012000 0.975000 0.348000
1.087000 0.975000 0.349400
1.163000 0.975000 0.350700
1.238000 0.975000 0.351800
1.313000 0.975000 0.352900
1.388000 0.975000 0.353700
1.463000 0.975000 0.354500
1.538000 0.975000 0.355000
1.613000 0.975000 0.355300
1.688000 0.975000 0.355500
1.763000 0.975000 0.355400
1.838000 0.975000 0.355100
1.913000 0.975000 0.354500
1.988000 0.975000 0.353800
2.063000 0.975000 0.352900
2.138000 0.975000 0.351800
2.213000 0.975000 0.350500
2.288000 0.975000 0.349000
2.363000 0.975000 0.347400
2.438000 0.975000 0.345600
2.513000 0.975000 0.343800
2.588000 0.975000 0.341800
2.663000 0.975000 0.339900
2.738000 0.975000 0.337900
2.813000 0.975000 0.335800
2.888000 0.975000 0.333800
2.963000 0.975000 0.331900
3.038000 0.975000 0.330000
3.113000 0.975000 0.328200
3.188000 0.975000 0.326500
3.263000 0.975000 0.324900
3.338000 0.975000 0.323500
3.413000 0.975000 0.322300
3.488000 0.975000 0.321200
3.563000 0.975000 0.320400
3.638000 0.975000 0.319700
3.713000 0.975000 0.319300
3.788000 0.975000 0.319100
3.863000 0.975000 0.000000
-0.037500 1.125000 0.000000
0.037500 1.125000 0.343700
0.112500 1.125000 0.343900
0.187500 1.125000 0.344300
0.262500 1.125000 0.344900
0.337500 1.125000 0.345600
0.412500 1.125000 0.346500
0.487500 1.125000 0.347500
0.562500 1.125000 0.348700
0.637500 1.125000 0.349900
0.712500 1.125000 0.351300
0.787500 1.125000 0.352600
0.862500 1.125000 0.354000
0.937500 1.125000 0.355400
1.012000 1.125000 0.356700
1.087000 1.125000 0.358000
1.163000 1.125000 0.359200
1.238000 1.125000 0.360300
1.313000 1.125000 0.361300
1.388000 1.125000 0.362100
1.463000 1.125000 0.362800
1.538000 1.125000 0.363200
1.613000 1.125000 0.363500
1.688000 1.125000 0.363600
1.763000 1.125000 0.363500
1.838000 1.125000 0.363100
1.913000 1.125000 0.362600
1.988000 1.125000 0.361800
2.063000 1.125000 0.360900
2.138000 1.125000 0.359700
2.213000 1.125000 0.358400
2.288000 1.125000 0.357000
2.363000 1.125000 0.355300
2.438000 1.125000 0.353600
2.513000 1.125000 0.351800
2.588000 1.125000 0.349800
2.663000 1.125000 0.347900
2.738000 1.125000 0.345900
2.813000 1.125000 0.343900
2.888000 1.125000 0.341900
2.963000 1.125000 0.339900
3.038000 1.125000 0.338100
3.113000 1.125000 0.336300
3.188000 1.125000 0.334600
3.263000 1.125000 0.333100
3.338000 1.125000 0.331700
3.413000 1.125000 0.330400
3.488000 1.125000 0.329400
3.563000 1.125000 0.328500
3.638000 1.125000 0.327900
3.713000 1.125000 0.327500
3.788000 1.125000 0.327300
3.863000 1.125000 0.000000
-0.037500 1.275000 0.000000
0.037500 1.275000 0.349500
0.112500 1.275000 0.349700
0.187500 1.275000 0.350100
0.262500 1.275000 0.350600
0.337500 1.275000 0.351400
0.412500 1.275000 0.352200
0.487500 1.275000 0.353300
0.562500 1.275000 0.354400
0.637500 1.275000 0.355600
0.712500 1.275000 0.356900
0.787500 1.275000 0.358300
0.862500 1.275000 0.359700
0.937500 1.275000 0.361000
1.012000 1.275000 0.362300
1.087000 1.275000 0.363600
1.163000 1.275000 0.364800
1.238000 1.275000 0.365900
1.313000 1.275000 0.366800
1.388000 1.275000 0.367600
1.463000 1.275000 0.368300
1.538000 1.275000 0.368700
1.613000 1.275000 0.369000
1.688000 1.275000 0.369000
1.763000 1.275000 0.368900
1.838000 1.275000 0.368500
1.913000 1.275000 0.367900
1.988000 1.275000 0.367200
2.063000 1.275000 0.366200
2.138000 1.275000 0.365000
2.213000 1.275000 0.363700
2.288000 1.275000 0.362200
2.363000 1.275000 0.360500
2.438000 1.275000 0.358800
2.513000 1.275000 0.356900
2.588000 1.275000 0.355000
2.663000 1.275000 0.353000
2.738000 1.275000 0.351000
2.813000 1.275000 0.348900
2.888000 1.275000 0.346900
2.963000 1.275000 0.345000
3.038000 1.275000 0.343100
3.113000 1.275000 0.341300
3.188000 1.275000 0.339600
3.263000 1.275000 0.338000
3.338000 1.275000 0.336600
3.413000 1.275000 0.335400
3.488000 1.275000 0.334300
3.563000 1.275000 0.333500
3.638000 1.275000 0.332800
3.713000 1.275000 0.332400
3.788000 1.275000 0.332200
3.863000 1.275000 0.000000
-0.037500 1.425000 0.000000
0.037500 1.425000 0.343500
0.112500 1.425000 0.343700
0.187500 1.425000 0.344000
0.262500 1.425000 0.344500
0.337500 1.425000 0.345200
0.412500 1.425000 0.346000
0.487500 1.425000 0.347000
0.562500 1.425000 0.348000
0.637500 1.425000 0.349200
0.712500 1.425000 0.350400
0.787500 1.425000 0.351600
0.862500 1.425000 0.352900
0.937500 1.425000 0.354100
1.012000 1.425000 0.355300
1.087000 1.425000 0.356500
1.163000 1.425000 0.357600
1.238000 1.425000 0.358600
1.313000 1.425000 0.359400
1.388000 1.425000 0.360200
1.463000 1.425000 0.360700
1.538000 1.425000 0.361100
1.613000 1.425000 0.361300
1.688000 1.425000 0.361300
1.763000 1.425000 0.361200
1.838000 1.425000 0.360800
1.913000 1.425000 0.360200
1.988000 1.425000 0.359400
2.063000 1.425000 0.358500
2.138000 1.425000 0.357300
2.213000 1.425000 0.356000
2.288000 1.425000 0.354600
2.363000 1.425000 0.353000
2.438000 1.425000 0.351300
2.513000 1.425000 0.349500
2.588000 1.425000 0.347600
2.663000 1.425000 0.345700
2.738000 1.425000 0.343800
2.813000 1.425000 0.341800
2.888000 1.425000 0.339900
2.963000 1.425000 0.338000
3.038000 1.425000 0.336200
3.113000 1.425000 0.334500
3.188000 1.425000 0.332900
3.263000 1.425000 0.331400
3.338000 1.425000 0.330000
3.413000 1.425000 0.328900
3.488000 1.425000 0.327900
3.563000 1.425000 0.327100
3.638000 1.425000 0.326500
3.713000 1.425000 0.326100
3.788000 1.425000 0.325900
3.863000 1.425000 0.000000
-0.037500 1.575000 0.000000
0.037500 1.575000 0.325800
0.112500 1.575000 0.326000
0.187500 1.575000 0.326300
0.262500 1.575000 0.326700
0.337500 1.575000 0.327300
0.412500 1.575000 0.328000
0.487500 1.575000 0.328900
0.562500 1.575000 0.329800
0.637500 1.575000 0.330800
0.712500 1.575000 0.331800
0.787500 1.575000 0.332900
0.862500 1.575000 0.334000
0.937500 1.575000 0.335100
1.012000 1.575000 0.336200
1.087000 1.575000 0.337200
1.163000 1.575000 0.338100
1.238000 1.575000 0.339000
1.313000 1.575000 0.339700
1.388000 1.575000 0.340300
1.463000 1.575000 0.340800
1.538000 1.575000 0.341100
1.613000 1.575000 0.341300
1.688000 1.575000 0.341300
1.763000 1.575000 0.341100
1.838000 1.575000 0.340700
1.913000 1.575000 0.340100
1.988000 1.575000 0.339400
2.063000 1.575000 0.338500
2.138000 1.575000 0.337400
2.213000 1.575000 0.336200
2.288000 1.575000 0.334900
2.363000 1.575000 0.333400
2.438000 1.575000 0.331800
2.513000 1.575000 0.330200
2.588000 1.575000 0.328500
2.663000 1.575000 0.326700
2.738000 1.575000 0.324900
2.813000 1.575000 0.323100
2.888000 1.575000 0.321400
2.963000 1.575000 0.319600
3.038000 1.575000 0.318000
3.113000 1.575000 0.316400
3.188000 1.575000 0.314900
3.263000 1.575000 0.313600
3.338000 1.575000 0.312400
3.413000 1.575000 0.311300
3.488000 1.575000 0.310400
3.563000 1.575000 0.309700
3.638000 1.575000 0.309100
3.713000 1.575000 0.308800
3.788000 1.575000 0.308600
3.863000 1.575000 0.000000
-0.037500 1.725000 0.000000
0.037500 1.725000 0.299500
0.112500 1.725000 0.299700
0.187500 1.725000 0.299900
0.262500 1.725000 0.300300
0.337500 1.725000 0.300800
0.412500 1.725000 0.301400
0.487500 1.725000 0.302100
0.562500 1.725000 0.302900
0.637500 1.725000 0.303700
0.712500 1.725000 0.304600
0.787500 1.725000 0.305500
0.862500 1.725000 0.306400
0.937500 1.725000 0.307300
1.012000 1.725000 0.308200
1.087000 1.725000 0.309000
1.163000 1.725000 0.309800
1.238000 1.725000 0.310500
1.313000 1.725000 0.311100
1.388000 1.725000 0.311600
1.463000 1.725000 0.311900
1.538000 1.725000 0.312200
1.613000 1.725000 0.312300
1.688000 1.725000 0.312200
1.763000 1.725000 0.312000
1.838000 1.725000 0.311600
1.913000 1.725000 0.311100
1.988000 1.725000 0.310400
2.063000 1.725000 0.309600
2.138000 1.725000 0.308700
2.213000 1.725000 0.307600
2.288000 1.725000 0.306400
2.363000 1.725000 0.305100
2.438000 1.725000 0.303700
2.513000 1.725000 0.302200
2.588000 1.725000 0.300700
2.663000 1.725000 0.299200
2.738000 1.725000 0.297600
2.813000 1.725000 0.296000
2.888000 1.725000 0.294500
2.963000 1.725000 0.293000
3.038000 1.725000 0.291500
3.113000 1.725000 0.290200
3.188000 1.725000 0.288900
3.263000 1.725000 0.287700
3.338000 1.725000 0.286600
3.413000 1.725000 0.285700
3.488000 1.725000 0.284900
3.563000 1.725000 0.284300
3.638000 1.725000 0.283800
3.713000 1.725000 0.283500
3.788000 1.725000 0.283400
3.863000 1.725000 0.000000
-0.037500 1.875000 0.000000
0.037500 1.875000 0.267700
0.112500 1.875000 0.267800
0.187500 1.875000 0.268000
0.262500 1.875000 0.268300
0.337500 1.875000 0.268700
0.412500 1.875000 0.269100
0.487500 1.875000 0.269700
0.562500 1.875000 0.270300
0.637500 1.875000 0.270900
0.712500 1.875000 0.271600
0.787500 1.875000 0.272300
0.862500 1.875000 0.273000
0.937500 1.875000 0.273700
1.012000 1.875000 0.274400
1.087000 1.875000 0.275100
1.163000 1.875000 0.275700
1.238000 1.875000 0.276200
1.313000 1.875000 0.276600
1.388000 1.875000 0.277000
1.463000 1.875000 0.277200
1.538000 1.875000 0.277400
1.613000 1.875000 0.277400
1.688000 1.875000 0.277300
1.763000 1.875000 0.277100
1.838000 1.875000 0.276800
1.913000 1.875000 0.276300
1.988000 1.875000 0.275700
2.063000 1.875000 0.275000
2.138000 1.875000 0.274200
2.213000 1.875000 0.273200
2.288000 1.875000 0.272200
2.363000 1.875000 0.271100
2.438000 1.875000 0.269900
2.513000 1.875000 0.268700
2.588000 1.875000 0.267400
2.663000 1.875000 0.266100
2.738000 1.875000 0.264800
2.813000 1.875000 0.263500
2.888000 1.875000 0.262200
2.963000 1.875000 0.261000
3.038000 1.875000 0.259800
3.113000 1.875000 0.258600
3.188000 1.875000 0.257500
3.263000 1.875000 0.256600
3.338000 1.875000 0.255700
3.413000 1.875000 0.254900
3.488000 1.875000 0.254300
3.563000 1.875000 0.253800
3.638000 1.875000 0.253400
3.713000 1.875000 0.253100
3.788000 1.875000 0.253000
3.863000 1.875000 0.000000
-0.037500 2.025000 0.000000
0.037500 2.025000 0.232800
0.112500 2.025000 0.232800
0.187500 2.025000 0.233000
0.262500 2.025000 0.233200
0.337500 2.025000 0.233500
0.412500 2.025000 0.233800
0.487500 2.025000 0.234200
0.562500 2.025000 0.234600
0.637500 2.025000 0.235100
0.712500 2.025000 0.235600
0.787500 2.025000 0.236100
0.862500 2.025000 0.236600
0.937500 2.025000 0.237100
1.012000 2.025000 0.237600
1.087000 2.025000 0.238100
1.163000 2.025000 0.238500
1.238000 2.025000 0.238800
1.313000 2.025000 0.239100
1.388000 2.025000 0.239300
1.463000 2.025000 0.239500
1.538000 2.025000 0.239500
1.613000 2.025000 0.239500
1.688000 2.025000 0.239400
1.763000 2.025000 0.239200
1.838000 2.025000 0.238800
1.913000 2.025000 0.238400
1.988000 2.025000 0.237900
2.063000 2.025000 0.237300
2.138000 2.025000 0.236700
2.213000 2.025000 0.235900
2.288000 2.025000 0.235100
2.363000 2.025000 0.234200
2.438000 2.025000 0.233200
2.513000 2.025000 0.232300
2.588000 2.025000 0.231200
2.663000 2.025000 0.230200
2.738000 2.025000 0.229200
2.813000 2.025000 0.228100
2.888000 2.025000 0.227100
2.963000 2.025000 0.226100
3.038000 2.025000 0.225200
3.113000 2.025000 0.224300
3.188000 2.025000 0.223400
3.263000 2.025000 0.222700
3.338000 2.025000 0.222000
3.413000 2.025000 0.221400
3.488000 2.025000 0.220900
3.563000 2.025000 0.220400
3.638000 2.025000 0.220100
3.713000 2.025000 0.219900
3.788000 2.025000 0.219800
3.863000 2.025000 0.000000
-0.037500 2.175000 0.000000
0.037500 2.175000 0.197100
0.112500 2.175000 0.197100
0.187500 2.175000 0.197200
0.262500 2.175000 0.197300
0.337500 2.175000 0.197500
0.412500 2.175000 0.197700
0.487500 2.175000 0.198000
0.562500 2.175000 0.198200
0.637500 2.175000 0.198500
0.712500 2.175000 0.198800
0.787500 2.175000 0.199100
0.862500 2.175000 0.199400
0.937500 2.175000 0.199700
1.012000 2.175000 0.200000
1.087000 2.175000 0.200200
1.163000 2.175000 0.200500
1.238000 2.175000 0.200700
1.313000 2.175000 0.200800
1.388000 2.175000 0.200900
1.463000 2.175000 0.200900
1.538000 2.175000 0.200900
1.613000 2.175000 0.200800
1.688000 2.175000 0.200700
1.763000 2.175000 0.200400
1.838000 2.175000 0.200200
1.913000 2.175000 0.199800
1.988000 2.175000 0.199400
2.063000 2.175000 0.198900
2.138000 2.175000 0.198400
2.213000 2.175000 0.197800
2.288000 2.175000 0.197200
2.363000 2.175000 0.196500
2.438000 2.175000 0.195800
2.513000 2.175000 0.195100
2.588000 2.175000 0.194300
2.663000 2.175000 0.193600
2.738000 2.175000 0.192800
2.813000 2.175000 0.192100
2.888000 2.175000 0.191300
2.963000 2.175000 0.190600
3.038000 2.175000 0.189900
3.113000 2.175000 0.189200
3.188000 2.175000 0.188600
3.263000 2.175000 0.188100
3.338000 2.175000 0.187600
3.413000 2.175000 0.187200
3.488000 2.175000 0.186800
3.563000 2.175000 0.186500
3.638000 2.175000 0.186300
3.713000 2.175000 0.186100
3.788000 2.175000 0.186100
3.863000 2.175000 0.000000
-0.037500 2.325000 0.000000
0.037500 2.325000 0.174000
0.112500 2.325000 0.174000
0.187500 2.325000 0.174100
0.262500 2.325000 0.174100
0.337500 2.325000 0.174300
0.412500 2.325000 0.174400
0.487500 2.325000 0.174500
0.562500 2.325000 0.174700
0.637500 2.325000 0.174800
0.712500 2.325000 0.175000
0.787500 2.325000 0.175200
0.862500 2.325000 0.175300
0.937500 2.325000 0.175500
1.012000 2.325000 0.175600
1.087000 2.325000 0.175800
1.163000 2.325000 0.175900
1.238000 2.325000 0.175900
1.313000 2.325000 0.176000
1.388000 2.325000 0.176000
1.463000 2.325000 0.176000
1.538000 2.325000 0.175900
1.613000 2.325000 0.175800
1.688000 2.325000 0.175600
1.763000 2.325000 0.175400
1.838000 2.325000 0.175100
1.913000 2.325000 0.174800
1.988000 2.325000 0.174500
2.063000 2.325000 0.174100
2.138000 2.325000 0.173600
2.213000 2.325000 0.173200
2.288000 2.325000 0.172700
2.363000 2.325000 0.172200
2.438000 2.325000 0.171600
2.513000 2.325000 0.171000
2.588000 2.325000 0.170500
2.663000 2.325000 0.169900
2.738000 2.325000 0.169300
2.813000 2.325000 0.168700
2.888000 2.325000 0.168200
2.963000 2.325000 0.167600
3.038000 2.325000 0.167100
3.113000 2.325000 0.166600
3.188000 2.325000 0.166200
3.263000 2.325000 0.165800
3.338000 2.325000 0.165400
3.413000 2.325000 0.165100
3.488000 2.325000 0.164800
3.563000 2.325000 0.164600
3.638000 2.325000 0.164500
3.713000 2.325000 0.164300
3.788000 2.325000 0.164300
3.863000 2.325000 0.000000
-0.037500 2.475000 0.000000
0.037500 2.475000 0.163000
0.112500 2.475000 0.163000
0.187500 2.475000 0.163000
0.262500 2.475000 0.163100
0.337500 2.475000 0.163200
0.412500 2.475000 0.163300
0.487500 2.475000 0.163400
0.562500 2.475000 0.163500
0.637500 2.475000 0.163600
0.712500 2.475000 0.163700
0.787500 2.475000 0.163900
0.862500 2.475000 0.164000
0.937500 2.475000 0.164100
1.012000 2.475000 0.164200
1.087000 2.475000 0.164300
1.163000 2.475000 0.164300
1.238000 2.475000 0.164400
1.313000 2.475000 0.164400
1.388000 2.475000 0.164400
1.463000 2.475000 0.164300
1.538000 2.475000 0.164200
1.613000 2.475000 0.164100
1.688000 2.475000 0.163900
1.763000 2.475000 0.163700
1.838000 2.475000 0.163400
1.913000 2.475000 0.163200
1.988000 2.475000 0.162800
2.063000 2.475000 0.162500
2.138000 2.475000 0.162100
2.213000 2.475000 0.161700
2.288000 2.475000 0.161200
2.363000 2.475000 0.160800
2.438000 2.475000 0.160300
2.513000 2.475000 0.159800
2.588000 2.475000 0.159300
2.663000 2.475000 0.158800
2.738000 2.475000 0.158300
2.813000 2.475000 0.157800
2.888000 2.475000 0.157300
2.963000 2.475000 0.156800
3.038000 2.475000 0.156400
3.113000 2.475000 0.156000
3.188000 2.475000 0.155600
3.263000 2.475000 0.155200
3.338000 2.475000 0.154900
3.413000 2.475000 0.154600
3.488000 2.475000 0.154400
3.563000 2.475000 0.154200
3.638000 2.475000 0.154100
3.713000 2.475000 0.154000
3.788000 2.475000 0.153900
3.863000 2.475000 0.000000
-0.037500 2.625000 0.000000
0.037500 2.625000 0.152700
0.112500 2.625000 0.152700
0.187500 2.625000 0.152700
0.262500 2.625000 0.152800
0.337500 2.625000 0.152800
0.412500 2.625000 0.152900
0.487500 2.625000 0.153000
0.562500 2.625000 0.153100
0.637500 2.625000 0.153200
0.712500 2.625000 0.153300
0.787500 2.625000 0.153400
0.862500 2.625000 0.153500
0.937500 2.625000 0.153500
1.012000 2.625000 0.153600
1.087000 2.625000 0.153700
1.163000 2.625000 0.153700
1.238000 2.625000 0.153700
1.313000 2.625000 0.153700
1.388000 2.625000 0.153600
1.463000 2.625000 0.153600
1.538000 2.625000 0.153500
1.613000 2.625000 0.153300
1.688000 2.625000 0.153200
1.763000 2.625000 0.153000
1.838000 2.625000 0.152700
1.913000 2.625000 0.152500
1.988000 2.625000 0.152200
2.063000 2.625000 0.151800
2.138000 2.625000 0.151500
2.213000 2.625000 0.151100
2.288000 2.625000 0.150700
2.363000 2.625000 0.150300
2.438000 2.625000 0.149900
2.513000 2.625000 0.149400
2.588000 2.625000 0.149000
2.663000 2.625000 0.148500
2.738000 2.625000 0.148100
2.813000 2.625000 0.147600
2.888000 2.625000 0.147200
2.963000 2.625000 0.146800
3.038000 2.625000 0.146400
3.113000 2.625000 0.146000
3.188000 2.625000 0.145700
3.263000 2.625000 0.145400
3.338000 2.625000 0.145100
3.413000 2.625000 0.144800
3.488000 2.625000 0.144600
3.563000 2.625000 0.144500
3.638000 2.625000 0.144300
3.713000 2.625000 0.144300
3.788000 2.625000 0.144200
3.863000 2.625000 0.000000
-0.037500 2.775000 0.000000
0.037500 2.775000 0.143200
0.112500 2.775000 0.143200
0.187500 2.775000 0.143200
0.262500 2.775000 0.143300
0.337500 2.775000 0.143300
0.412500 2.775000 0.143400
0.487500 2.775000 0.143500
0.562500 2.775000 0.143500
0.637500 2.775000 0.143600
0.712500 2.775000 0.143700
0.787500 2.775000 0.143800
0.862500 2.775000 0.143800
0.937500 2.775000 0.143900
1.012000 2.775000 0.144000
1.087000 2.775000 0.144000
1.163000 2.775000 0.144000
1.238000 2.775000 0.144000
1.313000 2.775000 0.144000
1.388000 2.775000 0.143900
1.463000 2.775000 0.143900
1.538000 2.775000 0.143800
1.613000 2.775000 0.143600
1.688000 2.775000 0.143500
1.763000 2.775000 0.143300
1.838000 2.775000 0.143100
1.913000 2.775000 0.142800
1.988000 2.775000 0.142500
2.063000 2.775000 0.142200
2.138000 2.775000 0.141900
2.213000 2.775000 0.141500
2.288000 2.775000 0.141200
2.363000 2.775000 0.140800
2.438000 2.775000 0.140400
2.513000 2.775000 0.140000
2.588000 2.775000 0.139600
2.663000 2.775000 0.139200
2.738000 2.775000 0.138800
2.813000 2.775000 0.138400
2.888000 2.775000 0.138000
2.963000 2.775000 0.137600
3.038000 2.775000 0.137200
3.113000 2.775000 0.136900
3.188000 2.775000 0.136600
3.263000 2.775000 0.136300
3.338000 2.775000 0.136000
3.413000 2.775000 0.135800
3.488000 2.775000 0.135600
3.563000 2.775000 0.135500
3.638000 2.775000 0.135400
3.713000 2.775000 0.135300
3.788000 2.775000 0.135300
3.863000 2.775000 0.000000
-0.037500 2.925000 0.000000
0.037500 2.925000 0.126000
0.112500 2.925000 0.126000
0.187500 2.925000 0.126100
0.262500 2.925000 0.126100
0.337500 2.925000 0.126100
0.412500 2.925000 0.126200
0.487500 2.925000 0.126300
0.562500 2.925000 0.126300
0.637500 2.925000 0.126400
0.712500 2.925000 0.126400
0.787500 2.925000 0.126500
0.862500 2.925000 0.126600
0.937500 2.925000 0.126600
1.012000 2.925000 0.126700
1.087000 2.925000 0.126700
1.163000 2.925000 0.126700
1.238000 2.925000 0.126700
1.313000 2.925000 0.126700
1.388000 2.925000 0.126600
1.463000 2.925000 0.126600
1.538000 2.925000 0.126500
1.613000 2.925000 0.126300
1.688000 2.925000 0.126200
1.763000 2.925000 0.126000
1.838000 2.925000 0.125800
1.913000 2.925000 0.125600
1.988000 2.925000 0.125400
2.063000 2.925000 0.125100
2.138000 2.925000 0.124800
2.213000 2.925000 0.124500
2.288000 2.925000 0.124200
2.363000 2.925000 0.123800
2.438000 2.925000 0.123500
2.513000 2.925000 0.123100
2.588000 2.925000 0.122800
2.663000 2.925000 0.122400
2.738000 2.925000 0.122100
2.813000 2.925000 0.121700
2.888000 2.925000 0.121400
2.963000 2.925000 0.121000
3.038000 2.925000 0.120700
3.113000 2.925000 0.120400
3.188000 2.925000 0.120200
3.263000 2.925000 0.119900
3.338000 2.925000 0.119700
3.413000 2.925000 0.119500
3.488000 2.925000 0.119300
3.563000 2.925000 0.119200
3.638000 2.925000 0.119100
3.713000 2.925000 0.119000
3.788000 2.925000 0.119000
3.863000 2.925000 0.000000
-0.037500 3.075000 0.000000
0.037500 3.075000 0.103300
0.112500 3.075000 0.103300
0.187500 3.075000 0.103400
0.262500 3.075000 0.103400
0.337500 3.075000 0.103400
0.412500 3.075000 0.103500
0.487500 3.075000 0.103500
0.562500 3.075000 0.103600
0.637500 3.075000 0.103600
0.712500 3.075000 0.103700
0.787500 3.075000 0.103700
0.862500 3.075000 0.103700
0.937500 3.075000 0.103800
1.012000 3.075000 0.103800
1.087000 3.075000 0.103800
1.163000 3.075000 0.103800
1.238000 3.075000 0.103800
1.313000 3.075000 0.103800
1.388000 3.075000 0.103800
1.463000 3.075000 0.103700
1.538000 3.075000 0.103600
1.613000 3.075000 0.103500
1.688000 3.075000 0.103400
1.763000 3.075000 0.103300
1.838000 3.075000 0.103100
1.913000 3.075000 0.102900
1.988000 3.075000 0.102700
2.063000 3.075000 0.102500
2.138000 3.075000 0.102300
2.213000 3.075000 0.102000
2.288000 3.075000 0.101700
2.363000 3.075000 0.101500
2.438000 3.075000 0.101200
2.513000 3.075000 0.100900
2.588000 3.075000 0.100600
2.663000 3.075000 0.100300
2.738000 3.075000 0.100000
2.813000 3.075000 0.099730
2.888000 3.075000 0.099460
2.963000 3.075000 0.099190
3.038000 3.075000 0.098930
3.113000 3.075000 0.098690
3.188000 3.075000 0.098470
3.263000 3.075000 0.098270
3.338000 3.075000 0.098090
3.413000 3.075000 0.097940
3.488000 3.075000 0.097810
3.563000 3.075000 0.097700
3.638000 3.075000 0.097620
3.713000 3.075000 0.097560
3.788000 3.075000 0.097530
3.863000 3.075000 0.000000
-0.037500 3.225000 0.000000
0.037500 3.225000 0.083740
0.112500 3.225000 0.083750
0.187500 3.225000 0.083760
0.262500 3.225000 0.083780
0.337500 3.225000 0.083810
0.412500 3.225000 0.083840
0.487500 3.225000 0.083870
0.562500 3.225000 0.083910
0.637500 3.225000 0.083940
0.712500 3.225000 0.083980
0.787500 3.225000 0.084020
0.862500 3.225000 0.084050
0.937500 3.225000 0.084070
1.012000 3.225000 0.084090
1.087000 3.225000 0.084100
1.163000 3.225000 0.084100
1.238000 3.225000 0.084090
1.313000 3.225000 0.084070
1.388000 3.225000 0.084030
1.463000 3.225000 0.083980
1.538000 3.225000 0.083910
1.613000 3.225000 0.083830
1.688000 3.225000 0.083730
1.763000 3.225000 0.083620
1.838000 3.225000 0.083480
1.913000 3.225000 0.083340
1.988000 3.225000 0.083170
2.063000 3.225000 0.083000
2.138000 3.225000 0.082810
2.213000 3.225000 0.082600
2.288000 3.225000 0.082390
2.363000 3.225000 0.082170
2.438000 3.225000 0.081940
2.513000 3.225000 0.081710
2.588000 3.225000 0.081480
2.663000 3.225000 0.081240
2.738000 3.225000 0.081010
2.813000 3.225000 0.080780
2.888000 3.225000 0.080560
2.963000 3.225000 0.080340
3.038000 3.225000 0.080140
3.113000 3.225000 0.079950
3.188000 3.225000 0.079770
3.263000 3.225000 0.079610
3.338000 3.225000 0.079470
3.413000 3.225000 0.079340
3.488000 3.225000 0.079230
3.563000 3.225000 0.079150
3.638000 3.225000 0.079080
3.713000 3.225000 0.079030
3.788000 3.225000 0.079010
3.863000 3.225000 0.000000
-0.037500 3.375000 0.000000
0.037500 3.375000 0.067130
0.112500 3.375000 0.067140
0.187500 3.375000 0.067150
0.262500 3.375000 0.067160
0.337500 3.375000 0.067180
0.412500 3.375000 0.067200
0.487500 3.375000 0.067230
0.562500 3.375000 0.067250
0.637500 3.375000 0.067280
0.712500 3.375000 0.067300
0.787500 3.375000 0.067330
0.862500 3.375000 0.067350
0.937500 3.375000 0.067370
1.012000 3.375000 0.067380
1.087000 3.375000 0.067380
1.163000 3.375000 0.067380
1.238000 3.375000 0.067370
1.313000 3.375000 0.067350
1.388000 3.375000 0.067320
1.463000 3.375000 0.067270
1.538000 3.375000 0.067220
1.613000 3.375000 0.067150
1.688000 3.375000 0.067070
1.763000 3.375000 0.066970
1.838000 3.375000 0.066870
1.913000 3.375000 0.066750
1.988000 3.375000 0.066620
2.063000 3.375000 0.066480
2.138000 3.375000 0.066330
2.213000 3.375000 0.066160
2.288000 3.375000 0.066000
2.363000 3.375000 0.065820
2.438000 3.375000 0.065640
2.513000 3.375000 0.065460
2.588000 3.375000 0.065270
2.663000 3.375000 0.065080
2.738000 3.375000 0.064900
2.813000 3.375000 0.064720
2.888000 3.375000 0.064540
2.963000 3.375000 0.064370
3.038000 3.375000 0.064210
3.113000 3.375000 0.064060
3.188000 3.375000 0.063920
3.263000 3.375000 0.063790
3.338000 3.375000 0.063680
3.413000 3.375000 0.063580
3.488000 3.375000 0.063490
3.563000 3.375000 0.063420
3.638000 3.375000 0.063360
3.713000 3.375000 0.063320
3.788000 3.375000 0.063300
3.863000 3.375000 0.000000
-0.037500 3.525000 0.000000
0.037500 3.525000 0.053260
0.112500 3.525000 0.053270
0.187500 3.525000 0.053270
0.262500 3.525000 0.053280
0.337500 3.525000 0.053300
0.412500 3.525000 0.053310
0.487500 3.525000 0.053330
0.562500 3.525000 0.053350
0.637500 3.525000 0.053370
0.712500 3.525000 0.053390
0.787500 3.525000 0.053400
0.862500 3.525000 0.053420
0.937500 3.525000 0.053430
1.012000 3.525000 0.053430
1.087000 3.525000 0.053440
1.163000 3.525000 0.053430
1.238000 3.525000 0.053420
1.313000 3.525000 0.053400
1.388000 3.525000 0.053370
1.463000 3.525000 0.053340
1.538000 3.525000 0.053290
1.613000 3.525000 0.053230
1.688000 3.525000 0.053170
1.763000 3.525000 0.053090
1.838000 3.525000 0.053010
1.913000 3.525000 0.052910
1.988000 3.525000 0.052810
2.063000 3.525000 0.052700
2.138000 3.525000 0.052580
2.213000 3.525000 0.052450
2.288000 3.525000 0.052320
2.363000 3.525000 0.052180
2.438000 3.525000 0.052040
2.513000 3.525000 0.051900
2.588000 3.525000 0.051750
2.663000 3.525000 0.051610
2.738000 3.525000 0.051460
2.813000 3.525000 0.051320
2.888000 3.525000 0.051180
2.963000 3.525000 0.051050
3.038000 3.525000 0.050930
3.113000 3.525000 0.050810
3.188000 3.525000 0.050700
3.263000 3.525000 0.050600
3.338000 3.525000 0.050510
3.413000 3.525000 0.050430
3.488000 3.525000 0.050360
3.563000 3.525000 0.050300
3.638000 3.525000 0.050260
3.713000 3.525000 0.050220
3.788000 3.525000 0.050210
3.863000 3.525000 0.000000
-0.037500 3.675000 0.000000
0.037500 3.675000 0.041860
0.112500 3.675000 0.041860
0.187500 3.675000 0.041870
0.262500 3.675000 0.041870
0.337500 3.675000 0.041880
0.412500 3.675000 0.041890
0.487500 3.675000 0.041910
0.562500 3.675000 0.041920
0.637500 3.675000 0.041930
0.712500 3.675000 0.041940
0.787500 3.675000 0.041950
0.862500 3.675000 0.041960
0.937500 3.675000 0.041970
1.012000 3.675000 0.041970
1.087000 3.675000 0.041970
1.163000 3.675000 0.041970
1.238000 3.675000 0.041960
1.313000 3.675000 0.041940
1.388000 3.675000 0.041920
1.463000 3.675000 0.041890
1.538000 3.675000 0.041850
1.613000 3.675000 0.041800
1.688000 3.675000 0.041750
1.763000 3.675000 0.041690
1.838000 3.675000 0.041620
1.913000 3.675000 0.041550
1.988000 3.675000 0.041470
2.063000 3.675000 0.041380
2.138000 3.675000 0.041290
2.213000 3.675000 0.041190
2.288000 3.675000 0.041090
2.363000 3.675000 0.040980
2.438000 3.675000 0.040870
2.513000 3.675000 0.040760
2.588000 3.675000 0.040650
2.663000 3.675000 0.040530
2.738000 3.675000 0.040420
2.813000 3.675000 0.040310
2.888000 3.675000 0.040210
2.963000 3.675000 0.040100
3.038000 3.675000 0.040010
3.113000 3.675000 0.039920
3.188000 3.675000 0.039830
3.263000 3.675000 0.039750
3.338000 3.675000 0.039680
3.413000 3.675000 0.039620
3.488000 3.675000 0.039570
3.563000 3.675000 0.039520
3.638000 3.675000 0.039490
3.713000 3.675000 0.039460
3.788000 3.675000 0.039450
3.863000 3.675000 0.000000
-0.037500 3.825000 0.000000
0.037500 3.825000 0.032620
0.112500 3.825000 0.032620
0.187500 3.825000 0.032620
0.262500 3.825000 0.032630
0.337500 3.825000 0.032630
0.412500 3.825000 0.032640
0.487500 3.825000 0.032650
0.562500 3.825000 0.032660
0.637500 3.825000 0.032660
0.712500 3.825000 0.032670
0.787500 3.825000 0.032680
0.862500 3.825000 0.032680
0.937500 3.825000 0.032690
1.012000 3.825000 0.032690
1.087000 3.825000 0.032690
1.163000 3.825000 0.032680
1.238000 3.825000 0.032670
1.313000 3.825000 0.032660
1.388000 3.825000 0.032640
1.463000 3.825000 0.032610
1.538000 3.825000 0.032580
1.613000 3.825000 0.032550
1.688000 3.825000 0.032510
1.763000 3.825000 0.032460
1.838000 3.825000 0.032410
1.913000 3.825000 0.032350
1.988000 3.825000 0.032290
2.063000 3.825000 0.032220
2.138000 3.825000 0.032150
2.213000 3.825000 0.032070
2.288000 3.825000 0.031990
2.363000 3.825000 0.031910
2.438000 3.825000 0.031820
2.513000 3.825000 0.031740
2.588000 3.825000 0.031650
2.663000 3.825000 0.031570
2.738000 3.825000 0.031480
2.813000 3.825000 0.031400
2.888000 3.825000 0.031310
2.963000 3.825000 0.031240
3.038000 3.825000 0.031160
3.113000 3.825000 0.031090
3.188000 3.825000 0.031030
3.263000 3.825000 0.030970
3.338000 3.825000 0.030910
3.413000 3.825000 0.030860
3.488000 3.825000 0.030820
3.563000 3.825000 0.030790
3.638000 3.825000 0.030760
3.713000 3.825000 0.030740
3.788000 3.825000 0.030730
3.863000 3.825000 0.000000
-0.037500 3.975000 0.000000
0.037500 3.975000 0.025230
0.112500 3.975000 0.025230
0.187500 3.975000 0.025230
0.262500 3.975000 0.025230
0.337500 3.975000 0.025240
0.412500 3.975000 0.025240
0.487500 3.975000 0.025250
0.562500 3.975000 0.025250
0.637500 3.975000 0.025260
0.712500 3.975000 0.025260
0.787500 3.975000 0.025270
0.862500 3.975000 0.025270
0.937500 3.975000 0.025270
1.012000 3.975000 0.025270
1.087000 3.975000 0.025270
1.163000 3.975000 0.025260
1.238000 3.975000 0.025250
1.313000 3.975000 0.025240
1.388000 3.975000 0.025230
1.463000 3.975000 0.025210
1.538000 3.975000 0.025180
1.613000 3.975000 0.025150
1.688000 3.975000 0.025120
1.763000 3.975000 0.025090
1.838000 3.975000 0.025050
1.913000 3.975000 0.025000
1.988000 3.975000 0.024950
2.063000 3.975000 0.024900
2.138000 3.975000 0.024850
2.213000 3.975000 0.024790
2.288000 3.975000 0.024730
2.363000 3.975000 0.024660
2.438000 3.975000 0.024600
2.513000 3.975000 0.024530
2.588000 3.975000 0.024470
2.663000 3.975000 0.024400
2.738000 3.975000 0.024340
2.813000 3.975000 0.024270
2.888000 3.975000 0.024210
2.963000 3.975000 0.024150
3.038000 3.975000 0.024100
3.113000 3.975000 0.024040
3.188000 3.975000 0.023990
3.263000 3.975000 0.023950
3.338000 3.975000 0.023910
3.413000 3.975000 0.023870
3.488000 3.975000 0.023840
3.563000 3.975000 0.023810
3.638000 3.975000 0.023790
3.713000 3.975000 0.023770
3.788000 3.975000 0.023760
3.863000 3.975000 0.000000
-0.037500 4.125000 0.000000
0.037500 4.125000 0.019410
0.112500 4.125000 0.019410
0.187500 4.125000 0.019410
0.262500 4.125000 0.019410
0.337500 4.125000 0.019420
0.412500 4.125000 0.019420
0.487500 4.125000 0.019420
0.562500 4.125000 0.019430
0.637500 4.125000 0.019430
0.712500 4.125000 0.019430
0.787500 4.125000 0.019440
0.862500 4.125000 0.019440
0.937500 4.125000 0.019440
1.012000 4.125000 0.019440
1.087000 4.125000 0.019430
1.163000 4.125000 0.019430
1.238000 4.125000 0.019420
1.313000 4.125000 0.019410
1.388000 4.125000 0.019400
1.463000 4.125000 0.019380
1.538000 4.125000 0.019360
1.613000 4.125000 0.019340
1.688000 4.125000 0.019310
1.763000 4.125000 0.019290
1.838000 4.125000 0.019250
1.913000 4.125000 0.019220
1.988000 4.125000 0.019180
2.063000 4.125000 0.019140
2.138000 4.125000 0.019100
2.213000 4.125000 0.019060
2.288000 4.125000 0.019010
2.363000 4.125000 0.018960
2.438000 4.125000 0.018910
2.513000 4.125000 0.018870
2.588000 4.125000 0.018820
2.663000 4.125000 0.018770
2.738000 4.125000 0.018720
2.813000 4.125000 0.018670
2.888000 4.125000 0.018620
2.963000 4.125000 0.018580
3.038000 4.125000 0.018530
3.113000 4.125000 0.018490
3.188000 4.125000 0.018460
3.263000 4.125000 0.018420
3.338000 4.125000 0.018390
3.413000 4.125000 0.018360
3.488000 4.125000 0.018340
3.563000 4.125000 0.018320
3.638000 4.125000 0.018300
3.713000 4.125000 0.018290
3.788000 4.125000 0.018280
3.863000 4.125000 0.000000
-0.037500 4.275000 0.000000
0.037500 4.275000 0.014900
0.112500 4.275000 0.014900
0.187500 4.275000 0.014900
0.262500 4.275000 0.014910
0.337500 4.275000 0.014910
0.412500 4.275000 0.014910
0.487500 4.275000 0.014910
0.562500 4.275000 0.014910
0.637500 4.275000 0.014920
0.712500 4.275000 0.014920
0.787500 4.275000 0.014920
0.862500 4.275000 0.014920
0.937500 4.275000 0.014920
1.012000 4.275000 0.014920
1.087000 4.275000 0.014910
1.163000 4.275000 0.014910
1.238000 4.275000 0.014900
1.313000 4.275000 0.014890
1.388000 4.275000 0.014880
1.463000 4.275000 0.014870
1.538000 4.275000 0.014850
1.613000 4.275000 0.014840
1.688000 4.275000 0.014820
1.763000 4.275000 0.014800
1.838000 4.275000 0.014770
1.913000 4.275000 0.014750
1.988000 4.275000 0.014720
2.063000 4.275000 0.014690
2.138000 4.275000 0.014660
2.213000 4.275000 0.014620
2.288000 4.275000 0.014590
2.363000 4.275000 0.014550
2.438000 4.275000 0.014510
2.513000 4.275000 0.014480
2.588000 4.275000 0.014440
2.663000 4.275000 0.014400
2.738000 4.275000 0.014370
2.813000 4.275000 0.014330
2.888000 4.275000 0.014290
2.963000 4.275000 0.014260
3.038000 4.275000 0.014230
3.113000 4.275000 0.014200
3.188000 4.275000 0.014170
3.263000 4.275000 0.014140
3.338000 4.275000 0.014120
3.413000 4.275000 0.014100
3.488000 4.275000 0.014080
3.563000 4.275000 0.014060
3.638000 4.275000 0.014050
3.713000 4.275000 0.014040
3.788000 4.275000 0.014030
3.863000 4.275000 0.000000
-0.037500 4.425000 0.000000
0.037500 4.425000 0.011480
0.112500 4.425000 0.011480
0.187500 4.425000 0.011490
0.262500 4.425000 0.011490
0.337500 4.425000 0.011490
0.412500 4.425000 0.011490
0.487500 4.425000 0.011490
0.562500 4.425000 0.011490
0.637500 4.425000 0.011490
0.712500 4.425000 0.011490
0.787500 4.425000 0.011490
0.862500 4.425000 0.011490
0.937500 4.425000 0.011490
1.012000 4.425000 0.011490
1.087000 4.425000 0.011490
1.163000 4.425000 0.011480
1.238000 4.425000 0.011480
1.313000 4.425000 0.011470
1.388000 4.425000 0.011460
1.463000 4.425000 0.011450
1.538000 4.425000 0.011440
1.613000 4.425000 0.011430
1.688000 4.425000 0.011410
1.763000 4.425000 0.011390
1.838000 4.425000 0.011380
1.913000 4.425000 0.011350
1.988000 4.425000 0.011330
2.063000 4.425000 0.011310
2.138000 4.425000 0.011290
2.213000 4.425000 0.011260
2.288000 4.425000 0.011230
2.363000 4.425000 0.011210
2.438000 4.425000 0.011180
2.513000 4.425000 0.011150
2.588000 4.425000 0.011120
2.663000 4.425000 0.011090
2.738000 4.425000 0.011070
2.813000 4.425000 0.011040
2.888000 4.425000 0.011010
2.963000 4.425000 0.010990
3.038000 4.425000 0.010960
3.113000 4.425000 0.010940
3.188000 4.425000 0.010920
3.263000 4.425000 0.010900
3.338000 4.425000 0.010880
3.413000 4.425000 0.010860
3.488000 4.425000 0.010850
3.563000 4.425000 0.010840
3.638000 4.425000 0.010830
3.713000 4.425000 0.010820
3.788000 4.425000 0.010810
3.863000 4.425000 0.000000
-0.037500 4.575000 0.000000
0.037500 4.575000 0.008968
0.112500 4.575000 0.008968
0.187500 4.575000 0.008968
0.262500 4.575000 0.008969
0.337500 4.575000 0.008969
0.412500 4.575000 0.008970
0.487500 4.575000 0.008970
0.562500 4.575000 0.008971
0.637500 4.575000 0.008971
0.712500 4.575000 0.008971
0.787500 4.575000 0.008971
0.862500 4.575000 0.008970
0.937500 4.575000 0.008969
1.012000 4.575000 0.008967
1.087000 4.575000 0.008964
1.163000 4.575000 0.008961
1.238000 4.575000 0.008956
1.313000 4.575000 0.008950
1.388000 4.575000 0.008944
1.463000 4.575000 0.008935
1.538000 4.575000 0.008926
1.613000 4.575000 0.008915
1.688000 4.575000 0.008903
1.763000 4.575000 0.008890
1.838000 4.575000 0.008876
1.913000 4.575000 0.008860
1.988000 4.575000 0.008843
2.063000 4.575000 0.008825
2.138000 4.575000 0.008806
2.213000 4.575000 0.008787
2.288000 4.575000 0.008766
2.363000 4.575000 0.008745
2.438000 4.575000 0.008724
2.513000 4.575000 0.008702
2.588000 4.575000 0.008681
2.663000 4.575000 0.008659
2.738000 4.575000 0.008638
2.813000 4.575000 0.008617
2.888000 4.575000 0.008596
2.963000 4.575000 0.008577
3.038000 4.575000 0.008558
3.113000 4.575000 0.008540
3.188000 4.575000 0.008524
3.263000 4.575000 0.008509
3.338000 4.575000 0.008495
3.413000 4.575000 0.008483
3.488000 4.575000 0.008472
3.563000 4.575000 0.008462
3.638000 4.575000 0.008454
3.713000 4.575000 0.008448
3.788000 4.575000 0.008445
3.863000 4.575000 0.000000
-0.037500 4.725000 0.000000
0.037500 4.725000 0.007205
0.112500 4.725000 0.007205
0.187500 4.725000 0.007206
0.262500 4.725000 0.007206
0.337500 4.725000 0.007206
0.412500 4.725000 0.007206
0.487500 4.725000 0.007207
0.562500 4.725000 0.007207
0.637500 4.725000 0.007207
0.712500 4.725000 0.007207
0.787500 4.725000 0.007206
0.862500 4.725000 0.007205
0.937500 4.725000 0.007204
1.012000 4.725000 0.007202
1.087000 4.725000 0.007200
1.163000 4.725000 0.007196
1.238000 4.725000 0.007192
1.313000 4.725000 0.007187
1.388000 4.725000 0.007182
1.463000 4.725000 0.007175
1.538000 4.725000 0.007167
1.613000 4.725000 0.007159
1.688000 4.725000 0.007149
1.763000 4.725000 0.007138
1.838000 4.725000 0.007127
1.913000 4.725000 0.007114
1.988000 4.725000 0.007101
2.063000 4.725000 0.007086
2.138000 4.725000 0.007071
2.213000 4.725000 0.007056
2.288000 4.725000 0.007040
2.363000 4.725000 0.007023
2.438000 4.725000 0.007006
2.513000 4.725000 0.006989
2.588000 4.725000 0.006972
2.663000 4.725000 0.006955
2.738000 4.725000 0.006938
2.813000 4.725000 0.006921
2.888000 4.725000 0.006905
2.963000 4.725000 0.006890
3.038000 4.725000 0.006875
3.113000 4.725000 0.006861
3.188000 4.725000 0.006848
3.263000 4.725000 0.006836
3.338000 4.725000 0.006825
3.413000 4.725000 0.006816
3.488000 4.725000 0.006807
3.563000 4.725000 0.006800
3.638000 4.725000 0.006793
3.713000 4.725000 0.006788
3.788000 4.725000 0.006785
3.863000 4.725000 0.000000
-0.037500 4.875000 0.000000
0.037500 4.875000 0.006089
0.112500 4.875000 0.006089
0.187500 4.875000 0.006089
0.262500 4.875000 0.006088
0.337500 4.875000 0.006088
0.412500 4.875000 0.006088
0.487500 4.875000 0.006088
0.562500 4.875000 0.006088
0.637500 4.875000 0.006088
0.712500 4.875000 0.006087
0.787500 4.875000 0.006087
0.862500 4.875000 0.006086
0.937500 4.875000 0.006084
1.012000 4.875000 0.006082
1.087000 4.875000 0.006080
1.163000 4.875000 0.006077
1.238000 4.875000 0.006074
1.313000 4.875000 0.006069
1.388000 4.875000 0.006064
1.463000 4.875000 0.006058
1.538000 4.875000 0.006052
1.613000 4.875000 0.006044
1.688000 4.875000 0.006036
1.763000 4.875000 0.006027
1.838000 4.875000 0.006017
1.913000 4.875000 0.006007
1.988000 4.875000 0.005995
2.063000 4.875000 0.005983
2.138000 4.875000 0.005971
2.213000 4.875000 0.005958
2.288000 4.875000 0.005944
2.363000 4.875000 0.005930
2.438000 4.875000 0.005916
2.513000 4.875000 0.005902
2.588000 4.875000 0.005888
2.663000 4.875000 0.005874
2.738000 4.875000 0.005860
2.813000 4.875000 0.005846
2.888000 4.875000 0.005833
2.963000 4.875000 0.005820
3.038000 4.875000 0.005808
3.113000 4.875000 0.005796
3.188000 4.875000 0.005785
3.263000 4.875000 0.005775
3.338000 4.875000 0.005766
3.413000 4.875000 0.005758
3.488000 4.875000 0.005751
3.563000 4.875000 0.005745
3.638000 4.875000 0.005739
3.713000 4.875000 0.005735
3.788000 4.875000 0.005732
3.863000 4.875000 0.000000
-0.037500 5.025000 0.000000
0.037500 5.025000 0.005548
0.112500 5.025000 0.005548
0.187500 5.025000 0.005548
0.262500 5.025000 0.005547
0.337500 5.025000 0.005547
0.412500 5.025000 0.005547
0.487500 5.025000 0.005547
0.562500 5.025000 0.005547
0.637500 5.025000 0.005546
0.712500 5.025000 0.005546
0.787500 5.025000 0.005545
0.862500 5.025000 0.005544
0.937500 5.025000 0.005543
1.012000 5.025000 0.005541
1.087000 5.025000 0.005539
1.163000 5.025000 0.005536
1.238000 5.025000 0.005532
1.313000 5.025000 0.005528
1.388000 5.025000 0.005524
1.463000 5.025000 0.005518
1.538000 5.025000 0.005512
1.613000 5.025000 0.005506
1.688000 5.025000 0.005498
1.763000 5.025000 0.005490
1.838000 5.025000 0.005481
1.913000 5.025000 0.005471
1.988000 5.025000 0.005461
2.063000 5.025000 0.005450
2.138000 5.025000 0.005439
2.213000 5.025000 0.005427
2.288000 5.025000 0.005415
2.363000 5.025000 0.005402
2.438000 5.025000 0.005389
2.513000 5.025000 0.005377
2.588000 5.025000 0.005364
2.663000 5.025000 0.005351
2.738000 5.025000 0.005338
2.813000 5.025000 0.005326
2.888000 5.025000 0.005314
2.963000 5.025000 0.005302
3.038000 5.025000 0.005291
3.113000 5.025000 0.005281
3.188000 5.025000 0.005271
3.263000 5.025000 0.005262
3.338000 5.025000 0.005254
3.413000 5.025000 0.005247
3.488000 5.025000 0.005240
3.563000 5.025000 0.005234
3.638000 5.025000 0.005229
3.713000 5.025000 0.005225
3.788000 5.025000 0.005223
3.863000 5.025000 0.000000
-0.037500 5.175000 0.000000
0.037500 5.175000 0.000000
0.112500 5.175000 0.000000
0.187500 5.175000 0.000000
0.262500 5.175000 0.000000
0.337500 5.175000 0.000000
0.412500 5.175000 0.000000
0.487500 5.175000 0.000000
0.562500 5.175000 0.000000
0.637500 5.175000 0.000000
0.712500 5.175000 0.000000
0.787500 5.175000 0.000000
0.862500 5.175000 0.000000
0.937500 5.175000 0.000000
1.012000 5.175000 0.000000
1.087000 5.175000 0.000000
1.163000 5.175000 0.000000
1.238000 5.175000 0.000000
1.313000 5.175000 0.000000
1.388000 5.175000 0.000000
1.463000 5.175000 0.000000
1.538000 5.175000 0.000000
1.613000 5.175000 0.000000
1.688000 5.175000 0.000000
1.763000 5.175000 0.000000
1.838000 5.175000 0.000000
1.913000 5.175000 0.000000
1.988000 5.175000 0.000000
2.063000 5.175000 0.000000
2.138000 5.175000 0.000000
2.213000 5.175000 0.000000
2.288000 5.175000 0.000000
2.363000 5.175000 0.000000
2.438000 5.175000 0.000000
2.513000 5.175000 0.000000
2.588000 5.175000 0.000000
2.663000 5.175000 0.000000
2.738000 5.175000 0.000000
2.813000 5.175000 0.000000
2.888000 5.175000 0.000000
2.963000 5.175000 0.000000
3.038000 5.175000 0.000000
3.113000 5.175000 0.000000
3.188000 5.175000 0.000000
3.263000 5.175000 0.000000
3.338000 5.175000 0.000000
3.413000 5.175000 0.000000
3.488000 5.175000 0.000000
3.563000 5.175000 0.000000
3.638000 5.175000 0.000000
3.713000 5.175000 0.000000
3.788000 5.175000 0.000000
3.863000 5.175000 0.000000
