-0.037500 -0.075000 0.000000
0.037500 -0.075000 0.000000
0.112500 -0.075000 0.000000
0.187500 -0.075000 0.000000
0.262500 -0.075000 0.000000
0.337500 -0.075000 0.000000
0.412500 -0.075000 0.000000
0.487500 -0.075000 0.000000
0.562500 -0.075000 0.000000
0.637500 -0.075000 0.000000
0.712500 -0.075000 0.000000
0.787500 -0.075000 0.000000
0.862500 -0.075000 0.000000
0.937500 -0.075000 0.000000
1.012000 -0.075000 0.000000
1.087000 -0.075000 0.000000
1.163000 -0.075000 0.000000
1.238000 -0.075000 0.000000
1.313000 -0.075000 0.000000
1.388000 -0.075000 0.000000
1.463000 -0.075000 0.000000
1.538000 -0.075000 0.000000
1.613000 -0.075000 0.000000
1.688000 -0.075000 0.000000
1.763000 -0.075000 0.000000
1.838000 -0.075000 0.000000
1.913000 -0.075000 0.000000
1.988000 -0.075000 0.000000
2.063000 -0.075000 0.000000
2.138000 -0.075000 0.000000
2.213000 -0.075000 0.000000
2.288000 -0.075000 0.000000
2.363000 -0.075000 0.000000
2.438000 -0.075000 0.000000
2.513000 -0.075000 0.000000
2.588000 -0.075000 0.000000
2.663000 -0.075000 0.000000
2.738000 -0.075000 0.000000
2.813000 -0.075000 0.000000
2.888000 -0.075000 0.000000
2.963000 -0.075000 0.000000
3.038000 -0.075000 0.000000
3.113000 -0.075000 0.000000
3.188000 -0.075000 0.000000
3.263000 -0.075000 0.000000
3.338000 -0.075000 0.000000
3.413000 -0.075000 0.000000
3.488000 -0.075000 0.000000
3.563000 -0.075000 0.000000
3.638000 -0.075000 0.000000
3.713000 -0.075000 0.000000
3.788000 -0.075000 0.000000
3.863000 -0.075000 0.000000
-0.037500 0.075000 0.000000
0.037500 0.075000 0.001220
0.112500 0.075000 0.002450
0.187500 0.075000 0.003670
0.262500 0.075000 0.004900
0.337500 0.075000 0.006120
0.412500 0.075000 0.007340
0.487500 0.075000 0.008570
0.562500 0.075000 0.009780
0.637500 0.075000 0.011000
0.712500 0.075000 0.012210
0.787500 0.075000 0.013410
0.862500 0.075000 0.014590
0.937500 0.075000 0.015770
1.012000 0.075000 0.016920
1.087000 0.075000 0.018040
1.163000 0.075000 0.019130
1.238000 0.075000 0.020180
1.313000 0.075000 0.021170
1.388000 0.075000 0.022100
1.463000 0.075000 0.022950
1.538000 0.075000 0.023710
1.613000 0.075000 0.024370
1.688000 0.075000 0.024900
1.763000 0.075000 0.025310
1.838000 0.075000 0.025580
1.913000 0.075000 0.025710
1.988000 0.075000 0.025700
2.063000 0.075000 0.025560
2.138000 0.075000 0.025280
2.213000 0.075000 0.024900
2.288000 0.075000 0.024420
2.363000 0.075000 0.023850
2.438000 0.075000 0.023230
2.513000 0.075000 0.022550
2.588000 0.075000 0.021850
2.663000 0.075000 0.021130
2.738000 0.075000 0.020400
2.813000 0.075000 0.019680
2.888000 0.075000 0.018960
2.963000 0.075000 0.018260
3.038000 0.075000 0.017580
3.113000 0.075000 0.016910
3.188000 0.075000 0.016280
3.263000 0.075000 0.015660
3.338000 0.075000 0.015070
3.413000 0.075000 0.014510
3.488000 0.075000 0.013970
3.563000 0.075000 0.013460
3.638000 0.075000 0.012970
3.713000 0.075000 0.012500
3.788000 0.075000 0.012050
3.863000 0.075000 0.000000
-0.037500 0.225000 0.000000
0.037500 0.225000 0.001220
0.112500 0.225000 0.002450
0.187500 0.225000 0.003670
0.262500 0.225000 0.004900
0.337500 0.225000 0.006120
0.412500 0.225000 0.007340
0.487500 0.225000 0.008570
0.562500 0.225000 0.009780
0.637500 0.225000 0.011000
0.712500 0.225000 0.012210
0.787500 0.225000 0.013410
0.862500 0.225000 0.014590
0.937500 0.225000 0.015770
1.012000 0.225000 0.016920
1.087000 0.225000 0.018040
1.163000 0.225000 0.019130
1.238000 0.225000 0.020180
1.313000 0.225000 0.021170
1.388000 0.225000 0.022100
1.463000 0.225000 0.022950
1.538000 0.225000 0.023710
1.613000 0.225000 0.024370
1.688000 0.225000 0.024900
1.763000 0.225000 0.025310
1.838000 0.225000 0.025580
1.913000 0.225000 0.025710
1.988000 0.225000 0.025700
2.063000 0.225000 0.025560
2.138000 0.225000 0.025280
2.213000 0.225000 0.024900
2.288000 0.225000 0.024420
2.363000 0.225000 0.023850
2.438000 0.225000 0.023230
2.513000 0.225000 0.022550
2.588000 0.225000 0.021850
2.663000 0.225000 0.021130
2.738000 0.225000 0.020400
2.813000 0.225000 0.019680
2.888000 0.225000 0.018960
2.963000 0.225000 0.018260
3.038000 0.225000 0.017580
3.113000 0.225000 0.016910
3.188000 0.225000 0.016280
3.263000 0.225000 0.015660
3.338000 0.225000 0.015070
3.413000 0.225000 0.014510
3.488000 0.225000 0.013970
3.563000 0.225000 0.013460
3.638000 0.225000 0.012970
3.713000 0.225000 0.012500
3.788000 0.225000 0.012050
3.863000 0.225000 0.000000
-0.037500 0.375000 0.000000
0.037500 0.375000 0.101900
0.112500 0.375000 0.102300
0.187500 0.375000 0.102900
0.262500 0.375000 0.103700
0.337500 0.375000 0.104700
0.412500 0.375000 0.105700
0.487500 0.375000 0.106900
0.562500 0.375000 0.108000
0.637500 0.375000 0.109300
0.712500 0.375000 0.110500
0.787500 0.375000 0.111700
0.862500 0.375000 0.113000
0.937500 0.375000 0.114200
1.012000 0.375000 0.115400
1.087000 0.375000 0.116600
1.163000 0.375000 0.117700
1.238000 0.375000 0.118800
1.313000 0.375000 0.119800
1.388000 0.375000 0.120700
1.463000 0.375000 0.121400
1.538000 0.375000 0.122100
1.613000 0.375000 0.122600
1.688000 0.375000 0.123000
1.763000 0.375000 0.123300
1.838000 0.375000 0.123400
1.913000 0.375000 0.123300
1.988000 0.375000 0.123100
2.063000 0.375000 0.122700
2.138000 0.375000 0.122300
2.213000 0.375000 0.121600
2.288000 0.375000 0.120900
2.363000 0.375000 0.120100
2.438000 0.375000 0.119100
2.513000 0.375000 0.118200
2.588000 0.375000 0.117100
2.663000 0.375000 0.116100
2.738000 0.375000 0.115000
2.813000 0.375000 0.113900
2.888000 0.375000 0.112900
2.963000 0.375000 0.111800
3.038000 0.375000 0.110800
3.113000 0.375000 0.109900
3.188000 0.375000 0.108900
3.263000 0.375000 0.108000
3.338000 0.375000 0.107200
3.413000 0.375000 0.106500
3.488000 0.375000 0.105800
3.563000 0.375000 0.105200
3.638000 0.375000 0.104800
3.713000 0.375000 0.104400
3.788000 0.375000 0.104200
3.863000 0.375000 0.000000
-0.037500 0.525000 0.000000
0.037500 0.525000 0.193400
0.112500 0.525000 0.193600
0.187500 0.525000 0.194000
0.262500 0.525000 0.194600
0.337500 0.525000 0.195300
0.412500 0.525000 0.196100
0.487500 0.525000 0.197000
0.562500 0.525000 0.197900
0.637500 0.525000 0.199000
0.712500 0.525000 0.200000
0.787500 0.525000 0.201100
0.862500 0.525000 0.202200
0.937500 0.525000 0.203300
1.012000 0.525000 0.204300
1.087000 0.525000 0.205300
1.163000 0.525000 0.206300
1.238000 0.525000 0.207200
1.313000 0.525000 0.207900
1.388000 0.525000 0.208600
1.463000 0.525000 0.209200
1.538000 0.525000 0.209700
1.613000 0.525000 0.210000
1.688000 0.525000 0.210200
1.763000 0.525000 0.210300
1.838000 0.525000 0.210200
1.913000 0.525000 0.209900
1.988000 0.525000 0.209500
2.063000 0.525000 0.209000
2.138000 0.525000 0.208300
2.213000 0.525000 0.207500
2.288000 0.525000 0.206600
2.363000 0.525000 0.205600
2.438000 0.525000 0.204500
2.513000 0.525000 0.203400
2.588000 0.525000 0.202200
2.663000 0.525000 0.200900
2.738000 0.525000 0.199700
2.813000 0.525000 0.198400
2.888000 0.525000 0.197200
2.963000 0.525000 0.196000
3.038000 0.525000 0.194800
3.113000 0.525000 0.193700
3.188000 0.525000 0.192600
3.263000 0.525000 0.191700
3.338000 0.525000 0.190800
3.413000 0.525000 0.190000
3.488000 0.525000 0.189300
3.563000 0.525000 0.188700
3.638000 0.525000 0.188200
3.713000 0.525000 0.187900
3.788000 0.525000 0.187700
3.863000 0.525000 0.000000
-0.037500 0.675000 0.000000
0.037500 0.675000 0.246300
0.112500 0.675000 0.246500
0.187500 0.675000 0.246700
0.262500 0.675000 0.247100
0.337500 0.675000 0.247600
0.412500 0.675000 0.248200
0.487500 0.675000 0.248900
0.562500 0.675000 0.249700
0.637500 0.675000 0.250500
0.712500 0.675000 0.251300
0.787500 0.675000 0.252200
0.862500 0.675000 0.253000
0.937500 0.675000 0.253900
1.012000 0.675000 0.254700
1.087000 0.675000 0.255500
1.163000 0.675000 0.256200
1.238000 0.675000 0.256900
1.313000 0.675000 0.257500
1.388000 0.675000 0.258000
1.463000 0.675000 0.258400
1.538000 0.675000 0.258700
1.613000 0.675000 0.258800
1.688000 0.675000 0.258800
1.763000 0.675000 0.258700
1.838000 0.675000 0.258500
1.913000 0.675000 0.258100
1.988000 0.675000 0.257600
2.063000 0.675000 0.257000
2.138000 0.675000 0.256200
2.213000 0.675000 0.255400
2.288000 0.675000 0.254400
2.363000 0.675000 0.253400
2.438000 0.675000 0.252300
2.513000 0.675000 0.251100
2.588000 0.675000 0.249900
2.663000 0.675000 0.248600
2.738000 0.675000 0.247400
2.813000 0.675000 0.246100
2.888000 0.675000 0.244800
2.963000 0.675000 0.243600
3.038000 0.675000 0.242400
3.113000 0.675000 0.241300
3.188000 0.675000 0.240300
3.263000 0.675000 0.239300
3.338000 0.675000 0.238400
3.413000 0.675000 0.237600
3.488000 0.675000 0.237000
3.563000 0.675000 0.236400
3.638000 0.675000 0.236000
3.713000 0.675000 0.235700
3.788000 0.675000 0.235600
3.863000 0.675000 0.000000
-0.037500 0.825000 0.000000
0.037500 0.825000 0.267500
0.112500 0.825000 0.267600
0.187500 0.825000 0.267900
0.262500 0.825000 0.268200
0.337500 0.825000 0.268600
0.412500 0.825000 0.269200
0.487500 0.825000 0.269800
0.562500 0.825000 0.270500
0.637500 0.825000 0.271200
0.712500 0.825000 0.271900
0.787500 0.825000 0.272700
0.862500 0.825000 0.273500
0.937500 0.825000 0.274300
1.012000 0.825000 0.275000
1.087000 0.825000 0.275700
1.163000 0.825000 0.276400
1.238000 0.825000 0.277000
1.313000 0.825000 0.277500
1.388000 0.825000 0.277900
1.463000 0.825000 0.278200
1.538000 0.825000 0.278400
1.613000 0.825000 0.278500
1.688000 0.825000 0.278400
1.763000 0.825000 0.278300
1.838000 0.825000 0.278000
1.913000 0.825000 0.277600
1.988000 0.825000 0.277000
2.063000 0.825000 0.276300
2.138000 0.825000 0.275600
2.213000 0.825000 0.274700
2.288000 0.825000 0.273700
2.363000 0.825000 0.272600
2.438000 0.825000 0.271500
2.513000 0.825000 0.270300
2.588000 0.825000 0.269100
2.663000 0.825000 0.267800
2.738000 0.825000 0.266500
2.813000 0.825000 0.265300
2.888000 0.825000 0.264000
2.963000 0.825000 0.262800
3.038000 0.825000 0.261600
3.113000 0.825000 0.260500
3.188000 0.825000 0.259400
3.263000 0.825000 0.258500
3.338000 0.825000 0.257600
3.413000 0.825000 0.256800
3.488000 0.825000 0.256200
3.563000 0.825000 0.255600
3.638000 0.825000 0.255200
3.713000 0.825000 0.254900
3.788000 0.825000 0.254800
3.863000 0.825000 0.000000
-0.037500 0.975000 0.000000
0.037500 0.975000 0.283300
0.112500 0.975000 0.283400
0.187500 0.975000 0.283700
0.262500 0.975000 0.284000
0.337500 0.975000 0.284400
0.412500 0.975000 0.284900
0.487500 0.975000 0.285400
0.562500 0.975000 0.286000
0.637500 0.975000 0.286700
0.712500 0.975000 0.287400
0.787500 0.975000 0.288100
0.862500 0.975000 0.288900
0.937500 0.975000 0.289600
1.012000 0.975000 0.290300
1.087000 0.975000 0.290900
1.163000 0.975000 0.291500
1.238000 0.975000 0.292100
1.313000 0.975000 0.292500
1.388000 0.975000 0.292900
1.463000 0.975000 0.293100
1.538000 0.975000 0.293300
1.613000 0.975000 0.293300
1.688000 0.975000 0.293200
1.763000 0.975000 0.293000
1.838000 0.975000 0.292700
1.913000 0.975000 0.292200
1.988000 0.975000 0.291600
2.063000 0.975000 0.290900
2.138000 0.975000 0.290100
2.213000 0.975000 0.289200
2.288000 0.975000 0.288200
2.363000 0.975000 0.287100
2.438000 0.975000 0.286000
2.513000 0.975000 0.284800
2.588000 0.975000 0.283500
2.663000 0.975000 0.282300
2.738000 0.975000 0.281000
2.813000 0.975000 0.279700
2.888000 0.975000 0.278400
2.963000 0.975000 0.277200
3.038000 0.975000 0.276000
3.113000 0.975000 0.274900
3.188000 0.975000 0.273800
3.263000 0.975000 0.272800
3.338000 0.975000 0.271900
3.413000 0.975000 0.271200
3.488000 0.975000 0.270500
3.563000 0.975000 0.270000
3.638000 0.975000 0.269600
3.713000 0.975000 0.269300
3.788000 0.975000 0.269200
3.863000 0.975000 0.000000
-0.037500 1.125000 0.000000
0.037500 1.125000 0.293800
0.112500 1.125000 0.293900
0.187500 1.125000 0.294100
0.262500 1.125000 0.294400
0.337500 1.125000 0.294800
0.412500 1.125000 0.295300
0.487500 1.125000 0.295800
0.562500 1.125000 0.296400
0.637500 1.125000 0.297100
0.712500 1.125000 0.297800
0.787500 1.125000 0.298500
0.862500 1.125000 0.299200
0.937500 1.125000 0.299900
1.012000 1.125000 0.300500
1.087000 1.125000 0.301200
1.163000 1.125000 0.301700
1.238000 1.125000 0.302300
1.313000 1.125000 0.302700
1.388000 1.125000 0.303000
1.463000 1.125000 0.303300
1.538000 1.125000 0.303400
1.613000 1.125000 0.303400
1.688000 1.125000 0.303300
1.763000 1.125000 0.303000
1.838000 1.125000 0.302700
1.913000 1.125000 0.302200
1.988000 1.125000 0.301600
2.063000 1.125000 0.300900
2.138000 1.125000 0.300000
2.213000 1.125000 0.299100
2.288000 1.125000 0.298100
2.363000 1.125000 0.297000
2.438000 1.125000 0.295800
2.513000 1.125000 0.294600
2.588000 1.125000 0.293300
2.663000 1.125000 0.292000
2.738000 1.125000 0.290700
2.813000 1.125000 0.289400
2.888000 1.125000 0.288100
2.963000 1.125000 0.286800
3.038000 1.125000 0.285600
3.113000 1.125000 0.284500
3.188000 1.125000 0.283400
3.263000 1.125000 0.282400
3.338000 1.125000 0.281500
3.413000 1.125000 0.280700
3.488000 1.125000 0.280100
3.563000 1.125000 0.279500
3.638000 1.125000 0.279100
3.713000 1.125000 0.278800
3.788000 1.125000 0.278700
3.863000 1.125000 0.000000
-0.037500 1.275000 0.000000
0.037500 1.275000 0.304200
0.112500 1.275000 0.304300
0.187500 1.275000 0.304500
0.262500 1.275000 0.304800
0.337500 1.275000 0.305200
0.412500 1.275000 0.305700
0.487500 1.275000 0.306300
0.562500 1.275000 0.306900
0.637500 1.275000 0.307600
0.712500 1.275000 0.308300
0.787500 1.275000 0.309000
0.862500 1.275000 0.309700
0.937500 1.275000 0.310500
1.012000 1.275000 0.311100
1.087000 1.275000 0.311800
1.163000 1.275000 0.312400
1.238000 1.275000 0.312900
1.313000 1.275000 0.313400
1.388000 1.275000 0.313700
1.463000 1.275000 0.313900
1.538000 1.275000 0.314100
1.613000 1.275000 0.314100
1.688000 1.275000 0.313900
1.763000 1.275000 0.313700
1.838000 1.275000 0.313300
1.913000 1.275000 0.312800
1.988000 1.275000 0.312200
2.063000 1.275000 0.311400
2.138000 1.275000 0.310500
2.213000 1.275000 0.309500
2.288000 1.275000 0.308500
2.363000 1.275000 0.307300
2.438000 1.275000 0.306100
2.513000 1.275000 0.304800
2.588000 1.275000 0.303500
2.663000 1.275000 0.302100
2.738000 1.275000 0.300700
2.813000 1.275000 0.299300
2.888000 1.275000 0.298000
2.963000 1.275000 0.296700
3.038000 1.275000 0.295400
3.113000 1.275000 0.294200
3.188000 1.275000 0.293100
3.263000 1.275000 0.292100
3.338000 1.275000 0.291100
3.413000 1.275000 0.290300
3.488000 1.275000 0.289600
3.563000 1.275000 0.289000
3.638000 1.275000 0.288600
3.713000 1.275000 0.288400
3.788000 1.275000 0.288200
3.863000 1.275000 0.000000
-0.037500 1.425000 0.000000
0.037500 1.425000 0.306700
0.112500 1.425000 0.306800
0.187500 1.425000 0.307000
0.262500 1.425000 0.307300
0.337500 1.425000 0.307700
0.412500 1.425000 0.308100
0.487500 1.425000 0.308700
0.562500 1.425000 0.309300
0.637500 1.425000 0.309900
0.712500 1.425000 0.310600
0.787500 1.425000 0.311300
0.862500 1.425000 0.312000
0.937500 1.425000 0.312700
1.012000 1.425000 0.313400
1.087000 1.425000 0.314000
1.163000 1.425000 0.314600
1.238000 1.425000 0.315100
1.313000 1.425000 0.315500
1.388000 1.425000 0.315800
1.463000 1.425000 0.316100
1.538000 1.425000 0.316200
1.613000 1.425000 0.316200
1.688000 1.425000 0.316000
1.763000 1.425000 0.315700
1.838000 1.425000 0.315300
1.913000 1.425000 0.314800
1.988000 1.425000 0.314200
2.063000 1.425000 0.313400
2.138000 1.425000 0.312500
2.213000 1.425000 0.311500
2.288000 1.425000 0.310400
2.363000 1.425000 0.309300
2.438000 1.425000 0.308000
2.513000 1.425000 0.306700
2.588000 1.425000 0.305400
2.663000 1.425000 0.304000
2.738000 1.425000 0.302600
2.813000 1.425000 0.301300
2.888000 1.425000 0.299900
2.963000 1.425000 0.298600
3.038000 1.425000 0.297300
3.113000 1.425000 0.296100
3.188000 1.425000 0.295000
3.263000 1.425000 0.294000
3.338000 1.425000 0.293100
3.413000 1.425000 0.292200
3.488000 1.425000 0.291600
3.563000 1.425000 0.291000
3.638000 1.425000 0.290600
3.713000 1.425000 0.290300
3.788000 1.425000 0.290200
3.863000 1.425000 0.000000
-0.037500 1.575000 0.000000
0.037500 1.575000 0.298000
0.112500 1.575000 0.298100
0.187500 1.575000 0.298300
0.262500 1.575000 0.298600
0.337500 1.575000 0.298900
0.412500 1.575000 0.299400
0.487500 1.575000 0.299900
0.562500 1.575000 0.300400
0.637500 1.575000 0.301000
0.712500 1.575000 0.301600
0.787500 1.575000 0.302300
0.862500 1.575000 0.302900
0.937500 1.575000 0.303500
1.012000 1.575000 0.304100
1.087000 1.575000 0.304700
1.163000 1.575000 0.305200
1.238000 1.575000 0.305700
1.313000 1.575000 0.306000
1.388000 1.575000 0.306300
1.463000 1.575000 0.306500
1.538000 1.575000 0.306600
1.613000 1.575000 0.306500
1.688000 1.575000 0.306400
1.763000 1.575000 0.306100
1.838000 1.575000 0.305700
1.913000 1.575000 0.305200
1.988000 1.575000 0.304600
2.063000 1.575000 0.303800
2.138000 1.575000 0.303000
2.213000 1.575000 0.302000
2.288000 1.575000 0.301000
2.363000 1.575000 0.299800
2.438000 1.575000 0.298700
2.513000 1.575000 0.297400
2.588000 1.575000 0.296100
2.663000 1.575000 0.294800
2.738000 1.575000 0.293500
2.813000 1.575000 0.292200
2.888000 1.575000 0.290900
2.963000 1.575000 0.289700
3.038000 1.575000 0.288500
3.113000 1.575000 0.287300
3.188000 1.575000 0.286300
3.263000 1.575000 0.285300
3.338000 1.575000 0.284400
3.413000 1.575000 0.283700
3.488000 1.575000 0.283000
3.563000 1.575000 0.282500
3.638000 1.575000 0.282100
3.713000 1.575000 0.281900
3.788000 1.575000 0.281700
3.863000 1.575000 0.000000
-0.037500 1.725000 0.000000
0.037500 1.725000 0.280600
0.112500 1.725000 0.280700
0.187500 1.725000 0.280900
0.262500 1.725000 0.281100
0.337500 1.725000 0.281400
0.412500 1.725000 0.281800
0.487500 1.725000 0.282200
0.562500 1.725000 0.282700
0.637500 1.725000 0.283200
0.712500 1.725000 0.283700
0.787500 1.725000 0.284300
0.862500 1.725000 0.284800
0.937500 1.725000 0.285300
1.012000 1.725000 0.285900
1.087000 1.725000 0.286300
1.163000 1.725000 0.286800
1.238000 1.725000 0.287100
1.313000 1.725000 0.287400
1.388000 1.725000 0.287600
1.463000 1.725000 0.287800
1.538000 1.725000 0.287800
1.613000 1.725000 0.287700
1.688000 1.725000 0.287600
1.763000 1.725000 0.287300
1.838000 1.725000 0.286900
1.913000 1.725000 0.286400
1.988000 1.725000 0.285800
2.063000 1.725000 0.285100
2.138000 1.725000 0.284300
2.213000 1.725000 0.283500
2.288000 1.725000 0.282500
2.363000 1.725000 0.281500
2.438000 1.725000 0.280400
2.513000 1.725000 0.279300
2.588000 1.725000 0.278100
2.663000 1.725000 0.276900
2.738000 1.725000 0.275800
2.813000 1.725000 0.274600
2.888000 1.725000 0.273400
2.963000 1.725000 0.272300
3.038000 1.725000 0.271200
3.113000 1.725000 0.270200
3.188000 1.725000 0.269200
3.263000 1.725000 0.268300
3.338000 1.725000 0.267600
3.413000 1.725000 0.266900
3.488000 1.725000 0.266300
3.563000 1.725000 0.265800
3.638000 1.725000 0.265500
3.713000 1.725000 0.265300
3.788000 1.725000 0.265100
3.863000 1.725000 0.000000
-0.037500 1.875000 0.000000
0.037500 1.875000 0.256900
0.112500 1.875000 0.256900
0.187500 1.875000 0.257100
0.262500 1.875000 0.257300
0.337500 1.875000 0.257500
0.412500 1.875000 0.257800
0.487500 1.875000 0.258200
0.562500 1.875000 0.258500
0.637500 1.875000 0.258900
0.712500 1.875000 0.259400
0.787500 1.875000 0.259800
0.862500 1.875000 0.260200
0.937500 1.875000 0.260700
1.012000 1.875000 0.261100
1.087000 1.875000 0.261400
1.163000 1.875000 0.261700
1.238000 1.875000 0.262000
1.313000 1.875000 0.262200
1.388000 1.875000 0.262400
1.463000 1.875000 0.262500
1.538000 1.875000 0.262500
1.613000 1.875000 0.262400
1.688000 1.875000 0.262200
1.763000 1.875000 0.261900
1.838000 1.875000 0.261600
1.913000 1.875000 0.261100
1.988000 1.875000 0.260600
2.063000 1.875000 0.259900
2.138000 1.875000 0.259200
2.213000 1.875000 0.258500
2.288000 1.875000 0.257600
2.363000 1.875000 0.256700
2.438000 1.875000 0.255800
2.513000 1.875000 0.254800
2.588000 1.875000 0.253800
2.663000 1.875000 0.252800
2.738000 1.875000 0.251800
2.813000 1.875000 0.250700
2.888000 1.875000 0.249700
2.963000 1.875000 0.248800
3.038000 1.875000 0.247800
3.113000 1.875000 0.247000
3.188000 1.875000 0.246100
3.263000 1.875000 0.245400
3.338000 1.875000 0.244700
3.413000 1.875000 0.244100
3.488000 1.875000 0.243600
3.563000 1.875000 0.243300
3.638000 1.875000 0.243000
3.713000 1.875000 0.242800
3.788000 1.875000 0.242700
3.863000 1.875000 0.000000
-0.037500 2.025000 0.000000
0.037500 2.025000 0.229100
0.112500 2.025000 0.229200
0.187500 2.025000 0.229300
0.262500 2.025000 0.229400
0.337500 2.025000 0.229600
0.412500 2.025000 0.229800
0.487500 2.025000 0.230100
0.562500 2.025000 0.230300
0.637500 2.025000 0.230600
0.712500 2.025000 0.230900
0.787500 2.025000 0.231200
0.862500 2.025000 0.231500
0.937500 2.025000 0.231800
1.012000 2.025000 0.232100
1.087000 2.025000 0.232400
1.163000 2.025000 0.232600
1.238000 2.025000 0.232800
1.313000 2.025000 0.232900
1.388000 2.025000 0.233000
1.463000 2.025000 0.233000
1.538000 2.025000 0.232900
1.613000 2.025000 0.232800
1.688000 2.025000 0.232600
1.763000 2.025000 0.232400
1.838000 2.025000 0.232000
1.913000 2.025000 0.231600
1.988000 2.025000 0.231200
2.063000 2.025000 0.230600
2.138000 2.025000 0.230000
2.213000 2.025000 0.229400
2.288000 2.025000 0.228700
2.363000 2.025000 0.228000
2.438000 2.025000 0.227200
2.513000 2.025000 0.226400
2.588000 2.025000 0.225500
2.663000 2.025000 0.224700
2.738000 2.025000 0.223900
2.813000 2.025000 0.223000
2.888000 2.025000 0.222200
2.963000 2.025000 0.221400
3.038000 2.025000 0.220700
3.113000 2.025000 0.220000
3.188000 2.025000 0.219300
3.263000 2.025000 0.218700
3.338000 2.025000 0.218100
3.413000 2.025000 0.217700
3.488000 2.025000 0.217300
3.563000 2.025000 0.217000
3.638000 2.025000 0.216700
3.713000 2.025000 0.216600
3.788000 2.025000 0.216500
3.863000 2.025000 0.000000
-0.037500 2.175000 0.000000
0.037500 2.175000 0.199500
0.112500 2.175000 0.199500
0.187500 2.175000 0.199600
0.262500 2.175000 0.199600
0.337500 2.175000 0.199800
0.412500 2.175000 0.199900
0.487500 2.175000 0.200000
0.562500 2.175000 0.200200
0.637500 2.175000 0.200400
0.712500 2.175000 0.200600
0.787500 2.175000 0.200700
0.862500 2.175000 0.200900
0.937500 2.175000 0.201100
1.012000 2.175000 0.201200
1.087000 2.175000 0.201300
1.163000 2.175000 0.201400
1.238000 2.175000 0.201500
1.313000 2.175000 0.201500
1.388000 2.175000 0.201500
1.463000 2.175000 0.201500
1.538000 2.175000 0.201400
1.613000 2.175000 0.201300
1.688000 2.175000 0.201100
1.763000 2.175000 0.200800
1.838000 2.175000 0.200500
1.913000 2.175000 0.200200
1.988000 2.175000 0.199800
2.063000 2.175000 0.199400
2.138000 2.175000 0.198900
2.213000 2.175000 0.198400
2.288000 2.175000 0.197800
2.363000 2.175000 0.197200
2.438000 2.175000 0.196600
2.513000 2.175000 0.196000
2.588000 2.175000 0.195400
2.663000 2.175000 0.194700
2.738000 2.175000 0.194100
2.813000 2.175000 0.193500
2.888000 2.175000 0.192900
2.963000 2.175000 0.192300
3.038000 2.175000 0.191700
3.113000 2.175000 0.191200
3.188000 2.175000 0.190700
3.263000 2.175000 0.190200
3.338000 2.175000 0.189800
3.413000 2.175000 0.189500
3.488000 2.175000 0.189200
3.563000 2.175000 0.188900
3.638000 2.175000 0.188800
3.713000 2.175000 0.188700
3.788000 2.175000 0.188600
3.863000 2.175000 0.000000
-0.037500 2.325000 0.000000
0.037500 2.325000 0.179600
0.112500 2.325000 0.179700
0.187500 2.325000 0.179700
0.262500 2.325000 0.179700
0.337500 2.325000 0.179800
0.412500 2.325000 0.179900
0.487500 2.325000 0.180000
0.562500 2.325000 0.180100
0.637500 2.325000 0.180200
0.712500 2.325000 0.180200
0.787500 2.325000 0.180300
0.862500 2.325000 0.180400
0.937500 2.325000 0.180500
1.012000 2.325000 0.180600
1.087000 2.325000 0.180600
1.163000 2.325000 0.180600
1.238000 2.325000 0.180600
1.313000 2.325000 0.180600
1.388000 2.325000 0.180500
1.463000 2.325000 0.180400
1.538000 2.325000 0.180300
1.613000 2.325000 0.180200
1.688000 2.325000 0.180000
1.763000 2.325000 0.179700
1.838000 2.325000 0.179500
1.913000 2.325000 0.179200
1.988000 2.325000 0.178800
2.063000 2.325000 0.178500
2.138000 2.325000 0.178100
2.213000 2.325000 0.177600
2.288000 2.325000 0.177200
2.363000 2.325000 0.176700
2.438000 2.325000 0.176200
2.513000 2.325000 0.175700
2.588000 2.325000 0.175200
2.663000 2.325000 0.174700
2.738000 2.325000 0.174200
2.813000 2.325000 0.173800
2.888000 2.325000 0.173300
2.963000 2.325000 0.172800
3.038000 2.325000 0.172400
3.113000 2.325000 0.172000
3.188000 2.325000 0.171600
3.263000 2.325000 0.171200
3.338000 2.325000 0.170900
3.413000 2.325000 0.170700
3.488000 2.325000 0.170400
3.563000 2.325000 0.170300
3.638000 2.325000 0.170100
3.713000 2.325000 0.170000
3.788000 2.325000 0.170000
3.863000 2.325000 0.000000
-0.037500 2.475000 0.000000
0.037500 2.475000 0.170000
0.112500 2.475000 0.170000
0.187500 2.475000 0.170000
0.262500 2.475000 0.170000
0.337500 2.475000 0.170100
0.412500 2.475000 0.170100
0.487500 2.475000 0.170200
0.562500 2.475000 0.170300
0.637500 2.475000 0.170300
0.712500 2.475000 0.170400
0.787500 2.475000 0.170500
0.862500 2.475000 0.170500
0.937500 2.475000 0.170600
1.012000 2.475000 0.170600
1.087000 2.475000 0.170600
1.163000 2.475000 0.170600
1.238000 2.475000 0.170600
1.313000 2.475000 0.170500
1.388000 2.475000 0.170400
1.463000 2.475000 0.170300
1.538000 2.475000 0.170200
1.613000 2.475000 0.170000
1.688000 2.475000 0.169800
1.763000 2.475000 0.169600
1.838000 2.475000 0.169400
1.913000 2.475000 0.169100
1.988000 2.475000 0.168800
2.063000 2.475000 0.168400
2.138000 2.475000 0.168100
2.213000 2.475000 0.167700
2.288000 2.475000 0.167300
2.363000 2.475000 0.166900
2.438000 2.475000 0.166400
2.513000 2.475000 0.166000
2.588000 2.475000 0.165500
2.663000 2.475000 0.165100
2.738000 2.475000 0.164700
2.813000 2.475000 0.164200
2.888000 2.475000 0.163800
2.963000 2.475000 0.163400
3.038000 2.475000 0.163000
3.113000 2.475000 0.162600
3.188000 2.475000 0.162300
3.263000 2.475000 0.162000
3.338000 2.475000 0.161700
3.413000 2.475000 0.161500
3.488000 2.475000 0.161300
3.563000 2.475000 0.161100
3.638000 2.475000 0.161000
3.713000 2.475000 0.160900
3.788000 2.475000 0.160900
3.863000 2.475000 0.000000
-0.037500 2.625000 0.000000
0.037500 2.625000 0.160700
0.112500 2.625000 0.160700
0.187500 2.625000 0.160700
0.262500 2.625000 0.160700
0.337500 2.625000 0.160800
0.412500 2.625000 0.160800
0.487500 2.625000 0.160900
0.562500 2.625000 0.160900
0.637500 2.625000 0.161000
0.712500 2.625000 0.161000
0.787500 2.625000 0.161000
0.862500 2.625000 0.161100
0.937500 2.625000 0.161100
1.012000 2.625000 0.161100
1.087000 2.625000 0.161100
1.163000 2.625000 0.161100
1.238000 2.625000 0.161000
1.313000 2.625000 0.161000
1.388000 2.625000 0.160900
1.463000 2.625000 0.160800
1.538000 2.625000 0.160700
1.613000 2.625000 0.160500
1.688000 2.625000 0.160300
1.763000 2.625000 0.160100
1.838000 2.625000 0.159900
1.913000 2.625000 0.159600
1.988000 2.625000 0.159300
2.063000 2.625000 0.159000
2.138000 2.625000 0.158600
2.213000 2.625000 0.158300
2.288000 2.625000 0.157900
2.363000 2.625000 0.157500
2.438000 2.625000 0.157100
2.513000 2.625000 0.156700
2.588000 2.625000 0.156300
2.663000 2.625000 0.155900
2.738000 2.625000 0.155500
2.813000 2.625000 0.155100
2.888000 2.625000 0.154800
2.963000 2.625000 0.154400
3.038000 2.625000 0.154100
3.113000 2.625000 0.153700
3.188000 2.625000 0.153400
3.263000 2.625000 0.153200
3.338000 2.625000 0.152900
3.413000 2.625000 0.152700
3.488000 2.625000 0.152500
3.563000 2.625000 0.152400
3.638000 2.625000 0.152300
3.713000 2.625000 0.152200
3.788000 2.625000 0.152200
3.863000 2.625000 0.000000
-0.037500 2.775000 0.000000
0.037500 2.775000 0.151900
0.112500 2.775000 0.151900
0.187500 2.775000 0.152000
0.262500 2.775000 0.152000
0.337500 2.775000 0.152000
0.412500 2.775000 0.152000
0.487500 2.775000 0.152100
0.562500 2.775000 0.152100
0.637500 2.775000 0.152100
0.712500 2.775000 0.152200
0.787500 2.775000 0.152200
0.862500 2.775000 0.152200
0.937500 2.775000 0.152200
1.012000 2.775000 0.152200
1.087000 2.775000 0.152200
1.163000 2.775000 0.152200
1.238000 2.775000 0.152200
1.313000 2.775000 0.152100
1.388000 2.775000 0.152000
1.463000 2.775000 0.151900
1.538000 2.775000 0.151800
1.613000 2.775000 0.151600
1.688000 2.775000 0.151400
1.763000 2.775000 0.151200
1.838000 2.775000 0.151000
1.913000 2.775000 0.150700
1.988000 2.775000 0.150500
2.063000 2.775000 0.150200
2.138000 2.775000 0.149900
2.213000 2.775000 0.149500
2.288000 2.775000 0.149200
2.363000 2.775000 0.148800
2.438000 2.775000 0.148500
2.513000 2.775000 0.148100
2.588000 2.775000 0.147700
2.663000 2.775000 0.147400
2.738000 2.775000 0.147000
2.813000 2.775000 0.146600
2.888000 2.775000 0.146300
2.963000 2.775000 0.145900
3.038000 2.775000 0.145600
3.113000 2.775000 0.145300
3.188000 2.775000 0.145000
3.263000 2.775000 0.144800
3.338000 2.775000 0.144600
3.413000 2.775000 0.144400
3.488000 2.775000 0.144200
3.563000 2.775000 0.144100
3.638000 2.775000 0.144000
3.713000 2.775000 0.143900
3.788000 2.775000 0.143900
3.863000 2.775000 0.000000
-0.037500 2.925000 0.000000
0.037500 2.925000 0.135600
0.112500 2.925000 0.135600
0.187500 2.925000 0.135600
0.262500 2.925000 0.135700
0.337500 2.925000 0.135700
0.412500 2.925000 0.135700
0.487500 2.925000 0.135700
0.562500 2.925000 0.135800
0.637500 2.925000 0.135800
0.712500 2.925000 0.135800
0.787500 2.925000 0.135900
0.862500 2.925000 0.135900
0.937500 2.925000 0.135900
1.012000 2.925000 0.135900
1.087000 2.925000 0.135900
1.163000 2.925000 0.135900
1.238000 2.925000 0.135800
1.313000 2.925000 0.135700
1.388000 2.925000 0.135700
1.463000 2.925000 0.135600
1.538000 2.925000 0.135500
1.613000 2.925000 0.135300
1.688000 2.925000 0.135100
1.763000 2.925000 0.135000
1.838000 2.925000 0.134800
1.913000 2.925000 0.134500
1.988000 2.925000 0.134300
2.063000 2.925000 0.134000
2.138000 2.925000 0.133700
2.213000 2.925000 0.133400
2.288000 2.925000 0.133100
2.363000 2.925000 0.132800
2.438000 2.925000 0.132500
2.513000 2.925000 0.132200
2.588000 2.925000 0.131800
2.663000 2.925000 0.131500
2.738000 2.925000 0.131200
2.813000 2.925000 0.130800
2.888000 2.925000 0.130500
2.963000 2.925000 0.130200
3.038000 2.925000 0.129900
3.113000 2.925000 0.129700
3.188000 2.925000 0.129400
3.263000 2.925000 0.129200
3.338000 2.925000 0.129000
3.413000 2.925000 0.128800
3.488000 2.925000 0.128700
3.563000 2.925000 0.128600
3.638000 2.925000 0.128500
3.713000 2.925000 0.128400
3.788000 2.925000 0.128400
3.863000 2.925000 0.000000
-0.037500 3.075000 0.000000
0.037500 3.075000 0.113400
0.112500 3.075000 0.113400
0.187500 3.075000 0.113400
0.262500 3.075000 0.113500
0.337500 3.075000 0.113500
0.412500 3.075000 0.113500
0.487500 3.075000 0.113500
0.562500 3.075000 0.113500
0.637500 3.075000 0.113600
0.712500 3.075000 0.113600
0.787500 3.075000 0.113600
0.862500 3.075000 0.113600
0.937500 3.075000 0.113600
1.012000 3.075000 0.113600
1.087000 3.075000 0.113600
1.163000 3.075000 0.113600
1.238000 3.075000 0.113500
1.313000 3.075000 0.113500
1.388000 3.075000 0.113400
1.463000 3.075000 0.113300
1.538000 3.075000 0.113200
1.613000 3.075000 0.113100
1.688000 3.075000 0.113000
1.763000 3.075000 0.112800
1.838000 3.075000 0.112700
1.913000 3.075000 0.112500
1.988000 3.075000 0.112300
2.063000 3.075000 0.112000
2.138000 3.075000 0.111800
2.213000 3.075000 0.111500
2.288000 3.075000 0.111300
2.363000 3.075000 0.111000
2.438000 3.075000 0.110800
2.513000 3.075000 0.110500
2.588000 3.075000 0.110200
2.663000 3.075000 0.109900
2.738000 3.075000 0.109600
2.813000 3.075000 0.109400
2.888000 3.075000 0.109100
2.963000 3.075000 0.108900
3.038000 3.075000 0.108600
3.113000 3.075000 0.108400
3.188000 3.075000 0.108200
3.263000 3.075000 0.108000
3.338000 3.075000 0.107800
3.413000 3.075000 0.107700
3.488000 3.075000 0.107600
3.563000 3.075000 0.107500
3.638000 3.075000 0.107400
3.713000 3.075000 0.107300
3.788000 3.075000 0.107300
3.863000 3.075000 0.000000
-0.037500 3.225000 0.000000
0.037500 3.225000 0.093720
0.112500 3.225000 0.093730
0.187500 3.225000 0.093740
0.262500 3.225000 0.093750
0.337500 3.225000 0.093770
0.412500 3.225000 0.093780
0.487500 3.225000 0.093800
0.562500 3.225000 0.093820
0.637500 3.225000 0.093840
0.712500 3.225000 0.093850
0.787500 3.225000 0.093870
0.862500 3.225000 0.093870
0.937500 3.225000 0.093880
1.012000 3.225000 0.093870
1.087000 3.225000 0.093860
1.163000 3.225000 0.093830
1.238000 3.225000 0.093800
1.313000 3.225000 0.093750
1.388000 3.225000 0.093690
1.463000 3.225000 0.093620
1.538000 3.225000 0.093530
1.613000 3.225000 0.093430
1.688000 3.225000 0.093320
1.763000 3.225000 0.093190
1.838000 3.225000 0.093040
1.913000 3.225000 0.092890
1.988000 3.225000 0.092710
2.063000 3.225000 0.092530
2.138000 3.225000 0.092340
2.213000 3.225000 0.092130
2.288000 3.225000 0.091920
2.363000 3.225000 0.091700
2.438000 3.225000 0.091470
2.513000 3.225000 0.091250
2.588000 3.225000 0.091020
2.663000 3.225000 0.090790
2.738000 3.225000 0.090560
2.813000 3.225000 0.090340
2.888000 3.225000 0.090130
2.963000 3.225000 0.089920
3.038000 3.225000 0.089730
3.113000 3.225000 0.089540
3.188000 3.225000 0.089370
3.263000 3.225000 0.089220
3.338000 3.225000 0.089080
3.413000 3.225000 0.088960
3.488000 3.225000 0.088860
3.563000 3.225000 0.088780
3.638000 3.225000 0.088710
3.713000 3.225000 0.088670
3.788000 3.225000 0.088650
3.863000 3.225000 0.000000
-0.037500 3.375000 0.000000
0.037500 3.375000 0.076590
0.112500 3.375000 0.076600
0.187500 3.375000 0.076600
0.262500 3.375000 0.076610
0.337500 3.375000 0.076620
0.412500 3.375000 0.076630
0.487500 3.375000 0.076650
0.562500 3.375000 0.076660
0.637500 3.375000 0.076670
0.712500 3.375000 0.076680
0.787500 3.375000 0.076690
0.862500 3.375000 0.076690
0.937500 3.375000 0.076690
1.012000 3.375000 0.076690
1.087000 3.375000 0.076670
1.163000 3.375000 0.076650
1.238000 3.375000 0.076620
1.313000 3.375000 0.076580
1.388000 3.375000 0.076530
1.463000 3.375000 0.076470
1.538000 3.375000 0.076400
1.613000 3.375000 0.076310
1.688000 3.375000 0.076220
1.763000 3.375000 0.076110
1.838000 3.375000 0.075990
1.913000 3.375000 0.075860
1.988000 3.375000 0.075720
2.063000 3.375000 0.075570
2.138000 3.375000 0.075410
2.213000 3.375000 0.075250
2.288000 3.375000 0.075070
2.363000 3.375000 0.074900
2.438000 3.375000 0.074710
2.513000 3.375000 0.074530
2.588000 3.375000 0.074340
2.663000 3.375000 0.074160
2.738000 3.375000 0.073970
2.813000 3.375000 0.073790
2.888000 3.375000 0.073620
2.963000 3.375000 0.073450
3.038000 3.375000 0.073290
3.113000 3.375000 0.073150
3.188000 3.375000 0.073010
3.263000 3.375000 0.072880
3.338000 3.375000 0.072770
3.413000 3.375000 0.072670
3.488000 3.375000 0.072590
3.563000 3.375000 0.072520
3.638000 3.375000 0.072460
3.713000 3.375000 0.072430
3.788000 3.375000 0.072410
3.863000 3.375000 0.000000
-0.037500 3.525000 0.000000
0.037500 3.525000 0.061940
0.112500 3.525000 0.061940
0.187500 3.525000 0.061950
0.262500 3.525000 0.061950
0.337500 3.525000 0.061960
0.412500 3.525000 0.061970
0.487500 3.525000 0.061980
0.562500 3.525000 0.061990
0.637500 3.525000 0.061990
0.712500 3.525000 0.062000
0.787500 3.525000 0.062010
0.862500 3.525000 0.062010
0.937500 3.525000 0.062000
1.012000 3.525000 0.062000
1.087000 3.525000 0.061980
1.163000 3.525000 0.061960
1.238000 3.525000 0.061940
1.313000 3.525000 0.061900
1.388000 3.525000 0.061860
1.463000 3.525000 0.061810
1.538000 3.525000 0.061750
1.613000 3.525000 0.061680
1.688000 3.525000 0.061600
1.763000 3.525000 0.061520
1.838000 3.525000 0.061420
1.913000 3.525000 0.061310
1.988000 3.525000 0.061200
2.063000 3.525000 0.061080
2.138000 3.525000 0.060950
2.213000 3.525000 0.060820
2.288000 3.525000 0.060680
2.363000 3.525000 0.060540
2.438000 3.525000 0.060390
2.513000 3.525000 0.060240
2.588000 3.525000 0.060090
2.663000 3.525000 0.059940
2.738000 3.525000 0.059800
2.813000 3.525000 0.059650
2.888000 3.525000 0.059510
2.963000 3.525000 0.059380
3.038000 3.525000 0.059250
3.113000 3.525000 0.059130
3.188000 3.525000 0.059020
3.263000 3.525000 0.058920
3.338000 3.525000 0.058830
3.413000 3.525000 0.058750
3.488000 3.525000 0.058680
3.563000 3.525000 0.058630
3.638000 3.525000 0.058580
3.713000 3.525000 0.058550
3.788000 3.525000 0.058540
3.863000 3.525000 0.000000
-0.037500 3.675000 0.000000
0.037500 3.675000 0.049610
0.112500 3.675000 0.049610
0.187500 3.675000 0.049620
0.262500 3.675000 0.049620
0.337500 3.675000 0.049620
0.412500 3.675000 0.049630
0.487500 3.675000 0.049640
0.562500 3.675000 0.049640
0.637500 3.675000 0.049650
0.712500 3.675000 0.049650
0.787500 3.675000 0.049650
0.862500 3.675000 0.049650
0.937500 3.675000 0.049650
1.012000 3.675000 0.049640
1.087000 3.675000 0.049630
1.163000 3.675000 0.049610
1.238000 3.675000 0.049590
1.313000 3.675000 0.049560
1.388000 3.675000 0.049520
1.463000 3.675000 0.049480
1.538000 3.675000 0.049430
1.613000 3.675000 0.049380
1.688000 3.675000 0.049310
1.763000 3.675000 0.049240
1.838000 3.675000 0.049170
1.913000 3.675000 0.049080
1.988000 3.675000 0.048990
2.063000 3.675000 0.048890
2.138000 3.675000 0.048790
2.213000 3.675000 0.048690
2.288000 3.675000 0.048570
2.363000 3.675000 0.048460
2.438000 3.675000 0.048340
2.513000 3.675000 0.048230
2.588000 3.675000 0.048110
2.663000 3.675000 0.047990
2.738000 3.675000 0.047870
2.813000 3.675000 0.047760
2.888000 3.675000 0.047650
2.963000 3.675000 0.047540
3.038000 3.675000 0.047440
3.113000 3.675000 0.047350
3.188000 3.675000 0.047260
3.263000 3.675000 0.047180
3.338000 3.675000 0.047110
3.413000 3.675000 0.047040
3.488000 3.675000 0.046990
3.563000 3.675000 0.046940
3.638000 3.675000 0.046910
3.713000 3.675000 0.046880
3.788000 3.675000 0.046870
3.863000 3.675000 0.000000
-0.037500 3.825000 0.000000
0.037500 3.825000 0.039390
0.112500 3.825000 0.039400
0.187500 3.825000 0.039400
0.262500 3.825000 0.039400
0.337500 3.825000 0.039400
0.412500 3.825000 0.039410
0.487500 3.825000 0.039410
0.562500 3.825000 0.039410
0.637500 3.825000 0.039420
0.712500 3.825000 0.039420
0.787500 3.825000 0.039420
0.862500 3.825000 0.039420
0.937500 3.825000 0.039410
1.012000 3.825000 0.039400
1.087000 3.825000 0.039390
1.163000 3.825000 0.039380
1.238000 3.825000 0.039360
1.313000 3.825000 0.039340
1.388000 3.825000 0.039310
1.463000 3.825000 0.039270
1.538000 3.825000 0.039230
1.613000 3.825000 0.039190
1.688000 3.825000 0.039140
1.763000 3.825000 0.039080
1.838000 3.825000 0.039020
1.913000 3.825000 0.038950
1.988000 3.825000 0.038880
2.063000 3.825000 0.038800
2.138000 3.825000 0.038720
2.213000 3.825000 0.038640
2.288000 3.825000 0.038550
2.363000 3.825000 0.038460
2.438000 3.825000 0.038370
2.513000 3.825000 0.038280
2.588000 3.825000 0.038180
2.663000 3.825000 0.038090
2.738000 3.825000 0.038000
2.813000 3.825000 0.037910
2.888000 3.825000 0.037820
2.963000 3.825000 0.037740
3.038000 3.825000 0.037660
3.113000 3.825000 0.037590
3.188000 3.825000 0.037520
3.263000 3.825000 0.037450
3.338000 3.825000 0.037400
3.413000 3.825000 0.037350
3.488000 3.825000 0.037300
3.563000 3.825000 0.037270
3.638000 3.825000 0.037240
3.713000 3.825000 0.037220
3.788000 3.825000 0.037210
3.863000 3.825000 0.000000
-0.037500 3.975000 0.000000
0.037500 3.975000 0.031060
0.112500 3.975000 0.031060
0.187500 3.975000 0.031060
0.262500 3.975000 0.031060
0.337500 3.975000 0.031060
0.412500 3.975000 0.031060
0.487500 3.975000 0.031070
0.562500 3.975000 0.031070
0.637500 3.975000 0.031070
0.712500 3.975000 0.031070
0.787500 3.975000 0.031070
0.862500 3.975000 0.031070
0.937500 3.975000 0.031060
1.012000 3.975000 0.031050
1.087000 3.975000 0.031040
1.163000 3.975000 0.031030
1.238000 3.975000 0.031020
1.313000 3.975000 0.031000
1.388000 3.975000 0.030970
1.463000 3.975000 0.030940
1.538000 3.975000 0.030910
1.613000 3.975000 0.030880
1.688000 3.975000 0.030840
1.763000 3.975000 0.030790
1.838000 3.975000 0.030740
1.913000 3.975000 0.030690
1.988000 3.975000 0.030630
2.063000 3.975000 0.030570
2.138000 3.975000 0.030510
2.213000 3.975000 0.030450
2.288000 3.975000 0.030380
2.363000 3.975000 0.030310
2.438000 3.975000 0.030240
2.513000 3.975000 0.030160
2.588000 3.975000 0.030090
2.663000 3.975000 0.030020
2.738000 3.975000 0.029950
2.813000 3.975000 0.029880
2.888000 3.975000 0.029810
2.963000 3.975000 0.029750
3.038000 3.975000 0.029680
3.113000 3.975000 0.029630
3.188000 3.975000 0.029570
3.263000 3.975000 0.029520
3.338000 3.975000 0.029480
3.413000 3.975000 0.029440
3.488000 3.975000 0.029400
3.563000 3.975000 0.029380
3.638000 3.975000 0.029350
3.713000 3.975000 0.029330
3.788000 3.975000 0.029330
3.863000 3.975000 0.000000
-0.037500 4.125000 0.000000
0.037500 4.125000 0.024360
0.112500 4.125000 0.024360
0.187500 4.125000 0.024360
0.262500 4.125000 0.024360
0.337500 4.125000 0.024360
0.412500 4.125000 0.024360
0.487500 4.125000 0.024370
0.562500 4.125000 0.024370
0.637500 4.125000 0.024370
0.712500 4.125000 0.024370
0.787500 4.125000 0.024360
0.862500 4.125000 0.024360
0.937500 4.125000 0.024360
1.012000 4.125000 0.024350
1.087000 4.125000 0.024340
1.163000 4.125000 0.024330
1.238000 4.125000 0.024320
1.313000 4.125000 0.024300
1.388000 4.125000 0.024280
1.463000 4.125000 0.024260
1.538000 4.125000 0.024230
1.613000 4.125000 0.024210
1.688000 4.125000 0.024170
1.763000 4.125000 0.024140
1.838000 4.125000 0.024100
1.913000 4.125000 0.024060
1.988000 4.125000 0.024020
2.063000 4.125000 0.023970
2.138000 4.125000 0.023920
2.213000 4.125000 0.023870
2.288000 4.125000 0.023810
2.363000 4.125000 0.023760
2.438000 4.125000 0.023710
2.513000 4.125000 0.023650
2.588000 4.125000 0.023590
2.663000 4.125000 0.023540
2.738000 4.125000 0.023480
2.813000 4.125000 0.023430
2.888000 4.125000 0.023380
2.963000 4.125000 0.023330
3.038000 4.125000 0.023280
3.113000 4.125000 0.023230
3.188000 4.125000 0.023190
3.263000 4.125000 0.023150
3.338000 4.125000 0.023120
3.413000 4.125000 0.023090
3.488000 4.125000 0.023060
3.563000 4.125000 0.023040
3.638000 4.125000 0.023020
3.713000 4.125000 0.023010
3.788000 4.125000 0.023000
3.863000 4.125000 0.000000
-0.037500 4.275000 0.000000
0.037500 4.275000 0.019080
0.112500 4.275000 0.019080
0.187500 4.275000 0.019080
0.262500 4.275000 0.019080
0.337500 4.275000 0.019080
0.412500 4.275000 0.019080
0.487500 4.275000 0.019080
0.562500 4.275000 0.019080
0.637500 4.275000 0.019080
0.712500 4.275000 0.019080
0.787500 4.275000 0.019080
0.862500 4.275000 0.019070
0.937500 4.275000 0.019070
1.012000 4.275000 0.019060
1.087000 4.275000 0.019060
1.163000 4.275000 0.019050
1.238000 4.275000 0.019030
1.313000 4.275000 0.019020
1.388000 4.275000 0.019010
1.463000 4.275000 0.018990
1.538000 4.275000 0.018970
1.613000 4.275000 0.018950
1.688000 4.275000 0.018920
1.763000 4.275000 0.018890
1.838000 4.275000 0.018860
1.913000 4.275000 0.018830
1.988000 4.275000 0.018800
2.063000 4.275000 0.018760
2.138000 4.275000 0.018720
2.213000 4.275000 0.018680
2.288000 4.275000 0.018640
2.363000 4.275000 0.018600
2.438000 4.275000 0.018560
2.513000 4.275000 0.018510
2.588000 4.275000 0.018470
2.663000 4.275000 0.018430
2.738000 4.275000 0.018380
2.813000 4.275000 0.018340
2.888000 4.275000 0.018300
2.963000 4.275000 0.018260
3.038000 4.275000 0.018230
3.113000 4.275000 0.018190
3.188000 4.275000 0.018160
3.263000 4.275000 0.018130
3.338000 4.275000 0.018100
3.413000 4.275000 0.018080
3.488000 4.275000 0.018060
3.563000 4.275000 0.018040
3.638000 4.275000 0.018030
3.713000 4.275000 0.018010
3.788000 4.275000 0.018010
3.863000 4.275000 0.000000
-0.037500 4.425000 0.000000
0.037500 4.425000 0.015000
0.112500 4.425000 0.015000
0.187500 4.425000 0.015000
0.262500 4.425000 0.015000
0.337500 4.425000 0.015000
0.412500 4.425000 0.015000
0.487500 4.425000 0.015000
0.562500 4.425000 0.015000
0.637500 4.425000 0.015000
0.712500 4.425000 0.015000
0.787500 4.425000 0.015000
0.862500 4.425000 0.014990
0.937500 4.425000 0.014990
1.012000 4.425000 0.014980
1.087000 4.425000 0.014980
1.163000 4.425000 0.014970
1.238000 4.425000 0.014960
1.313000 4.425000 0.014950
1.388000 4.425000 0.014940
1.463000 4.425000 0.014920
1.538000 4.425000 0.014910
1.613000 4.425000 0.014890
1.688000 4.425000 0.014870
1.763000 4.425000 0.014850
1.838000 4.425000 0.014820
1.913000 4.425000 0.014800
1.988000 4.425000 0.014770
2.063000 4.425000 0.014740
2.138000 4.425000 0.014710
2.213000 4.425000 0.014680
2.288000 4.425000 0.014650
2.363000 4.425000 0.014620
2.438000 4.425000 0.014580
2.513000 4.425000 0.014550
2.588000 4.425000 0.014520
2.663000 4.425000 0.014480
2.738000 4.425000 0.014450
2.813000 4.425000 0.014420
2.888000 4.425000 0.014390
2.963000 4.425000 0.014360
3.038000 4.425000 0.014330
3.113000 4.425000 0.014300
3.188000 4.425000 0.014280
3.263000 4.425000 0.014250
3.338000 4.425000 0.014230
3.413000 4.425000 0.014220
3.488000 4.425000 0.014200
3.563000 4.425000 0.014180
3.638000 4.425000 0.014170
3.713000 4.425000 0.014160
3.788000 4.425000 0.014160
3.863000 4.425000 0.000000
-0.037500 4.575000 0.000000
0.037500 4.575000 0.011960
0.112500 4.575000 0.011960
0.187500 4.575000 0.011960
0.262500 4.575000 0.011960
0.337500 4.575000 0.011960
0.412500 4.575000 0.011960
0.487500 4.575000 0.011950
0.562500 4.575000 0.011950
0.637500 4.575000 0.011950
0.712500 4.575000 0.011950
0.787500 4.575000 0.011950
0.862500 4.575000 0.011950
0.937500 4.575000 0.011940
1.012000 4.575000 0.011940
1.087000 4.575000 0.011930
1.163000 4.575000 0.011930
1.238000 4.575000 0.011920
1.313000 4.575000 0.011910
1.388000 4.575000 0.011900
1.463000 4.575000 0.011890
1.538000 4.575000 0.011880
1.613000 4.575000 0.011860
1.688000 4.575000 0.011840
1.763000 4.575000 0.011830
1.838000 4.575000 0.011810
1.913000 4.575000 0.011790
1.988000 4.575000 0.011770
2.063000 4.575000 0.011740
2.138000 4.575000 0.011720
2.213000 4.575000 0.011700
2.288000 4.575000 0.011670
2.363000 4.575000 0.011650
2.438000 4.575000 0.011620
2.513000 4.575000 0.011590
2.588000 4.575000 0.011570
2.663000 4.575000 0.011540
2.738000 4.575000 0.011520
2.813000 4.575000 0.011490
2.888000 4.575000 0.011470
2.963000 4.575000 0.011440
3.038000 4.575000 0.011420
3.113000 4.575000 0.011400
3.188000 4.575000 0.011380
3.263000 4.575000 0.011360
3.338000 4.575000 0.011340
3.413000 4.575000 0.011330
3.488000 4.575000 0.011320
3.563000 4.575000 0.011310
3.638000 4.575000 0.011300
3.713000 4.575000 0.011290
3.788000 4.575000 0.011290
3.863000 4.575000 0.000000
-0.037500 4.725000 0.000000
0.037500 4.725000 0.009798
0.112500 4.725000 0.009798
0.187500 4.725000 0.009797
0.262500 4.725000 0.009797
0.337500 4.725000 0.009797
0.412500 4.725000 0.009796
0.487500 4.725000 0.009796
0.562500 4.725000 0.009795
0.637500 4.725000 0.009794
0.712500 4.725000 0.009792
0.787500 4.725000 0.009790
0.862500 4.725000 0.009788
0.937500 4.725000 0.009784
1.012000 4.725000 0.009780
1.087000 4.725000 0.009776
1.163000 4.725000 0.009770
1.238000 4.725000 0.009764
1.313000 4.725000 0.009756
1.388000 4.725000 0.009747
1.463000 4.725000 0.009738
1.538000 4.725000 0.009727
1.613000 4.725000 0.009715
1.688000 4.725000 0.009702
1.763000 4.725000 0.009687
1.838000 4.725000 0.009672
1.913000 4.725000 0.009655
1.988000 4.725000 0.009638
2.063000 4.725000 0.009620
2.138000 4.725000 0.009601
2.213000 4.725000 0.009581
2.288000 4.725000 0.009560
2.363000 4.725000 0.009540
2.438000 4.725000 0.009518
2.513000 4.725000 0.009497
2.588000 4.725000 0.009476
2.663000 4.725000 0.009455
2.738000 4.725000 0.009434
2.813000 4.725000 0.009414
2.888000 4.725000 0.009394
2.963000 4.725000 0.009375
3.038000 4.725000 0.009357
3.113000 4.725000 0.009340
3.188000 4.725000 0.009324
3.263000 4.725000 0.009309
3.338000 4.725000 0.009296
3.413000 4.725000 0.009284
3.488000 4.725000 0.009274
3.563000 4.725000 0.009265
3.638000 4.725000 0.009257
3.713000 4.725000 0.009251
3.788000 4.725000 0.009249
3.863000 4.725000 0.000000
-0.037500 4.875000 0.000000
0.037500 4.875000 0.008418
0.112500 4.875000 0.008418
0.187500 4.875000 0.008417
0.262500 4.875000 0.008416
0.337500 4.875000 0.008416
0.412500 4.875000 0.008415
0.487500 4.875000 0.008414
0.562500 4.875000 0.008413
0.637500 4.875000 0.008412
0.712500 4.875000 0.008410
0.787500 4.875000 0.008408
0.862500 4.875000 0.008406
0.937500 4.875000 0.008403
1.012000 4.875000 0.008399
1.087000 4.875000 0.008395
1.163000 4.875000 0.008390
1.238000 4.875000 0.008384
1.313000 4.875000 0.008377
1.388000 4.875000 0.008369
1.463000 4.875000 0.008361
1.538000 4.875000 0.008351
1.613000 4.875000 0.008341
1.688000 4.875000 0.008330
1.763000 4.875000 0.008317
1.838000 4.875000 0.008304
1.913000 4.875000 0.008290
1.988000 4.875000 0.008275
2.063000 4.875000 0.008260
2.138000 4.875000 0.008243
2.213000 4.875000 0.008226
2.288000 4.875000 0.008209
2.363000 4.875000 0.008191
2.438000 4.875000 0.008173
2.513000 4.875000 0.008155
2.588000 4.875000 0.008137
2.663000 4.875000 0.008119
2.738000 4.875000 0.008102
2.813000 4.875000 0.008085
2.888000 4.875000 0.008068
2.963000 4.875000 0.008052
3.038000 4.875000 0.008036
3.113000 4.875000 0.008022
3.188000 4.875000 0.008009
3.263000 4.875000 0.007996
3.338000 4.875000 0.007985
3.413000 4.875000 0.007975
3.488000 4.875000 0.007966
3.563000 4.875000 0.007958
3.638000 4.875000 0.007951
3.713000 4.875000 0.007946
3.788000 4.875000 0.007944
3.863000 4.875000 0.000000
-0.037500 5.025000 0.000000
0.037500 5.025000 0.007747
0.112500 5.025000 0.007747
0.187500 5.025000 0.007747
0.262500 5.025000 0.007746
0.337500 5.025000 0.007745
0.412500 5.025000 0.007745
0.487500 5.025000 0.007744
0.562500 5.025000 0.007743
0.637500 5.025000 0.007742
0.712500 5.025000 0.007740
0.787500 5.025000 0.007738
0.862500 5.025000 0.007736
0.937500 5.025000 0.007733
1.012000 5.025000 0.007729
1.087000 5.025000 0.007725
1.163000 5.025000 0.007721
1.238000 5.025000 0.007715
1.313000 5.025000 0.007709
1.388000 5.025000 0.007702
1.463000 5.025000 0.007694
1.538000 5.025000 0.007685
1.613000 5.025000 0.007676
1.688000 5.025000 0.007665
1.763000 5.025000 0.007654
1.838000 5.025000 0.007642
1.913000 5.025000 0.007629
1.988000 5.025000 0.007615
2.063000 5.025000 0.007601
2.138000 5.025000 0.007586
2.213000 5.025000 0.007570
2.288000 5.025000 0.007554
2.363000 5.025000 0.007538
2.438000 5.025000 0.007522
2.513000 5.025000 0.007505
2.588000 5.025000 0.007489
2.663000 5.025000 0.007473
2.738000 5.025000 0.007456
2.813000 5.025000 0.007441
2.888000 5.025000 0.007425
2.963000 5.025000 0.007411
3.038000 5.025000 0.007397
3.113000 5.025000 0.007384
3.188000 5.025000 0.007371
3.263000 5.025000 0.007360
3.338000 5.025000 0.007349
3.413000 5.025000 0.007340
3.488000 5.025000 0.007332
3.563000 5.025000 0.007325
3.638000 5.025000 0.007319
3.713000 5.025000 0.007314
3.788000 5.025000 0.007312
3.863000 5.025000 0.000000
-0.037500 5.175000 0.000000
0.037500 5.175000 0.000000
0.112500 5.175000 0.000000
0.187500 5.175000 0.000000
0.262500 5.175000 0.000000
0.337500 5.175000 0.000000
0.412500 5.175000 0.000000
0.487500 5.175000 0.000000
0.562500 5.175000 0.000000
0.637500 5.175000 0.000000
0.712500 5.175000 0.000000
0.787500 5.175000 0.000000
0.862500 5.175000 0.000000
0.937500 5.175000 0.000000
1.012000 5.175000 0.000000
1.087000 5.175000 0.000000
1.163000 5.175000 0.000000
1.238000 5.175000 0.000000
1.313000 5.175000 0.000000
1.388000 5.175000 0.000000
1.463000 5.175000 0.000000
1.538000 5.175000 0.000000
1.613000 5.175000 0.000000
1.688000 5.175000 0.000000
1.763000 5.175000 0.000000
1.838000 5.175000 0.000000
1.913000 5.175000 0.000000
1.988000 5.175000 0.000000
2.063000 5.175000 0.000000
2.138000 5.175000 0.000000
2.213000 5.175000 0.000000
2.288000 5.175000 0.000000
2.363000 5.175000 0.000000
2.438000 5.175000 0.000000
2.513000 5.175000 0.000000
2.588000 5.175000 0.000000
2.663000 5.175000 0.000000
2.738000 5.175000 0.000000
2.813000 5.175000 0.000000
2.888000 5.175000 0.000000
2.963000 5.175000 0.000000
3.038000 5.175000 0.000000
3.113000 5.175000 0.000000
3.188000 5.175000 0.000000
3.263000 5.175000 0.000000
3.338000 5.175000 0.000000
3.413000 5.175000 0.000000
3.488000 5.175000 0.000000
3.563000 5.175000 0.000000
3.638000 5.175000 0.000000
3.713000 5.175000 0.000000
3.788000 5.175000 0.000000
3.863000 5.175000 0.000000
