-0.037500 -0.075000 0.000000
0.037500 -0.075000 0.000000
0.112500 -0.075000 0.000000
0.187500 -0.075000 0.000000
0.262500 -0.075000 0.000000
0.337500 -0.075000 0.000000
0.412500 -0.075000 0.000000
0.487500 -0.075000 0.000000
0.562500 -0.075000 0.000000
0.637500 -0.075000 0.000000
0.712500 -0.075000 0.000000
0.787500 -0.075000 0.000000
0.862500 -0.075000 0.000000
0.937500 -0.075000 0.000000
1.012000 -0.075000 0.000000
1.087000 -0.075000 0.000000
1.163000 -0.075000 0.000000
1.238000 -0.075000 0.000000
1.313000 -0.075000 0.000000
1.388000 -0.075000 0.000000
1.463000 -0.075000 0.000000
1.538000 -0.075000 0.000000
1.613000 -0.075000 0.000000
1.688000 -0.075000 0.000000
1.763000 -0.075000 0.000000
1.838000 -0.075000 0.000000
1.913000 -0.075000 0.000000
1.988000 -0.075000 0.000000
2.063000 -0.075000 0.000000
2.138000 -0.075000 0.000000
2.213000 -0.075000 0.000000
2.288000 -0.075000 0.000000
2.363000 -0.075000 0.000000
2.438000 -0.075000 0.000000
2.513000 -0.075000 0.000000
2.588000 -0.075000 0.000000
2.663000 -0.075000 0.000000
2.738000 -0.075000 0.000000
2.813000 -0.075000 0.000000
2.888000 -0.075000 0.000000
2.963000 -0.075000 0.000000
3.038000 -0.075000 0.000000
3.113000 -0.075000 0.000000
3.188000 -0.075000 0.000000
3.263000 -0.075000 0.000000
3.338000 -0.075000 0.000000
3.413000 -0.075000 0.000000
3.488000 -0.075000 0.000000
3.563000 -0.075000 0.000000
3.638000 -0.075000 0.000000
3.713000 -0.075000 0.000000
3.788000 -0.075000 0.000000
3.863000 -0.075000 0.000000
-0.037500 0.075000 0.000000
0.037500 0.075000 0.000200
0.112500 0.075000 0.000400
0.187500 0.075000 0.000600
0.262500 0.075000 0.000800
0.337500 0.075000 0.001010
0.412500 0.075000 0.001210
0.487500 0.075000 0.001410
0.562500 0.075000 0.001610
0.637500 0.075000 0.001810
0.712500 0.075000 0.002010
0.787500 0.075000 0.002200
0.862500 0.075000 0.002400
0.937500 0.075000 0.002590
1.012000 0.075000 0.002780
1.087000 0.075000 0.002970
1.163000 0.075000 0.003140
1.238000 0.075000 0.003320
1.313000 0.075000 0.003480
1.388000 0.075000 0.003630
1.463000 0.075000 0.003770
1.538000 0.075000 0.003900
1.613000 0.075000 0.004000
1.688000 0.075000 0.004090
1.763000 0.075000 0.004160
1.838000 0.075000 0.004200
1.913000 0.075000 0.004230
1.988000 0.075000 0.004220
2.063000 0.075000 0.004200
2.138000 0.075000 0.004160
2.213000 0.075000 0.004090
2.288000 0.075000 0.004010
2.363000 0.075000 0.003920
2.438000 0.075000 0.003820
2.513000 0.075000 0.003710
2.588000 0.075000 0.003590
2.663000 0.075000 0.003470
2.738000 0.075000 0.003350
2.813000 0.075000 0.003230
2.888000 0.075000 0.003120
2.963000 0.075000 0.003000
3.038000 0.075000 0.002890
3.113000 0.075000 0.002780
3.188000 0.075000 0.002670
3.263000 0.075000 0.002570
3.338000 0.075000 0.002480
3.413000 0.075000 0.002380
3.488000 0.075000 0.002300
3.563000 0.075000 0.002210
3.638000 0.075000 0.002130
3.713000 0.075000 0.002050
3.788000 0.075000 0.001980
3.863000 0.075000 0.000000
-0.037500 0.225000 0.000000
0.037500 0.225000 0.000200
0.112500 0.225000 0.000400
0.187500 0.225000 0.000600
0.262500 0.225000 0.000800
0.337500 0.225000 0.001010
0.412500 0.225000 0.001210
0.487500 0.225000 0.001410
0.562500 0.225000 0.001610
0.637500 0.225000 0.001810
0.712500 0.225000 0.002010
0.787500 0.225000 0.002200
0.862500 0.225000 0.002400
0.937500 0.225000 0.002590
1.012000 0.225000 0.002780
1.087000 0.225000 0.002970
1.163000 0.225000 0.003140
1.238000 0.225000 0.003320
1.313000 0.225000 0.003480
1.388000 0.225000 0.003630
1.463000 0.225000 0.003770
1.538000 0.225000 0.003900
1.613000 0.225000 0.004000
1.688000 0.225000 0.004090
1.763000 0.225000 0.004160
1.838000 0.225000 0.004200
1.913000 0.225000 0.004230
1.988000 0.225000 0.004220
2.063000 0.225000 0.004200
2.138000 0.225000 0.004160
2.213000 0.225000 0.004090
2.288000 0.225000 0.004010
2.363000 0.225000 0.003920
2.438000 0.225000 0.003820
2.513000 0.225000 0.003710
2.588000 0.225000 0.003590
2.663000 0.225000 0.003470
2.738000 0.225000 0.003350
2.813000 0.225000 0.003230
2.888000 0.225000 0.003120
2.963000 0.225000 0.003000
3.038000 0.225000 0.002890
3.113000 0.225000 0.002780
3.188000 0.225000 0.002670
3.263000 0.225000 0.002570
3.338000 0.225000 0.002480
3.413000 0.225000 0.002380
3.488000 0.225000 0.002300
3.563000 0.225000 0.002210
3.638000 0.225000 0.002130
3.713000 0.225000 0.002050
3.788000 0.225000 0.001980
3.863000 0.225000 0.000000
-0.037500 0.375000 0.000000
0.037500 0.375000 0.072640
0.112500 0.375000 0.072710
0.187500 0.375000 0.072830
0.262500 0.375000 0.072990
0.337500 0.375000 0.073170
0.412500 0.375000 0.073360
0.487500 0.375000 0.073570
0.562500 0.375000 0.073790
0.637500 0.375000 0.074010
0.712500 0.375000 0.074240
0.787500 0.375000 0.074470
0.862500 0.375000 0.074700
0.937500 0.375000 0.074920
1.012000 0.375000 0.075130
1.087000 0.375000 0.075330
1.163000 0.375000 0.075520
1.238000 0.375000 0.075690
1.313000 0.375000 0.075840
1.388000 0.375000 0.075970
1.463000 0.375000 0.076070
1.538000 0.375000 0.076140
1.613000 0.375000 0.076180
1.688000 0.375000 0.076180
1.763000 0.375000 0.076160
1.838000 0.375000 0.076100
1.913000 0.375000 0.076000
1.988000 0.375000 0.075870
2.063000 0.375000 0.075710
2.138000 0.375000 0.075510
2.213000 0.375000 0.075290
2.288000 0.375000 0.075050
2.363000 0.375000 0.074780
2.438000 0.375000 0.074490
2.513000 0.375000 0.074200
2.588000 0.375000 0.073890
2.663000 0.375000 0.073580
2.738000 0.375000 0.073260
2.813000 0.375000 0.072950
2.888000 0.375000 0.072640
2.963000 0.375000 0.072340
3.038000 0.375000 0.072050
3.113000 0.375000 0.071780
3.188000 0.375000 0.071520
3.263000 0.375000 0.071280
3.338000 0.375000 0.071060
3.413000 0.375000 0.070850
3.488000 0.375000 0.070680
3.563000 0.375000 0.070530
3.638000 0.375000 0.070410
3.713000 0.375000 0.070320
3.788000 0.375000 0.070270
3.863000 0.375000 0.000000
-0.037500 0.525000 0.000000
0.037500 0.525000 0.140800
0.112500 0.525000 0.140800
0.187500 0.525000 0.140900
0.262500 0.525000 0.141000
0.337500 0.525000 0.141200
0.412500 0.525000 0.141300
0.487500 0.525000 0.141500
0.562500 0.525000 0.141700
0.637500 0.525000 0.141900
0.712500 0.525000 0.142100
0.787500 0.525000 0.142300
0.862500 0.525000 0.142500
0.937500 0.525000 0.142700
1.012000 0.525000 0.142900
1.087000 0.525000 0.143100
1.163000 0.525000 0.143200
1.238000 0.525000 0.143400
1.313000 0.525000 0.143500
1.388000 0.525000 0.143500
1.463000 0.525000 0.143600
1.538000 0.525000 0.143600
1.613000 0.525000 0.143500
1.688000 0.525000 0.143400
1.763000 0.525000 0.143300
1.838000 0.525000 0.143100
1.913000 0.525000 0.142900
1.988000 0.525000 0.142700
2.063000 0.525000 0.142400
2.138000 0.525000 0.142100
2.213000 0.525000 0.141700
2.288000 0.525000 0.141300
2.363000 0.525000 0.140900
2.438000 0.525000 0.140500
2.513000 0.525000 0.140000
2.588000 0.525000 0.139600
2.663000 0.525000 0.139100
2.738000 0.525000 0.138600
2.813000 0.525000 0.138200
2.888000 0.525000 0.137700
2.963000 0.525000 0.137300
3.038000 0.525000 0.136900
3.113000 0.525000 0.136500
3.188000 0.525000 0.136100
3.263000 0.525000 0.135800
3.338000 0.525000 0.135400
3.413000 0.525000 0.135200
3.488000 0.525000 0.134900
3.563000 0.525000 0.134700
3.638000 0.525000 0.134600
3.713000 0.525000 0.134500
3.788000 0.525000 0.134400
3.863000 0.525000 0.000000
-0.037500 0.675000 0.000000
0.037500 0.675000 0.181400
0.112500 0.675000 0.181400
0.187500 0.675000 0.181400
0.262500 0.675000 0.181500
0.337500 0.675000 0.181600
0.412500 0.675000 0.181800
0.487500 0.675000 0.181900
0.562500 0.675000 0.182100
0.637500 0.675000 0.182200
0.712500 0.675000 0.182400
0.787500 0.675000 0.182600
0.862500 0.675000 0.182700
0.937500 0.675000 0.182900
1.012000 0.675000 0.183000
1.087000 0.675000 0.183100
1.163000 0.675000 0.183200
1.238000 0.675000 0.183300
1.313000 0.675000 0.183300
1.388000 0.675000 0.183300
1.463000 0.675000 0.183300
1.538000 0.675000 0.183200
1.613000 0.675000 0.183100
1.688000 0.675000 0.183000
1.763000 0.675000 0.182800
1.838000 0.675000 0.182500
1.913000 0.675000 0.182200
1.988000 0.675000 0.181900
2.063000 0.675000 0.181600
2.138000 0.675000 0.181200
2.213000 0.675000 0.180800
2.288000 0.675000 0.180300
2.363000 0.675000 0.179800
2.438000 0.675000 0.179300
2.513000 0.675000 0.178800
2.588000 0.675000 0.178300
2.663000 0.675000 0.177800
2.738000 0.675000 0.177200
2.813000 0.675000 0.176700
2.888000 0.675000 0.176200
2.963000 0.675000 0.175700
3.038000 0.675000 0.175200
3.113000 0.675000 0.174800
3.188000 0.675000 0.174400
3.263000 0.675000 0.174000
3.338000 0.675000 0.173600
3.413000 0.675000 0.173300
3.488000 0.675000 0.173100
3.563000 0.675000 0.172900
3.638000 0.675000 0.172700
3.713000 0.675000 0.172600
3.788000 0.675000 0.172500
3.863000 0.675000 0.000000
-0.037500 0.825000 0.000000
0.037500 0.825000 0.198500
0.112500 0.825000 0.198500
0.187500 0.825000 0.198600
0.262500 0.825000 0.198700
0.337500 0.825000 0.198800
0.412500 0.825000 0.198900
0.487500 0.825000 0.199000
0.562500 0.825000 0.199100
0.637500 0.825000 0.199300
0.712500 0.825000 0.199400
0.787500 0.825000 0.199600
0.862500 0.825000 0.199700
0.937500 0.825000 0.199900
1.012000 0.825000 0.200000
1.087000 0.825000 0.200100
1.163000 0.825000 0.200200
1.238000 0.825000 0.200200
1.313000 0.825000 0.200200
1.388000 0.825000 0.200200
1.463000 0.825000 0.200100
1.538000 0.825000 0.200000
1.613000 0.825000 0.199900
1.688000 0.825000 0.199700
1.763000 0.825000 0.199500
1.838000 0.825000 0.199200
1.913000 0.825000 0.198900
1.988000 0.825000 0.198600
2.063000 0.825000 0.198200
2.138000 0.825000 0.197800
2.213000 0.825000 0.197300
2.288000 0.825000 0.196800
2.363000 0.825000 0.196300
2.438000 0.825000 0.195800
2.513000 0.825000 0.195200
2.588000 0.825000 0.194700
2.663000 0.825000 0.194100
2.738000 0.825000 0.193600
2.813000 0.825000 0.193000
2.888000 0.825000 0.192500
2.963000 0.825000 0.192000
3.038000 0.825000 0.191500
3.113000 0.825000 0.191000
3.188000 0.825000 0.190500
3.263000 0.825000 0.190100
3.338000 0.825000 0.189800
3.413000 0.825000 0.189500
3.488000 0.825000 0.189200
3.563000 0.825000 0.189000
3.638000 0.825000 0.188800
3.713000 0.825000 0.188700
3.788000 0.825000 0.188600
3.863000 0.825000 0.000000
-0.037500 0.975000 0.000000
0.037500 0.975000 0.212300
0.112500 0.975000 0.212300
0.187500 0.975000 0.212400
0.262500 0.975000 0.212400
0.337500 0.975000 0.212500
0.412500 0.975000 0.212600
0.487500 0.975000 0.212800
0.562500 0.975000 0.212900
0.637500 0.975000 0.213000
0.712500 0.975000 0.213200
0.787500 0.975000 0.213300
0.862500 0.975000 0.213500
0.937500 0.975000 0.213600
1.012000 0.975000 0.213700
1.087000 0.975000 0.213800
1.163000 0.975000 0.213900
1.238000 0.975000 0.213900
1.313000 0.975000 0.213900
1.388000 0.975000 0.213900
1.463000 0.975000 0.213800
1.538000 0.975000 0.213700
1.613000 0.975000 0.213500
1.688000 0.975000 0.213300
1.763000 0.975000 0.213100
1.838000 0.975000 0.212800
1.913000 0.975000 0.212400
1.988000 0.975000 0.212100
2.063000 0.975000 0.211600
2.138000 0.975000 0.211200
2.213000 0.975000 0.210700
2.288000 0.975000 0.210200
2.363000 0.975000 0.209600
2.438000 0.975000 0.209100
2.513000 0.975000 0.208500
2.588000 0.975000 0.207900
2.663000 0.975000 0.207300
2.738000 0.975000 0.206800
2.813000 0.975000 0.206200
2.888000 0.975000 0.205600
2.963000 0.975000 0.205100
3.038000 0.975000 0.204500
3.113000 0.975000 0.204000
3.188000 0.975000 0.203600
3.263000 0.975000 0.203200
3.338000 0.975000 0.202800
3.413000 0.975000 0.202400
3.488000 0.975000 0.202200
3.563000 0.975000 0.201900
3.638000 0.975000 0.201800
3.713000 0.975000 0.201700
3.788000 0.975000 0.201600
3.863000 0.975000 0.000000
-0.037500 1.125000 0.000000
0.037500 1.125000 0.222700
0.112500 1.125000 0.222700
0.187500 1.125000 0.222800
0.262500 1.125000 0.222800
0.337500 1.125000 0.222900
0.412500 1.125000 0.223000
0.487500 1.125000 0.223200
0.562500 1.125000 0.223300
0.637500 1.125000 0.223400
0.712500 1.125000 0.223600
0.787500 1.125000 0.223700
0.862500 1.125000 0.223900
0.937500 1.125000 0.224000
1.012000 1.125000 0.224100
1.087000 1.125000 0.224200
1.163000 1.125000 0.224300
1.238000 1.125000 0.224300
1.313000 1.125000 0.224300
1.388000 1.125000 0.224200
1.463000 1.125000 0.224200
1.538000 1.125000 0.224000
1.613000 1.125000 0.223900
1.688000 1.125000 0.223600
1.763000 1.125000 0.223400
1.838000 1.125000 0.223100
1.913000 1.125000 0.222700
1.988000 1.125000 0.222300
2.063000 1.125000 0.221900
2.138000 1.125000 0.221400
2.213000 1.125000 0.220900
2.288000 1.125000 0.220400
2.363000 1.125000 0.219800
2.438000 1.125000 0.219200
2.513000 1.125000 0.218600
2.588000 1.125000 0.218000
2.663000 1.125000 0.217400
2.738000 1.125000 0.216700
2.813000 1.125000 0.216100
2.888000 1.125000 0.215500
2.963000 1.125000 0.215000
3.038000 1.125000 0.214400
3.113000 1.125000 0.213900
3.188000 1.125000 0.213400
3.263000 1.125000 0.213000
3.338000 1.125000 0.212600
3.413000 1.125000 0.212200
3.488000 1.125000 0.211900
3.563000 1.125000 0.211700
3.638000 1.125000 0.211500
3.713000 1.125000 0.211400
3.788000 1.125000 0.211300
3.863000 1.125000 0.000000
-0.037500 1.275000 0.000000
0.037500 1.275000 0.236500
0.112500 1.275000 0.236500
0.187500 1.275000 0.236500
0.262500 1.275000 0.236600
0.337500 1.275000 0.236700
0.412500 1.275000 0.236900
0.487500 1.275000 0.237000
0.562500 1.275000 0.237200
0.637500 1.275000 0.237300
0.712500 1.275000 0.237500
0.787500 1.275000 0.237700
0.862500 1.275000 0.237800
0.937500 1.275000 0.238000
1.012000 1.275000 0.238100
1.087000 1.275000 0.238200
1.163000 1.275000 0.238300
1.238000 1.275000 0.238300
1.313000 1.275000 0.238300
1.388000 1.275000 0.238300
1.463000 1.275000 0.238200
1.538000 1.275000 0.238100
1.613000 1.275000 0.237900
1.688000 1.275000 0.237700
1.763000 1.275000 0.237400
1.838000 1.275000 0.237100
1.913000 1.275000 0.236700
1.988000 1.275000 0.236300
2.063000 1.275000 0.235800
2.138000 1.275000 0.235300
2.213000 1.275000 0.234700
2.288000 1.275000 0.234100
2.363000 1.275000 0.233500
2.438000 1.275000 0.232800
2.513000 1.275000 0.232200
2.588000 1.275000 0.231500
2.663000 1.275000 0.230800
2.738000 1.275000 0.230100
2.813000 1.275000 0.229500
2.888000 1.275000 0.228800
2.963000 1.275000 0.228200
3.038000 1.275000 0.227600
3.113000 1.275000 0.227000
3.188000 1.275000 0.226400
3.263000 1.275000 0.225900
3.338000 1.275000 0.225500
3.413000 1.275000 0.225100
3.488000 1.275000 0.224800
3.563000 1.275000 0.224500
3.638000 1.275000 0.224300
3.713000 1.275000 0.224200
3.788000 1.275000 0.224100
3.863000 1.275000 0.000000
-0.037500 1.425000 0.000000
0.037500 1.425000 0.247300
0.112500 1.425000 0.247300
0.187500 1.425000 0.247400
0.262500 1.425000 0.247500
0.337500 1.425000 0.247600
0.412500 1.425000 0.247700
0.487500 1.425000 0.247900
0.562500 1.425000 0.248100
0.637500 1.425000 0.248200
0.712500 1.425000 0.248400
0.787500 1.425000 0.248600
0.862500 1.425000 0.248800
0.937500 1.425000 0.248900
1.012000 1.425000 0.249100
1.087000 1.425000 0.249200
1.163000 1.425000 0.249300
1.238000 1.425000 0.249400
1.313000 1.425000 0.249400
1.388000 1.425000 0.249300
1.463000 1.425000 0.249300
1.538000 1.425000 0.249100
1.613000 1.425000 0.248900
1.688000 1.425000 0.248700
1.763000 1.425000 0.248400
1.838000 1.425000 0.248000
1.913000 1.425000 0.247600
1.988000 1.425000 0.247200
2.063000 1.425000 0.246700
2.138000 1.425000 0.246100
2.213000 1.425000 0.245500
2.288000 1.425000 0.244900
2.363000 1.425000 0.244200
2.438000 1.425000 0.243500
2.513000 1.425000 0.242800
2.588000 1.425000 0.242100
2.663000 1.425000 0.241300
2.738000 1.425000 0.240600
2.813000 1.425000 0.239900
2.888000 1.425000 0.239200
2.963000 1.425000 0.238500
3.038000 1.425000 0.237800
3.113000 1.425000 0.237200
3.188000 1.425000 0.236700
3.263000 1.425000 0.236100
3.338000 1.425000 0.235700
3.413000 1.425000 0.235300
3.488000 1.425000 0.234900
3.563000 1.425000 0.234600
3.638000 1.425000 0.234400
3.713000 1.425000 0.234300
3.788000 1.425000 0.234200
3.863000 1.425000 0.000000
-0.037500 1.575000 0.000000
0.037500 1.575000 0.249200
0.112500 1.575000 0.249200
0.187500 1.575000 0.249200
0.262500 1.575000 0.249300
0.337500 1.575000 0.249400
0.412500 1.575000 0.249600
0.487500 1.575000 0.249700
0.562500 1.575000 0.249900
0.637500 1.575000 0.250100
0.712500 1.575000 0.250300
0.787500 1.575000 0.250400
0.862500 1.575000 0.250600
0.937500 1.575000 0.250800
1.012000 1.575000 0.250900
1.087000 1.575000 0.251000
1.163000 1.575000 0.251100
1.238000 1.575000 0.251100
1.313000 1.575000 0.251200
1.388000 1.575000 0.251100
1.463000 1.575000 0.251000
1.538000 1.575000 0.250900
1.613000 1.575000 0.250700
1.688000 1.575000 0.250500
1.763000 1.575000 0.250100
1.838000 1.575000 0.249800
1.913000 1.575000 0.249400
1.988000 1.575000 0.248900
2.063000 1.575000 0.248400
2.138000 1.575000 0.247800
2.213000 1.575000 0.247200
2.288000 1.575000 0.246600
2.363000 1.575000 0.245900
2.438000 1.575000 0.245200
2.513000 1.575000 0.244500
2.588000 1.575000 0.243800
2.663000 1.575000 0.243000
2.738000 1.575000 0.242300
2.813000 1.575000 0.241600
2.888000 1.575000 0.240800
2.963000 1.575000 0.240200
3.038000 1.575000 0.239500
3.113000 1.575000 0.238900
3.188000 1.575000 0.238300
3.263000 1.575000 0.237800
3.338000 1.575000 0.237300
3.413000 1.575000 0.236900
3.488000 1.575000 0.236600
3.563000 1.575000 0.236300
3.638000 1.575000 0.236100
3.713000 1.575000 0.236000
3.788000 1.575000 0.235900
3.863000 1.575000 0.000000
-0.037500 1.725000 0.000000
0.037500 1.725000 0.243300
0.112500 1.725000 0.243300
0.187500 1.725000 0.243300
0.262500 1.725000 0.243400
0.337500 1.725000 0.243500
0.412500 1.725000 0.243600
0.487500 1.725000 0.243800
0.562500 1.725000 0.243900
0.637500 1.725000 0.244100
0.712500 1.725000 0.244200
0.787500 1.725000 0.244400
0.862500 1.725000 0.244600
0.937500 1.725000 0.244700
1.012000 1.725000 0.244800
1.087000 1.725000 0.244900
1.163000 1.725000 0.245000
1.238000 1.725000 0.245000
1.313000 1.725000 0.245000
1.388000 1.725000 0.244900
1.463000 1.725000 0.244800
1.538000 1.725000 0.244700
1.613000 1.725000 0.244500
1.688000 1.725000 0.244300
1.763000 1.725000 0.244000
1.838000 1.725000 0.243600
1.913000 1.725000 0.243200
1.988000 1.725000 0.242700
2.063000 1.725000 0.242200
2.138000 1.725000 0.241700
2.213000 1.725000 0.241100
2.288000 1.725000 0.240500
2.363000 1.725000 0.239900
2.438000 1.725000 0.239200
2.513000 1.725000 0.238500
2.588000 1.725000 0.237800
2.663000 1.725000 0.237100
2.738000 1.725000 0.236400
2.813000 1.725000 0.235700
2.888000 1.725000 0.235000
2.963000 1.725000 0.234400
3.038000 1.725000 0.233800
3.113000 1.725000 0.233200
3.188000 1.725000 0.232600
3.263000 1.725000 0.232100
3.338000 1.725000 0.231700
3.413000 1.725000 0.231300
3.488000 1.725000 0.231000
3.563000 1.725000 0.230700
3.638000 1.725000 0.230500
3.713000 1.725000 0.230400
3.788000 1.725000 0.230300
3.863000 1.725000 0.000000
-0.037500 1.875000 0.000000
0.037500 1.875000 0.231200
0.112500 1.875000 0.231200
0.187500 1.875000 0.231200
0.262500 1.875000 0.231300
0.337500 1.875000 0.231400
0.412500 1.875000 0.231500
0.487500 1.875000 0.231600
0.562500 1.875000 0.231700
0.637500 1.875000 0.231800
0.712500 1.875000 0.232000
0.787500 1.875000 0.232100
0.862500 1.875000 0.232200
0.937500 1.875000 0.232300
1.012000 1.875000 0.232400
1.087000 1.875000 0.232400
1.163000 1.875000 0.232500
1.238000 1.875000 0.232500
1.313000 1.875000 0.232500
1.388000 1.875000 0.232400
1.463000 1.875000 0.232300
1.538000 1.875000 0.232100
1.613000 1.875000 0.231900
1.688000 1.875000 0.231700
1.763000 1.875000 0.231400
1.838000 1.875000 0.231100
1.913000 1.875000 0.230700
1.988000 1.875000 0.230300
2.063000 1.875000 0.229800
2.138000 1.875000 0.229300
2.213000 1.875000 0.228800
2.288000 1.875000 0.228200
2.363000 1.875000 0.227600
2.438000 1.875000 0.227000
2.513000 1.875000 0.226400
2.588000 1.875000 0.225700
2.663000 1.875000 0.225100
2.738000 1.875000 0.224400
2.813000 1.875000 0.223800
2.888000 1.875000 0.223200
2.963000 1.875000 0.222600
3.038000 1.875000 0.222100
3.113000 1.875000 0.221500
3.188000 1.875000 0.221100
3.263000 1.875000 0.220600
3.338000 1.875000 0.220200
3.413000 1.875000 0.219900
3.488000 1.875000 0.219600
3.563000 1.875000 0.219400
3.638000 1.875000 0.219200
3.713000 1.875000 0.219100
3.788000 1.875000 0.219000
3.863000 1.875000 0.000000
-0.037500 2.025000 0.000000
0.037500 2.025000 0.214500
0.112500 2.025000 0.214500
0.187500 2.025000 0.214500
0.262500 2.025000 0.214600
0.337500 2.025000 0.214600
0.412500 2.025000 0.214700
0.487500 2.025000 0.214800
0.562500 2.025000 0.214900
0.637500 2.025000 0.215000
0.712500 2.025000 0.215000
0.787500 2.025000 0.215100
0.862500 2.025000 0.215200
0.937500 2.025000 0.215300
1.012000 2.025000 0.215300
1.087000 2.025000 0.215300
1.163000 2.025000 0.215300
1.238000 2.025000 0.215300
1.313000 2.025000 0.215200
1.388000 2.025000 0.215100
1.463000 2.025000 0.215000
1.538000 2.025000 0.214900
1.613000 2.025000 0.214700
1.688000 2.025000 0.214400
1.763000 2.025000 0.214200
1.838000 2.025000 0.213800
1.913000 2.025000 0.213500
1.988000 2.025000 0.213100
2.063000 2.025000 0.212700
2.138000 2.025000 0.212300
2.213000 2.025000 0.211800
2.288000 2.025000 0.211300
2.363000 2.025000 0.210800
2.438000 2.025000 0.210200
2.513000 2.025000 0.209700
2.588000 2.025000 0.209200
2.663000 2.025000 0.208600
2.738000 2.025000 0.208100
2.813000 2.025000 0.207500
2.888000 2.025000 0.207000
2.963000 2.025000 0.206500
3.038000 2.025000 0.206000
3.113000 2.025000 0.205600
3.188000 2.025000 0.205200
3.263000 2.025000 0.204800
3.338000 2.025000 0.204400
3.413000 2.025000 0.204200
3.488000 2.025000 0.203900
3.563000 2.025000 0.203700
3.638000 2.025000 0.203600
3.713000 2.025000 0.203500
3.788000 2.025000 0.203400
3.863000 2.025000 0.000000
-0.037500 2.175000 0.000000
0.037500 2.175000 0.194900
0.112500 2.175000 0.194900
0.187500 2.175000 0.194900
0.262500 2.175000 0.194900
0.337500 2.175000 0.195000
0.412500 2.175000 0.195000
0.487500 2.175000 0.195000
0.562500 2.175000 0.195100
0.637500 2.175000 0.195100
0.712500 2.175000 0.195100
0.787500 2.175000 0.195200
0.862500 2.175000 0.195200
0.937500 2.175000 0.195200
1.012000 2.175000 0.195200
1.087000 2.175000 0.195200
1.163000 2.175000 0.195100
1.238000 2.175000 0.195100
1.313000 2.175000 0.195000
1.388000 2.175000 0.194900
1.463000 2.175000 0.194700
1.538000 2.175000 0.194600
1.613000 2.175000 0.194400
1.688000 2.175000 0.194100
1.763000 2.175000 0.193900
1.838000 2.175000 0.193600
1.913000 2.175000 0.193300
1.988000 2.175000 0.193000
2.063000 2.175000 0.192600
2.138000 2.175000 0.192300
2.213000 2.175000 0.191900
2.288000 2.175000 0.191400
2.363000 2.175000 0.191000
2.438000 2.175000 0.190600
2.513000 2.175000 0.190100
2.588000 2.175000 0.189700
2.663000 2.175000 0.189300
2.738000 2.175000 0.188800
2.813000 2.175000 0.188400
2.888000 2.175000 0.188000
2.963000 2.175000 0.187600
3.038000 2.175000 0.187200
3.113000 2.175000 0.186800
3.188000 2.175000 0.186500
3.263000 2.175000 0.186200
3.338000 2.175000 0.185900
3.413000 2.175000 0.185700
3.488000 2.175000 0.185500
3.563000 2.175000 0.185400
3.638000 2.175000 0.185200
3.713000 2.175000 0.185200
3.788000 2.175000 0.185100
3.863000 2.175000 0.000000
-0.037500 2.325000 0.000000
0.037500 2.325000 0.180900
0.112500 2.325000 0.180900
0.187500 2.325000 0.180900
0.262500 2.325000 0.180900
0.337500 2.325000 0.180900
0.412500 2.325000 0.180900
0.487500 2.325000 0.180900
0.562500 2.325000 0.180900
0.637500 2.325000 0.180900
0.712500 2.325000 0.180900
0.787500 2.325000 0.180900
0.862500 2.325000 0.180900
0.937500 2.325000 0.180900
1.012000 2.325000 0.180800
1.087000 2.325000 0.180800
1.163000 2.325000 0.180700
1.238000 2.325000 0.180600
1.313000 2.325000 0.180500
1.388000 2.325000 0.180400
1.463000 2.325000 0.180200
1.538000 2.325000 0.180100
1.613000 2.325000 0.179900
1.688000 2.325000 0.179700
1.763000 2.325000 0.179400
1.838000 2.325000 0.179200
1.913000 2.325000 0.178900
1.988000 2.325000 0.178600
2.063000 2.325000 0.178300
2.138000 2.325000 0.178000
2.213000 2.325000 0.177600
2.288000 2.325000 0.177300
2.363000 2.325000 0.176900
2.438000 2.325000 0.176500
2.513000 2.325000 0.176200
2.588000 2.325000 0.175800
2.663000 2.325000 0.175400
2.738000 2.325000 0.175100
2.813000 2.325000 0.174700
2.888000 2.325000 0.174400
2.963000 2.325000 0.174100
3.038000 2.325000 0.173800
3.113000 2.325000 0.173500
3.188000 2.325000 0.173200
3.263000 2.325000 0.173000
3.338000 2.325000 0.172700
3.413000 2.325000 0.172500
3.488000 2.325000 0.172400
3.563000 2.325000 0.172300
3.638000 2.325000 0.172200
3.713000 2.325000 0.172100
3.788000 2.325000 0.172100
3.863000 2.325000 0.000000
-0.037500 2.475000 0.000000
0.037500 2.475000 0.173700
0.112500 2.475000 0.173700
0.187500 2.475000 0.173700
0.262500 2.475000 0.173700
0.337500 2.475000 0.173700
0.412500 2.475000 0.173700
0.487500 2.475000 0.173700
0.562500 2.475000 0.173700
0.637500 2.475000 0.173700
0.712500 2.475000 0.173700
0.787500 2.475000 0.173600
0.862500 2.475000 0.173600
0.937500 2.475000 0.173600
1.012000 2.475000 0.173500
1.087000 2.475000 0.173500
1.163000 2.475000 0.173400
1.238000 2.475000 0.173300
1.313000 2.475000 0.173200
1.388000 2.475000 0.173000
1.463000 2.475000 0.172900
1.538000 2.475000 0.172700
1.613000 2.475000 0.172500
1.688000 2.475000 0.172300
1.763000 2.475000 0.172100
1.838000 2.475000 0.171900
1.913000 2.475000 0.171600
1.988000 2.475000 0.171300
2.063000 2.475000 0.171000
2.138000 2.475000 0.170700
2.213000 2.475000 0.170400
2.288000 2.475000 0.170100
2.363000 2.475000 0.169800
2.438000 2.475000 0.169400
2.513000 2.475000 0.169100
2.588000 2.475000 0.168700
2.663000 2.475000 0.168400
2.738000 2.475000 0.168100
2.813000 2.475000 0.167800
2.888000 2.475000 0.167400
2.963000 2.475000 0.167100
3.038000 2.475000 0.166900
3.113000 2.475000 0.166600
3.188000 2.475000 0.166400
3.263000 2.475000 0.166100
3.338000 2.475000 0.165900
3.413000 2.475000 0.165800
3.488000 2.475000 0.165600
3.563000 2.475000 0.165500
3.638000 2.475000 0.165400
3.713000 2.475000 0.165400
3.788000 2.475000 0.165300
3.863000 2.475000 0.000000
-0.037500 2.625000 0.000000
0.037500 2.625000 0.166500
0.112500 2.625000 0.166500
0.187500 2.625000 0.166500
0.262500 2.625000 0.166500
0.337500 2.625000 0.166500
0.412500 2.625000 0.166500
0.487500 2.625000 0.166400
0.562500 2.625000 0.166400
0.637500 2.625000 0.166400
0.712500 2.625000 0.166400
0.787500 2.625000 0.166400
0.862500 2.625000 0.166300
0.937500 2.625000 0.166300
1.012000 2.625000 0.166200
1.087000 2.625000 0.166200
1.163000 2.625000 0.166100
1.238000 2.625000 0.166000
1.313000 2.625000 0.165900
1.388000 2.625000 0.165700
1.463000 2.625000 0.165600
1.538000 2.625000 0.165400
1.613000 2.625000 0.165200
1.688000 2.625000 0.165000
1.763000 2.625000 0.164800
1.838000 2.625000 0.164600
1.913000 2.625000 0.164300
1.988000 2.625000 0.164100
2.063000 2.625000 0.163800
2.138000 2.625000 0.163500
2.213000 2.625000 0.163200
2.288000 2.625000 0.162900
2.363000 2.625000 0.162600
2.438000 2.625000 0.162300
2.513000 2.625000 0.162000
2.588000 2.625000 0.161700
2.663000 2.625000 0.161400
2.738000 2.625000 0.161100
2.813000 2.625000 0.160800
2.888000 2.625000 0.160500
2.963000 2.625000 0.160200
3.038000 2.625000 0.159900
3.113000 2.625000 0.159700
3.188000 2.625000 0.159500
3.263000 2.625000 0.159300
3.338000 2.625000 0.159100
3.413000 2.625000 0.158900
3.488000 2.625000 0.158800
3.563000 2.625000 0.158700
3.638000 2.625000 0.158600
3.713000 2.625000 0.158600
3.788000 2.625000 0.158500
3.863000 2.625000 0.000000
-0.037500 2.775000 0.000000
0.037500 2.775000 0.159300
0.112500 2.775000 0.159300
0.187500 2.775000 0.159300
0.262500 2.775000 0.159300
0.337500 2.775000 0.159300
0.412500 2.775000 0.159300
0.487500 2.775000 0.159300
0.562500 2.775000 0.159300
0.637500 2.775000 0.159300
0.712500 2.775000 0.159200
0.787500 2.775000 0.159200
0.862500 2.775000 0.159200
0.937500 2.775000 0.159100
1.012000 2.775000 0.159100
1.087000 2.775000 0.159000
1.163000 2.775000 0.158900
1.238000 2.775000 0.158800
1.313000 2.775000 0.158700
1.388000 2.775000 0.158600
1.463000 2.775000 0.158400
1.538000 2.775000 0.158300
1.613000 2.775000 0.158100
1.688000 2.775000 0.157900
1.763000 2.775000 0.157700
1.838000 2.775000 0.157500
1.913000 2.775000 0.157200
1.988000 2.775000 0.157000
2.063000 2.775000 0.156700
2.138000 2.775000 0.156500
2.213000 2.775000 0.156200
2.288000 2.775000 0.155900
2.363000 2.775000 0.155600
2.438000 2.775000 0.155300
2.513000 2.775000 0.155000
2.588000 2.775000 0.154700
2.663000 2.775000 0.154400
2.738000 2.775000 0.154100
2.813000 2.775000 0.153800
2.888000 2.775000 0.153600
2.963000 2.775000 0.153300
3.038000 2.775000 0.153100
3.113000 2.775000 0.152800
3.188000 2.775000 0.152600
3.263000 2.775000 0.152400
3.338000 2.775000 0.152300
3.413000 2.775000 0.152100
3.488000 2.775000 0.152000
3.563000 2.775000 0.151900
3.638000 2.775000 0.151800
3.713000 2.775000 0.151800
3.788000 2.775000 0.151700
3.863000 2.775000 0.000000
-0.037500 2.925000 0.000000
0.037500 2.925000 0.145400
0.112500 2.925000 0.145400
0.187500 2.925000 0.145400
0.262500 2.925000 0.145400
0.337500 2.925000 0.145400
0.412500 2.925000 0.145400
0.487500 2.925000 0.145400
0.562500 2.925000 0.145400
0.637500 2.925000 0.145300
0.712500 2.925000 0.145300
0.787500 2.925000 0.145300
0.862500 2.925000 0.145300
0.937500 2.925000 0.145200
1.012000 2.925000 0.145200
1.087000 2.925000 0.145100
1.163000 2.925000 0.145000
1.238000 2.925000 0.144900
1.313000 2.925000 0.144800
1.388000 2.925000 0.144700
1.463000 2.925000 0.144600
1.538000 2.925000 0.144400
1.613000 2.925000 0.144300
1.688000 2.925000 0.144100
1.763000 2.925000 0.143900
1.838000 2.925000 0.143700
1.913000 2.925000 0.143500
1.988000 2.925000 0.143300
2.063000 2.925000 0.143000
2.138000 2.925000 0.142800
2.213000 2.925000 0.142500
2.288000 2.925000 0.142200
2.363000 2.925000 0.142000
2.438000 2.925000 0.141700
2.513000 2.925000 0.141400
2.588000 2.925000 0.141100
2.663000 2.925000 0.140900
2.738000 2.925000 0.140600
2.813000 2.925000 0.140300
2.888000 2.925000 0.140100
2.963000 2.925000 0.139900
3.038000 2.925000 0.139600
3.113000 2.925000 0.139400
3.188000 2.925000 0.139200
3.263000 2.925000 0.139100
3.338000 2.925000 0.138900
3.413000 2.925000 0.138800
3.488000 2.925000 0.138600
3.563000 2.925000 0.138600
3.638000 2.925000 0.138500
3.713000 2.925000 0.138400
3.788000 2.925000 0.138400
3.863000 2.925000 0.000000
-0.037500 3.075000 0.000000
0.037500 3.075000 0.125500
0.112500 3.075000 0.125500
0.187500 3.075000 0.125500
0.262500 3.075000 0.125500
0.337500 3.075000 0.125500
0.412500 3.075000 0.125400
0.487500 3.075000 0.125400
0.562500 3.075000 0.125400
0.637500 3.075000 0.125400
0.712500 3.075000 0.125400
0.787500 3.075000 0.125400
0.862500 3.075000 0.125300
0.937500 3.075000 0.125300
1.012000 3.075000 0.125300
1.087000 3.075000 0.125200
1.163000 3.075000 0.125100
1.238000 3.075000 0.125000
1.313000 3.075000 0.125000
1.388000 3.075000 0.124900
1.463000 3.075000 0.124700
1.538000 3.075000 0.124600
1.613000 3.075000 0.124500
1.688000 3.075000 0.124300
1.763000 3.075000 0.124200
1.838000 3.075000 0.124000
1.913000 3.075000 0.123800
1.988000 3.075000 0.123600
2.063000 3.075000 0.123400
2.138000 3.075000 0.123200
2.213000 3.075000 0.122900
2.288000 3.075000 0.122700
2.363000 3.075000 0.122500
2.438000 3.075000 0.122200
2.513000 3.075000 0.122000
2.588000 3.075000 0.121700
2.663000 3.075000 0.121500
2.738000 3.075000 0.121300
2.813000 3.075000 0.121000
2.888000 3.075000 0.120800
2.963000 3.075000 0.120600
3.038000 3.075000 0.120400
3.113000 3.075000 0.120200
3.188000 3.075000 0.120100
3.263000 3.075000 0.119900
3.338000 3.075000 0.119800
3.413000 3.075000 0.119700
3.488000 3.075000 0.119600
3.563000 3.075000 0.119500
3.638000 3.075000 0.119400
3.713000 3.075000 0.119400
3.788000 3.075000 0.119400
3.863000 3.075000 0.000000
-0.037500 3.225000 0.000000
0.037500 3.225000 0.106900
0.112500 3.225000 0.106900
0.187500 3.225000 0.106900
0.262500 3.225000 0.106900
0.337500 3.225000 0.106900
0.412500 3.225000 0.106900
0.487500 3.225000 0.106900
0.562500 3.225000 0.106900
0.637500 3.225000 0.106900
0.712500 3.225000 0.106900
0.787500 3.225000 0.106900
0.862500 3.225000 0.106800
0.937500 3.225000 0.106800
1.012000 3.225000 0.106700
1.087000 3.225000 0.106700
1.163000 3.225000 0.106600
1.238000 3.225000 0.106600
1.313000 3.225000 0.106500
1.388000 3.225000 0.106400
1.463000 3.225000 0.106300
1.538000 3.225000 0.106200
1.613000 3.225000 0.106100
1.688000 3.225000 0.105900
1.763000 3.225000 0.105800
1.838000 3.225000 0.105600
1.913000 3.225000 0.105500
1.988000 3.225000 0.105300
2.063000 3.225000 0.105100
2.138000 3.225000 0.104900
2.213000 3.225000 0.104700
2.288000 3.225000 0.104500
2.363000 3.225000 0.104300
2.438000 3.225000 0.104100
2.513000 3.225000 0.103900
2.588000 3.225000 0.103700
2.663000 3.225000 0.103500
2.738000 3.225000 0.103300
2.813000 3.225000 0.103100
2.888000 3.225000 0.102900
2.963000 3.225000 0.102800
3.038000 3.225000 0.102600
3.113000 3.225000 0.102400
3.188000 3.225000 0.102300
3.263000 3.225000 0.102200
3.338000 3.225000 0.102000
3.413000 3.225000 0.101900
3.488000 3.225000 0.101900
3.563000 3.225000 0.101800
3.638000 3.225000 0.101700
3.713000 3.225000 0.101700
3.788000 3.225000 0.101700
3.863000 3.225000 0.000000
-0.037500 3.375000 0.000000
0.037500 3.375000 0.090110
0.112500 3.375000 0.090110
0.187500 3.375000 0.090110
0.262500 3.375000 0.090110
0.337500 3.375000 0.090100
0.412500 3.375000 0.090100
0.487500 3.375000 0.090090
0.562500 3.375000 0.090090
0.637500 3.375000 0.090070
0.712500 3.375000 0.090060
0.787500 3.375000 0.090040
0.862500 3.375000 0.090010
0.937500 3.375000 0.089980
1.012000 3.375000 0.089950
1.087000 3.375000 0.089900
1.163000 3.375000 0.089850
1.238000 3.375000 0.089790
1.313000 3.375000 0.089730
1.388000 3.375000 0.089650
1.463000 3.375000 0.089570
1.538000 3.375000 0.089470
1.613000 3.375000 0.089370
1.688000 3.375000 0.089260
1.763000 3.375000 0.089140
1.838000 3.375000 0.089010
1.913000 3.375000 0.088870
1.988000 3.375000 0.088720
2.063000 3.375000 0.088570
2.138000 3.375000 0.088410
2.213000 3.375000 0.088240
2.288000 3.375000 0.088080
2.363000 3.375000 0.087900
2.438000 3.375000 0.087730
2.513000 3.375000 0.087560
2.588000 3.375000 0.087380
2.663000 3.375000 0.087210
2.738000 3.375000 0.087040
2.813000 3.375000 0.086880
2.888000 3.375000 0.086720
2.963000 3.375000 0.086570
3.038000 3.375000 0.086430
3.113000 3.375000 0.086290
3.188000 3.375000 0.086170
3.263000 3.375000 0.086060
3.338000 3.375000 0.085960
3.413000 3.375000 0.085870
3.488000 3.375000 0.085800
3.563000 3.375000 0.085740
3.638000 3.375000 0.085690
3.713000 3.375000 0.085660
3.788000 3.375000 0.085650
3.863000 3.375000 0.000000
-0.037500 3.525000 0.000000
0.037500 3.525000 0.075140
0.112500 3.525000 0.075140
0.187500 3.525000 0.075140
0.262500 3.525000 0.075140
0.337500 3.525000 0.075130
0.412500 3.525000 0.075130
0.487500 3.525000 0.075120
0.562500 3.525000 0.075120
0.637500 3.525000 0.075100
0.712500 3.525000 0.075090
0.787500 3.525000 0.075070
0.862500 3.525000 0.075050
0.937500 3.525000 0.075030
1.012000 3.525000 0.074990
1.087000 3.525000 0.074960
1.163000 3.525000 0.074910
1.238000 3.525000 0.074860
1.313000 3.525000 0.074810
1.388000 3.525000 0.074740
1.463000 3.525000 0.074670
1.538000 3.525000 0.074590
1.613000 3.525000 0.074500
1.688000 3.525000 0.074410
1.763000 3.525000 0.074310
1.838000 3.525000 0.074200
1.913000 3.525000 0.074080
1.988000 3.525000 0.073960
2.063000 3.525000 0.073830
2.138000 3.525000 0.073700
2.213000 3.525000 0.073560
2.288000 3.525000 0.073420
2.363000 3.525000 0.073280
2.438000 3.525000 0.073130
2.513000 3.525000 0.072990
2.588000 3.525000 0.072840
2.663000 3.525000 0.072700
2.738000 3.525000 0.072560
2.813000 3.525000 0.072420
2.888000 3.525000 0.072290
2.963000 3.525000 0.072160
3.038000 3.525000 0.072050
3.113000 3.525000 0.071930
3.188000 3.525000 0.071830
3.263000 3.525000 0.071740
3.338000 3.525000 0.071650
3.413000 3.525000 0.071580
3.488000 3.525000 0.071520
3.563000 3.525000 0.071470
3.638000 3.525000 0.071430
3.713000 3.525000 0.071400
3.788000 3.525000 0.071390
3.863000 3.525000 0.000000
-0.037500 3.675000 0.000000
0.037500 3.675000 0.062060
0.112500 3.675000 0.062060
0.187500 3.675000 0.062060
0.262500 3.675000 0.062060
0.337500 3.675000 0.062050
0.412500 3.675000 0.062050
0.487500 3.675000 0.062040
0.562500 3.675000 0.062040
0.637500 3.675000 0.062030
0.712500 3.675000 0.062010
0.787500 3.675000 0.062000
0.862500 3.675000 0.061980
0.937500 3.675000 0.061960
1.012000 3.675000 0.061930
1.087000 3.675000 0.061900
1.163000 3.675000 0.061860
1.238000 3.675000 0.061820
1.313000 3.675000 0.061770
1.388000 3.675000 0.061720
1.463000 3.675000 0.061660
1.538000 3.675000 0.061590
1.613000 3.675000 0.061520
1.688000 3.675000 0.061440
1.763000 3.675000 0.061360
1.838000 3.675000 0.061260
1.913000 3.675000 0.061170
1.988000 3.675000 0.061070
2.063000 3.675000 0.060960
2.138000 3.675000 0.060850
2.213000 3.675000 0.060740
2.288000 3.675000 0.060620
2.363000 3.675000 0.060500
2.438000 3.675000 0.060380
2.513000 3.675000 0.060260
2.588000 3.675000 0.060140
2.663000 3.675000 0.060030
2.738000 3.675000 0.059910
2.813000 3.675000 0.059800
2.888000 3.675000 0.059690
2.963000 3.675000 0.059580
3.038000 3.675000 0.059490
3.113000 3.675000 0.059390
3.188000 3.675000 0.059310
3.263000 3.675000 0.059230
3.338000 3.675000 0.059160
3.413000 3.675000 0.059100
3.488000 3.675000 0.059050
3.563000 3.675000 0.059010
3.638000 3.675000 0.058970
3.713000 3.675000 0.058950
3.788000 3.675000 0.058940
3.863000 3.675000 0.000000
-0.037500 3.825000 0.000000
0.037500 3.825000 0.050830
0.112500 3.825000 0.050830
0.187500 3.825000 0.050820
0.262500 3.825000 0.050820
0.337500 3.825000 0.050820
0.412500 3.825000 0.050820
0.487500 3.825000 0.050810
0.562500 3.825000 0.050800
0.637500 3.825000 0.050790
0.712500 3.825000 0.050780
0.787500 3.825000 0.050770
0.862500 3.825000 0.050750
0.937500 3.825000 0.050730
1.012000 3.825000 0.050710
1.087000 3.825000 0.050690
1.163000 3.825000 0.050650
1.238000 3.825000 0.050620
1.313000 3.825000 0.050580
1.388000 3.825000 0.050530
1.463000 3.825000 0.050480
1.538000 3.825000 0.050430
1.613000 3.825000 0.050370
1.688000 3.825000 0.050300
1.763000 3.825000 0.050230
1.838000 3.825000 0.050160
1.913000 3.825000 0.050080
1.988000 3.825000 0.050000
2.063000 3.825000 0.049910
2.138000 3.825000 0.049820
2.213000 3.825000 0.049730
2.288000 3.825000 0.049630
2.363000 3.825000 0.049540
2.438000 3.825000 0.049440
2.513000 3.825000 0.049340
2.588000 3.825000 0.049240
2.663000 3.825000 0.049150
2.738000 3.825000 0.049050
2.813000 3.825000 0.048960
2.888000 3.825000 0.048870
2.963000 3.825000 0.048790
3.038000 3.825000 0.048710
3.113000 3.825000 0.048630
3.188000 3.825000 0.048560
3.263000 3.825000 0.048500
3.338000 3.825000 0.048440
3.413000 3.825000 0.048390
3.488000 3.825000 0.048350
3.563000 3.825000 0.048310
3.638000 3.825000 0.048280
3.713000 3.825000 0.048270
3.788000 3.825000 0.048260
3.863000 3.825000 0.000000
-0.037500 3.975000 0.000000
0.037500 3.975000 0.041340
0.112500 3.975000 0.041340
0.187500 3.975000 0.041340
0.262500 3.975000 0.041340
0.337500 3.975000 0.041340
0.412500 3.975000 0.041330
0.487500 3.975000 0.041330
0.562500 3.975000 0.041320
0.637500 3.975000 0.041310
0.712500 3.975000 0.041300
0.787500 3.975000 0.041290
0.862500 3.975000 0.041280
0.937500 3.975000 0.041260
1.012000 3.975000 0.041240
1.087000 3.975000 0.041220
1.163000 3.975000 0.041200
1.238000 3.975000 0.041170
1.313000 3.975000 0.041130
1.388000 3.975000 0.041100
1.463000 3.975000 0.041050
1.538000 3.975000 0.041010
1.613000 3.975000 0.040960
1.688000 3.975000 0.040910
1.763000 3.975000 0.040850
1.838000 3.975000 0.040790
1.913000 3.975000 0.040730
1.988000 3.975000 0.040660
2.063000 3.975000 0.040590
2.138000 3.975000 0.040510
2.213000 3.975000 0.040440
2.288000 3.975000 0.040360
2.363000 3.975000 0.040280
2.438000 3.975000 0.040200
2.513000 3.975000 0.040120
2.588000 3.975000 0.040050
2.663000 3.975000 0.039970
2.738000 3.975000 0.039890
2.813000 3.975000 0.039820
2.888000 3.975000 0.039740
2.963000 3.975000 0.039680
3.038000 3.975000 0.039610
3.113000 3.975000 0.039550
3.188000 3.975000 0.039490
3.263000 3.975000 0.039440
3.338000 3.975000 0.039390
3.413000 3.975000 0.039350
3.488000 3.975000 0.039320
3.563000 3.975000 0.039290
3.638000 3.975000 0.039270
3.713000 3.975000 0.039250
3.788000 3.975000 0.039250
3.863000 3.975000 0.000000
-0.037500 4.125000 0.000000
0.037500 4.125000 0.033480
0.112500 4.125000 0.033480
0.187500 4.125000 0.033480
0.262500 4.125000 0.033480
0.337500 4.125000 0.033470
0.412500 4.125000 0.033470
0.487500 4.125000 0.033470
0.562500 4.125000 0.033460
0.637500 4.125000 0.033450
0.712500 4.125000 0.033450
0.787500 4.125000 0.033440
0.862500 4.125000 0.033420
0.937500 4.125000 0.033410
1.012000 4.125000 0.033390
1.087000 4.125000 0.033380
1.163000 4.125000 0.033350
1.238000 4.125000 0.033330
1.313000 4.125000 0.033300
1.388000 4.125000 0.033270
1.463000 4.125000 0.033240
1.538000 4.125000 0.033200
1.613000 4.125000 0.033160
1.688000 4.125000 0.033120
1.763000 4.125000 0.033070
1.838000 4.125000 0.033020
1.913000 4.125000 0.032970
1.988000 4.125000 0.032920
2.063000 4.125000 0.032860
2.138000 4.125000 0.032800
2.213000 4.125000 0.032740
2.288000 4.125000 0.032680
2.363000 4.125000 0.032610
2.438000 4.125000 0.032550
2.513000 4.125000 0.032490
2.588000 4.125000 0.032420
2.663000 4.125000 0.032360
2.738000 4.125000 0.032300
2.813000 4.125000 0.032240
2.888000 4.125000 0.032180
2.963000 4.125000 0.032120
3.038000 4.125000 0.032070
3.113000 4.125000 0.032020
3.188000 4.125000 0.031980
3.263000 4.125000 0.031930
3.338000 4.125000 0.031900
3.413000 4.125000 0.031860
3.488000 4.125000 0.031840
3.563000 4.125000 0.031810
3.638000 4.125000 0.031790
3.713000 4.125000 0.031780
3.788000 4.125000 0.031780
3.863000 4.125000 0.000000
-0.037500 4.275000 0.000000
0.037500 4.275000 0.027090
0.112500 4.275000 0.027090
0.187500 4.275000 0.027090
0.262500 4.275000 0.027090
0.337500 4.275000 0.027090
0.412500 4.275000 0.027080
0.487500 4.275000 0.027080
0.562500 4.275000 0.027070
0.637500 4.275000 0.027070
0.712500 4.275000 0.027060
0.787500 4.275000 0.027050
0.862500 4.275000 0.027040
0.937500 4.275000 0.027030
1.012000 4.275000 0.027020
1.087000 4.275000 0.027000
1.163000 4.275000 0.026980
1.238000 4.275000 0.026960
1.313000 4.275000 0.026940
1.388000 4.275000 0.026920
1.463000 4.275000 0.026890
1.538000 4.275000 0.026860
1.613000 4.275000 0.026830
1.688000 4.275000 0.026790
1.763000 4.275000 0.026750
1.838000 4.275000 0.026710
1.913000 4.275000 0.026670
1.988000 4.275000 0.026630
2.063000 4.275000 0.026580
2.138000 4.275000 0.026530
2.213000 4.275000 0.026480
2.288000 4.275000 0.026430
2.363000 4.275000 0.026380
2.438000 4.275000 0.026330
2.513000 4.275000 0.026280
2.588000 4.275000 0.026230
2.663000 4.275000 0.026180
2.738000 4.275000 0.026130
2.813000 4.275000 0.026080
2.888000 4.275000 0.026030
2.963000 4.275000 0.025990
3.038000 4.275000 0.025950
3.113000 4.275000 0.025910
3.188000 4.275000 0.025870
3.263000 4.275000 0.025840
3.338000 4.275000 0.025810
3.413000 4.275000 0.025780
3.488000 4.275000 0.025760
3.563000 4.275000 0.025740
3.638000 4.275000 0.025720
3.713000 4.275000 0.025710
3.788000 4.275000 0.025710
3.863000 4.275000 0.000000
-0.037500 4.425000 0.000000
0.037500 4.425000 0.022030
0.112500 4.425000 0.022030
0.187500 4.425000 0.022030
0.262500 4.425000 0.022030
0.337500 4.425000 0.022030
0.412500 4.425000 0.022020
0.487500 4.425000 0.022020
0.562500 4.425000 0.022020
0.637500 4.425000 0.022010
0.712500 4.425000 0.022000
0.787500 4.425000 0.022000
0.862500 4.425000 0.021990
0.937500 4.425000 0.021980
1.012000 4.425000 0.021970
1.087000 4.425000 0.021950
1.163000 4.425000 0.021940
1.238000 4.425000 0.021920
1.313000 4.425000 0.021900
1.388000 4.425000 0.021880
1.463000 4.425000 0.021860
1.538000 4.425000 0.021840
1.613000 4.425000 0.021810
1.688000 4.425000 0.021780
1.763000 4.425000 0.021750
1.838000 4.425000 0.021720
1.913000 4.425000 0.021680
1.988000 4.425000 0.021650
2.063000 4.425000 0.021610
2.138000 4.425000 0.021570
2.213000 4.425000 0.021530
2.288000 4.425000 0.021490
2.363000 4.425000 0.021450
2.438000 4.425000 0.021410
2.513000 4.425000 0.021370
2.588000 4.425000 0.021330
2.663000 4.425000 0.021290
2.738000 4.425000 0.021250
2.813000 4.425000 0.021210
2.888000 4.425000 0.021170
2.963000 4.425000 0.021130
3.038000 4.425000 0.021100
3.113000 4.425000 0.021070
3.188000 4.425000 0.021040
3.263000 4.425000 0.021010
3.338000 4.425000 0.020990
3.413000 4.425000 0.020960
3.488000 4.425000 0.020950
3.563000 4.425000 0.020930
3.638000 4.425000 0.020920
3.713000 4.425000 0.020910
3.788000 4.425000 0.020910
3.863000 4.425000 0.000000
-0.037500 4.575000 0.000000
0.037500 4.575000 0.018160
0.112500 4.575000 0.018160
0.187500 4.575000 0.018160
0.262500 4.575000 0.018160
0.337500 4.575000 0.018160
0.412500 4.575000 0.018160
0.487500 4.575000 0.018150
0.562500 4.575000 0.018150
0.637500 4.575000 0.018140
0.712500 4.575000 0.018140
0.787500 4.575000 0.018130
0.862500 4.575000 0.018130
0.937500 4.575000 0.018120
1.012000 4.575000 0.018110
1.087000 4.575000 0.018100
1.163000 4.575000 0.018080
1.238000 4.575000 0.018070
1.313000 4.575000 0.018050
1.388000 4.575000 0.018040
1.463000 4.575000 0.018020
1.538000 4.575000 0.018000
1.613000 4.575000 0.017970
1.688000 4.575000 0.017950
1.763000 4.575000 0.017930
1.838000 4.575000 0.017900
1.913000 4.575000 0.017870
1.988000 4.575000 0.017840
2.063000 4.575000 0.017810
2.138000 4.575000 0.017780
2.213000 4.575000 0.017750
2.288000 4.575000 0.017710
2.363000 4.575000 0.017680
2.438000 4.575000 0.017650
2.513000 4.575000 0.017610
2.588000 4.575000 0.017580
2.663000 4.575000 0.017540
2.738000 4.575000 0.017510
2.813000 4.575000 0.017480
2.888000 4.575000 0.017450
2.963000 4.575000 0.017420
3.038000 4.575000 0.017390
3.113000 4.575000 0.017370
3.188000 4.575000 0.017340
3.263000 4.575000 0.017320
3.338000 4.575000 0.017300
3.413000 4.575000 0.017280
3.488000 4.575000 0.017270
3.563000 4.575000 0.017250
3.638000 4.575000 0.017240
3.713000 4.575000 0.017240
3.788000 4.575000 0.017230
3.863000 4.575000 0.000000
-0.037500 4.725000 0.000000
0.037500 4.725000 0.015370
0.112500 4.725000 0.015370
0.187500 4.725000 0.015370
0.262500 4.725000 0.015370
0.337500 4.725000 0.015370
0.412500 4.725000 0.015360
0.487500 4.725000 0.015360
0.562500 4.725000 0.015360
0.637500 4.725000 0.015350
0.712500 4.725000 0.015350
0.787500 4.725000 0.015340
0.862500 4.725000 0.015330
0.937500 4.725000 0.015330
1.012000 4.725000 0.015320
1.087000 4.725000 0.015310
1.163000 4.725000 0.015300
1.238000 4.725000 0.015290
1.313000 4.725000 0.015270
1.388000 4.725000 0.015260
1.463000 4.725000 0.015240
1.538000 4.725000 0.015220
1.613000 4.725000 0.015200
1.688000 4.725000 0.015180
1.763000 4.725000 0.015160
1.838000 4.725000 0.015140
1.913000 4.725000 0.015120
1.988000 4.725000 0.015090
2.063000 4.725000 0.015070
2.138000 4.725000 0.015040
2.213000 4.725000 0.015010
2.288000 4.725000 0.014980
2.363000 4.725000 0.014960
2.438000 4.725000 0.014930
2.513000 4.725000 0.014900
2.588000 4.725000 0.014870
2.663000 4.725000 0.014840
2.738000 4.725000 0.014820
2.813000 4.725000 0.014790
2.888000 4.725000 0.014760
2.963000 4.725000 0.014740
3.038000 4.725000 0.014720
3.113000 4.725000 0.014690
3.188000 4.725000 0.014670
3.263000 4.725000 0.014650
3.338000 4.725000 0.014640
3.413000 4.725000 0.014620
3.488000 4.725000 0.014610
3.563000 4.725000 0.014600
3.638000 4.725000 0.014590
3.713000 4.725000 0.014580
3.788000 4.725000 0.014580
3.863000 4.725000 0.000000
-0.037500 4.875000 0.000000
0.037500 4.875000 0.013560
0.112500 4.875000 0.013560
0.187500 4.875000 0.013560
0.262500 4.875000 0.013560
0.337500 4.875000 0.013550
0.412500 4.875000 0.013550
0.487500 4.875000 0.013550
0.562500 4.875000 0.013540
0.637500 4.875000 0.013540
0.712500 4.875000 0.013540
0.787500 4.875000 0.013530
0.862500 4.875000 0.013520
0.937500 4.875000 0.013520
1.012000 4.875000 0.013510
1.087000 4.875000 0.013500
1.163000 4.875000 0.013490
1.238000 4.875000 0.013480
1.313000 4.875000 0.013470
1.388000 4.875000 0.013450
1.463000 4.875000 0.013440
1.538000 4.875000 0.013420
1.613000 4.875000 0.013410
1.688000 4.875000 0.013390
1.763000 4.875000 0.013370
1.838000 4.875000 0.013350
1.913000 4.875000 0.013330
1.988000 4.875000 0.013310
2.063000 4.875000 0.013290
2.138000 4.875000 0.013260
2.213000 4.875000 0.013240
2.288000 4.875000 0.013210
2.363000 4.875000 0.013190
2.438000 4.875000 0.013160
2.513000 4.875000 0.013140
2.588000 4.875000 0.013110
2.663000 4.875000 0.013090
2.738000 4.875000 0.013070
2.813000 4.875000 0.013040
2.888000 4.875000 0.013020
2.963000 4.875000 0.013000
3.038000 4.875000 0.012980
3.113000 4.875000 0.012960
3.188000 4.875000 0.012940
3.263000 4.875000 0.012920
3.338000 4.875000 0.012910
3.413000 4.875000 0.012900
3.488000 4.875000 0.012880
3.563000 4.875000 0.012870
3.638000 4.875000 0.012870
3.713000 4.875000 0.012860
3.788000 4.875000 0.012860
3.863000 4.875000 0.000000
-0.037500 5.025000 0.000000
0.037500 5.025000 0.012670
0.112500 5.025000 0.012670
0.187500 5.025000 0.012670
0.262500 5.025000 0.012670
0.337500 5.025000 0.012670
0.412500 5.025000 0.012670
0.487500 5.025000 0.012670
0.562500 5.025000 0.012660
0.637500 5.025000 0.012660
0.712500 5.025000 0.012650
0.787500 5.025000 0.012650
0.862500 5.025000 0.012640
0.937500 5.025000 0.012640
1.012000 5.025000 0.012630
1.087000 5.025000 0.012620
1.163000 5.025000 0.012610
1.238000 5.025000 0.012600
1.313000 5.025000 0.012590
1.388000 5.025000 0.012580
1.463000 5.025000 0.012560
1.538000 5.025000 0.012550
1.613000 5.025000 0.012530
1.688000 5.025000 0.012520
1.763000 5.025000 0.012500
1.838000 5.025000 0.012480
1.913000 5.025000 0.012460
1.988000 5.025000 0.012440
2.063000 5.025000 0.012420
2.138000 5.025000 0.012400
2.213000 5.025000 0.012380
2.288000 5.025000 0.012350
2.363000 5.025000 0.012330
2.438000 5.025000 0.012310
2.513000 5.025000 0.012280
2.588000 5.025000 0.012260
2.663000 5.025000 0.012240
2.738000 5.025000 0.012220
2.813000 5.025000 0.012190
2.888000 5.025000 0.012170
2.963000 5.025000 0.012150
3.038000 5.025000 0.012130
3.113000 5.025000 0.012120
3.188000 5.025000 0.012100
3.263000 5.025000 0.012080
3.338000 5.025000 0.012070
3.413000 5.025000 0.012060
3.488000 5.025000 0.012050
3.563000 5.025000 0.012040
3.638000 5.025000 0.012030
3.713000 5.025000 0.012030
3.788000 5.025000 0.012020
3.863000 5.025000 0.000000
-0.037500 5.175000 0.000000
0.037500 5.175000 0.000000
0.112500 5.175000 0.000000
0.187500 5.175000 0.000000
0.262500 5.175000 0.000000
0.337500 5.175000 0.000000
0.412500 5.175000 0.000000
0.487500 5.175000 0.000000
0.562500 5.175000 0.000000
0.637500 5.175000 0.000000
0.712500 5.175000 0.000000
0.787500 5.175000 0.000000
0.862500 5.175000 0.000000
0.937500 5.175000 0.000000
1.012000 5.175000 0.000000
1.087000 5.175000 0.000000
1.163000 5.175000 0.000000
1.238000 5.175000 0.000000
1.313000 5.175000 0.000000
1.388000 5.175000 0.000000
1.463000 5.175000 0.000000
1.538000 5.175000 0.000000
1.613000 5.175000 0.000000
1.688000 5.175000 0.000000
1.763000 5.175000 0.000000
1.838000 5.175000 0.000000
1.913000 5.175000 0.000000
1.988000 5.175000 0.000000
2.063000 5.175000 0.000000
2.138000 5.175000 0.000000
2.213000 5.175000 0.000000
2.288000 5.175000 0.000000
2.363000 5.175000 0.000000
2.438000 5.175000 0.000000
2.513000 5.175000 0.000000
2.588000 5.175000 0.000000
2.663000 5.175000 0.000000
2.738000 5.175000 0.000000
2.813000 5.175000 0.000000
2.888000 5.175000 0.000000
2.963000 5.175000 0.000000
3.038000 5.175000 0.000000
3.113000 5.175000 0.000000
3.188000 5.175000 0.000000
3.263000 5.175000 0.000000
3.338000 5.175000 0.000000
3.413000 5.175000 0.000000
3.488000 5.175000 0.000000
3.563000 5.175000 0.000000
3.638000 5.175000 0.000000
3.713000 5.175000 0.000000
3.788000 5.175000 0.000000
3.863000 5.175000 0.000000
