-0.037500 -0.075000 0.000000
0.037500 -0.075000 0.000000
0.112500 -0.075000 0.000000
0.187500 -0.075000 0.000000
0.262500 -0.075000 0.000000
0.337500 -0.075000 0.000000
0.412500 -0.075000 0.000000
0.487500 -0.075000 0.000000
0.562500 -0.075000 0.000000
0.637500 -0.075000 0.000000
0.712500 -0.075000 0.000000
0.787500 -0.075000 0.000000
0.862500 -0.075000 0.000000
0.937500 -0.075000 0.000000
1.012000 -0.075000 0.000000
1.087000 -0.075000 0.000000
1.163000 -0.075000 0.000000
1.238000 -0.075000 0.000000
1.313000 -0.075000 0.000000
1.388000 -0.075000 0.000000
1.463000 -0.075000 0.000000
1.538000 -0.075000 0.000000
1.613000 -0.075000 0.000000
1.688000 -0.075000 0.000000
1.763000 -0.075000 0.000000
1.838000 -0.075000 0.000000
1.913000 -0.075000 0.000000
1.988000 -0.075000 0.000000
2.063000 -0.075000 0.000000
2.138000 -0.075000 0.000000
2.213000 -0.075000 0.000000
2.288000 -0.075000 0.000000
2.363000 -0.075000 0.000000
2.438000 -0.075000 0.000000
2.513000 -0.075000 0.000000
2.588000 -0.075000 0.000000
2.663000 -0.075000 0.000000
2.738000 -0.075000 0.000000
2.813000 -0.075000 0.000000
2.888000 -0.075000 0.000000
2.963000 -0.075000 0.000000
3.038000 -0.075000 0.000000
3.113000 -0.075000 0.000000
3.188000 -0.075000 0.000000
3.263000 -0.075000 0.000000
3.338000 -0.075000 0.000000
3.413000 -0.075000 0.000000
3.488000 -0.075000 0.000000
3.563000 -0.075000 0.000000
3.638000 -0.075000 0.000000
3.713000 -0.075000 0.000000
3.788000 -0.075000 0.000000
3.863000 -0.075000 0.000000
-0.037500 0.075000 0.000000
0.037500 0.075000 0.040430
0.112500 0.075000 0.080870
0.187500 0.075000 0.121300
0.262500 0.075000 0.161700
0.337500 0.075000 0.202100
0.412500 0.075000 0.242500
0.487500 0.075000 0.282800
0.562500 0.075000 0.323100
0.637500 0.075000 0.363200
0.712500 0.075000 0.403100
0.787500 0.075000 0.442700
0.862500 0.075000 0.481900
0.937500 0.075000 0.520700
1.012000 0.075000 0.558700
1.087000 0.075000 0.595800
1.163000 0.075000 0.631800
1.238000 0.075000 0.666400
1.313000 0.075000 0.699200
1.388000 0.075000 0.729800
1.463000 0.075000 0.757900
1.538000 0.075000 0.783000
1.613000 0.075000 0.804600
1.688000 0.075000 0.822300
1.763000 0.075000 0.835800
1.838000 0.075000 0.844800
1.913000 0.075000 0.849100
1.988000 0.075000 0.848700
2.063000 0.075000 0.843900
2.138000 0.075000 0.834900
2.213000 0.075000 0.822200
2.288000 0.075000 0.806200
2.363000 0.075000 0.787600
2.438000 0.075000 0.766900
2.513000 0.075000 0.744800
2.588000 0.075000 0.721500
2.663000 0.075000 0.697700
2.738000 0.075000 0.673700
2.813000 0.075000 0.649700
2.888000 0.075000 0.626100
2.963000 0.075000 0.602900
3.038000 0.075000 0.580300
3.113000 0.075000 0.558500
3.188000 0.075000 0.537400
3.263000 0.075000 0.517200
3.338000 0.075000 0.497700
3.413000 0.075000 0.479100
3.488000 0.075000 0.461300
3.563000 0.075000 0.444300
3.638000 0.075000 0.428100
3.713000 0.075000 0.412700
3.788000 0.075000 0.397900
3.863000 0.075000 0.000000
-0.037500 0.225000 0.000000
0.037500 0.225000 0.040430
0.112500 0.225000 0.080870
0.187500 0.225000 0.121300
0.262500 0.225000 0.161700
0.337500 0.225000 0.202100
0.412500 0.225000 0.242500
0.487500 0.225000 0.282800
0.562500 0.225000 0.323100
0.637500 0.225000 0.363200
0.712500 0.225000 0.403100
0.787500 0.225000 0.442700
0.862500 0.225000 0.481900
0.937500 0.225000 0.520700
1.012000 0.225000 0.558700
1.087000 0.225000 0.595800
1.163000 0.225000 0.631800
1.238000 0.225000 0.666400
1.313000 0.225000 0.699200
1.388000 0.225000 0.729800
1.463000 0.225000 0.757900
1.538000 0.225000 0.783000
1.613000 0.225000 0.804600
1.688000 0.225000 0.822300
1.763000 0.225000 0.835800
1.838000 0.225000 0.844800
1.913000 0.225000 0.849100
1.988000 0.225000 0.848700
2.063000 0.225000 0.843900
2.138000 0.225000 0.834900
2.213000 0.225000 0.822200
2.288000 0.225000 0.806200
2.363000 0.225000 0.787600
2.438000 0.225000 0.766900
2.513000 0.225000 0.744800
2.588000 0.225000 0.721500
2.663000 0.225000 0.697700
2.738000 0.225000 0.673700
2.813000 0.225000 0.649700
2.888000 0.225000 0.626100
2.963000 0.225000 0.602900
3.038000 0.225000 0.580300
3.113000 0.225000 0.558500
3.188000 0.225000 0.537400
3.263000 0.225000 0.517200
3.338000 0.225000 0.497700
3.413000 0.225000 0.479100
3.488000 0.225000 0.461300
3.563000 0.225000 0.444300
3.638000 0.225000 0.428100
3.713000 0.225000 0.412700
3.788000 0.225000 0.397900
3.863000 0.225000 0.000000
-0.037500 0.375000 0.000000
0.037500 0.375000 0.293100
0.112500 0.375000 0.304100
0.187500 0.375000 0.321600
0.262500 0.375000 0.343500
0.337500 0.375000 0.368200
0.412500 0.375000 0.395000
0.487500 0.375000 0.423200
0.562500 0.375000 0.452500
0.637500 0.375000 0.482300
0.712500 0.375000 0.512600
0.787500 0.375000 0.543100
0.862500 0.375000 0.573500
0.937500 0.375000 0.603600
1.012000 0.375000 0.633200
1.087000 0.375000 0.662000
1.163000 0.375000 0.689900
1.238000 0.375000 0.716500
1.313000 0.375000 0.741500
1.388000 0.375000 0.764700
1.463000 0.375000 0.785700
1.538000 0.375000 0.804300
1.613000 0.375000 0.820000
1.688000 0.375000 0.832800
1.763000 0.375000 0.842300
1.838000 0.375000 0.848400
1.913000 0.375000 0.851100
1.988000 0.375000 0.850400
2.063000 0.375000 0.846400
2.138000 0.375000 0.839200
2.213000 0.375000 0.829300
2.288000 0.375000 0.816800
2.363000 0.375000 0.802300
2.438000 0.375000 0.786000
2.513000 0.375000 0.768400
2.588000 0.375000 0.749700
2.663000 0.375000 0.730500
2.738000 0.375000 0.710800
2.813000 0.375000 0.691100
2.888000 0.375000 0.671400
2.963000 0.375000 0.652100
3.038000 0.375000 0.633200
3.113000 0.375000 0.614900
3.188000 0.375000 0.597300
3.263000 0.375000 0.580500
3.338000 0.375000 0.564600
3.413000 0.375000 0.549700
3.488000 0.375000 0.536000
3.563000 0.375000 0.523700
3.638000 0.375000 0.513100
3.713000 0.375000 0.504700
3.788000 0.375000 0.499700
3.863000 0.375000 0.000000
-0.037500 0.525000 0.000000
0.037500 0.525000 0.446400
0.112500 0.525000 0.450800
0.187500 0.525000 0.459100
0.262500 0.525000 0.470500
0.337500 0.525000 0.484400
0.412500 0.525000 0.500200
0.487500 0.525000 0.517500
0.562500 0.525000 0.536000
0.637500 0.525000 0.555400
0.712500 0.525000 0.575400
0.787500 0.525000 0.595800
0.862500 0.525000 0.616300
0.937500 0.525000 0.636700
1.012000 0.525000 0.656800
1.087000 0.525000 0.676400
1.163000 0.525000 0.695200
1.238000 0.525000 0.713100
1.313000 0.525000 0.729900
1.388000 0.525000 0.745300
1.463000 0.525000 0.759100
1.538000 0.525000 0.771100
1.613000 0.525000 0.781200
1.688000 0.525000 0.789200
1.763000 0.525000 0.795000
1.838000 0.525000 0.798600
1.913000 0.525000 0.799800
1.988000 0.525000 0.798700
2.063000 0.525000 0.795500
2.138000 0.525000 0.790100
2.213000 0.525000 0.782900
2.288000 0.525000 0.773900
2.363000 0.525000 0.763400
2.438000 0.525000 0.751700
2.513000 0.525000 0.738900
2.588000 0.525000 0.725400
2.663000 0.525000 0.711300
2.738000 0.525000 0.696800
2.813000 0.525000 0.682200
2.888000 0.525000 0.667600
2.963000 0.525000 0.653200
3.038000 0.525000 0.639100
3.113000 0.525000 0.625500
3.188000 0.525000 0.612500
3.263000 0.525000 0.600300
3.338000 0.525000 0.588900
3.413000 0.525000 0.578500
3.488000 0.525000 0.569200
3.563000 0.525000 0.561300
3.638000 0.525000 0.554900
3.713000 0.525000 0.550300
3.788000 0.525000 0.547800
3.863000 0.525000 0.000000
-0.037500 0.675000 0.000000
0.037500 0.675000 0.518300
0.112500 0.675000 0.520500
0.187500 0.675000 0.524800
0.262500 0.675000 0.531100
0.337500 0.675000 0.539100
0.412500 0.675000 0.548500
0.487500 0.675000 0.559200
0.562500 0.675000 0.570900
0.637500 0.675000 0.583400
0.712500 0.675000 0.596600
0.787500 0.675000 0.610100
0.862500 0.675000 0.623800
0.937500 0.675000 0.637500
1.012000 0.675000 0.651100
1.087000 0.675000 0.664300
1.163000 0.675000 0.677100
1.238000 0.675000 0.689100
1.313000 0.675000 0.700200
1.388000 0.675000 0.710400
1.463000 0.675000 0.719500
1.538000 0.675000 0.727200
1.613000 0.675000 0.733600
1.688000 0.675000 0.738600
1.763000 0.675000 0.742000
1.838000 0.675000 0.743900
1.913000 0.675000 0.744200
1.988000 0.675000 0.743000
2.063000 0.675000 0.740200
2.138000 0.675000 0.736100
2.213000 0.675000 0.730600
2.288000 0.675000 0.723900
2.363000 0.675000 0.716200
2.438000 0.675000 0.707500
2.513000 0.675000 0.698100
2.588000 0.675000 0.688100
2.663000 0.675000 0.677600
2.738000 0.675000 0.666800
2.813000 0.675000 0.655900
2.888000 0.675000 0.644900
2.963000 0.675000 0.634200
3.038000 0.675000 0.623600
3.113000 0.675000 0.613500
3.188000 0.675000 0.603900
3.263000 0.675000 0.595000
3.338000 0.675000 0.586800
3.413000 0.675000 0.579400
3.488000 0.675000 0.573000
3.563000 0.675000 0.567800
3.638000 0.675000 0.563700
3.713000 0.675000 0.560900
3.788000 0.675000 0.559500
3.863000 0.675000 0.000000
-0.037500 0.825000 0.000000
0.037500 0.825000 0.534000
0.112500 0.825000 0.535700
0.187500 0.825000 0.538900
0.262500 0.825000 0.543700
0.337500 0.825000 0.549800
0.412500 0.825000 0.557100
0.487500 0.825000 0.565500
0.562500 0.825000 0.574800
0.637500 0.825000 0.584900
0.712500 0.825000 0.595400
0.787500 0.825000 0.606400
0.862500 0.825000 0.617500
0.937500 0.825000 0.628700
1.012000 0.825000 0.639800
1.087000 0.825000 0.650600
1.163000 0.825000 0.661000
1.238000 0.825000 0.670700
1.313000 0.825000 0.679800
1.388000 0.825000 0.688000
1.463000 0.825000 0.695300
1.538000 0.825000 0.701500
1.613000 0.825000 0.706500
1.688000 0.825000 0.710400
1.763000 0.825000 0.713000
1.838000 0.825000 0.714200
1.913000 0.825000 0.714200
1.988000 0.825000 0.713000
2.063000 0.825000 0.710400
2.138000 0.825000 0.706700
2.213000 0.825000 0.701900
2.288000 0.825000 0.696100
2.363000 0.825000 0.689400
2.438000 0.825000 0.681900
2.513000 0.825000 0.673800
2.588000 0.825000 0.665100
2.663000 0.825000 0.656100
2.738000 0.825000 0.646700
2.813000 0.825000 0.637300
2.888000 0.825000 0.627800
2.963000 0.825000 0.618500
3.038000 0.825000 0.609500
3.113000 0.825000 0.600700
3.188000 0.825000 0.592500
3.263000 0.825000 0.584800
3.338000 0.825000 0.577900
3.413000 0.825000 0.571700
3.488000 0.825000 0.566400
3.563000 0.825000 0.562000
3.638000 0.825000 0.558700
3.713000 0.825000 0.556400
3.788000 0.825000 0.555300
3.863000 0.825000 0.000000
-0.037500 0.975000 0.000000
0.037500 0.975000 0.534700
0.112500 0.975000 0.536000
0.187500 0.975000 0.538600
0.262500 0.975000 0.542500
0.337500 0.975000 0.547400
0.412500 0.975000 0.553400
0.487500 0.975000 0.560300
0.562500 0.975000 0.567900
0.637500 0.975000 0.576200
0.712500 0.975000 0.585000
0.787500 0.975000 0.594100
0.862500 0.975000 0.603400
0.937500 0.975000 0.612800
1.012000 0.975000 0.622000
1.087000 0.975000 0.631100
1.163000 0.975000 0.639700
1.238000 0.975000 0.647900
1.313000 0.975000 0.655500
1.388000 0.975000 0.662300
1.463000 0.975000 0.668300
1.538000 0.975000 0.673400
1.613000 0.975000 0.677500
1.688000 0.975000 0.680500
1.763000 0.975000 0.682500
1.838000 0.975000 0.683400
1.913000 0.975000 0.683200
1.988000 0.975000 0.681900
2.063000 0.975000 0.679600
2.138000 0.975000 0.676200
2.213000 0.975000 0.671900
2.288000 0.975000 0.666700
2.363000 0.975000 0.660800
2.438000 0.975000 0.654200
2.513000 0.975000 0.647000
2.588000 0.975000 0.639400
2.663000 0.975000 0.631400
2.738000 0.975000 0.623200
2.813000 0.975000 0.614900
2.888000 0.975000 0.606500
2.963000 0.975000 0.598300
3.038000 0.975000 0.590400
3.113000 0.975000 0.582700
3.188000 0.975000 0.575500
3.263000 0.975000 0.568900
3.338000 0.975000 0.562800
3.413000 0.975000 0.557400
3.488000 0.975000 0.552900
3.563000 0.975000 0.549100
3.638000 0.975000 0.546300
3.713000 0.975000 0.544400
3.788000 0.975000 0.543400
3.863000 0.975000 0.000000
-0.037500 1.125000 0.000000
0.037500 1.125000 0.523800
0.112500 1.125000 0.524900
0.187500 1.125000 0.527100
0.262500 1.125000 0.530300
0.337500 1.125000 0.534600
0.412500 1.125000 0.539700
0.487500 1.125000 0.545600
0.562500 1.125000 0.552300
0.637500 1.125000 0.559400
0.712500 1.125000 0.567100
0.787500 1.125000 0.575000
0.862500 1.125000 0.583100
0.937500 1.125000 0.591300
1.012000 1.125000 0.599400
1.087000 1.125000 0.607200
1.163000 1.125000 0.614800
1.238000 1.125000 0.621900
1.313000 1.125000 0.628500
1.388000 1.125000 0.634400
1.463000 1.125000 0.639600
1.538000 1.125000 0.643900
1.613000 1.125000 0.647400
1.688000 1.125000 0.650000
1.763000 1.125000 0.651700
1.838000 1.125000 0.652300
1.913000 1.125000 0.652000
1.988000 1.125000 0.650700
2.063000 1.125000 0.648500
2.138000 1.125000 0.645400
2.213000 1.125000 0.641500
2.288000 1.125000 0.636800
2.363000 1.125000 0.631400
2.438000 1.125000 0.625400
2.513000 1.125000 0.618900
2.588000 1.125000 0.611900
2.663000 1.125000 0.604700
2.738000 1.125000 0.597300
2.813000 1.125000 0.589800
2.888000 1.125000 0.582200
2.963000 1.125000 0.574800
3.038000 1.125000 0.567600
3.113000 1.125000 0.560800
3.188000 1.125000 0.554300
3.263000 1.125000 0.548300
3.338000 1.125000 0.542800
3.413000 1.125000 0.538100
3.488000 1.125000 0.534000
3.563000 1.125000 0.530600
3.638000 1.125000 0.528100
3.713000 1.125000 0.526400
3.788000 1.125000 0.525600
3.863000 1.125000 0.000000
-0.037500 1.275000 0.000000
0.037500 1.275000 0.482800
0.112500 1.275000 0.483700
0.187500 1.275000 0.485600
0.262500 1.275000 0.488300
0.337500 1.275000 0.491900
0.412500 1.275000 0.496200
0.487500 1.275000 0.501200
0.562500 1.275000 0.506800
0.637500 1.275000 0.512800
0.712500 1.275000 0.519300
0.787500 1.275000 0.526000
0.862500 1.275000 0.532900
0.937500 1.275000 0.539800
1.012000 1.275000 0.546700
1.087000 1.275000 0.553400
1.163000 1.275000 0.559800
1.238000 1.275000 0.565800
1.313000 1.275000 0.571300
1.388000 1.275000 0.576300
1.463000 1.275000 0.580700
1.538000 1.275000 0.584300
1.613000 1.275000 0.587300
1.688000 1.275000 0.589400
1.763000 1.275000 0.590700
1.838000 1.275000 0.591200
1.913000 1.275000 0.590800
1.988000 1.275000 0.589600
2.063000 1.275000 0.587600
2.138000 1.275000 0.584900
2.213000 1.275000 0.581400
2.288000 1.275000 0.577300
2.363000 1.275000 0.572500
2.438000 1.275000 0.567300
2.513000 1.275000 0.561600
2.588000 1.275000 0.555600
2.663000 1.275000 0.549200
2.738000 1.275000 0.542800
2.813000 1.275000 0.536200
2.888000 1.275000 0.529700
2.963000 1.275000 0.523200
3.038000 1.275000 0.516900
3.113000 1.275000 0.511000
3.188000 1.275000 0.505300
3.263000 1.275000 0.500100
3.338000 1.275000 0.495400
3.413000 1.275000 0.491200
3.488000 1.275000 0.487700
3.563000 1.275000 0.484800
3.638000 1.275000 0.482600
3.713000 1.275000 0.481200
3.788000 1.275000 0.480400
3.863000 1.275000 0.000000
-0.037500 1.425000 0.000000
0.037500 1.425000 0.415800
0.112500 1.425000 0.416500
0.187500 1.425000 0.417900
0.262500 1.425000 0.420000
0.337500 1.425000 0.422800
0.412500 1.425000 0.426100
0.487500 1.425000 0.429900
0.562500 1.425000 0.434200
0.637500 1.425000 0.438800
0.712500 1.425000 0.443800
0.787500 1.425000 0.448900
0.862500 1.425000 0.454200
0.937500 1.425000 0.459600
1.012000 1.425000 0.464800
1.087000 1.425000 0.470000
1.163000 1.425000 0.474900
1.238000 1.425000 0.479500
1.313000 1.425000 0.483800
1.388000 1.425000 0.487600
1.463000 1.425000 0.490900
1.538000 1.425000 0.493700
1.613000 1.425000 0.495900
1.688000 1.425000 0.497400
1.763000 1.425000 0.498400
1.838000 1.425000 0.498600
1.913000 1.425000 0.498300
1.988000 1.425000 0.497200
2.063000 1.425000 0.495600
2.138000 1.425000 0.493300
2.213000 1.425000 0.490500
2.288000 1.425000 0.487100
2.363000 1.425000 0.483300
2.438000 1.425000 0.479100
2.513000 1.425000 0.474500
2.588000 1.425000 0.469700
2.663000 1.425000 0.464600
2.738000 1.425000 0.459500
2.813000 1.425000 0.454200
2.888000 1.425000 0.449000
2.963000 1.425000 0.443800
3.038000 1.425000 0.438800
3.113000 1.425000 0.434100
3.188000 1.425000 0.429600
3.263000 1.425000 0.425400
3.338000 1.425000 0.421700
3.413000 1.425000 0.418400
3.488000 1.425000 0.415600
3.563000 1.425000 0.413300
3.638000 1.425000 0.411600
3.713000 1.425000 0.410400
3.788000 1.425000 0.409800
3.863000 1.425000 0.000000
-0.037500 1.575000 0.000000
0.037500 1.575000 0.348700
0.112500 1.575000 0.349300
0.187500 1.575000 0.350300
0.262500 1.575000 0.351900
0.337500 1.575000 0.353900
0.412500 1.575000 0.356400
0.487500 1.575000 0.359300
0.562500 1.575000 0.362500
0.637500 1.575000 0.366000
0.712500 1.575000 0.369700
0.787500 1.575000 0.373600
0.862500 1.575000 0.377600
0.937500 1.575000 0.381600
1.012000 1.575000 0.385500
1.087000 1.575000 0.389400
1.163000 1.575000 0.393100
1.238000 1.575000 0.396600
1.313000 1.575000 0.399700
1.388000 1.575000 0.402600
1.463000 1.575000 0.405000
1.538000 1.575000 0.407100
1.613000 1.575000 0.408700
1.688000 1.575000 0.409800
1.763000 1.575000 0.410400
1.838000 1.575000 0.410600
1.913000 1.575000 0.410200
1.988000 1.575000 0.409300
2.063000 1.575000 0.408000
2.138000 1.575000 0.406200
2.213000 1.575000 0.403900
2.288000 1.575000 0.401300
2.363000 1.575000 0.398300
2.438000 1.575000 0.394900
2.513000 1.575000 0.391400
2.588000 1.575000 0.387600
2.663000 1.575000 0.383600
2.738000 1.575000 0.379600
2.813000 1.575000 0.375500
2.888000 1.575000 0.371400
2.963000 1.575000 0.367400
3.038000 1.575000 0.363500
3.113000 1.575000 0.359800
3.188000 1.575000 0.356300
3.263000 1.575000 0.353100
3.338000 1.575000 0.350200
3.413000 1.575000 0.347600
3.488000 1.575000 0.345400
3.563000 1.575000 0.343700
3.638000 1.575000 0.342300
3.713000 1.575000 0.341400
3.788000 1.575000 0.341000
3.863000 1.575000 0.000000
-0.037500 1.725000 0.000000
0.037500 1.725000 0.285100
0.112500 1.725000 0.285400
0.187500 1.725000 0.286200
0.262500 1.725000 0.287400
0.337500 1.725000 0.288800
0.412500 1.725000 0.290700
0.487500 1.725000 0.292800
0.562500 1.725000 0.295100
0.637500 1.725000 0.297700
0.712500 1.725000 0.300400
0.787500 1.725000 0.303200
0.862500 1.725000 0.306100
0.937500 1.725000 0.309100
1.012000 1.725000 0.312000
1.087000 1.725000 0.314800
1.163000 1.725000 0.317500
1.238000 1.725000 0.320000
1.313000 1.725000 0.322300
1.388000 1.725000 0.324400
1.463000 1.725000 0.326200
1.538000 1.725000 0.327600
1.613000 1.725000 0.328800
1.688000 1.725000 0.329500
1.763000 1.725000 0.329900
1.838000 1.725000 0.330000
1.913000 1.725000 0.329600
1.988000 1.725000 0.328900
2.063000 1.725000 0.327800
2.138000 1.725000 0.326400
2.213000 1.725000 0.324700
2.288000 1.725000 0.322600
2.363000 1.725000 0.320300
2.438000 1.725000 0.317800
2.513000 1.725000 0.315100
2.588000 1.725000 0.312200
2.663000 1.725000 0.309200
2.738000 1.725000 0.306100
2.813000 1.725000 0.303000
2.888000 1.725000 0.299900
2.963000 1.725000 0.296800
3.038000 1.725000 0.293900
3.113000 1.725000 0.291000
3.188000 1.725000 0.288400
3.263000 1.725000 0.286000
3.338000 1.725000 0.283800
3.413000 1.725000 0.281800
3.488000 1.725000 0.280200
3.563000 1.725000 0.278900
3.638000 1.725000 0.277800
3.713000 1.725000 0.277200
3.788000 1.725000 0.276800
3.863000 1.725000 0.000000
-0.037500 1.875000 0.000000
0.037500 1.875000 0.226800
0.112500 1.875000 0.227100
0.187500 1.875000 0.227600
0.262500 1.875000 0.228400
0.337500 1.875000 0.229500
0.412500 1.875000 0.230700
0.487500 1.875000 0.232200
0.562500 1.875000 0.233900
0.637500 1.875000 0.235700
0.712500 1.875000 0.237600
0.787500 1.875000 0.239600
0.862500 1.875000 0.241700
0.937500 1.875000 0.243700
1.012000 1.875000 0.245800
1.087000 1.875000 0.247800
1.163000 1.875000 0.249700
1.238000 1.875000 0.251400
1.313000 1.875000 0.253000
1.388000 1.875000 0.254500
1.463000 1.875000 0.255700
1.538000 1.875000 0.256700
1.613000 1.875000 0.257500
1.688000 1.875000 0.258000
1.763000 1.875000 0.258200
1.838000 1.875000 0.258200
1.913000 1.875000 0.257900
1.988000 1.875000 0.257300
2.063000 1.875000 0.256500
2.138000 1.875000 0.255400
2.213000 1.875000 0.254100
2.288000 1.875000 0.252600
2.363000 1.875000 0.250900
2.438000 1.875000 0.249000
2.513000 1.875000 0.247000
2.588000 1.875000 0.244800
2.663000 1.875000 0.242600
2.738000 1.875000 0.240300
2.813000 1.875000 0.238100
2.888000 1.875000 0.235800
2.963000 1.875000 0.233500
3.038000 1.875000 0.231400
3.113000 1.875000 0.229300
3.188000 1.875000 0.227400
3.263000 1.875000 0.225600
3.338000 1.875000 0.224000
3.413000 1.875000 0.222600
3.488000 1.875000 0.221400
3.563000 1.875000 0.220400
3.638000 1.875000 0.219600
3.713000 1.875000 0.219100
3.788000 1.875000 0.218900
3.863000 1.875000 0.000000
-0.037500 2.025000 0.000000
0.037500 2.025000 0.174800
0.112500 2.025000 0.175000
0.187500 2.025000 0.175400
0.262500 2.025000 0.175900
0.337500 2.025000 0.176600
0.412500 2.025000 0.177500
0.487500 2.025000 0.178500
0.562500 2.025000 0.179600
0.637500 2.025000 0.180800
0.712500 2.025000 0.182000
0.787500 2.025000 0.183400
0.862500 2.025000 0.184700
0.937500 2.025000 0.186100
1.012000 2.025000 0.187400
1.087000 2.025000 0.188800
1.163000 2.025000 0.190000
1.238000 2.025000 0.191200
1.313000 2.025000 0.192200
1.388000 2.025000 0.193200
1.463000 2.025000 0.194000
1.538000 2.025000 0.194600
1.613000 2.025000 0.195100
1.688000 2.025000 0.195400
1.763000 2.025000 0.195500
1.838000 2.025000 0.195400
1.913000 2.025000 0.195200
1.988000 2.025000 0.194700
2.063000 2.025000 0.194100
2.138000 2.025000 0.193300
2.213000 2.025000 0.192400
2.288000 2.025000 0.191300
2.363000 2.025000 0.190100
2.438000 2.025000 0.188800
2.513000 2.025000 0.187300
2.588000 2.025000 0.185800
2.663000 2.025000 0.184300
2.738000 2.025000 0.182700
2.813000 2.025000 0.181100
2.888000 2.025000 0.179500
2.963000 2.025000 0.177900
3.038000 2.025000 0.176400
3.113000 2.025000 0.175000
3.188000 2.025000 0.173700
3.263000 2.025000 0.172400
3.338000 2.025000 0.171300
3.413000 2.025000 0.170300
3.488000 2.025000 0.169500
3.563000 2.025000 0.168800
3.638000 2.025000 0.168300
3.713000 2.025000 0.167900
3.788000 2.025000 0.167800
3.863000 2.025000 0.000000
-0.037500 2.175000 0.000000
0.037500 2.175000 0.129400
0.112500 2.175000 0.129500
0.187500 2.175000 0.129700
0.262500 2.175000 0.130000
0.337500 2.175000 0.130400
0.412500 2.175000 0.130900
0.487500 2.175000 0.131500
0.562500 2.175000 0.132200
0.637500 2.175000 0.132900
0.712500 2.175000 0.133600
0.787500 2.175000 0.134400
0.862500 2.175000 0.135200
0.937500 2.175000 0.136000
1.012000 2.175000 0.136700
1.087000 2.175000 0.137500
1.163000 2.175000 0.138200
1.238000 2.175000 0.138900
1.313000 2.175000 0.139500
1.388000 2.175000 0.140000
1.463000 2.175000 0.140400
1.538000 2.175000 0.140700
1.613000 2.175000 0.141000
1.688000 2.175000 0.141100
1.763000 2.175000 0.141100
1.838000 2.175000 0.141000
1.913000 2.175000 0.140800
1.988000 2.175000 0.140500
2.063000 2.175000 0.140100
2.138000 2.175000 0.139600
2.213000 2.175000 0.138900
2.288000 2.175000 0.138200
2.363000 2.175000 0.137400
2.438000 2.175000 0.136600
2.513000 2.175000 0.135700
2.588000 2.175000 0.134700
2.663000 2.175000 0.133700
2.738000 2.175000 0.132700
2.813000 2.175000 0.131700
2.888000 2.175000 0.130700
2.963000 2.175000 0.129700
3.038000 2.175000 0.128800
3.113000 2.175000 0.127800
3.188000 2.175000 0.127000
3.263000 2.175000 0.126200
3.338000 2.175000 0.125500
3.413000 2.175000 0.124900
3.488000 2.175000 0.124400
3.563000 2.175000 0.124000
3.638000 2.175000 0.123700
3.713000 2.175000 0.123400
3.788000 2.175000 0.123300
3.863000 2.175000 0.000000
-0.037500 2.325000 0.000000
0.037500 2.325000 0.103300
0.112500 2.325000 0.103300
0.187500 2.325000 0.103400
0.262500 2.325000 0.103600
0.337500 2.325000 0.103900
0.412500 2.325000 0.104200
0.487500 2.325000 0.104500
0.562500 2.325000 0.104900
0.637500 2.325000 0.105300
0.712500 2.325000 0.105700
0.787500 2.325000 0.106200
0.862500 2.325000 0.106600
0.937500 2.325000 0.107100
1.012000 2.325000 0.107500
1.087000 2.325000 0.108000
1.163000 2.325000 0.108400
1.238000 2.325000 0.108700
1.313000 2.325000 0.109100
1.388000 2.325000 0.109400
1.463000 2.325000 0.109600
1.538000 2.325000 0.109700
1.613000 2.325000 0.109800
1.688000 2.325000 0.109900
1.763000 2.325000 0.109800
1.838000 2.325000 0.109700
1.913000 2.325000 0.109500
1.988000 2.325000 0.109300
2.063000 2.325000 0.109000
2.138000 2.325000 0.108600
2.213000 2.325000 0.108200
2.288000 2.325000 0.107700
2.363000 2.325000 0.107100
2.438000 2.325000 0.106500
2.513000 2.325000 0.105900
2.588000 2.325000 0.105300
2.663000 2.325000 0.104600
2.738000 2.325000 0.103900
2.813000 2.325000 0.103300
2.888000 2.325000 0.102600
2.963000 2.325000 0.102000
3.038000 2.325000 0.101300
3.113000 2.325000 0.100800
3.188000 2.325000 0.100200
3.263000 2.325000 0.099690
3.338000 2.325000 0.099240
3.413000 2.325000 0.098840
3.488000 2.325000 0.098510
3.563000 2.325000 0.098230
3.638000 2.325000 0.098030
3.713000 2.325000 0.097890
3.788000 2.325000 0.097820
3.863000 2.325000 0.000000
-0.037500 2.475000 0.000000
0.037500 2.475000 0.091820
0.112500 2.475000 0.091870
0.187500 2.475000 0.091960
0.262500 2.475000 0.092100
0.337500 2.475000 0.092280
0.412500 2.475000 0.092500
0.487500 2.475000 0.092750
0.562500 2.475000 0.093040
0.637500 2.475000 0.093340
0.712500 2.475000 0.093670
0.787500 2.475000 0.094010
0.862500 2.475000 0.094350
0.937500 2.475000 0.094690
1.012000 2.475000 0.095030
1.087000 2.475000 0.095340
1.163000 2.475000 0.095640
1.238000 2.475000 0.095910
1.313000 2.475000 0.096140
1.388000 2.475000 0.096340
1.463000 2.475000 0.096490
1.538000 2.475000 0.096590
1.613000 2.475000 0.096650
1.688000 2.475000 0.096650
1.763000 2.475000 0.096600
1.838000 2.475000 0.096490
1.913000 2.475000 0.096320
1.988000 2.475000 0.096100
2.063000 2.475000 0.095830
2.138000 2.475000 0.095510
2.213000 2.475000 0.095140
2.288000 2.475000 0.094730
2.363000 2.475000 0.094290
2.438000 2.475000 0.093810
2.513000 2.475000 0.093300
2.588000 2.475000 0.092780
2.663000 2.475000 0.092240
2.738000 2.475000 0.091700
2.813000 2.475000 0.091160
2.888000 2.475000 0.090620
2.963000 2.475000 0.090100
3.038000 2.475000 0.089600
3.113000 2.475000 0.089120
3.188000 2.475000 0.088680
3.263000 2.475000 0.088270
3.338000 2.475000 0.087910
3.413000 2.475000 0.087600
3.488000 2.475000 0.087330
3.563000 2.475000 0.087110
3.638000 2.475000 0.086950
3.713000 2.475000 0.086840
3.788000 2.475000 0.086790
3.863000 2.475000 0.000000
-0.037500 2.625000 0.000000
0.037500 2.625000 0.082020
0.112500 2.625000 0.082060
0.187500 2.625000 0.082130
0.262500 2.625000 0.082240
0.337500 2.625000 0.082380
0.412500 2.625000 0.082550
0.487500 2.625000 0.082750
0.562500 2.625000 0.082970
0.637500 2.625000 0.083210
0.712500 2.625000 0.083460
0.787500 2.625000 0.083720
0.862500 2.625000 0.083980
0.937500 2.625000 0.084250
1.012000 2.625000 0.084500
1.087000 2.625000 0.084740
1.163000 2.625000 0.084970
1.238000 2.625000 0.085170
1.313000 2.625000 0.085340
1.388000 2.625000 0.085480
1.463000 2.625000 0.085590
1.538000 2.625000 0.085650
1.613000 2.625000 0.085680
1.688000 2.625000 0.085660
1.763000 2.625000 0.085600
1.838000 2.625000 0.085500
1.913000 2.625000 0.085350
1.988000 2.625000 0.085150
2.063000 2.625000 0.084920
2.138000 2.625000 0.084640
2.213000 2.625000 0.084330
2.288000 2.625000 0.083980
2.363000 2.625000 0.083610
2.438000 2.625000 0.083210
2.513000 2.625000 0.082780
2.588000 2.625000 0.082350
2.663000 2.625000 0.081900
2.738000 2.625000 0.081450
2.813000 2.625000 0.081000
2.888000 2.625000 0.080560
2.963000 2.625000 0.080130
3.038000 2.625000 0.079710
3.113000 2.625000 0.079320
3.188000 2.625000 0.078960
3.263000 2.625000 0.078630
3.338000 2.625000 0.078330
3.413000 2.625000 0.078070
3.488000 2.625000 0.077860
3.563000 2.625000 0.077680
3.638000 2.625000 0.077550
3.713000 2.625000 0.077460
3.788000 2.625000 0.077420
3.863000 2.625000 0.000000
-0.037500 2.775000 0.000000
0.037500 2.775000 0.073840
0.112500 2.775000 0.073870
0.187500 2.775000 0.073930
0.262500 2.775000 0.074020
0.337500 2.775000 0.074130
0.412500 2.775000 0.074270
0.487500 2.775000 0.074440
0.562500 2.775000 0.074620
0.637500 2.775000 0.074810
0.712500 2.775000 0.075020
0.787500 2.775000 0.075230
0.862500 2.775000 0.075450
0.937500 2.775000 0.075660
1.012000 2.775000 0.075870
1.087000 2.775000 0.076060
1.163000 2.775000 0.076240
1.238000 2.775000 0.076400
1.313000 2.775000 0.076540
1.388000 2.775000 0.076650
1.463000 2.775000 0.076720
1.538000 2.775000 0.076770
1.613000 2.775000 0.076780
1.688000 2.775000 0.076760
1.763000 2.775000 0.076700
1.838000 2.775000 0.076600
1.913000 2.775000 0.076460
1.988000 2.775000 0.076290
2.063000 2.775000 0.076080
2.138000 2.775000 0.075840
2.213000 2.775000 0.075560
2.288000 2.775000 0.075260
2.363000 2.775000 0.074940
2.438000 2.775000 0.074590
2.513000 2.775000 0.074230
2.588000 2.775000 0.073850
2.663000 2.775000 0.073470
2.738000 2.775000 0.073080
2.813000 2.775000 0.072690
2.888000 2.775000 0.072320
2.963000 2.775000 0.071950
3.038000 2.775000 0.071590
3.113000 2.775000 0.071260
3.188000 2.775000 0.070950
3.263000 2.775000 0.070670
3.338000 2.775000 0.070420
3.413000 2.775000 0.070200
3.488000 2.775000 0.070020
3.563000 2.775000 0.069870
3.638000 2.775000 0.069760
3.713000 2.775000 0.069680
3.788000 2.775000 0.069650
3.863000 2.775000 0.000000
-0.037500 2.925000 0.000000
0.037500 2.925000 0.060570
0.112500 2.925000 0.060600
0.187500 2.925000 0.060650
0.262500 2.925000 0.060720
0.337500 2.925000 0.060810
0.412500 2.925000 0.060920
0.487500 2.925000 0.061050
0.562500 2.925000 0.061190
0.637500 2.925000 0.061350
0.712500 2.925000 0.061510
0.787500 2.925000 0.061670
0.862500 2.925000 0.061840
0.937500 2.925000 0.062000
1.012000 2.925000 0.062160
1.087000 2.925000 0.062310
1.163000 2.925000 0.062450
1.238000 2.925000 0.062570
1.313000 2.925000 0.062670
1.388000 2.925000 0.062760
1.463000 2.925000 0.062810
1.538000 2.925000 0.062850
1.613000 2.925000 0.062850
1.688000 2.925000 0.062830
1.763000 2.925000 0.062770
1.838000 2.925000 0.062690
1.913000 2.925000 0.062580
1.988000 2.925000 0.062430
2.063000 2.925000 0.062260
2.138000 2.925000 0.062070
2.213000 2.925000 0.061850
2.288000 2.925000 0.061600
2.363000 2.925000 0.061340
2.438000 2.925000 0.061060
2.513000 2.925000 0.060770
2.588000 2.925000 0.060470
2.663000 2.925000 0.060160
2.738000 2.925000 0.059860
2.813000 2.925000 0.059550
2.888000 2.925000 0.059240
2.963000 2.925000 0.058950
3.038000 2.925000 0.058670
3.113000 2.925000 0.058400
3.188000 2.925000 0.058160
3.263000 2.925000 0.057940
3.338000 2.925000 0.057740
3.413000 2.925000 0.057560
3.488000 2.925000 0.057420
3.563000 2.925000 0.057300
3.638000 2.925000 0.057220
3.713000 2.925000 0.057160
3.788000 2.925000 0.057130
3.863000 2.925000 0.000000
-0.037500 3.075000 0.000000
0.037500 3.075000 0.045190
0.112500 3.075000 0.045200
0.187500 3.075000 0.045240
0.262500 3.075000 0.045290
0.337500 3.075000 0.045350
0.412500 3.075000 0.045430
0.487500 3.075000 0.045520
0.562500 3.075000 0.045620
0.637500 3.075000 0.045720
0.712500 3.075000 0.045830
0.787500 3.075000 0.045950
0.862500 3.075000 0.046060
0.937500 3.075000 0.046170
1.012000 3.075000 0.046280
1.087000 3.075000 0.046390
1.163000 3.075000 0.046480
1.238000 3.075000 0.046560
1.313000 3.075000 0.046630
1.388000 3.075000 0.046680
1.463000 3.075000 0.046720
1.538000 3.075000 0.046740
1.613000 3.075000 0.046730
1.688000 3.075000 0.046710
1.763000 3.075000 0.046670
1.838000 3.075000 0.046610
1.913000 3.075000 0.046520
1.988000 3.075000 0.046410
2.063000 3.075000 0.046290
2.138000 3.075000 0.046150
2.213000 3.075000 0.045990
2.288000 3.075000 0.045810
2.363000 3.075000 0.045620
2.438000 3.075000 0.045420
2.513000 3.075000 0.045210
2.588000 3.075000 0.044990
2.663000 3.075000 0.044770
2.738000 3.075000 0.044540
2.813000 3.075000 0.044320
2.888000 3.075000 0.044100
2.963000 3.075000 0.043890
3.038000 3.075000 0.043690
3.113000 3.075000 0.043500
3.188000 3.075000 0.043330
3.263000 3.075000 0.043160
3.338000 3.075000 0.043020
3.413000 3.075000 0.042900
3.488000 3.075000 0.042790
3.563000 3.075000 0.042710
3.638000 3.075000 0.042650
3.713000 3.075000 0.042600
3.788000 3.075000 0.042580
3.863000 3.075000 0.000000
-0.037500 3.225000 0.000000
0.037500 3.225000 0.033410
0.112500 3.225000 0.033420
0.187500 3.225000 0.033450
0.262500 3.225000 0.033480
0.337500 3.225000 0.033520
0.412500 3.225000 0.033580
0.487500 3.225000 0.033640
0.562500 3.225000 0.033700
0.637500 3.225000 0.033780
0.712500 3.225000 0.033850
0.787500 3.225000 0.033930
0.862500 3.225000 0.034010
0.937500 3.225000 0.034080
1.012000 3.225000 0.034160
1.087000 3.225000 0.034230
1.163000 3.225000 0.034290
1.238000 3.225000 0.034340
1.313000 3.225000 0.034390
1.388000 3.225000 0.034420
1.463000 3.225000 0.034440
1.538000 3.225000 0.034450
1.613000 3.225000 0.034450
1.688000 3.225000 0.034430
1.763000 3.225000 0.034390
1.838000 3.225000 0.034340
1.913000 3.225000 0.034280
1.988000 3.225000 0.034200
2.063000 3.225000 0.034110
2.138000 3.225000 0.034010
2.213000 3.225000 0.033890
2.288000 3.225000 0.033760
2.363000 3.225000 0.033630
2.438000 3.225000 0.033480
2.513000 3.225000 0.033330
2.588000 3.225000 0.033180
2.663000 3.225000 0.033020
2.738000 3.225000 0.032860
2.813000 3.225000 0.032700
2.888000 3.225000 0.032540
2.963000 3.225000 0.032390
3.038000 3.225000 0.032250
3.113000 3.225000 0.032110
3.188000 3.225000 0.031990
3.263000 3.225000 0.031870
3.338000 3.225000 0.031770
3.413000 3.225000 0.031680
3.488000 3.225000 0.031610
3.563000 3.225000 0.031550
3.638000 3.225000 0.031500
3.713000 3.225000 0.031470
3.788000 3.225000 0.031450
3.863000 3.225000 0.000000
-0.037500 3.375000 0.000000
0.037500 3.375000 0.024490
0.112500 3.375000 0.024500
0.187500 3.375000 0.024510
0.262500 3.375000 0.024540
0.337500 3.375000 0.024570
0.412500 3.375000 0.024600
0.487500 3.375000 0.024640
0.562500 3.375000 0.024690
0.637500 3.375000 0.024740
0.712500 3.375000 0.024790
0.787500 3.375000 0.024840
0.862500 3.375000 0.024890
0.937500 3.375000 0.024940
1.012000 3.375000 0.024990
1.087000 3.375000 0.025040
1.163000 3.375000 0.025080
1.238000 3.375000 0.025110
1.313000 3.375000 0.025140
1.388000 3.375000 0.025160
1.463000 3.375000 0.025180
1.538000 3.375000 0.025180
1.613000 3.375000 0.025170
1.688000 3.375000 0.025160
1.763000 3.375000 0.025130
1.838000 3.375000 0.025100
1.913000 3.375000 0.025050
1.988000 3.375000 0.024990
2.063000 3.375000 0.024930
2.138000 3.375000 0.024850
2.213000 3.375000 0.024770
2.288000 3.375000 0.024680
2.363000 3.375000 0.024580
2.438000 3.375000 0.024470
2.513000 3.375000 0.024370
2.588000 3.375000 0.024260
2.663000 3.375000 0.024140
2.738000 3.375000 0.024030
2.813000 3.375000 0.023920
2.888000 3.375000 0.023810
2.963000 3.375000 0.023700
3.038000 3.375000 0.023600
3.113000 3.375000 0.023510
3.188000 3.375000 0.023420
3.263000 3.375000 0.023330
3.338000 3.375000 0.023260
3.413000 3.375000 0.023200
3.488000 3.375000 0.023140
3.563000 3.375000 0.023100
3.638000 3.375000 0.023060
3.713000 3.375000 0.023040
3.788000 3.375000 0.023030
3.863000 3.375000 0.000000
-0.037500 3.525000 0.000000
0.037500 3.525000 0.017800
0.112500 3.525000 0.017800
0.187500 3.525000 0.017810
0.262500 3.525000 0.017830
0.337500 3.525000 0.017850
0.412500 3.525000 0.017870
0.487500 3.525000 0.017900
0.562500 3.525000 0.017930
0.637500 3.525000 0.017960
0.712500 3.525000 0.018000
0.787500 3.525000 0.018030
0.862500 3.525000 0.018070
0.937500 3.525000 0.018100
1.012000 3.525000 0.018130
1.087000 3.525000 0.018160
1.163000 3.525000 0.018190
1.238000 3.525000 0.018210
1.313000 3.525000 0.018230
1.388000 3.525000 0.018240
1.463000 3.525000 0.018250
1.538000 3.525000 0.018250
1.613000 3.525000 0.018240
1.688000 3.525000 0.018230
1.763000 3.525000 0.018210
1.838000 3.525000 0.018180
1.913000 3.525000 0.018150
1.988000 3.525000 0.018110
2.063000 3.525000 0.018060
2.138000 3.525000 0.018010
2.213000 3.525000 0.017950
2.288000 3.525000 0.017880
2.363000 3.525000 0.017810
2.438000 3.525000 0.017740
2.513000 3.525000 0.017670
2.588000 3.525000 0.017590
2.663000 3.525000 0.017510
2.738000 3.525000 0.017430
2.813000 3.525000 0.017350
2.888000 3.525000 0.017270
2.963000 3.525000 0.017200
3.038000 3.525000 0.017130
3.113000 3.525000 0.017060
3.188000 3.525000 0.017000
3.263000 3.525000 0.016940
3.338000 3.525000 0.016890
3.413000 3.525000 0.016840
3.488000 3.525000 0.016800
3.563000 3.525000 0.016770
3.638000 3.525000 0.016740
3.713000 3.525000 0.016730
3.788000 3.525000 0.016720
3.863000 3.525000 0.000000
-0.037500 3.675000 0.000000
0.037500 3.675000 0.012830
0.112500 3.675000 0.012830
0.187500 3.675000 0.012840
0.262500 3.675000 0.012850
0.337500 3.675000 0.012860
0.412500 3.675000 0.012880
0.487500 3.675000 0.012900
0.562500 3.675000 0.012920
0.637500 3.675000 0.012940
0.712500 3.675000 0.012960
0.787500 3.675000 0.012980
0.862500 3.675000 0.013010
0.937500 3.675000 0.013030
1.012000 3.675000 0.013050
1.087000 3.675000 0.013070
1.163000 3.675000 0.013090
1.238000 3.675000 0.013100
1.313000 3.675000 0.013110
1.388000 3.675000 0.013120
1.463000 3.675000 0.013120
1.538000 3.675000 0.013120
1.613000 3.675000 0.013120
1.688000 3.675000 0.013110
1.763000 3.675000 0.013090
1.838000 3.675000 0.013070
1.913000 3.675000 0.013050
1.988000 3.675000 0.013020
2.063000 3.675000 0.012980
2.138000 3.675000 0.012950
2.213000 3.675000 0.012900
2.288000 3.675000 0.012860
2.363000 3.675000 0.012810
2.438000 3.675000 0.012760
2.513000 3.675000 0.012710
2.588000 3.675000 0.012650
2.663000 3.675000 0.012600
2.738000 3.675000 0.012540
2.813000 3.675000 0.012480
2.888000 3.675000 0.012430
2.963000 3.675000 0.012380
3.038000 3.675000 0.012330
3.113000 3.675000 0.012280
3.188000 3.675000 0.012240
3.263000 3.675000 0.012200
3.338000 3.675000 0.012160
3.413000 3.675000 0.012130
3.488000 3.675000 0.012100
3.563000 3.675000 0.012080
3.638000 3.675000 0.012060
3.713000 3.675000 0.012050
3.788000 3.675000 0.012040
3.863000 3.675000 0.000000
-0.037500 3.825000 0.000000
0.037500 3.825000 0.009177
0.112500 3.825000 0.009180
0.187500 3.825000 0.009184
0.262500 3.825000 0.009190
0.337500 3.825000 0.009198
0.412500 3.825000 0.009209
0.487500 3.825000 0.009220
0.562500 3.825000 0.009233
0.637500 3.825000 0.009247
0.712500 3.825000 0.009262
0.787500 3.825000 0.009277
0.862500 3.825000 0.009292
0.937500 3.825000 0.009306
1.012000 3.825000 0.009320
1.087000 3.825000 0.009332
1.163000 3.825000 0.009343
1.238000 3.825000 0.009352
1.313000 3.825000 0.009359
1.388000 3.825000 0.009363
1.463000 3.825000 0.009365
1.538000 3.825000 0.009363
1.613000 3.825000 0.009359
1.688000 3.825000 0.009351
1.763000 3.825000 0.009340
1.838000 3.825000 0.009325
1.913000 3.825000 0.009307
1.988000 3.825000 0.009287
2.063000 3.825000 0.009263
2.138000 3.825000 0.009236
2.213000 3.825000 0.009206
2.288000 3.825000 0.009175
2.363000 3.825000 0.009141
2.438000 3.825000 0.009105
2.513000 3.825000 0.009068
2.588000 3.825000 0.009030
2.663000 3.825000 0.008992
2.738000 3.825000 0.008953
2.813000 3.825000 0.008915
2.888000 3.825000 0.008878
2.963000 3.825000 0.008842
3.038000 3.825000 0.008807
3.113000 3.825000 0.008774
3.188000 3.825000 0.008743
3.263000 3.825000 0.008715
3.338000 3.825000 0.008690
3.413000 3.825000 0.008668
3.488000 3.825000 0.008648
3.563000 3.825000 0.008632
3.638000 3.825000 0.008619
3.713000 3.825000 0.008609
3.788000 3.825000 0.008604
3.863000 3.825000 0.000000
-0.037500 3.975000 0.000000
0.037500 3.975000 0.006518
0.112500 3.975000 0.006520
0.187500 3.975000 0.006522
0.262500 3.975000 0.006527
0.337500 3.975000 0.006532
0.412500 3.975000 0.006539
0.487500 3.975000 0.006546
0.562500 3.975000 0.006555
0.637500 3.975000 0.006564
0.712500 3.975000 0.006573
0.787500 3.975000 0.006583
0.862500 3.975000 0.006592
0.937500 3.975000 0.006602
1.012000 3.975000 0.006610
1.087000 3.975000 0.006618
1.163000 3.975000 0.006625
1.238000 3.975000 0.006630
1.313000 3.975000 0.006634
1.388000 3.975000 0.006637
1.463000 3.975000 0.006637
1.538000 3.975000 0.006635
1.613000 3.975000 0.006632
1.688000 3.975000 0.006626
1.763000 3.975000 0.006618
1.838000 3.975000 0.006607
1.913000 3.975000 0.006595
1.988000 3.975000 0.006580
2.063000 3.975000 0.006563
2.138000 3.975000 0.006544
2.213000 3.975000 0.006524
2.288000 3.975000 0.006502
2.363000 3.975000 0.006478
2.438000 3.975000 0.006454
2.513000 3.975000 0.006428
2.588000 3.975000 0.006402
2.663000 3.975000 0.006376
2.738000 3.975000 0.006349
2.813000 3.975000 0.006323
2.888000 3.975000 0.006297
2.963000 3.975000 0.006272
3.038000 3.975000 0.006248
3.113000 3.975000 0.006225
3.188000 3.975000 0.006204
3.263000 3.975000 0.006185
3.338000 3.975000 0.006167
3.413000 3.975000 0.006152
3.488000 3.975000 0.006138
3.563000 3.975000 0.006127
3.638000 3.975000 0.006117
3.713000 3.975000 0.006111
3.788000 3.975000 0.006107
3.863000 3.975000 0.000000
-0.037500 4.125000 0.000000
0.037500 4.125000 0.004603
0.112500 4.125000 0.004604
0.187500 4.125000 0.004606
0.262500 4.125000 0.004608
0.337500 4.125000 0.004612
0.412500 4.125000 0.004616
0.487500 4.125000 0.004621
0.562500 4.125000 0.004626
0.637500 4.125000 0.004632
0.712500 4.125000 0.004638
0.787500 4.125000 0.004644
0.862500 4.125000 0.004650
0.937500 4.125000 0.004656
1.012000 4.125000 0.004662
1.087000 4.125000 0.004667
1.163000 4.125000 0.004671
1.238000 4.125000 0.004674
1.313000 4.125000 0.004676
1.388000 4.125000 0.004677
1.463000 4.125000 0.004677
1.538000 4.125000 0.004676
1.613000 4.125000 0.004673
1.688000 4.125000 0.004668
1.763000 4.125000 0.004663
1.838000 4.125000 0.004655
1.913000 4.125000 0.004646
1.988000 4.125000 0.004636
2.063000 4.125000 0.004624
2.138000 4.125000 0.004611
2.213000 4.125000 0.004597
2.288000 4.125000 0.004582
2.363000 4.125000 0.004565
2.438000 4.125000 0.004548
2.513000 4.125000 0.004531
2.588000 4.125000 0.004513
2.663000 4.125000 0.004495
2.738000 4.125000 0.004477
2.813000 4.125000 0.004459
2.888000 4.125000 0.004441
2.963000 4.125000 0.004424
3.038000 4.125000 0.004407
3.113000 4.125000 0.004392
3.188000 4.125000 0.004377
3.263000 4.125000 0.004364
3.338000 4.125000 0.004352
3.413000 4.125000 0.004341
3.488000 4.125000 0.004332
3.563000 4.125000 0.004324
3.638000 4.125000 0.004317
3.713000 4.125000 0.004313
3.788000 4.125000 0.004310
3.863000 4.125000 0.000000
-0.037500 4.275000 0.000000
0.037500 4.275000 0.003239
0.112500 4.275000 0.003240
0.187500 4.275000 0.003241
0.262500 4.275000 0.003242
0.337500 4.275000 0.003245
0.412500 4.275000 0.003247
0.487500 4.275000 0.003250
0.562500 4.275000 0.003254
0.637500 4.275000 0.003258
0.712500 4.275000 0.003261
0.787500 4.275000 0.003265
0.862500 4.275000 0.003269
0.937500 4.275000 0.003273
1.012000 4.275000 0.003276
1.087000 4.275000 0.003279
1.163000 4.275000 0.003282
1.238000 4.275000 0.003284
1.313000 4.275000 0.003285
1.388000 4.275000 0.003285
1.463000 4.275000 0.003285
1.538000 4.275000 0.003284
1.613000 4.275000 0.003281
1.688000 4.275000 0.003278
1.763000 4.275000 0.003274
1.838000 4.275000 0.003269
1.913000 4.275000 0.003262
1.988000 4.275000 0.003255
2.063000 4.275000 0.003247
2.138000 4.275000 0.003238
2.213000 4.275000 0.003228
2.288000 4.275000 0.003218
2.363000 4.275000 0.003207
2.438000 4.275000 0.003195
2.513000 4.275000 0.003183
2.588000 4.275000 0.003171
2.663000 4.275000 0.003158
2.738000 4.275000 0.003146
2.813000 4.275000 0.003133
2.888000 4.275000 0.003121
2.963000 4.275000 0.003110
3.038000 4.275000 0.003098
3.113000 4.275000 0.003088
3.188000 4.275000 0.003078
3.263000 4.275000 0.003069
3.338000 4.275000 0.003060
3.413000 4.275000 0.003053
3.488000 4.275000 0.003047
3.563000 4.275000 0.003041
3.638000 4.275000 0.003037
3.713000 4.275000 0.003033
3.788000 4.275000 0.003032
3.863000 4.275000 0.000000
-0.037500 4.425000 0.000000
0.037500 4.425000 0.002282
0.112500 4.425000 0.002282
0.187500 4.425000 0.002283
0.262500 4.425000 0.002284
0.337500 4.425000 0.002285
0.412500 4.425000 0.002287
0.487500 4.425000 0.002289
0.562500 4.425000 0.002291
0.637500 4.425000 0.002294
0.712500 4.425000 0.002296
0.787500 4.425000 0.002299
0.862500 4.425000 0.002301
0.937500 4.425000 0.002303
1.012000 4.425000 0.002305
1.087000 4.425000 0.002307
1.163000 4.425000 0.002309
1.238000 4.425000 0.002310
1.313000 4.425000 0.002310
1.388000 4.425000 0.002310
1.463000 4.425000 0.002310
1.538000 4.425000 0.002309
1.613000 4.425000 0.002307
1.688000 4.425000 0.002305
1.763000 4.425000 0.002302
1.838000 4.425000 0.002298
1.913000 4.425000 0.002294
1.988000 4.425000 0.002288
2.063000 4.425000 0.002283
2.138000 4.425000 0.002277
2.213000 4.425000 0.002270
2.288000 4.425000 0.002263
2.363000 4.425000 0.002255
2.438000 4.425000 0.002247
2.513000 4.425000 0.002239
2.588000 4.425000 0.002230
2.663000 4.425000 0.002222
2.738000 4.425000 0.002213
2.813000 4.425000 0.002205
2.888000 4.425000 0.002197
2.963000 4.425000 0.002189
3.038000 4.425000 0.002181
3.113000 4.425000 0.002174
3.188000 4.425000 0.002167
3.263000 4.425000 0.002161
3.338000 4.425000 0.002155
3.413000 4.425000 0.002150
3.488000 4.425000 0.002145
3.563000 4.425000 0.002141
3.638000 4.425000 0.002138
3.713000 4.425000 0.002136
3.788000 4.425000 0.002135
3.863000 4.425000 0.000000
-0.037500 4.575000 0.000000
0.037500 4.575000 0.001625
0.112500 4.575000 0.001625
0.187500 4.575000 0.001625
0.262500 4.575000 0.001626
0.337500 4.575000 0.001627
0.412500 4.575000 0.001628
0.487500 4.575000 0.001629
0.562500 4.575000 0.001631
0.637500 4.575000 0.001632
0.712500 4.575000 0.001634
0.787500 4.575000 0.001635
0.862500 4.575000 0.001637
0.937500 4.575000 0.001638
1.012000 4.575000 0.001640
1.087000 4.575000 0.001641
1.163000 4.575000 0.001641
1.238000 4.575000 0.001642
1.313000 4.575000 0.001642
1.388000 4.575000 0.001642
1.463000 4.575000 0.001642
1.538000 4.575000 0.001641
1.613000 4.575000 0.001640
1.688000 4.575000 0.001638
1.763000 4.575000 0.001636
1.838000 4.575000 0.001633
1.913000 4.575000 0.001630
1.988000 4.575000 0.001626
2.063000 4.575000 0.001622
2.138000 4.575000 0.001618
2.213000 4.575000 0.001613
2.288000 4.575000 0.001608
2.363000 4.575000 0.001603
2.438000 4.575000 0.001597
2.513000 4.575000 0.001591
2.588000 4.575000 0.001586
2.663000 4.575000 0.001580
2.738000 4.575000 0.001574
2.813000 4.575000 0.001568
2.888000 4.575000 0.001562
2.963000 4.575000 0.001557
3.038000 4.575000 0.001551
3.113000 4.575000 0.001546
3.188000 4.575000 0.001542
3.263000 4.575000 0.001537
3.338000 4.575000 0.001533
3.413000 4.575000 0.001530
3.488000 4.575000 0.001527
3.563000 4.575000 0.001524
3.638000 4.575000 0.001522
3.713000 4.575000 0.001520
3.788000 4.575000 0.001520
3.863000 4.575000 0.000000
-0.037500 4.725000 0.000000
0.037500 4.725000 0.001191
0.112500 4.725000 0.001191
0.187500 4.725000 0.001191
0.262500 4.725000 0.001192
0.337500 4.725000 0.001192
0.412500 4.725000 0.001193
0.487500 4.725000 0.001194
0.562500 4.725000 0.001195
0.637500 4.725000 0.001196
0.712500 4.725000 0.001197
0.787500 4.725000 0.001198
0.862500 4.725000 0.001199
0.937500 4.725000 0.001200
1.012000 4.725000 0.001200
1.087000 4.725000 0.001201
1.163000 4.725000 0.001202
1.238000 4.725000 0.001202
1.313000 4.725000 0.001202
1.388000 4.725000 0.001202
1.463000 4.725000 0.001201
1.538000 4.725000 0.001201
1.613000 4.725000 0.001200
1.688000 4.725000 0.001198
1.763000 4.725000 0.001196
1.838000 4.725000 0.001195
1.913000 4.725000 0.001192
1.988000 4.725000 0.001190
2.063000 4.725000 0.001187
2.138000 4.725000 0.001184
2.213000 4.725000 0.001180
2.288000 4.725000 0.001177
2.363000 4.725000 0.001173
2.438000 4.725000 0.001169
2.513000 4.725000 0.001165
2.588000 4.725000 0.001161
2.663000 4.725000 0.001156
2.738000 4.725000 0.001152
2.813000 4.725000 0.001148
2.888000 4.725000 0.001144
2.963000 4.725000 0.001140
3.038000 4.725000 0.001136
3.113000 4.725000 0.001133
3.188000 4.725000 0.001129
3.263000 4.725000 0.001126
3.338000 4.725000 0.001124
3.413000 4.725000 0.001121
3.488000 4.725000 0.001119
3.563000 4.725000 0.001117
3.638000 4.725000 0.001115
3.713000 4.725000 0.001114
3.788000 4.725000 0.001114
3.863000 4.725000 0.000000
-0.037500 4.875000 0.000000
0.037500 4.875000 0.000928
0.112500 4.875000 0.000928
0.187500 4.875000 0.000929
0.262500 4.875000 0.000929
0.337500 4.875000 0.000929
0.412500 4.875000 0.000930
0.487500 4.875000 0.000930
0.562500 4.875000 0.000931
0.637500 4.875000 0.000931
0.712500 4.875000 0.000932
0.787500 4.875000 0.000933
0.862500 4.875000 0.000934
0.937500 4.875000 0.000934
1.012000 4.875000 0.000935
1.087000 4.875000 0.000935
1.163000 4.875000 0.000935
1.238000 4.875000 0.000936
1.313000 4.875000 0.000936
1.388000 4.875000 0.000935
1.463000 4.875000 0.000935
1.538000 4.875000 0.000934
1.613000 4.875000 0.000933
1.688000 4.875000 0.000932
1.763000 4.875000 0.000931
1.838000 4.875000 0.000929
1.913000 4.875000 0.000928
1.988000 4.875000 0.000926
2.063000 4.875000 0.000923
2.138000 4.875000 0.000921
2.213000 4.875000 0.000918
2.288000 4.875000 0.000916
2.363000 4.875000 0.000913
2.438000 4.875000 0.000910
2.513000 4.875000 0.000907
2.588000 4.875000 0.000904
2.663000 4.875000 0.000900
2.738000 4.875000 0.000897
2.813000 4.875000 0.000894
2.888000 4.875000 0.000891
2.963000 4.875000 0.000888
3.038000 4.875000 0.000885
3.113000 4.875000 0.000882
3.188000 4.875000 0.000880
3.263000 4.875000 0.000877
3.338000 4.875000 0.000875
3.413000 4.875000 0.000873
3.488000 4.875000 0.000872
3.563000 4.875000 0.000870
3.638000 4.875000 0.000869
3.713000 4.875000 0.000868
3.788000 4.875000 0.000868
3.863000 4.875000 0.000000
-0.037500 5.025000 0.000000
0.037500 5.025000 0.000805
0.112500 5.025000 0.000805
0.187500 5.025000 0.000805
0.262500 5.025000 0.000805
0.337500 5.025000 0.000805
0.412500 5.025000 0.000806
0.487500 5.025000 0.000806
0.562500 5.025000 0.000807
0.637500 5.025000 0.000807
0.712500 5.025000 0.000808
0.787500 5.025000 0.000808
0.862500 5.025000 0.000809
0.937500 5.025000 0.000809
1.012000 5.025000 0.000810
1.087000 5.025000 0.000810
1.163000 5.025000 0.000810
1.238000 5.025000 0.000810
1.313000 5.025000 0.000810
1.388000 5.025000 0.000810
1.463000 5.025000 0.000809
1.538000 5.025000 0.000809
1.613000 5.025000 0.000808
1.688000 5.025000 0.000807
1.763000 5.025000 0.000806
1.838000 5.025000 0.000805
1.913000 5.025000 0.000803
1.988000 5.025000 0.000801
2.063000 5.025000 0.000799
2.138000 5.025000 0.000797
2.213000 5.025000 0.000795
2.288000 5.025000 0.000793
2.363000 5.025000 0.000790
2.438000 5.025000 0.000788
2.513000 5.025000 0.000785
2.588000 5.025000 0.000783
2.663000 5.025000 0.000780
2.738000 5.025000 0.000777
2.813000 5.025000 0.000774
2.888000 5.025000 0.000772
2.963000 5.025000 0.000769
3.038000 5.025000 0.000767
3.113000 5.025000 0.000765
3.188000 5.025000 0.000762
3.263000 5.025000 0.000760
3.338000 5.025000 0.000759
3.413000 5.025000 0.000757
3.488000 5.025000 0.000755
3.563000 5.025000 0.000754
3.638000 5.025000 0.000753
3.713000 5.025000 0.000752
3.788000 5.025000 0.000752
3.863000 5.025000 0.000000
-0.037500 5.175000 0.000000
0.037500 5.175000 0.000000
0.112500 5.175000 0.000000
0.187500 5.175000 0.000000
0.262500 5.175000 0.000000
0.337500 5.175000 0.000000
0.412500 5.175000 0.000000
0.487500 5.175000 0.000000
0.562500 5.175000 0.000000
0.637500 5.175000 0.000000
0.712500 5.175000 0.000000
0.787500 5.175000 0.000000
0.862500 5.175000 0.000000
0.937500 5.175000 0.000000
1.012000 5.175000 0.000000
1.087000 5.175000 0.000000
1.163000 5.175000 0.000000
1.238000 5.175000 0.000000
1.313000 5.175000 0.000000
1.388000 5.175000 0.000000
1.463000 5.175000 0.000000
1.538000 5.175000 0.000000
1.613000 5.175000 0.000000
1.688000 5.175000 0.000000
1.763000 5.175000 0.000000
1.838000 5.175000 0.000000
1.913000 5.175000 0.000000
1.988000 5.175000 0.000000
2.063000 5.175000 0.000000
2.138000 5.175000 0.000000
2.213000 5.175000 0.000000
2.288000 5.175000 0.000000
2.363000 5.175000 0.000000
2.438000 5.175000 0.000000
2.513000 5.175000 0.000000
2.588000 5.175000 0.000000
2.663000 5.175000 0.000000
2.738000 5.175000 0.000000
2.813000 5.175000 0.000000
2.888000 5.175000 0.000000
2.963000 5.175000 0.000000
3.038000 5.175000 0.000000
3.113000 5.175000 0.000000
3.188000 5.175000 0.000000
3.263000 5.175000 0.000000
3.338000 5.175000 0.000000
3.413000 5.175000 0.000000
3.488000 5.175000 0.000000
3.563000 5.175000 0.000000
3.638000 5.175000 0.000000
3.713000 5.175000 0.000000
3.788000 5.175000 0.000000
3.863000 5.175000 0.000000
