-0.037500 -0.075000 0.000000
0.037500 -0.075000 0.000000
0.112500 -0.075000 0.000000
0.187500 -0.075000 0.000000
0.262500 -0.075000 0.000000
0.337500 -0.075000 0.000000
0.412500 -0.075000 0.000000
0.487500 -0.075000 0.000000
0.562500 -0.075000 0.000000
0.637500 -0.075000 0.000000
0.712500 -0.075000 0.000000
0.787500 -0.075000 0.000000
0.862500 -0.075000 0.000000
0.937500 -0.075000 0.000000
1.012000 -0.075000 0.000000
1.087000 -0.075000 0.000000
1.163000 -0.075000 0.000000
1.238000 -0.075000 0.000000
1.313000 -0.075000 0.000000
1.388000 -0.075000 0.000000
1.463000 -0.075000 0.000000
1.538000 -0.075000 0.000000
1.613000 -0.075000 0.000000
1.688000 -0.075000 0.000000
1.763000 -0.075000 0.000000
1.838000 -0.075000 0.000000
1.913000 -0.075000 0.000000
1.988000 -0.075000 0.000000
2.063000 -0.075000 0.000000
2.138000 -0.075000 0.000000
2.213000 -0.075000 0.000000
2.288000 -0.075000 0.000000
2.363000 -0.075000 0.000000
2.438000 -0.075000 0.000000
2.513000 -0.075000 0.000000
2.588000 -0.075000 0.000000
2.663000 -0.075000 0.000000
2.738000 -0.075000 0.000000
2.813000 -0.075000 0.000000
2.888000 -0.075000 0.000000
2.963000 -0.075000 0.000000
3.038000 -0.075000 0.000000
3.113000 -0.075000 0.000000
3.188000 -0.075000 0.000000
3.263000 -0.075000 0.000000
3.338000 -0.075000 0.000000
3.413000 -0.075000 0.000000
3.488000 -0.075000 0.000000
3.563000 -0.075000 0.000000
3.638000 -0.075000 0.000000
3.713000 -0.075000 0.000000
3.788000 -0.075000 0.000000
3.863000 -0.075000 0.000000
-0.037500 0.075000 0.000000
0.037500 0.075000 0.000670
0.112500 0.075000 0.001330
0.187500 0.075000 0.002000
0.262500 0.075000 0.002670
0.337500 0.075000 0.003330
0.412500 0.075000 0.004000
0.487500 0.075000 0.004660
0.562500 0.075000 0.005330
0.637500 0.075000 0.005990
0.712500 0.075000 0.006640
0.787500 0.075000 0.007300
0.862500 0.075000 0.007940
0.937500 0.075000 0.008580
1.012000 0.075000 0.009210
1.087000 0.075000 0.009820
1.163000 0.075000 0.010420
1.238000 0.075000 0.010990
1.313000 0.075000 0.011530
1.388000 0.075000 0.012030
1.463000 0.075000 0.012490
1.538000 0.075000 0.012910
1.613000 0.075000 0.013260
1.688000 0.075000 0.013560
1.763000 0.075000 0.013780
1.838000 0.075000 0.013930
1.913000 0.075000 0.014000
1.988000 0.075000 0.013990
2.063000 0.075000 0.013910
2.138000 0.075000 0.013760
2.213000 0.075000 0.013550
2.288000 0.075000 0.013290
2.363000 0.075000 0.012980
2.438000 0.075000 0.012640
2.513000 0.075000 0.012280
2.588000 0.075000 0.011890
2.663000 0.075000 0.011500
2.738000 0.075000 0.011110
2.813000 0.075000 0.010710
2.888000 0.075000 0.010320
2.963000 0.075000 0.009940
3.038000 0.075000 0.009570
3.113000 0.075000 0.009210
3.188000 0.075000 0.008860
3.263000 0.075000 0.008530
3.338000 0.075000 0.008210
3.413000 0.075000 0.007900
3.488000 0.075000 0.007600
3.563000 0.075000 0.007320
3.638000 0.075000 0.007060
3.713000 0.075000 0.006800
3.788000 0.075000 0.006560
3.863000 0.075000 0.000000
-0.037500 0.225000 0.000000
0.037500 0.225000 0.000670
0.112500 0.225000 0.001330
0.187500 0.225000 0.002000
0.262500 0.225000 0.002670
0.337500 0.225000 0.003330
0.412500 0.225000 0.004000
0.487500 0.225000 0.004660
0.562500 0.225000 0.005330
0.637500 0.225000 0.005990
0.712500 0.225000 0.006640
0.787500 0.225000 0.007300
0.862500 0.225000 0.007940
0.937500 0.225000 0.008580
1.012000 0.225000 0.009210
1.087000 0.225000 0.009820
1.163000 0.225000 0.010420
1.238000 0.225000 0.010990
1.313000 0.225000 0.011530
1.388000 0.225000 0.012030
1.463000 0.225000 0.012490
1.538000 0.225000 0.012910
1.613000 0.225000 0.013260
1.688000 0.225000 0.013560
1.763000 0.225000 0.013780
1.838000 0.225000 0.013930
1.913000 0.225000 0.014000
1.988000 0.225000 0.013990
2.063000 0.225000 0.013910
2.138000 0.225000 0.013760
2.213000 0.225000 0.013550
2.288000 0.225000 0.013290
2.363000 0.225000 0.012980
2.438000 0.225000 0.012640
2.513000 0.225000 0.012280
2.588000 0.225000 0.011890
2.663000 0.225000 0.011500
2.738000 0.225000 0.011110
2.813000 0.225000 0.010710
2.888000 0.225000 0.010320
2.963000 0.225000 0.009940
3.038000 0.225000 0.009570
3.113000 0.225000 0.009210
3.188000 0.225000 0.008860
3.263000 0.225000 0.008530
3.338000 0.225000 0.008210
3.413000 0.225000 0.007900
3.488000 0.225000 0.007600
3.563000 0.225000 0.007320
3.638000 0.225000 0.007060
3.713000 0.225000 0.006800
3.788000 0.225000 0.006560
3.863000 0.225000 0.000000
-0.037500 0.375000 0.000000
0.037500 0.375000 0.089810
0.112500 0.375000 0.090030
0.187500 0.375000 0.090400
0.262500 0.375000 0.090870
0.337500 0.375000 0.091410
0.412500 0.375000 0.092010
0.487500 0.375000 0.092650
0.562500 0.375000 0.093320
0.637500 0.375000 0.094010
0.712500 0.375000 0.094720
0.787500 0.375000 0.095430
0.862500 0.375000 0.096140
0.937500 0.375000 0.096840
1.012000 0.375000 0.097530
1.087000 0.375000 0.098190
1.163000 0.375000 0.098820
1.238000 0.375000 0.099410
1.313000 0.375000 0.099950
1.388000 0.375000 0.100400
1.463000 0.375000 0.100800
1.538000 0.375000 0.101200
1.613000 0.375000 0.101500
1.688000 0.375000 0.101700
1.763000 0.375000 0.101700
1.838000 0.375000 0.101800
1.913000 0.375000 0.101700
1.988000 0.375000 0.101500
2.063000 0.375000 0.101200
2.138000 0.375000 0.100900
2.213000 0.375000 0.100400
2.288000 0.375000 0.099960
2.363000 0.375000 0.099410
2.438000 0.375000 0.098810
2.513000 0.375000 0.098180
2.588000 0.375000 0.097520
2.663000 0.375000 0.096850
2.738000 0.375000 0.096160
2.813000 0.375000 0.095480
2.888000 0.375000 0.094800
2.963000 0.375000 0.094130
3.038000 0.375000 0.093490
3.113000 0.375000 0.092870
3.188000 0.375000 0.092280
3.263000 0.375000 0.091730
3.338000 0.375000 0.091220
3.413000 0.375000 0.090760
3.488000 0.375000 0.090340
3.563000 0.375000 0.089980
3.638000 0.375000 0.089690
3.713000 0.375000 0.089470
3.788000 0.375000 0.089340
3.863000 0.375000 0.000000
-0.037500 0.525000 0.000000
0.037500 0.525000 0.172200
0.112500 0.525000 0.172300
0.187500 0.525000 0.172500
0.262500 0.525000 0.172800
0.337500 0.525000 0.173300
0.412500 0.525000 0.173700
0.487500 0.525000 0.174300
0.562500 0.525000 0.174800
0.637500 0.525000 0.175400
0.712500 0.525000 0.176100
0.787500 0.525000 0.176700
0.862500 0.525000 0.177300
0.937500 0.525000 0.178000
1.012000 0.525000 0.178600
1.087000 0.525000 0.179200
1.163000 0.525000 0.179700
1.238000 0.525000 0.180200
1.313000 0.525000 0.180600
1.388000 0.525000 0.181000
1.463000 0.525000 0.181300
1.538000 0.525000 0.181500
1.613000 0.525000 0.181600
1.688000 0.525000 0.181700
1.763000 0.525000 0.181600
1.838000 0.525000 0.181500
1.913000 0.525000 0.181200
1.988000 0.525000 0.180900
2.063000 0.525000 0.180400
2.138000 0.525000 0.179900
2.213000 0.525000 0.179300
2.288000 0.525000 0.178700
2.363000 0.525000 0.178000
2.438000 0.525000 0.177200
2.513000 0.525000 0.176400
2.588000 0.525000 0.175500
2.663000 0.525000 0.174700
2.738000 0.525000 0.173800
2.813000 0.525000 0.172900
2.888000 0.525000 0.172100
2.963000 0.525000 0.171300
3.038000 0.525000 0.170400
3.113000 0.525000 0.169700
3.188000 0.525000 0.169000
3.263000 0.525000 0.168300
3.338000 0.525000 0.167700
3.413000 0.525000 0.167100
3.488000 0.525000 0.166700
3.563000 0.525000 0.166300
3.638000 0.525000 0.166000
3.713000 0.525000 0.165700
3.788000 0.525000 0.165600
3.863000 0.525000 0.000000
-0.037500 0.675000 0.000000
0.037500 0.675000 0.220300
0.112500 0.675000 0.220400
0.187500 0.675000 0.220600
0.262500 0.675000 0.220800
0.337500 0.675000 0.221100
0.412500 0.675000 0.221500
0.487500 0.675000 0.221900
0.562500 0.675000 0.222400
0.637500 0.675000 0.222800
0.712500 0.675000 0.223300
0.787500 0.675000 0.223900
0.862500 0.675000 0.224400
0.937500 0.675000 0.224900
1.012000 0.675000 0.225400
1.087000 0.675000 0.225800
1.163000 0.675000 0.226200
1.238000 0.675000 0.226600
1.313000 0.675000 0.226900
1.388000 0.675000 0.227100
1.463000 0.675000 0.227300
1.538000 0.675000 0.227400
1.613000 0.675000 0.227400
1.688000 0.675000 0.227300
1.763000 0.675000 0.227200
1.838000 0.675000 0.226900
1.913000 0.675000 0.226600
1.988000 0.675000 0.226100
2.063000 0.675000 0.225600
2.138000 0.675000 0.225000
2.213000 0.675000 0.224400
2.288000 0.675000 0.223600
2.363000 0.675000 0.222900
2.438000 0.675000 0.222000
2.513000 0.675000 0.221200
2.588000 0.675000 0.220300
2.663000 0.675000 0.219400
2.738000 0.675000 0.218400
2.813000 0.675000 0.217500
2.888000 0.675000 0.216600
2.963000 0.675000 0.215700
3.038000 0.675000 0.214900
3.113000 0.675000 0.214100
3.188000 0.675000 0.213300
3.263000 0.675000 0.212600
3.338000 0.675000 0.212000
3.413000 0.675000 0.211500
3.488000 0.675000 0.211000
3.563000 0.675000 0.210600
3.638000 0.675000 0.210300
3.713000 0.675000 0.210100
3.788000 0.675000 0.210000
3.863000 0.675000 0.000000
-0.037500 0.825000 0.000000
0.037500 0.825000 0.240100
0.112500 0.825000 0.240100
0.187500 0.825000 0.240300
0.262500 0.825000 0.240500
0.337500 0.825000 0.240800
0.412500 0.825000 0.241100
0.487500 0.825000 0.241500
0.562500 0.825000 0.241900
0.637500 0.825000 0.242300
0.712500 0.825000 0.242800
0.787500 0.825000 0.243200
0.862500 0.825000 0.243700
0.937500 0.825000 0.244200
1.012000 0.825000 0.244600
1.087000 0.825000 0.245000
1.163000 0.825000 0.245400
1.238000 0.825000 0.245700
1.313000 0.825000 0.245900
1.388000 0.825000 0.246100
1.463000 0.825000 0.246200
1.538000 0.825000 0.246300
1.613000 0.825000 0.246300
1.688000 0.825000 0.246100
1.763000 0.825000 0.245900
1.838000 0.825000 0.245600
1.913000 0.825000 0.245200
1.988000 0.825000 0.244800
2.063000 0.825000 0.244200
2.138000 0.825000 0.243600
2.213000 0.825000 0.242900
2.288000 0.825000 0.242100
2.363000 0.825000 0.241300
2.438000 0.825000 0.240500
2.513000 0.825000 0.239600
2.588000 0.825000 0.238700
2.663000 0.825000 0.237700
2.738000 0.825000 0.236800
2.813000 0.825000 0.235800
2.888000 0.825000 0.234900
2.963000 0.825000 0.234000
3.038000 0.825000 0.233100
3.113000 0.825000 0.232300
3.188000 0.825000 0.231600
3.263000 0.825000 0.230800
3.338000 0.825000 0.230200
3.413000 0.825000 0.229600
3.488000 0.825000 0.229200
3.563000 0.825000 0.228800
3.638000 0.825000 0.228500
3.713000 0.825000 0.228300
3.788000 0.825000 0.228200
3.863000 0.825000 0.000000
-0.037500 0.975000 0.000000
0.037500 0.975000 0.255300
0.112500 0.975000 0.255300
0.187500 0.975000 0.255500
0.262500 0.975000 0.255700
0.337500 0.975000 0.255900
0.412500 0.975000 0.256200
0.487500 0.975000 0.256600
0.562500 0.975000 0.257000
0.637500 0.975000 0.257400
0.712500 0.975000 0.257800
0.787500 0.975000 0.258200
0.862500 0.975000 0.258700
0.937500 0.975000 0.259100
1.012000 0.975000 0.259500
1.087000 0.975000 0.259900
1.163000 0.975000 0.260200
1.238000 0.975000 0.260500
1.313000 0.975000 0.260700
1.388000 0.975000 0.260900
1.463000 0.975000 0.261000
1.538000 0.975000 0.261000
1.613000 0.975000 0.260900
1.688000 0.975000 0.260800
1.763000 0.975000 0.260500
1.838000 0.975000 0.260200
1.913000 0.975000 0.259800
1.988000 0.975000 0.259300
2.063000 0.975000 0.258700
2.138000 0.975000 0.258000
2.213000 0.975000 0.257300
2.288000 0.975000 0.256500
2.363000 0.975000 0.255700
2.438000 0.975000 0.254800
2.513000 0.975000 0.253900
2.588000 0.975000 0.252900
2.663000 0.975000 0.252000
2.738000 0.975000 0.251000
2.813000 0.975000 0.250000
2.888000 0.975000 0.249100
2.963000 0.975000 0.248100
3.038000 0.975000 0.247300
3.113000 0.975000 0.246400
3.188000 0.975000 0.245600
3.263000 0.975000 0.244900
3.338000 0.975000 0.244300
3.413000 0.975000 0.243700
3.488000 0.975000 0.243200
3.563000 0.975000 0.242800
3.638000 0.975000 0.242500
3.713000 0.975000 0.242300
3.788000 0.975000 0.242200
3.863000 0.975000 0.000000
-0.037500 1.125000 0.000000
0.037500 1.125000 0.265900
0.112500 1.125000 0.266000
0.187500 1.125000 0.266100
0.262500 1.125000 0.266300
0.337500 1.125000 0.266600
0.412500 1.125000 0.266900
0.487500 1.125000 0.267200
0.562500 1.125000 0.267600
0.637500 1.125000 0.268000
0.712500 1.125000 0.268400
0.787500 1.125000 0.268800
0.862500 1.125000 0.269300
0.937500 1.125000 0.269700
1.012000 1.125000 0.270100
1.087000 1.125000 0.270500
1.163000 1.125000 0.270800
1.238000 1.125000 0.271000
1.313000 1.125000 0.271300
1.388000 1.125000 0.271400
1.463000 1.125000 0.271500
1.538000 1.125000 0.271500
1.613000 1.125000 0.271400
1.688000 1.125000 0.271200
1.763000 1.125000 0.270900
1.838000 1.125000 0.270600
1.913000 1.125000 0.270200
1.988000 1.125000 0.269600
2.063000 1.125000 0.269000
2.138000 1.125000 0.268400
2.213000 1.125000 0.267600
2.288000 1.125000 0.266800
2.363000 1.125000 0.265900
2.438000 1.125000 0.265000
2.513000 1.125000 0.264000
2.588000 1.125000 0.263100
2.663000 1.125000 0.262100
2.738000 1.125000 0.261100
2.813000 1.125000 0.260100
2.888000 1.125000 0.259100
2.963000 1.125000 0.258100
3.038000 1.125000 0.257200
3.113000 1.125000 0.256400
3.188000 1.125000 0.255600
3.263000 1.125000 0.254800
3.338000 1.125000 0.254100
3.413000 1.125000 0.253600
3.488000 1.125000 0.253100
3.563000 1.125000 0.252700
3.638000 1.125000 0.252400
3.713000 1.125000 0.252200
3.788000 1.125000 0.252100
3.863000 1.125000 0.000000
-0.037500 1.275000 0.000000
0.037500 1.275000 0.278100
0.112500 1.275000 0.278200
0.187500 1.275000 0.278300
0.262500 1.275000 0.278500
0.337500 1.275000 0.278700
0.412500 1.275000 0.279100
0.487500 1.275000 0.279400
0.562500 1.275000 0.279800
0.637500 1.275000 0.280300
0.712500 1.275000 0.280700
0.787500 1.275000 0.281200
0.862500 1.275000 0.281600
0.937500 1.275000 0.282100
1.012000 1.275000 0.282500
1.087000 1.275000 0.282900
1.163000 1.275000 0.283300
1.238000 1.275000 0.283500
1.313000 1.275000 0.283800
1.388000 1.275000 0.283900
1.463000 1.275000 0.284000
1.538000 1.275000 0.284000
1.613000 1.275000 0.283900
1.688000 1.275000 0.283700
1.763000 1.275000 0.283500
1.838000 1.275000 0.283100
1.913000 1.275000 0.282600
1.988000 1.275000 0.282100
2.063000 1.275000 0.281400
2.138000 1.275000 0.280700
2.213000 1.275000 0.279900
2.288000 1.275000 0.279000
2.363000 1.275000 0.278100
2.438000 1.275000 0.277100
2.513000 1.275000 0.276100
2.588000 1.275000 0.275000
2.663000 1.275000 0.274000
2.738000 1.275000 0.272900
2.813000 1.275000 0.271800
2.888000 1.275000 0.270800
2.963000 1.275000 0.269800
3.038000 1.275000 0.268800
3.113000 1.275000 0.267900
3.188000 1.275000 0.267000
3.263000 1.275000 0.266200
3.338000 1.275000 0.265500
3.413000 1.275000 0.264900
3.488000 1.275000 0.264300
3.563000 1.275000 0.263900
3.638000 1.275000 0.263600
3.713000 1.275000 0.263400
3.788000 1.275000 0.263300
3.863000 1.275000 0.000000
-0.037500 1.425000 0.000000
0.037500 1.425000 0.284400
0.112500 1.425000 0.284400
0.187500 1.425000 0.284600
0.262500 1.425000 0.284800
0.337500 1.425000 0.285000
0.412500 1.425000 0.285300
0.487500 1.425000 0.285700
0.562500 1.425000 0.286100
0.637500 1.425000 0.286500
0.712500 1.425000 0.287000
0.787500 1.425000 0.287500
0.862500 1.425000 0.287900
0.937500 1.425000 0.288400
1.012000 1.425000 0.288800
1.087000 1.425000 0.289200
1.163000 1.425000 0.289500
1.238000 1.425000 0.289800
1.313000 1.425000 0.290100
1.388000 1.425000 0.290200
1.463000 1.425000 0.290300
1.538000 1.425000 0.290300
1.613000 1.425000 0.290200
1.688000 1.425000 0.290000
1.763000 1.425000 0.289700
1.838000 1.425000 0.289300
1.913000 1.425000 0.288800
1.988000 1.425000 0.288200
2.063000 1.425000 0.287600
2.138000 1.425000 0.286800
2.213000 1.425000 0.286000
2.288000 1.425000 0.285100
2.363000 1.425000 0.284100
2.438000 1.425000 0.283100
2.513000 1.425000 0.282100
2.588000 1.425000 0.281000
2.663000 1.425000 0.279900
2.738000 1.425000 0.278800
2.813000 1.425000 0.277700
2.888000 1.425000 0.276600
2.963000 1.425000 0.275600
3.038000 1.425000 0.274600
3.113000 1.425000 0.273600
3.188000 1.425000 0.272700
3.263000 1.425000 0.271900
3.338000 1.425000 0.271200
3.413000 1.425000 0.270600
3.488000 1.425000 0.270000
3.563000 1.425000 0.269600
3.638000 1.425000 0.269300
3.713000 1.425000 0.269100
3.788000 1.425000 0.268900
3.863000 1.425000 0.000000
-0.037500 1.575000 0.000000
0.037500 1.575000 0.280200
0.112500 1.575000 0.280200
0.187500 1.575000 0.280400
0.262500 1.575000 0.280600
0.337500 1.575000 0.280800
0.412500 1.575000 0.281100
0.487500 1.575000 0.281400
0.562500 1.575000 0.281800
0.637500 1.575000 0.282200
0.712500 1.575000 0.282700
0.787500 1.575000 0.283100
0.862500 1.575000 0.283500
0.937500 1.575000 0.283900
1.012000 1.575000 0.284300
1.087000 1.575000 0.284700
1.163000 1.575000 0.285000
1.238000 1.575000 0.285300
1.313000 1.575000 0.285500
1.388000 1.575000 0.285600
1.463000 1.575000 0.285700
1.538000 1.575000 0.285600
1.613000 1.575000 0.285500
1.688000 1.575000 0.285300
1.763000 1.575000 0.285000
1.838000 1.575000 0.284600
1.913000 1.575000 0.284100
1.988000 1.575000 0.283600
2.063000 1.575000 0.282900
2.138000 1.575000 0.282200
2.213000 1.575000 0.281400
2.288000 1.575000 0.280500
2.363000 1.575000 0.279500
2.438000 1.575000 0.278600
2.513000 1.575000 0.277500
2.588000 1.575000 0.276500
2.663000 1.575000 0.275400
2.738000 1.575000 0.274400
2.813000 1.575000 0.273300
2.888000 1.575000 0.272200
2.963000 1.575000 0.271200
3.038000 1.575000 0.270300
3.113000 1.575000 0.269300
3.188000 1.575000 0.268500
3.263000 1.575000 0.267700
3.338000 1.575000 0.267000
3.413000 1.575000 0.266400
3.488000 1.575000 0.265900
3.563000 1.575000 0.265500
3.638000 1.575000 0.265200
3.713000 1.575000 0.264900
3.788000 1.575000 0.264800
3.863000 1.575000 0.000000
-0.037500 1.725000 0.000000
0.037500 1.725000 0.267500
0.112500 1.725000 0.267500
0.187500 1.725000 0.267600
0.262500 1.725000 0.267800
0.337500 1.725000 0.268000
0.412500 1.725000 0.268300
0.487500 1.725000 0.268600
0.562500 1.725000 0.268900
0.637500 1.725000 0.269300
0.712500 1.725000 0.269600
0.787500 1.725000 0.270000
0.862500 1.725000 0.270400
0.937500 1.725000 0.270700
1.012000 1.725000 0.271100
1.087000 1.725000 0.271400
1.163000 1.725000 0.271700
1.238000 1.725000 0.271900
1.313000 1.725000 0.272000
1.388000 1.725000 0.272100
1.463000 1.725000 0.272200
1.538000 1.725000 0.272100
1.613000 1.725000 0.272000
1.688000 1.725000 0.271800
1.763000 1.725000 0.271500
1.838000 1.725000 0.271100
1.913000 1.725000 0.270600
1.988000 1.725000 0.270100
2.063000 1.725000 0.269500
2.138000 1.725000 0.268800
2.213000 1.725000 0.268000
2.288000 1.725000 0.267200
2.363000 1.725000 0.266300
2.438000 1.725000 0.265400
2.513000 1.725000 0.264400
2.588000 1.725000 0.263500
2.663000 1.725000 0.262500
2.738000 1.725000 0.261500
2.813000 1.725000 0.260500
2.888000 1.725000 0.259600
2.963000 1.725000 0.258600
3.038000 1.725000 0.257700
3.113000 1.725000 0.256900
3.188000 1.725000 0.256100
3.263000 1.725000 0.255400
3.338000 1.725000 0.254700
3.413000 1.725000 0.254200
3.488000 1.725000 0.253700
3.563000 1.725000 0.253300
3.638000 1.725000 0.253100
3.713000 1.725000 0.252900
3.788000 1.725000 0.252800
3.863000 1.725000 0.000000
-0.037500 1.875000 0.000000
0.037500 1.875000 0.248300
0.112500 1.875000 0.248400
0.187500 1.875000 0.248500
0.262500 1.875000 0.248600
0.337500 1.875000 0.248800
0.412500 1.875000 0.249000
0.487500 1.875000 0.249200
0.562500 1.875000 0.249500
0.637500 1.875000 0.249800
0.712500 1.875000 0.250100
0.787500 1.875000 0.250400
0.862500 1.875000 0.250700
0.937500 1.875000 0.251000
1.012000 1.875000 0.251200
1.087000 1.875000 0.251500
1.163000 1.875000 0.251700
1.238000 1.875000 0.251800
1.313000 1.875000 0.251900
1.388000 1.875000 0.252000
1.463000 1.875000 0.252000
1.538000 1.875000 0.251900
1.613000 1.875000 0.251700
1.688000 1.875000 0.251500
1.763000 1.875000 0.251200
1.838000 1.875000 0.250900
1.913000 1.875000 0.250500
1.988000 1.875000 0.250000
2.063000 1.875000 0.249400
2.138000 1.875000 0.248800
2.213000 1.875000 0.248100
2.288000 1.875000 0.247400
2.363000 1.875000 0.246600
2.438000 1.875000 0.245800
2.513000 1.875000 0.244900
2.588000 1.875000 0.244100
2.663000 1.875000 0.243200
2.738000 1.875000 0.242300
2.813000 1.875000 0.241500
2.888000 1.875000 0.240600
2.963000 1.875000 0.239800
3.038000 1.875000 0.239000
3.113000 1.875000 0.238300
3.188000 1.875000 0.237600
3.263000 1.875000 0.237000
3.338000 1.875000 0.236400
3.413000 1.875000 0.235900
3.488000 1.875000 0.235500
3.563000 1.875000 0.235200
3.638000 1.875000 0.235000
3.713000 1.875000 0.234800
3.788000 1.875000 0.234700
3.863000 1.875000 0.000000
-0.037500 2.025000 0.000000
0.037500 2.025000 0.224800
0.112500 2.025000 0.224900
0.187500 2.025000 0.224900
0.262500 2.025000 0.225000
0.337500 2.025000 0.225200
0.412500 2.025000 0.225300
0.487500 2.025000 0.225500
0.562500 2.025000 0.225700
0.637500 2.025000 0.225900
0.712500 2.025000 0.226100
0.787500 2.025000 0.226300
0.862500 2.025000 0.226500
0.937500 2.025000 0.226700
1.012000 2.025000 0.226900
1.087000 2.025000 0.227000
1.163000 2.025000 0.227100
1.238000 2.025000 0.227200
1.313000 2.025000 0.227300
1.388000 2.025000 0.227300
1.463000 2.025000 0.227200
1.538000 2.025000 0.227100
1.613000 2.025000 0.227000
1.688000 2.025000 0.226800
1.763000 2.025000 0.226500
1.838000 2.025000 0.226200
1.913000 2.025000 0.225800
1.988000 2.025000 0.225300
2.063000 2.025000 0.224900
2.138000 2.025000 0.224300
2.213000 2.025000 0.223700
2.288000 2.025000 0.223100
2.363000 2.025000 0.222500
2.438000 2.025000 0.221800
2.513000 2.025000 0.221100
2.588000 2.025000 0.220300
2.663000 2.025000 0.219600
2.738000 2.025000 0.218900
2.813000 2.025000 0.218200
2.888000 2.025000 0.217500
2.963000 2.025000 0.216800
3.038000 2.025000 0.216200
3.113000 2.025000 0.215600
3.188000 2.025000 0.215000
3.263000 2.025000 0.214500
3.338000 2.025000 0.214000
3.413000 2.025000 0.213600
3.488000 2.025000 0.213300
3.563000 2.025000 0.213000
3.638000 2.025000 0.212800
3.713000 2.025000 0.212700
3.788000 2.025000 0.212600
3.863000 2.025000 0.000000
-0.037500 2.175000 0.000000
0.037500 2.175000 0.198900
0.112500 2.175000 0.198900
0.187500 2.175000 0.199000
0.262500 2.175000 0.199000
0.337500 2.175000 0.199100
0.412500 2.175000 0.199200
0.487500 2.175000 0.199300
0.562500 2.175000 0.199400
0.637500 2.175000 0.199500
0.712500 2.175000 0.199600
0.787500 2.175000 0.199800
0.862500 2.175000 0.199900
0.937500 2.175000 0.200000
1.012000 2.175000 0.200000
1.087000 2.175000 0.200100
1.163000 2.175000 0.200200
1.238000 2.175000 0.200200
1.313000 2.175000 0.200100
1.388000 2.175000 0.200100
1.463000 2.175000 0.200000
1.538000 2.175000 0.199900
1.613000 2.175000 0.199700
1.688000 2.175000 0.199500
1.763000 2.175000 0.199200
1.838000 2.175000 0.199000
1.913000 2.175000 0.198600
1.988000 2.175000 0.198300
2.063000 2.175000 0.197800
2.138000 2.175000 0.197400
2.213000 2.175000 0.196900
2.288000 2.175000 0.196400
2.363000 2.175000 0.195900
2.438000 2.175000 0.195400
2.513000 2.175000 0.194800
2.588000 2.175000 0.194300
2.663000 2.175000 0.193700
2.738000 2.175000 0.193100
2.813000 2.175000 0.192600
2.888000 2.175000 0.192000
2.963000 2.175000 0.191500
3.038000 2.175000 0.191000
3.113000 2.175000 0.190600
3.188000 2.175000 0.190100
3.263000 2.175000 0.189700
3.338000 2.175000 0.189400
3.413000 2.175000 0.189100
3.488000 2.175000 0.188800
3.563000 2.175000 0.188600
3.638000 2.175000 0.188500
3.713000 2.175000 0.188400
3.788000 2.175000 0.188300
3.863000 2.175000 0.000000
-0.037500 2.325000 0.000000
0.037500 2.325000 0.181200
0.112500 2.325000 0.181200
0.187500 2.325000 0.181200
0.262500 2.325000 0.181300
0.337500 2.325000 0.181300
0.412500 2.325000 0.181400
0.487500 2.325000 0.181400
0.562500 2.325000 0.181500
0.637500 2.325000 0.181500
0.712500 2.325000 0.181600
0.787500 2.325000 0.181600
0.862500 2.325000 0.181700
0.937500 2.325000 0.181700
1.012000 2.325000 0.181700
1.087000 2.325000 0.181700
1.163000 2.325000 0.181700
1.238000 2.325000 0.181700
1.313000 2.325000 0.181600
1.388000 2.325000 0.181500
1.463000 2.325000 0.181400
1.538000 2.325000 0.181200
1.613000 2.325000 0.181100
1.688000 2.325000 0.180900
1.763000 2.325000 0.180600
1.838000 2.325000 0.180400
1.913000 2.325000 0.180100
1.988000 2.325000 0.179700
2.063000 2.325000 0.179400
2.138000 2.325000 0.179000
2.213000 2.325000 0.178600
2.288000 2.325000 0.178200
2.363000 2.325000 0.177800
2.438000 2.325000 0.177300
2.513000 2.325000 0.176900
2.588000 2.325000 0.176400
2.663000 2.325000 0.176000
2.738000 2.325000 0.175500
2.813000 2.325000 0.175100
2.888000 2.325000 0.174700
2.963000 2.325000 0.174300
3.038000 2.325000 0.173900
3.113000 2.325000 0.173500
3.188000 2.325000 0.173200
3.263000 2.325000 0.172900
3.338000 2.325000 0.172600
3.413000 2.325000 0.172400
3.488000 2.325000 0.172200
3.563000 2.325000 0.172000
3.638000 2.325000 0.171900
3.713000 2.325000 0.171800
3.788000 2.325000 0.171800
3.863000 2.325000 0.000000
-0.037500 2.475000 0.000000
0.037500 2.475000 0.172400
0.112500 2.475000 0.172400
0.187500 2.475000 0.172400
0.262500 2.475000 0.172500
0.337500 2.475000 0.172500
0.412500 2.475000 0.172500
0.487500 2.475000 0.172600
0.562500 2.475000 0.172600
0.637500 2.475000 0.172600
0.712500 2.475000 0.172700
0.787500 2.475000 0.172700
0.862500 2.475000 0.172700
0.937500 2.475000 0.172700
1.012000 2.475000 0.172700
1.087000 2.475000 0.172700
1.163000 2.475000 0.172600
1.238000 2.475000 0.172600
1.313000 2.475000 0.172500
1.388000 2.475000 0.172400
1.463000 2.475000 0.172300
1.538000 2.475000 0.172100
1.613000 2.475000 0.172000
1.688000 2.475000 0.171800
1.763000 2.475000 0.171500
1.838000 2.475000 0.171300
1.913000 2.475000 0.171000
1.988000 2.475000 0.170700
2.063000 2.475000 0.170400
2.138000 2.475000 0.170000
2.213000 2.475000 0.169700
2.288000 2.475000 0.169300
2.363000 2.475000 0.168900
2.438000 2.475000 0.168500
2.513000 2.475000 0.168100
2.588000 2.475000 0.167700
2.663000 2.475000 0.167300
2.738000 2.475000 0.166900
2.813000 2.475000 0.166500
2.888000 2.475000 0.166100
2.963000 2.475000 0.165800
3.038000 2.475000 0.165400
3.113000 2.475000 0.165100
3.188000 2.475000 0.164800
3.263000 2.475000 0.164500
3.338000 2.475000 0.164300
3.413000 2.475000 0.164100
3.488000 2.475000 0.163900
3.563000 2.475000 0.163700
3.638000 2.475000 0.163600
3.713000 2.475000 0.163600
3.788000 2.475000 0.163500
3.863000 2.475000 0.000000
-0.037500 2.625000 0.000000
0.037500 2.625000 0.163900
0.112500 2.625000 0.163900
0.187500 2.625000 0.163900
0.262500 2.625000 0.163900
0.337500 2.625000 0.163900
0.412500 2.625000 0.163900
0.487500 2.625000 0.164000
0.562500 2.625000 0.164000
0.637500 2.625000 0.164000
0.712500 2.625000 0.164000
0.787500 2.625000 0.164000
0.862500 2.625000 0.164000
0.937500 2.625000 0.164000
1.012000 2.625000 0.164000
1.087000 2.625000 0.164000
1.163000 2.625000 0.163900
1.238000 2.625000 0.163900
1.313000 2.625000 0.163800
1.388000 2.625000 0.163700
1.463000 2.625000 0.163500
1.538000 2.625000 0.163400
1.613000 2.625000 0.163200
1.688000 2.625000 0.163000
1.763000 2.625000 0.162800
1.838000 2.625000 0.162600
1.913000 2.625000 0.162300
1.988000 2.625000 0.162000
2.063000 2.625000 0.161700
2.138000 2.625000 0.161400
2.213000 2.625000 0.161100
2.288000 2.625000 0.160700
2.363000 2.625000 0.160400
2.438000 2.625000 0.160000
2.513000 2.625000 0.159600
2.588000 2.625000 0.159300
2.663000 2.625000 0.158900
2.738000 2.625000 0.158500
2.813000 2.625000 0.158200
2.888000 2.625000 0.157800
2.963000 2.625000 0.157500
3.038000 2.625000 0.157200
3.113000 2.625000 0.156900
3.188000 2.625000 0.156600
3.263000 2.625000 0.156400
3.338000 2.625000 0.156100
3.413000 2.625000 0.155900
3.488000 2.625000 0.155800
3.563000 2.625000 0.155600
3.638000 2.625000 0.155600
3.713000 2.625000 0.155500
3.788000 2.625000 0.155500
3.863000 2.625000 0.000000
-0.037500 2.775000 0.000000
0.037500 2.775000 0.155600
0.112500 2.775000 0.155600
0.187500 2.775000 0.155700
0.262500 2.775000 0.155700
0.337500 2.775000 0.155700
0.412500 2.775000 0.155700
0.487500 2.775000 0.155700
0.562500 2.775000 0.155700
0.637500 2.775000 0.155700
0.712500 2.775000 0.155800
0.787500 2.775000 0.155800
0.862500 2.775000 0.155800
0.937500 2.775000 0.155700
1.012000 2.775000 0.155700
1.087000 2.775000 0.155700
1.163000 2.775000 0.155600
1.238000 2.775000 0.155600
1.313000 2.775000 0.155500
1.388000 2.775000 0.155400
1.463000 2.775000 0.155200
1.538000 2.775000 0.155100
1.613000 2.775000 0.154900
1.688000 2.775000 0.154800
1.763000 2.775000 0.154500
1.838000 2.775000 0.154300
1.913000 2.775000 0.154100
1.988000 2.775000 0.153800
2.063000 2.775000 0.153500
2.138000 2.775000 0.153200
2.213000 2.775000 0.152900
2.288000 2.775000 0.152600
2.363000 2.775000 0.152200
2.438000 2.775000 0.151900
2.513000 2.775000 0.151500
2.588000 2.775000 0.151200
2.663000 2.775000 0.150900
2.738000 2.775000 0.150500
2.813000 2.775000 0.150200
2.888000 2.775000 0.149900
2.963000 2.775000 0.149600
3.038000 2.775000 0.149300
3.113000 2.775000 0.149000
3.188000 2.775000 0.148700
3.263000 2.775000 0.148500
3.338000 2.775000 0.148300
3.413000 2.775000 0.148100
3.488000 2.775000 0.148000
3.563000 2.775000 0.147900
3.638000 2.775000 0.147800
3.713000 2.775000 0.147700
3.788000 2.775000 0.147700
3.863000 2.775000 0.000000
-0.037500 2.925000 0.000000
0.037500 2.925000 0.140100
0.112500 2.925000 0.140100
0.187500 2.925000 0.140100
0.262500 2.925000 0.140100
0.337500 2.925000 0.140100
0.412500 2.925000 0.140100
0.487500 2.925000 0.140200
0.562500 2.925000 0.140200
0.637500 2.925000 0.140200
0.712500 2.925000 0.140200
0.787500 2.925000 0.140200
0.862500 2.925000 0.140200
0.937500 2.925000 0.140200
1.012000 2.925000 0.140200
1.087000 2.925000 0.140100
1.163000 2.925000 0.140100
1.238000 2.925000 0.140000
1.313000 2.925000 0.139900
1.388000 2.925000 0.139800
1.463000 2.925000 0.139700
1.538000 2.925000 0.139600
1.613000 2.925000 0.139400
1.688000 2.925000 0.139300
1.763000 2.925000 0.139100
1.838000 2.925000 0.138900
1.913000 2.925000 0.138700
1.988000 2.925000 0.138400
2.063000 2.925000 0.138200
2.138000 2.925000 0.137900
2.213000 2.925000 0.137600
2.288000 2.925000 0.137300
2.363000 2.925000 0.137000
2.438000 2.925000 0.136700
2.513000 2.925000 0.136400
2.588000 2.925000 0.136100
2.663000 2.925000 0.135700
2.738000 2.925000 0.135400
2.813000 2.925000 0.135100
2.888000 2.925000 0.134800
2.963000 2.925000 0.134600
3.038000 2.925000 0.134300
3.113000 2.925000 0.134100
3.188000 2.925000 0.133800
3.263000 2.925000 0.133600
3.338000 2.925000 0.133400
3.413000 2.925000 0.133300
3.488000 2.925000 0.133100
3.563000 2.925000 0.133000
3.638000 2.925000 0.133000
3.713000 2.925000 0.132900
3.788000 2.925000 0.132900
3.863000 2.925000 0.000000
-0.037500 3.075000 0.000000
0.037500 3.075000 0.118500
0.112500 3.075000 0.118500
0.187500 3.075000 0.118500
0.262500 3.075000 0.118600
0.337500 3.075000 0.118600
0.412500 3.075000 0.118600
0.487500 3.075000 0.118600
0.562500 3.075000 0.118600
0.637500 3.075000 0.118600
0.712500 3.075000 0.118600
0.787500 3.075000 0.118600
0.862500 3.075000 0.118600
0.937500 3.075000 0.118600
1.012000 3.075000 0.118600
1.087000 3.075000 0.118500
1.163000 3.075000 0.118500
1.238000 3.075000 0.118500
1.313000 3.075000 0.118400
1.388000 3.075000 0.118300
1.463000 3.075000 0.118200
1.538000 3.075000 0.118100
1.613000 3.075000 0.118000
1.688000 3.075000 0.117800
1.763000 3.075000 0.117700
1.838000 3.075000 0.117500
1.913000 3.075000 0.117300
1.988000 3.075000 0.117100
2.063000 3.075000 0.116900
2.138000 3.075000 0.116600
2.213000 3.075000 0.116400
2.288000 3.075000 0.116100
2.363000 3.075000 0.115900
2.438000 3.075000 0.115600
2.513000 3.075000 0.115300
2.588000 3.075000 0.115100
2.663000 3.075000 0.114800
2.738000 3.075000 0.114600
2.813000 3.075000 0.114300
2.888000 3.075000 0.114100
2.963000 3.075000 0.113800
3.038000 3.075000 0.113600
3.113000 3.075000 0.113400
3.188000 3.075000 0.113200
3.263000 3.075000 0.113000
3.338000 3.075000 0.112900
3.413000 3.075000 0.112700
3.488000 3.075000 0.112600
3.563000 3.075000 0.112500
3.638000 3.075000 0.112400
3.713000 3.075000 0.112400
3.788000 3.075000 0.112400
3.863000 3.075000 0.000000
-0.037500 3.225000 0.000000
0.037500 3.225000 0.099090
0.112500 3.225000 0.099090
0.187500 3.225000 0.099100
0.262500 3.225000 0.099100
0.337500 3.225000 0.099110
0.412500 3.225000 0.099120
0.487500 3.225000 0.099130
0.562500 3.225000 0.099140
0.637500 3.225000 0.099140
0.712500 3.225000 0.099150
0.787500 3.225000 0.099150
0.862500 3.225000 0.099140
0.937500 3.225000 0.099130
1.012000 3.225000 0.099110
1.087000 3.225000 0.099080
1.163000 3.225000 0.099040
1.238000 3.225000 0.098990
1.313000 3.225000 0.098930
1.388000 3.225000 0.098860
1.463000 3.225000 0.098780
1.538000 3.225000 0.098680
1.613000 3.225000 0.098570
1.688000 3.225000 0.098450
1.763000 3.225000 0.098310
1.838000 3.225000 0.098160
1.913000 3.225000 0.098000
1.988000 3.225000 0.097830
2.063000 3.225000 0.097640
2.138000 3.225000 0.097450
2.213000 3.225000 0.097250
2.288000 3.225000 0.097040
2.363000 3.225000 0.096820
2.438000 3.225000 0.096600
2.513000 3.225000 0.096380
2.588000 3.225000 0.096160
2.663000 3.225000 0.095940
2.738000 3.225000 0.095720
2.813000 3.225000 0.095510
2.888000 3.225000 0.095300
2.963000 3.225000 0.095100
3.038000 3.225000 0.094910
3.113000 3.225000 0.094740
3.188000 3.225000 0.094580
3.263000 3.225000 0.094430
3.338000 3.225000 0.094300
3.413000 3.225000 0.094180
3.488000 3.225000 0.094090
3.563000 3.225000 0.094010
3.638000 3.225000 0.093950
3.713000 3.225000 0.093910
3.788000 3.225000 0.093890
3.863000 3.225000 0.000000
-0.037500 3.375000 0.000000
0.037500 3.375000 0.081900
0.112500 3.375000 0.081900
0.187500 3.375000 0.081910
0.262500 3.375000 0.081910
0.337500 3.375000 0.081920
0.412500 3.375000 0.081930
0.487500 3.375000 0.081930
0.562500 3.375000 0.081940
0.637500 3.375000 0.081940
0.712500 3.375000 0.081940
0.787500 3.375000 0.081940
0.862500 3.375000 0.081930
0.937500 3.375000 0.081920
1.012000 3.375000 0.081900
1.087000 3.375000 0.081880
1.163000 3.375000 0.081840
1.238000 3.375000 0.081800
1.313000 3.375000 0.081750
1.388000 3.375000 0.081690
1.463000 3.375000 0.081620
1.538000 3.375000 0.081540
1.613000 3.375000 0.081450
1.688000 3.375000 0.081340
1.763000 3.375000 0.081230
1.838000 3.375000 0.081100
1.913000 3.375000 0.080970
1.988000 3.375000 0.080830
2.063000 3.375000 0.080670
2.138000 3.375000 0.080510
2.213000 3.375000 0.080350
2.288000 3.375000 0.080170
2.363000 3.375000 0.080000
2.438000 3.375000 0.079810
2.513000 3.375000 0.079630
2.588000 3.375000 0.079450
2.663000 3.375000 0.079270
2.738000 3.375000 0.079090
2.813000 3.375000 0.078910
2.888000 3.375000 0.078740
2.963000 3.375000 0.078580
3.038000 3.375000 0.078420
3.113000 3.375000 0.078280
3.188000 3.375000 0.078150
3.263000 3.375000 0.078020
3.338000 3.375000 0.077910
3.413000 3.375000 0.077820
3.488000 3.375000 0.077740
3.563000 3.375000 0.077670
3.638000 3.375000 0.077620
3.713000 3.375000 0.077590
3.788000 3.375000 0.077570
3.863000 3.375000 0.000000
-0.037500 3.525000 0.000000
0.037500 3.525000 0.066990
0.112500 3.525000 0.066990
0.187500 3.525000 0.066990
0.262500 3.525000 0.067000
0.337500 3.525000 0.067000
0.412500 3.525000 0.067000
0.487500 3.525000 0.067010
0.562500 3.525000 0.067010
0.637500 3.525000 0.067010
0.712500 3.525000 0.067010
0.787500 3.525000 0.067010
0.862500 3.525000 0.067000
0.937500 3.525000 0.066990
1.012000 3.525000 0.066970
1.087000 3.525000 0.066950
1.163000 3.525000 0.066920
1.238000 3.525000 0.066890
1.313000 3.525000 0.066840
1.388000 3.525000 0.066790
1.463000 3.525000 0.066730
1.538000 3.525000 0.066670
1.613000 3.525000 0.066590
1.688000 3.525000 0.066500
1.763000 3.525000 0.066410
1.838000 3.525000 0.066310
1.913000 3.525000 0.066200
1.988000 3.525000 0.066080
2.063000 3.525000 0.065960
2.138000 3.525000 0.065820
2.213000 3.525000 0.065690
2.288000 3.525000 0.065550
2.363000 3.525000 0.065400
2.438000 3.525000 0.065250
2.513000 3.525000 0.065110
2.588000 3.525000 0.064960
2.663000 3.525000 0.064810
2.738000 3.525000 0.064660
2.813000 3.525000 0.064520
2.888000 3.525000 0.064380
2.963000 3.525000 0.064250
3.038000 3.525000 0.064120
3.113000 3.525000 0.064010
3.188000 3.525000 0.063900
3.263000 3.525000 0.063800
3.338000 3.525000 0.063710
3.413000 3.525000 0.063630
3.488000 3.525000 0.063560
3.563000 3.525000 0.063510
3.638000 3.525000 0.063460
3.713000 3.525000 0.063440
3.788000 3.525000 0.063420
3.863000 3.525000 0.000000
-0.037500 3.675000 0.000000
0.037500 3.675000 0.054270
0.112500 3.675000 0.054270
0.187500 3.675000 0.054270
0.262500 3.675000 0.054270
0.337500 3.675000 0.054270
0.412500 3.675000 0.054280
0.487500 3.675000 0.054280
0.562500 3.675000 0.054280
0.637500 3.675000 0.054280
0.712500 3.675000 0.054280
0.787500 3.675000 0.054270
0.862500 3.675000 0.054260
0.937500 3.675000 0.054250
1.012000 3.675000 0.054240
1.087000 3.675000 0.054220
1.163000 3.675000 0.054190
1.238000 3.675000 0.054160
1.313000 3.675000 0.054130
1.388000 3.675000 0.054090
1.463000 3.675000 0.054040
1.538000 3.675000 0.053980
1.613000 3.675000 0.053920
1.688000 3.675000 0.053850
1.763000 3.675000 0.053770
1.838000 3.675000 0.053690
1.913000 3.675000 0.053600
1.988000 3.675000 0.053510
2.063000 3.675000 0.053400
2.138000 3.675000 0.053300
2.213000 3.675000 0.053190
2.288000 3.675000 0.053070
2.363000 3.675000 0.052960
2.438000 3.675000 0.052840
2.513000 3.675000 0.052720
2.588000 3.675000 0.052600
2.663000 3.675000 0.052480
2.738000 3.675000 0.052360
2.813000 3.675000 0.052250
2.888000 3.675000 0.052140
2.963000 3.675000 0.052030
3.038000 3.675000 0.051930
3.113000 3.675000 0.051830
3.188000 3.675000 0.051750
3.263000 3.675000 0.051670
3.338000 3.675000 0.051590
3.413000 3.675000 0.051530
3.488000 3.675000 0.051480
3.563000 3.675000 0.051430
3.638000 3.675000 0.051400
3.713000 3.675000 0.051370
3.788000 3.675000 0.051360
3.863000 3.675000 0.000000
-0.037500 3.825000 0.000000
0.037500 3.825000 0.043580
0.112500 3.825000 0.043580
0.187500 3.825000 0.043590
0.262500 3.825000 0.043590
0.337500 3.825000 0.043590
0.412500 3.825000 0.043590
0.487500 3.825000 0.043590
0.562500 3.825000 0.043590
0.637500 3.825000 0.043590
0.712500 3.825000 0.043590
0.787500 3.825000 0.043580
0.862500 3.825000 0.043570
0.937500 3.825000 0.043560
1.012000 3.825000 0.043550
1.087000 3.825000 0.043530
1.163000 3.825000 0.043510
1.238000 3.825000 0.043490
1.313000 3.825000 0.043460
1.388000 3.825000 0.043420
1.463000 3.825000 0.043380
1.538000 3.825000 0.043340
1.613000 3.825000 0.043290
1.688000 3.825000 0.043230
1.763000 3.825000 0.043170
1.838000 3.825000 0.043100
1.913000 3.825000 0.043030
1.988000 3.825000 0.042950
2.063000 3.825000 0.042870
2.138000 3.825000 0.042790
2.213000 3.825000 0.042700
2.288000 3.825000 0.042610
2.363000 3.825000 0.042520
2.438000 3.825000 0.042420
2.513000 3.825000 0.042320
2.588000 3.825000 0.042230
2.663000 3.825000 0.042130
2.738000 3.825000 0.042040
2.813000 3.825000 0.041950
2.888000 3.825000 0.041860
2.963000 3.825000 0.041780
3.038000 3.825000 0.041700
3.113000 3.825000 0.041620
3.188000 3.825000 0.041550
3.263000 3.825000 0.041490
3.338000 3.825000 0.041430
3.413000 3.825000 0.041380
3.488000 3.825000 0.041330
3.563000 3.825000 0.041300
3.638000 3.825000 0.041270
3.713000 3.825000 0.041250
3.788000 3.825000 0.041240
3.863000 3.825000 0.000000
-0.037500 3.975000 0.000000
0.037500 3.975000 0.034760
0.112500 3.975000 0.034760
0.187500 3.975000 0.034760
0.262500 3.975000 0.034760
0.337500 3.975000 0.034760
0.412500 3.975000 0.034760
0.487500 3.975000 0.034760
0.562500 3.975000 0.034760
0.637500 3.975000 0.034760
0.712500 3.975000 0.034750
0.787500 3.975000 0.034750
0.862500 3.975000 0.034740
0.937500 3.975000 0.034730
1.012000 3.975000 0.034720
1.087000 3.975000 0.034710
1.163000 3.975000 0.034690
1.238000 3.975000 0.034670
1.313000 3.975000 0.034640
1.388000 3.975000 0.034620
1.463000 3.975000 0.034580
1.538000 3.975000 0.034550
1.613000 3.975000 0.034500
1.688000 3.975000 0.034460
1.763000 3.975000 0.034410
1.838000 3.975000 0.034360
1.913000 3.975000 0.034300
1.988000 3.975000 0.034240
2.063000 3.975000 0.034170
2.138000 3.975000 0.034110
2.213000 3.975000 0.034040
2.288000 3.975000 0.033960
2.363000 3.975000 0.033890
2.438000 3.975000 0.033820
2.513000 3.975000 0.033740
2.588000 3.975000 0.033660
2.663000 3.975000 0.033590
2.738000 3.975000 0.033520
2.813000 3.975000 0.033440
2.888000 3.975000 0.033370
2.963000 3.975000 0.033310
3.038000 3.975000 0.033240
3.113000 3.975000 0.033180
3.188000 3.975000 0.033130
3.263000 3.975000 0.033080
3.338000 3.975000 0.033030
3.413000 3.975000 0.032990
3.488000 3.975000 0.032960
3.563000 3.975000 0.032930
3.638000 3.975000 0.032900
3.713000 3.975000 0.032890
3.788000 3.975000 0.032880
3.863000 3.975000 0.000000
-0.037500 4.125000 0.000000
0.037500 4.125000 0.027580
0.112500 4.125000 0.027580
0.187500 4.125000 0.027580
0.262500 4.125000 0.027580
0.337500 4.125000 0.027580
0.412500 4.125000 0.027580
0.487500 4.125000 0.027580
0.562500 4.125000 0.027580
0.637500 4.125000 0.027580
0.712500 4.125000 0.027570
0.787500 4.125000 0.027570
0.862500 4.125000 0.027560
0.937500 4.125000 0.027560
1.012000 4.125000 0.027550
1.087000 4.125000 0.027530
1.163000 4.125000 0.027520
1.238000 4.125000 0.027500
1.313000 4.125000 0.027480
1.388000 4.125000 0.027460
1.463000 4.125000 0.027430
1.538000 4.125000 0.027400
1.613000 4.125000 0.027370
1.688000 4.125000 0.027330
1.763000 4.125000 0.027300
1.838000 4.125000 0.027250
1.913000 4.125000 0.027210
1.988000 4.125000 0.027160
2.063000 4.125000 0.027110
2.138000 4.125000 0.027060
2.213000 4.125000 0.027000
2.288000 4.125000 0.026940
2.363000 4.125000 0.026890
2.438000 4.125000 0.026830
2.513000 4.125000 0.026770
2.588000 4.125000 0.026710
2.663000 4.125000 0.026650
2.738000 4.125000 0.026590
2.813000 4.125000 0.026530
2.888000 4.125000 0.026480
2.963000 4.125000 0.026430
3.038000 4.125000 0.026380
3.113000 4.125000 0.026330
3.188000 4.125000 0.026290
3.263000 4.125000 0.026250
3.338000 4.125000 0.026210
3.413000 4.125000 0.026180
3.488000 4.125000 0.026150
3.563000 4.125000 0.026130
3.638000 4.125000 0.026110
3.713000 4.125000 0.026090
3.788000 4.125000 0.026090
3.863000 4.125000 0.000000
-0.037500 4.275000 0.000000
0.037500 4.275000 0.021860
0.112500 4.275000 0.021860
0.187500 4.275000 0.021860
0.262500 4.275000 0.021860
0.337500 4.275000 0.021860
0.412500 4.275000 0.021860
0.487500 4.275000 0.021860
0.562500 4.275000 0.021860
0.637500 4.275000 0.021850
0.712500 4.275000 0.021850
0.787500 4.275000 0.021850
0.862500 4.275000 0.021840
0.937500 4.275000 0.021830
1.012000 4.275000 0.021830
1.087000 4.275000 0.021820
1.163000 4.275000 0.021800
1.238000 4.275000 0.021790
1.313000 4.275000 0.021770
1.388000 4.275000 0.021750
1.463000 4.275000 0.021730
1.538000 4.275000 0.021710
1.613000 4.275000 0.021680
1.688000 4.275000 0.021650
1.763000 4.275000 0.021620
1.838000 4.275000 0.021590
1.913000 4.275000 0.021550
1.988000 4.275000 0.021510
2.063000 4.275000 0.021470
2.138000 4.275000 0.021430
2.213000 4.275000 0.021390
2.288000 4.275000 0.021350
2.363000 4.275000 0.021300
2.438000 4.275000 0.021250
2.513000 4.275000 0.021210
2.588000 4.275000 0.021160
2.663000 4.275000 0.021110
2.738000 4.275000 0.021070
2.813000 4.275000 0.021020
2.888000 4.275000 0.020980
2.963000 4.275000 0.020940
3.038000 4.275000 0.020900
3.113000 4.275000 0.020860
3.188000 4.275000 0.020830
3.263000 4.275000 0.020800
3.338000 4.275000 0.020770
3.413000 4.275000 0.020740
3.488000 4.275000 0.020720
3.563000 4.275000 0.020700
3.638000 4.275000 0.020690
3.713000 4.275000 0.020680
3.788000 4.275000 0.020670
3.863000 4.275000 0.000000
-0.037500 4.425000 0.000000
0.037500 4.425000 0.017400
0.112500 4.425000 0.017400
0.187500 4.425000 0.017400
0.262500 4.425000 0.017400
0.337500 4.425000 0.017400
0.412500 4.425000 0.017400
0.487500 4.425000 0.017400
0.562500 4.425000 0.017400
0.637500 4.425000 0.017390
0.712500 4.425000 0.017390
0.787500 4.425000 0.017390
0.862500 4.425000 0.017380
0.937500 4.425000 0.017380
1.012000 4.425000 0.017370
1.087000 4.425000 0.017360
1.163000 4.425000 0.017350
1.238000 4.425000 0.017340
1.313000 4.425000 0.017330
1.388000 4.425000 0.017310
1.463000 4.425000 0.017290
1.538000 4.425000 0.017270
1.613000 4.425000 0.017250
1.688000 4.425000 0.017230
1.763000 4.425000 0.017210
1.838000 4.425000 0.017180
1.913000 4.425000 0.017150
1.988000 4.425000 0.017120
2.063000 4.425000 0.017090
2.138000 4.425000 0.017050
2.213000 4.425000 0.017020
2.288000 4.425000 0.016990
2.363000 4.425000 0.016950
2.438000 4.425000 0.016910
2.513000 4.425000 0.016880
2.588000 4.425000 0.016840
2.663000 4.425000 0.016800
2.738000 4.425000 0.016770
2.813000 4.425000 0.016730
2.888000 4.425000 0.016700
2.963000 4.425000 0.016670
3.038000 4.425000 0.016640
3.113000 4.425000 0.016610
3.188000 4.425000 0.016580
3.263000 4.425000 0.016560
3.338000 4.425000 0.016530
3.413000 4.425000 0.016510
3.488000 4.425000 0.016500
3.563000 4.425000 0.016480
3.638000 4.425000 0.016470
3.713000 4.425000 0.016460
3.788000 4.425000 0.016460
3.863000 4.425000 0.000000
-0.037500 4.575000 0.000000
0.037500 4.575000 0.014040
0.112500 4.575000 0.014040
0.187500 4.575000 0.014040
0.262500 4.575000 0.014040
0.337500 4.575000 0.014040
0.412500 4.575000 0.014040
0.487500 4.575000 0.014040
0.562500 4.575000 0.014040
0.637500 4.575000 0.014030
0.712500 4.575000 0.014030
0.787500 4.575000 0.014030
0.862500 4.575000 0.014020
0.937500 4.575000 0.014020
1.012000 4.575000 0.014010
1.087000 4.575000 0.014010
1.163000 4.575000 0.014000
1.238000 4.575000 0.013990
1.313000 4.575000 0.013980
1.388000 4.575000 0.013960
1.463000 4.575000 0.013950
1.538000 4.575000 0.013930
1.613000 4.575000 0.013920
1.688000 4.575000 0.013900
1.763000 4.575000 0.013880
1.838000 4.575000 0.013860
1.913000 4.575000 0.013830
1.988000 4.575000 0.013810
2.063000 4.575000 0.013780
2.138000 4.575000 0.013760
2.213000 4.575000 0.013730
2.288000 4.575000 0.013700
2.363000 4.575000 0.013670
2.438000 4.575000 0.013640
2.513000 4.575000 0.013610
2.588000 4.575000 0.013590
2.663000 4.575000 0.013560
2.738000 4.575000 0.013530
2.813000 4.575000 0.013500
2.888000 4.575000 0.013470
2.963000 4.575000 0.013450
3.038000 4.575000 0.013420
3.113000 4.575000 0.013400
3.188000 4.575000 0.013380
3.263000 4.575000 0.013360
3.338000 4.575000 0.013340
3.413000 4.575000 0.013320
3.488000 4.575000 0.013310
3.563000 4.575000 0.013300
3.638000 4.575000 0.013290
3.713000 4.575000 0.013280
3.788000 4.575000 0.013280
3.863000 4.575000 0.000000
-0.037500 4.725000 0.000000
0.037500 4.725000 0.011640
0.112500 4.725000 0.011640
0.187500 4.725000 0.011640
0.262500 4.725000 0.011640
0.337500 4.725000 0.011640
0.412500 4.725000 0.011640
0.487500 4.725000 0.011640
0.562500 4.725000 0.011640
0.637500 4.725000 0.011640
0.712500 4.725000 0.011630
0.787500 4.725000 0.011630
0.862500 4.725000 0.011630
0.937500 4.725000 0.011620
1.012000 4.725000 0.011620
1.087000 4.725000 0.011610
1.163000 4.725000 0.011600
1.238000 4.725000 0.011590
1.313000 4.725000 0.011590
1.388000 4.725000 0.011570
1.463000 4.725000 0.011560
1.538000 4.725000 0.011550
1.613000 4.725000 0.011530
1.688000 4.725000 0.011520
1.763000 4.725000 0.011500
1.838000 4.725000 0.011480
1.913000 4.725000 0.011470
1.988000 4.725000 0.011450
2.063000 4.725000 0.011420
2.138000 4.725000 0.011400
2.213000 4.725000 0.011380
2.288000 4.725000 0.011360
2.363000 4.725000 0.011330
2.438000 4.725000 0.011310
2.513000 4.725000 0.011290
2.588000 4.725000 0.011260
2.663000 4.725000 0.011240
2.738000 4.725000 0.011220
2.813000 4.725000 0.011190
2.888000 4.725000 0.011170
2.963000 4.725000 0.011150
3.038000 4.725000 0.011130
3.113000 4.725000 0.011110
3.188000 4.725000 0.011090
3.263000 4.725000 0.011080
3.338000 4.725000 0.011060
3.413000 4.725000 0.011050
3.488000 4.725000 0.011040
3.563000 4.725000 0.011030
3.638000 4.725000 0.011020
3.713000 4.725000 0.011010
3.788000 4.725000 0.011010
3.863000 4.725000 0.000000
-0.037500 4.875000 0.000000
0.037500 4.875000 0.010100
0.112500 4.875000 0.010100
0.187500 4.875000 0.010100
0.262500 4.875000 0.010100
0.337500 4.875000 0.010100
0.412500 4.875000 0.010100
0.487500 4.875000 0.010100
0.562500 4.875000 0.010100
0.637500 4.875000 0.010090
0.712500 4.875000 0.010090
0.787500 4.875000 0.010090
0.862500 4.875000 0.010080
0.937500 4.875000 0.010080
1.012000 4.875000 0.010080
1.087000 4.875000 0.010070
1.163000 4.875000 0.010060
1.238000 4.875000 0.010060
1.313000 4.875000 0.010050
1.388000 4.875000 0.010040
1.463000 4.875000 0.010030
1.538000 4.875000 0.010020
1.613000 4.875000 0.010000
1.688000 4.875000 0.009989
1.763000 4.875000 0.009975
1.838000 4.875000 0.009959
1.913000 4.875000 0.009943
1.988000 4.875000 0.009925
2.063000 4.875000 0.009907
2.138000 4.875000 0.009888
2.213000 4.875000 0.009869
2.288000 4.875000 0.009849
2.363000 4.875000 0.009829
2.438000 4.875000 0.009809
2.513000 4.875000 0.009788
2.588000 4.875000 0.009768
2.663000 4.875000 0.009747
2.738000 4.875000 0.009727
2.813000 4.875000 0.009708
2.888000 4.875000 0.009689
2.963000 4.875000 0.009671
3.038000 4.875000 0.009654
3.113000 4.875000 0.009638
3.188000 4.875000 0.009622
3.263000 4.875000 0.009608
3.338000 4.875000 0.009596
3.413000 4.875000 0.009584
3.488000 4.875000 0.009574
3.563000 4.875000 0.009566
3.638000 4.875000 0.009559
3.713000 4.875000 0.009553
3.788000 4.875000 0.009551
3.863000 4.875000 0.000000
-0.037500 5.025000 0.000000
0.037500 5.025000 0.009354
0.112500 5.025000 0.009354
0.187500 5.025000 0.009353
0.262500 5.025000 0.009352
0.337500 5.025000 0.009351
0.412500 5.025000 0.009350
0.487500 5.025000 0.009349
0.562500 5.025000 0.009347
0.637500 5.025000 0.009345
0.712500 5.025000 0.009343
0.787500 5.025000 0.009340
0.862500 5.025000 0.009336
0.937500 5.025000 0.009332
1.012000 5.025000 0.009328
1.087000 5.025000 0.009322
1.163000 5.025000 0.009316
1.238000 5.025000 0.009309
1.313000 5.025000 0.009301
1.388000 5.025000 0.009292
1.463000 5.025000 0.009282
1.538000 5.025000 0.009272
1.613000 5.025000 0.009260
1.688000 5.025000 0.009247
1.763000 5.025000 0.009234
1.838000 5.025000 0.009219
1.913000 5.025000 0.009204
1.988000 5.025000 0.009188
2.063000 5.025000 0.009172
2.138000 5.025000 0.009154
2.213000 5.025000 0.009136
2.288000 5.025000 0.009118
2.363000 5.025000 0.009100
2.438000 5.025000 0.009081
2.513000 5.025000 0.009062
2.588000 5.025000 0.009043
2.663000 5.025000 0.009024
2.738000 5.025000 0.009006
2.813000 5.025000 0.008988
2.888000 5.025000 0.008971
2.963000 5.025000 0.008954
3.038000 5.025000 0.008938
3.113000 5.025000 0.008923
3.188000 5.025000 0.008910
3.263000 5.025000 0.008897
3.338000 5.025000 0.008885
3.413000 5.025000 0.008874
3.488000 5.025000 0.008865
3.563000 5.025000 0.008857
3.638000 5.025000 0.008851
3.713000 5.025000 0.008846
3.788000 5.025000 0.008844
3.863000 5.025000 0.000000
-0.037500 5.175000 0.000000
0.037500 5.175000 0.000000
0.112500 5.175000 0.000000
0.187500 5.175000 0.000000
0.262500 5.175000 0.000000
0.337500 5.175000 0.000000
0.412500 5.175000 0.000000
0.487500 5.175000 0.000000
0.562500 5.175000 0.000000
0.637500 5.175000 0.000000
0.712500 5.175000 0.000000
0.787500 5.175000 0.000000
0.862500 5.175000 0.000000
0.937500 5.175000 0.000000
1.012000 5.175000 0.000000
1.087000 5.175000 0.000000
1.163000 5.175000 0.000000
1.238000 5.175000 0.000000
1.313000 5.175000 0.000000
1.388000 5.175000 0.000000
1.463000 5.175000 0.000000
1.538000 5.175000 0.000000
1.613000 5.175000 0.000000
1.688000 5.175000 0.000000
1.763000 5.175000 0.000000
1.838000 5.175000 0.000000
1.913000 5.175000 0.000000
1.988000 5.175000 0.000000
2.063000 5.175000 0.000000
2.138000 5.175000 0.000000
2.213000 5.175000 0.000000
2.288000 5.175000 0.000000
2.363000 5.175000 0.000000
2.438000 5.175000 0.000000
2.513000 5.175000 0.000000
2.588000 5.175000 0.000000
2.663000 5.175000 0.000000
2.738000 5.175000 0.000000
2.813000 5.175000 0.000000
2.888000 5.175000 0.000000
2.963000 5.175000 0.000000
3.038000 5.175000 0.000000
3.113000 5.175000 0.000000
3.188000 5.175000 0.000000
3.263000 5.175000 0.000000
3.338000 5.175000 0.000000
3.413000 5.175000 0.000000
3.488000 5.175000 0.000000
3.563000 5.175000 0.000000
3.638000 5.175000 0.000000
3.713000 5.175000 0.000000
3.788000 5.175000 0.000000
3.863000 5.175000 0.000000
