-0.037500 -0.075000 0.000000
0.037500 -0.075000 0.000000
0.112500 -0.075000 0.000000
0.187500 -0.075000 0.000000
0.262500 -0.075000 0.000000
0.337500 -0.075000 0.000000
0.412500 -0.075000 0.000000
0.487500 -0.075000 0.000000
0.562500 -0.075000 0.000000
0.637500 -0.075000 0.000000
0.712500 -0.075000 0.000000
0.787500 -0.075000 0.000000
0.862500 -0.075000 0.000000
0.937500 -0.075000 0.000000
1.012000 -0.075000 0.000000
1.087000 -0.075000 0.000000
1.163000 -0.075000 0.000000
1.238000 -0.075000 0.000000
1.313000 -0.075000 0.000000
1.388000 -0.075000 0.000000
1.463000 -0.075000 0.000000
1.538000 -0.075000 0.000000
1.613000 -0.075000 0.000000
1.688000 -0.075000 0.000000
1.763000 -0.075000 0.000000
1.838000 -0.075000 0.000000
1.913000 -0.075000 0.000000
1.988000 -0.075000 0.000000
2.063000 -0.075000 0.000000
2.138000 -0.075000 0.000000
2.213000 -0.075000 0.000000
2.288000 -0.075000 0.000000
2.363000 -0.075000 0.000000
2.438000 -0.075000 0.000000
2.513000 -0.075000 0.000000
2.588000 -0.075000 0.000000
2.663000 -0.075000 0.000000
2.738000 -0.075000 0.000000
2.813000 -0.075000 0.000000
2.888000 -0.075000 0.000000
2.963000 -0.075000 0.000000
3.038000 -0.075000 0.000000
3.113000 -0.075000 0.000000
3.188000 -0.075000 0.000000
3.263000 -0.075000 0.000000
3.338000 -0.075000 0.000000
3.413000 -0.075000 0.000000
3.488000 -0.075000 0.000000
3.563000 -0.075000 0.000000
3.638000 -0.075000 0.000000
3.713000 -0.075000 0.000000
3.788000 -0.075000 0.000000
3.863000 -0.075000 0.000000
-0.037500 0.075000 0.000000
0.037500 0.075000 0.000960
0.112500 0.075000 0.001930
0.187500 0.075000 0.002890
0.262500 0.075000 0.003860
0.337500 0.075000 0.004820
0.412500 0.075000 0.005790
0.487500 0.075000 0.006750
0.562500 0.075000 0.007710
0.637500 0.075000 0.008670
0.712500 0.075000 0.009620
0.787500 0.075000 0.010560
0.862500 0.075000 0.011500
0.937500 0.075000 0.012420
1.012000 0.075000 0.013330
1.087000 0.075000 0.014220
1.163000 0.075000 0.015080
1.238000 0.075000 0.015900
1.313000 0.075000 0.016680
1.388000 0.075000 0.017410
1.463000 0.075000 0.018080
1.538000 0.075000 0.018680
1.613000 0.075000 0.019200
1.688000 0.075000 0.019620
1.763000 0.075000 0.019940
1.838000 0.075000 0.020160
1.913000 0.075000 0.020260
1.988000 0.075000 0.020250
2.063000 0.075000 0.020140
2.138000 0.075000 0.019920
2.213000 0.075000 0.019620
2.288000 0.075000 0.019240
2.363000 0.075000 0.018790
2.438000 0.075000 0.018300
2.513000 0.075000 0.017770
2.588000 0.075000 0.017220
2.663000 0.075000 0.016650
2.738000 0.075000 0.016080
2.813000 0.075000 0.015500
2.888000 0.075000 0.014940
2.963000 0.075000 0.014390
3.038000 0.075000 0.013850
3.113000 0.075000 0.013330
3.188000 0.075000 0.012820
3.263000 0.075000 0.012340
3.338000 0.075000 0.011880
3.413000 0.075000 0.011430
3.488000 0.075000 0.011010
3.563000 0.075000 0.010600
3.638000 0.075000 0.010220
3.713000 0.075000 0.009850
3.788000 0.075000 0.009490
3.863000 0.075000 0.000000
-0.037500 0.225000 0.000000
0.037500 0.225000 0.000960
0.112500 0.225000 0.001930
0.187500 0.225000 0.002890
0.262500 0.225000 0.003860
0.337500 0.225000 0.004820
0.412500 0.225000 0.005790
0.487500 0.225000 0.006750
0.562500 0.225000 0.007710
0.637500 0.225000 0.008670
0.712500 0.225000 0.009620
0.787500 0.225000 0.010560
0.862500 0.225000 0.011500
0.937500 0.225000 0.012420
1.012000 0.225000 0.013330
1.087000 0.225000 0.014220
1.163000 0.225000 0.015080
1.238000 0.225000 0.015900
1.313000 0.225000 0.016680
1.388000 0.225000 0.017410
1.463000 0.225000 0.018080
1.538000 0.225000 0.018680
1.613000 0.225000 0.019200
1.688000 0.225000 0.019620
1.763000 0.225000 0.019940
1.838000 0.225000 0.020160
1.913000 0.225000 0.020260
1.988000 0.225000 0.020250
2.063000 0.225000 0.020140
2.138000 0.225000 0.019920
2.213000 0.225000 0.019620
2.288000 0.225000 0.019240
2.363000 0.225000 0.018790
2.438000 0.225000 0.018300
2.513000 0.225000 0.017770
2.588000 0.225000 0.017220
2.663000 0.225000 0.016650
2.738000 0.225000 0.016080
2.813000 0.225000 0.015500
2.888000 0.225000 0.014940
2.963000 0.225000 0.014390
3.038000 0.225000 0.013850
3.113000 0.225000 0.013330
3.188000 0.225000 0.012820
3.263000 0.225000 0.012340
3.338000 0.225000 0.011880
3.413000 0.225000 0.011430
3.488000 0.225000 0.011010
3.563000 0.225000 0.010600
3.638000 0.225000 0.010220
3.713000 0.225000 0.009850
3.788000 0.225000 0.009490
3.863000 0.225000 0.000000
-0.037500 0.375000 0.000000
0.037500 0.375000 0.001754
0.112500 0.375000 0.001971
0.187500 0.375000 0.002303
0.262500 0.375000 0.002705
0.337500 0.375000 0.003149
0.412500 0.375000 0.003622
0.487500 0.375000 0.004111
0.562500 0.375000 0.004611
0.637500 0.375000 0.005117
0.712500 0.375000 0.005626
0.787500 0.375000 0.006134
0.862500 0.375000 0.006639
0.937500 0.375000 0.007139
1.012000 0.375000 0.007630
1.087000 0.375000 0.008109
1.163000 0.375000 0.008572
1.238000 0.375000 0.009014
1.313000 0.375000 0.009432
1.388000 0.375000 0.009820
1.463000 0.375000 0.010170
1.538000 0.375000 0.010490
1.613000 0.375000 0.010760
1.688000 0.375000 0.010980
1.763000 0.375000 0.011140
1.838000 0.375000 0.011250
1.913000 0.375000 0.011310
1.988000 0.375000 0.011300
2.063000 0.375000 0.011240
2.138000 0.375000 0.011130
2.213000 0.375000 0.010970
2.288000 0.375000 0.010770
2.363000 0.375000 0.010540
2.438000 0.375000 0.010280
2.513000 0.375000 0.009997
2.588000 0.375000 0.009700
2.663000 0.375000 0.009394
2.738000 0.375000 0.009083
2.813000 0.375000 0.008770
2.888000 0.375000 0.008461
2.963000 0.375000 0.008157
3.038000 0.375000 0.007859
3.113000 0.375000 0.007571
3.188000 0.375000 0.007292
3.263000 0.375000 0.007026
3.338000 0.375000 0.006771
3.413000 0.375000 0.006530
3.488000 0.375000 0.006304
3.563000 0.375000 0.006096
3.638000 0.375000 0.005912
3.713000 0.375000 0.005760
3.788000 0.375000 0.005660
3.863000 0.375000 0.000000
-0.037500 0.525000 0.000000
0.037500 0.525000 0.001327
0.112500 0.525000 0.001390
0.187500 0.525000 0.001505
0.262500 0.525000 0.001660
0.337500 0.525000 0.001843
0.412500 0.525000 0.002047
0.487500 0.525000 0.002265
0.562500 0.525000 0.002493
0.637500 0.525000 0.002728
0.712500 0.525000 0.002966
0.787500 0.525000 0.003206
0.862500 0.525000 0.003446
0.937500 0.525000 0.003684
1.012000 0.525000 0.003918
1.087000 0.525000 0.004146
1.163000 0.525000 0.004366
1.238000 0.525000 0.004575
1.313000 0.525000 0.004772
1.388000 0.525000 0.004955
1.463000 0.525000 0.005120
1.538000 0.525000 0.005266
1.613000 0.525000 0.005391
1.688000 0.525000 0.005492
1.763000 0.525000 0.005568
1.838000 0.525000 0.005618
1.913000 0.525000 0.005641
1.988000 0.525000 0.005638
2.063000 0.525000 0.005609
2.138000 0.525000 0.005557
2.213000 0.525000 0.005484
2.288000 0.525000 0.005391
2.363000 0.525000 0.005281
2.438000 0.525000 0.005159
2.513000 0.525000 0.005025
2.588000 0.525000 0.004884
2.663000 0.525000 0.004738
2.738000 0.525000 0.004588
2.813000 0.525000 0.004438
2.888000 0.525000 0.004288
2.963000 0.525000 0.004140
3.038000 0.525000 0.003996
3.113000 0.525000 0.003856
3.188000 0.525000 0.003721
3.263000 0.525000 0.003593
3.338000 0.525000 0.003472
3.413000 0.525000 0.003360
3.488000 0.525000 0.003257
3.563000 0.525000 0.003166
3.638000 0.525000 0.003089
3.713000 0.525000 0.003027
3.788000 0.525000 0.002981
3.863000 0.525000 0.000000
-0.037500 0.675000 0.000000
0.037500 0.675000 0.000956
0.112500 0.675000 0.000976
0.187500 0.675000 0.001017
0.262500 0.675000 0.001075
0.337500 0.675000 0.001149
0.412500 0.675000 0.001234
0.487500 0.675000 0.001328
0.562500 0.675000 0.001430
0.637500 0.675000 0.001536
0.712500 0.675000 0.001646
0.787500 0.675000 0.001759
0.862500 0.675000 0.001872
0.937500 0.675000 0.001985
1.012000 0.675000 0.002096
1.087000 0.675000 0.002204
1.163000 0.675000 0.002308
1.238000 0.675000 0.002407
1.313000 0.675000 0.002500
1.388000 0.675000 0.002586
1.463000 0.675000 0.002663
1.538000 0.675000 0.002731
1.613000 0.675000 0.002789
1.688000 0.675000 0.002836
1.763000 0.675000 0.002870
1.838000 0.675000 0.002893
1.913000 0.675000 0.002904
1.988000 0.675000 0.002903
2.063000 0.675000 0.002890
2.138000 0.675000 0.002866
2.213000 0.675000 0.002832
2.288000 0.675000 0.002789
2.363000 0.675000 0.002738
2.438000 0.675000 0.002681
2.513000 0.675000 0.002618
2.588000 0.675000 0.002551
2.663000 0.675000 0.002480
2.738000 0.675000 0.002408
2.813000 0.675000 0.002335
2.888000 0.675000 0.002263
2.963000 0.675000 0.002191
3.038000 0.675000 0.002120
3.113000 0.675000 0.002053
3.188000 0.675000 0.001988
3.263000 0.675000 0.001927
3.338000 0.675000 0.001871
3.413000 0.675000 0.001821
3.488000 0.675000 0.001776
3.563000 0.675000 0.001739
3.638000 0.675000 0.001711
3.713000 0.675000 0.001690
3.788000 0.675000 0.001677
3.863000 0.675000 0.000000
-0.037500 0.825000 0.000000
0.037500 0.825000 0.000735
0.112500 0.825000 0.000746
0.187500 0.825000 0.000769
0.262500 0.825000 0.000803
0.337500 0.825000 0.000846
0.412500 0.825000 0.000896
0.487500 0.825000 0.000953
0.562500 0.825000 0.001015
0.637500 0.825000 0.001082
0.712500 0.825000 0.001150
0.787500 0.825000 0.001221
0.862500 0.825000 0.001293
0.937500 0.825000 0.001364
1.012000 0.825000 0.001435
1.087000 0.825000 0.001503
1.163000 0.825000 0.001570
1.238000 0.825000 0.001633
1.313000 0.825000 0.001692
1.388000 0.825000 0.001746
1.463000 0.825000 0.001795
1.538000 0.825000 0.001838
1.613000 0.825000 0.001874
1.688000 0.825000 0.001903
1.763000 0.825000 0.001925
1.838000 0.825000 0.001940
1.913000 0.825000 0.001947
1.988000 0.825000 0.001946
2.063000 0.825000 0.001938
2.138000 0.825000 0.001923
2.213000 0.825000 0.001902
2.288000 0.825000 0.001875
2.363000 0.825000 0.001843
2.438000 0.825000 0.001807
2.513000 0.825000 0.001767
2.588000 0.825000 0.001724
2.663000 0.825000 0.001680
2.738000 0.825000 0.001633
2.813000 0.825000 0.001587
2.888000 0.825000 0.001540
2.963000 0.825000 0.001494
3.038000 0.825000 0.001449
3.113000 0.825000 0.001406
3.188000 0.825000 0.001365
3.263000 0.825000 0.001327
3.338000 0.825000 0.001292
3.413000 0.825000 0.001262
3.488000 0.825000 0.001236
3.563000 0.825000 0.001216
3.638000 0.825000 0.001201
3.713000 0.825000 0.001192
3.788000 0.825000 0.001186
3.863000 0.825000 0.000000
-0.037500 0.975000 0.000000
0.037500 0.975000 0.000545
0.112500 0.975000 0.000552
0.187500 0.975000 0.000566
0.262500 0.975000 0.000587
0.337500 0.975000 0.000613
0.412500 0.975000 0.000644
0.487500 0.975000 0.000679
0.562500 0.975000 0.000718
0.637500 0.975000 0.000760
0.712500 0.975000 0.000804
0.787500 0.975000 0.000849
0.862500 0.975000 0.000894
0.937500 0.975000 0.000940
1.012000 0.975000 0.000985
1.087000 0.975000 0.001030
1.163000 0.975000 0.001072
1.238000 0.975000 0.001113
1.313000 0.975000 0.001151
1.388000 0.975000 0.001186
1.463000 0.975000 0.001217
1.538000 0.975000 0.001245
1.613000 0.975000 0.001268
1.688000 0.975000 0.001287
1.763000 0.975000 0.001301
1.838000 0.975000 0.001311
1.913000 0.975000 0.001315
1.988000 0.975000 0.001315
2.063000 0.975000 0.001310
2.138000 0.975000 0.001301
2.213000 0.975000 0.001288
2.288000 0.975000 0.001271
2.363000 0.975000 0.001250
2.438000 0.975000 0.001227
2.513000 0.975000 0.001202
2.588000 0.975000 0.001174
2.663000 0.975000 0.001145
2.738000 0.975000 0.001115
2.813000 0.975000 0.001085
2.888000 0.975000 0.001055
2.963000 0.975000 0.001025
3.038000 0.975000 0.000996
3.113000 0.975000 0.000969
3.188000 0.975000 0.000943
3.263000 0.975000 0.000919
3.338000 0.975000 0.000898
3.413000 0.975000 0.000880
3.488000 0.975000 0.000865
3.563000 0.975000 0.000853
3.638000 0.975000 0.000846
3.713000 0.975000 0.000843
3.788000 0.975000 0.000842
3.863000 0.975000 0.000000
-0.037500 1.125000 0.000000
0.037500 1.125000 0.000411
0.112500 1.125000 0.000416
0.187500 1.125000 0.000426
0.262500 1.125000 0.000439
0.337500 1.125000 0.000457
0.412500 1.125000 0.000477
0.487500 1.125000 0.000501
0.562500 1.125000 0.000527
0.637500 1.125000 0.000555
0.712500 1.125000 0.000585
0.787500 1.125000 0.000616
0.862500 1.125000 0.000647
0.937500 1.125000 0.000678
1.012000 1.125000 0.000709
1.087000 1.125000 0.000740
1.163000 1.125000 0.000769
1.238000 1.125000 0.000797
1.313000 1.125000 0.000823
1.388000 1.125000 0.000847
1.463000 1.125000 0.000868
1.538000 1.125000 0.000887
1.613000 1.125000 0.000903
1.688000 1.125000 0.000916
1.763000 1.125000 0.000926
1.838000 1.125000 0.000933
1.913000 1.125000 0.000936
1.988000 1.125000 0.000936
2.063000 1.125000 0.000933
2.138000 1.125000 0.000927
2.213000 1.125000 0.000918
2.288000 1.125000 0.000906
2.363000 1.125000 0.000892
2.438000 1.125000 0.000877
2.513000 1.125000 0.000859
2.588000 1.125000 0.000840
2.663000 1.125000 0.000821
2.738000 1.125000 0.000800
2.813000 1.125000 0.000780
2.888000 1.125000 0.000759
2.963000 1.125000 0.000738
3.038000 1.125000 0.000719
3.113000 1.125000 0.000700
3.188000 1.125000 0.000683
3.263000 1.125000 0.000667
3.338000 1.125000 0.000653
3.413000 1.125000 0.000641
3.488000 1.125000 0.000632
3.563000 1.125000 0.000625
3.638000 1.125000 0.000622
3.713000 1.125000 0.000620
3.788000 1.125000 0.000620
3.863000 1.125000 0.000000
-0.037500 1.275000 0.000000
0.037500 1.275000 0.000240
0.112500 1.275000 0.000244
0.187500 1.275000 0.000249
0.262500 1.275000 0.000257
0.337500 1.275000 0.000267
0.412500 1.275000 0.000279
0.487500 1.275000 0.000292
0.562500 1.275000 0.000307
0.637500 1.275000 0.000323
0.712500 1.275000 0.000340
0.787500 1.275000 0.000358
0.862500 1.275000 0.000376
0.937500 1.275000 0.000393
1.012000 1.275000 0.000411
1.087000 1.275000 0.000429
1.163000 1.275000 0.000445
1.238000 1.275000 0.000461
1.313000 1.275000 0.000476
1.388000 1.275000 0.000490
1.463000 1.275000 0.000503
1.538000 1.275000 0.000514
1.613000 1.275000 0.000523
1.688000 1.275000 0.000530
1.763000 1.275000 0.000536
1.838000 1.275000 0.000540
1.913000 1.275000 0.000542
1.988000 1.275000 0.000542
2.063000 1.275000 0.000541
2.138000 1.275000 0.000537
2.213000 1.275000 0.000532
2.288000 1.275000 0.000526
2.363000 1.275000 0.000518
2.438000 1.275000 0.000509
2.513000 1.275000 0.000499
2.588000 1.275000 0.000489
2.663000 1.275000 0.000478
2.738000 1.275000 0.000466
2.813000 1.275000 0.000454
2.888000 1.275000 0.000442
2.963000 1.275000 0.000431
3.038000 1.275000 0.000420
3.113000 1.275000 0.000410
3.188000 1.275000 0.000400
3.263000 1.275000 0.000391
3.338000 1.275000 0.000384
3.413000 1.275000 0.000378
3.488000 1.275000 0.000373
3.563000 1.275000 0.000370
3.638000 1.275000 0.000369
3.713000 1.275000 0.000370
3.788000 1.275000 0.000370
3.863000 1.275000 0.000000
-0.037500 1.425000 0.000000
0.037500 1.425000 0.000116
0.112500 1.425000 0.000117
0.187500 1.425000 0.000120
0.262500 1.425000 0.000123
0.337500 1.425000 0.000128
0.412500 1.425000 0.000134
0.487500 1.425000 0.000140
0.562500 1.425000 0.000147
0.637500 1.425000 0.000154
0.712500 1.425000 0.000162
0.787500 1.425000 0.000170
0.862500 1.425000 0.000179
0.937500 1.425000 0.000187
1.012000 1.425000 0.000195
1.087000 1.425000 0.000204
1.163000 1.425000 0.000211
1.238000 1.425000 0.000219
1.313000 1.425000 0.000226
1.388000 1.425000 0.000233
1.463000 1.425000 0.000238
1.538000 1.425000 0.000244
1.613000 1.425000 0.000248
1.688000 1.425000 0.000252
1.763000 1.425000 0.000254
1.838000 1.425000 0.000256
1.913000 1.425000 0.000257
1.988000 1.425000 0.000258
2.063000 1.425000 0.000257
2.138000 1.425000 0.000255
2.213000 1.425000 0.000253
2.288000 1.425000 0.000250
2.363000 1.425000 0.000247
2.438000 1.425000 0.000243
2.513000 1.425000 0.000238
2.588000 1.425000 0.000233
2.663000 1.425000 0.000228
2.738000 1.425000 0.000223
2.813000 1.425000 0.000217
2.888000 1.425000 0.000212
2.963000 1.425000 0.000207
3.038000 1.425000 0.000202
3.113000 1.425000 0.000197
3.188000 1.425000 0.000192
3.263000 1.425000 0.000189
3.338000 1.425000 0.000186
3.413000 1.425000 0.000183
3.488000 1.425000 0.000181
3.563000 1.425000 0.000181
3.638000 1.425000 0.000180
3.713000 1.425000 0.000181
3.788000 1.425000 0.000181
3.863000 1.425000 0.000000
-0.037500 1.575000 0.000000
0.037500 1.575000 0.000055
0.112500 1.575000 0.000055
0.187500 1.575000 0.000056
0.262500 1.575000 0.000058
0.337500 1.575000 0.000060
0.412500 1.575000 0.000063
0.487500 1.575000 0.000066
0.562500 1.575000 0.000069
0.637500 1.575000 0.000072
0.712500 1.575000 0.000076
0.787500 1.575000 0.000080
0.862500 1.575000 0.000083
0.937500 1.575000 0.000087
1.012000 1.575000 0.000091
1.087000 1.575000 0.000095
1.163000 1.575000 0.000099
1.238000 1.575000 0.000102
1.313000 1.575000 0.000105
1.388000 1.575000 0.000108
1.463000 1.575000 0.000111
1.538000 1.575000 0.000113
1.613000 1.575000 0.000115
1.688000 1.575000 0.000117
1.763000 1.575000 0.000119
1.838000 1.575000 0.000119
1.913000 1.575000 0.000120
1.988000 1.575000 0.000120
2.063000 1.575000 0.000120
2.138000 1.575000 0.000119
2.213000 1.575000 0.000118
2.288000 1.575000 0.000117
2.363000 1.575000 0.000115
2.438000 1.575000 0.000113
2.513000 1.575000 0.000111
2.588000 1.575000 0.000109
2.663000 1.575000 0.000107
2.738000 1.575000 0.000104
2.813000 1.575000 0.000102
2.888000 1.575000 0.000100
2.963000 1.575000 0.000097
3.038000 1.575000 0.000095
3.113000 1.575000 0.000093
3.188000 1.575000 0.000091
3.263000 1.575000 0.000089
3.338000 1.575000 0.000088
3.413000 1.575000 0.000087
3.488000 1.575000 0.000087
3.563000 1.575000 0.000086
3.638000 1.575000 0.000086
3.713000 1.575000 0.000087
3.788000 1.575000 0.000087
3.863000 1.575000 0.000000
-0.037500 1.725000 0.000000
0.037500 1.725000 0.000025
0.112500 1.725000 0.000025
0.187500 1.725000 0.000026
0.262500 1.725000 0.000026
0.337500 1.725000 0.000027
0.412500 1.725000 0.000028
0.487500 1.725000 0.000030
0.562500 1.725000 0.000031
0.637500 1.725000 0.000033
0.712500 1.725000 0.000034
0.787500 1.725000 0.000036
0.862500 1.725000 0.000038
0.937500 1.725000 0.000039
1.012000 1.725000 0.000041
1.087000 1.725000 0.000043
1.163000 1.725000 0.000045
1.238000 1.725000 0.000046
1.313000 1.725000 0.000048
1.388000 1.725000 0.000049
1.463000 1.725000 0.000050
1.538000 1.725000 0.000051
1.613000 1.725000 0.000052
1.688000 1.725000 0.000053
1.763000 1.725000 0.000054
1.838000 1.725000 0.000054
1.913000 1.725000 0.000054
1.988000 1.725000 0.000054
2.063000 1.725000 0.000054
2.138000 1.725000 0.000054
2.213000 1.725000 0.000054
2.288000 1.725000 0.000053
2.363000 1.725000 0.000052
2.438000 1.725000 0.000052
2.513000 1.725000 0.000051
2.588000 1.725000 0.000050
2.663000 1.725000 0.000049
2.738000 1.725000 0.000048
2.813000 1.725000 0.000047
2.888000 1.725000 0.000046
2.963000 1.725000 0.000044
3.038000 1.725000 0.000044
3.113000 1.725000 0.000043
3.188000 1.725000 0.000042
3.263000 1.725000 0.000041
3.338000 1.725000 0.000041
3.413000 1.725000 0.000040
3.488000 1.725000 0.000040
3.563000 1.725000 0.000040
3.638000 1.725000 0.000040
3.713000 1.725000 0.000041
3.788000 1.725000 0.000040
3.863000 1.725000 0.000000
-0.037500 1.875000 0.000000
0.037500 1.875000 0.000011
0.112500 1.875000 0.000011
0.187500 1.875000 0.000011
0.262500 1.875000 0.000012
0.337500 1.875000 0.000012
0.412500 1.875000 0.000012
0.487500 1.875000 0.000013
0.562500 1.875000 0.000014
0.637500 1.875000 0.000014
0.712500 1.875000 0.000015
0.787500 1.875000 0.000016
0.862500 1.875000 0.000017
0.937500 1.875000 0.000017
1.012000 1.875000 0.000018
1.087000 1.875000 0.000019
1.163000 1.875000 0.000019
1.238000 1.875000 0.000020
1.313000 1.875000 0.000021
1.388000 1.875000 0.000021
1.463000 1.875000 0.000022
1.538000 1.875000 0.000022
1.613000 1.875000 0.000023
1.688000 1.875000 0.000023
1.763000 1.875000 0.000024
1.838000 1.875000 0.000024
1.913000 1.875000 0.000024
1.988000 1.875000 0.000024
2.063000 1.875000 0.000024
2.138000 1.875000 0.000024
2.213000 1.875000 0.000024
2.288000 1.875000 0.000023
2.363000 1.875000 0.000023
2.438000 1.875000 0.000023
2.513000 1.875000 0.000022
2.588000 1.875000 0.000022
2.663000 1.875000 0.000022
2.738000 1.875000 0.000021
2.813000 1.875000 0.000021
2.888000 1.875000 0.000020
2.963000 1.875000 0.000020
3.038000 1.875000 0.000019
3.113000 1.875000 0.000019
3.188000 1.875000 0.000019
3.263000 1.875000 0.000018
3.338000 1.875000 0.000018
3.413000 1.875000 0.000018
3.488000 1.875000 0.000018
3.563000 1.875000 0.000018
3.638000 1.875000 0.000018
3.713000 1.875000 0.000018
3.788000 1.875000 0.000018
3.863000 1.875000 0.000000
-0.037500 2.025000 0.000000
0.037500 2.025000 0.000005
0.112500 2.025000 0.000005
0.187500 2.025000 0.000005
0.262500 2.025000 0.000005
0.337500 2.025000 0.000005
0.412500 2.025000 0.000005
0.487500 2.025000 0.000005
0.562500 2.025000 0.000006
0.637500 2.025000 0.000006
0.712500 2.025000 0.000006
0.787500 2.025000 0.000007
0.862500 2.025000 0.000007
0.937500 2.025000 0.000007
1.012000 2.025000 0.000007
1.087000 2.025000 0.000008
1.163000 2.025000 0.000008
1.238000 2.025000 0.000008
1.313000 2.025000 0.000009
1.388000 2.025000 0.000009
1.463000 2.025000 0.000009
1.538000 2.025000 0.000009
1.613000 2.025000 0.000010
1.688000 2.025000 0.000010
1.763000 2.025000 0.000010
1.838000 2.025000 0.000010
1.913000 2.025000 0.000010
1.988000 2.025000 0.000010
2.063000 2.025000 0.000010
2.138000 2.025000 0.000010
2.213000 2.025000 0.000010
2.288000 2.025000 0.000010
2.363000 2.025000 0.000010
2.438000 2.025000 0.000010
2.513000 2.025000 0.000009
2.588000 2.025000 0.000009
2.663000 2.025000 0.000009
2.738000 2.025000 0.000009
2.813000 2.025000 0.000009
2.888000 2.025000 0.000008
2.963000 2.025000 0.000008
3.038000 2.025000 0.000008
3.113000 2.025000 0.000008
3.188000 2.025000 0.000008
3.263000 2.025000 0.000008
3.338000 2.025000 0.000008
3.413000 2.025000 0.000008
3.488000 2.025000 0.000008
3.563000 2.025000 0.000008
3.638000 2.025000 0.000008
3.713000 2.025000 0.000008
3.788000 2.025000 0.000008
3.863000 2.025000 0.000000
-0.037500 2.175000 0.000000
0.037500 2.175000 0.000002
0.112500 2.175000 0.000002
0.187500 2.175000 0.000002
0.262500 2.175000 0.000002
0.337500 2.175000 0.000002
0.412500 2.175000 0.000002
0.487500 2.175000 0.000002
0.562500 2.175000 0.000002
0.637500 2.175000 0.000002
0.712500 2.175000 0.000002
0.787500 2.175000 0.000002
0.862500 2.175000 0.000002
0.937500 2.175000 0.000003
1.012000 2.175000 0.000003
1.087000 2.175000 0.000003
1.163000 2.175000 0.000003
1.238000 2.175000 0.000003
1.313000 2.175000 0.000003
1.388000 2.175000 0.000003
1.463000 2.175000 0.000003
1.538000 2.175000 0.000003
1.613000 2.175000 0.000003
1.688000 2.175000 0.000004
1.763000 2.175000 0.000004
1.838000 2.175000 0.000004
1.913000 2.175000 0.000004
1.988000 2.175000 0.000004
2.063000 2.175000 0.000004
2.138000 2.175000 0.000004
2.213000 2.175000 0.000004
2.288000 2.175000 0.000004
2.363000 2.175000 0.000004
2.438000 2.175000 0.000003
2.513000 2.175000 0.000003
2.588000 2.175000 0.000003
2.663000 2.175000 0.000003
2.738000 2.175000 0.000003
2.813000 2.175000 0.000003
2.888000 2.175000 0.000003
2.963000 2.175000 0.000003
3.038000 2.175000 0.000003
3.113000 2.175000 0.000003
3.188000 2.175000 0.000003
3.263000 2.175000 0.000003
3.338000 2.175000 0.000003
3.413000 2.175000 0.000003
3.488000 2.175000 0.000003
3.563000 2.175000 0.000003
3.638000 2.175000 0.000003
3.713000 2.175000 0.000003
3.788000 2.175000 0.000003
3.863000 2.175000 0.000000
-0.037500 2.325000 0.000000
0.037500 2.325000 0.000001
0.112500 2.325000 0.000001
0.187500 2.325000 0.000001
0.262500 2.325000 0.000001
0.337500 2.325000 0.000001
0.412500 2.325000 0.000001
0.487500 2.325000 0.000001
0.562500 2.325000 0.000001
0.637500 2.325000 0.000001
0.712500 2.325000 0.000001
0.787500 2.325000 0.000001
0.862500 2.325000 0.000001
0.937500 2.325000 0.000001
1.012000 2.325000 0.000001
1.087000 2.325000 0.000001
1.163000 2.325000 0.000001
1.238000 2.325000 0.000001
1.313000 2.325000 0.000001
1.388000 2.325000 0.000001
1.463000 2.325000 0.000001
1.538000 2.325000 0.000001
1.613000 2.325000 0.000001
1.688000 2.325000 0.000001
1.763000 2.325000 0.000001
1.838000 2.325000 0.000001
1.913000 2.325000 0.000001
1.988000 2.325000 0.000001
2.063000 2.325000 0.000001
2.138000 2.325000 0.000001
2.213000 2.325000 0.000001
2.288000 2.325000 0.000001
2.363000 2.325000 0.000001
2.438000 2.325000 0.000001
2.513000 2.325000 0.000001
2.588000 2.325000 0.000001
2.663000 2.325000 0.000001
2.738000 2.325000 0.000001
2.813000 2.325000 0.000001
2.888000 2.325000 0.000001
2.963000 2.325000 0.000001
3.038000 2.325000 0.000001
3.113000 2.325000 0.000001
3.188000 2.325000 0.000001
3.263000 2.325000 0.000001
3.338000 2.325000 0.000001
3.413000 2.325000 0.000001
3.488000 2.325000 0.000001
3.563000 2.325000 0.000001
3.638000 2.325000 0.000001
3.713000 2.325000 0.000001
3.788000 2.325000 0.000001
3.863000 2.325000 0.000000
-0.037500 2.475000 0.000000
0.037500 2.475000 0.000000
0.112500 2.475000 0.000000
0.187500 2.475000 0.000000
0.262500 2.475000 0.000000
0.337500 2.475000 0.000000
0.412500 2.475000 0.000000
0.487500 2.475000 0.000000
0.562500 2.475000 0.000000
0.637500 2.475000 0.000000
0.712500 2.475000 0.000000
0.787500 2.475000 0.000000
0.862500 2.475000 0.000001
0.937500 2.475000 0.000001
1.012000 2.475000 0.000001
1.087000 2.475000 0.000001
1.163000 2.475000 0.000001
1.238000 2.475000 0.000001
1.313000 2.475000 0.000001
1.388000 2.475000 0.000001
1.463000 2.475000 0.000001
1.538000 2.475000 0.000001
1.613000 2.475000 0.000001
1.688000 2.475000 0.000001
1.763000 2.475000 0.000001
1.838000 2.475000 0.000001
1.913000 2.475000 0.000001
1.988000 2.475000 0.000001
2.063000 2.475000 0.000001
2.138000 2.475000 0.000001
2.213000 2.475000 0.000001
2.288000 2.475000 0.000001
2.363000 2.475000 0.000001
2.438000 2.475000 0.000001
2.513000 2.475000 0.000001
2.588000 2.475000 0.000001
2.663000 2.475000 0.000001
2.738000 2.475000 0.000001
2.813000 2.475000 0.000001
2.888000 2.475000 0.000001
2.963000 2.475000 0.000001
3.038000 2.475000 0.000001
3.113000 2.475000 0.000001
3.188000 2.475000 0.000001
3.263000 2.475000 0.000001
3.338000 2.475000 0.000001
3.413000 2.475000 0.000001
3.488000 2.475000 0.000001
3.563000 2.475000 0.000001
3.638000 2.475000 0.000001
3.713000 2.475000 0.000001
3.788000 2.475000 0.000001
3.863000 2.475000 0.000000
-0.037500 2.625000 0.000000
0.037500 2.625000 0.000000
0.112500 2.625000 0.000000
0.187500 2.625000 0.000000
0.262500 2.625000 0.000000
0.337500 2.625000 0.000000
0.412500 2.625000 0.000000
0.487500 2.625000 0.000000
0.562500 2.625000 0.000000
0.637500 2.625000 0.000000
0.712500 2.625000 0.000000
0.787500 2.625000 0.000000
0.862500 2.625000 0.000000
0.937500 2.625000 0.000000
1.012000 2.625000 0.000000
1.087000 2.625000 0.000000
1.163000 2.625000 0.000000
1.238000 2.625000 0.000000
1.313000 2.625000 0.000000
1.388000 2.625000 0.000000
1.463000 2.625000 0.000000
1.538000 2.625000 0.000000
1.613000 2.625000 0.000000
1.688000 2.625000 0.000000
1.763000 2.625000 0.000000
1.838000 2.625000 0.000000
1.913000 2.625000 0.000000
1.988000 2.625000 0.000000
2.063000 2.625000 0.000000
2.138000 2.625000 0.000000
2.213000 2.625000 0.000000
2.288000 2.625000 0.000000
2.363000 2.625000 0.000000
2.438000 2.625000 0.000000
2.513000 2.625000 0.000000
2.588000 2.625000 0.000000
2.663000 2.625000 0.000000
2.738000 2.625000 0.000000
2.813000 2.625000 0.000000
2.888000 2.625000 0.000000
2.963000 2.625000 0.000000
3.038000 2.625000 0.000000
3.113000 2.625000 0.000000
3.188000 2.625000 0.000000
3.263000 2.625000 0.000000
3.338000 2.625000 0.000000
3.413000 2.625000 0.000000
3.488000 2.625000 0.000000
3.563000 2.625000 0.000000
3.638000 2.625000 0.000000
3.713000 2.625000 0.000000
3.788000 2.625000 0.000000
3.863000 2.625000 0.000000
-0.037500 2.775000 0.000000
0.037500 2.775000 0.000000
0.112500 2.775000 0.000000
0.187500 2.775000 0.000000
0.262500 2.775000 0.000000
0.337500 2.775000 0.000000
0.412500 2.775000 0.000000
0.487500 2.775000 0.000000
0.562500 2.775000 0.000000
0.637500 2.775000 0.000000
0.712500 2.775000 0.000000
0.787500 2.775000 0.000000
0.862500 2.775000 0.000000
0.937500 2.775000 0.000000
1.012000 2.775000 0.000000
1.087000 2.775000 0.000000
1.163000 2.775000 0.000000
1.238000 2.775000 0.000000
1.313000 2.775000 0.000000
1.388000 2.775000 0.000000
1.463000 2.775000 0.000000
1.538000 2.775000 0.000000
1.613000 2.775000 0.000000
1.688000 2.775000 0.000000
1.763000 2.775000 0.000000
1.838000 2.775000 0.000000
1.913000 2.775000 0.000000
1.988000 2.775000 0.000000
2.063000 2.775000 0.000000
2.138000 2.775000 0.000000
2.213000 2.775000 0.000000
2.288000 2.775000 0.000000
2.363000 2.775000 0.000000
2.438000 2.775000 0.000000
2.513000 2.775000 0.000000
2.588000 2.775000 0.000000
2.663000 2.775000 0.000000
2.738000 2.775000 0.000000
2.813000 2.775000 0.000000
2.888000 2.775000 0.000000
2.963000 2.775000 0.000000
3.038000 2.775000 0.000000
3.113000 2.775000 0.000000
3.188000 2.775000 0.000000
3.263000 2.775000 0.000000
3.338000 2.775000 0.000000
3.413000 2.775000 0.000000
3.488000 2.775000 0.000000
3.563000 2.775000 0.000000
3.638000 2.775000 0.000000
3.713000 2.775000 0.000000
3.788000 2.775000 0.000000
3.863000 2.775000 0.000000
-0.037500 2.925000 0.000000
0.037500 2.925000 0.000000
0.112500 2.925000 0.000000
0.187500 2.925000 0.000000
0.262500 2.925000 0.000000
0.337500 2.925000 0.000000
0.412500 2.925000 0.000000
0.487500 2.925000 0.000000
0.562500 2.925000 0.000000
0.637500 2.925000 0.000000
0.712500 2.925000 0.000000
0.787500 2.925000 0.000000
0.862500 2.925000 0.000000
0.937500 2.925000 0.000000
1.012000 2.925000 0.000000
1.087000 2.925000 0.000000
1.163000 2.925000 0.000000
1.238000 2.925000 0.000000
1.313000 2.925000 0.000000
1.388000 2.925000 0.000000
1.463000 2.925000 0.000000
1.538000 2.925000 0.000000
1.613000 2.925000 0.000000
1.688000 2.925000 0.000000
1.763000 2.925000 0.000000
1.838000 2.925000 0.000000
1.913000 2.925000 0.000000
1.988000 2.925000 0.000000
2.063000 2.925000 0.000000
2.138000 2.925000 0.000000
2.213000 2.925000 0.000000
2.288000 2.925000 0.000000
2.363000 2.925000 0.000000
2.438000 2.925000 0.000000
2.513000 2.925000 0.000000
2.588000 2.925000 0.000000
2.663000 2.925000 0.000000
2.738000 2.925000 0.000000
2.813000 2.925000 0.000000
2.888000 2.925000 0.000000
2.963000 2.925000 0.000000
3.038000 2.925000 0.000000
3.113000 2.925000 0.000000
3.188000 2.925000 0.000000
3.263000 2.925000 0.000000
3.338000 2.925000 0.000000
3.413000 2.925000 0.000000
3.488000 2.925000 0.000000
3.563000 2.925000 0.000000
3.638000 2.925000 0.000000
3.713000 2.925000 0.000000
3.788000 2.925000 0.000000
3.863000 2.925000 0.000000
-0.037500 3.075000 0.000000
0.037500 3.075000 0.000000
0.112500 3.075000 0.000000
0.187500 3.075000 0.000000
0.262500 3.075000 0.000000
0.337500 3.075000 0.000000
0.412500 3.075000 0.000000
0.487500 3.075000 0.000000
0.562500 3.075000 0.000000
0.637500 3.075000 0.000000
0.712500 3.075000 0.000000
0.787500 3.075000 0.000000
0.862500 3.075000 0.000000
0.937500 3.075000 0.000000
1.012000 3.075000 0.000000
1.087000 3.075000 0.000000
1.163000 3.075000 0.000000
1.238000 3.075000 0.000000
1.313000 3.075000 0.000000
1.388000 3.075000 0.000000
1.463000 3.075000 0.000000
1.538000 3.075000 0.000000
1.613000 3.075000 0.000000
1.688000 3.075000 0.000000
1.763000 3.075000 0.000000
1.838000 3.075000 0.000000
1.913000 3.075000 0.000000
1.988000 3.075000 0.000000
2.063000 3.075000 0.000000
2.138000 3.075000 0.000000
2.213000 3.075000 0.000000
2.288000 3.075000 0.000000
2.363000 3.075000 0.000000
2.438000 3.075000 0.000000
2.513000 3.075000 0.000000
2.588000 3.075000 0.000000
2.663000 3.075000 0.000000
2.738000 3.075000 0.000000
2.813000 3.075000 0.000000
2.888000 3.075000 0.000000
2.963000 3.075000 0.000000
3.038000 3.075000 0.000000
3.113000 3.075000 0.000000
3.188000 3.075000 0.000000
3.263000 3.075000 0.000000
3.338000 3.075000 0.000000
3.413000 3.075000 0.000000
3.488000 3.075000 0.000000
3.563000 3.075000 0.000000
3.638000 3.075000 0.000000
3.713000 3.075000 0.000000
3.788000 3.075000 0.000000
3.863000 3.075000 0.000000
-0.037500 3.225000 0.000000
0.037500 3.225000 0.000000
0.112500 3.225000 0.000000
0.187500 3.225000 0.000000
0.262500 3.225000 0.000000
0.337500 3.225000 0.000000
0.412500 3.225000 0.000000
0.487500 3.225000 0.000000
0.562500 3.225000 0.000000
0.637500 3.225000 0.000000
0.712500 3.225000 0.000000
0.787500 3.225000 0.000000
0.862500 3.225000 0.000000
0.937500 3.225000 0.000000
1.012000 3.225000 0.000000
1.087000 3.225000 0.000000
1.163000 3.225000 0.000000
1.238000 3.225000 0.000000
1.313000 3.225000 0.000000
1.388000 3.225000 0.000000
1.463000 3.225000 0.000000
1.538000 3.225000 0.000000
1.613000 3.225000 0.000000
1.688000 3.225000 0.000000
1.763000 3.225000 0.000000
1.838000 3.225000 0.000000
1.913000 3.225000 0.000000
1.988000 3.225000 0.000000
2.063000 3.225000 0.000000
2.138000 3.225000 0.000000
2.213000 3.225000 0.000000
2.288000 3.225000 0.000000
2.363000 3.225000 0.000000
2.438000 3.225000 0.000000
2.513000 3.225000 0.000000
2.588000 3.225000 0.000000
2.663000 3.225000 0.000000
2.738000 3.225000 0.000000
2.813000 3.225000 0.000000
2.888000 3.225000 0.000000
2.963000 3.225000 0.000000
3.038000 3.225000 0.000000
3.113000 3.225000 0.000000
3.188000 3.225000 0.000000
3.263000 3.225000 0.000000
3.338000 3.225000 0.000000
3.413000 3.225000 0.000000
3.488000 3.225000 0.000000
3.563000 3.225000 0.000000
3.638000 3.225000 0.000000
3.713000 3.225000 0.000000
3.788000 3.225000 0.000000
3.863000 3.225000 0.000000
-0.037500 3.375000 0.000000
0.037500 3.375000 0.000000
0.112500 3.375000 0.000000
0.187500 3.375000 0.000000
0.262500 3.375000 0.000000
0.337500 3.375000 0.000000
0.412500 3.375000 0.000000
0.487500 3.375000 0.000000
0.562500 3.375000 0.000000
0.637500 3.375000 0.000000
0.712500 3.375000 0.000000
0.787500 3.375000 0.000000
0.862500 3.375000 0.000000
0.937500 3.375000 0.000000
1.012000 3.375000 0.000000
1.087000 3.375000 0.000000
1.163000 3.375000 0.000000
1.238000 3.375000 0.000000
1.313000 3.375000 0.000000
1.388000 3.375000 0.000000
1.463000 3.375000 0.000000
1.538000 3.375000 0.000000
1.613000 3.375000 0.000000
1.688000 3.375000 0.000000
1.763000 3.375000 0.000000
1.838000 3.375000 0.000000
1.913000 3.375000 0.000000
1.988000 3.375000 0.000000
2.063000 3.375000 0.000000
2.138000 3.375000 0.000000
2.213000 3.375000 0.000000
2.288000 3.375000 0.000000
2.363000 3.375000 0.000000
2.438000 3.375000 0.000000
2.513000 3.375000 0.000000
2.588000 3.375000 0.000000
2.663000 3.375000 0.000000
2.738000 3.375000 0.000000
2.813000 3.375000 0.000000
2.888000 3.375000 0.000000
2.963000 3.375000 0.000000
3.038000 3.375000 0.000000
3.113000 3.375000 0.000000
3.188000 3.375000 0.000000
3.263000 3.375000 0.000000
3.338000 3.375000 0.000000
3.413000 3.375000 0.000000
3.488000 3.375000 0.000000
3.563000 3.375000 0.000000
3.638000 3.375000 0.000000
3.713000 3.375000 0.000000
3.788000 3.375000 0.000000
3.863000 3.375000 0.000000
-0.037500 3.525000 0.000000
0.037500 3.525000 0.000000
0.112500 3.525000 0.000000
0.187500 3.525000 0.000000
0.262500 3.525000 0.000000
0.337500 3.525000 0.000000
0.412500 3.525000 0.000000
0.487500 3.525000 0.000000
0.562500 3.525000 0.000000
0.637500 3.525000 0.000000
0.712500 3.525000 0.000000
0.787500 3.525000 0.000000
0.862500 3.525000 0.000000
0.937500 3.525000 0.000000
1.012000 3.525000 0.000000
1.087000 3.525000 0.000000
1.163000 3.525000 0.000000
1.238000 3.525000 0.000000
1.313000 3.525000 0.000000
1.388000 3.525000 0.000000
1.463000 3.525000 0.000000
1.538000 3.525000 0.000000
1.613000 3.525000 0.000000
1.688000 3.525000 0.000000
1.763000 3.525000 0.000000
1.838000 3.525000 0.000000
1.913000 3.525000 0.000000
1.988000 3.525000 0.000000
2.063000 3.525000 0.000000
2.138000 3.525000 0.000000
2.213000 3.525000 0.000000
2.288000 3.525000 0.000000
2.363000 3.525000 0.000000
2.438000 3.525000 0.000000
2.513000 3.525000 0.000000
2.588000 3.525000 0.000000
2.663000 3.525000 0.000000
2.738000 3.525000 0.000000
2.813000 3.525000 0.000000
2.888000 3.525000 0.000000
2.963000 3.525000 0.000000
3.038000 3.525000 0.000000
3.113000 3.525000 0.000000
3.188000 3.525000 0.000000
3.263000 3.525000 0.000000
3.338000 3.525000 0.000000
3.413000 3.525000 0.000000
3.488000 3.525000 0.000000
3.563000 3.525000 0.000000
3.638000 3.525000 0.000000
3.713000 3.525000 0.000000
3.788000 3.525000 0.000000
3.863000 3.525000 0.000000
-0.037500 3.675000 0.000000
0.037500 3.675000 0.000000
0.112500 3.675000 0.000000
0.187500 3.675000 0.000000
0.262500 3.675000 0.000000
0.337500 3.675000 0.000000
0.412500 3.675000 0.000000
0.487500 3.675000 0.000000
0.562500 3.675000 0.000000
0.637500 3.675000 0.000000
0.712500 3.675000 0.000000
0.787500 3.675000 0.000000
0.862500 3.675000 0.000000
0.937500 3.675000 0.000000
1.012000 3.675000 0.000000
1.087000 3.675000 0.000000
1.163000 3.675000 0.000000
1.238000 3.675000 0.000000
1.313000 3.675000 0.000000
1.388000 3.675000 0.000000
1.463000 3.675000 0.000000
1.538000 3.675000 0.000000
1.613000 3.675000 0.000000
1.688000 3.675000 0.000000
1.763000 3.675000 0.000000
1.838000 3.675000 0.000000
1.913000 3.675000 0.000000
1.988000 3.675000 0.000000
2.063000 3.675000 0.000000
2.138000 3.675000 0.000000
2.213000 3.675000 0.000000
2.288000 3.675000 0.000000
2.363000 3.675000 0.000000
2.438000 3.675000 0.000000
2.513000 3.675000 0.000000
2.588000 3.675000 0.000000
2.663000 3.675000 0.000000
2.738000 3.675000 0.000000
2.813000 3.675000 0.000000
2.888000 3.675000 0.000000
2.963000 3.675000 0.000000
3.038000 3.675000 0.000000
3.113000 3.675000 0.000000
3.188000 3.675000 0.000000
3.263000 3.675000 0.000000
3.338000 3.675000 0.000000
3.413000 3.675000 0.000000
3.488000 3.675000 0.000000
3.563000 3.675000 0.000000
3.638000 3.675000 0.000000
3.713000 3.675000 0.000000
3.788000 3.675000 0.000000
3.863000 3.675000 0.000000
-0.037500 3.825000 0.000000
0.037500 3.825000 0.000000
0.112500 3.825000 0.000000
0.187500 3.825000 0.000000
0.262500 3.825000 0.000000
0.337500 3.825000 0.000000
0.412500 3.825000 0.000000
0.487500 3.825000 0.000000
0.562500 3.825000 0.000000
0.637500 3.825000 0.000000
0.712500 3.825000 0.000000
0.787500 3.825000 0.000000
0.862500 3.825000 0.000000
0.937500 3.825000 0.000000
1.012000 3.825000 0.000000
1.087000 3.825000 0.000000
1.163000 3.825000 0.000000
1.238000 3.825000 0.000000
1.313000 3.825000 0.000000
1.388000 3.825000 0.000000
1.463000 3.825000 0.000000
1.538000 3.825000 0.000000
1.613000 3.825000 0.000000
1.688000 3.825000 0.000000
1.763000 3.825000 0.000000
1.838000 3.825000 0.000000
1.913000 3.825000 0.000000
1.988000 3.825000 0.000000
2.063000 3.825000 0.000000
2.138000 3.825000 0.000000
2.213000 3.825000 0.000000
2.288000 3.825000 0.000000
2.363000 3.825000 0.000000
2.438000 3.825000 0.000000
2.513000 3.825000 0.000000
2.588000 3.825000 0.000000
2.663000 3.825000 0.000000
2.738000 3.825000 0.000000
2.813000 3.825000 0.000000
2.888000 3.825000 0.000000
2.963000 3.825000 0.000000
3.038000 3.825000 0.000000
3.113000 3.825000 0.000000
3.188000 3.825000 0.000000
3.263000 3.825000 0.000000
3.338000 3.825000 0.000000
3.413000 3.825000 0.000000
3.488000 3.825000 0.000000
3.563000 3.825000 0.000000
3.638000 3.825000 0.000000
3.713000 3.825000 0.000000
3.788000 3.825000 0.000000
3.863000 3.825000 0.000000
-0.037500 3.975000 0.000000
0.037500 3.975000 0.000000
0.112500 3.975000 0.000000
0.187500 3.975000 0.000000
0.262500 3.975000 0.000000
0.337500 3.975000 0.000000
0.412500 3.975000 0.000000
0.487500 3.975000 0.000000
0.562500 3.975000 0.000000
0.637500 3.975000 0.000000
0.712500 3.975000 0.000000
0.787500 3.975000 0.000000
0.862500 3.975000 0.000000
0.937500 3.975000 0.000000
1.012000 3.975000 0.000000
1.087000 3.975000 0.000000
1.163000 3.975000 0.000000
1.238000 3.975000 0.000000
1.313000 3.975000 0.000000
1.388000 3.975000 0.000000
1.463000 3.975000 0.000000
1.538000 3.975000 0.000000
1.613000 3.975000 0.000000
1.688000 3.975000 0.000000
1.763000 3.975000 0.000000
1.838000 3.975000 0.000000
1.913000 3.975000 0.000000
1.988000 3.975000 0.000000
2.063000 3.975000 0.000000
2.138000 3.975000 0.000000
2.213000 3.975000 0.000000
2.288000 3.975000 0.000000
2.363000 3.975000 0.000000
2.438000 3.975000 0.000000
2.513000 3.975000 0.000000
2.588000 3.975000 0.000000
2.663000 3.975000 0.000000
2.738000 3.975000 0.000000
2.813000 3.975000 0.000000
2.888000 3.975000 0.000000
2.963000 3.975000 0.000000
3.038000 3.975000 0.000000
3.113000 3.975000 0.000000
3.188000 3.975000 0.000000
3.263000 3.975000 0.000000
3.338000 3.975000 0.000000
3.413000 3.975000 0.000000
3.488000 3.975000 0.000000
3.563000 3.975000 0.000000
3.638000 3.975000 0.000000
3.713000 3.975000 0.000000
3.788000 3.975000 0.000000
3.863000 3.975000 0.000000
-0.037500 4.125000 0.000000
0.037500 4.125000 0.000000
0.112500 4.125000 0.000000
0.187500 4.125000 0.000000
0.262500 4.125000 0.000000
0.337500 4.125000 0.000000
0.412500 4.125000 0.000000
0.487500 4.125000 0.000000
0.562500 4.125000 0.000000
0.637500 4.125000 0.000000
0.712500 4.125000 0.000000
0.787500 4.125000 0.000000
0.862500 4.125000 0.000000
0.937500 4.125000 0.000000
1.012000 4.125000 0.000000
1.087000 4.125000 0.000000
1.163000 4.125000 0.000000
1.238000 4.125000 0.000000
1.313000 4.125000 0.000000
1.388000 4.125000 0.000000
1.463000 4.125000 0.000000
1.538000 4.125000 0.000000
1.613000 4.125000 0.000000
1.688000 4.125000 0.000000
1.763000 4.125000 0.000000
1.838000 4.125000 0.000000
1.913000 4.125000 0.000000
1.988000 4.125000 0.000000
2.063000 4.125000 0.000000
2.138000 4.125000 0.000000
2.213000 4.125000 0.000000
2.288000 4.125000 0.000000
2.363000 4.125000 0.000000
2.438000 4.125000 0.000000
2.513000 4.125000 0.000000
2.588000 4.125000 0.000000
2.663000 4.125000 0.000000
2.738000 4.125000 0.000000
2.813000 4.125000 0.000000
2.888000 4.125000 0.000000
2.963000 4.125000 0.000000
3.038000 4.125000 0.000000
3.113000 4.125000 0.000000
3.188000 4.125000 0.000000
3.263000 4.125000 0.000000
3.338000 4.125000 0.000000
3.413000 4.125000 0.000000
3.488000 4.125000 0.000000
3.563000 4.125000 0.000000
3.638000 4.125000 0.000000
3.713000 4.125000 0.000000
3.788000 4.125000 0.000000
3.863000 4.125000 0.000000
-0.037500 4.275000 0.000000
0.037500 4.275000 0.000000
0.112500 4.275000 0.000000
0.187500 4.275000 0.000000
0.262500 4.275000 0.000000
0.337500 4.275000 0.000000
0.412500 4.275000 0.000000
0.487500 4.275000 0.000000
0.562500 4.275000 0.000000
0.637500 4.275000 0.000000
0.712500 4.275000 0.000000
0.787500 4.275000 0.000000
0.862500 4.275000 0.000000
0.937500 4.275000 0.000000
1.012000 4.275000 0.000000
1.087000 4.275000 0.000000
1.163000 4.275000 0.000000
1.238000 4.275000 0.000000
1.313000 4.275000 0.000000
1.388000 4.275000 0.000000
1.463000 4.275000 0.000000
1.538000 4.275000 0.000000
1.613000 4.275000 0.000000
1.688000 4.275000 0.000000
1.763000 4.275000 0.000000
1.838000 4.275000 0.000000
1.913000 4.275000 0.000000
1.988000 4.275000 0.000000
2.063000 4.275000 0.000000
2.138000 4.275000 0.000000
2.213000 4.275000 0.000000
2.288000 4.275000 0.000000
2.363000 4.275000 0.000000
2.438000 4.275000 0.000000
2.513000 4.275000 0.000000
2.588000 4.275000 0.000000
2.663000 4.275000 0.000000
2.738000 4.275000 0.000000
2.813000 4.275000 0.000000
2.888000 4.275000 0.000000
2.963000 4.275000 0.000000
3.038000 4.275000 0.000000
3.113000 4.275000 0.000000
3.188000 4.275000 0.000000
3.263000 4.275000 0.000000
3.338000 4.275000 0.000000
3.413000 4.275000 0.000000
3.488000 4.275000 0.000000
3.563000 4.275000 0.000000
3.638000 4.275000 0.000000
3.713000 4.275000 0.000000
3.788000 4.275000 0.000000
3.863000 4.275000 0.000000
-0.037500 4.425000 0.000000
0.037500 4.425000 0.000000
0.112500 4.425000 0.000000
0.187500 4.425000 0.000000
0.262500 4.425000 0.000000
0.337500 4.425000 0.000000
0.412500 4.425000 0.000000
0.487500 4.425000 0.000000
0.562500 4.425000 0.000000
0.637500 4.425000 0.000000
0.712500 4.425000 0.000000
0.787500 4.425000 0.000000
0.862500 4.425000 0.000000
0.937500 4.425000 0.000000
1.012000 4.425000 0.000000
1.087000 4.425000 0.000000
1.163000 4.425000 0.000000
1.238000 4.425000 0.000000
1.313000 4.425000 0.000000
1.388000 4.425000 0.000000
1.463000 4.425000 0.000000
1.538000 4.425000 0.000000
1.613000 4.425000 0.000000
1.688000 4.425000 0.000000
1.763000 4.425000 0.000000
1.838000 4.425000 0.000000
1.913000 4.425000 0.000000
1.988000 4.425000 0.000000
2.063000 4.425000 0.000000
2.138000 4.425000 0.000000
2.213000 4.425000 0.000000
2.288000 4.425000 0.000000
2.363000 4.425000 0.000000
2.438000 4.425000 0.000000
2.513000 4.425000 0.000000
2.588000 4.425000 0.000000
2.663000 4.425000 0.000000
2.738000 4.425000 0.000000
2.813000 4.425000 0.000000
2.888000 4.425000 0.000000
2.963000 4.425000 0.000000
3.038000 4.425000 0.000000
3.113000 4.425000 0.000000
3.188000 4.425000 0.000000
3.263000 4.425000 0.000000
3.338000 4.425000 0.000000
3.413000 4.425000 0.000000
3.488000 4.425000 0.000000
3.563000 4.425000 0.000000
3.638000 4.425000 0.000000
3.713000 4.425000 0.000000
3.788000 4.425000 0.000000
3.863000 4.425000 0.000000
-0.037500 4.575000 0.000000
0.037500 4.575000 0.000000
0.112500 4.575000 0.000000
0.187500 4.575000 0.000000
0.262500 4.575000 0.000000
0.337500 4.575000 0.000000
0.412500 4.575000 0.000000
0.487500 4.575000 0.000000
0.562500 4.575000 0.000000
0.637500 4.575000 0.000000
0.712500 4.575000 0.000000
0.787500 4.575000 0.000000
0.862500 4.575000 0.000000
0.937500 4.575000 0.000000
1.012000 4.575000 0.000000
1.087000 4.575000 0.000000
1.163000 4.575000 0.000000
1.238000 4.575000 0.000000
1.313000 4.575000 0.000000
1.388000 4.575000 0.000000
1.463000 4.575000 0.000000
1.538000 4.575000 0.000000
1.613000 4.575000 0.000000
1.688000 4.575000 0.000000
1.763000 4.575000 0.000000
1.838000 4.575000 0.000000
1.913000 4.575000 0.000000
1.988000 4.575000 0.000000
2.063000 4.575000 0.000000
2.138000 4.575000 0.000000
2.213000 4.575000 0.000000
2.288000 4.575000 0.000000
2.363000 4.575000 0.000000
2.438000 4.575000 0.000000
2.513000 4.575000 0.000000
2.588000 4.575000 0.000000
2.663000 4.575000 0.000000
2.738000 4.575000 0.000000
2.813000 4.575000 0.000000
2.888000 4.575000 0.000000
2.963000 4.575000 0.000000
3.038000 4.575000 0.000000
3.113000 4.575000 0.000000
3.188000 4.575000 0.000000
3.263000 4.575000 0.000000
3.338000 4.575000 0.000000
3.413000 4.575000 0.000000
3.488000 4.575000 0.000000
3.563000 4.575000 0.000000
3.638000 4.575000 0.000000
3.713000 4.575000 0.000000
3.788000 4.575000 0.000000
3.863000 4.575000 0.000000
-0.037500 4.725000 0.000000
0.037500 4.725000 0.000000
0.112500 4.725000 0.000000
0.187500 4.725000 0.000000
0.262500 4.725000 0.000000
0.337500 4.725000 0.000000
0.412500 4.725000 0.000000
0.487500 4.725000 0.000000
0.562500 4.725000 0.000000
0.637500 4.725000 0.000000
0.712500 4.725000 0.000000
0.787500 4.725000 0.000000
0.862500 4.725000 0.000000
0.937500 4.725000 0.000000
1.012000 4.725000 0.000000
1.087000 4.725000 0.000000
1.163000 4.725000 0.000000
1.238000 4.725000 0.000000
1.313000 4.725000 0.000000
1.388000 4.725000 0.000000
1.463000 4.725000 0.000000
1.538000 4.725000 0.000000
1.613000 4.725000 0.000000
1.688000 4.725000 0.000000
1.763000 4.725000 0.000000
1.838000 4.725000 0.000000
1.913000 4.725000 0.000000
1.988000 4.725000 0.000000
2.063000 4.725000 0.000000
2.138000 4.725000 0.000000
2.213000 4.725000 0.000000
2.288000 4.725000 0.000000
2.363000 4.725000 0.000000
2.438000 4.725000 0.000000
2.513000 4.725000 0.000000
2.588000 4.725000 0.000000
2.663000 4.725000 0.000000
2.738000 4.725000 0.000000
2.813000 4.725000 0.000000
2.888000 4.725000 0.000000
2.963000 4.725000 0.000000
3.038000 4.725000 0.000000
3.113000 4.725000 0.000000
3.188000 4.725000 0.000000
3.263000 4.725000 0.000000
3.338000 4.725000 0.000000
3.413000 4.725000 0.000000
3.488000 4.725000 0.000000
3.563000 4.725000 0.000000
3.638000 4.725000 0.000000
3.713000 4.725000 0.000000
3.788000 4.725000 0.000000
3.863000 4.725000 0.000000
-0.037500 4.875000 0.000000
0.037500 4.875000 0.000000
0.112500 4.875000 0.000000
0.187500 4.875000 0.000000
0.262500 4.875000 0.000000
0.337500 4.875000 0.000000
0.412500 4.875000 0.000000
0.487500 4.875000 0.000000
0.562500 4.875000 0.000000
0.637500 4.875000 0.000000
0.712500 4.875000 0.000000
0.787500 4.875000 0.000000
0.862500 4.875000 0.000000
0.937500 4.875000 0.000000
1.012000 4.875000 0.000000
1.087000 4.875000 0.000000
1.163000 4.875000 0.000000
1.238000 4.875000 0.000000
1.313000 4.875000 0.000000
1.388000 4.875000 0.000000
1.463000 4.875000 0.000000
1.538000 4.875000 0.000000
1.613000 4.875000 0.000000
1.688000 4.875000 0.000000
1.763000 4.875000 0.000000
1.838000 4.875000 0.000000
1.913000 4.875000 0.000000
1.988000 4.875000 0.000000
2.063000 4.875000 0.000000
2.138000 4.875000 0.000000
2.213000 4.875000 0.000000
2.288000 4.875000 0.000000
2.363000 4.875000 0.000000
2.438000 4.875000 0.000000
2.513000 4.875000 0.000000
2.588000 4.875000 0.000000
2.663000 4.875000 0.000000
2.738000 4.875000 0.000000
2.813000 4.875000 0.000000
2.888000 4.875000 0.000000
2.963000 4.875000 0.000000
3.038000 4.875000 0.000000
3.113000 4.875000 0.000000
3.188000 4.875000 0.000000
3.263000 4.875000 0.000000
3.338000 4.875000 0.000000
3.413000 4.875000 0.000000
3.488000 4.875000 0.000000
3.563000 4.875000 0.000000
3.638000 4.875000 0.000000
3.713000 4.875000 0.000000
3.788000 4.875000 0.000000
3.863000 4.875000 0.000000
-0.037500 5.025000 0.000000
0.037500 5.025000 0.000000
0.112500 5.025000 0.000000
0.187500 5.025000 0.000000
0.262500 5.025000 0.000000
0.337500 5.025000 0.000000
0.412500 5.025000 0.000000
0.487500 5.025000 0.000000
0.562500 5.025000 0.000000
0.637500 5.025000 0.000000
0.712500 5.025000 0.000000
0.787500 5.025000 0.000000
0.862500 5.025000 0.000000
0.937500 5.025000 0.000000
1.012000 5.025000 0.000000
1.087000 5.025000 0.000000
1.163000 5.025000 0.000000
1.238000 5.025000 0.000000
1.313000 5.025000 0.000000
1.388000 5.025000 0.000000
1.463000 5.025000 0.000000
1.538000 5.025000 0.000000
1.613000 5.025000 0.000000
1.688000 5.025000 0.000000
1.763000 5.025000 0.000000
1.838000 5.025000 0.000000
1.913000 5.025000 0.000000
1.988000 5.025000 0.000000
2.063000 5.025000 0.000000
2.138000 5.025000 0.000000
2.213000 5.025000 0.000000
2.288000 5.025000 0.000000
2.363000 5.025000 0.000000
2.438000 5.025000 0.000000
2.513000 5.025000 0.000000
2.588000 5.025000 0.000000
2.663000 5.025000 0.000000
2.738000 5.025000 0.000000
2.813000 5.025000 0.000000
2.888000 5.025000 0.000000
2.963000 5.025000 0.000000
3.038000 5.025000 0.000000
3.113000 5.025000 0.000000
3.188000 5.025000 0.000000
3.263000 5.025000 0.000000
3.338000 5.025000 0.000000
3.413000 5.025000 0.000000
3.488000 5.025000 0.000000
3.563000 5.025000 0.000000
3.638000 5.025000 0.000000
3.713000 5.025000 0.000000
3.788000 5.025000 0.000000
3.863000 5.025000 0.000000
-0.037500 5.175000 0.000000
0.037500 5.175000 0.000000
0.112500 5.175000 0.000000
0.187500 5.175000 0.000000
0.262500 5.175000 0.000000
0.337500 5.175000 0.000000
0.412500 5.175000 0.000000
0.487500 5.175000 0.000000
0.562500 5.175000 0.000000
0.637500 5.175000 0.000000
0.712500 5.175000 0.000000
0.787500 5.175000 0.000000
0.862500 5.175000 0.000000
0.937500 5.175000 0.000000
1.012000 5.175000 0.000000
1.087000 5.175000 0.000000
1.163000 5.175000 0.000000
1.238000 5.175000 0.000000
1.313000 5.175000 0.000000
1.388000 5.175000 0.000000
1.463000 5.175000 0.000000
1.538000 5.175000 0.000000
1.613000 5.175000 0.000000
1.688000 5.175000 0.000000
1.763000 5.175000 0.000000
1.838000 5.175000 0.000000
1.913000 5.175000 0.000000
1.988000 5.175000 0.000000
2.063000 5.175000 0.000000
2.138000 5.175000 0.000000
2.213000 5.175000 0.000000
2.288000 5.175000 0.000000
2.363000 5.175000 0.000000
2.438000 5.175000 0.000000
2.513000 5.175000 0.000000
2.588000 5.175000 0.000000
2.663000 5.175000 0.000000
2.738000 5.175000 0.000000
2.813000 5.175000 0.000000
2.888000 5.175000 0.000000
2.963000 5.175000 0.000000
3.038000 5.175000 0.000000
3.113000 5.175000 0.000000
3.188000 5.175000 0.000000
3.263000 5.175000 0.000000
3.338000 5.175000 0.000000
3.413000 5.175000 0.000000
3.488000 5.175000 0.000000
3.563000 5.175000 0.000000
3.638000 5.175000 0.000000
3.713000 5.175000 0.000000
3.788000 5.175000 0.000000
3.863000 5.175000 0.000000
