-0.037500 -0.075000 0.000000
0.037500 -0.075000 0.000000
0.112500 -0.075000 0.000000
0.187500 -0.075000 0.000000
0.262500 -0.075000 0.000000
0.337500 -0.075000 0.000000
0.412500 -0.075000 0.000000
0.487500 -0.075000 0.000000
0.562500 -0.075000 0.000000
0.637500 -0.075000 0.000000
0.712500 -0.075000 0.000000
0.787500 -0.075000 0.000000
0.862500 -0.075000 0.000000
0.937500 -0.075000 0.000000
1.012000 -0.075000 0.000000
1.087000 -0.075000 0.000000
1.163000 -0.075000 0.000000
1.238000 -0.075000 0.000000
1.313000 -0.075000 0.000000
1.388000 -0.075000 0.000000
1.463000 -0.075000 0.000000
1.538000 -0.075000 0.000000
1.613000 -0.075000 0.000000
1.688000 -0.075000 0.000000
1.763000 -0.075000 0.000000
1.838000 -0.075000 0.000000
1.913000 -0.075000 0.000000
1.988000 -0.075000 0.000000
2.063000 -0.075000 0.000000
2.138000 -0.075000 0.000000
2.213000 -0.075000 0.000000
2.288000 -0.075000 0.000000
2.363000 -0.075000 0.000000
2.438000 -0.075000 0.000000
2.513000 -0.075000 0.000000
2.588000 -0.075000 0.000000
2.663000 -0.075000 0.000000
2.738000 -0.075000 0.000000
2.813000 -0.075000 0.000000
2.888000 -0.075000 0.000000
2.963000 -0.075000 0.000000
3.038000 -0.075000 0.000000
3.113000 -0.075000 0.000000
3.188000 -0.075000 0.000000
3.263000 -0.075000 0.000000
3.338000 -0.075000 0.000000
3.413000 -0.075000 0.000000
3.488000 -0.075000 0.000000
3.563000 -0.075000 0.000000
3.638000 -0.075000 0.000000
3.713000 -0.075000 0.000000
3.788000 -0.075000 0.000000
3.863000 -0.075000 0.000000
-0.037500 0.075000 0.000000
0.037500 0.075000 0.001930
0.112500 0.075000 0.003870
0.187500 0.075000 0.005800
0.262500 0.075000 0.007740
0.337500 0.075000 0.009670
0.412500 0.075000 0.011600
0.487500 0.075000 0.013530
0.562500 0.075000 0.015450
0.637500 0.075000 0.017370
0.712500 0.075000 0.019280
0.787500 0.075000 0.021180
0.862500 0.075000 0.023050
0.937500 0.075000 0.024900
1.012000 0.075000 0.026720
1.087000 0.075000 0.028500
1.163000 0.075000 0.030220
1.238000 0.075000 0.031880
1.313000 0.075000 0.033440
1.388000 0.075000 0.034910
1.463000 0.075000 0.036250
1.538000 0.075000 0.037450
1.613000 0.075000 0.038490
1.688000 0.075000 0.039340
1.763000 0.075000 0.039980
1.838000 0.075000 0.040410
1.913000 0.075000 0.040620
1.988000 0.075000 0.040600
2.063000 0.075000 0.040370
2.138000 0.075000 0.039940
2.213000 0.075000 0.039330
2.288000 0.075000 0.038560
2.363000 0.075000 0.037680
2.438000 0.075000 0.036690
2.513000 0.075000 0.035630
2.588000 0.075000 0.034510
2.663000 0.075000 0.033380
2.738000 0.075000 0.032230
2.813000 0.075000 0.031080
2.888000 0.075000 0.029950
2.963000 0.075000 0.028840
3.038000 0.075000 0.027760
3.113000 0.075000 0.026720
3.188000 0.075000 0.025710
3.263000 0.075000 0.024740
3.338000 0.075000 0.023810
3.413000 0.075000 0.022920
3.488000 0.075000 0.022070
3.563000 0.075000 0.021250
3.638000 0.075000 0.020480
3.713000 0.075000 0.019740
3.788000 0.075000 0.019030
3.863000 0.075000 0.000000
-0.037500 0.225000 0.000000
0.037500 0.225000 0.001930
0.112500 0.225000 0.003870
0.187500 0.225000 0.005800
0.262500 0.225000 0.007740
0.337500 0.225000 0.009670
0.412500 0.225000 0.011600
0.487500 0.225000 0.013530
0.562500 0.225000 0.015450
0.637500 0.225000 0.017370
0.712500 0.225000 0.019280
0.787500 0.225000 0.021180
0.862500 0.225000 0.023050
0.937500 0.225000 0.024900
1.012000 0.225000 0.026720
1.087000 0.225000 0.028500
1.163000 0.225000 0.030220
1.238000 0.225000 0.031880
1.313000 0.225000 0.033440
1.388000 0.225000 0.034910
1.463000 0.225000 0.036250
1.538000 0.225000 0.037450
1.613000 0.225000 0.038490
1.688000 0.225000 0.039340
1.763000 0.225000 0.039980
1.838000 0.225000 0.040410
1.913000 0.225000 0.040620
1.988000 0.225000 0.040600
2.063000 0.225000 0.040370
2.138000 0.225000 0.039940
2.213000 0.225000 0.039330
2.288000 0.225000 0.038560
2.363000 0.225000 0.037680
2.438000 0.225000 0.036690
2.513000 0.225000 0.035630
2.588000 0.225000 0.034510
2.663000 0.225000 0.033380
2.738000 0.225000 0.032230
2.813000 0.225000 0.031080
2.888000 0.225000 0.029950
2.963000 0.225000 0.028840
3.038000 0.225000 0.027760
3.113000 0.225000 0.026720
3.188000 0.225000 0.025710
3.263000 0.225000 0.024740
3.338000 0.225000 0.023810
3.413000 0.225000 0.022920
3.488000 0.225000 0.022070
3.563000 0.225000 0.021250
3.638000 0.225000 0.020480
3.713000 0.225000 0.019740
3.788000 0.225000 0.019030
3.863000 0.225000 0.000000
-0.037500 0.375000 0.000000
0.037500 0.375000 0.003792
0.112500 0.375000 0.004230
0.187500 0.375000 0.004904
0.262500 0.375000 0.005720
0.337500 0.375000 0.006625
0.412500 0.375000 0.007586
0.487500 0.375000 0.008584
0.562500 0.375000 0.009605
0.637500 0.375000 0.010640
0.712500 0.375000 0.011680
0.787500 0.375000 0.012720
0.862500 0.375000 0.013750
0.937500 0.375000 0.014780
1.012000 0.375000 0.015780
1.087000 0.375000 0.016760
1.163000 0.375000 0.017710
1.238000 0.375000 0.018610
1.313000 0.375000 0.019470
1.388000 0.375000 0.020260
1.463000 0.375000 0.020990
1.538000 0.375000 0.021630
1.613000 0.375000 0.022180
1.688000 0.375000 0.022630
1.763000 0.375000 0.022970
1.838000 0.375000 0.023190
1.913000 0.375000 0.023300
1.988000 0.375000 0.023290
2.063000 0.375000 0.023160
2.138000 0.375000 0.022930
2.213000 0.375000 0.022610
2.288000 0.375000 0.022200
2.363000 0.375000 0.021730
2.438000 0.375000 0.021190
2.513000 0.375000 0.020610
2.588000 0.375000 0.020000
2.663000 0.375000 0.019380
2.738000 0.375000 0.018740
2.813000 0.375000 0.018100
2.888000 0.375000 0.017460
2.963000 0.375000 0.016840
3.038000 0.375000 0.016230
3.113000 0.375000 0.015640
3.188000 0.375000 0.015060
3.263000 0.375000 0.014520
3.338000 0.375000 0.013990
3.413000 0.375000 0.013500
3.488000 0.375000 0.013030
3.563000 0.375000 0.012600
3.638000 0.375000 0.012220
3.713000 0.375000 0.011910
3.788000 0.375000 0.011710
3.863000 0.375000 0.000000
-0.037500 0.525000 0.000000
0.037500 0.525000 0.003145
0.112500 0.525000 0.003276
0.187500 0.525000 0.003516
0.262500 0.525000 0.003839
0.337500 0.525000 0.004222
0.412500 0.525000 0.004649
0.487500 0.525000 0.005108
0.562500 0.525000 0.005588
0.637500 0.525000 0.006084
0.712500 0.525000 0.006588
0.787500 0.525000 0.007097
0.862500 0.525000 0.007606
0.937500 0.525000 0.008110
1.012000 0.525000 0.008606
1.087000 0.525000 0.009090
1.163000 0.525000 0.009556
1.238000 0.525000 0.010000
1.313000 0.525000 0.010420
1.388000 0.525000 0.010810
1.463000 0.525000 0.011160
1.538000 0.525000 0.011460
1.613000 0.525000 0.011730
1.688000 0.525000 0.011940
1.763000 0.525000 0.012100
1.838000 0.525000 0.012200
1.913000 0.525000 0.012250
1.988000 0.525000 0.012240
2.063000 0.525000 0.012180
2.138000 0.525000 0.012070
2.213000 0.525000 0.011910
2.288000 0.525000 0.011720
2.363000 0.525000 0.011480
2.438000 0.525000 0.011220
2.513000 0.525000 0.010940
2.588000 0.525000 0.010630
2.663000 0.525000 0.010320
2.738000 0.525000 0.010000
2.813000 0.525000 0.009679
2.888000 0.525000 0.009358
2.963000 0.525000 0.009041
3.038000 0.525000 0.008732
3.113000 0.525000 0.008431
3.188000 0.525000 0.008142
3.263000 0.525000 0.007867
3.338000 0.525000 0.007607
3.413000 0.525000 0.007365
3.488000 0.525000 0.007144
3.563000 0.525000 0.006947
3.638000 0.525000 0.006780
3.713000 0.525000 0.006648
3.788000 0.525000 0.006552
3.863000 0.525000 0.000000
-0.037500 0.675000 0.000000
0.037500 0.675000 0.002495
0.112500 0.675000 0.002540
0.187500 0.675000 0.002629
0.262500 0.675000 0.002756
0.337500 0.675000 0.002917
0.412500 0.675000 0.003104
0.487500 0.675000 0.003313
0.562500 0.675000 0.003538
0.637500 0.675000 0.003775
0.712500 0.675000 0.004020
0.787500 0.675000 0.004271
0.862500 0.675000 0.004523
0.937500 0.675000 0.004775
1.012000 0.675000 0.005024
1.087000 0.675000 0.005266
1.163000 0.675000 0.005499
1.238000 0.675000 0.005721
1.313000 0.675000 0.005929
1.388000 0.675000 0.006120
1.463000 0.675000 0.006292
1.538000 0.675000 0.006443
1.613000 0.675000 0.006571
1.688000 0.675000 0.006673
1.763000 0.675000 0.006750
1.838000 0.675000 0.006800
1.913000 0.675000 0.006822
1.988000 0.675000 0.006818
2.063000 0.675000 0.006787
2.138000 0.675000 0.006732
2.213000 0.675000 0.006655
2.288000 0.675000 0.006557
2.363000 0.675000 0.006441
2.438000 0.675000 0.006311
2.513000 0.675000 0.006167
2.588000 0.675000 0.006015
2.663000 0.675000 0.005855
2.738000 0.675000 0.005691
2.813000 0.675000 0.005524
2.888000 0.675000 0.005358
2.963000 0.675000 0.005193
3.038000 0.675000 0.005032
3.113000 0.675000 0.004877
3.188000 0.675000 0.004729
3.263000 0.675000 0.004589
3.338000 0.675000 0.004459
3.413000 0.675000 0.004342
3.488000 0.675000 0.004239
3.563000 0.675000 0.004153
3.638000 0.675000 0.004086
3.713000 0.675000 0.004038
3.788000 0.675000 0.004009
3.863000 0.675000 0.000000
-0.037500 0.825000 0.000000
0.037500 0.825000 0.002061
0.112500 0.825000 0.002087
0.187500 0.825000 0.002140
0.262500 0.825000 0.002217
0.337500 0.825000 0.002315
0.412500 0.825000 0.002432
0.487500 0.825000 0.002564
0.562500 0.825000 0.002708
0.637500 0.825000 0.002862
0.712500 0.825000 0.003023
0.787500 0.825000 0.003188
0.862500 0.825000 0.003356
0.937500 0.825000 0.003523
1.012000 0.825000 0.003689
1.087000 0.825000 0.003850
1.163000 0.825000 0.004006
1.238000 0.825000 0.004154
1.313000 0.825000 0.004292
1.388000 0.825000 0.004419
1.463000 0.825000 0.004533
1.538000 0.825000 0.004633
1.613000 0.825000 0.004717
1.688000 0.825000 0.004784
1.763000 0.825000 0.004834
1.838000 0.825000 0.004867
1.913000 0.825000 0.004881
1.988000 0.825000 0.004878
2.063000 0.825000 0.004858
2.138000 0.825000 0.004822
2.213000 0.825000 0.004770
2.288000 0.825000 0.004705
2.363000 0.825000 0.004628
2.438000 0.825000 0.004541
2.513000 0.825000 0.004444
2.588000 0.825000 0.004342
2.663000 0.825000 0.004234
2.738000 0.825000 0.004122
2.813000 0.825000 0.004009
2.888000 0.825000 0.003896
2.963000 0.825000 0.003784
3.038000 0.825000 0.003675
3.113000 0.825000 0.003570
3.188000 0.825000 0.003470
3.263000 0.825000 0.003377
3.338000 0.825000 0.003291
3.413000 0.825000 0.003216
3.488000 0.825000 0.003151
3.563000 0.825000 0.003099
3.638000 0.825000 0.003061
3.713000 0.825000 0.003036
3.788000 0.825000 0.003023
3.863000 0.825000 0.000000
-0.037500 0.975000 0.000000
0.037500 0.975000 0.001658
0.112500 0.975000 0.001675
0.187500 0.975000 0.001709
0.262500 0.975000 0.001759
0.337500 0.975000 0.001823
0.412500 0.975000 0.001899
0.487500 0.975000 0.001986
0.562500 0.975000 0.002082
0.637500 0.975000 0.002184
0.712500 0.975000 0.002292
0.787500 0.975000 0.002404
0.862500 0.975000 0.002518
0.937500 0.975000 0.002631
1.012000 0.975000 0.002744
1.087000 0.975000 0.002854
1.163000 0.975000 0.002960
1.238000 0.975000 0.003061
1.313000 0.975000 0.003155
1.388000 0.975000 0.003242
1.463000 0.975000 0.003319
1.538000 0.975000 0.003387
1.613000 0.975000 0.003444
1.688000 0.975000 0.003490
1.763000 0.975000 0.003524
1.838000 0.975000 0.003546
1.913000 0.975000 0.003555
1.988000 0.975000 0.003553
2.063000 0.975000 0.003540
2.138000 0.975000 0.003515
2.213000 0.975000 0.003480
2.288000 0.975000 0.003436
2.363000 0.975000 0.003383
2.438000 0.975000 0.003323
2.513000 0.975000 0.003257
2.588000 0.975000 0.003186
2.663000 0.975000 0.003112
2.738000 0.975000 0.003035
2.813000 0.975000 0.002957
2.888000 0.975000 0.002878
2.963000 0.975000 0.002801
3.038000 0.975000 0.002725
3.113000 0.975000 0.002653
3.188000 0.975000 0.002585
3.263000 0.975000 0.002521
3.338000 0.975000 0.002464
3.413000 0.975000 0.002414
3.488000 0.975000 0.002373
3.563000 0.975000 0.002341
3.638000 0.975000 0.002319
3.713000 0.975000 0.002306
3.788000 0.975000 0.002302
3.863000 0.975000 0.000000
-0.037500 1.125000 0.000000
0.037500 1.125000 0.001344
0.112500 1.125000 0.001357
0.187500 1.125000 0.001381
0.262500 1.125000 0.001416
0.337500 1.125000 0.001461
0.412500 1.125000 0.001515
0.487500 1.125000 0.001577
0.562500 1.125000 0.001646
0.637500 1.125000 0.001719
0.712500 1.125000 0.001797
0.787500 1.125000 0.001878
0.862500 1.125000 0.001960
0.937500 1.125000 0.002042
1.012000 1.125000 0.002124
1.087000 1.125000 0.002204
1.163000 1.125000 0.002281
1.238000 1.125000 0.002355
1.313000 1.125000 0.002423
1.388000 1.125000 0.002486
1.463000 1.125000 0.002542
1.538000 1.125000 0.002591
1.613000 1.125000 0.002633
1.688000 1.125000 0.002666
1.763000 1.125000 0.002690
1.838000 1.125000 0.002706
1.913000 1.125000 0.002713
1.988000 1.125000 0.002712
2.063000 1.125000 0.002702
2.138000 1.125000 0.002684
2.213000 1.125000 0.002659
2.288000 1.125000 0.002626
2.363000 1.125000 0.002588
2.438000 1.125000 0.002544
2.513000 1.125000 0.002496
2.588000 1.125000 0.002444
2.663000 1.125000 0.002390
2.738000 1.125000 0.002333
2.813000 1.125000 0.002276
2.888000 1.125000 0.002218
2.963000 1.125000 0.002162
3.038000 1.125000 0.002106
3.113000 1.125000 0.002054
3.188000 1.125000 0.002004
3.263000 1.125000 0.001958
3.338000 1.125000 0.001918
3.413000 1.125000 0.001882
3.488000 1.125000 0.001854
3.563000 1.125000 0.001832
3.638000 1.125000 0.001817
3.713000 1.125000 0.001810
3.788000 1.125000 0.001808
3.863000 1.125000 0.000000
-0.037500 1.275000 0.000000
0.037500 1.275000 0.000886
0.112500 1.275000 0.000894
0.187500 1.275000 0.000909
0.262500 1.275000 0.000931
0.337500 1.275000 0.000960
0.412500 1.275000 0.000993
0.487500 1.275000 0.001032
0.562500 1.275000 0.001075
0.637500 1.275000 0.001121
0.712500 1.275000 0.001170
0.787500 1.275000 0.001220
0.862500 1.275000 0.001272
0.937500 1.275000 0.001324
1.012000 1.275000 0.001375
1.087000 1.275000 0.001426
1.163000 1.275000 0.001475
1.238000 1.275000 0.001521
1.313000 1.275000 0.001564
1.388000 1.275000 0.001603
1.463000 1.275000 0.001639
1.538000 1.275000 0.001670
1.613000 1.275000 0.001696
1.688000 1.275000 0.001717
1.763000 1.275000 0.001733
1.838000 1.275000 0.001743
1.913000 1.275000 0.001747
1.988000 1.275000 0.001747
2.063000 1.275000 0.001741
2.138000 1.275000 0.001729
2.213000 1.275000 0.001714
2.288000 1.275000 0.001693
2.363000 1.275000 0.001669
2.438000 1.275000 0.001642
2.513000 1.275000 0.001612
2.588000 1.275000 0.001579
2.663000 1.275000 0.001545
2.738000 1.275000 0.001509
2.813000 1.275000 0.001473
2.888000 1.275000 0.001437
2.963000 1.275000 0.001401
3.038000 1.275000 0.001367
3.113000 1.275000 0.001334
3.188000 1.275000 0.001303
3.263000 1.275000 0.001275
3.338000 1.275000 0.001250
3.413000 1.275000 0.001228
3.488000 1.275000 0.001211
3.563000 1.275000 0.001198
3.638000 1.275000 0.001191
3.713000 1.275000 0.001187
3.788000 1.275000 0.001186
3.863000 1.275000 0.000000
-0.037500 1.425000 0.000000
0.037500 1.425000 0.000493
0.112500 1.425000 0.000497
0.187500 1.425000 0.000505
0.262500 1.425000 0.000516
0.337500 1.425000 0.000531
0.412500 1.425000 0.000548
0.487500 1.425000 0.000568
0.562500 1.425000 0.000591
0.637500 1.425000 0.000615
0.712500 1.425000 0.000640
0.787500 1.425000 0.000667
0.862500 1.425000 0.000694
0.937500 1.425000 0.000721
1.012000 1.425000 0.000748
1.087000 1.425000 0.000775
1.163000 1.425000 0.000801
1.238000 1.425000 0.000825
1.313000 1.425000 0.000848
1.388000 1.425000 0.000869
1.463000 1.425000 0.000888
1.538000 1.425000 0.000904
1.613000 1.425000 0.000918
1.688000 1.425000 0.000929
1.763000 1.425000 0.000937
1.838000 1.425000 0.000943
1.913000 1.425000 0.000945
1.988000 1.425000 0.000945
2.063000 1.425000 0.000942
2.138000 1.425000 0.000936
2.213000 1.425000 0.000928
2.288000 1.425000 0.000917
2.363000 1.425000 0.000905
2.438000 1.425000 0.000890
2.513000 1.425000 0.000874
2.588000 1.425000 0.000857
2.663000 1.425000 0.000839
2.738000 1.425000 0.000821
2.813000 1.425000 0.000801
2.888000 1.425000 0.000783
2.963000 1.425000 0.000764
3.038000 1.425000 0.000746
3.113000 1.425000 0.000729
3.188000 1.425000 0.000713
3.263000 1.425000 0.000698
3.338000 1.425000 0.000685
3.413000 1.425000 0.000675
3.488000 1.425000 0.000666
3.563000 1.425000 0.000660
3.638000 1.425000 0.000656
3.713000 1.425000 0.000654
3.788000 1.425000 0.000652
3.863000 1.425000 0.000000
-0.037500 1.575000 0.000000
0.037500 1.575000 0.000268
0.112500 1.575000 0.000270
0.187500 1.575000 0.000274
0.262500 1.575000 0.000280
0.337500 1.575000 0.000287
0.412500 1.575000 0.000296
0.487500 1.575000 0.000306
0.562500 1.575000 0.000318
0.637500 1.575000 0.000330
0.712500 1.575000 0.000343
0.787500 1.575000 0.000357
0.862500 1.575000 0.000371
0.937500 1.575000 0.000385
1.012000 1.575000 0.000399
1.087000 1.575000 0.000413
1.163000 1.575000 0.000426
1.238000 1.575000 0.000439
1.313000 1.575000 0.000451
1.388000 1.575000 0.000462
1.463000 1.575000 0.000471
1.538000 1.575000 0.000480
1.613000 1.575000 0.000487
1.688000 1.575000 0.000493
1.763000 1.575000 0.000497
1.838000 1.575000 0.000500
1.913000 1.575000 0.000501
1.988000 1.575000 0.000501
2.063000 1.575000 0.000500
2.138000 1.575000 0.000497
2.213000 1.575000 0.000493
2.288000 1.575000 0.000487
2.363000 1.575000 0.000481
2.438000 1.575000 0.000473
2.513000 1.575000 0.000465
2.588000 1.575000 0.000456
2.663000 1.575000 0.000447
2.738000 1.575000 0.000437
2.813000 1.575000 0.000428
2.888000 1.575000 0.000418
2.963000 1.575000 0.000408
3.038000 1.575000 0.000399
3.113000 1.575000 0.000391
3.188000 1.575000 0.000382
3.263000 1.575000 0.000375
3.338000 1.575000 0.000369
3.413000 1.575000 0.000363
3.488000 1.575000 0.000359
3.563000 1.575000 0.000356
3.638000 1.575000 0.000354
3.713000 1.575000 0.000353
3.788000 1.575000 0.000351
3.863000 1.575000 0.000000
-0.037500 1.725000 0.000000
0.037500 1.725000 0.000141
0.112500 1.725000 0.000142
0.187500 1.725000 0.000144
0.262500 1.725000 0.000147
0.337500 1.725000 0.000151
0.412500 1.725000 0.000155
0.487500 1.725000 0.000160
0.562500 1.725000 0.000166
0.637500 1.725000 0.000172
0.712500 1.725000 0.000179
0.787500 1.725000 0.000186
0.862500 1.725000 0.000193
0.937500 1.725000 0.000200
1.012000 1.725000 0.000207
1.087000 1.725000 0.000214
1.163000 1.725000 0.000221
1.238000 1.725000 0.000227
1.313000 1.725000 0.000233
1.388000 1.725000 0.000239
1.463000 1.725000 0.000244
1.538000 1.725000 0.000248
1.613000 1.725000 0.000252
1.688000 1.725000 0.000255
1.763000 1.725000 0.000257
1.838000 1.725000 0.000258
1.913000 1.725000 0.000259
1.988000 1.725000 0.000259
2.063000 1.725000 0.000258
2.138000 1.725000 0.000257
2.213000 1.725000 0.000255
2.288000 1.725000 0.000252
2.363000 1.725000 0.000249
2.438000 1.725000 0.000245
2.513000 1.725000 0.000241
2.588000 1.725000 0.000237
2.663000 1.725000 0.000232
2.738000 1.725000 0.000227
2.813000 1.725000 0.000223
2.888000 1.725000 0.000218
2.963000 1.725000 0.000213
3.038000 1.725000 0.000208
3.113000 1.725000 0.000204
3.188000 1.725000 0.000200
3.263000 1.725000 0.000196
3.338000 1.725000 0.000193
3.413000 1.725000 0.000191
3.488000 1.725000 0.000189
3.563000 1.725000 0.000187
3.638000 1.725000 0.000186
3.713000 1.725000 0.000186
3.788000 1.725000 0.000185
3.863000 1.725000 0.000000
-0.037500 1.875000 0.000000
0.037500 1.875000 0.000072
0.112500 1.875000 0.000072
0.187500 1.875000 0.000073
0.262500 1.875000 0.000075
0.337500 1.875000 0.000077
0.412500 1.875000 0.000079
0.487500 1.875000 0.000081
0.562500 1.875000 0.000084
0.637500 1.875000 0.000087
0.712500 1.875000 0.000090
0.787500 1.875000 0.000094
0.862500 1.875000 0.000097
0.937500 1.875000 0.000101
1.012000 1.875000 0.000104
1.087000 1.875000 0.000108
1.163000 1.875000 0.000111
1.238000 1.875000 0.000114
1.313000 1.875000 0.000117
1.388000 1.875000 0.000120
1.463000 1.875000 0.000123
1.538000 1.875000 0.000125
1.613000 1.875000 0.000127
1.688000 1.875000 0.000128
1.763000 1.875000 0.000129
1.838000 1.875000 0.000130
1.913000 1.875000 0.000130
1.988000 1.875000 0.000130
2.063000 1.875000 0.000130
2.138000 1.875000 0.000129
2.213000 1.875000 0.000128
2.288000 1.875000 0.000127
2.363000 1.875000 0.000125
2.438000 1.875000 0.000123
2.513000 1.875000 0.000122
2.588000 1.875000 0.000119
2.663000 1.875000 0.000117
2.738000 1.875000 0.000115
2.813000 1.875000 0.000112
2.888000 1.875000 0.000110
2.963000 1.875000 0.000108
3.038000 1.875000 0.000106
3.113000 1.875000 0.000104
3.188000 1.875000 0.000102
3.263000 1.875000 0.000100
3.338000 1.875000 0.000098
3.413000 1.875000 0.000097
3.488000 1.875000 0.000096
3.563000 1.875000 0.000096
3.638000 1.875000 0.000095
3.713000 1.875000 0.000095
3.788000 1.875000 0.000095
3.863000 1.875000 0.000000
-0.037500 2.025000 0.000000
0.037500 2.025000 0.000035
0.112500 2.025000 0.000035
0.187500 2.025000 0.000036
0.262500 2.025000 0.000036
0.337500 2.025000 0.000037
0.412500 2.025000 0.000038
0.487500 2.025000 0.000039
0.562500 2.025000 0.000041
0.637500 2.025000 0.000042
0.712500 2.025000 0.000044
0.787500 2.025000 0.000045
0.862500 2.025000 0.000047
0.937500 2.025000 0.000049
1.012000 2.025000 0.000050
1.087000 2.025000 0.000052
1.163000 2.025000 0.000053
1.238000 2.025000 0.000055
1.313000 2.025000 0.000056
1.388000 2.025000 0.000058
1.463000 2.025000 0.000059
1.538000 2.025000 0.000060
1.613000 2.025000 0.000061
1.688000 2.025000 0.000061
1.763000 2.025000 0.000062
1.838000 2.025000 0.000062
1.913000 2.025000 0.000062
1.988000 2.025000 0.000063
2.063000 2.025000 0.000062
2.138000 2.025000 0.000062
2.213000 2.025000 0.000062
2.288000 2.025000 0.000061
2.363000 2.025000 0.000060
2.438000 2.025000 0.000059
2.513000 2.025000 0.000059
2.588000 2.025000 0.000058
2.663000 2.025000 0.000056
2.738000 2.025000 0.000055
2.813000 2.025000 0.000054
2.888000 2.025000 0.000053
2.963000 2.025000 0.000052
3.038000 2.025000 0.000051
3.113000 2.025000 0.000050
3.188000 2.025000 0.000049
3.263000 2.025000 0.000049
3.338000 2.025000 0.000048
3.413000 2.025000 0.000047
3.488000 2.025000 0.000047
3.563000 2.025000 0.000047
3.638000 2.025000 0.000047
3.713000 2.025000 0.000047
3.788000 2.025000 0.000046
3.863000 2.025000 0.000000
-0.037500 2.175000 0.000000
0.037500 2.175000 0.000015
0.112500 2.175000 0.000015
0.187500 2.175000 0.000015
0.262500 2.175000 0.000016
0.337500 2.175000 0.000016
0.412500 2.175000 0.000016
0.487500 2.175000 0.000017
0.562500 2.175000 0.000017
0.637500 2.175000 0.000018
0.712500 2.175000 0.000019
0.787500 2.175000 0.000019
0.862500 2.175000 0.000020
0.937500 2.175000 0.000021
1.012000 2.175000 0.000021
1.087000 2.175000 0.000022
1.163000 2.175000 0.000023
1.238000 2.175000 0.000023
1.313000 2.175000 0.000024
1.388000 2.175000 0.000024
1.463000 2.175000 0.000025
1.538000 2.175000 0.000025
1.613000 2.175000 0.000026
1.688000 2.175000 0.000026
1.763000 2.175000 0.000026
1.838000 2.175000 0.000026
1.913000 2.175000 0.000026
1.988000 2.175000 0.000026
2.063000 2.175000 0.000026
2.138000 2.175000 0.000026
2.213000 2.175000 0.000026
2.288000 2.175000 0.000026
2.363000 2.175000 0.000025
2.438000 2.175000 0.000025
2.513000 2.175000 0.000025
2.588000 2.175000 0.000024
2.663000 2.175000 0.000024
2.738000 2.175000 0.000024
2.813000 2.175000 0.000023
2.888000 2.175000 0.000023
2.963000 2.175000 0.000022
3.038000 2.175000 0.000022
3.113000 2.175000 0.000021
3.188000 2.175000 0.000021
3.263000 2.175000 0.000021
3.338000 2.175000 0.000021
3.413000 2.175000 0.000020
3.488000 2.175000 0.000020
3.563000 2.175000 0.000020
3.638000 2.175000 0.000020
3.713000 2.175000 0.000020
3.788000 2.175000 0.000020
3.863000 2.175000 0.000000
-0.037500 2.325000 0.000000
0.037500 2.325000 0.000007
0.112500 2.325000 0.000007
0.187500 2.325000 0.000007
0.262500 2.325000 0.000007
0.337500 2.325000 0.000007
0.412500 2.325000 0.000008
0.487500 2.325000 0.000008
0.562500 2.325000 0.000008
0.637500 2.325000 0.000008
0.712500 2.325000 0.000009
0.787500 2.325000 0.000009
0.862500 2.325000 0.000009
0.937500 2.325000 0.000009
1.012000 2.325000 0.000010
1.087000 2.325000 0.000010
1.163000 2.325000 0.000010
1.238000 2.325000 0.000011
1.313000 2.325000 0.000011
1.388000 2.325000 0.000011
1.463000 2.325000 0.000011
1.538000 2.325000 0.000011
1.613000 2.325000 0.000012
1.688000 2.325000 0.000012
1.763000 2.325000 0.000012
1.838000 2.325000 0.000012
1.913000 2.325000 0.000012
1.988000 2.325000 0.000012
2.063000 2.325000 0.000012
2.138000 2.325000 0.000012
2.213000 2.325000 0.000012
2.288000 2.325000 0.000012
2.363000 2.325000 0.000012
2.438000 2.325000 0.000011
2.513000 2.325000 0.000011
2.588000 2.325000 0.000011
2.663000 2.325000 0.000011
2.738000 2.325000 0.000011
2.813000 2.325000 0.000011
2.888000 2.325000 0.000010
2.963000 2.325000 0.000010
3.038000 2.325000 0.000010
3.113000 2.325000 0.000010
3.188000 2.325000 0.000010
3.263000 2.325000 0.000010
3.338000 2.325000 0.000010
3.413000 2.325000 0.000010
3.488000 2.325000 0.000009
3.563000 2.325000 0.000009
3.638000 2.325000 0.000009
3.713000 2.325000 0.000009
3.788000 2.325000 0.000009
3.863000 2.325000 0.000000
-0.037500 2.475000 0.000000
0.037500 2.475000 0.000004
0.112500 2.475000 0.000004
0.187500 2.475000 0.000004
0.262500 2.475000 0.000005
0.337500 2.475000 0.000005
0.412500 2.475000 0.000005
0.487500 2.475000 0.000005
0.562500 2.475000 0.000005
0.637500 2.475000 0.000005
0.712500 2.475000 0.000005
0.787500 2.475000 0.000005
0.862500 2.475000 0.000006
0.937500 2.475000 0.000006
1.012000 2.475000 0.000006
1.087000 2.475000 0.000006
1.163000 2.475000 0.000006
1.238000 2.475000 0.000006
1.313000 2.475000 0.000007
1.388000 2.475000 0.000007
1.463000 2.475000 0.000007
1.538000 2.475000 0.000007
1.613000 2.475000 0.000007
1.688000 2.475000 0.000007
1.763000 2.475000 0.000007
1.838000 2.475000 0.000007
1.913000 2.475000 0.000007
1.988000 2.475000 0.000007
2.063000 2.475000 0.000007
2.138000 2.475000 0.000007
2.213000 2.475000 0.000007
2.288000 2.475000 0.000007
2.363000 2.475000 0.000007
2.438000 2.475000 0.000007
2.513000 2.475000 0.000007
2.588000 2.475000 0.000007
2.663000 2.475000 0.000007
2.738000 2.475000 0.000007
2.813000 2.475000 0.000007
2.888000 2.475000 0.000006
2.963000 2.475000 0.000006
3.038000 2.475000 0.000006
3.113000 2.475000 0.000006
3.188000 2.475000 0.000006
3.263000 2.475000 0.000006
3.338000 2.475000 0.000006
3.413000 2.475000 0.000006
3.488000 2.475000 0.000006
3.563000 2.475000 0.000006
3.638000 2.475000 0.000006
3.713000 2.475000 0.000006
3.788000 2.475000 0.000006
3.863000 2.475000 0.000000
-0.037500 2.625000 0.000000
0.037500 2.625000 0.000003
0.112500 2.625000 0.000003
0.187500 2.625000 0.000003
0.262500 2.625000 0.000003
0.337500 2.625000 0.000003
0.412500 2.625000 0.000003
0.487500 2.625000 0.000003
0.562500 2.625000 0.000003
0.637500 2.625000 0.000003
0.712500 2.625000 0.000003
0.787500 2.625000 0.000003
0.862500 2.625000 0.000003
0.937500 2.625000 0.000004
1.012000 2.625000 0.000004
1.087000 2.625000 0.000004
1.163000 2.625000 0.000004
1.238000 2.625000 0.000004
1.313000 2.625000 0.000004
1.388000 2.625000 0.000004
1.463000 2.625000 0.000004
1.538000 2.625000 0.000004
1.613000 2.625000 0.000004
1.688000 2.625000 0.000004
1.763000 2.625000 0.000004
1.838000 2.625000 0.000004
1.913000 2.625000 0.000004
1.988000 2.625000 0.000004
2.063000 2.625000 0.000004
2.138000 2.625000 0.000004
2.213000 2.625000 0.000004
2.288000 2.625000 0.000004
2.363000 2.625000 0.000004
2.438000 2.625000 0.000004
2.513000 2.625000 0.000004
2.588000 2.625000 0.000004
2.663000 2.625000 0.000004
2.738000 2.625000 0.000004
2.813000 2.625000 0.000004
2.888000 2.625000 0.000004
2.963000 2.625000 0.000004
3.038000 2.625000 0.000004
3.113000 2.625000 0.000004
3.188000 2.625000 0.000004
3.263000 2.625000 0.000004
3.338000 2.625000 0.000004
3.413000 2.625000 0.000004
3.488000 2.625000 0.000004
3.563000 2.625000 0.000004
3.638000 2.625000 0.000004
3.713000 2.625000 0.000004
3.788000 2.625000 0.000004
3.863000 2.625000 0.000000
-0.037500 2.775000 0.000000
0.037500 2.775000 0.000002
0.112500 2.775000 0.000002
0.187500 2.775000 0.000002
0.262500 2.775000 0.000002
0.337500 2.775000 0.000002
0.412500 2.775000 0.000002
0.487500 2.775000 0.000002
0.562500 2.775000 0.000002
0.637500 2.775000 0.000002
0.712500 2.775000 0.000002
0.787500 2.775000 0.000002
0.862500 2.775000 0.000002
0.937500 2.775000 0.000002
1.012000 2.775000 0.000002
1.087000 2.775000 0.000003
1.163000 2.775000 0.000003
1.238000 2.775000 0.000003
1.313000 2.775000 0.000003
1.388000 2.775000 0.000003
1.463000 2.775000 0.000003
1.538000 2.775000 0.000003
1.613000 2.775000 0.000003
1.688000 2.775000 0.000003
1.763000 2.775000 0.000003
1.838000 2.775000 0.000003
1.913000 2.775000 0.000003
1.988000 2.775000 0.000003
2.063000 2.775000 0.000003
2.138000 2.775000 0.000003
2.213000 2.775000 0.000003
2.288000 2.775000 0.000003
2.363000 2.775000 0.000003
2.438000 2.775000 0.000003
2.513000 2.775000 0.000003
2.588000 2.775000 0.000003
2.663000 2.775000 0.000003
2.738000 2.775000 0.000003
2.813000 2.775000 0.000003
2.888000 2.775000 0.000003
2.963000 2.775000 0.000003
3.038000 2.775000 0.000003
3.113000 2.775000 0.000003
3.188000 2.775000 0.000003
3.263000 2.775000 0.000003
3.338000 2.775000 0.000003
3.413000 2.775000 0.000003
3.488000 2.775000 0.000003
3.563000 2.775000 0.000003
3.638000 2.775000 0.000003
3.713000 2.775000 0.000003
3.788000 2.775000 0.000003
3.863000 2.775000 0.000000
-0.037500 2.925000 0.000000
0.037500 2.925000 0.000001
0.112500 2.925000 0.000001
0.187500 2.925000 0.000001
0.262500 2.925000 0.000001
0.337500 2.925000 0.000001
0.412500 2.925000 0.000001
0.487500 2.925000 0.000001
0.562500 2.925000 0.000001
0.637500 2.925000 0.000001
0.712500 2.925000 0.000001
0.787500 2.925000 0.000001
0.862500 2.925000 0.000001
0.937500 2.925000 0.000001
1.012000 2.925000 0.000001
1.087000 2.925000 0.000001
1.163000 2.925000 0.000001
1.238000 2.925000 0.000001
1.313000 2.925000 0.000001
1.388000 2.925000 0.000001
1.463000 2.925000 0.000001
1.538000 2.925000 0.000001
1.613000 2.925000 0.000002
1.688000 2.925000 0.000002
1.763000 2.925000 0.000002
1.838000 2.925000 0.000002
1.913000 2.925000 0.000002
1.988000 2.925000 0.000002
2.063000 2.925000 0.000002
2.138000 2.925000 0.000002
2.213000 2.925000 0.000002
2.288000 2.925000 0.000002
2.363000 2.925000 0.000002
2.438000 2.925000 0.000002
2.513000 2.925000 0.000002
2.588000 2.925000 0.000001
2.663000 2.925000 0.000001
2.738000 2.925000 0.000001
2.813000 2.925000 0.000001
2.888000 2.925000 0.000001
2.963000 2.925000 0.000001
3.038000 2.925000 0.000001
3.113000 2.925000 0.000001
3.188000 2.925000 0.000001
3.263000 2.925000 0.000001
3.338000 2.925000 0.000001
3.413000 2.925000 0.000001
3.488000 2.925000 0.000001
3.563000 2.925000 0.000001
3.638000 2.925000 0.000001
3.713000 2.925000 0.000001
3.788000 2.925000 0.000001
3.863000 2.925000 0.000000
-0.037500 3.075000 0.000000
0.037500 3.075000 0.000000
0.112500 3.075000 0.000000
0.187500 3.075000 0.000000
0.262500 3.075000 0.000000
0.337500 3.075000 0.000000
0.412500 3.075000 0.000000
0.487500 3.075000 0.000000
0.562500 3.075000 0.000000
0.637500 3.075000 0.000000
0.712500 3.075000 0.000000
0.787500 3.075000 0.000000
0.862500 3.075000 0.000001
0.937500 3.075000 0.000001
1.012000 3.075000 0.000001
1.087000 3.075000 0.000001
1.163000 3.075000 0.000001
1.238000 3.075000 0.000001
1.313000 3.075000 0.000001
1.388000 3.075000 0.000001
1.463000 3.075000 0.000001
1.538000 3.075000 0.000001
1.613000 3.075000 0.000001
1.688000 3.075000 0.000001
1.763000 3.075000 0.000001
1.838000 3.075000 0.000001
1.913000 3.075000 0.000001
1.988000 3.075000 0.000001
2.063000 3.075000 0.000001
2.138000 3.075000 0.000001
2.213000 3.075000 0.000001
2.288000 3.075000 0.000001
2.363000 3.075000 0.000001
2.438000 3.075000 0.000001
2.513000 3.075000 0.000001
2.588000 3.075000 0.000001
2.663000 3.075000 0.000001
2.738000 3.075000 0.000001
2.813000 3.075000 0.000001
2.888000 3.075000 0.000001
2.963000 3.075000 0.000001
3.038000 3.075000 0.000001
3.113000 3.075000 0.000001
3.188000 3.075000 0.000001
3.263000 3.075000 0.000001
3.338000 3.075000 0.000001
3.413000 3.075000 0.000001
3.488000 3.075000 0.000001
3.563000 3.075000 0.000001
3.638000 3.075000 0.000001
3.713000 3.075000 0.000001
3.788000 3.075000 0.000001
3.863000 3.075000 0.000000
-0.037500 3.225000 0.000000
0.037500 3.225000 0.000000
0.112500 3.225000 0.000000
0.187500 3.225000 0.000000
0.262500 3.225000 0.000000
0.337500 3.225000 0.000000
0.412500 3.225000 0.000000
0.487500 3.225000 0.000000
0.562500 3.225000 0.000000
0.637500 3.225000 0.000000
0.712500 3.225000 0.000000
0.787500 3.225000 0.000000
0.862500 3.225000 0.000000
0.937500 3.225000 0.000000
1.012000 3.225000 0.000000
1.087000 3.225000 0.000000
1.163000 3.225000 0.000000
1.238000 3.225000 0.000000
1.313000 3.225000 0.000000
1.388000 3.225000 0.000000
1.463000 3.225000 0.000000
1.538000 3.225000 0.000000
1.613000 3.225000 0.000000
1.688000 3.225000 0.000000
1.763000 3.225000 0.000000
1.838000 3.225000 0.000000
1.913000 3.225000 0.000000
1.988000 3.225000 0.000000
2.063000 3.225000 0.000000
2.138000 3.225000 0.000000
2.213000 3.225000 0.000000
2.288000 3.225000 0.000000
2.363000 3.225000 0.000000
2.438000 3.225000 0.000000
2.513000 3.225000 0.000000
2.588000 3.225000 0.000000
2.663000 3.225000 0.000000
2.738000 3.225000 0.000000
2.813000 3.225000 0.000000
2.888000 3.225000 0.000000
2.963000 3.225000 0.000000
3.038000 3.225000 0.000000
3.113000 3.225000 0.000000
3.188000 3.225000 0.000000
3.263000 3.225000 0.000000
3.338000 3.225000 0.000000
3.413000 3.225000 0.000000
3.488000 3.225000 0.000000
3.563000 3.225000 0.000000
3.638000 3.225000 0.000000
3.713000 3.225000 0.000000
3.788000 3.225000 0.000000
3.863000 3.225000 0.000000
-0.037500 3.375000 0.000000
0.037500 3.375000 0.000000
0.112500 3.375000 0.000000
0.187500 3.375000 0.000000
0.262500 3.375000 0.000000
0.337500 3.375000 0.000000
0.412500 3.375000 0.000000
0.487500 3.375000 0.000000
0.562500 3.375000 0.000000
0.637500 3.375000 0.000000
0.712500 3.375000 0.000000
0.787500 3.375000 0.000000
0.862500 3.375000 0.000000
0.937500 3.375000 0.000000
1.012000 3.375000 0.000000
1.087000 3.375000 0.000000
1.163000 3.375000 0.000000
1.238000 3.375000 0.000000
1.313000 3.375000 0.000000
1.388000 3.375000 0.000000
1.463000 3.375000 0.000000
1.538000 3.375000 0.000000
1.613000 3.375000 0.000000
1.688000 3.375000 0.000000
1.763000 3.375000 0.000000
1.838000 3.375000 0.000000
1.913000 3.375000 0.000000
1.988000 3.375000 0.000000
2.063000 3.375000 0.000000
2.138000 3.375000 0.000000
2.213000 3.375000 0.000000
2.288000 3.375000 0.000000
2.363000 3.375000 0.000000
2.438000 3.375000 0.000000
2.513000 3.375000 0.000000
2.588000 3.375000 0.000000
2.663000 3.375000 0.000000
2.738000 3.375000 0.000000
2.813000 3.375000 0.000000
2.888000 3.375000 0.000000
2.963000 3.375000 0.000000
3.038000 3.375000 0.000000
3.113000 3.375000 0.000000
3.188000 3.375000 0.000000
3.263000 3.375000 0.000000
3.338000 3.375000 0.000000
3.413000 3.375000 0.000000
3.488000 3.375000 0.000000
3.563000 3.375000 0.000000
3.638000 3.375000 0.000000
3.713000 3.375000 0.000000
3.788000 3.375000 0.000000
3.863000 3.375000 0.000000
-0.037500 3.525000 0.000000
0.037500 3.525000 0.000000
0.112500 3.525000 0.000000
0.187500 3.525000 0.000000
0.262500 3.525000 0.000000
0.337500 3.525000 0.000000
0.412500 3.525000 0.000000
0.487500 3.525000 0.000000
0.562500 3.525000 0.000000
0.637500 3.525000 0.000000
0.712500 3.525000 0.000000
0.787500 3.525000 0.000000
0.862500 3.525000 0.000000
0.937500 3.525000 0.000000
1.012000 3.525000 0.000000
1.087000 3.525000 0.000000
1.163000 3.525000 0.000000
1.238000 3.525000 0.000000
1.313000 3.525000 0.000000
1.388000 3.525000 0.000000
1.463000 3.525000 0.000000
1.538000 3.525000 0.000000
1.613000 3.525000 0.000000
1.688000 3.525000 0.000000
1.763000 3.525000 0.000000
1.838000 3.525000 0.000000
1.913000 3.525000 0.000000
1.988000 3.525000 0.000000
2.063000 3.525000 0.000000
2.138000 3.525000 0.000000
2.213000 3.525000 0.000000
2.288000 3.525000 0.000000
2.363000 3.525000 0.000000
2.438000 3.525000 0.000000
2.513000 3.525000 0.000000
2.588000 3.525000 0.000000
2.663000 3.525000 0.000000
2.738000 3.525000 0.000000
2.813000 3.525000 0.000000
2.888000 3.525000 0.000000
2.963000 3.525000 0.000000
3.038000 3.525000 0.000000
3.113000 3.525000 0.000000
3.188000 3.525000 0.000000
3.263000 3.525000 0.000000
3.338000 3.525000 0.000000
3.413000 3.525000 0.000000
3.488000 3.525000 0.000000
3.563000 3.525000 0.000000
3.638000 3.525000 0.000000
3.713000 3.525000 0.000000
3.788000 3.525000 0.000000
3.863000 3.525000 0.000000
-0.037500 3.675000 0.000000
0.037500 3.675000 0.000000
0.112500 3.675000 0.000000
0.187500 3.675000 0.000000
0.262500 3.675000 0.000000
0.337500 3.675000 0.000000
0.412500 3.675000 0.000000
0.487500 3.675000 0.000000
0.562500 3.675000 0.000000
0.637500 3.675000 0.000000
0.712500 3.675000 0.000000
0.787500 3.675000 0.000000
0.862500 3.675000 0.000000
0.937500 3.675000 0.000000
1.012000 3.675000 0.000000
1.087000 3.675000 0.000000
1.163000 3.675000 0.000000
1.238000 3.675000 0.000000
1.313000 3.675000 0.000000
1.388000 3.675000 0.000000
1.463000 3.675000 0.000000
1.538000 3.675000 0.000000
1.613000 3.675000 0.000000
1.688000 3.675000 0.000000
1.763000 3.675000 0.000000
1.838000 3.675000 0.000000
1.913000 3.675000 0.000000
1.988000 3.675000 0.000000
2.063000 3.675000 0.000000
2.138000 3.675000 0.000000
2.213000 3.675000 0.000000
2.288000 3.675000 0.000000
2.363000 3.675000 0.000000
2.438000 3.675000 0.000000
2.513000 3.675000 0.000000
2.588000 3.675000 0.000000
2.663000 3.675000 0.000000
2.738000 3.675000 0.000000
2.813000 3.675000 0.000000
2.888000 3.675000 0.000000
2.963000 3.675000 0.000000
3.038000 3.675000 0.000000
3.113000 3.675000 0.000000
3.188000 3.675000 0.000000
3.263000 3.675000 0.000000
3.338000 3.675000 0.000000
3.413000 3.675000 0.000000
3.488000 3.675000 0.000000
3.563000 3.675000 0.000000
3.638000 3.675000 0.000000
3.713000 3.675000 0.000000
3.788000 3.675000 0.000000
3.863000 3.675000 0.000000
-0.037500 3.825000 0.000000
0.037500 3.825000 0.000000
0.112500 3.825000 0.000000
0.187500 3.825000 0.000000
0.262500 3.825000 0.000000
0.337500 3.825000 0.000000
0.412500 3.825000 0.000000
0.487500 3.825000 0.000000
0.562500 3.825000 0.000000
0.637500 3.825000 0.000000
0.712500 3.825000 0.000000
0.787500 3.825000 0.000000
0.862500 3.825000 0.000000
0.937500 3.825000 0.000000
1.012000 3.825000 0.000000
1.087000 3.825000 0.000000
1.163000 3.825000 0.000000
1.238000 3.825000 0.000000
1.313000 3.825000 0.000000
1.388000 3.825000 0.000000
1.463000 3.825000 0.000000
1.538000 3.825000 0.000000
1.613000 3.825000 0.000000
1.688000 3.825000 0.000000
1.763000 3.825000 0.000000
1.838000 3.825000 0.000000
1.913000 3.825000 0.000000
1.988000 3.825000 0.000000
2.063000 3.825000 0.000000
2.138000 3.825000 0.000000
2.213000 3.825000 0.000000
2.288000 3.825000 0.000000
2.363000 3.825000 0.000000
2.438000 3.825000 0.000000
2.513000 3.825000 0.000000
2.588000 3.825000 0.000000
2.663000 3.825000 0.000000
2.738000 3.825000 0.000000
2.813000 3.825000 0.000000
2.888000 3.825000 0.000000
2.963000 3.825000 0.000000
3.038000 3.825000 0.000000
3.113000 3.825000 0.000000
3.188000 3.825000 0.000000
3.263000 3.825000 0.000000
3.338000 3.825000 0.000000
3.413000 3.825000 0.000000
3.488000 3.825000 0.000000
3.563000 3.825000 0.000000
3.638000 3.825000 0.000000
3.713000 3.825000 0.000000
3.788000 3.825000 0.000000
3.863000 3.825000 0.000000
-0.037500 3.975000 0.000000
0.037500 3.975000 0.000000
0.112500 3.975000 0.000000
0.187500 3.975000 0.000000
0.262500 3.975000 0.000000
0.337500 3.975000 0.000000
0.412500 3.975000 0.000000
0.487500 3.975000 0.000000
0.562500 3.975000 0.000000
0.637500 3.975000 0.000000
0.712500 3.975000 0.000000
0.787500 3.975000 0.000000
0.862500 3.975000 0.000000
0.937500 3.975000 0.000000
1.012000 3.975000 0.000000
1.087000 3.975000 0.000000
1.163000 3.975000 0.000000
1.238000 3.975000 0.000000
1.313000 3.975000 0.000000
1.388000 3.975000 0.000000
1.463000 3.975000 0.000000
1.538000 3.975000 0.000000
1.613000 3.975000 0.000000
1.688000 3.975000 0.000000
1.763000 3.975000 0.000000
1.838000 3.975000 0.000000
1.913000 3.975000 0.000000
1.988000 3.975000 0.000000
2.063000 3.975000 0.000000
2.138000 3.975000 0.000000
2.213000 3.975000 0.000000
2.288000 3.975000 0.000000
2.363000 3.975000 0.000000
2.438000 3.975000 0.000000
2.513000 3.975000 0.000000
2.588000 3.975000 0.000000
2.663000 3.975000 0.000000
2.738000 3.975000 0.000000
2.813000 3.975000 0.000000
2.888000 3.975000 0.000000
2.963000 3.975000 0.000000
3.038000 3.975000 0.000000
3.113000 3.975000 0.000000
3.188000 3.975000 0.000000
3.263000 3.975000 0.000000
3.338000 3.975000 0.000000
3.413000 3.975000 0.000000
3.488000 3.975000 0.000000
3.563000 3.975000 0.000000
3.638000 3.975000 0.000000
3.713000 3.975000 0.000000
3.788000 3.975000 0.000000
3.863000 3.975000 0.000000
-0.037500 4.125000 0.000000
0.037500 4.125000 0.000000
0.112500 4.125000 0.000000
0.187500 4.125000 0.000000
0.262500 4.125000 0.000000
0.337500 4.125000 0.000000
0.412500 4.125000 0.000000
0.487500 4.125000 0.000000
0.562500 4.125000 0.000000
0.637500 4.125000 0.000000
0.712500 4.125000 0.000000
0.787500 4.125000 0.000000
0.862500 4.125000 0.000000
0.937500 4.125000 0.000000
1.012000 4.125000 0.000000
1.087000 4.125000 0.000000
1.163000 4.125000 0.000000
1.238000 4.125000 0.000000
1.313000 4.125000 0.000000
1.388000 4.125000 0.000000
1.463000 4.125000 0.000000
1.538000 4.125000 0.000000
1.613000 4.125000 0.000000
1.688000 4.125000 0.000000
1.763000 4.125000 0.000000
1.838000 4.125000 0.000000
1.913000 4.125000 0.000000
1.988000 4.125000 0.000000
2.063000 4.125000 0.000000
2.138000 4.125000 0.000000
2.213000 4.125000 0.000000
2.288000 4.125000 0.000000
2.363000 4.125000 0.000000
2.438000 4.125000 0.000000
2.513000 4.125000 0.000000
2.588000 4.125000 0.000000
2.663000 4.125000 0.000000
2.738000 4.125000 0.000000
2.813000 4.125000 0.000000
2.888000 4.125000 0.000000
2.963000 4.125000 0.000000
3.038000 4.125000 0.000000
3.113000 4.125000 0.000000
3.188000 4.125000 0.000000
3.263000 4.125000 0.000000
3.338000 4.125000 0.000000
3.413000 4.125000 0.000000
3.488000 4.125000 0.000000
3.563000 4.125000 0.000000
3.638000 4.125000 0.000000
3.713000 4.125000 0.000000
3.788000 4.125000 0.000000
3.863000 4.125000 0.000000
-0.037500 4.275000 0.000000
0.037500 4.275000 0.000000
0.112500 4.275000 0.000000
0.187500 4.275000 0.000000
0.262500 4.275000 0.000000
0.337500 4.275000 0.000000
0.412500 4.275000 0.000000
0.487500 4.275000 0.000000
0.562500 4.275000 0.000000
0.637500 4.275000 0.000000
0.712500 4.275000 0.000000
0.787500 4.275000 0.000000
0.862500 4.275000 0.000000
0.937500 4.275000 0.000000
1.012000 4.275000 0.000000
1.087000 4.275000 0.000000
1.163000 4.275000 0.000000
1.238000 4.275000 0.000000
1.313000 4.275000 0.000000
1.388000 4.275000 0.000000
1.463000 4.275000 0.000000
1.538000 4.275000 0.000000
1.613000 4.275000 0.000000
1.688000 4.275000 0.000000
1.763000 4.275000 0.000000
1.838000 4.275000 0.000000
1.913000 4.275000 0.000000
1.988000 4.275000 0.000000
2.063000 4.275000 0.000000
2.138000 4.275000 0.000000
2.213000 4.275000 0.000000
2.288000 4.275000 0.000000
2.363000 4.275000 0.000000
2.438000 4.275000 0.000000
2.513000 4.275000 0.000000
2.588000 4.275000 0.000000
2.663000 4.275000 0.000000
2.738000 4.275000 0.000000
2.813000 4.275000 0.000000
2.888000 4.275000 0.000000
2.963000 4.275000 0.000000
3.038000 4.275000 0.000000
3.113000 4.275000 0.000000
3.188000 4.275000 0.000000
3.263000 4.275000 0.000000
3.338000 4.275000 0.000000
3.413000 4.275000 0.000000
3.488000 4.275000 0.000000
3.563000 4.275000 0.000000
3.638000 4.275000 0.000000
3.713000 4.275000 0.000000
3.788000 4.275000 0.000000
3.863000 4.275000 0.000000
-0.037500 4.425000 0.000000
0.037500 4.425000 0.000000
0.112500 4.425000 0.000000
0.187500 4.425000 0.000000
0.262500 4.425000 0.000000
0.337500 4.425000 0.000000
0.412500 4.425000 0.000000
0.487500 4.425000 0.000000
0.562500 4.425000 0.000000
0.637500 4.425000 0.000000
0.712500 4.425000 0.000000
0.787500 4.425000 0.000000
0.862500 4.425000 0.000000
0.937500 4.425000 0.000000
1.012000 4.425000 0.000000
1.087000 4.425000 0.000000
1.163000 4.425000 0.000000
1.238000 4.425000 0.000000
1.313000 4.425000 0.000000
1.388000 4.425000 0.000000
1.463000 4.425000 0.000000
1.538000 4.425000 0.000000
1.613000 4.425000 0.000000
1.688000 4.425000 0.000000
1.763000 4.425000 0.000000
1.838000 4.425000 0.000000
1.913000 4.425000 0.000000
1.988000 4.425000 0.000000
2.063000 4.425000 0.000000
2.138000 4.425000 0.000000
2.213000 4.425000 0.000000
2.288000 4.425000 0.000000
2.363000 4.425000 0.000000
2.438000 4.425000 0.000000
2.513000 4.425000 0.000000
2.588000 4.425000 0.000000
2.663000 4.425000 0.000000
2.738000 4.425000 0.000000
2.813000 4.425000 0.000000
2.888000 4.425000 0.000000
2.963000 4.425000 0.000000
3.038000 4.425000 0.000000
3.113000 4.425000 0.000000
3.188000 4.425000 0.000000
3.263000 4.425000 0.000000
3.338000 4.425000 0.000000
3.413000 4.425000 0.000000
3.488000 4.425000 0.000000
3.563000 4.425000 0.000000
3.638000 4.425000 0.000000
3.713000 4.425000 0.000000
3.788000 4.425000 0.000000
3.863000 4.425000 0.000000
-0.037500 4.575000 0.000000
0.037500 4.575000 0.000000
0.112500 4.575000 0.000000
0.187500 4.575000 0.000000
0.262500 4.575000 0.000000
0.337500 4.575000 0.000000
0.412500 4.575000 0.000000
0.487500 4.575000 0.000000
0.562500 4.575000 0.000000
0.637500 4.575000 0.000000
0.712500 4.575000 0.000000
0.787500 4.575000 0.000000
0.862500 4.575000 0.000000
0.937500 4.575000 0.000000
1.012000 4.575000 0.000000
1.087000 4.575000 0.000000
1.163000 4.575000 0.000000
1.238000 4.575000 0.000000
1.313000 4.575000 0.000000
1.388000 4.575000 0.000000
1.463000 4.575000 0.000000
1.538000 4.575000 0.000000
1.613000 4.575000 0.000000
1.688000 4.575000 0.000000
1.763000 4.575000 0.000000
1.838000 4.575000 0.000000
1.913000 4.575000 0.000000
1.988000 4.575000 0.000000
2.063000 4.575000 0.000000
2.138000 4.575000 0.000000
2.213000 4.575000 0.000000
2.288000 4.575000 0.000000
2.363000 4.575000 0.000000
2.438000 4.575000 0.000000
2.513000 4.575000 0.000000
2.588000 4.575000 0.000000
2.663000 4.575000 0.000000
2.738000 4.575000 0.000000
2.813000 4.575000 0.000000
2.888000 4.575000 0.000000
2.963000 4.575000 0.000000
3.038000 4.575000 0.000000
3.113000 4.575000 0.000000
3.188000 4.575000 0.000000
3.263000 4.575000 0.000000
3.338000 4.575000 0.000000
3.413000 4.575000 0.000000
3.488000 4.575000 0.000000
3.563000 4.575000 0.000000
3.638000 4.575000 0.000000
3.713000 4.575000 0.000000
3.788000 4.575000 0.000000
3.863000 4.575000 0.000000
-0.037500 4.725000 0.000000
0.037500 4.725000 0.000000
0.112500 4.725000 0.000000
0.187500 4.725000 0.000000
0.262500 4.725000 0.000000
0.337500 4.725000 0.000000
0.412500 4.725000 0.000000
0.487500 4.725000 0.000000
0.562500 4.725000 0.000000
0.637500 4.725000 0.000000
0.712500 4.725000 0.000000
0.787500 4.725000 0.000000
0.862500 4.725000 0.000000
0.937500 4.725000 0.000000
1.012000 4.725000 0.000000
1.087000 4.725000 0.000000
1.163000 4.725000 0.000000
1.238000 4.725000 0.000000
1.313000 4.725000 0.000000
1.388000 4.725000 0.000000
1.463000 4.725000 0.000000
1.538000 4.725000 0.000000
1.613000 4.725000 0.000000
1.688000 4.725000 0.000000
1.763000 4.725000 0.000000
1.838000 4.725000 0.000000
1.913000 4.725000 0.000000
1.988000 4.725000 0.000000
2.063000 4.725000 0.000000
2.138000 4.725000 0.000000
2.213000 4.725000 0.000000
2.288000 4.725000 0.000000
2.363000 4.725000 0.000000
2.438000 4.725000 0.000000
2.513000 4.725000 0.000000
2.588000 4.725000 0.000000
2.663000 4.725000 0.000000
2.738000 4.725000 0.000000
2.813000 4.725000 0.000000
2.888000 4.725000 0.000000
2.963000 4.725000 0.000000
3.038000 4.725000 0.000000
3.113000 4.725000 0.000000
3.188000 4.725000 0.000000
3.263000 4.725000 0.000000
3.338000 4.725000 0.000000
3.413000 4.725000 0.000000
3.488000 4.725000 0.000000
3.563000 4.725000 0.000000
3.638000 4.725000 0.000000
3.713000 4.725000 0.000000
3.788000 4.725000 0.000000
3.863000 4.725000 0.000000
-0.037500 4.875000 0.000000
0.037500 4.875000 0.000000
0.112500 4.875000 0.000000
0.187500 4.875000 0.000000
0.262500 4.875000 0.000000
0.337500 4.875000 0.000000
0.412500 4.875000 0.000000
0.487500 4.875000 0.000000
0.562500 4.875000 0.000000
0.637500 4.875000 0.000000
0.712500 4.875000 0.000000
0.787500 4.875000 0.000000
0.862500 4.875000 0.000000
0.937500 4.875000 0.000000
1.012000 4.875000 0.000000
1.087000 4.875000 0.000000
1.163000 4.875000 0.000000
1.238000 4.875000 0.000000
1.313000 4.875000 0.000000
1.388000 4.875000 0.000000
1.463000 4.875000 0.000000
1.538000 4.875000 0.000000
1.613000 4.875000 0.000000
1.688000 4.875000 0.000000
1.763000 4.875000 0.000000
1.838000 4.875000 0.000000
1.913000 4.875000 0.000000
1.988000 4.875000 0.000000
2.063000 4.875000 0.000000
2.138000 4.875000 0.000000
2.213000 4.875000 0.000000
2.288000 4.875000 0.000000
2.363000 4.875000 0.000000
2.438000 4.875000 0.000000
2.513000 4.875000 0.000000
2.588000 4.875000 0.000000
2.663000 4.875000 0.000000
2.738000 4.875000 0.000000
2.813000 4.875000 0.000000
2.888000 4.875000 0.000000
2.963000 4.875000 0.000000
3.038000 4.875000 0.000000
3.113000 4.875000 0.000000
3.188000 4.875000 0.000000
3.263000 4.875000 0.000000
3.338000 4.875000 0.000000
3.413000 4.875000 0.000000
3.488000 4.875000 0.000000
3.563000 4.875000 0.000000
3.638000 4.875000 0.000000
3.713000 4.875000 0.000000
3.788000 4.875000 0.000000
3.863000 4.875000 0.000000
-0.037500 5.025000 0.000000
0.037500 5.025000 0.000000
0.112500 5.025000 0.000000
0.187500 5.025000 0.000000
0.262500 5.025000 0.000000
0.337500 5.025000 0.000000
0.412500 5.025000 0.000000
0.487500 5.025000 0.000000
0.562500 5.025000 0.000000
0.637500 5.025000 0.000000
0.712500 5.025000 0.000000
0.787500 5.025000 0.000000
0.862500 5.025000 0.000000
0.937500 5.025000 0.000000
1.012000 5.025000 0.000000
1.087000 5.025000 0.000000
1.163000 5.025000 0.000000
1.238000 5.025000 0.000000
1.313000 5.025000 0.000000
1.388000 5.025000 0.000000
1.463000 5.025000 0.000000
1.538000 5.025000 0.000000
1.613000 5.025000 0.000000
1.688000 5.025000 0.000000
1.763000 5.025000 0.000000
1.838000 5.025000 0.000000
1.913000 5.025000 0.000000
1.988000 5.025000 0.000000
2.063000 5.025000 0.000000
2.138000 5.025000 0.000000
2.213000 5.025000 0.000000
2.288000 5.025000 0.000000
2.363000 5.025000 0.000000
2.438000 5.025000 0.000000
2.513000 5.025000 0.000000
2.588000 5.025000 0.000000
2.663000 5.025000 0.000000
2.738000 5.025000 0.000000
2.813000 5.025000 0.000000
2.888000 5.025000 0.000000
2.963000 5.025000 0.000000
3.038000 5.025000 0.000000
3.113000 5.025000 0.000000
3.188000 5.025000 0.000000
3.263000 5.025000 0.000000
3.338000 5.025000 0.000000
3.413000 5.025000 0.000000
3.488000 5.025000 0.000000
3.563000 5.025000 0.000000
3.638000 5.025000 0.000000
3.713000 5.025000 0.000000
3.788000 5.025000 0.000000
3.863000 5.025000 0.000000
-0.037500 5.175000 0.000000
0.037500 5.175000 0.000000
0.112500 5.175000 0.000000
0.187500 5.175000 0.000000
0.262500 5.175000 0.000000
0.337500 5.175000 0.000000
0.412500 5.175000 0.000000
0.487500 5.175000 0.000000
0.562500 5.175000 0.000000
0.637500 5.175000 0.000000
0.712500 5.175000 0.000000
0.787500 5.175000 0.000000
0.862500 5.175000 0.000000
0.937500 5.175000 0.000000
1.012000 5.175000 0.000000
1.087000 5.175000 0.000000
1.163000 5.175000 0.000000
1.238000 5.175000 0.000000
1.313000 5.175000 0.000000
1.388000 5.175000 0.000000
1.463000 5.175000 0.000000
1.538000 5.175000 0.000000
1.613000 5.175000 0.000000
1.688000 5.175000 0.000000
1.763000 5.175000 0.000000
1.838000 5.175000 0.000000
1.913000 5.175000 0.000000
1.988000 5.175000 0.000000
2.063000 5.175000 0.000000
2.138000 5.175000 0.000000
2.213000 5.175000 0.000000
2.288000 5.175000 0.000000
2.363000 5.175000 0.000000
2.438000 5.175000 0.000000
2.513000 5.175000 0.000000
2.588000 5.175000 0.000000
2.663000 5.175000 0.000000
2.738000 5.175000 0.000000
2.813000 5.175000 0.000000
2.888000 5.175000 0.000000
2.963000 5.175000 0.000000
3.038000 5.175000 0.000000
3.113000 5.175000 0.000000
3.188000 5.175000 0.000000
3.263000 5.175000 0.000000
3.338000 5.175000 0.000000
3.413000 5.175000 0.000000
3.488000 5.175000 0.000000
3.563000 5.175000 0.000000
3.638000 5.175000 0.000000
3.713000 5.175000 0.000000
3.788000 5.175000 0.000000
3.863000 5.175000 0.000000
