-0.037500 -0.075000 0.000000
0.037500 -0.075000 0.000000
0.112500 -0.075000 0.000000
0.187500 -0.075000 0.000000
0.262500 -0.075000 0.000000
0.337500 -0.075000 0.000000
0.412500 -0.075000 0.000000
0.487500 -0.075000 0.000000
0.562500 -0.075000 0.000000
0.637500 -0.075000 0.000000
0.712500 -0.075000 0.000000
0.787500 -0.075000 0.000000
0.862500 -0.075000 0.000000
0.937500 -0.075000 0.000000
1.012000 -0.075000 0.000000
1.087000 -0.075000 0.000000
1.163000 -0.075000 0.000000
1.238000 -0.075000 0.000000
1.313000 -0.075000 0.000000
1.388000 -0.075000 0.000000
1.463000 -0.075000 0.000000
1.538000 -0.075000 0.000000
1.613000 -0.075000 0.000000
1.688000 -0.075000 0.000000
1.763000 -0.075000 0.000000
1.838000 -0.075000 0.000000
1.913000 -0.075000 0.000000
1.988000 -0.075000 0.000000
2.063000 -0.075000 0.000000
2.138000 -0.075000 0.000000
2.213000 -0.075000 0.000000
2.288000 -0.075000 0.000000
2.363000 -0.075000 0.000000
2.438000 -0.075000 0.000000
2.513000 -0.075000 0.000000
2.588000 -0.075000 0.000000
2.663000 -0.075000 0.000000
2.738000 -0.075000 0.000000
2.813000 -0.075000 0.000000
2.888000 -0.075000 0.000000
2.963000 -0.075000 0.000000
3.038000 -0.075000 0.000000
3.113000 -0.075000 0.000000
3.188000 -0.075000 0.000000
3.263000 -0.075000 0.000000
3.338000 -0.075000 0.000000
3.413000 -0.075000 0.000000
3.488000 -0.075000 0.000000
3.563000 -0.075000 0.000000
3.638000 -0.075000 0.000000
3.713000 -0.075000 0.000000
3.788000 -0.075000 0.000000
3.863000 -0.075000 0.000000
-0.037500 0.075000 0.000000
0.037500 0.075000 0.002680
0.112500 0.075000 0.005360
0.187500 0.075000 0.008040
0.262500 0.075000 0.010710
0.337500 0.075000 0.013390
0.412500 0.075000 0.016070
0.487500 0.075000 0.018740
0.562500 0.075000 0.021400
0.637500 0.075000 0.024060
0.712500 0.075000 0.026700
0.787500 0.075000 0.029330
0.862500 0.075000 0.031930
0.937500 0.075000 0.034490
1.012000 0.075000 0.037010
1.087000 0.075000 0.039470
1.163000 0.075000 0.041860
1.238000 0.075000 0.044150
1.313000 0.075000 0.046320
1.388000 0.075000 0.048350
1.463000 0.075000 0.050210
1.538000 0.075000 0.051870
1.613000 0.075000 0.053310
1.688000 0.075000 0.054480
1.763000 0.075000 0.055370
1.838000 0.075000 0.055970
1.913000 0.075000 0.056250
1.988000 0.075000 0.056230
2.063000 0.075000 0.055910
2.138000 0.075000 0.055310
2.213000 0.075000 0.054470
2.288000 0.075000 0.053410
2.363000 0.075000 0.052180
2.438000 0.075000 0.050810
2.513000 0.075000 0.049340
2.588000 0.075000 0.047800
2.663000 0.075000 0.046230
2.738000 0.075000 0.044630
2.813000 0.075000 0.043050
2.888000 0.075000 0.041480
2.963000 0.075000 0.039940
3.038000 0.075000 0.038450
3.113000 0.075000 0.037000
3.188000 0.075000 0.035610
3.263000 0.075000 0.034260
3.338000 0.075000 0.032980
3.413000 0.075000 0.031740
3.488000 0.075000 0.030560
3.563000 0.075000 0.029440
3.638000 0.075000 0.028360
3.713000 0.075000 0.027340
3.788000 0.075000 0.026360
3.863000 0.075000 0.000000
-0.037500 0.225000 0.000000
0.037500 0.225000 0.002680
0.112500 0.225000 0.005360
0.187500 0.225000 0.008040
0.262500 0.225000 0.010710
0.337500 0.225000 0.013390
0.412500 0.225000 0.016070
0.487500 0.225000 0.018740
0.562500 0.225000 0.021400
0.637500 0.225000 0.024060
0.712500 0.225000 0.026700
0.787500 0.225000 0.029330
0.862500 0.225000 0.031930
0.937500 0.225000 0.034490
1.012000 0.225000 0.037010
1.087000 0.225000 0.039470
1.163000 0.225000 0.041860
1.238000 0.225000 0.044150
1.313000 0.225000 0.046320
1.388000 0.225000 0.048350
1.463000 0.225000 0.050210
1.538000 0.225000 0.051870
1.613000 0.225000 0.053310
1.688000 0.225000 0.054480
1.763000 0.225000 0.055370
1.838000 0.225000 0.055970
1.913000 0.225000 0.056250
1.988000 0.225000 0.056230
2.063000 0.225000 0.055910
2.138000 0.225000 0.055310
2.213000 0.225000 0.054470
2.288000 0.225000 0.053410
2.363000 0.225000 0.052180
2.438000 0.225000 0.050810
2.513000 0.225000 0.049340
2.588000 0.225000 0.047800
2.663000 0.225000 0.046230
2.738000 0.225000 0.044630
2.813000 0.225000 0.043050
2.888000 0.225000 0.041480
2.963000 0.225000 0.039940
3.038000 0.225000 0.038450
3.113000 0.225000 0.037000
3.188000 0.225000 0.035610
3.263000 0.225000 0.034260
3.338000 0.225000 0.032980
3.413000 0.225000 0.031740
3.488000 0.225000 0.030560
3.563000 0.225000 0.029440
3.638000 0.225000 0.028360
3.713000 0.225000 0.027340
3.788000 0.225000 0.026360
3.863000 0.225000 0.000000
-0.037500 0.375000 0.000000
0.037500 0.375000 0.122500
0.112500 0.375000 0.123400
0.187500 0.375000 0.124700
0.262500 0.375000 0.126400
0.337500 0.375000 0.128400
0.412500 0.375000 0.130600
0.487500 0.375000 0.132900
0.562500 0.375000 0.135300
0.637500 0.375000 0.137800
0.712500 0.375000 0.140400
0.787500 0.375000 0.142900
0.862500 0.375000 0.145500
0.937500 0.375000 0.148000
1.012000 0.375000 0.150500
1.087000 0.375000 0.153000
1.163000 0.375000 0.155300
1.238000 0.375000 0.157500
1.313000 0.375000 0.159600
1.388000 0.375000 0.161400
1.463000 0.375000 0.163100
1.538000 0.375000 0.164600
1.613000 0.375000 0.165800
1.688000 0.375000 0.166700
1.763000 0.375000 0.167300
1.838000 0.375000 0.167700
1.913000 0.375000 0.167700
1.988000 0.375000 0.167400
2.063000 0.375000 0.166900
2.138000 0.375000 0.166000
2.213000 0.375000 0.165000
2.288000 0.375000 0.163700
2.363000 0.375000 0.162200
2.438000 0.375000 0.160500
2.513000 0.375000 0.158700
2.588000 0.375000 0.156800
2.663000 0.375000 0.154900
2.738000 0.375000 0.152900
2.813000 0.375000 0.151000
2.888000 0.375000 0.149000
2.963000 0.375000 0.147100
3.038000 0.375000 0.145200
3.113000 0.375000 0.143400
3.188000 0.375000 0.141600
3.263000 0.375000 0.140000
3.338000 0.375000 0.138500
3.413000 0.375000 0.137100
3.488000 0.375000 0.135800
3.563000 0.375000 0.134700
3.638000 0.375000 0.133700
3.713000 0.375000 0.133000
3.788000 0.375000 0.132600
3.863000 0.375000 0.000000
-0.037500 0.525000 0.000000
0.037500 0.525000 0.228200
0.112500 0.525000 0.228600
0.187500 0.525000 0.229400
0.262500 0.525000 0.230500
0.337500 0.525000 0.231900
0.412500 0.525000 0.233500
0.487500 0.525000 0.235200
0.562500 0.525000 0.237100
0.637500 0.525000 0.239100
0.712500 0.525000 0.241200
0.787500 0.525000 0.243300
0.862500 0.525000 0.245400
0.937500 0.525000 0.247600
1.012000 0.525000 0.249600
1.087000 0.525000 0.251600
1.163000 0.525000 0.253600
1.238000 0.525000 0.255400
1.313000 0.525000 0.257000
1.388000 0.525000 0.258500
1.463000 0.525000 0.259700
1.538000 0.525000 0.260800
1.613000 0.525000 0.261600
1.688000 0.525000 0.262200
1.763000 0.525000 0.262500
1.838000 0.525000 0.262500
1.913000 0.525000 0.262300
1.988000 0.525000 0.261800
2.063000 0.525000 0.261100
2.138000 0.525000 0.260100
2.213000 0.525000 0.258800
2.288000 0.525000 0.257400
2.363000 0.525000 0.255800
2.438000 0.525000 0.254100
2.513000 0.525000 0.252200
2.588000 0.525000 0.250300
2.663000 0.525000 0.248200
2.738000 0.525000 0.246200
2.813000 0.525000 0.244100
2.888000 0.525000 0.242000
2.963000 0.525000 0.240000
3.038000 0.525000 0.238100
3.113000 0.525000 0.236200
3.188000 0.525000 0.234400
3.263000 0.525000 0.232700
3.338000 0.525000 0.231200
3.413000 0.525000 0.229800
3.488000 0.525000 0.228600
3.563000 0.525000 0.227600
3.638000 0.525000 0.226800
3.713000 0.525000 0.226300
3.788000 0.525000 0.226000
3.863000 0.525000 0.000000
-0.037500 0.675000 0.000000
0.037500 0.675000 0.288200
0.112500 0.675000 0.288400
0.187500 0.675000 0.288900
0.262500 0.675000 0.289700
0.337500 0.675000 0.290600
0.412500 0.675000 0.291700
0.487500 0.675000 0.293000
0.562500 0.675000 0.294400
0.637500 0.675000 0.296000
0.712500 0.675000 0.297600
0.787500 0.675000 0.299200
0.862500 0.675000 0.300900
0.937500 0.675000 0.302500
1.012000 0.675000 0.304100
1.087000 0.675000 0.305700
1.163000 0.675000 0.307200
1.238000 0.675000 0.308500
1.313000 0.675000 0.309700
1.388000 0.675000 0.310800
1.463000 0.675000 0.311700
1.538000 0.675000 0.312400
1.613000 0.675000 0.312900
1.688000 0.675000 0.313200
1.763000 0.675000 0.313200
1.838000 0.675000 0.313100
1.913000 0.675000 0.312700
1.988000 0.675000 0.312000
2.063000 0.675000 0.311200
2.138000 0.675000 0.310200
2.213000 0.675000 0.308900
2.288000 0.675000 0.307500
2.363000 0.675000 0.306000
2.438000 0.675000 0.304300
2.513000 0.675000 0.302500
2.588000 0.675000 0.300600
2.663000 0.675000 0.298700
2.738000 0.675000 0.296700
2.813000 0.675000 0.294700
2.888000 0.675000 0.292800
2.963000 0.675000 0.290900
3.038000 0.675000 0.289000
3.113000 0.675000 0.287200
3.188000 0.675000 0.285600
3.263000 0.675000 0.284000
3.338000 0.675000 0.282600
3.413000 0.675000 0.281400
3.488000 0.675000 0.280300
3.563000 0.675000 0.279400
3.638000 0.675000 0.278800
3.713000 0.675000 0.278300
3.788000 0.675000 0.278100
3.863000 0.675000 0.000000
-0.037500 0.825000 0.000000
0.037500 0.825000 0.311200
0.112500 0.825000 0.311400
0.187500 0.825000 0.311900
0.262500 0.825000 0.312500
0.337500 0.825000 0.313300
0.412500 0.825000 0.314300
0.487500 0.825000 0.315400
0.562500 0.825000 0.316700
0.637500 0.825000 0.318000
0.712500 0.825000 0.319400
0.787500 0.825000 0.320900
0.862500 0.825000 0.322300
0.937500 0.825000 0.323800
1.012000 0.825000 0.325300
1.087000 0.825000 0.326600
1.163000 0.825000 0.327900
1.238000 0.825000 0.329100
1.313000 0.825000 0.330200
1.388000 0.825000 0.331100
1.463000 0.825000 0.331800
1.538000 0.825000 0.332400
1.613000 0.825000 0.332800
1.688000 0.825000 0.332900
1.763000 0.825000 0.332900
1.838000 0.825000 0.332600
1.913000 0.825000 0.332200
1.988000 0.825000 0.331500
2.063000 0.825000 0.330600
2.138000 0.825000 0.329600
2.213000 0.825000 0.328300
2.288000 0.825000 0.326900
2.363000 0.825000 0.325400
2.438000 0.825000 0.323700
2.513000 0.825000 0.321900
2.588000 0.825000 0.320100
2.663000 0.825000 0.318200
2.738000 0.825000 0.316300
2.813000 0.825000 0.314300
2.888000 0.825000 0.312400
2.963000 0.825000 0.310500
3.038000 0.825000 0.308700
3.113000 0.825000 0.307000
3.188000 0.825000 0.305400
3.263000 0.825000 0.303900
3.338000 0.825000 0.302500
3.413000 0.825000 0.301300
3.488000 0.825000 0.300300
3.563000 0.825000 0.299500
3.638000 0.825000 0.298800
3.713000 0.825000 0.298400
3.788000 0.825000 0.298200
3.863000 0.825000 0.000000
-0.037500 0.975000 0.000000
0.037500 0.975000 0.327500
0.112500 0.975000 0.327700
0.187500 0.975000 0.328100
0.262500 0.975000 0.328600
0.337500 0.975000 0.329400
0.412500 0.975000 0.330200
0.487500 0.975000 0.331300
0.562500 0.975000 0.332400
0.637500 0.975000 0.333600
0.712500 0.975000 0.334900
0.787500 0.975000 0.336200
0.862500 0.975000 0.337600
0.937500 0.975000 0.338900
1.012000 0.975000 0.340200
1.087000 0.975000 0.341500
1.163000 0.975000 0.342700
1.238000 0.975000 0.343700
1.313000 0.975000 0.344700
1.388000 0.975000 0.345500
1.463000 0.975000 0.346100
1.538000 0.975000 0.346600
1.613000 0.975000 0.346900
1.688000 0.975000 0.347000
1.763000 0.975000 0.346900
1.838000 0.975000 0.346600
1.913000 0.975000 0.346000
1.988000 0.975000 0.345300
2.063000 0.975000 0.344400
2.138000 0.975000 0.343300
2.213000 0.975000 0.342100
2.288000 0.975000 0.340700
2.363000 0.975000 0.339200
2.438000 0.975000 0.337500
2.513000 0.975000 0.335700
2.588000 0.975000 0.333900
2.663000 0.975000 0.332000
2.738000 0.975000 0.330100
2.813000 0.975000 0.328200
2.888000 0.975000 0.326300
2.963000 0.975000 0.324500
3.038000 0.975000 0.322700
3.113000 0.975000 0.321000
3.188000 0.975000 0.319400
3.263000 0.975000 0.317900
3.338000 0.975000 0.316600
3.413000 0.975000 0.315400
3.488000 0.975000 0.314400
3.563000 0.975000 0.313600
3.638000 0.975000 0.313000
3.713000 0.975000 0.312600
3.788000 0.975000 0.312400
3.863000 0.975000 0.000000
-0.037500 1.125000 0.000000
0.037500 1.125000 0.337200
0.112500 1.125000 0.337400
0.187500 1.125000 0.337700
0.262500 1.125000 0.338200
0.337500 1.125000 0.338900
0.412500 1.125000 0.339800
0.487500 1.125000 0.340700
0.562500 1.125000 0.341800
0.637500 1.125000 0.342900
0.712500 1.125000 0.344200
0.787500 1.125000 0.345400
0.862500 1.125000 0.346700
0.937500 1.125000 0.348000
1.012000 1.125000 0.349200
1.087000 1.125000 0.350400
1.163000 1.125000 0.351500
1.238000 1.125000 0.352500
1.313000 1.125000 0.353400
1.388000 1.125000 0.354200
1.463000 1.125000 0.354800
1.538000 1.125000 0.355200
1.613000 1.125000 0.355400
1.688000 1.125000 0.355500
1.763000 1.125000 0.355300
1.838000 1.125000 0.355000
1.913000 1.125000 0.354400
1.988000 1.125000 0.353700
2.063000 1.125000 0.352800
2.138000 1.125000 0.351700
2.213000 1.125000 0.350400
2.288000 1.125000 0.349000
2.363000 1.125000 0.347500
2.438000 1.125000 0.345800
2.513000 1.125000 0.344000
2.588000 1.125000 0.342200
2.663000 1.125000 0.340400
2.738000 1.125000 0.338500
2.813000 1.125000 0.336500
2.888000 1.125000 0.334700
2.963000 1.125000 0.332800
3.038000 1.125000 0.331000
3.113000 1.125000 0.329400
3.188000 1.125000 0.327800
3.263000 1.125000 0.326300
3.338000 1.125000 0.325000
3.413000 1.125000 0.323800
3.488000 1.125000 0.322800
3.563000 1.125000 0.322000
3.638000 1.125000 0.321400
3.713000 1.125000 0.321000
3.788000 1.125000 0.320800
3.863000 1.125000 0.000000
-0.037500 1.275000 0.000000
0.037500 1.275000 0.343700
0.112500 1.275000 0.343900
0.187500 1.275000 0.344200
0.262500 1.275000 0.344700
0.337500 1.275000 0.345400
0.412500 1.275000 0.346200
0.487500 1.275000 0.347200
0.562500 1.275000 0.348300
0.637500 1.275000 0.349400
0.712500 1.275000 0.350600
0.787500 1.275000 0.351900
0.862500 1.275000 0.353100
0.937500 1.275000 0.354400
1.012000 1.275000 0.355600
1.087000 1.275000 0.356800
1.163000 1.275000 0.357900
1.238000 1.275000 0.358900
1.313000 1.275000 0.359800
1.388000 1.275000 0.360500
1.463000 1.275000 0.361100
1.538000 1.275000 0.361500
1.613000 1.275000 0.361700
1.688000 1.275000 0.361700
1.763000 1.275000 0.361600
1.838000 1.275000 0.361200
1.913000 1.275000 0.360600
1.988000 1.275000 0.359900
2.063000 1.275000 0.358900
2.138000 1.275000 0.357800
2.213000 1.275000 0.356500
2.288000 1.275000 0.355100
2.363000 1.275000 0.353500
2.438000 1.275000 0.351800
2.513000 1.275000 0.350000
2.588000 1.275000 0.348200
2.663000 1.275000 0.346300
2.738000 1.275000 0.344300
2.813000 1.275000 0.342400
2.888000 1.275000 0.340500
2.963000 1.275000 0.338600
3.038000 1.275000 0.336800
3.113000 1.275000 0.335100
3.188000 1.275000 0.333500
3.263000 1.275000 0.332000
3.338000 1.275000 0.330700
3.413000 1.275000 0.329500
3.488000 1.275000 0.328500
3.563000 1.275000 0.327700
3.638000 1.275000 0.327100
3.713000 1.275000 0.326700
3.788000 1.275000 0.326500
3.863000 1.275000 0.000000
-0.037500 1.425000 0.000000
0.037500 1.425000 0.338900
0.112500 1.425000 0.339100
0.187500 1.425000 0.339400
0.262500 1.425000 0.339900
0.337500 1.425000 0.340500
0.412500 1.425000 0.341300
0.487500 1.425000 0.342200
0.562500 1.425000 0.343100
0.637500 1.425000 0.344200
0.712500 1.425000 0.345300
0.787500 1.425000 0.346500
0.862500 1.425000 0.347700
0.937500 1.425000 0.348800
1.012000 1.425000 0.350000
1.087000 1.425000 0.351100
1.163000 1.425000 0.352100
1.238000 1.425000 0.353000
1.313000 1.425000 0.353800
1.388000 1.425000 0.354500
1.463000 1.425000 0.355000
1.538000 1.425000 0.355300
1.613000 1.425000 0.355500
1.688000 1.425000 0.355500
1.763000 1.425000 0.355300
1.838000 1.425000 0.354900
1.913000 1.425000 0.354300
1.988000 1.425000 0.353600
2.063000 1.425000 0.352700
2.138000 1.425000 0.351600
2.213000 1.425000 0.350300
2.288000 1.425000 0.348900
2.363000 1.425000 0.347400
2.438000 1.425000 0.345700
2.513000 1.425000 0.344000
2.588000 1.425000 0.342200
2.663000 1.425000 0.340400
2.738000 1.425000 0.338500
2.813000 1.425000 0.336600
2.888000 1.425000 0.334800
2.963000 1.425000 0.333000
3.038000 1.425000 0.331200
3.113000 1.425000 0.329600
3.188000 1.425000 0.328000
3.263000 1.425000 0.326600
3.338000 1.425000 0.325300
3.413000 1.425000 0.324200
3.488000 1.425000 0.323300
3.563000 1.425000 0.322500
3.638000 1.425000 0.321900
3.713000 1.425000 0.321500
3.788000 1.425000 0.321400
3.863000 1.425000 0.000000
-0.037500 1.575000 0.000000
0.037500 1.575000 0.322500
0.112500 1.575000 0.322600
0.187500 1.575000 0.322900
0.262500 1.575000 0.323300
0.337500 1.575000 0.323900
0.412500 1.575000 0.324600
0.487500 1.575000 0.325300
0.562500 1.575000 0.326200
0.637500 1.575000 0.327200
0.712500 1.575000 0.328100
0.787500 1.575000 0.329200
0.862500 1.575000 0.330200
0.937500 1.575000 0.331200
1.012000 1.575000 0.332200
1.087000 1.575000 0.333200
1.163000 1.575000 0.334100
1.238000 1.575000 0.334900
1.313000 1.575000 0.335500
1.388000 1.575000 0.336100
1.463000 1.575000 0.336500
1.538000 1.575000 0.336800
1.613000 1.575000 0.336900
1.688000 1.575000 0.336900
1.763000 1.575000 0.336700
1.838000 1.575000 0.336300
1.913000 1.575000 0.335700
1.988000 1.575000 0.335000
2.063000 1.575000 0.334100
2.138000 1.575000 0.333100
2.213000 1.575000 0.331900
2.288000 1.575000 0.330600
2.363000 1.575000 0.329200
2.438000 1.575000 0.327700
2.513000 1.575000 0.326100
2.588000 1.575000 0.324400
2.663000 1.575000 0.322700
2.738000 1.575000 0.321000
2.813000 1.575000 0.319300
2.888000 1.575000 0.317600
2.963000 1.575000 0.315900
3.038000 1.575000 0.314300
3.113000 1.575000 0.312800
3.188000 1.575000 0.311400
3.263000 1.575000 0.310100
3.338000 1.575000 0.309000
3.413000 1.575000 0.307900
3.488000 1.575000 0.307100
3.563000 1.575000 0.306400
3.638000 1.575000 0.305800
3.713000 1.575000 0.305500
3.788000 1.575000 0.305300
3.863000 1.575000 0.000000
-0.037500 1.725000 0.000000
0.037500 1.725000 0.297400
0.112500 1.725000 0.297500
0.187500 1.725000 0.297800
0.262500 1.725000 0.298100
0.337500 1.725000 0.298600
0.412500 1.725000 0.299200
0.487500 1.725000 0.299800
0.562500 1.725000 0.300500
0.637500 1.725000 0.301300
0.712500 1.725000 0.302200
0.787500 1.725000 0.303000
0.862500 1.725000 0.303900
0.937500 1.725000 0.304700
1.012000 1.725000 0.305600
1.087000 1.725000 0.306300
1.163000 1.725000 0.307100
1.238000 1.725000 0.307700
1.313000 1.725000 0.308300
1.388000 1.725000 0.308700
1.463000 1.725000 0.309000
1.538000 1.725000 0.309300
1.613000 1.725000 0.309300
1.688000 1.725000 0.309200
1.763000 1.725000 0.309000
1.838000 1.725000 0.308600
1.913000 1.725000 0.308100
1.988000 1.725000 0.307500
2.063000 1.725000 0.306700
2.138000 1.725000 0.305700
2.213000 1.725000 0.304700
2.288000 1.725000 0.303500
2.363000 1.725000 0.302200
2.438000 1.725000 0.300900
2.513000 1.725000 0.299500
2.588000 1.725000 0.298000
2.663000 1.725000 0.296500
2.738000 1.725000 0.295000
2.813000 1.725000 0.293500
2.888000 1.725000 0.292000
2.963000 1.725000 0.290500
3.038000 1.725000 0.289100
3.113000 1.725000 0.287800
3.188000 1.725000 0.286600
3.263000 1.725000 0.285400
3.338000 1.725000 0.284400
3.413000 1.725000 0.283500
3.488000 1.725000 0.282800
3.563000 1.725000 0.282200
3.638000 1.725000 0.281700
3.713000 1.725000 0.281400
3.788000 1.725000 0.281300
3.863000 1.725000 0.000000
-0.037500 1.875000 0.000000
0.037500 1.875000 0.266600
0.112500 1.875000 0.266700
0.187500 1.875000 0.266900
0.262500 1.875000 0.267200
0.337500 1.875000 0.267500
0.412500 1.875000 0.268000
0.487500 1.875000 0.268500
0.562500 1.875000 0.269100
0.637500 1.875000 0.269700
0.712500 1.875000 0.270300
0.787500 1.875000 0.271000
0.862500 1.875000 0.271700
0.937500 1.875000 0.272300
1.012000 1.875000 0.273000
1.087000 1.875000 0.273600
1.163000 1.875000 0.274100
1.238000 1.875000 0.274600
1.313000 1.875000 0.275000
1.388000 1.875000 0.275400
1.463000 1.875000 0.275600
1.538000 1.875000 0.275700
1.613000 1.875000 0.275700
1.688000 1.875000 0.275600
1.763000 1.875000 0.275400
1.838000 1.875000 0.275000
1.913000 1.875000 0.274600
1.988000 1.875000 0.274000
2.063000 1.875000 0.273300
2.138000 1.875000 0.272500
2.213000 1.875000 0.271600
2.288000 1.875000 0.270600
2.363000 1.875000 0.269500
2.438000 1.875000 0.268400
2.513000 1.875000 0.267200
2.588000 1.875000 0.265900
2.663000 1.875000 0.264700
2.738000 1.875000 0.263400
2.813000 1.875000 0.262100
2.888000 1.875000 0.260900
2.963000 1.875000 0.259600
3.038000 1.875000 0.258500
3.113000 1.875000 0.257400
3.188000 1.875000 0.256300
3.263000 1.875000 0.255400
3.338000 1.875000 0.254500
3.413000 1.875000 0.253800
3.488000 1.875000 0.253200
3.563000 1.875000 0.252700
3.638000 1.875000 0.252300
3.713000 1.875000 0.252000
3.788000 1.875000 0.251900
3.863000 1.875000 0.000000
-0.037500 2.025000 0.000000
0.037500 2.025000 0.232600
0.112500 2.025000 0.232600
0.187500 2.025000 0.232800
0.262500 2.025000 0.233000
0.337500 2.025000 0.233300
0.412500 2.025000 0.233600
0.487500 2.025000 0.234000
0.562500 2.025000 0.234400
0.637500 2.025000 0.234800
0.712500 2.025000 0.235300
0.787500 2.025000 0.235800
0.862500 2.025000 0.236200
0.937500 2.025000 0.236700
1.012000 2.025000 0.237200
1.087000 2.025000 0.237600
1.163000 2.025000 0.238000
1.238000 2.025000 0.238300
1.313000 2.025000 0.238600
1.388000 2.025000 0.238800
1.463000 2.025000 0.238900
1.538000 2.025000 0.238900
1.613000 2.025000 0.238900
1.688000 2.025000 0.238800
1.763000 2.025000 0.238500
1.838000 2.025000 0.238200
1.913000 2.025000 0.237800
1.988000 2.025000 0.237300
2.063000 2.025000 0.236700
2.138000 2.025000 0.236000
2.213000 2.025000 0.235300
2.288000 2.025000 0.234500
2.363000 2.025000 0.233600
2.438000 2.025000 0.232700
2.513000 2.025000 0.231700
2.588000 2.025000 0.230700
2.663000 2.025000 0.229700
2.738000 2.025000 0.228700
2.813000 2.025000 0.227700
2.888000 2.025000 0.226700
2.963000 2.025000 0.225800
3.038000 2.025000 0.224800
3.113000 2.025000 0.223900
3.188000 2.025000 0.223100
3.263000 2.025000 0.222400
3.338000 2.025000 0.221700
3.413000 2.025000 0.221100
3.488000 2.025000 0.220600
3.563000 2.025000 0.220200
3.638000 2.025000 0.220000
3.713000 2.025000 0.219800
3.788000 2.025000 0.219700
3.863000 2.025000 0.000000
-0.037500 2.175000 0.000000
0.037500 2.175000 0.197600
0.112500 2.175000 0.197700
0.187500 2.175000 0.197800
0.262500 2.175000 0.197900
0.337500 2.175000 0.198000
0.412500 2.175000 0.198200
0.487500 2.175000 0.198500
0.562500 2.175000 0.198700
0.637500 2.175000 0.199000
0.712500 2.175000 0.199300
0.787500 2.175000 0.199600
0.862500 2.175000 0.199800
0.937500 2.175000 0.200100
1.012000 2.175000 0.200400
1.087000 2.175000 0.200600
1.163000 2.175000 0.200800
1.238000 2.175000 0.201000
1.313000 2.175000 0.201100
1.388000 2.175000 0.201200
1.463000 2.175000 0.201200
1.538000 2.175000 0.201200
1.613000 2.175000 0.201100
1.688000 2.175000 0.200900
1.763000 2.175000 0.200700
1.838000 2.175000 0.200400
1.913000 2.175000 0.200100
1.988000 2.175000 0.199700
2.063000 2.175000 0.199200
2.138000 2.175000 0.198700
2.213000 2.175000 0.198100
2.288000 2.175000 0.197500
2.363000 2.175000 0.196800
2.438000 2.175000 0.196100
2.513000 2.175000 0.195400
2.588000 2.175000 0.194700
2.663000 2.175000 0.193900
2.738000 2.175000 0.193200
2.813000 2.175000 0.192500
2.888000 2.175000 0.191700
2.963000 2.175000 0.191000
3.038000 2.175000 0.190300
3.113000 2.175000 0.189700
3.188000 2.175000 0.189100
3.263000 2.175000 0.188600
3.338000 2.175000 0.188100
3.413000 2.175000 0.187700
3.488000 2.175000 0.187300
3.563000 2.175000 0.187000
3.638000 2.175000 0.186800
3.713000 2.175000 0.186700
3.788000 2.175000 0.186600
3.863000 2.175000 0.000000
-0.037500 2.325000 0.000000
0.037500 2.325000 0.174900
0.112500 2.325000 0.175000
0.187500 2.325000 0.175000
0.262500 2.325000 0.175100
0.337500 2.325000 0.175200
0.412500 2.325000 0.175300
0.487500 2.325000 0.175400
0.562500 2.325000 0.175600
0.637500 2.325000 0.175700
0.712500 2.325000 0.175900
0.787500 2.325000 0.176000
0.862500 2.325000 0.176200
0.937500 2.325000 0.176400
1.012000 2.325000 0.176500
1.087000 2.325000 0.176600
1.163000 2.325000 0.176700
1.238000 2.325000 0.176800
1.313000 2.325000 0.176800
1.388000 2.325000 0.176800
1.463000 2.325000 0.176700
1.538000 2.325000 0.176600
1.613000 2.325000 0.176500
1.688000 2.325000 0.176300
1.763000 2.325000 0.176100
1.838000 2.325000 0.175900
1.913000 2.325000 0.175600
1.988000 2.325000 0.175200
2.063000 2.325000 0.174800
2.138000 2.325000 0.174400
2.213000 2.325000 0.173900
2.288000 2.325000 0.173500
2.363000 2.325000 0.172900
2.438000 2.325000 0.172400
2.513000 2.325000 0.171800
2.588000 2.325000 0.171300
2.663000 2.325000 0.170700
2.738000 2.325000 0.170100
2.813000 2.325000 0.169600
2.888000 2.325000 0.169000
2.963000 2.325000 0.168500
3.038000 2.325000 0.168000
3.113000 2.325000 0.167500
3.188000 2.325000 0.167100
3.263000 2.325000 0.166700
3.338000 2.325000 0.166300
3.413000 2.325000 0.166000
3.488000 2.325000 0.165700
3.563000 2.325000 0.165500
3.638000 2.325000 0.165400
3.713000 2.325000 0.165300
3.788000 2.325000 0.165200
3.863000 2.325000 0.000000
-0.037500 2.475000 0.000000
0.037500 2.475000 0.164100
0.112500 2.475000 0.164100
0.187500 2.475000 0.164100
0.262500 2.475000 0.164200
0.337500 2.475000 0.164300
0.412500 2.475000 0.164400
0.487500 2.475000 0.164500
0.562500 2.475000 0.164600
0.637500 2.475000 0.164700
0.712500 2.475000 0.164800
0.787500 2.475000 0.164900
0.862500 2.475000 0.165000
0.937500 2.475000 0.165100
1.012000 2.475000 0.165200
1.087000 2.475000 0.165300
1.163000 2.475000 0.165300
1.238000 2.475000 0.165400
1.313000 2.475000 0.165400
1.388000 2.475000 0.165300
1.463000 2.475000 0.165300
1.538000 2.475000 0.165200
1.613000 2.475000 0.165000
1.688000 2.475000 0.164900
1.763000 2.475000 0.164600
1.838000 2.475000 0.164400
1.913000 2.475000 0.164100
1.988000 2.475000 0.163800
2.063000 2.475000 0.163400
2.138000 2.475000 0.163000
2.213000 2.475000 0.162600
2.288000 2.475000 0.162200
2.363000 2.475000 0.161700
2.438000 2.475000 0.161300
2.513000 2.475000 0.160800
2.588000 2.475000 0.160300
2.663000 2.475000 0.159800
2.738000 2.475000 0.159300
2.813000 2.475000 0.158800
2.888000 2.475000 0.158300
2.963000 2.475000 0.157800
3.038000 2.475000 0.157400
3.113000 2.475000 0.157000
3.188000 2.475000 0.156600
3.263000 2.475000 0.156300
3.338000 2.475000 0.156000
3.413000 2.475000 0.155700
3.488000 2.475000 0.155500
3.563000 2.475000 0.155300
3.638000 2.475000 0.155100
3.713000 2.475000 0.155000
3.788000 2.475000 0.155000
3.863000 2.475000 0.000000
-0.037500 2.625000 0.000000
0.037500 2.625000 0.153900
0.112500 2.625000 0.153900
0.187500 2.625000 0.153900
0.262500 2.625000 0.154000
0.337500 2.625000 0.154000
0.412500 2.625000 0.154100
0.487500 2.625000 0.154200
0.562500 2.625000 0.154300
0.637500 2.625000 0.154400
0.712500 2.625000 0.154400
0.787500 2.625000 0.154500
0.862500 2.625000 0.154600
0.937500 2.625000 0.154700
1.012000 2.625000 0.154700
1.087000 2.625000 0.154800
1.163000 2.625000 0.154800
1.238000 2.625000 0.154800
1.313000 2.625000 0.154800
1.388000 2.625000 0.154800
1.463000 2.625000 0.154700
1.538000 2.625000 0.154600
1.613000 2.625000 0.154400
1.688000 2.625000 0.154300
1.763000 2.625000 0.154100
1.838000 2.625000 0.153800
1.913000 2.625000 0.153600
1.988000 2.625000 0.153300
2.063000 2.625000 0.152900
2.138000 2.625000 0.152600
2.213000 2.625000 0.152200
2.288000 2.625000 0.151800
2.363000 2.625000 0.151400
2.438000 2.625000 0.151000
2.513000 2.625000 0.150500
2.588000 2.625000 0.150100
2.663000 2.625000 0.149600
2.738000 2.625000 0.149200
2.813000 2.625000 0.148800
2.888000 2.625000 0.148300
2.963000 2.625000 0.147900
3.038000 2.625000 0.147500
3.113000 2.625000 0.147200
3.188000 2.625000 0.146800
3.263000 2.625000 0.146500
3.338000 2.625000 0.146200
3.413000 2.625000 0.146000
3.488000 2.625000 0.145800
3.563000 2.625000 0.145600
3.638000 2.625000 0.145500
3.713000 2.625000 0.145400
3.788000 2.625000 0.145400
3.863000 2.625000 0.000000
-0.037500 2.775000 0.000000
0.037500 2.775000 0.144500
0.112500 2.775000 0.144500
0.187500 2.775000 0.144500
0.262500 2.775000 0.144600
0.337500 2.775000 0.144600
0.412500 2.775000 0.144700
0.487500 2.775000 0.144700
0.562500 2.775000 0.144800
0.637500 2.775000 0.144900
0.712500 2.775000 0.144900
0.787500 2.775000 0.145000
0.862500 2.775000 0.145100
0.937500 2.775000 0.145100
1.012000 2.775000 0.145200
1.087000 2.775000 0.145200
1.163000 2.775000 0.145200
1.238000 2.775000 0.145200
1.313000 2.775000 0.145200
1.388000 2.775000 0.145100
1.463000 2.775000 0.145100
1.538000 2.775000 0.144900
1.613000 2.775000 0.144800
1.688000 2.775000 0.144600
1.763000 2.775000 0.144500
1.838000 2.775000 0.144200
1.913000 2.775000 0.144000
1.988000 2.775000 0.143700
2.063000 2.775000 0.143400
2.138000 2.775000 0.143100
2.213000 2.775000 0.142700
2.288000 2.775000 0.142400
2.363000 2.775000 0.142000
2.438000 2.775000 0.141600
2.513000 2.775000 0.141200
2.588000 2.775000 0.140800
2.663000 2.775000 0.140400
2.738000 2.775000 0.140000
2.813000 2.775000 0.139600
2.888000 2.775000 0.139200
2.963000 2.775000 0.138800
3.038000 2.775000 0.138500
3.113000 2.775000 0.138100
3.188000 2.775000 0.137800
3.263000 2.775000 0.137500
3.338000 2.775000 0.137300
3.413000 2.775000 0.137100
3.488000 2.775000 0.136900
3.563000 2.775000 0.136700
3.638000 2.775000 0.136600
3.713000 2.775000 0.136600
3.788000 2.775000 0.136500
3.863000 2.775000 0.000000
-0.037500 2.925000 0.000000
0.037500 2.925000 0.127400
0.112500 2.925000 0.127400
0.187500 2.925000 0.127400
0.262500 2.925000 0.127500
0.337500 2.925000 0.127500
0.412500 2.925000 0.127500
0.487500 2.925000 0.127600
0.562500 2.925000 0.127700
0.637500 2.925000 0.127700
0.712500 2.925000 0.127800
0.787500 2.925000 0.127800
0.862500 2.925000 0.127900
0.937500 2.925000 0.127900
1.012000 2.925000 0.128000
1.087000 2.925000 0.128000
1.163000 2.925000 0.128000
1.238000 2.925000 0.128000
1.313000 2.925000 0.128000
1.388000 2.925000 0.127900
1.463000 2.925000 0.127800
1.538000 2.925000 0.127700
1.613000 2.925000 0.127600
1.688000 2.925000 0.127500
1.763000 2.925000 0.127300
1.838000 2.925000 0.127100
1.913000 2.925000 0.126900
1.988000 2.925000 0.126600
2.063000 2.925000 0.126400
2.138000 2.925000 0.126100
2.213000 2.925000 0.125800
2.288000 2.925000 0.125500
2.363000 2.925000 0.125100
2.438000 2.925000 0.124800
2.513000 2.925000 0.124400
2.588000 2.925000 0.124100
2.663000 2.925000 0.123700
2.738000 2.925000 0.123400
2.813000 2.925000 0.123000
2.888000 2.925000 0.122700
2.963000 2.925000 0.122300
3.038000 2.925000 0.122000
3.113000 2.925000 0.121700
3.188000 2.925000 0.121500
3.263000 2.925000 0.121200
3.338000 2.925000 0.121000
3.413000 2.925000 0.120800
3.488000 2.925000 0.120700
3.563000 2.925000 0.120500
3.638000 2.925000 0.120400
3.713000 2.925000 0.120400
3.788000 2.925000 0.120300
3.863000 2.925000 0.000000
-0.037500 3.075000 0.000000
0.037500 3.075000 0.104700
0.112500 3.075000 0.104700
0.187500 3.075000 0.104700
0.262500 3.075000 0.104800
0.337500 3.075000 0.104800
0.412500 3.075000 0.104800
0.487500 3.075000 0.104900
0.562500 3.075000 0.104900
0.637500 3.075000 0.105000
0.712500 3.075000 0.105000
0.787500 3.075000 0.105100
0.862500 3.075000 0.105100
0.937500 3.075000 0.105100
1.012000 3.075000 0.105200
1.087000 3.075000 0.105200
1.163000 3.075000 0.105200
1.238000 3.075000 0.105200
1.313000 3.075000 0.105100
1.388000 3.075000 0.105100
1.463000 3.075000 0.105000
1.538000 3.075000 0.104900
1.613000 3.075000 0.104800
1.688000 3.075000 0.104700
1.763000 3.075000 0.104600
1.838000 3.075000 0.104400
1.913000 3.075000 0.104200
1.988000 3.075000 0.104000
2.063000 3.075000 0.103800
2.138000 3.075000 0.103600
2.213000 3.075000 0.103300
2.288000 3.075000 0.103100
2.363000 3.075000 0.102800
2.438000 3.075000 0.102500
2.513000 3.075000 0.102200
2.588000 3.075000 0.101900
2.663000 3.075000 0.101600
2.738000 3.075000 0.101300
2.813000 3.075000 0.101100
2.888000 3.075000 0.100800
2.963000 3.075000 0.100500
3.038000 3.075000 0.100300
3.113000 3.075000 0.100000
3.188000 3.075000 0.099800
3.263000 3.075000 0.099600
3.338000 3.075000 0.099420
3.413000 3.075000 0.099270
3.488000 3.075000 0.099140
3.563000 3.075000 0.099030
3.638000 3.075000 0.098950
3.713000 3.075000 0.098900
3.788000 3.075000 0.098870
3.863000 3.075000 0.000000
-0.037500 3.225000 0.000000
0.037500 3.225000 0.085070
0.112500 3.225000 0.085080
0.187500 3.225000 0.085100
0.262500 3.225000 0.085120
0.337500 3.225000 0.085140
0.412500 3.225000 0.085170
0.487500 3.225000 0.085200
0.562500 3.225000 0.085230
0.637500 3.225000 0.085270
0.712500 3.225000 0.085300
0.787500 3.225000 0.085330
0.862500 3.225000 0.085360
0.937500 3.225000 0.085390
1.012000 3.225000 0.085400
1.087000 3.225000 0.085410
1.163000 3.225000 0.085410
1.238000 3.225000 0.085390
1.313000 3.225000 0.085370
1.388000 3.225000 0.085330
1.463000 3.225000 0.085270
1.538000 3.225000 0.085200
1.613000 3.225000 0.085120
1.688000 3.225000 0.085020
1.763000 3.225000 0.084900
1.838000 3.225000 0.084770
1.913000 3.225000 0.084620
1.988000 3.225000 0.084450
2.063000 3.225000 0.084270
2.138000 3.225000 0.084080
2.213000 3.225000 0.083880
2.288000 3.225000 0.083670
2.363000 3.225000 0.083450
2.438000 3.225000 0.083220
2.513000 3.225000 0.082990
2.588000 3.225000 0.082750
2.663000 3.225000 0.082520
2.738000 3.225000 0.082280
2.813000 3.225000 0.082060
2.888000 3.225000 0.081830
2.963000 3.225000 0.081620
3.038000 3.225000 0.081420
3.113000 3.225000 0.081230
3.188000 3.225000 0.081050
3.263000 3.225000 0.080890
3.338000 3.225000 0.080750
3.413000 3.225000 0.080620
3.488000 3.225000 0.080510
3.563000 3.225000 0.080430
3.638000 3.225000 0.080360
3.713000 3.225000 0.080310
3.788000 3.225000 0.080290
3.863000 3.225000 0.000000
-0.037500 3.375000 0.000000
0.037500 3.375000 0.068370
0.112500 3.375000 0.068370
0.187500 3.375000 0.068380
0.262500 3.375000 0.068400
0.337500 3.375000 0.068420
0.412500 3.375000 0.068440
0.487500 3.375000 0.068460
0.562500 3.375000 0.068480
0.637500 3.375000 0.068510
0.712500 3.375000 0.068530
0.787500 3.375000 0.068550
0.862500 3.375000 0.068570
0.937500 3.375000 0.068590
1.012000 3.375000 0.068600
1.087000 3.375000 0.068600
1.163000 3.375000 0.068600
1.238000 3.375000 0.068580
1.313000 3.375000 0.068560
1.388000 3.375000 0.068520
1.463000 3.375000 0.068480
1.538000 3.375000 0.068420
1.613000 3.375000 0.068350
1.688000 3.375000 0.068270
1.763000 3.375000 0.068170
1.838000 3.375000 0.068060
1.913000 3.375000 0.067940
1.988000 3.375000 0.067810
2.063000 3.375000 0.067670
2.138000 3.375000 0.067520
2.213000 3.375000 0.067350
2.288000 3.375000 0.067180
2.363000 3.375000 0.067010
2.438000 3.375000 0.066830
2.513000 3.375000 0.066640
2.588000 3.375000 0.066460
2.663000 3.375000 0.066270
2.738000 3.375000 0.066090
2.813000 3.375000 0.065910
2.888000 3.375000 0.065730
2.963000 3.375000 0.065560
3.038000 3.375000 0.065400
3.113000 3.375000 0.065250
3.188000 3.375000 0.065110
3.263000 3.375000 0.064980
3.338000 3.375000 0.064860
3.413000 3.375000 0.064760
3.488000 3.375000 0.064680
3.563000 3.375000 0.064610
3.638000 3.375000 0.064550
3.713000 3.375000 0.064510
3.788000 3.375000 0.064490
3.863000 3.375000 0.000000
-0.037500 3.525000 0.000000
0.037500 3.525000 0.054380
0.112500 3.525000 0.054380
0.187500 3.525000 0.054390
0.262500 3.525000 0.054400
0.337500 3.525000 0.054410
0.412500 3.525000 0.054430
0.487500 3.525000 0.054440
0.562500 3.525000 0.054460
0.637500 3.525000 0.054480
0.712500 3.525000 0.054490
0.787500 3.525000 0.054510
0.862500 3.525000 0.054520
0.937500 3.525000 0.054530
1.012000 3.525000 0.054540
1.087000 3.525000 0.054540
1.163000 3.525000 0.054530
1.238000 3.525000 0.054520
1.313000 3.525000 0.054490
1.388000 3.525000 0.054470
1.463000 3.525000 0.054430
1.538000 3.525000 0.054380
1.613000 3.525000 0.054320
1.688000 3.525000 0.054260
1.763000 3.525000 0.054180
1.838000 3.525000 0.054090
1.913000 3.525000 0.054000
1.988000 3.525000 0.053890
2.063000 3.525000 0.053780
2.138000 3.525000 0.053660
2.213000 3.525000 0.053530
2.288000 3.525000 0.053400
2.363000 3.525000 0.053260
2.438000 3.525000 0.053120
2.513000 3.525000 0.052970
2.588000 3.525000 0.052820
2.663000 3.525000 0.052680
2.738000 3.525000 0.052530
2.813000 3.525000 0.052390
2.888000 3.525000 0.052250
2.963000 3.525000 0.052120
3.038000 3.525000 0.051990
3.113000 3.525000 0.051880
3.188000 3.525000 0.051760
3.263000 3.525000 0.051660
3.338000 3.525000 0.051570
3.413000 3.525000 0.051490
3.488000 3.525000 0.051430
3.563000 3.525000 0.051370
3.638000 3.525000 0.051320
3.713000 3.525000 0.051290
3.788000 3.525000 0.051270
3.863000 3.525000 0.000000
-0.037500 3.675000 0.000000
0.037500 3.675000 0.042840
0.112500 3.675000 0.042840
0.187500 3.675000 0.042850
0.262500 3.675000 0.042850
0.337500 3.675000 0.042860
0.412500 3.675000 0.042870
0.487500 3.675000 0.042880
0.562500 3.675000 0.042900
0.637500 3.675000 0.042910
0.712500 3.675000 0.042920
0.787500 3.675000 0.042930
0.862500 3.675000 0.042940
0.937500 3.675000 0.042940
1.012000 3.675000 0.042940
1.087000 3.675000 0.042940
1.163000 3.675000 0.042930
1.238000 3.675000 0.042920
1.313000 3.675000 0.042900
1.388000 3.675000 0.042880
1.463000 3.675000 0.042850
1.538000 3.675000 0.042810
1.613000 3.675000 0.042760
1.688000 3.675000 0.042710
1.763000 3.675000 0.042650
1.838000 3.675000 0.042580
1.913000 3.675000 0.042500
1.988000 3.675000 0.042420
2.063000 3.675000 0.042330
2.138000 3.675000 0.042240
2.213000 3.675000 0.042140
2.288000 3.675000 0.042040
2.363000 3.675000 0.041930
2.438000 3.675000 0.041820
2.513000 3.675000 0.041700
2.588000 3.675000 0.041590
2.663000 3.675000 0.041480
2.738000 3.675000 0.041360
2.813000 3.675000 0.041250
2.888000 3.675000 0.041150
2.963000 3.675000 0.041040
3.038000 3.675000 0.040950
3.113000 3.675000 0.040850
3.188000 3.675000 0.040770
3.263000 3.675000 0.040690
3.338000 3.675000 0.040620
3.413000 3.675000 0.040560
3.488000 3.675000 0.040500
3.563000 3.675000 0.040460
3.638000 3.675000 0.040420
3.713000 3.675000 0.040400
3.788000 3.675000 0.040380
3.863000 3.675000 0.000000
-0.037500 3.825000 0.000000
0.037500 3.825000 0.033460
0.112500 3.825000 0.033460
0.187500 3.825000 0.033470
0.262500 3.825000 0.033470
0.337500 3.825000 0.033480
0.412500 3.825000 0.033480
0.487500 3.825000 0.033490
0.562500 3.825000 0.033500
0.637500 3.825000 0.033510
0.712500 3.825000 0.033510
0.787500 3.825000 0.033520
0.862500 3.825000 0.033520
0.937500 3.825000 0.033530
1.012000 3.825000 0.033530
1.087000 3.825000 0.033520
1.163000 3.825000 0.033520
1.238000 3.825000 0.033500
1.313000 3.825000 0.033490
1.388000 3.825000 0.033470
1.463000 3.825000 0.033440
1.538000 3.825000 0.033410
1.613000 3.825000 0.033370
1.688000 3.825000 0.033330
1.763000 3.825000 0.033280
1.838000 3.825000 0.033230
1.913000 3.825000 0.033170
1.988000 3.825000 0.033110
2.063000 3.825000 0.033040
2.138000 3.825000 0.032970
2.213000 3.825000 0.032890
2.288000 3.825000 0.032810
2.363000 3.825000 0.032730
2.438000 3.825000 0.032640
2.513000 3.825000 0.032550
2.588000 3.825000 0.032470
2.663000 3.825000 0.032380
2.738000 3.825000 0.032290
2.813000 3.825000 0.032210
2.888000 3.825000 0.032120
2.963000 3.825000 0.032050
3.038000 3.825000 0.031970
3.113000 3.825000 0.031900
3.188000 3.825000 0.031830
3.263000 3.825000 0.031770
3.338000 3.825000 0.031720
3.413000 3.825000 0.031670
3.488000 3.825000 0.031630
3.563000 3.825000 0.031590
3.638000 3.825000 0.031560
3.713000 3.825000 0.031540
3.788000 3.825000 0.031530
3.863000 3.825000 0.000000
-0.037500 3.975000 0.000000
0.037500 3.975000 0.025940
0.112500 3.975000 0.025950
0.187500 3.975000 0.025950
0.262500 3.975000 0.025950
0.337500 3.975000 0.025950
0.412500 3.975000 0.025960
0.487500 3.975000 0.025960
0.562500 3.975000 0.025970
0.637500 3.975000 0.025970
0.712500 3.975000 0.025980
0.787500 3.975000 0.025980
0.862500 3.975000 0.025980
0.937500 3.975000 0.025980
1.012000 3.975000 0.025980
1.087000 3.975000 0.025980
1.163000 3.975000 0.025970
1.238000 3.975000 0.025960
1.313000 3.975000 0.025950
1.388000 3.975000 0.025930
1.463000 3.975000 0.025910
1.538000 3.975000 0.025890
1.613000 3.975000 0.025860
1.688000 3.975000 0.025830
1.763000 3.975000 0.025790
1.838000 3.975000 0.025750
1.913000 3.975000 0.025700
1.988000 3.975000 0.025650
2.063000 3.975000 0.025600
2.138000 3.975000 0.025540
2.213000 3.975000 0.025480
2.288000 3.975000 0.025420
2.363000 3.975000 0.025360
2.438000 3.975000 0.025290
2.513000 3.975000 0.025230
2.588000 3.975000 0.025160
2.663000 3.975000 0.025090
2.738000 3.975000 0.025030
2.813000 3.975000 0.024960
2.888000 3.975000 0.024900
2.963000 3.975000 0.024840
3.038000 3.975000 0.024780
3.113000 3.975000 0.024730
3.188000 3.975000 0.024680
3.263000 3.975000 0.024630
3.338000 3.975000 0.024590
3.413000 3.975000 0.024550
3.488000 3.975000 0.024520
3.563000 3.975000 0.024490
3.638000 3.975000 0.024470
3.713000 3.975000 0.024450
3.788000 3.975000 0.024440
3.863000 3.975000 0.000000
-0.037500 4.125000 0.000000
0.037500 4.125000 0.020010
0.112500 4.125000 0.020010
0.187500 4.125000 0.020010
0.262500 4.125000 0.020010
0.337500 4.125000 0.020020
0.412500 4.125000 0.020020
0.487500 4.125000 0.020020
0.562500 4.125000 0.020030
0.637500 4.125000 0.020030
0.712500 4.125000 0.020030
0.787500 4.125000 0.020030
0.862500 4.125000 0.020030
0.937500 4.125000 0.020030
1.012000 4.125000 0.020030
1.087000 4.125000 0.020030
1.163000 4.125000 0.020020
1.238000 4.125000 0.020010
1.313000 4.125000 0.020000
1.388000 4.125000 0.019990
1.463000 4.125000 0.019970
1.538000 4.125000 0.019950
1.613000 4.125000 0.019930
1.688000 4.125000 0.019900
1.763000 4.125000 0.019870
1.838000 4.125000 0.019840
1.913000 4.125000 0.019810
1.988000 4.125000 0.019770
2.063000 4.125000 0.019730
2.138000 4.125000 0.019690
2.213000 4.125000 0.019640
2.288000 4.125000 0.019590
2.363000 4.125000 0.019540
2.438000 4.125000 0.019500
2.513000 4.125000 0.019440
2.588000 4.125000 0.019390
2.663000 4.125000 0.019340
2.738000 4.125000 0.019290
2.813000 4.125000 0.019250
2.888000 4.125000 0.019200
2.963000 4.125000 0.019150
3.038000 4.125000 0.019110
3.113000 4.125000 0.019070
3.188000 4.125000 0.019030
3.263000 4.125000 0.018990
3.338000 4.125000 0.018960
3.413000 4.125000 0.018930
3.488000 4.125000 0.018910
3.563000 4.125000 0.018890
3.638000 4.125000 0.018870
3.713000 4.125000 0.018860
3.788000 4.125000 0.018850
3.863000 4.125000 0.000000
-0.037500 4.275000 0.000000
0.037500 4.275000 0.015400
0.112500 4.275000 0.015400
0.187500 4.275000 0.015400
0.262500 4.275000 0.015400
0.337500 4.275000 0.015410
0.412500 4.275000 0.015410
0.487500 4.275000 0.015410
0.562500 4.275000 0.015410
0.637500 4.275000 0.015410
0.712500 4.275000 0.015410
0.787500 4.275000 0.015420
0.862500 4.275000 0.015420
0.937500 4.275000 0.015410
1.012000 4.275000 0.015410
1.087000 4.275000 0.015410
1.163000 4.275000 0.015400
1.238000 4.275000 0.015400
1.313000 4.275000 0.015390
1.388000 4.275000 0.015380
1.463000 4.275000 0.015360
1.538000 4.275000 0.015350
1.613000 4.275000 0.015330
1.688000 4.275000 0.015310
1.763000 4.275000 0.015290
1.838000 4.275000 0.015260
1.913000 4.275000 0.015240
1.988000 4.275000 0.015210
2.063000 4.275000 0.015170
2.138000 4.275000 0.015140
2.213000 4.275000 0.015110
2.288000 4.275000 0.015070
2.363000 4.275000 0.015040
2.438000 4.275000 0.015000
2.513000 4.275000 0.014960
2.588000 4.275000 0.014920
2.663000 4.275000 0.014880
2.738000 4.275000 0.014850
2.813000 4.275000 0.014810
2.888000 4.275000 0.014770
2.963000 4.275000 0.014740
3.038000 4.275000 0.014700
3.113000 4.275000 0.014670
3.188000 4.275000 0.014640
3.263000 4.275000 0.014620
3.338000 4.275000 0.014590
3.413000 4.275000 0.014570
3.488000 4.275000 0.014550
3.563000 4.275000 0.014540
3.638000 4.275000 0.014520
3.713000 4.275000 0.014510
3.788000 4.275000 0.014510
3.863000 4.275000 0.000000
-0.037500 4.425000 0.000000
0.037500 4.425000 0.011900
0.112500 4.425000 0.011900
0.187500 4.425000 0.011900
0.262500 4.425000 0.011900
0.337500 4.425000 0.011900
0.412500 4.425000 0.011900
0.487500 4.425000 0.011900
0.562500 4.425000 0.011900
0.637500 4.425000 0.011910
0.712500 4.425000 0.011910
0.787500 4.425000 0.011910
0.862500 4.425000 0.011910
0.937500 4.425000 0.011900
1.012000 4.425000 0.011900
1.087000 4.425000 0.011900
1.163000 4.425000 0.011890
1.238000 4.425000 0.011890
1.313000 4.425000 0.011880
1.388000 4.425000 0.011870
1.463000 4.425000 0.011860
1.538000 4.425000 0.011850
1.613000 4.425000 0.011830
1.688000 4.425000 0.011820
1.763000 4.425000 0.011800
1.838000 4.425000 0.011780
1.913000 4.425000 0.011760
1.988000 4.425000 0.011740
2.063000 4.425000 0.011720
2.138000 4.425000 0.011690
2.213000 4.425000 0.011660
2.288000 4.425000 0.011640
2.363000 4.425000 0.011610
2.438000 4.425000 0.011580
2.513000 4.425000 0.011550
2.588000 4.425000 0.011520
2.663000 4.425000 0.011490
2.738000 4.425000 0.011460
2.813000 4.425000 0.011440
2.888000 4.425000 0.011410
2.963000 4.425000 0.011380
3.038000 4.425000 0.011360
3.113000 4.425000 0.011330
3.188000 4.425000 0.011310
3.263000 4.425000 0.011290
3.338000 4.425000 0.011270
3.413000 4.425000 0.011260
3.488000 4.425000 0.011240
3.563000 4.425000 0.011230
3.638000 4.425000 0.011220
3.713000 4.425000 0.011210
3.788000 4.425000 0.011210
3.863000 4.425000 0.000000
-0.037500 4.575000 0.000000
0.037500 4.575000 0.009316
0.112500 4.575000 0.009316
0.187500 4.575000 0.009316
0.262500 4.575000 0.009317
0.337500 4.575000 0.009317
0.412500 4.575000 0.009318
0.487500 4.575000 0.009318
0.562500 4.575000 0.009319
0.637500 4.575000 0.009319
0.712500 4.575000 0.009319
0.787500 4.575000 0.009318
0.862500 4.575000 0.009318
0.937500 4.575000 0.009316
1.012000 4.575000 0.009314
1.087000 4.575000 0.009311
1.163000 4.575000 0.009307
1.238000 4.575000 0.009302
1.313000 4.575000 0.009296
1.388000 4.575000 0.009288
1.463000 4.575000 0.009280
1.538000 4.575000 0.009270
1.613000 4.575000 0.009259
1.688000 4.575000 0.009247
1.763000 4.575000 0.009233
1.838000 4.575000 0.009218
1.913000 4.575000 0.009202
1.988000 4.575000 0.009184
2.063000 4.575000 0.009166
2.138000 4.575000 0.009146
2.213000 4.575000 0.009126
2.288000 4.575000 0.009105
2.363000 4.575000 0.009083
2.438000 4.575000 0.009061
2.513000 4.575000 0.009039
2.588000 4.575000 0.009017
2.663000 4.575000 0.008995
2.738000 4.575000 0.008973
2.813000 4.575000 0.008951
2.888000 4.575000 0.008930
2.963000 4.575000 0.008910
3.038000 4.575000 0.008891
3.113000 4.575000 0.008873
3.188000 4.575000 0.008856
3.263000 4.575000 0.008841
3.338000 4.575000 0.008826
3.413000 4.575000 0.008814
3.488000 4.575000 0.008803
3.563000 4.575000 0.008793
3.638000 4.575000 0.008785
3.713000 4.575000 0.008779
3.788000 4.575000 0.008775
3.863000 4.575000 0.000000
-0.037500 4.725000 0.000000
0.037500 4.725000 0.007504
0.112500 4.725000 0.007504
0.187500 4.725000 0.007504
0.262500 4.725000 0.007504
0.337500 4.725000 0.007505
0.412500 4.725000 0.007505
0.487500 4.725000 0.007505
0.562500 4.725000 0.007505
0.637500 4.725000 0.007505
0.712500 4.725000 0.007505
0.787500 4.725000 0.007504
0.862500 4.725000 0.007503
0.937500 4.725000 0.007501
1.012000 4.725000 0.007499
1.087000 4.725000 0.007497
1.163000 4.725000 0.007493
1.238000 4.725000 0.007489
1.313000 4.725000 0.007484
1.388000 4.725000 0.007477
1.463000 4.725000 0.007470
1.538000 4.725000 0.007462
1.613000 4.725000 0.007453
1.688000 4.725000 0.007443
1.763000 4.725000 0.007432
1.838000 4.725000 0.007420
1.913000 4.725000 0.007407
1.988000 4.725000 0.007393
2.063000 4.725000 0.007378
2.138000 4.725000 0.007363
2.213000 4.725000 0.007347
2.288000 4.725000 0.007330
2.363000 4.725000 0.007313
2.438000 4.725000 0.007295
2.513000 4.725000 0.007278
2.588000 4.725000 0.007260
2.663000 4.725000 0.007243
2.738000 4.725000 0.007225
2.813000 4.725000 0.007208
2.888000 4.725000 0.007192
2.963000 4.725000 0.007176
3.038000 4.725000 0.007161
3.113000 4.725000 0.007146
3.188000 4.725000 0.007133
3.263000 4.725000 0.007121
3.338000 4.725000 0.007110
3.413000 4.725000 0.007100
3.488000 4.725000 0.007091
3.563000 4.725000 0.007083
3.638000 4.725000 0.007077
3.713000 4.725000 0.007071
3.788000 4.725000 0.007069
3.863000 4.725000 0.000000
-0.037500 4.875000 0.000000
0.037500 4.875000 0.006355
0.112500 4.875000 0.006355
0.187500 4.875000 0.006354
0.262500 4.875000 0.006354
0.337500 4.875000 0.006354
0.412500 4.875000 0.006354
0.487500 4.875000 0.006354
0.562500 4.875000 0.006354
0.637500 4.875000 0.006353
0.712500 4.875000 0.006353
0.787500 4.875000 0.006352
0.862500 4.875000 0.006351
0.937500 4.875000 0.006349
1.012000 4.875000 0.006347
1.087000 4.875000 0.006344
1.163000 4.875000 0.006341
1.238000 4.875000 0.006337
1.313000 4.875000 0.006333
1.388000 4.875000 0.006328
1.463000 4.875000 0.006321
1.538000 4.875000 0.006314
1.613000 4.875000 0.006307
1.688000 4.875000 0.006298
1.763000 4.875000 0.006289
1.838000 4.875000 0.006278
1.913000 4.875000 0.006267
1.988000 4.875000 0.006256
2.063000 4.875000 0.006243
2.138000 4.875000 0.006230
2.213000 4.875000 0.006217
2.288000 4.875000 0.006203
2.363000 4.875000 0.006189
2.438000 4.875000 0.006174
2.513000 4.875000 0.006159
2.588000 4.875000 0.006145
2.663000 4.875000 0.006130
2.738000 4.875000 0.006116
2.813000 4.875000 0.006101
2.888000 4.875000 0.006088
2.963000 4.875000 0.006074
3.038000 4.875000 0.006062
3.113000 4.875000 0.006050
3.188000 4.875000 0.006039
3.263000 4.875000 0.006028
3.338000 4.875000 0.006019
3.413000 4.875000 0.006011
3.488000 4.875000 0.006003
3.563000 4.875000 0.005997
3.638000 4.875000 0.005991
3.713000 4.875000 0.005987
3.788000 4.875000 0.005984
3.863000 4.875000 0.000000
-0.037500 5.025000 0.000000
0.037500 5.025000 0.005798
0.112500 5.025000 0.005798
0.187500 5.025000 0.005797
0.262500 5.025000 0.005797
0.337500 5.025000 0.005797
0.412500 5.025000 0.005797
0.487500 5.025000 0.005796
0.562500 5.025000 0.005796
0.637500 5.025000 0.005796
0.712500 5.025000 0.005795
0.787500 5.025000 0.005794
0.862500 5.025000 0.005793
0.937500 5.025000 0.005792
1.012000 5.025000 0.005790
1.087000 5.025000 0.005787
1.163000 5.025000 0.005784
1.238000 5.025000 0.005780
1.313000 5.025000 0.005776
1.388000 5.025000 0.005771
1.463000 5.025000 0.005766
1.538000 5.025000 0.005759
1.613000 5.025000 0.005752
1.688000 5.025000 0.005744
1.763000 5.025000 0.005736
1.838000 5.025000 0.005726
1.913000 5.025000 0.005716
1.988000 5.025000 0.005706
2.063000 5.025000 0.005694
2.138000 5.025000 0.005683
2.213000 5.025000 0.005670
2.288000 5.025000 0.005658
2.363000 5.025000 0.005645
2.438000 5.025000 0.005632
2.513000 5.025000 0.005618
2.588000 5.025000 0.005605
2.663000 5.025000 0.005592
2.738000 5.025000 0.005579
2.813000 5.025000 0.005566
2.888000 5.025000 0.005553
2.963000 5.025000 0.005541
3.038000 5.025000 0.005530
3.113000 5.025000 0.005519
3.188000 5.025000 0.005509
3.263000 5.025000 0.005500
3.338000 5.025000 0.005492
3.413000 5.025000 0.005484
3.488000 5.025000 0.005477
3.563000 5.025000 0.005471
3.638000 5.025000 0.005466
3.713000 5.025000 0.005462
3.788000 5.025000 0.005460
3.863000 5.025000 0.000000
-0.037500 5.175000 0.000000
0.037500 5.175000 0.000000
0.112500 5.175000 0.000000
0.187500 5.175000 0.000000
0.262500 5.175000 0.000000
0.337500 5.175000 0.000000
0.412500 5.175000 0.000000
0.487500 5.175000 0.000000
0.562500 5.175000 0.000000
0.637500 5.175000 0.000000
0.712500 5.175000 0.000000
0.787500 5.175000 0.000000
0.862500 5.175000 0.000000
0.937500 5.175000 0.000000
1.012000 5.175000 0.000000
1.087000 5.175000 0.000000
1.163000 5.175000 0.000000
1.238000 5.175000 0.000000
1.313000 5.175000 0.000000
1.388000 5.175000 0.000000
1.463000 5.175000 0.000000
1.538000 5.175000 0.000000
1.613000 5.175000 0.000000
1.688000 5.175000 0.000000
1.763000 5.175000 0.000000
1.838000 5.175000 0.000000
1.913000 5.175000 0.000000
1.988000 5.175000 0.000000
2.063000 5.175000 0.000000
2.138000 5.175000 0.000000
2.213000 5.175000 0.000000
2.288000 5.175000 0.000000
2.363000 5.175000 0.000000
2.438000 5.175000 0.000000
2.513000 5.175000 0.000000
2.588000 5.175000 0.000000
2.663000 5.175000 0.000000
2.738000 5.175000 0.000000
2.813000 5.175000 0.000000
2.888000 5.175000 0.000000
2.963000 5.175000 0.000000
3.038000 5.175000 0.000000
3.113000 5.175000 0.000000
3.188000 5.175000 0.000000
3.263000 5.175000 0.000000
3.338000 5.175000 0.000000
3.413000 5.175000 0.000000
3.488000 5.175000 0.000000
3.563000 5.175000 0.000000
3.638000 5.175000 0.000000
3.713000 5.175000 0.000000
3.788000 5.175000 0.000000
3.863000 5.175000 0.000000
