-0.037500 -0.075000 0.000000
0.037500 -0.075000 0.000000
0.112500 -0.075000 0.000000
0.187500 -0.075000 0.000000
0.262500 -0.075000 0.000000
0.337500 -0.075000 0.000000
0.412500 -0.075000 0.000000
0.487500 -0.075000 0.000000
0.562500 -0.075000 0.000000
0.637500 -0.075000 0.000000
0.712500 -0.075000 0.000000
0.787500 -0.075000 0.000000
0.862500 -0.075000 0.000000
0.937500 -0.075000 0.000000
1.012000 -0.075000 0.000000
1.087000 -0.075000 0.000000
1.163000 -0.075000 0.000000
1.238000 -0.075000 0.000000
1.313000 -0.075000 0.000000
1.388000 -0.075000 0.000000
1.463000 -0.075000 0.000000
1.538000 -0.075000 0.000000
1.613000 -0.075000 0.000000
1.688000 -0.075000 0.000000
1.763000 -0.075000 0.000000
1.838000 -0.075000 0.000000
1.913000 -0.075000 0.000000
1.988000 -0.075000 0.000000
2.063000 -0.075000 0.000000
2.138000 -0.075000 0.000000
2.213000 -0.075000 0.000000
2.288000 -0.075000 0.000000
2.363000 -0.075000 0.000000
2.438000 -0.075000 0.000000
2.513000 -0.075000 0.000000
2.588000 -0.075000 0.000000
2.663000 -0.075000 0.000000
2.738000 -0.075000 0.000000
2.813000 -0.075000 0.000000
2.888000 -0.075000 0.000000
2.963000 -0.075000 0.000000
3.038000 -0.075000 0.000000
3.113000 -0.075000 0.000000
3.188000 -0.075000 0.000000
3.263000 -0.075000 0.000000
3.338000 -0.075000 0.000000
3.413000 -0.075000 0.000000
3.488000 -0.075000 0.000000
3.563000 -0.075000 0.000000
3.638000 -0.075000 0.000000
3.713000 -0.075000 0.000000
3.788000 -0.075000 0.000000
3.863000 -0.075000 0.000000
-0.037500 0.075000 0.000000
0.037500 0.075000 0.083680
0.112500 0.075000 0.167400
0.187500 0.075000 0.251000
0.262500 0.075000 0.334700
0.337500 0.075000 0.418300
0.412500 0.075000 0.501900
0.487500 0.075000 0.585300
0.562500 0.075000 0.668600
0.637500 0.075000 0.751600
0.712500 0.075000 0.834200
0.787500 0.075000 0.916200
0.862500 0.075000 0.997400
0.937500 0.075000 1.078000
1.012000 0.075000 1.156000
1.087000 0.075000 1.233000
1.163000 0.075000 1.308000
1.238000 0.075000 1.379000
1.313000 0.075000 1.447000
1.388000 0.075000 1.510000
1.463000 0.075000 1.569000
1.538000 0.075000 1.620000
1.613000 0.075000 1.665000
1.688000 0.075000 1.702000
1.763000 0.075000 1.730000
1.838000 0.075000 1.748000
1.913000 0.075000 1.757000
1.988000 0.075000 1.757000
2.063000 0.075000 1.747000
2.138000 0.075000 1.728000
2.213000 0.075000 1.702000
2.288000 0.075000 1.668000
2.363000 0.075000 1.630000
2.438000 0.075000 1.587000
2.513000 0.075000 1.541000
2.588000 0.075000 1.493000
2.663000 0.075000 1.444000
2.738000 0.075000 1.394000
2.813000 0.075000 1.345000
2.888000 0.075000 1.296000
2.963000 0.075000 1.248000
3.038000 0.075000 1.201000
3.113000 0.075000 1.156000
3.188000 0.075000 1.112000
3.263000 0.075000 1.070000
3.338000 0.075000 1.030000
3.413000 0.075000 0.991600
3.488000 0.075000 0.954700
3.563000 0.075000 0.919600
3.638000 0.075000 0.886000
3.713000 0.075000 0.854000
3.788000 0.075000 0.823500
3.863000 0.075000 0.000000
-0.037500 0.225000 0.000000
0.037500 0.225000 0.083680
0.112500 0.225000 0.167400
0.187500 0.225000 0.251000
0.262500 0.225000 0.334700
0.337500 0.225000 0.418300
0.412500 0.225000 0.501900
0.487500 0.225000 0.585300
0.562500 0.225000 0.668600
0.637500 0.225000 0.751600
0.712500 0.225000 0.834200
0.787500 0.225000 0.916200
0.862500 0.225000 0.997400
0.937500 0.225000 1.078000
1.012000 0.225000 1.156000
1.087000 0.225000 1.233000
1.163000 0.225000 1.308000
1.238000 0.225000 1.379000
1.313000 0.225000 1.447000
1.388000 0.225000 1.510000
1.463000 0.225000 1.569000
1.538000 0.225000 1.620000
1.613000 0.225000 1.665000
1.688000 0.225000 1.702000
1.763000 0.225000 1.730000
1.838000 0.225000 1.748000
1.913000 0.225000 1.757000
1.988000 0.225000 1.757000
2.063000 0.225000 1.747000
2.138000 0.225000 1.728000
2.213000 0.225000 1.702000
2.288000 0.225000 1.668000
2.363000 0.225000 1.630000
2.438000 0.225000 1.587000
2.513000 0.225000 1.541000
2.588000 0.225000 1.493000
2.663000 0.225000 1.444000
2.738000 0.225000 1.394000
2.813000 0.225000 1.345000
2.888000 0.225000 1.296000
2.963000 0.225000 1.248000
3.038000 0.225000 1.201000
3.113000 0.225000 1.156000
3.188000 0.225000 1.112000
3.263000 0.225000 1.070000
3.338000 0.225000 1.030000
3.413000 0.225000 0.991600
3.488000 0.225000 0.954700
3.563000 0.225000 0.919600
3.638000 0.225000 0.886000
3.713000 0.225000 0.854000
3.788000 0.225000 0.823500
3.863000 0.225000 0.000000
-0.037500 0.375000 0.000000
0.037500 0.375000 0.327900
0.112500 0.375000 0.349300
0.187500 0.375000 0.382800
0.262500 0.375000 0.424200
0.337500 0.375000 0.470800
0.412500 0.375000 0.520800
0.487500 0.375000 0.573200
0.562500 0.375000 0.627200
0.637500 0.375000 0.682200
0.712500 0.375000 0.737700
0.787500 0.375000 0.793500
0.862500 0.375000 0.849000
0.937500 0.375000 0.904000
1.012000 0.375000 0.958100
1.087000 0.375000 1.011000
1.163000 0.375000 1.062000
1.238000 0.375000 1.110000
1.313000 0.375000 1.156000
1.388000 0.375000 1.199000
1.463000 0.375000 1.237000
1.538000 0.375000 1.272000
1.613000 0.375000 1.301000
1.688000 0.375000 1.325000
1.763000 0.375000 1.342000
1.838000 0.375000 1.354000
1.913000 0.375000 1.359000
1.988000 0.375000 1.359000
2.063000 0.375000 1.352000
2.138000 0.375000 1.339000
2.213000 0.375000 1.322000
2.288000 0.375000 1.299000
2.363000 0.375000 1.273000
2.438000 0.375000 1.244000
2.513000 0.375000 1.213000
2.588000 0.375000 1.180000
2.663000 0.375000 1.145000
2.738000 0.375000 1.110000
2.813000 0.375000 1.075000
2.888000 0.375000 1.040000
2.963000 0.375000 1.006000
3.038000 0.375000 0.972400
3.113000 0.375000 0.939800
3.188000 0.375000 0.908400
3.263000 0.375000 0.878400
3.338000 0.375000 0.849900
3.413000 0.375000 0.823100
3.488000 0.375000 0.798200
3.563000 0.375000 0.775600
3.638000 0.375000 0.756000
3.713000 0.375000 0.740400
3.788000 0.375000 0.730700
3.863000 0.375000 0.000000
-0.037500 0.525000 0.000000
0.037500 0.525000 0.409800
0.112500 0.525000 0.417600
0.187500 0.525000 0.431900
0.262500 0.525000 0.451400
0.337500 0.525000 0.474800
0.412500 0.525000 0.501300
0.487500 0.525000 0.530100
0.562500 0.525000 0.560700
0.637500 0.525000 0.592600
0.712500 0.525000 0.625300
0.787500 0.525000 0.658400
0.862500 0.525000 0.691800
0.937500 0.525000 0.724900
1.012000 0.525000 0.757500
1.087000 0.525000 0.789300
1.163000 0.525000 0.820000
1.238000 0.525000 0.849200
1.313000 0.525000 0.876500
1.388000 0.525000 0.901800
1.463000 0.525000 0.924500
1.538000 0.525000 0.944500
1.613000 0.525000 0.961400
1.688000 0.525000 0.974900
1.763000 0.525000 0.985000
1.838000 0.525000 0.991400
1.913000 0.525000 0.994100
1.988000 0.525000 0.993100
2.063000 0.525000 0.988700
2.138000 0.525000 0.980900
2.213000 0.525000 0.970000
2.288000 0.525000 0.956500
2.363000 0.525000 0.940500
2.438000 0.525000 0.922600
2.513000 0.525000 0.903100
2.588000 0.525000 0.882300
2.663000 0.525000 0.860700
2.738000 0.525000 0.838600
2.813000 0.525000 0.816200
2.888000 0.525000 0.793900
2.963000 0.525000 0.771900
3.038000 0.525000 0.750300
3.113000 0.525000 0.729500
3.188000 0.525000 0.709500
3.263000 0.525000 0.690500
3.338000 0.525000 0.672800
3.413000 0.525000 0.656500
3.488000 0.525000 0.641800
3.563000 0.525000 0.629100
3.638000 0.525000 0.618700
3.713000 0.525000 0.611200
3.788000 0.525000 0.607100
3.863000 0.525000 0.000000
-0.037500 0.675000 0.000000
0.037500 0.675000 0.434400
0.112500 0.675000 0.437800
0.187500 0.675000 0.444500
0.262500 0.675000 0.454000
0.337500 0.675000 0.466100
0.412500 0.675000 0.480400
0.487500 0.675000 0.496500
0.562500 0.675000 0.514000
0.637500 0.675000 0.532600
0.712500 0.675000 0.552100
0.787500 0.675000 0.572100
0.862500 0.675000 0.592400
0.937500 0.675000 0.612700
1.012000 0.675000 0.632700
1.087000 0.675000 0.652200
1.163000 0.675000 0.671000
1.238000 0.675000 0.688900
1.313000 0.675000 0.705500
1.388000 0.675000 0.720800
1.463000 0.675000 0.734400
1.538000 0.675000 0.746300
1.613000 0.675000 0.756200
1.688000 0.675000 0.764000
1.763000 0.675000 0.769700
1.838000 0.675000 0.773200
1.913000 0.675000 0.774400
1.988000 0.675000 0.773400
2.063000 0.675000 0.770200
2.138000 0.675000 0.765100
2.213000 0.675000 0.758000
2.288000 0.675000 0.749300
2.363000 0.675000 0.739000
2.438000 0.675000 0.727500
2.513000 0.675000 0.714800
2.588000 0.675000 0.701300
2.663000 0.675000 0.687200
2.738000 0.675000 0.672600
2.813000 0.675000 0.657900
2.888000 0.675000 0.643100
2.963000 0.675000 0.628500
3.038000 0.675000 0.614200
3.113000 0.675000 0.600400
3.188000 0.675000 0.587300
3.263000 0.675000 0.575100
3.338000 0.675000 0.563700
3.413000 0.675000 0.553600
3.488000 0.675000 0.544700
3.563000 0.675000 0.537300
3.638000 0.675000 0.531500
3.713000 0.675000 0.527500
3.788000 0.675000 0.525500
3.863000 0.675000 0.000000
-0.037500 0.825000 0.000000
0.037500 0.825000 0.426300
0.112500 0.825000 0.428700
0.187500 0.825000 0.433300
0.262500 0.825000 0.440100
0.337500 0.825000 0.448700
0.412500 0.825000 0.459100
0.487500 0.825000 0.471000
0.562500 0.825000 0.484000
0.637500 0.825000 0.498000
0.712500 0.825000 0.512800
0.787500 0.825000 0.528000
0.862500 0.825000 0.543600
0.937500 0.825000 0.559100
1.012000 0.825000 0.574500
1.087000 0.825000 0.589600
1.163000 0.825000 0.604000
1.238000 0.825000 0.617800
1.313000 0.825000 0.630500
1.388000 0.825000 0.642200
1.463000 0.825000 0.652500
1.538000 0.825000 0.661500
1.613000 0.825000 0.669000
1.688000 0.825000 0.674800
1.763000 0.825000 0.679000
1.838000 0.825000 0.681400
1.913000 0.825000 0.682100
1.988000 0.825000 0.681100
2.063000 0.825000 0.678500
2.138000 0.825000 0.674300
2.213000 0.825000 0.668600
2.288000 0.825000 0.661600
2.363000 0.825000 0.653400
2.438000 0.825000 0.644200
2.513000 0.825000 0.634000
2.588000 0.825000 0.623200
2.663000 0.825000 0.611900
2.738000 0.825000 0.600200
2.813000 0.825000 0.588300
2.888000 0.825000 0.576400
2.963000 0.825000 0.564700
3.038000 0.825000 0.553200
3.113000 0.825000 0.542200
3.188000 0.825000 0.531700
3.263000 0.825000 0.521900
3.338000 0.825000 0.513000
3.413000 0.825000 0.505100
3.488000 0.825000 0.498200
3.563000 0.825000 0.492600
3.638000 0.825000 0.488200
3.713000 0.825000 0.485300
3.788000 0.825000 0.483800
3.863000 0.825000 0.000000
-0.037500 0.975000 0.000000
0.037500 0.975000 0.407000
0.112500 0.975000 0.408800
0.187500 0.975000 0.412200
0.262500 0.975000 0.417300
0.337500 0.975000 0.423800
0.412500 0.975000 0.431800
0.487500 0.975000 0.440800
0.562500 0.975000 0.450900
0.637500 0.975000 0.461800
0.712500 0.975000 0.473300
0.787500 0.975000 0.485300
0.862500 0.975000 0.497500
0.937500 0.975000 0.509800
1.012000 0.975000 0.521900
1.087000 0.975000 0.533800
1.163000 0.975000 0.545200
1.238000 0.975000 0.556000
1.313000 0.975000 0.566100
1.388000 0.975000 0.575200
1.463000 0.975000 0.583400
1.538000 0.975000 0.590400
1.613000 0.975000 0.596100
1.688000 0.975000 0.600600
1.763000 0.975000 0.603800
1.838000 0.975000 0.605500
1.913000 0.975000 0.605900
1.988000 0.975000 0.605000
2.063000 0.975000 0.602700
2.138000 0.975000 0.599200
2.213000 0.975000 0.594500
2.288000 0.975000 0.588700
2.363000 0.975000 0.582000
2.438000 0.975000 0.574400
2.513000 0.975000 0.566100
2.588000 0.975000 0.557200
2.663000 0.975000 0.547900
2.738000 0.975000 0.538300
2.813000 0.975000 0.528500
2.888000 0.975000 0.518700
2.963000 0.975000 0.509100
3.038000 0.975000 0.499700
3.113000 0.975000 0.490600
3.188000 0.975000 0.482100
3.263000 0.975000 0.474200
3.338000 0.975000 0.467000
3.413000 0.975000 0.460600
3.488000 0.975000 0.455100
3.563000 0.975000 0.450600
3.638000 0.975000 0.447200
3.713000 0.975000 0.444800
3.788000 0.975000 0.443700
3.863000 0.975000 0.000000
-0.037500 1.125000 0.000000
0.037500 1.125000 0.381500
0.112500 1.125000 0.382900
0.187500 1.125000 0.385600
0.262500 1.125000 0.389700
0.337500 1.125000 0.395000
0.412500 1.125000 0.401400
0.487500 1.125000 0.408800
0.562500 1.125000 0.417000
0.637500 1.125000 0.426000
0.712500 1.125000 0.435400
0.787500 1.125000 0.445300
0.862500 1.125000 0.455300
0.937500 1.125000 0.465500
1.012000 1.125000 0.475500
1.087000 1.125000 0.485400
1.163000 1.125000 0.494800
1.238000 1.125000 0.503700
1.313000 1.125000 0.512000
1.388000 1.125000 0.519600
1.463000 1.125000 0.526200
1.538000 1.125000 0.532000
1.613000 1.125000 0.536700
1.688000 1.125000 0.540300
1.763000 1.125000 0.542800
1.838000 1.125000 0.544200
1.913000 1.125000 0.544400
1.988000 1.125000 0.543500
2.063000 1.125000 0.541500
2.138000 1.125000 0.538500
2.213000 1.125000 0.534400
2.288000 1.125000 0.529500
2.363000 1.125000 0.523700
2.438000 1.125000 0.517300
2.513000 1.125000 0.510200
2.588000 1.125000 0.502600
2.663000 1.125000 0.494700
2.738000 1.125000 0.486500
2.813000 1.125000 0.478200
2.888000 1.125000 0.469900
2.963000 1.125000 0.461700
3.038000 1.125000 0.453700
3.113000 1.125000 0.446000
3.188000 1.125000 0.438800
3.263000 1.125000 0.432100
3.338000 1.125000 0.426000
3.413000 1.125000 0.420600
3.488000 1.125000 0.416000
3.563000 1.125000 0.412300
3.638000 1.125000 0.409500
3.713000 1.125000 0.407500
3.788000 1.125000 0.406600
3.863000 1.125000 0.000000
-0.037500 1.275000 0.000000
0.037500 1.275000 0.323500
0.112500 1.275000 0.324600
0.187500 1.275000 0.326700
0.262500 1.275000 0.329800
0.337500 1.275000 0.333900
0.412500 1.275000 0.338800
0.487500 1.275000 0.344400
0.562500 1.275000 0.350800
0.637500 1.275000 0.357700
0.712500 1.275000 0.365000
0.787500 1.275000 0.372600
0.862500 1.275000 0.380400
0.937500 1.275000 0.388200
1.012000 1.275000 0.396000
1.087000 1.275000 0.403600
1.163000 1.275000 0.410900
1.238000 1.275000 0.417900
1.313000 1.275000 0.424300
1.388000 1.275000 0.430100
1.463000 1.275000 0.435300
1.538000 1.275000 0.439700
1.613000 1.275000 0.443300
1.688000 1.275000 0.446100
1.763000 1.275000 0.448000
1.838000 1.275000 0.449000
1.913000 1.275000 0.449100
1.988000 1.275000 0.448300
2.063000 1.275000 0.446700
2.138000 1.275000 0.444200
2.213000 1.275000 0.441000
2.288000 1.275000 0.437100
2.363000 1.275000 0.432500
2.438000 1.275000 0.427300
2.513000 1.275000 0.421700
2.588000 1.275000 0.415700
2.663000 1.275000 0.409500
2.738000 1.275000 0.403000
2.813000 1.275000 0.396400
2.888000 1.275000 0.389800
2.963000 1.275000 0.383300
3.038000 1.275000 0.377000
3.113000 1.275000 0.370900
3.188000 1.275000 0.365200
3.263000 1.275000 0.359900
3.338000 1.275000 0.355100
3.413000 1.275000 0.350900
3.488000 1.275000 0.347300
3.563000 1.275000 0.344400
3.638000 1.275000 0.342100
3.713000 1.275000 0.340600
3.788000 1.275000 0.339900
3.863000 1.275000 0.000000
-0.037500 1.425000 0.000000
0.037500 1.425000 0.249800
0.112500 1.425000 0.250500
0.187500 1.425000 0.252000
0.262500 1.425000 0.254100
0.337500 1.425000 0.256900
0.412500 1.425000 0.260200
0.487500 1.425000 0.264100
0.562500 1.425000 0.268400
0.637500 1.425000 0.273100
0.712500 1.425000 0.278100
0.787500 1.425000 0.283300
0.862500 1.425000 0.288700
0.937500 1.425000 0.294100
1.012000 1.425000 0.299400
1.087000 1.425000 0.304700
1.163000 1.425000 0.309700
1.238000 1.425000 0.314400
1.313000 1.425000 0.318800
1.388000 1.425000 0.322800
1.463000 1.425000 0.326400
1.538000 1.425000 0.329400
1.613000 1.425000 0.331800
1.688000 1.425000 0.333700
1.763000 1.425000 0.334900
1.838000 1.425000 0.335600
1.913000 1.425000 0.335600
1.988000 1.425000 0.335000
2.063000 1.425000 0.333800
2.138000 1.425000 0.332000
2.213000 1.425000 0.329700
2.288000 1.425000 0.326900
2.363000 1.425000 0.323600
2.438000 1.425000 0.319900
2.513000 1.425000 0.316000
2.588000 1.425000 0.311700
2.663000 1.425000 0.307300
2.738000 1.425000 0.302700
2.813000 1.425000 0.298000
2.888000 1.425000 0.293300
2.963000 1.425000 0.288700
3.038000 1.425000 0.284300
3.113000 1.425000 0.280000
3.188000 1.425000 0.275900
3.263000 1.425000 0.272200
3.338000 1.425000 0.268800
3.413000 1.425000 0.265900
3.488000 1.425000 0.263300
3.563000 1.425000 0.261300
3.638000 1.425000 0.259700
3.713000 1.425000 0.258700
3.788000 1.425000 0.258100
3.863000 1.425000 0.000000
-0.037500 1.575000 0.000000
0.037500 1.575000 0.189200
0.112500 1.575000 0.189700
0.187500 1.575000 0.190700
0.262500 1.575000 0.192100
0.337500 1.575000 0.194000
0.412500 1.575000 0.196200
0.487500 1.575000 0.198900
0.562500 1.575000 0.201800
0.637500 1.575000 0.205000
0.712500 1.575000 0.208300
0.787500 1.575000 0.211900
0.862500 1.575000 0.215500
0.937500 1.575000 0.219200
1.012000 1.575000 0.222800
1.087000 1.575000 0.226300
1.163000 1.575000 0.229700
1.238000 1.575000 0.232900
1.313000 1.575000 0.235900
1.388000 1.575000 0.238600
1.463000 1.575000 0.241000
1.538000 1.575000 0.243000
1.613000 1.575000 0.244700
1.688000 1.575000 0.245900
1.763000 1.575000 0.246700
1.838000 1.575000 0.247100
1.913000 1.575000 0.247100
1.988000 1.575000 0.246600
2.063000 1.575000 0.245700
2.138000 1.575000 0.244400
2.213000 1.575000 0.242800
2.288000 1.575000 0.240800
2.363000 1.575000 0.238500
2.438000 1.575000 0.236000
2.513000 1.575000 0.233200
2.588000 1.575000 0.230200
2.663000 1.575000 0.227100
2.738000 1.575000 0.223900
2.813000 1.575000 0.220600
2.888000 1.575000 0.217300
2.963000 1.575000 0.214100
3.038000 1.575000 0.211000
3.113000 1.575000 0.208000
3.188000 1.575000 0.205200
3.263000 1.575000 0.202600
3.338000 1.575000 0.200300
3.413000 1.575000 0.198200
3.488000 1.575000 0.196500
3.563000 1.575000 0.195000
3.638000 1.575000 0.193900
3.713000 1.575000 0.193200
3.788000 1.575000 0.192800
3.863000 1.575000 0.000000
-0.037500 1.725000 0.000000
0.037500 1.725000 0.140600
0.112500 1.725000 0.140900
0.187500 1.725000 0.141600
0.262500 1.725000 0.142500
0.337500 1.725000 0.143700
0.412500 1.725000 0.145200
0.487500 1.725000 0.147000
0.562500 1.725000 0.148900
0.637500 1.725000 0.151000
0.712500 1.725000 0.153300
0.787500 1.725000 0.155600
0.862500 1.725000 0.158000
0.937500 1.725000 0.160500
1.012000 1.725000 0.162900
1.087000 1.725000 0.165300
1.163000 1.725000 0.167500
1.238000 1.725000 0.169700
1.313000 1.725000 0.171600
1.388000 1.725000 0.173400
1.463000 1.725000 0.175000
1.538000 1.725000 0.176300
1.613000 1.725000 0.177400
1.688000 1.725000 0.178200
1.763000 1.725000 0.178700
1.838000 1.725000 0.179000
1.913000 1.725000 0.178900
1.988000 1.725000 0.178500
2.063000 1.725000 0.177900
2.138000 1.725000 0.177000
2.213000 1.725000 0.175900
2.288000 1.725000 0.174500
2.363000 1.725000 0.172900
2.438000 1.725000 0.171100
2.513000 1.725000 0.169200
2.588000 1.725000 0.167200
2.663000 1.725000 0.165000
2.738000 1.725000 0.162800
2.813000 1.725000 0.160600
2.888000 1.725000 0.158300
2.963000 1.725000 0.156100
3.038000 1.725000 0.154000
3.113000 1.725000 0.151900
3.188000 1.725000 0.150000
3.263000 1.725000 0.148200
3.338000 1.725000 0.146600
3.413000 1.725000 0.145200
3.488000 1.725000 0.144000
3.563000 1.725000 0.143000
3.638000 1.725000 0.142300
3.713000 1.725000 0.141800
3.788000 1.725000 0.141500
3.863000 1.725000 0.000000
-0.037500 1.875000 0.000000
0.037500 1.875000 0.102000
0.112500 1.875000 0.102200
0.187500 1.875000 0.102600
0.262500 1.875000 0.103300
0.337500 1.875000 0.104100
0.412500 1.875000 0.105000
0.487500 1.875000 0.106100
0.562500 1.875000 0.107400
0.637500 1.875000 0.108800
0.712500 1.875000 0.110200
0.787500 1.875000 0.111800
0.862500 1.875000 0.113300
0.937500 1.875000 0.114900
1.012000 1.875000 0.116500
1.087000 1.875000 0.118000
1.163000 1.875000 0.119500
1.238000 1.875000 0.120900
1.313000 1.875000 0.122200
1.388000 1.875000 0.123300
1.463000 1.875000 0.124300
1.538000 1.875000 0.125200
1.613000 1.875000 0.125900
1.688000 1.875000 0.126400
1.763000 1.875000 0.126700
1.838000 1.875000 0.126800
1.913000 1.875000 0.126700
1.988000 1.875000 0.126500
2.063000 1.875000 0.126000
2.138000 1.875000 0.125400
2.213000 1.875000 0.124600
2.288000 1.875000 0.123700
2.363000 1.875000 0.122600
2.438000 1.875000 0.121400
2.513000 1.875000 0.120200
2.588000 1.875000 0.118800
2.663000 1.875000 0.117300
2.738000 1.875000 0.115900
2.813000 1.875000 0.114400
2.888000 1.875000 0.112900
2.963000 1.875000 0.111400
3.038000 1.875000 0.109900
3.113000 1.875000 0.108600
3.188000 1.875000 0.107300
3.263000 1.875000 0.106100
3.338000 1.875000 0.105000
3.413000 1.875000 0.104100
3.488000 1.875000 0.103300
3.563000 1.875000 0.102600
3.638000 1.875000 0.102100
3.713000 1.875000 0.101700
3.788000 1.875000 0.101600
3.863000 1.875000 0.000000
-0.037500 2.025000 0.000000
0.037500 2.025000 0.071700
0.112500 2.025000 0.071830
0.187500 2.025000 0.072080
0.262500 2.025000 0.072450
0.337500 2.025000 0.072940
0.412500 2.025000 0.073540
0.487500 2.025000 0.074230
0.562500 2.025000 0.075010
0.637500 2.025000 0.075850
0.712500 2.025000 0.076760
0.787500 2.025000 0.077700
0.862500 2.025000 0.078670
0.937500 2.025000 0.079650
1.012000 2.025000 0.080620
1.087000 2.025000 0.081560
1.163000 2.025000 0.082470
1.238000 2.025000 0.083330
1.313000 2.025000 0.084110
1.388000 2.025000 0.084820
1.463000 2.025000 0.085440
1.538000 2.025000 0.085950
1.613000 2.025000 0.086360
1.688000 2.025000 0.086660
1.763000 2.025000 0.086840
1.838000 2.025000 0.086900
1.913000 2.025000 0.086840
1.988000 2.025000 0.086650
2.063000 2.025000 0.086360
2.138000 2.025000 0.085950
2.213000 2.025000 0.085440
2.288000 2.025000 0.084830
2.363000 2.025000 0.084140
2.438000 2.025000 0.083370
2.513000 2.025000 0.082530
2.588000 2.025000 0.081650
2.663000 2.025000 0.080720
2.738000 2.025000 0.079770
2.813000 2.025000 0.078810
2.888000 2.025000 0.077850
2.963000 2.025000 0.076900
3.038000 2.025000 0.075990
3.113000 2.025000 0.075110
3.188000 2.025000 0.074290
3.263000 2.025000 0.073530
3.338000 2.025000 0.072850
3.413000 2.025000 0.072240
3.488000 2.025000 0.071730
3.563000 2.025000 0.071300
3.638000 2.025000 0.070980
3.713000 2.025000 0.070750
3.788000 2.025000 0.070650
3.863000 2.025000 0.000000
-0.037500 2.175000 0.000000
0.037500 2.175000 0.047810
0.112500 2.175000 0.047880
0.187500 2.175000 0.048020
0.262500 2.175000 0.048220
0.337500 2.175000 0.048490
0.412500 2.175000 0.048810
0.487500 2.175000 0.049190
0.562500 2.175000 0.049610
0.637500 2.175000 0.050070
0.712500 2.175000 0.050570
0.787500 2.175000 0.051080
0.862500 2.175000 0.051610
0.937500 2.175000 0.052140
1.012000 2.175000 0.052670
1.087000 2.175000 0.053180
1.163000 2.175000 0.053670
1.238000 2.175000 0.054130
1.313000 2.175000 0.054560
1.388000 2.175000 0.054930
1.463000 2.175000 0.055260
1.538000 2.175000 0.055530
1.613000 2.175000 0.055740
1.688000 2.175000 0.055890
1.763000 2.175000 0.055970
1.838000 2.175000 0.055990
1.913000 2.175000 0.055930
1.988000 2.175000 0.055810
2.063000 2.175000 0.055620
2.138000 2.175000 0.055380
2.213000 2.175000 0.055070
2.288000 2.175000 0.054710
2.363000 2.175000 0.054300
2.438000 2.175000 0.053850
2.513000 2.175000 0.053360
2.588000 2.175000 0.052850
2.663000 2.175000 0.052310
2.738000 2.175000 0.051760
2.813000 2.175000 0.051210
2.888000 2.175000 0.050650
2.963000 2.175000 0.050110
3.038000 2.175000 0.049580
3.113000 2.175000 0.049080
3.188000 2.175000 0.048610
3.263000 2.175000 0.048180
3.338000 2.175000 0.047780
3.413000 2.175000 0.047440
3.488000 2.175000 0.047140
3.563000 2.175000 0.046900
3.638000 2.175000 0.046720
3.713000 2.175000 0.046590
3.788000 2.175000 0.046530
3.863000 2.175000 0.000000
-0.037500 2.325000 0.000000
0.037500 2.325000 0.035090
0.112500 2.325000 0.035130
0.187500 2.325000 0.035210
0.262500 2.325000 0.035320
0.337500 2.325000 0.035470
0.412500 2.325000 0.035650
0.487500 2.325000 0.035860
0.562500 2.325000 0.036100
0.637500 2.325000 0.036350
0.712500 2.325000 0.036630
0.787500 2.325000 0.036920
0.862500 2.325000 0.037210
0.937500 2.325000 0.037510
1.012000 2.325000 0.037800
1.087000 2.325000 0.038080
1.163000 2.325000 0.038350
1.238000 2.325000 0.038600
1.313000 2.325000 0.038830
1.388000 2.325000 0.039040
1.463000 2.325000 0.039210
1.538000 2.325000 0.039350
1.613000 2.325000 0.039460
1.688000 2.325000 0.039520
1.763000 2.325000 0.039550
1.838000 2.325000 0.039540
1.913000 2.325000 0.039490
1.988000 2.325000 0.039400
2.063000 2.325000 0.039280
2.138000 2.325000 0.039110
2.213000 2.325000 0.038920
2.288000 2.325000 0.038690
2.363000 2.325000 0.038430
2.438000 2.325000 0.038150
2.513000 2.325000 0.037850
2.588000 2.325000 0.037540
2.663000 2.325000 0.037210
2.738000 2.325000 0.036870
2.813000 2.325000 0.036530
2.888000 2.325000 0.036200
2.963000 2.325000 0.035870
3.038000 2.325000 0.035550
3.113000 2.325000 0.035250
3.188000 2.325000 0.034960
3.263000 2.325000 0.034700
3.338000 2.325000 0.034470
3.413000 2.325000 0.034260
3.488000 2.325000 0.034090
3.563000 2.325000 0.033950
3.638000 2.325000 0.033840
3.713000 2.325000 0.033760
3.788000 2.325000 0.033730
3.863000 2.325000 0.000000
-0.037500 2.475000 0.000000
0.037500 2.475000 0.029810
0.112500 2.475000 0.029840
0.187500 2.475000 0.029890
0.262500 2.475000 0.029980
0.337500 2.475000 0.030080
0.412500 2.475000 0.030220
0.487500 2.475000 0.030370
0.562500 2.475000 0.030540
0.637500 2.475000 0.030730
0.712500 2.475000 0.030930
0.787500 2.475000 0.031140
0.862500 2.475000 0.031350
0.937500 2.475000 0.031560
1.012000 2.475000 0.031780
1.087000 2.475000 0.031980
1.163000 2.475000 0.032170
1.238000 2.475000 0.032350
1.313000 2.475000 0.032520
1.388000 2.475000 0.032660
1.463000 2.475000 0.032780
1.538000 2.475000 0.032880
1.613000 2.475000 0.032950
1.688000 2.475000 0.032990
1.763000 2.475000 0.033000
1.838000 2.475000 0.032990
1.913000 2.475000 0.032940
1.988000 2.475000 0.032870
2.063000 2.475000 0.032760
2.138000 2.475000 0.032630
2.213000 2.475000 0.032480
2.288000 2.475000 0.032300
2.363000 2.475000 0.032100
2.438000 2.475000 0.031880
2.513000 2.475000 0.031650
2.588000 2.475000 0.031400
2.663000 2.475000 0.031150
2.738000 2.475000 0.030890
2.813000 2.475000 0.030630
2.888000 2.475000 0.030380
2.963000 2.475000 0.030120
3.038000 2.475000 0.029880
3.113000 2.475000 0.029650
3.188000 2.475000 0.029430
3.263000 2.475000 0.029240
3.338000 2.475000 0.029060
3.413000 2.475000 0.028900
3.488000 2.475000 0.028770
3.563000 2.475000 0.028660
3.638000 2.475000 0.028580
3.713000 2.475000 0.028530
3.788000 2.475000 0.028500
3.863000 2.475000 0.000000
-0.037500 2.625000 0.000000
0.037500 2.625000 0.025530
0.112500 2.625000 0.025550
0.187500 2.625000 0.025590
0.262500 2.625000 0.025660
0.337500 2.625000 0.025740
0.412500 2.625000 0.025840
0.487500 2.625000 0.025950
0.562500 2.625000 0.026080
0.637500 2.625000 0.026220
0.712500 2.625000 0.026370
0.787500 2.625000 0.026530
0.862500 2.625000 0.026690
0.937500 2.625000 0.026850
1.012000 2.625000 0.027000
1.087000 2.625000 0.027160
1.163000 2.625000 0.027300
1.238000 2.625000 0.027430
1.313000 2.625000 0.027550
1.388000 2.625000 0.027660
1.463000 2.625000 0.027740
1.538000 2.625000 0.027810
1.613000 2.625000 0.027860
1.688000 2.625000 0.027890
1.763000 2.625000 0.027890
1.838000 2.625000 0.027870
1.913000 2.625000 0.027830
1.988000 2.625000 0.027760
2.063000 2.625000 0.027680
2.138000 2.625000 0.027570
2.213000 2.625000 0.027450
2.288000 2.625000 0.027300
2.363000 2.625000 0.027140
2.438000 2.625000 0.026970
2.513000 2.625000 0.026790
2.588000 2.625000 0.026590
2.663000 2.625000 0.026390
2.738000 2.625000 0.026190
2.813000 2.625000 0.025980
2.888000 2.625000 0.025780
2.963000 2.625000 0.025580
3.038000 2.625000 0.025390
3.113000 2.625000 0.025210
3.188000 2.625000 0.025050
3.263000 2.625000 0.024890
3.338000 2.625000 0.024750
3.413000 2.625000 0.024630
3.488000 2.625000 0.024530
3.563000 2.625000 0.024450
3.638000 2.625000 0.024390
3.713000 2.625000 0.024350
3.788000 2.625000 0.024320
3.863000 2.625000 0.000000
-0.037500 2.775000 0.000000
0.037500 2.775000 0.022160
0.112500 2.775000 0.022180
0.187500 2.775000 0.022210
0.262500 2.775000 0.022260
0.337500 2.775000 0.022330
0.412500 2.775000 0.022410
0.487500 2.775000 0.022500
0.562500 2.775000 0.022600
0.637500 2.775000 0.022720
0.712500 2.775000 0.022830
0.787500 2.775000 0.022960
0.862500 2.775000 0.023080
0.937500 2.775000 0.023210
1.012000 2.775000 0.023330
1.087000 2.775000 0.023450
1.163000 2.775000 0.023570
1.238000 2.775000 0.023670
1.313000 2.775000 0.023760
1.388000 2.775000 0.023840
1.463000 2.775000 0.023910
1.538000 2.775000 0.023960
1.613000 2.775000 0.024000
1.688000 2.775000 0.024010
1.763000 2.775000 0.024010
1.838000 2.775000 0.023990
1.913000 2.775000 0.023960
1.988000 2.775000 0.023900
2.063000 2.775000 0.023830
2.138000 2.775000 0.023740
2.213000 2.775000 0.023630
2.288000 2.775000 0.023510
2.363000 2.775000 0.023380
2.438000 2.775000 0.023240
2.513000 2.775000 0.023090
2.588000 2.775000 0.022930
2.663000 2.775000 0.022760
2.738000 2.775000 0.022600
2.813000 2.775000 0.022430
2.888000 2.775000 0.022260
2.963000 2.775000 0.022100
3.038000 2.775000 0.021950
3.113000 2.775000 0.021800
3.188000 2.775000 0.021660
3.263000 2.775000 0.021540
3.338000 2.775000 0.021420
3.413000 2.775000 0.021330
3.488000 2.775000 0.021250
3.563000 2.775000 0.021180
3.638000 2.775000 0.021130
3.713000 2.775000 0.021100
3.788000 2.775000 0.021080
3.863000 2.775000 0.000000
-0.037500 2.925000 0.000000
0.037500 2.925000 0.017120
0.112500 2.925000 0.017130
0.187500 2.925000 0.017160
0.262500 2.925000 0.017200
0.337500 2.925000 0.017250
0.412500 2.925000 0.017300
0.487500 2.925000 0.017370
0.562500 2.925000 0.017450
0.637500 2.925000 0.017530
0.712500 2.925000 0.017620
0.787500 2.925000 0.017710
0.862500 2.925000 0.017800
0.937500 2.925000 0.017890
1.012000 2.925000 0.017980
1.087000 2.925000 0.018070
1.163000 2.925000 0.018150
1.238000 2.925000 0.018220
1.313000 2.925000 0.018290
1.388000 2.925000 0.018350
1.463000 2.925000 0.018400
1.538000 2.925000 0.018430
1.613000 2.925000 0.018460
1.688000 2.925000 0.018470
1.763000 2.925000 0.018470
1.838000 2.925000 0.018450
1.913000 2.925000 0.018420
1.988000 2.925000 0.018380
2.063000 2.925000 0.018320
2.138000 2.925000 0.018250
2.213000 2.925000 0.018170
2.288000 2.925000 0.018080
2.363000 2.925000 0.017990
2.438000 2.925000 0.017880
2.513000 2.925000 0.017760
2.588000 2.925000 0.017640
2.663000 2.925000 0.017520
2.738000 2.925000 0.017400
2.813000 2.925000 0.017270
2.888000 2.925000 0.017150
2.963000 2.925000 0.017030
3.038000 2.925000 0.016910
3.113000 2.925000 0.016800
3.188000 2.925000 0.016700
3.263000 2.925000 0.016610
3.338000 2.925000 0.016530
3.413000 2.925000 0.016460
3.488000 2.925000 0.016400
3.563000 2.925000 0.016350
3.638000 2.925000 0.016310
3.713000 2.925000 0.016290
3.788000 2.925000 0.016270
3.863000 2.925000 0.000000
-0.037500 3.075000 0.000000
0.037500 3.075000 0.011790
0.112500 3.075000 0.011800
0.187500 3.075000 0.011810
0.262500 3.075000 0.011840
0.337500 3.075000 0.011870
0.412500 3.075000 0.011910
0.487500 3.075000 0.011950
0.562500 3.075000 0.012000
0.637500 3.075000 0.012050
0.712500 3.075000 0.012110
0.787500 3.075000 0.012160
0.862500 3.075000 0.012220
0.937500 3.075000 0.012280
1.012000 3.075000 0.012340
1.087000 3.075000 0.012390
1.163000 3.075000 0.012450
1.238000 3.075000 0.012490
1.313000 3.075000 0.012540
1.388000 3.075000 0.012570
1.463000 3.075000 0.012600
1.538000 3.075000 0.012620
1.613000 3.075000 0.012640
1.688000 3.075000 0.012640
1.763000 3.075000 0.012640
1.838000 3.075000 0.012630
1.913000 3.075000 0.012610
1.988000 3.075000 0.012580
2.063000 3.075000 0.012540
2.138000 3.075000 0.012490
2.213000 3.075000 0.012440
2.288000 3.075000 0.012380
2.363000 3.075000 0.012320
2.438000 3.075000 0.012240
2.513000 3.075000 0.012170
2.588000 3.075000 0.012090
2.663000 3.075000 0.012010
2.738000 3.075000 0.011930
2.813000 3.075000 0.011840
2.888000 3.075000 0.011760
2.963000 3.075000 0.011680
3.038000 3.075000 0.011610
3.113000 3.075000 0.011540
3.188000 3.075000 0.011470
3.263000 3.075000 0.011410
3.338000 3.075000 0.011350
3.413000 3.075000 0.011310
3.488000 3.075000 0.011270
3.563000 3.075000 0.011240
3.638000 3.075000 0.011210
3.713000 3.075000 0.011190
3.788000 3.075000 0.011190
3.863000 3.075000 0.000000
-0.037500 3.225000 0.000000
0.037500 3.225000 0.008062
0.112500 3.225000 0.008067
0.187500 3.225000 0.008078
0.262500 3.225000 0.008093
0.337500 3.225000 0.008113
0.412500 3.225000 0.008137
0.487500 3.225000 0.008164
0.562500 3.225000 0.008195
0.637500 3.225000 0.008228
0.712500 3.225000 0.008263
0.787500 3.225000 0.008299
0.862500 3.225000 0.008336
0.937500 3.225000 0.008373
1.012000 3.225000 0.008409
1.087000 3.225000 0.008444
1.163000 3.225000 0.008477
1.238000 3.225000 0.008506
1.313000 3.225000 0.008533
1.388000 3.225000 0.008555
1.463000 3.225000 0.008573
1.538000 3.225000 0.008586
1.613000 3.225000 0.008594
1.688000 3.225000 0.008597
1.763000 3.225000 0.008594
1.838000 3.225000 0.008585
1.913000 3.225000 0.008571
1.988000 3.225000 0.008551
2.063000 3.225000 0.008525
2.138000 3.225000 0.008495
2.213000 3.225000 0.008460
2.288000 3.225000 0.008420
2.363000 3.225000 0.008376
2.438000 3.225000 0.008329
2.513000 3.225000 0.008280
2.588000 3.225000 0.008228
2.663000 3.225000 0.008175
2.738000 3.225000 0.008121
2.813000 3.225000 0.008067
2.888000 3.225000 0.008014
2.963000 3.225000 0.007962
3.038000 3.225000 0.007913
3.113000 3.225000 0.007865
3.188000 3.225000 0.007822
3.263000 3.225000 0.007782
3.338000 3.225000 0.007746
3.413000 3.225000 0.007715
3.488000 3.225000 0.007689
3.563000 3.225000 0.007667
3.638000 3.225000 0.007651
3.713000 3.225000 0.007639
3.788000 3.225000 0.007635
3.863000 3.225000 0.000000
-0.037500 3.375000 0.000000
0.037500 3.375000 0.005478
0.112500 3.375000 0.005481
0.187500 3.375000 0.005487
0.262500 3.375000 0.005497
0.337500 3.375000 0.005509
0.412500 3.375000 0.005524
0.487500 3.375000 0.005541
0.562500 3.375000 0.005560
0.637500 3.375000 0.005581
0.712500 3.375000 0.005603
0.787500 3.375000 0.005626
0.862500 3.375000 0.005649
0.937500 3.375000 0.005672
1.012000 3.375000 0.005694
1.087000 3.375000 0.005716
1.163000 3.375000 0.005736
1.238000 3.375000 0.005755
1.313000 3.375000 0.005771
1.388000 3.375000 0.005785
1.463000 3.375000 0.005796
1.538000 3.375000 0.005803
1.613000 3.375000 0.005808
1.688000 3.375000 0.005809
1.763000 3.375000 0.005806
1.838000 3.375000 0.005800
1.913000 3.375000 0.005790
1.988000 3.375000 0.005776
2.063000 3.375000 0.005759
2.138000 3.375000 0.005739
2.213000 3.375000 0.005716
2.288000 3.375000 0.005690
2.363000 3.375000 0.005661
2.438000 3.375000 0.005631
2.513000 3.375000 0.005598
2.588000 3.375000 0.005564
2.663000 3.375000 0.005530
2.738000 3.375000 0.005495
2.813000 3.375000 0.005459
2.888000 3.375000 0.005425
2.963000 3.375000 0.005391
3.038000 3.375000 0.005359
3.113000 3.375000 0.005328
3.188000 3.375000 0.005299
3.263000 3.375000 0.005273
3.338000 3.375000 0.005250
3.413000 3.375000 0.005229
3.488000 3.375000 0.005212
3.563000 3.375000 0.005197
3.638000 3.375000 0.005185
3.713000 3.375000 0.005177
3.788000 3.375000 0.005174
3.863000 3.375000 0.000000
-0.037500 3.525000 0.000000
0.037500 3.525000 0.003695
0.112500 3.525000 0.003697
0.187500 3.525000 0.003701
0.262500 3.525000 0.003706
0.337500 3.525000 0.003714
0.412500 3.525000 0.003723
0.487500 3.525000 0.003734
0.562500 3.525000 0.003745
0.637500 3.525000 0.003758
0.712500 3.525000 0.003772
0.787500 3.525000 0.003786
0.862500 3.525000 0.003801
0.937500 3.525000 0.003815
1.012000 3.525000 0.003829
1.087000 3.525000 0.003843
1.163000 3.525000 0.003855
1.238000 3.525000 0.003866
1.313000 3.525000 0.003876
1.388000 3.525000 0.003885
1.463000 3.525000 0.003891
1.538000 3.525000 0.003896
1.613000 3.525000 0.003898
1.688000 3.525000 0.003898
1.763000 3.525000 0.003896
1.838000 3.525000 0.003892
1.913000 3.525000 0.003885
1.988000 3.525000 0.003876
2.063000 3.525000 0.003865
2.138000 3.525000 0.003851
2.213000 3.525000 0.003836
2.288000 3.525000 0.003819
2.363000 3.525000 0.003800
2.438000 3.525000 0.003780
2.513000 3.525000 0.003759
2.588000 3.525000 0.003737
2.663000 3.525000 0.003715
2.738000 3.525000 0.003692
2.813000 3.525000 0.003669
2.888000 3.525000 0.003647
2.963000 3.525000 0.003625
3.038000 3.525000 0.003604
3.113000 3.525000 0.003584
3.188000 3.525000 0.003566
3.263000 3.525000 0.003549
3.338000 3.525000 0.003533
3.413000 3.525000 0.003520
3.488000 3.525000 0.003508
3.563000 3.525000 0.003498
3.638000 3.525000 0.003490
3.713000 3.525000 0.003484
3.788000 3.525000 0.003482
3.863000 3.525000 0.000000
-0.037500 3.675000 0.000000
0.037500 3.675000 0.002474
0.112500 3.675000 0.002475
0.187500 3.675000 0.002477
0.262500 3.675000 0.002481
0.337500 3.675000 0.002486
0.412500 3.675000 0.002491
0.487500 3.675000 0.002498
0.562500 3.675000 0.002505
0.637500 3.675000 0.002513
0.712500 3.675000 0.002522
0.787500 3.675000 0.002530
0.862500 3.675000 0.002539
0.937500 3.675000 0.002548
1.012000 3.675000 0.002557
1.087000 3.675000 0.002565
1.163000 3.675000 0.002573
1.238000 3.675000 0.002580
1.313000 3.675000 0.002586
1.388000 3.675000 0.002591
1.463000 3.675000 0.002595
1.538000 3.675000 0.002597
1.613000 3.675000 0.002598
1.688000 3.675000 0.002598
1.763000 3.675000 0.002597
1.838000 3.675000 0.002593
1.913000 3.675000 0.002589
1.988000 3.675000 0.002583
2.063000 3.675000 0.002575
2.138000 3.675000 0.002567
2.213000 3.675000 0.002557
2.288000 3.675000 0.002546
2.363000 3.675000 0.002534
2.438000 3.675000 0.002521
2.513000 3.675000 0.002507
2.588000 3.675000 0.002493
2.663000 3.675000 0.002478
2.738000 3.675000 0.002464
2.813000 3.675000 0.002449
2.888000 3.675000 0.002435
2.963000 3.675000 0.002421
3.038000 3.675000 0.002407
3.113000 3.675000 0.002394
3.188000 3.675000 0.002382
3.263000 3.675000 0.002371
3.338000 3.675000 0.002361
3.413000 3.675000 0.002352
3.488000 3.675000 0.002345
3.563000 3.675000 0.002338
3.638000 3.675000 0.002333
3.713000 3.675000 0.002329
3.788000 3.675000 0.002327
3.863000 3.675000 0.000000
-0.037500 3.825000 0.000000
0.037500 3.825000 0.001645
0.112500 3.825000 0.001645
0.187500 3.825000 0.001647
0.262500 3.825000 0.001649
0.337500 3.825000 0.001652
0.412500 3.825000 0.001655
0.487500 3.825000 0.001659
0.562500 3.825000 0.001664
0.637500 3.825000 0.001669
0.712500 3.825000 0.001674
0.787500 3.825000 0.001679
0.862500 3.825000 0.001685
0.937500 3.825000 0.001690
1.012000 3.825000 0.001696
1.087000 3.825000 0.001701
1.163000 3.825000 0.001705
1.238000 3.825000 0.001710
1.313000 3.825000 0.001713
1.388000 3.825000 0.001716
1.463000 3.825000 0.001718
1.538000 3.825000 0.001720
1.613000 3.825000 0.001720
1.688000 3.825000 0.001720
1.763000 3.825000 0.001719
1.838000 3.825000 0.001717
1.913000 3.825000 0.001714
1.988000 3.825000 0.001710
2.063000 3.825000 0.001705
2.138000 3.825000 0.001699
2.213000 3.825000 0.001693
2.288000 3.825000 0.001686
2.363000 3.825000 0.001678
2.438000 3.825000 0.001670
2.513000 3.825000 0.001661
2.588000 3.825000 0.001652
2.663000 3.825000 0.001642
2.738000 3.825000 0.001633
2.813000 3.825000 0.001624
2.888000 3.825000 0.001614
2.963000 3.825000 0.001605
3.038000 3.825000 0.001597
3.113000 3.825000 0.001589
3.188000 3.825000 0.001581
3.263000 3.825000 0.001574
3.338000 3.825000 0.001567
3.413000 3.825000 0.001562
3.488000 3.825000 0.001557
3.563000 3.825000 0.001552
3.638000 3.825000 0.001549
3.713000 3.825000 0.001546
3.788000 3.825000 0.001545
3.863000 3.825000 0.000000
-0.037500 3.975000 0.000000
0.037500 3.975000 0.001086
0.112500 3.975000 0.001087
0.187500 3.975000 0.001087
0.262500 3.975000 0.001089
0.337500 3.975000 0.001090
0.412500 3.975000 0.001093
0.487500 3.975000 0.001095
0.562500 3.975000 0.001098
0.637500 3.975000 0.001101
0.712500 3.975000 0.001104
0.787500 3.975000 0.001107
0.862500 3.975000 0.001111
0.937500 3.975000 0.001114
1.012000 3.975000 0.001117
1.087000 3.975000 0.001120
1.163000 3.975000 0.001123
1.238000 3.975000 0.001126
1.313000 3.975000 0.001128
1.388000 3.975000 0.001130
1.463000 3.975000 0.001131
1.538000 3.975000 0.001132
1.613000 3.975000 0.001132
1.688000 3.975000 0.001132
1.763000 3.975000 0.001131
1.838000 3.975000 0.001129
1.913000 3.975000 0.001127
1.988000 3.975000 0.001125
2.063000 3.975000 0.001122
2.138000 3.975000 0.001118
2.213000 3.975000 0.001114
2.288000 3.975000 0.001109
2.363000 3.975000 0.001104
2.438000 3.975000 0.001099
2.513000 3.975000 0.001093
2.588000 3.975000 0.001087
2.663000 3.975000 0.001082
2.738000 3.975000 0.001076
2.813000 3.975000 0.001070
2.888000 3.975000 0.001064
2.963000 3.975000 0.001058
3.038000 3.975000 0.001052
3.113000 3.975000 0.001047
3.188000 3.975000 0.001042
3.263000 3.975000 0.001038
3.338000 3.975000 0.001034
3.413000 3.975000 0.001030
3.488000 3.975000 0.001027
3.563000 3.975000 0.001024
3.638000 3.975000 0.001022
3.713000 3.975000 0.001020
3.788000 3.975000 0.001019
3.863000 3.975000 0.000000
-0.037500 4.125000 0.000000
0.037500 4.125000 0.000713
0.112500 4.125000 0.000713
0.187500 4.125000 0.000714
0.262500 4.125000 0.000715
0.337500 4.125000 0.000715
0.412500 4.125000 0.000717
0.487500 4.125000 0.000718
0.562500 4.125000 0.000720
0.637500 4.125000 0.000722
0.712500 4.125000 0.000724
0.787500 4.125000 0.000726
0.862500 4.125000 0.000728
0.937500 4.125000 0.000730
1.012000 4.125000 0.000732
1.087000 4.125000 0.000734
1.163000 4.125000 0.000735
1.238000 4.125000 0.000737
1.313000 4.125000 0.000738
1.388000 4.125000 0.000739
1.463000 4.125000 0.000740
1.538000 4.125000 0.000740
1.613000 4.125000 0.000740
1.688000 4.125000 0.000740
1.763000 4.125000 0.000740
1.838000 4.125000 0.000739
1.913000 4.125000 0.000737
1.988000 4.125000 0.000736
2.063000 4.125000 0.000733
2.138000 4.125000 0.000731
2.213000 4.125000 0.000729
2.288000 4.125000 0.000726
2.363000 4.125000 0.000722
2.438000 4.125000 0.000719
2.513000 4.125000 0.000715
2.588000 4.125000 0.000712
2.663000 4.125000 0.000708
2.738000 4.125000 0.000704
2.813000 4.125000 0.000700
2.888000 4.125000 0.000697
2.963000 4.125000 0.000693
3.038000 4.125000 0.000690
3.113000 4.125000 0.000686
3.188000 4.125000 0.000683
3.263000 4.125000 0.000680
3.338000 4.125000 0.000678
3.413000 4.125000 0.000675
3.488000 4.125000 0.000673
3.563000 4.125000 0.000672
3.638000 4.125000 0.000670
3.713000 4.125000 0.000669
3.788000 4.125000 0.000669
3.863000 4.125000 0.000000
-0.037500 4.275000 0.000000
0.037500 4.275000 0.000466
0.112500 4.275000 0.000466
0.187500 4.275000 0.000466
0.262500 4.275000 0.000467
0.337500 4.275000 0.000467
0.412500 4.275000 0.000468
0.487500 4.275000 0.000469
0.562500 4.275000 0.000470
0.637500 4.275000 0.000471
0.712500 4.275000 0.000472
0.787500 4.275000 0.000474
0.862500 4.275000 0.000475
0.937500 4.275000 0.000476
1.012000 4.275000 0.000477
1.087000 4.275000 0.000478
1.163000 4.275000 0.000479
1.238000 4.275000 0.000480
1.313000 4.275000 0.000481
1.388000 4.275000 0.000482
1.463000 4.275000 0.000482
1.538000 4.275000 0.000482
1.613000 4.275000 0.000482
1.688000 4.275000 0.000482
1.763000 4.275000 0.000482
1.838000 4.275000 0.000481
1.913000 4.275000 0.000480
1.988000 4.275000 0.000479
2.063000 4.275000 0.000478
2.138000 4.275000 0.000476
2.213000 4.275000 0.000475
2.288000 4.275000 0.000473
2.363000 4.275000 0.000471
2.438000 4.275000 0.000468
2.513000 4.275000 0.000466
2.588000 4.275000 0.000464
2.663000 4.275000 0.000462
2.738000 4.275000 0.000459
2.813000 4.275000 0.000457
2.888000 4.275000 0.000454
2.963000 4.275000 0.000452
3.038000 4.275000 0.000450
3.113000 4.275000 0.000448
3.188000 4.275000 0.000446
3.263000 4.275000 0.000444
3.338000 4.275000 0.000442
3.413000 4.275000 0.000441
3.488000 4.275000 0.000440
3.563000 4.275000 0.000438
3.638000 4.275000 0.000438
3.713000 4.275000 0.000437
3.788000 4.275000 0.000437
3.863000 4.275000 0.000000
-0.037500 4.425000 0.000000
0.037500 4.425000 0.000304
0.112500 4.425000 0.000304
0.187500 4.425000 0.000304
0.262500 4.425000 0.000304
0.337500 4.425000 0.000305
0.412500 4.425000 0.000305
0.487500 4.425000 0.000306
0.562500 4.425000 0.000307
0.637500 4.425000 0.000307
0.712500 4.425000 0.000308
0.787500 4.425000 0.000309
0.862500 4.425000 0.000309
0.937500 4.425000 0.000310
1.012000 4.425000 0.000311
1.087000 4.425000 0.000312
1.163000 4.425000 0.000312
1.238000 4.425000 0.000313
1.313000 4.425000 0.000313
1.388000 4.425000 0.000314
1.463000 4.425000 0.000314
1.538000 4.425000 0.000314
1.613000 4.425000 0.000314
1.688000 4.425000 0.000314
1.763000 4.425000 0.000313
1.838000 4.425000 0.000313
1.913000 4.425000 0.000312
1.988000 4.425000 0.000312
2.063000 4.425000 0.000311
2.138000 4.425000 0.000310
2.213000 4.425000 0.000309
2.288000 4.425000 0.000308
2.363000 4.425000 0.000306
2.438000 4.425000 0.000305
2.513000 4.425000 0.000304
2.588000 4.425000 0.000302
2.663000 4.425000 0.000301
2.738000 4.425000 0.000299
2.813000 4.425000 0.000298
2.888000 4.425000 0.000296
2.963000 4.425000 0.000295
3.038000 4.425000 0.000293
3.113000 4.425000 0.000292
3.188000 4.425000 0.000291
3.263000 4.425000 0.000290
3.338000 4.425000 0.000289
3.413000 4.425000 0.000288
3.488000 4.425000 0.000287
3.563000 4.425000 0.000286
3.638000 4.425000 0.000285
3.713000 4.425000 0.000285
3.788000 4.425000 0.000285
3.863000 4.425000 0.000000
-0.037500 4.575000 0.000000
0.037500 4.575000 0.000200
0.112500 4.575000 0.000200
0.187500 4.575000 0.000200
0.262500 4.575000 0.000200
0.337500 4.575000 0.000200
0.412500 4.575000 0.000201
0.487500 4.575000 0.000201
0.562500 4.575000 0.000201
0.637500 4.575000 0.000202
0.712500 4.575000 0.000202
0.787500 4.575000 0.000203
0.862500 4.575000 0.000203
0.937500 4.575000 0.000204
1.012000 4.575000 0.000204
1.087000 4.575000 0.000204
1.163000 4.575000 0.000205
1.238000 4.575000 0.000205
1.313000 4.575000 0.000205
1.388000 4.575000 0.000205
1.463000 4.575000 0.000206
1.538000 4.575000 0.000206
1.613000 4.575000 0.000206
1.688000 4.575000 0.000205
1.763000 4.575000 0.000205
1.838000 4.575000 0.000205
1.913000 4.575000 0.000205
1.988000 4.575000 0.000204
2.063000 4.575000 0.000204
2.138000 4.575000 0.000203
2.213000 4.575000 0.000202
2.288000 4.575000 0.000202
2.363000 4.575000 0.000201
2.438000 4.575000 0.000200
2.513000 4.575000 0.000199
2.588000 4.575000 0.000198
2.663000 4.575000 0.000197
2.738000 4.575000 0.000196
2.813000 4.575000 0.000195
2.888000 4.575000 0.000194
2.963000 4.575000 0.000193
3.038000 4.575000 0.000192
3.113000 4.575000 0.000192
3.188000 4.575000 0.000191
3.263000 4.575000 0.000190
3.338000 4.575000 0.000190
3.413000 4.575000 0.000189
3.488000 4.575000 0.000188
3.563000 4.575000 0.000188
3.638000 4.575000 0.000188
3.713000 4.575000 0.000187
3.788000 4.575000 0.000187
3.863000 4.575000 0.000000
-0.037500 4.725000 0.000000
0.037500 4.725000 0.000135
0.112500 4.725000 0.000135
0.187500 4.725000 0.000135
0.262500 4.725000 0.000135
0.337500 4.725000 0.000135
0.412500 4.725000 0.000135
0.487500 4.725000 0.000135
0.562500 4.725000 0.000136
0.637500 4.725000 0.000136
0.712500 4.725000 0.000136
0.787500 4.725000 0.000137
0.862500 4.725000 0.000137
0.937500 4.725000 0.000137
1.012000 4.725000 0.000137
1.087000 4.725000 0.000137
1.163000 4.725000 0.000138
1.238000 4.725000 0.000138
1.313000 4.725000 0.000138
1.388000 4.725000 0.000138
1.463000 4.725000 0.000138
1.538000 4.725000 0.000138
1.613000 4.725000 0.000138
1.688000 4.725000 0.000138
1.763000 4.725000 0.000138
1.838000 4.725000 0.000138
1.913000 4.725000 0.000138
1.988000 4.725000 0.000137
2.063000 4.725000 0.000137
2.138000 4.725000 0.000137
2.213000 4.725000 0.000136
2.288000 4.725000 0.000136
2.363000 4.725000 0.000135
2.438000 4.725000 0.000135
2.513000 4.725000 0.000134
2.588000 4.725000 0.000133
2.663000 4.725000 0.000133
2.738000 4.725000 0.000132
2.813000 4.725000 0.000131
2.888000 4.725000 0.000131
2.963000 4.725000 0.000130
3.038000 4.725000 0.000130
3.113000 4.725000 0.000129
3.188000 4.725000 0.000129
3.263000 4.725000 0.000128
3.338000 4.725000 0.000128
3.413000 4.725000 0.000127
3.488000 4.725000 0.000127
3.563000 4.725000 0.000127
3.638000 4.725000 0.000126
3.713000 4.725000 0.000126
3.788000 4.725000 0.000126
3.863000 4.725000 0.000000
-0.037500 4.875000 0.000000
0.037500 4.875000 0.000097
0.112500 4.875000 0.000097
0.187500 4.875000 0.000097
0.262500 4.875000 0.000097
0.337500 4.875000 0.000097
0.412500 4.875000 0.000097
0.487500 4.875000 0.000097
0.562500 4.875000 0.000098
0.637500 4.875000 0.000098
0.712500 4.875000 0.000098
0.787500 4.875000 0.000098
0.862500 4.875000 0.000098
0.937500 4.875000 0.000099
1.012000 4.875000 0.000099
1.087000 4.875000 0.000099
1.163000 4.875000 0.000099
1.238000 4.875000 0.000099
1.313000 4.875000 0.000099
1.388000 4.875000 0.000099
1.463000 4.875000 0.000099
1.538000 4.875000 0.000099
1.613000 4.875000 0.000099
1.688000 4.875000 0.000099
1.763000 4.875000 0.000099
1.838000 4.875000 0.000099
1.913000 4.875000 0.000099
1.988000 4.875000 0.000099
2.063000 4.875000 0.000098
2.138000 4.875000 0.000098
2.213000 4.875000 0.000098
2.288000 4.875000 0.000097
2.363000 4.875000 0.000097
2.438000 4.875000 0.000097
2.513000 4.875000 0.000096
2.588000 4.875000 0.000096
2.663000 4.875000 0.000095
2.738000 4.875000 0.000095
2.813000 4.875000 0.000095
2.888000 4.875000 0.000094
2.963000 4.875000 0.000094
3.038000 4.875000 0.000093
3.113000 4.875000 0.000093
3.188000 4.875000 0.000093
3.263000 4.875000 0.000092
3.338000 4.875000 0.000092
3.413000 4.875000 0.000092
3.488000 4.875000 0.000091
3.563000 4.875000 0.000091
3.638000 4.875000 0.000091
3.713000 4.875000 0.000091
3.788000 4.875000 0.000091
3.863000 4.875000 0.000000
-0.037500 5.025000 0.000000
0.037500 5.025000 0.000080
0.112500 5.025000 0.000080
0.187500 5.025000 0.000080
0.262500 5.025000 0.000080
0.337500 5.025000 0.000080
0.412500 5.025000 0.000080
0.487500 5.025000 0.000080
0.562500 5.025000 0.000080
0.637500 5.025000 0.000080
0.712500 5.025000 0.000081
0.787500 5.025000 0.000081
0.862500 5.025000 0.000081
0.937500 5.025000 0.000081
1.012000 5.025000 0.000081
1.087000 5.025000 0.000081
1.163000 5.025000 0.000081
1.238000 5.025000 0.000082
1.313000 5.025000 0.000082
1.388000 5.025000 0.000082
1.463000 5.025000 0.000082
1.538000 5.025000 0.000082
1.613000 5.025000 0.000082
1.688000 5.025000 0.000082
1.763000 5.025000 0.000081
1.838000 5.025000 0.000081
1.913000 5.025000 0.000081
1.988000 5.025000 0.000081
2.063000 5.025000 0.000081
2.138000 5.025000 0.000081
2.213000 5.025000 0.000080
2.288000 5.025000 0.000080
2.363000 5.025000 0.000080
2.438000 5.025000 0.000079
2.513000 5.025000 0.000079
2.588000 5.025000 0.000079
2.663000 5.025000 0.000078
2.738000 5.025000 0.000078
2.813000 5.025000 0.000078
2.888000 5.025000 0.000077
2.963000 5.025000 0.000077
3.038000 5.025000 0.000077
3.113000 5.025000 0.000076
3.188000 5.025000 0.000076
3.263000 5.025000 0.000076
3.338000 5.025000 0.000076
3.413000 5.025000 0.000075
3.488000 5.025000 0.000075
3.563000 5.025000 0.000075
3.638000 5.025000 0.000075
3.713000 5.025000 0.000075
3.788000 5.025000 0.000075
3.863000 5.025000 0.000000
-0.037500 5.175000 0.000000
0.037500 5.175000 0.000000
0.112500 5.175000 0.000000
0.187500 5.175000 0.000000
0.262500 5.175000 0.000000
0.337500 5.175000 0.000000
0.412500 5.175000 0.000000
0.487500 5.175000 0.000000
0.562500 5.175000 0.000000
0.637500 5.175000 0.000000
0.712500 5.175000 0.000000
0.787500 5.175000 0.000000
0.862500 5.175000 0.000000
0.937500 5.175000 0.000000
1.012000 5.175000 0.000000
1.087000 5.175000 0.000000
1.163000 5.175000 0.000000
1.238000 5.175000 0.000000
1.313000 5.175000 0.000000
1.388000 5.175000 0.000000
1.463000 5.175000 0.000000
1.538000 5.175000 0.000000
1.613000 5.175000 0.000000
1.688000 5.175000 0.000000
1.763000 5.175000 0.000000
1.838000 5.175000 0.000000
1.913000 5.175000 0.000000
1.988000 5.175000 0.000000
2.063000 5.175000 0.000000
2.138000 5.175000 0.000000
2.213000 5.175000 0.000000
2.288000 5.175000 0.000000
2.363000 5.175000 0.000000
2.438000 5.175000 0.000000
2.513000 5.175000 0.000000
2.588000 5.175000 0.000000
2.663000 5.175000 0.000000
2.738000 5.175000 0.000000
2.813000 5.175000 0.000000
2.888000 5.175000 0.000000
2.963000 5.175000 0.000000
3.038000 5.175000 0.000000
3.113000 5.175000 0.000000
3.188000 5.175000 0.000000
3.263000 5.175000 0.000000
3.338000 5.175000 0.000000
3.413000 5.175000 0.000000
3.488000 5.175000 0.000000
3.563000 5.175000 0.000000
3.638000 5.175000 0.000000
3.713000 5.175000 0.000000
3.788000 5.175000 0.000000
3.863000 5.175000 0.000000
