-0.037500 -0.075000 0.000000
0.037500 -0.075000 0.000000
0.112500 -0.075000 0.000000
0.187500 -0.075000 0.000000
0.262500 -0.075000 0.000000
0.337500 -0.075000 0.000000
0.412500 -0.075000 0.000000
0.487500 -0.075000 0.000000
0.562500 -0.075000 0.000000
0.637500 -0.075000 0.000000
0.712500 -0.075000 0.000000
0.787500 -0.075000 0.000000
0.862500 -0.075000 0.000000
0.937500 -0.075000 0.000000
1.012000 -0.075000 0.000000
1.087000 -0.075000 0.000000
1.163000 -0.075000 0.000000
1.238000 -0.075000 0.000000
1.313000 -0.075000 0.000000
1.388000 -0.075000 0.000000
1.463000 -0.075000 0.000000
1.538000 -0.075000 0.000000
1.613000 -0.075000 0.000000
1.688000 -0.075000 0.000000
1.763000 -0.075000 0.000000
1.838000 -0.075000 0.000000
1.913000 -0.075000 0.000000
1.988000 -0.075000 0.000000
2.063000 -0.075000 0.000000
2.138000 -0.075000 0.000000
2.213000 -0.075000 0.000000
2.288000 -0.075000 0.000000
2.363000 -0.075000 0.000000
2.438000 -0.075000 0.000000
2.513000 -0.075000 0.000000
2.588000 -0.075000 0.000000
2.663000 -0.075000 0.000000
2.738000 -0.075000 0.000000
2.813000 -0.075000 0.000000
2.888000 -0.075000 0.000000
2.963000 -0.075000 0.000000
3.038000 -0.075000 0.000000
3.113000 -0.075000 0.000000
3.188000 -0.075000 0.000000
3.263000 -0.075000 0.000000
3.338000 -0.075000 0.000000
3.413000 -0.075000 0.000000
3.488000 -0.075000 0.000000
3.563000 -0.075000 0.000000
3.638000 -0.075000 0.000000
3.713000 -0.075000 0.000000
3.788000 -0.075000 0.000000
3.863000 -0.075000 0.000000
-0.037500 0.075000 0.000000
0.037500 0.075000 0.001090
0.112500 0.075000 0.002180
0.187500 0.075000 0.003260
0.262500 0.075000 0.004350
0.337500 0.075000 0.005440
0.412500 0.075000 0.006520
0.487500 0.075000 0.007610
0.562500 0.075000 0.008690
0.637500 0.075000 0.009770
0.712500 0.075000 0.010840
0.787500 0.075000 0.011910
0.862500 0.075000 0.012970
0.937500 0.075000 0.014010
1.012000 0.075000 0.015030
1.087000 0.075000 0.016030
1.163000 0.075000 0.017000
1.238000 0.075000 0.017930
1.313000 0.075000 0.018810
1.388000 0.075000 0.019630
1.463000 0.075000 0.020390
1.538000 0.075000 0.021060
1.613000 0.075000 0.021650
1.688000 0.075000 0.022120
1.763000 0.075000 0.022490
1.838000 0.075000 0.022730
1.913000 0.075000 0.022840
1.988000 0.075000 0.022830
2.063000 0.075000 0.022700
2.138000 0.075000 0.022460
2.213000 0.075000 0.022120
2.288000 0.075000 0.021690
2.363000 0.075000 0.021190
2.438000 0.075000 0.020630
2.513000 0.075000 0.020040
2.588000 0.075000 0.019410
2.663000 0.075000 0.018770
2.738000 0.075000 0.018120
2.813000 0.075000 0.017480
2.888000 0.075000 0.016840
2.963000 0.075000 0.016220
3.038000 0.075000 0.015610
3.113000 0.075000 0.015030
3.188000 0.075000 0.014460
3.263000 0.075000 0.013910
3.338000 0.075000 0.013390
3.413000 0.075000 0.012890
3.488000 0.075000 0.012410
3.563000 0.075000 0.011950
3.638000 0.075000 0.011520
3.713000 0.075000 0.011100
3.788000 0.075000 0.010710
3.863000 0.075000 0.000000
-0.037500 0.225000 0.000000
0.037500 0.225000 0.001090
0.112500 0.225000 0.002180
0.187500 0.225000 0.003260
0.262500 0.225000 0.004350
0.337500 0.225000 0.005440
0.412500 0.225000 0.006520
0.487500 0.225000 0.007610
0.562500 0.225000 0.008690
0.637500 0.225000 0.009770
0.712500 0.225000 0.010840
0.787500 0.225000 0.011910
0.862500 0.225000 0.012970
0.937500 0.225000 0.014010
1.012000 0.225000 0.015030
1.087000 0.225000 0.016030
1.163000 0.225000 0.017000
1.238000 0.225000 0.017930
1.313000 0.225000 0.018810
1.388000 0.225000 0.019630
1.463000 0.225000 0.020390
1.538000 0.225000 0.021060
1.613000 0.225000 0.021650
1.688000 0.225000 0.022120
1.763000 0.225000 0.022490
1.838000 0.225000 0.022730
1.913000 0.225000 0.022840
1.988000 0.225000 0.022830
2.063000 0.225000 0.022700
2.138000 0.225000 0.022460
2.213000 0.225000 0.022120
2.288000 0.225000 0.021690
2.363000 0.225000 0.021190
2.438000 0.225000 0.020630
2.513000 0.225000 0.020040
2.588000 0.225000 0.019410
2.663000 0.225000 0.018770
2.738000 0.225000 0.018120
2.813000 0.225000 0.017480
2.888000 0.225000 0.016840
2.963000 0.225000 0.016220
3.038000 0.225000 0.015610
3.113000 0.225000 0.015030
3.188000 0.225000 0.014460
3.263000 0.225000 0.013910
3.338000 0.225000 0.013390
3.413000 0.225000 0.012890
3.488000 0.225000 0.012410
3.563000 0.225000 0.011950
3.638000 0.225000 0.011520
3.713000 0.225000 0.011100
3.788000 0.225000 0.010710
3.863000 0.225000 0.000000
-0.037500 0.375000 0.000000
0.037500 0.375000 0.002008
0.112500 0.375000 0.002252
0.187500 0.375000 0.002627
0.262500 0.375000 0.003081
0.337500 0.375000 0.003584
0.412500 0.375000 0.004117
0.487500 0.375000 0.004671
0.562500 0.375000 0.005236
0.637500 0.375000 0.005809
0.712500 0.375000 0.006385
0.787500 0.375000 0.006960
0.862500 0.375000 0.007533
0.937500 0.375000 0.008098
1.012000 0.375000 0.008654
1.087000 0.375000 0.009196
1.163000 0.375000 0.009719
1.238000 0.375000 0.010220
1.313000 0.375000 0.010690
1.388000 0.375000 0.011130
1.463000 0.375000 0.011530
1.538000 0.375000 0.011890
1.613000 0.375000 0.012190
1.688000 0.375000 0.012440
1.763000 0.375000 0.012630
1.838000 0.375000 0.012750
1.913000 0.375000 0.012810
1.988000 0.375000 0.012810
2.063000 0.375000 0.012740
2.138000 0.375000 0.012610
2.213000 0.375000 0.012430
2.288000 0.375000 0.012210
2.363000 0.375000 0.011940
2.438000 0.375000 0.011650
2.513000 0.375000 0.011330
2.588000 0.375000 0.010990
2.663000 0.375000 0.010650
2.738000 0.375000 0.010290
2.813000 0.375000 0.009942
2.888000 0.375000 0.009591
2.963000 0.375000 0.009247
3.038000 0.375000 0.008910
3.113000 0.375000 0.008584
3.188000 0.375000 0.008268
3.263000 0.375000 0.007966
3.338000 0.375000 0.007677
3.413000 0.375000 0.007404
3.488000 0.375000 0.007148
3.563000 0.375000 0.006912
3.638000 0.375000 0.006702
3.713000 0.375000 0.006530
3.788000 0.375000 0.006419
3.863000 0.375000 0.000000
-0.037500 0.525000 0.000000
0.037500 0.525000 0.001553
0.112500 0.525000 0.001625
0.187500 0.525000 0.001756
0.262500 0.525000 0.001933
0.337500 0.525000 0.002141
0.412500 0.525000 0.002373
0.487500 0.525000 0.002622
0.562500 0.525000 0.002882
0.637500 0.525000 0.003150
0.712500 0.525000 0.003423
0.787500 0.525000 0.003697
0.862500 0.525000 0.003972
0.937500 0.525000 0.004243
1.012000 0.525000 0.004511
1.087000 0.525000 0.004771
1.163000 0.525000 0.005022
1.238000 0.525000 0.005262
1.313000 0.525000 0.005487
1.388000 0.525000 0.005696
1.463000 0.525000 0.005885
1.538000 0.525000 0.006052
1.613000 0.525000 0.006194
1.688000 0.525000 0.006309
1.763000 0.525000 0.006395
1.838000 0.525000 0.006452
1.913000 0.525000 0.006478
1.988000 0.525000 0.006475
2.063000 0.525000 0.006442
2.138000 0.525000 0.006383
2.213000 0.525000 0.006298
2.288000 0.525000 0.006192
2.363000 0.525000 0.006067
2.438000 0.525000 0.005926
2.513000 0.525000 0.005774
2.588000 0.525000 0.005612
2.663000 0.525000 0.005444
2.738000 0.525000 0.005273
2.813000 0.525000 0.005101
2.888000 0.525000 0.004929
2.963000 0.525000 0.004760
3.038000 0.525000 0.004594
3.113000 0.525000 0.004434
3.188000 0.525000 0.004280
3.263000 0.525000 0.004133
3.338000 0.525000 0.003994
3.413000 0.525000 0.003865
3.488000 0.525000 0.003747
3.563000 0.525000 0.003642
3.638000 0.525000 0.003553
3.713000 0.525000 0.003481
3.788000 0.525000 0.003429
3.863000 0.525000 0.000000
-0.037500 0.675000 0.000000
0.037500 0.675000 0.001147
0.112500 0.675000 0.001170
0.187500 0.675000 0.001217
0.262500 0.675000 0.001285
0.337500 0.675000 0.001369
0.412500 0.675000 0.001468
0.487500 0.675000 0.001577
0.562500 0.675000 0.001694
0.637500 0.675000 0.001818
0.712500 0.675000 0.001946
0.787500 0.675000 0.002076
0.862500 0.675000 0.002207
0.937500 0.675000 0.002338
1.012000 0.675000 0.002467
1.087000 0.675000 0.002592
1.163000 0.675000 0.002713
1.238000 0.675000 0.002828
1.313000 0.675000 0.002936
1.388000 0.675000 0.003036
1.463000 0.675000 0.003125
1.538000 0.675000 0.003204
1.613000 0.675000 0.003270
1.688000 0.675000 0.003324
1.763000 0.675000 0.003365
1.838000 0.675000 0.003391
1.913000 0.675000 0.003403
1.988000 0.675000 0.003401
2.063000 0.675000 0.003386
2.138000 0.675000 0.003358
2.213000 0.675000 0.003319
2.288000 0.675000 0.003269
2.363000 0.675000 0.003210
2.438000 0.675000 0.003143
2.513000 0.675000 0.003069
2.588000 0.675000 0.002991
2.663000 0.675000 0.002909
2.738000 0.675000 0.002825
2.813000 0.675000 0.002741
2.888000 0.675000 0.002656
2.963000 0.675000 0.002572
3.038000 0.675000 0.002490
3.113000 0.675000 0.002411
3.188000 0.675000 0.002335
3.263000 0.675000 0.002264
3.338000 0.675000 0.002199
3.413000 0.675000 0.002139
3.488000 0.675000 0.002087
3.563000 0.675000 0.002044
3.638000 0.675000 0.002010
3.713000 0.675000 0.001985
3.788000 0.675000 0.001970
3.863000 0.675000 0.000000
-0.037500 0.825000 0.000000
0.037500 0.825000 0.000898
0.112500 0.825000 0.000912
0.187500 0.825000 0.000938
0.262500 0.825000 0.000978
0.337500 0.825000 0.001028
0.412500 0.825000 0.001087
0.487500 0.825000 0.001154
0.562500 0.825000 0.001227
0.637500 0.825000 0.001304
0.712500 0.825000 0.001385
0.787500 0.825000 0.001468
0.862500 0.825000 0.001552
0.937500 0.825000 0.001636
1.012000 0.825000 0.001719
1.087000 0.825000 0.001800
1.163000 0.825000 0.001878
1.238000 0.825000 0.001952
1.313000 0.825000 0.002022
1.388000 0.825000 0.002086
1.463000 0.825000 0.002143
1.538000 0.825000 0.002193
1.613000 0.825000 0.002236
1.688000 0.825000 0.002270
1.763000 0.825000 0.002296
1.838000 0.825000 0.002313
1.913000 0.825000 0.002320
1.988000 0.825000 0.002320
2.063000 0.825000 0.002310
2.138000 0.825000 0.002292
2.213000 0.825000 0.002267
2.288000 0.825000 0.002236
2.363000 0.825000 0.002198
2.438000 0.825000 0.002155
2.513000 0.825000 0.002108
2.588000 0.825000 0.002057
2.663000 0.825000 0.002004
2.738000 0.825000 0.001949
2.813000 0.825000 0.001894
2.888000 0.825000 0.001839
2.963000 0.825000 0.001784
3.038000 0.825000 0.001731
3.113000 0.825000 0.001679
3.188000 0.825000 0.001631
3.263000 0.825000 0.001586
3.338000 0.825000 0.001544
3.413000 0.825000 0.001508
3.488000 0.825000 0.001477
3.563000 0.825000 0.001452
3.638000 0.825000 0.001434
3.713000 0.825000 0.001423
3.788000 0.825000 0.001417
3.863000 0.825000 0.000000
-0.037500 0.975000 0.000000
0.037500 0.975000 0.000680
0.112500 0.975000 0.000689
0.187500 0.975000 0.000705
0.262500 0.975000 0.000730
0.337500 0.975000 0.000761
0.412500 0.975000 0.000798
0.487500 0.975000 0.000840
0.562500 0.975000 0.000886
0.637500 0.975000 0.000936
0.712500 0.975000 0.000988
0.787500 0.975000 0.001042
0.862500 0.975000 0.001097
0.937500 0.975000 0.001151
1.012000 0.975000 0.001205
1.087000 0.975000 0.001258
1.163000 0.975000 0.001309
1.238000 0.975000 0.001358
1.313000 0.975000 0.001403
1.388000 0.975000 0.001445
1.463000 0.975000 0.001482
1.538000 0.975000 0.001515
1.613000 0.975000 0.001543
1.688000 0.975000 0.001565
1.763000 0.975000 0.001582
1.838000 0.975000 0.001593
1.913000 0.975000 0.001598
1.988000 0.975000 0.001598
2.063000 0.975000 0.001592
2.138000 0.975000 0.001581
2.213000 0.975000 0.001565
2.288000 0.975000 0.001544
2.363000 0.975000 0.001520
2.438000 0.975000 0.001492
2.513000 0.975000 0.001461
2.588000 0.975000 0.001428
2.663000 0.975000 0.001393
2.738000 0.975000 0.001357
2.813000 0.975000 0.001321
2.888000 0.975000 0.001284
2.963000 0.975000 0.001248
3.038000 0.975000 0.001214
3.113000 0.975000 0.001180
3.188000 0.975000 0.001149
3.263000 0.975000 0.001120
3.338000 0.975000 0.001094
3.413000 0.975000 0.001071
3.488000 0.975000 0.001053
3.563000 0.975000 0.001039
3.638000 0.975000 0.001029
3.713000 0.975000 0.001025
3.788000 0.975000 0.001023
3.863000 0.975000 0.000000
-0.037500 1.125000 0.000000
0.037500 1.125000 0.000522
0.112500 1.125000 0.000528
0.187500 1.125000 0.000540
0.262500 1.125000 0.000556
0.337500 1.125000 0.000577
0.412500 1.125000 0.000602
0.487500 1.125000 0.000631
0.562500 1.125000 0.000663
0.637500 1.125000 0.000697
0.712500 1.125000 0.000733
0.787500 1.125000 0.000770
0.862500 1.125000 0.000808
0.937500 1.125000 0.000846
1.012000 1.125000 0.000883
1.087000 1.125000 0.000920
1.163000 1.125000 0.000956
1.238000 1.125000 0.000990
1.313000 1.125000 0.001021
1.388000 1.125000 0.001050
1.463000 1.125000 0.001076
1.538000 1.125000 0.001099
1.613000 1.125000 0.001119
1.688000 1.125000 0.001134
1.763000 1.125000 0.001146
1.838000 1.125000 0.001154
1.913000 1.125000 0.001158
1.988000 1.125000 0.001157
2.063000 1.125000 0.001153
2.138000 1.125000 0.001146
2.213000 1.125000 0.001135
2.288000 1.125000 0.001121
2.363000 1.125000 0.001104
2.438000 1.125000 0.001084
2.513000 1.125000 0.001063
2.588000 1.125000 0.001040
2.663000 1.125000 0.001016
2.738000 1.125000 0.000991
2.813000 1.125000 0.000965
2.888000 1.125000 0.000940
2.963000 1.125000 0.000915
3.038000 1.125000 0.000891
3.113000 1.125000 0.000868
3.188000 1.125000 0.000846
3.263000 1.125000 0.000826
3.338000 1.125000 0.000809
3.413000 1.125000 0.000794
3.488000 1.125000 0.000782
3.563000 1.125000 0.000773
3.638000 1.125000 0.000768
3.713000 1.125000 0.000766
3.788000 1.125000 0.000766
3.863000 1.125000 0.000000
-0.037500 1.275000 0.000000
0.037500 1.275000 0.000314
0.112500 1.275000 0.000317
0.187500 1.275000 0.000324
0.262500 1.275000 0.000334
0.337500 1.275000 0.000346
0.412500 1.275000 0.000361
0.487500 1.275000 0.000378
0.562500 1.275000 0.000396
0.637500 1.275000 0.000416
0.712500 1.275000 0.000437
0.787500 1.275000 0.000458
0.862500 1.275000 0.000481
0.937500 1.275000 0.000503
1.012000 1.275000 0.000525
1.087000 1.275000 0.000547
1.163000 1.275000 0.000568
1.238000 1.275000 0.000587
1.313000 1.275000 0.000606
1.388000 1.275000 0.000623
1.463000 1.275000 0.000638
1.538000 1.275000 0.000652
1.613000 1.275000 0.000663
1.688000 1.275000 0.000672
1.763000 1.275000 0.000679
1.838000 1.275000 0.000684
1.913000 1.275000 0.000687
1.988000 1.275000 0.000687
2.063000 1.275000 0.000684
2.138000 1.275000 0.000680
2.213000 1.275000 0.000674
2.288000 1.275000 0.000666
2.363000 1.275000 0.000656
2.438000 1.275000 0.000645
2.513000 1.275000 0.000632
2.588000 1.275000 0.000619
2.663000 1.275000 0.000605
2.738000 1.275000 0.000591
2.813000 1.275000 0.000576
2.888000 1.275000 0.000561
2.963000 1.275000 0.000547
3.038000 1.275000 0.000533
3.113000 1.275000 0.000519
3.188000 1.275000 0.000507
3.263000 1.275000 0.000496
3.338000 1.275000 0.000486
3.413000 1.275000 0.000478
3.488000 1.275000 0.000472
3.563000 1.275000 0.000468
3.638000 1.275000 0.000466
3.713000 1.275000 0.000466
3.788000 1.275000 0.000466
3.863000 1.275000 0.000000
-0.037500 1.425000 0.000000
0.037500 1.425000 0.000156
0.112500 1.425000 0.000157
0.187500 1.425000 0.000160
0.262500 1.425000 0.000165
0.337500 1.425000 0.000171
0.412500 1.425000 0.000178
0.487500 1.425000 0.000186
0.562500 1.425000 0.000195
0.637500 1.425000 0.000204
0.712500 1.425000 0.000214
0.787500 1.425000 0.000224
0.862500 1.425000 0.000235
0.937500 1.425000 0.000246
1.012000 1.425000 0.000256
1.087000 1.425000 0.000267
1.163000 1.425000 0.000277
1.238000 1.425000 0.000286
1.313000 1.425000 0.000295
1.388000 1.425000 0.000303
1.463000 1.425000 0.000311
1.538000 1.425000 0.000317
1.613000 1.425000 0.000323
1.688000 1.425000 0.000327
1.763000 1.425000 0.000331
1.838000 1.425000 0.000333
1.913000 1.425000 0.000334
1.988000 1.425000 0.000334
2.063000 1.425000 0.000334
2.138000 1.425000 0.000332
2.213000 1.425000 0.000329
2.288000 1.425000 0.000325
2.363000 1.425000 0.000320
2.438000 1.425000 0.000315
2.513000 1.425000 0.000309
2.588000 1.425000 0.000303
2.663000 1.425000 0.000296
2.738000 1.425000 0.000289
2.813000 1.425000 0.000282
2.888000 1.425000 0.000275
2.963000 1.425000 0.000269
3.038000 1.425000 0.000262
3.113000 1.425000 0.000256
3.188000 1.425000 0.000250
3.263000 1.425000 0.000245
3.338000 1.425000 0.000241
3.413000 1.425000 0.000238
3.488000 1.425000 0.000235
3.563000 1.425000 0.000234
3.638000 1.425000 0.000233
3.713000 1.425000 0.000233
3.788000 1.425000 0.000233
3.863000 1.425000 0.000000
-0.037500 1.575000 0.000000
0.037500 1.575000 0.000075
0.112500 1.575000 0.000076
0.187500 1.575000 0.000078
0.262500 1.575000 0.000080
0.337500 1.575000 0.000082
0.412500 1.575000 0.000086
0.487500 1.575000 0.000089
0.562500 1.575000 0.000094
0.637500 1.575000 0.000098
0.712500 1.575000 0.000103
0.787500 1.575000 0.000107
0.862500 1.575000 0.000112
0.937500 1.575000 0.000117
1.012000 1.575000 0.000123
1.087000 1.575000 0.000127
1.163000 1.575000 0.000132
1.238000 1.575000 0.000137
1.313000 1.575000 0.000141
1.388000 1.575000 0.000145
1.463000 1.575000 0.000148
1.538000 1.575000 0.000151
1.613000 1.575000 0.000154
1.688000 1.575000 0.000156
1.763000 1.575000 0.000158
1.838000 1.575000 0.000159
1.913000 1.575000 0.000160
1.988000 1.575000 0.000160
2.063000 1.575000 0.000159
2.138000 1.575000 0.000158
2.213000 1.575000 0.000157
2.288000 1.575000 0.000155
2.363000 1.575000 0.000153
2.438000 1.575000 0.000151
2.513000 1.575000 0.000148
2.588000 1.575000 0.000145
2.663000 1.575000 0.000142
2.738000 1.575000 0.000139
2.813000 1.575000 0.000136
2.888000 1.575000 0.000133
2.963000 1.575000 0.000129
3.038000 1.575000 0.000126
3.113000 1.575000 0.000124
3.188000 1.575000 0.000121
3.263000 1.575000 0.000119
3.338000 1.575000 0.000117
3.413000 1.575000 0.000116
3.488000 1.575000 0.000115
3.563000 1.575000 0.000114
3.638000 1.575000 0.000114
3.713000 1.575000 0.000114
3.788000 1.575000 0.000114
3.863000 1.575000 0.000000
-0.037500 1.725000 0.000000
0.037500 1.725000 0.000035
0.112500 1.725000 0.000036
0.187500 1.725000 0.000036
0.262500 1.725000 0.000037
0.337500 1.725000 0.000039
0.412500 1.725000 0.000040
0.487500 1.725000 0.000042
0.562500 1.725000 0.000044
0.637500 1.725000 0.000046
0.712500 1.725000 0.000048
0.787500 1.725000 0.000050
0.862500 1.725000 0.000052
0.937500 1.725000 0.000055
1.012000 1.725000 0.000057
1.087000 1.725000 0.000059
1.163000 1.725000 0.000061
1.238000 1.725000 0.000063
1.313000 1.725000 0.000065
1.388000 1.725000 0.000067
1.463000 1.725000 0.000069
1.538000 1.725000 0.000070
1.613000 1.725000 0.000071
1.688000 1.725000 0.000072
1.763000 1.725000 0.000073
1.838000 1.725000 0.000074
1.913000 1.725000 0.000074
1.988000 1.725000 0.000074
2.063000 1.725000 0.000074
2.138000 1.725000 0.000074
2.213000 1.725000 0.000073
2.288000 1.725000 0.000072
2.363000 1.725000 0.000071
2.438000 1.725000 0.000070
2.513000 1.725000 0.000069
2.588000 1.725000 0.000068
2.663000 1.725000 0.000066
2.738000 1.725000 0.000065
2.813000 1.725000 0.000064
2.888000 1.725000 0.000062
2.963000 1.725000 0.000061
3.038000 1.725000 0.000059
3.113000 1.725000 0.000058
3.188000 1.725000 0.000057
3.263000 1.725000 0.000056
3.338000 1.725000 0.000055
3.413000 1.725000 0.000055
3.488000 1.725000 0.000055
3.563000 1.725000 0.000054
3.638000 1.725000 0.000054
3.713000 1.725000 0.000055
3.788000 1.725000 0.000054
3.863000 1.725000 0.000000
-0.037500 1.875000 0.000000
0.037500 1.875000 0.000016
0.112500 1.875000 0.000016
0.187500 1.875000 0.000016
0.262500 1.875000 0.000017
0.337500 1.875000 0.000017
0.412500 1.875000 0.000018
0.487500 1.875000 0.000019
0.562500 1.875000 0.000020
0.637500 1.875000 0.000021
0.712500 1.875000 0.000022
0.787500 1.875000 0.000023
0.862500 1.875000 0.000024
0.937500 1.875000 0.000025
1.012000 1.875000 0.000026
1.087000 1.875000 0.000027
1.163000 1.875000 0.000028
1.238000 1.875000 0.000029
1.313000 1.875000 0.000029
1.388000 1.875000 0.000030
1.463000 1.875000 0.000031
1.538000 1.875000 0.000032
1.613000 1.875000 0.000032
1.688000 1.875000 0.000033
1.763000 1.875000 0.000033
1.838000 1.875000 0.000033
1.913000 1.875000 0.000033
1.988000 1.875000 0.000033
2.063000 1.875000 0.000033
2.138000 1.875000 0.000033
2.213000 1.875000 0.000033
2.288000 1.875000 0.000033
2.363000 1.875000 0.000032
2.438000 1.875000 0.000032
2.513000 1.875000 0.000031
2.588000 1.875000 0.000031
2.663000 1.875000 0.000030
2.738000 1.875000 0.000029
2.813000 1.875000 0.000029
2.888000 1.875000 0.000028
2.963000 1.875000 0.000028
3.038000 1.875000 0.000027
3.113000 1.875000 0.000027
3.188000 1.875000 0.000026
3.263000 1.875000 0.000026
3.338000 1.875000 0.000025
3.413000 1.875000 0.000025
3.488000 1.875000 0.000025
3.563000 1.875000 0.000025
3.638000 1.875000 0.000025
3.713000 1.875000 0.000025
3.788000 1.875000 0.000025
3.863000 1.875000 0.000000
-0.037500 2.025000 0.000000
0.037500 2.025000 0.000007
0.112500 2.025000 0.000007
0.187500 2.025000 0.000007
0.262500 2.025000 0.000007
0.337500 2.025000 0.000007
0.412500 2.025000 0.000008
0.487500 2.025000 0.000008
0.562500 2.025000 0.000008
0.637500 2.025000 0.000009
0.712500 2.025000 0.000009
0.787500 2.025000 0.000010
0.862500 2.025000 0.000010
0.937500 2.025000 0.000011
1.012000 2.025000 0.000011
1.087000 2.025000 0.000011
1.163000 2.025000 0.000012
1.238000 2.025000 0.000012
1.313000 2.025000 0.000013
1.388000 2.025000 0.000013
1.463000 2.025000 0.000013
1.538000 2.025000 0.000014
1.613000 2.025000 0.000014
1.688000 2.025000 0.000014
1.763000 2.025000 0.000014
1.838000 2.025000 0.000014
1.913000 2.025000 0.000014
1.988000 2.025000 0.000014
2.063000 2.025000 0.000014
2.138000 2.025000 0.000014
2.213000 2.025000 0.000014
2.288000 2.025000 0.000014
2.363000 2.025000 0.000014
2.438000 2.025000 0.000014
2.513000 2.025000 0.000014
2.588000 2.025000 0.000013
2.663000 2.025000 0.000013
2.738000 2.025000 0.000013
2.813000 2.025000 0.000013
2.888000 2.025000 0.000012
2.963000 2.025000 0.000012
3.038000 2.025000 0.000012
3.113000 2.025000 0.000012
3.188000 2.025000 0.000011
3.263000 2.025000 0.000011
3.338000 2.025000 0.000011
3.413000 2.025000 0.000011
3.488000 2.025000 0.000011
3.563000 2.025000 0.000011
3.638000 2.025000 0.000011
3.713000 2.025000 0.000011
3.788000 2.025000 0.000011
3.863000 2.025000 0.000000
-0.037500 2.175000 0.000000
0.037500 2.175000 0.000003
0.112500 2.175000 0.000003
0.187500 2.175000 0.000003
0.262500 2.175000 0.000003
0.337500 2.175000 0.000003
0.412500 2.175000 0.000003
0.487500 2.175000 0.000003
0.562500 2.175000 0.000003
0.637500 2.175000 0.000003
0.712500 2.175000 0.000003
0.787500 2.175000 0.000004
0.862500 2.175000 0.000004
0.937500 2.175000 0.000004
1.012000 2.175000 0.000004
1.087000 2.175000 0.000004
1.163000 2.175000 0.000004
1.238000 2.175000 0.000005
1.313000 2.175000 0.000005
1.388000 2.175000 0.000005
1.463000 2.175000 0.000005
1.538000 2.175000 0.000005
1.613000 2.175000 0.000005
1.688000 2.175000 0.000005
1.763000 2.175000 0.000005
1.838000 2.175000 0.000005
1.913000 2.175000 0.000005
1.988000 2.175000 0.000005
2.063000 2.175000 0.000005
2.138000 2.175000 0.000005
2.213000 2.175000 0.000005
2.288000 2.175000 0.000005
2.363000 2.175000 0.000005
2.438000 2.175000 0.000005
2.513000 2.175000 0.000005
2.588000 2.175000 0.000005
2.663000 2.175000 0.000005
2.738000 2.175000 0.000005
2.813000 2.175000 0.000005
2.888000 2.175000 0.000005
2.963000 2.175000 0.000005
3.038000 2.175000 0.000004
3.113000 2.175000 0.000004
3.188000 2.175000 0.000004
3.263000 2.175000 0.000004
3.338000 2.175000 0.000004
3.413000 2.175000 0.000004
3.488000 2.175000 0.000004
3.563000 2.175000 0.000004
3.638000 2.175000 0.000004
3.713000 2.175000 0.000004
3.788000 2.175000 0.000004
3.863000 2.175000 0.000000
-0.037500 2.325000 0.000000
0.037500 2.325000 0.000001
0.112500 2.325000 0.000001
0.187500 2.325000 0.000001
0.262500 2.325000 0.000001
0.337500 2.325000 0.000001
0.412500 2.325000 0.000001
0.487500 2.325000 0.000001
0.562500 2.325000 0.000001
0.637500 2.325000 0.000001
0.712500 2.325000 0.000001
0.787500 2.325000 0.000001
0.862500 2.325000 0.000002
0.937500 2.325000 0.000002
1.012000 2.325000 0.000002
1.087000 2.325000 0.000002
1.163000 2.325000 0.000002
1.238000 2.325000 0.000002
1.313000 2.325000 0.000002
1.388000 2.325000 0.000002
1.463000 2.325000 0.000002
1.538000 2.325000 0.000002
1.613000 2.325000 0.000002
1.688000 2.325000 0.000002
1.763000 2.325000 0.000002
1.838000 2.325000 0.000002
1.913000 2.325000 0.000002
1.988000 2.325000 0.000002
2.063000 2.325000 0.000002
2.138000 2.325000 0.000002
2.213000 2.325000 0.000002
2.288000 2.325000 0.000002
2.363000 2.325000 0.000002
2.438000 2.325000 0.000002
2.513000 2.325000 0.000002
2.588000 2.325000 0.000002
2.663000 2.325000 0.000002
2.738000 2.325000 0.000002
2.813000 2.325000 0.000002
2.888000 2.325000 0.000002
2.963000 2.325000 0.000002
3.038000 2.325000 0.000002
3.113000 2.325000 0.000002
3.188000 2.325000 0.000002
3.263000 2.325000 0.000002
3.338000 2.325000 0.000002
3.413000 2.325000 0.000002
3.488000 2.325000 0.000002
3.563000 2.325000 0.000002
3.638000 2.325000 0.000002
3.713000 2.325000 0.000002
3.788000 2.325000 0.000002
3.863000 2.325000 0.000000
-0.037500 2.475000 0.000000
0.037500 2.475000 0.000001
0.112500 2.475000 0.000001
0.187500 2.475000 0.000001
0.262500 2.475000 0.000001
0.337500 2.475000 0.000001
0.412500 2.475000 0.000001
0.487500 2.475000 0.000001
0.562500 2.475000 0.000001
0.637500 2.475000 0.000001
0.712500 2.475000 0.000001
0.787500 2.475000 0.000001
0.862500 2.475000 0.000001
0.937500 2.475000 0.000001
1.012000 2.475000 0.000001
1.087000 2.475000 0.000001
1.163000 2.475000 0.000001
1.238000 2.475000 0.000001
1.313000 2.475000 0.000001
1.388000 2.475000 0.000001
1.463000 2.475000 0.000001
1.538000 2.475000 0.000001
1.613000 2.475000 0.000001
1.688000 2.475000 0.000001
1.763000 2.475000 0.000001
1.838000 2.475000 0.000001
1.913000 2.475000 0.000001
1.988000 2.475000 0.000001
2.063000 2.475000 0.000001
2.138000 2.475000 0.000001
2.213000 2.475000 0.000001
2.288000 2.475000 0.000001
2.363000 2.475000 0.000001
2.438000 2.475000 0.000001
2.513000 2.475000 0.000001
2.588000 2.475000 0.000001
2.663000 2.475000 0.000001
2.738000 2.475000 0.000001
2.813000 2.475000 0.000001
2.888000 2.475000 0.000001
2.963000 2.475000 0.000001
3.038000 2.475000 0.000001
3.113000 2.475000 0.000001
3.188000 2.475000 0.000001
3.263000 2.475000 0.000001
3.338000 2.475000 0.000001
3.413000 2.475000 0.000001
3.488000 2.475000 0.000001
3.563000 2.475000 0.000001
3.638000 2.475000 0.000001
3.713000 2.475000 0.000001
3.788000 2.475000 0.000001
3.863000 2.475000 0.000000
-0.037500 2.625000 0.000000
0.037500 2.625000 0.000000
0.112500 2.625000 0.000000
0.187500 2.625000 0.000000
0.262500 2.625000 0.000000
0.337500 2.625000 0.000000
0.412500 2.625000 0.000000
0.487500 2.625000 0.000000
0.562500 2.625000 0.000000
0.637500 2.625000 0.000000
0.712500 2.625000 0.000000
0.787500 2.625000 0.000000
0.862500 2.625000 0.000000
0.937500 2.625000 0.000000
1.012000 2.625000 0.000000
1.087000 2.625000 0.000001
1.163000 2.625000 0.000001
1.238000 2.625000 0.000001
1.313000 2.625000 0.000001
1.388000 2.625000 0.000001
1.463000 2.625000 0.000001
1.538000 2.625000 0.000001
1.613000 2.625000 0.000001
1.688000 2.625000 0.000001
1.763000 2.625000 0.000001
1.838000 2.625000 0.000001
1.913000 2.625000 0.000001
1.988000 2.625000 0.000001
2.063000 2.625000 0.000001
2.138000 2.625000 0.000001
2.213000 2.625000 0.000001
2.288000 2.625000 0.000001
2.363000 2.625000 0.000001
2.438000 2.625000 0.000001
2.513000 2.625000 0.000001
2.588000 2.625000 0.000001
2.663000 2.625000 0.000001
2.738000 2.625000 0.000001
2.813000 2.625000 0.000001
2.888000 2.625000 0.000001
2.963000 2.625000 0.000001
3.038000 2.625000 0.000001
3.113000 2.625000 0.000001
3.188000 2.625000 0.000001
3.263000 2.625000 0.000001
3.338000 2.625000 0.000001
3.413000 2.625000 0.000001
3.488000 2.625000 0.000001
3.563000 2.625000 0.000001
3.638000 2.625000 0.000001
3.713000 2.625000 0.000001
3.788000 2.625000 0.000001
3.863000 2.625000 0.000000
-0.037500 2.775000 0.000000
0.037500 2.775000 0.000000
0.112500 2.775000 0.000000
0.187500 2.775000 0.000000
0.262500 2.775000 0.000000
0.337500 2.775000 0.000000
0.412500 2.775000 0.000000
0.487500 2.775000 0.000000
0.562500 2.775000 0.000000
0.637500 2.775000 0.000000
0.712500 2.775000 0.000000
0.787500 2.775000 0.000000
0.862500 2.775000 0.000000
0.937500 2.775000 0.000000
1.012000 2.775000 0.000000
1.087000 2.775000 0.000000
1.163000 2.775000 0.000000
1.238000 2.775000 0.000000
1.313000 2.775000 0.000000
1.388000 2.775000 0.000000
1.463000 2.775000 0.000000
1.538000 2.775000 0.000000
1.613000 2.775000 0.000000
1.688000 2.775000 0.000000
1.763000 2.775000 0.000000
1.838000 2.775000 0.000000
1.913000 2.775000 0.000000
1.988000 2.775000 0.000000
2.063000 2.775000 0.000000
2.138000 2.775000 0.000000
2.213000 2.775000 0.000000
2.288000 2.775000 0.000000
2.363000 2.775000 0.000000
2.438000 2.775000 0.000000
2.513000 2.775000 0.000000
2.588000 2.775000 0.000000
2.663000 2.775000 0.000000
2.738000 2.775000 0.000000
2.813000 2.775000 0.000000
2.888000 2.775000 0.000000
2.963000 2.775000 0.000000
3.038000 2.775000 0.000000
3.113000 2.775000 0.000000
3.188000 2.775000 0.000000
3.263000 2.775000 0.000000
3.338000 2.775000 0.000000
3.413000 2.775000 0.000000
3.488000 2.775000 0.000000
3.563000 2.775000 0.000000
3.638000 2.775000 0.000000
3.713000 2.775000 0.000000
3.788000 2.775000 0.000000
3.863000 2.775000 0.000000
-0.037500 2.925000 0.000000
0.037500 2.925000 0.000000
0.112500 2.925000 0.000000
0.187500 2.925000 0.000000
0.262500 2.925000 0.000000
0.337500 2.925000 0.000000
0.412500 2.925000 0.000000
0.487500 2.925000 0.000000
0.562500 2.925000 0.000000
0.637500 2.925000 0.000000
0.712500 2.925000 0.000000
0.787500 2.925000 0.000000
0.862500 2.925000 0.000000
0.937500 2.925000 0.000000
1.012000 2.925000 0.000000
1.087000 2.925000 0.000000
1.163000 2.925000 0.000000
1.238000 2.925000 0.000000
1.313000 2.925000 0.000000
1.388000 2.925000 0.000000
1.463000 2.925000 0.000000
1.538000 2.925000 0.000000
1.613000 2.925000 0.000000
1.688000 2.925000 0.000000
1.763000 2.925000 0.000000
1.838000 2.925000 0.000000
1.913000 2.925000 0.000000
1.988000 2.925000 0.000000
2.063000 2.925000 0.000000
2.138000 2.925000 0.000000
2.213000 2.925000 0.000000
2.288000 2.925000 0.000000
2.363000 2.925000 0.000000
2.438000 2.925000 0.000000
2.513000 2.925000 0.000000
2.588000 2.925000 0.000000
2.663000 2.925000 0.000000
2.738000 2.925000 0.000000
2.813000 2.925000 0.000000
2.888000 2.925000 0.000000
2.963000 2.925000 0.000000
3.038000 2.925000 0.000000
3.113000 2.925000 0.000000
3.188000 2.925000 0.000000
3.263000 2.925000 0.000000
3.338000 2.925000 0.000000
3.413000 2.925000 0.000000
3.488000 2.925000 0.000000
3.563000 2.925000 0.000000
3.638000 2.925000 0.000000
3.713000 2.925000 0.000000
3.788000 2.925000 0.000000
3.863000 2.925000 0.000000
-0.037500 3.075000 0.000000
0.037500 3.075000 0.000000
0.112500 3.075000 0.000000
0.187500 3.075000 0.000000
0.262500 3.075000 0.000000
0.337500 3.075000 0.000000
0.412500 3.075000 0.000000
0.487500 3.075000 0.000000
0.562500 3.075000 0.000000
0.637500 3.075000 0.000000
0.712500 3.075000 0.000000
0.787500 3.075000 0.000000
0.862500 3.075000 0.000000
0.937500 3.075000 0.000000
1.012000 3.075000 0.000000
1.087000 3.075000 0.000000
1.163000 3.075000 0.000000
1.238000 3.075000 0.000000
1.313000 3.075000 0.000000
1.388000 3.075000 0.000000
1.463000 3.075000 0.000000
1.538000 3.075000 0.000000
1.613000 3.075000 0.000000
1.688000 3.075000 0.000000
1.763000 3.075000 0.000000
1.838000 3.075000 0.000000
1.913000 3.075000 0.000000
1.988000 3.075000 0.000000
2.063000 3.075000 0.000000
2.138000 3.075000 0.000000
2.213000 3.075000 0.000000
2.288000 3.075000 0.000000
2.363000 3.075000 0.000000
2.438000 3.075000 0.000000
2.513000 3.075000 0.000000
2.588000 3.075000 0.000000
2.663000 3.075000 0.000000
2.738000 3.075000 0.000000
2.813000 3.075000 0.000000
2.888000 3.075000 0.000000
2.963000 3.075000 0.000000
3.038000 3.075000 0.000000
3.113000 3.075000 0.000000
3.188000 3.075000 0.000000
3.263000 3.075000 0.000000
3.338000 3.075000 0.000000
3.413000 3.075000 0.000000
3.488000 3.075000 0.000000
3.563000 3.075000 0.000000
3.638000 3.075000 0.000000
3.713000 3.075000 0.000000
3.788000 3.075000 0.000000
3.863000 3.075000 0.000000
-0.037500 3.225000 0.000000
0.037500 3.225000 0.000000
0.112500 3.225000 0.000000
0.187500 3.225000 0.000000
0.262500 3.225000 0.000000
0.337500 3.225000 0.000000
0.412500 3.225000 0.000000
0.487500 3.225000 0.000000
0.562500 3.225000 0.000000
0.637500 3.225000 0.000000
0.712500 3.225000 0.000000
0.787500 3.225000 0.000000
0.862500 3.225000 0.000000
0.937500 3.225000 0.000000
1.012000 3.225000 0.000000
1.087000 3.225000 0.000000
1.163000 3.225000 0.000000
1.238000 3.225000 0.000000
1.313000 3.225000 0.000000
1.388000 3.225000 0.000000
1.463000 3.225000 0.000000
1.538000 3.225000 0.000000
1.613000 3.225000 0.000000
1.688000 3.225000 0.000000
1.763000 3.225000 0.000000
1.838000 3.225000 0.000000
1.913000 3.225000 0.000000
1.988000 3.225000 0.000000
2.063000 3.225000 0.000000
2.138000 3.225000 0.000000
2.213000 3.225000 0.000000
2.288000 3.225000 0.000000
2.363000 3.225000 0.000000
2.438000 3.225000 0.000000
2.513000 3.225000 0.000000
2.588000 3.225000 0.000000
2.663000 3.225000 0.000000
2.738000 3.225000 0.000000
2.813000 3.225000 0.000000
2.888000 3.225000 0.000000
2.963000 3.225000 0.000000
3.038000 3.225000 0.000000
3.113000 3.225000 0.000000
3.188000 3.225000 0.000000
3.263000 3.225000 0.000000
3.338000 3.225000 0.000000
3.413000 3.225000 0.000000
3.488000 3.225000 0.000000
3.563000 3.225000 0.000000
3.638000 3.225000 0.000000
3.713000 3.225000 0.000000
3.788000 3.225000 0.000000
3.863000 3.225000 0.000000
-0.037500 3.375000 0.000000
0.037500 3.375000 0.000000
0.112500 3.375000 0.000000
0.187500 3.375000 0.000000
0.262500 3.375000 0.000000
0.337500 3.375000 0.000000
0.412500 3.375000 0.000000
0.487500 3.375000 0.000000
0.562500 3.375000 0.000000
0.637500 3.375000 0.000000
0.712500 3.375000 0.000000
0.787500 3.375000 0.000000
0.862500 3.375000 0.000000
0.937500 3.375000 0.000000
1.012000 3.375000 0.000000
1.087000 3.375000 0.000000
1.163000 3.375000 0.000000
1.238000 3.375000 0.000000
1.313000 3.375000 0.000000
1.388000 3.375000 0.000000
1.463000 3.375000 0.000000
1.538000 3.375000 0.000000
1.613000 3.375000 0.000000
1.688000 3.375000 0.000000
1.763000 3.375000 0.000000
1.838000 3.375000 0.000000
1.913000 3.375000 0.000000
1.988000 3.375000 0.000000
2.063000 3.375000 0.000000
2.138000 3.375000 0.000000
2.213000 3.375000 0.000000
2.288000 3.375000 0.000000
2.363000 3.375000 0.000000
2.438000 3.375000 0.000000
2.513000 3.375000 0.000000
2.588000 3.375000 0.000000
2.663000 3.375000 0.000000
2.738000 3.375000 0.000000
2.813000 3.375000 0.000000
2.888000 3.375000 0.000000
2.963000 3.375000 0.000000
3.038000 3.375000 0.000000
3.113000 3.375000 0.000000
3.188000 3.375000 0.000000
3.263000 3.375000 0.000000
3.338000 3.375000 0.000000
3.413000 3.375000 0.000000
3.488000 3.375000 0.000000
3.563000 3.375000 0.000000
3.638000 3.375000 0.000000
3.713000 3.375000 0.000000
3.788000 3.375000 0.000000
3.863000 3.375000 0.000000
-0.037500 3.525000 0.000000
0.037500 3.525000 0.000000
0.112500 3.525000 0.000000
0.187500 3.525000 0.000000
0.262500 3.525000 0.000000
0.337500 3.525000 0.000000
0.412500 3.525000 0.000000
0.487500 3.525000 0.000000
0.562500 3.525000 0.000000
0.637500 3.525000 0.000000
0.712500 3.525000 0.000000
0.787500 3.525000 0.000000
0.862500 3.525000 0.000000
0.937500 3.525000 0.000000
1.012000 3.525000 0.000000
1.087000 3.525000 0.000000
1.163000 3.525000 0.000000
1.238000 3.525000 0.000000
1.313000 3.525000 0.000000
1.388000 3.525000 0.000000
1.463000 3.525000 0.000000
1.538000 3.525000 0.000000
1.613000 3.525000 0.000000
1.688000 3.525000 0.000000
1.763000 3.525000 0.000000
1.838000 3.525000 0.000000
1.913000 3.525000 0.000000
1.988000 3.525000 0.000000
2.063000 3.525000 0.000000
2.138000 3.525000 0.000000
2.213000 3.525000 0.000000
2.288000 3.525000 0.000000
2.363000 3.525000 0.000000
2.438000 3.525000 0.000000
2.513000 3.525000 0.000000
2.588000 3.525000 0.000000
2.663000 3.525000 0.000000
2.738000 3.525000 0.000000
2.813000 3.525000 0.000000
2.888000 3.525000 0.000000
2.963000 3.525000 0.000000
3.038000 3.525000 0.000000
3.113000 3.525000 0.000000
3.188000 3.525000 0.000000
3.263000 3.525000 0.000000
3.338000 3.525000 0.000000
3.413000 3.525000 0.000000
3.488000 3.525000 0.000000
3.563000 3.525000 0.000000
3.638000 3.525000 0.000000
3.713000 3.525000 0.000000
3.788000 3.525000 0.000000
3.863000 3.525000 0.000000
-0.037500 3.675000 0.000000
0.037500 3.675000 0.000000
0.112500 3.675000 0.000000
0.187500 3.675000 0.000000
0.262500 3.675000 0.000000
0.337500 3.675000 0.000000
0.412500 3.675000 0.000000
0.487500 3.675000 0.000000
0.562500 3.675000 0.000000
0.637500 3.675000 0.000000
0.712500 3.675000 0.000000
0.787500 3.675000 0.000000
0.862500 3.675000 0.000000
0.937500 3.675000 0.000000
1.012000 3.675000 0.000000
1.087000 3.675000 0.000000
1.163000 3.675000 0.000000
1.238000 3.675000 0.000000
1.313000 3.675000 0.000000
1.388000 3.675000 0.000000
1.463000 3.675000 0.000000
1.538000 3.675000 0.000000
1.613000 3.675000 0.000000
1.688000 3.675000 0.000000
1.763000 3.675000 0.000000
1.838000 3.675000 0.000000
1.913000 3.675000 0.000000
1.988000 3.675000 0.000000
2.063000 3.675000 0.000000
2.138000 3.675000 0.000000
2.213000 3.675000 0.000000
2.288000 3.675000 0.000000
2.363000 3.675000 0.000000
2.438000 3.675000 0.000000
2.513000 3.675000 0.000000
2.588000 3.675000 0.000000
2.663000 3.675000 0.000000
2.738000 3.675000 0.000000
2.813000 3.675000 0.000000
2.888000 3.675000 0.000000
2.963000 3.675000 0.000000
3.038000 3.675000 0.000000
3.113000 3.675000 0.000000
3.188000 3.675000 0.000000
3.263000 3.675000 0.000000
3.338000 3.675000 0.000000
3.413000 3.675000 0.000000
3.488000 3.675000 0.000000
3.563000 3.675000 0.000000
3.638000 3.675000 0.000000
3.713000 3.675000 0.000000
3.788000 3.675000 0.000000
3.863000 3.675000 0.000000
-0.037500 3.825000 0.000000
0.037500 3.825000 0.000000
0.112500 3.825000 0.000000
0.187500 3.825000 0.000000
0.262500 3.825000 0.000000
0.337500 3.825000 0.000000
0.412500 3.825000 0.000000
0.487500 3.825000 0.000000
0.562500 3.825000 0.000000
0.637500 3.825000 0.000000
0.712500 3.825000 0.000000
0.787500 3.825000 0.000000
0.862500 3.825000 0.000000
0.937500 3.825000 0.000000
1.012000 3.825000 0.000000
1.087000 3.825000 0.000000
1.163000 3.825000 0.000000
1.238000 3.825000 0.000000
1.313000 3.825000 0.000000
1.388000 3.825000 0.000000
1.463000 3.825000 0.000000
1.538000 3.825000 0.000000
1.613000 3.825000 0.000000
1.688000 3.825000 0.000000
1.763000 3.825000 0.000000
1.838000 3.825000 0.000000
1.913000 3.825000 0.000000
1.988000 3.825000 0.000000
2.063000 3.825000 0.000000
2.138000 3.825000 0.000000
2.213000 3.825000 0.000000
2.288000 3.825000 0.000000
2.363000 3.825000 0.000000
2.438000 3.825000 0.000000
2.513000 3.825000 0.000000
2.588000 3.825000 0.000000
2.663000 3.825000 0.000000
2.738000 3.825000 0.000000
2.813000 3.825000 0.000000
2.888000 3.825000 0.000000
2.963000 3.825000 0.000000
3.038000 3.825000 0.000000
3.113000 3.825000 0.000000
3.188000 3.825000 0.000000
3.263000 3.825000 0.000000
3.338000 3.825000 0.000000
3.413000 3.825000 0.000000
3.488000 3.825000 0.000000
3.563000 3.825000 0.000000
3.638000 3.825000 0.000000
3.713000 3.825000 0.000000
3.788000 3.825000 0.000000
3.863000 3.825000 0.000000
-0.037500 3.975000 0.000000
0.037500 3.975000 0.000000
0.112500 3.975000 0.000000
0.187500 3.975000 0.000000
0.262500 3.975000 0.000000
0.337500 3.975000 0.000000
0.412500 3.975000 0.000000
0.487500 3.975000 0.000000
0.562500 3.975000 0.000000
0.637500 3.975000 0.000000
0.712500 3.975000 0.000000
0.787500 3.975000 0.000000
0.862500 3.975000 0.000000
0.937500 3.975000 0.000000
1.012000 3.975000 0.000000
1.087000 3.975000 0.000000
1.163000 3.975000 0.000000
1.238000 3.975000 0.000000
1.313000 3.975000 0.000000
1.388000 3.975000 0.000000
1.463000 3.975000 0.000000
1.538000 3.975000 0.000000
1.613000 3.975000 0.000000
1.688000 3.975000 0.000000
1.763000 3.975000 0.000000
1.838000 3.975000 0.000000
1.913000 3.975000 0.000000
1.988000 3.975000 0.000000
2.063000 3.975000 0.000000
2.138000 3.975000 0.000000
2.213000 3.975000 0.000000
2.288000 3.975000 0.000000
2.363000 3.975000 0.000000
2.438000 3.975000 0.000000
2.513000 3.975000 0.000000
2.588000 3.975000 0.000000
2.663000 3.975000 0.000000
2.738000 3.975000 0.000000
2.813000 3.975000 0.000000
2.888000 3.975000 0.000000
2.963000 3.975000 0.000000
3.038000 3.975000 0.000000
3.113000 3.975000 0.000000
3.188000 3.975000 0.000000
3.263000 3.975000 0.000000
3.338000 3.975000 0.000000
3.413000 3.975000 0.000000
3.488000 3.975000 0.000000
3.563000 3.975000 0.000000
3.638000 3.975000 0.000000
3.713000 3.975000 0.000000
3.788000 3.975000 0.000000
3.863000 3.975000 0.000000
-0.037500 4.125000 0.000000
0.037500 4.125000 0.000000
0.112500 4.125000 0.000000
0.187500 4.125000 0.000000
0.262500 4.125000 0.000000
0.337500 4.125000 0.000000
0.412500 4.125000 0.000000
0.487500 4.125000 0.000000
0.562500 4.125000 0.000000
0.637500 4.125000 0.000000
0.712500 4.125000 0.000000
0.787500 4.125000 0.000000
0.862500 4.125000 0.000000
0.937500 4.125000 0.000000
1.012000 4.125000 0.000000
1.087000 4.125000 0.000000
1.163000 4.125000 0.000000
1.238000 4.125000 0.000000
1.313000 4.125000 0.000000
1.388000 4.125000 0.000000
1.463000 4.125000 0.000000
1.538000 4.125000 0.000000
1.613000 4.125000 0.000000
1.688000 4.125000 0.000000
1.763000 4.125000 0.000000
1.838000 4.125000 0.000000
1.913000 4.125000 0.000000
1.988000 4.125000 0.000000
2.063000 4.125000 0.000000
2.138000 4.125000 0.000000
2.213000 4.125000 0.000000
2.288000 4.125000 0.000000
2.363000 4.125000 0.000000
2.438000 4.125000 0.000000
2.513000 4.125000 0.000000
2.588000 4.125000 0.000000
2.663000 4.125000 0.000000
2.738000 4.125000 0.000000
2.813000 4.125000 0.000000
2.888000 4.125000 0.000000
2.963000 4.125000 0.000000
3.038000 4.125000 0.000000
3.113000 4.125000 0.000000
3.188000 4.125000 0.000000
3.263000 4.125000 0.000000
3.338000 4.125000 0.000000
3.413000 4.125000 0.000000
3.488000 4.125000 0.000000
3.563000 4.125000 0.000000
3.638000 4.125000 0.000000
3.713000 4.125000 0.000000
3.788000 4.125000 0.000000
3.863000 4.125000 0.000000
-0.037500 4.275000 0.000000
0.037500 4.275000 0.000000
0.112500 4.275000 0.000000
0.187500 4.275000 0.000000
0.262500 4.275000 0.000000
0.337500 4.275000 0.000000
0.412500 4.275000 0.000000
0.487500 4.275000 0.000000
0.562500 4.275000 0.000000
0.637500 4.275000 0.000000
0.712500 4.275000 0.000000
0.787500 4.275000 0.000000
0.862500 4.275000 0.000000
0.937500 4.275000 0.000000
1.012000 4.275000 0.000000
1.087000 4.275000 0.000000
1.163000 4.275000 0.000000
1.238000 4.275000 0.000000
1.313000 4.275000 0.000000
1.388000 4.275000 0.000000
1.463000 4.275000 0.000000
1.538000 4.275000 0.000000
1.613000 4.275000 0.000000
1.688000 4.275000 0.000000
1.763000 4.275000 0.000000
1.838000 4.275000 0.000000
1.913000 4.275000 0.000000
1.988000 4.275000 0.000000
2.063000 4.275000 0.000000
2.138000 4.275000 0.000000
2.213000 4.275000 0.000000
2.288000 4.275000 0.000000
2.363000 4.275000 0.000000
2.438000 4.275000 0.000000
2.513000 4.275000 0.000000
2.588000 4.275000 0.000000
2.663000 4.275000 0.000000
2.738000 4.275000 0.000000
2.813000 4.275000 0.000000
2.888000 4.275000 0.000000
2.963000 4.275000 0.000000
3.038000 4.275000 0.000000
3.113000 4.275000 0.000000
3.188000 4.275000 0.000000
3.263000 4.275000 0.000000
3.338000 4.275000 0.000000
3.413000 4.275000 0.000000
3.488000 4.275000 0.000000
3.563000 4.275000 0.000000
3.638000 4.275000 0.000000
3.713000 4.275000 0.000000
3.788000 4.275000 0.000000
3.863000 4.275000 0.000000
-0.037500 4.425000 0.000000
0.037500 4.425000 0.000000
0.112500 4.425000 0.000000
0.187500 4.425000 0.000000
0.262500 4.425000 0.000000
0.337500 4.425000 0.000000
0.412500 4.425000 0.000000
0.487500 4.425000 0.000000
0.562500 4.425000 0.000000
0.637500 4.425000 0.000000
0.712500 4.425000 0.000000
0.787500 4.425000 0.000000
0.862500 4.425000 0.000000
0.937500 4.425000 0.000000
1.012000 4.425000 0.000000
1.087000 4.425000 0.000000
1.163000 4.425000 0.000000
1.238000 4.425000 0.000000
1.313000 4.425000 0.000000
1.388000 4.425000 0.000000
1.463000 4.425000 0.000000
1.538000 4.425000 0.000000
1.613000 4.425000 0.000000
1.688000 4.425000 0.000000
1.763000 4.425000 0.000000
1.838000 4.425000 0.000000
1.913000 4.425000 0.000000
1.988000 4.425000 0.000000
2.063000 4.425000 0.000000
2.138000 4.425000 0.000000
2.213000 4.425000 0.000000
2.288000 4.425000 0.000000
2.363000 4.425000 0.000000
2.438000 4.425000 0.000000
2.513000 4.425000 0.000000
2.588000 4.425000 0.000000
2.663000 4.425000 0.000000
2.738000 4.425000 0.000000
2.813000 4.425000 0.000000
2.888000 4.425000 0.000000
2.963000 4.425000 0.000000
3.038000 4.425000 0.000000
3.113000 4.425000 0.000000
3.188000 4.425000 0.000000
3.263000 4.425000 0.000000
3.338000 4.425000 0.000000
3.413000 4.425000 0.000000
3.488000 4.425000 0.000000
3.563000 4.425000 0.000000
3.638000 4.425000 0.000000
3.713000 4.425000 0.000000
3.788000 4.425000 0.000000
3.863000 4.425000 0.000000
-0.037500 4.575000 0.000000
0.037500 4.575000 0.000000
0.112500 4.575000 0.000000
0.187500 4.575000 0.000000
0.262500 4.575000 0.000000
0.337500 4.575000 0.000000
0.412500 4.575000 0.000000
0.487500 4.575000 0.000000
0.562500 4.575000 0.000000
0.637500 4.575000 0.000000
0.712500 4.575000 0.000000
0.787500 4.575000 0.000000
0.862500 4.575000 0.000000
0.937500 4.575000 0.000000
1.012000 4.575000 0.000000
1.087000 4.575000 0.000000
1.163000 4.575000 0.000000
1.238000 4.575000 0.000000
1.313000 4.575000 0.000000
1.388000 4.575000 0.000000
1.463000 4.575000 0.000000
1.538000 4.575000 0.000000
1.613000 4.575000 0.000000
1.688000 4.575000 0.000000
1.763000 4.575000 0.000000
1.838000 4.575000 0.000000
1.913000 4.575000 0.000000
1.988000 4.575000 0.000000
2.063000 4.575000 0.000000
2.138000 4.575000 0.000000
2.213000 4.575000 0.000000
2.288000 4.575000 0.000000
2.363000 4.575000 0.000000
2.438000 4.575000 0.000000
2.513000 4.575000 0.000000
2.588000 4.575000 0.000000
2.663000 4.575000 0.000000
2.738000 4.575000 0.000000
2.813000 4.575000 0.000000
2.888000 4.575000 0.000000
2.963000 4.575000 0.000000
3.038000 4.575000 0.000000
3.113000 4.575000 0.000000
3.188000 4.575000 0.000000
3.263000 4.575000 0.000000
3.338000 4.575000 0.000000
3.413000 4.575000 0.000000
3.488000 4.575000 0.000000
3.563000 4.575000 0.000000
3.638000 4.575000 0.000000
3.713000 4.575000 0.000000
3.788000 4.575000 0.000000
3.863000 4.575000 0.000000
-0.037500 4.725000 0.000000
0.037500 4.725000 0.000000
0.112500 4.725000 0.000000
0.187500 4.725000 0.000000
0.262500 4.725000 0.000000
0.337500 4.725000 0.000000
0.412500 4.725000 0.000000
0.487500 4.725000 0.000000
0.562500 4.725000 0.000000
0.637500 4.725000 0.000000
0.712500 4.725000 0.000000
0.787500 4.725000 0.000000
0.862500 4.725000 0.000000
0.937500 4.725000 0.000000
1.012000 4.725000 0.000000
1.087000 4.725000 0.000000
1.163000 4.725000 0.000000
1.238000 4.725000 0.000000
1.313000 4.725000 0.000000
1.388000 4.725000 0.000000
1.463000 4.725000 0.000000
1.538000 4.725000 0.000000
1.613000 4.725000 0.000000
1.688000 4.725000 0.000000
1.763000 4.725000 0.000000
1.838000 4.725000 0.000000
1.913000 4.725000 0.000000
1.988000 4.725000 0.000000
2.063000 4.725000 0.000000
2.138000 4.725000 0.000000
2.213000 4.725000 0.000000
2.288000 4.725000 0.000000
2.363000 4.725000 0.000000
2.438000 4.725000 0.000000
2.513000 4.725000 0.000000
2.588000 4.725000 0.000000
2.663000 4.725000 0.000000
2.738000 4.725000 0.000000
2.813000 4.725000 0.000000
2.888000 4.725000 0.000000
2.963000 4.725000 0.000000
3.038000 4.725000 0.000000
3.113000 4.725000 0.000000
3.188000 4.725000 0.000000
3.263000 4.725000 0.000000
3.338000 4.725000 0.000000
3.413000 4.725000 0.000000
3.488000 4.725000 0.000000
3.563000 4.725000 0.000000
3.638000 4.725000 0.000000
3.713000 4.725000 0.000000
3.788000 4.725000 0.000000
3.863000 4.725000 0.000000
-0.037500 4.875000 0.000000
0.037500 4.875000 0.000000
0.112500 4.875000 0.000000
0.187500 4.875000 0.000000
0.262500 4.875000 0.000000
0.337500 4.875000 0.000000
0.412500 4.875000 0.000000
0.487500 4.875000 0.000000
0.562500 4.875000 0.000000
0.637500 4.875000 0.000000
0.712500 4.875000 0.000000
0.787500 4.875000 0.000000
0.862500 4.875000 0.000000
0.937500 4.875000 0.000000
1.012000 4.875000 0.000000
1.087000 4.875000 0.000000
1.163000 4.875000 0.000000
1.238000 4.875000 0.000000
1.313000 4.875000 0.000000
1.388000 4.875000 0.000000
1.463000 4.875000 0.000000
1.538000 4.875000 0.000000
1.613000 4.875000 0.000000
1.688000 4.875000 0.000000
1.763000 4.875000 0.000000
1.838000 4.875000 0.000000
1.913000 4.875000 0.000000
1.988000 4.875000 0.000000
2.063000 4.875000 0.000000
2.138000 4.875000 0.000000
2.213000 4.875000 0.000000
2.288000 4.875000 0.000000
2.363000 4.875000 0.000000
2.438000 4.875000 0.000000
2.513000 4.875000 0.000000
2.588000 4.875000 0.000000
2.663000 4.875000 0.000000
2.738000 4.875000 0.000000
2.813000 4.875000 0.000000
2.888000 4.875000 0.000000
2.963000 4.875000 0.000000
3.038000 4.875000 0.000000
3.113000 4.875000 0.000000
3.188000 4.875000 0.000000
3.263000 4.875000 0.000000
3.338000 4.875000 0.000000
3.413000 4.875000 0.000000
3.488000 4.875000 0.000000
3.563000 4.875000 0.000000
3.638000 4.875000 0.000000
3.713000 4.875000 0.000000
3.788000 4.875000 0.000000
3.863000 4.875000 0.000000
-0.037500 5.025000 0.000000
0.037500 5.025000 0.000000
0.112500 5.025000 0.000000
0.187500 5.025000 0.000000
0.262500 5.025000 0.000000
0.337500 5.025000 0.000000
0.412500 5.025000 0.000000
0.487500 5.025000 0.000000
0.562500 5.025000 0.000000
0.637500 5.025000 0.000000
0.712500 5.025000 0.000000
0.787500 5.025000 0.000000
0.862500 5.025000 0.000000
0.937500 5.025000 0.000000
1.012000 5.025000 0.000000
1.087000 5.025000 0.000000
1.163000 5.025000 0.000000
1.238000 5.025000 0.000000
1.313000 5.025000 0.000000
1.388000 5.025000 0.000000
1.463000 5.025000 0.000000
1.538000 5.025000 0.000000
1.613000 5.025000 0.000000
1.688000 5.025000 0.000000
1.763000 5.025000 0.000000
1.838000 5.025000 0.000000
1.913000 5.025000 0.000000
1.988000 5.025000 0.000000
2.063000 5.025000 0.000000
2.138000 5.025000 0.000000
2.213000 5.025000 0.000000
2.288000 5.025000 0.000000
2.363000 5.025000 0.000000
2.438000 5.025000 0.000000
2.513000 5.025000 0.000000
2.588000 5.025000 0.000000
2.663000 5.025000 0.000000
2.738000 5.025000 0.000000
2.813000 5.025000 0.000000
2.888000 5.025000 0.000000
2.963000 5.025000 0.000000
3.038000 5.025000 0.000000
3.113000 5.025000 0.000000
3.188000 5.025000 0.000000
3.263000 5.025000 0.000000
3.338000 5.025000 0.000000
3.413000 5.025000 0.000000
3.488000 5.025000 0.000000
3.563000 5.025000 0.000000
3.638000 5.025000 0.000000
3.713000 5.025000 0.000000
3.788000 5.025000 0.000000
3.863000 5.025000 0.000000
-0.037500 5.175000 0.000000
0.037500 5.175000 0.000000
0.112500 5.175000 0.000000
0.187500 5.175000 0.000000
0.262500 5.175000 0.000000
0.337500 5.175000 0.000000
0.412500 5.175000 0.000000
0.487500 5.175000 0.000000
0.562500 5.175000 0.000000
0.637500 5.175000 0.000000
0.712500 5.175000 0.000000
0.787500 5.175000 0.000000
0.862500 5.175000 0.000000
0.937500 5.175000 0.000000
1.012000 5.175000 0.000000
1.087000 5.175000 0.000000
1.163000 5.175000 0.000000
1.238000 5.175000 0.000000
1.313000 5.175000 0.000000
1.388000 5.175000 0.000000
1.463000 5.175000 0.000000
1.538000 5.175000 0.000000
1.613000 5.175000 0.000000
1.688000 5.175000 0.000000
1.763000 5.175000 0.000000
1.838000 5.175000 0.000000
1.913000 5.175000 0.000000
1.988000 5.175000 0.000000
2.063000 5.175000 0.000000
2.138000 5.175000 0.000000
2.213000 5.175000 0.000000
2.288000 5.175000 0.000000
2.363000 5.175000 0.000000
2.438000 5.175000 0.000000
2.513000 5.175000 0.000000
2.588000 5.175000 0.000000
2.663000 5.175000 0.000000
2.738000 5.175000 0.000000
2.813000 5.175000 0.000000
2.888000 5.175000 0.000000
2.963000 5.175000 0.000000
3.038000 5.175000 0.000000
3.113000 5.175000 0.000000
3.188000 5.175000 0.000000
3.263000 5.175000 0.000000
3.338000 5.175000 0.000000
3.413000 5.175000 0.000000
3.488000 5.175000 0.000000
3.563000 5.175000 0.000000
3.638000 5.175000 0.000000
3.713000 5.175000 0.000000
3.788000 5.175000 0.000000
3.863000 5.175000 0.000000
