-0.037500 -0.075000 0.000000
0.037500 -0.075000 0.000000
0.112500 -0.075000 0.000000
0.187500 -0.075000 0.000000
0.262500 -0.075000 0.000000
0.337500 -0.075000 0.000000
0.412500 -0.075000 0.000000
0.487500 -0.075000 0.000000
0.562500 -0.075000 0.000000
0.637500 -0.075000 0.000000
0.712500 -0.075000 0.000000
0.787500 -0.075000 0.000000
0.862500 -0.075000 0.000000
0.937500 -0.075000 0.000000
1.012000 -0.075000 0.000000
1.087000 -0.075000 0.000000
1.163000 -0.075000 0.000000
1.238000 -0.075000 0.000000
1.313000 -0.075000 0.000000
1.388000 -0.075000 0.000000
1.463000 -0.075000 0.000000
1.538000 -0.075000 0.000000
1.613000 -0.075000 0.000000
1.688000 -0.075000 0.000000
1.763000 -0.075000 0.000000
1.838000 -0.075000 0.000000
1.913000 -0.075000 0.000000
1.988000 -0.075000 0.000000
2.063000 -0.075000 0.000000
2.138000 -0.075000 0.000000
2.213000 -0.075000 0.000000
2.288000 -0.075000 0.000000
2.363000 -0.075000 0.000000
2.438000 -0.075000 0.000000
2.513000 -0.075000 0.000000
2.588000 -0.075000 0.000000
2.663000 -0.075000 0.000000
2.738000 -0.075000 0.000000
2.813000 -0.075000 0.000000
2.888000 -0.075000 0.000000
2.963000 -0.075000 0.000000
3.038000 -0.075000 0.000000
3.113000 -0.075000 0.000000
3.188000 -0.075000 0.000000
3.263000 -0.075000 0.000000
3.338000 -0.075000 0.000000
3.413000 -0.075000 0.000000
3.488000 -0.075000 0.000000
3.563000 -0.075000 0.000000
3.638000 -0.075000 0.000000
3.713000 -0.075000 0.000000
3.788000 -0.075000 0.000000
3.863000 -0.075000 0.000000
-0.037500 0.075000 0.000000
0.037500 0.075000 0.002160
0.112500 0.075000 0.004320
0.187500 0.075000 0.006480
0.262500 0.075000 0.008640
0.337500 0.075000 0.010800
0.412500 0.075000 0.012950
0.487500 0.075000 0.015110
0.562500 0.075000 0.017250
0.637500 0.075000 0.019400
0.712500 0.075000 0.021530
0.787500 0.075000 0.023640
0.862500 0.075000 0.025740
0.937500 0.075000 0.027810
1.012000 0.075000 0.029840
1.087000 0.075000 0.031820
1.163000 0.075000 0.033740
1.238000 0.075000 0.035590
1.313000 0.075000 0.037340
1.388000 0.075000 0.038980
1.463000 0.075000 0.040480
1.538000 0.075000 0.041820
1.613000 0.075000 0.042970
1.688000 0.075000 0.043920
1.763000 0.075000 0.044640
1.838000 0.075000 0.045120
1.913000 0.075000 0.045350
1.988000 0.075000 0.045330
2.063000 0.075000 0.045070
2.138000 0.075000 0.044590
2.213000 0.075000 0.043910
2.288000 0.075000 0.043060
2.363000 0.075000 0.042060
2.438000 0.075000 0.040960
2.513000 0.075000 0.039780
2.588000 0.075000 0.038540
2.663000 0.075000 0.037260
2.738000 0.075000 0.035980
2.813000 0.075000 0.034700
2.888000 0.075000 0.033440
2.963000 0.075000 0.032200
3.038000 0.075000 0.030990
3.113000 0.075000 0.029830
3.188000 0.075000 0.028700
3.263000 0.075000 0.027620
3.338000 0.075000 0.026580
3.413000 0.075000 0.025590
3.488000 0.075000 0.024640
3.563000 0.075000 0.023730
3.638000 0.075000 0.022870
3.713000 0.075000 0.022040
3.788000 0.075000 0.021250
3.863000 0.075000 0.000000
-0.037500 0.225000 0.000000
0.037500 0.225000 0.002160
0.112500 0.225000 0.004320
0.187500 0.225000 0.006480
0.262500 0.225000 0.008640
0.337500 0.225000 0.010800
0.412500 0.225000 0.012950
0.487500 0.225000 0.015110
0.562500 0.225000 0.017250
0.637500 0.225000 0.019400
0.712500 0.225000 0.021530
0.787500 0.225000 0.023640
0.862500 0.225000 0.025740
0.937500 0.225000 0.027810
1.012000 0.225000 0.029840
1.087000 0.225000 0.031820
1.163000 0.225000 0.033740
1.238000 0.225000 0.035590
1.313000 0.225000 0.037340
1.388000 0.225000 0.038980
1.463000 0.225000 0.040480
1.538000 0.225000 0.041820
1.613000 0.225000 0.042970
1.688000 0.225000 0.043920
1.763000 0.225000 0.044640
1.838000 0.225000 0.045120
1.913000 0.225000 0.045350
1.988000 0.225000 0.045330
2.063000 0.225000 0.045070
2.138000 0.225000 0.044590
2.213000 0.225000 0.043910
2.288000 0.225000 0.043060
2.363000 0.225000 0.042060
2.438000 0.225000 0.040960
2.513000 0.225000 0.039780
2.588000 0.225000 0.038540
2.663000 0.225000 0.037260
2.738000 0.225000 0.035980
2.813000 0.225000 0.034700
2.888000 0.225000 0.033440
2.963000 0.225000 0.032200
3.038000 0.225000 0.030990
3.113000 0.225000 0.029830
3.188000 0.225000 0.028700
3.263000 0.225000 0.027620
3.338000 0.225000 0.026580
3.413000 0.225000 0.025590
3.488000 0.225000 0.024640
3.563000 0.225000 0.023730
3.638000 0.225000 0.022870
3.713000 0.225000 0.022040
3.788000 0.225000 0.021250
3.863000 0.225000 0.000000
-0.037500 0.375000 0.000000
0.037500 0.375000 0.004275
0.112500 0.375000 0.004765
0.187500 0.375000 0.005518
0.262500 0.375000 0.006432
0.337500 0.375000 0.007444
0.412500 0.375000 0.008520
0.487500 0.375000 0.009637
0.562500 0.375000 0.010780
0.637500 0.375000 0.011940
0.712500 0.375000 0.013100
0.787500 0.375000 0.014270
0.862500 0.375000 0.015430
0.937500 0.375000 0.016570
1.012000 0.375000 0.017690
1.087000 0.375000 0.018790
1.163000 0.375000 0.019850
1.238000 0.375000 0.020870
1.313000 0.375000 0.021820
1.388000 0.375000 0.022710
1.463000 0.375000 0.023520
1.538000 0.375000 0.024240
1.613000 0.375000 0.024860
1.688000 0.375000 0.025360
1.763000 0.375000 0.025740
1.838000 0.375000 0.025990
1.913000 0.375000 0.026110
1.988000 0.375000 0.026100
2.063000 0.375000 0.025960
2.138000 0.375000 0.025700
2.213000 0.375000 0.025340
2.288000 0.375000 0.024880
2.363000 0.375000 0.024350
2.438000 0.375000 0.023750
2.513000 0.375000 0.023100
2.588000 0.375000 0.022420
2.663000 0.375000 0.021720
2.738000 0.375000 0.021000
2.813000 0.375000 0.020290
2.888000 0.375000 0.019570
2.963000 0.375000 0.018870
3.038000 0.375000 0.018190
3.113000 0.375000 0.017530
3.188000 0.375000 0.016890
3.263000 0.375000 0.016270
3.338000 0.375000 0.015690
3.413000 0.375000 0.015130
3.488000 0.375000 0.014610
3.563000 0.375000 0.014130
3.638000 0.375000 0.013710
3.713000 0.375000 0.013360
3.788000 0.375000 0.013130
3.863000 0.375000 0.000000
-0.037500 0.525000 0.000000
0.037500 0.525000 0.003579
0.112500 0.525000 0.003726
0.187500 0.525000 0.003995
0.262500 0.525000 0.004357
0.337500 0.525000 0.004787
0.412500 0.525000 0.005266
0.487500 0.525000 0.005781
0.562500 0.525000 0.006320
0.637500 0.525000 0.006877
0.712500 0.525000 0.007444
0.787500 0.525000 0.008015
0.862500 0.525000 0.008587
0.937500 0.525000 0.009154
1.012000 0.525000 0.009711
1.087000 0.525000 0.010250
1.163000 0.525000 0.010780
1.238000 0.525000 0.011280
1.313000 0.525000 0.011750
1.388000 0.525000 0.012180
1.463000 0.525000 0.012570
1.538000 0.525000 0.012920
1.613000 0.525000 0.013220
1.688000 0.525000 0.013460
1.763000 0.525000 0.013630
1.838000 0.525000 0.013750
1.913000 0.525000 0.013810
1.988000 0.525000 0.013800
2.063000 0.525000 0.013730
2.138000 0.525000 0.013600
2.213000 0.525000 0.013430
2.288000 0.525000 0.013200
2.363000 0.525000 0.012940
2.438000 0.525000 0.012650
2.513000 0.525000 0.012330
2.588000 0.525000 0.011990
2.663000 0.525000 0.011630
2.738000 0.525000 0.011270
2.813000 0.525000 0.010910
2.888000 0.525000 0.010550
2.963000 0.525000 0.010190
3.038000 0.525000 0.009847
3.113000 0.525000 0.009509
3.188000 0.525000 0.009184
3.263000 0.525000 0.008874
3.338000 0.525000 0.008582
3.413000 0.525000 0.008310
3.488000 0.525000 0.008061
3.563000 0.525000 0.007840
3.638000 0.525000 0.007653
3.713000 0.525000 0.007505
3.788000 0.525000 0.007397
3.863000 0.525000 0.000000
-0.037500 0.675000 0.000000
0.037500 0.675000 0.002864
0.112500 0.675000 0.002915
0.187500 0.675000 0.003015
0.262500 0.675000 0.003159
0.337500 0.675000 0.003340
0.412500 0.675000 0.003551
0.487500 0.675000 0.003786
0.562500 0.675000 0.004039
0.637500 0.675000 0.004307
0.712500 0.675000 0.004584
0.787500 0.675000 0.004866
0.862500 0.675000 0.005151
0.937500 0.675000 0.005436
1.012000 0.675000 0.005716
1.087000 0.675000 0.005989
1.163000 0.675000 0.006252
1.238000 0.675000 0.006503
1.313000 0.675000 0.006737
1.388000 0.675000 0.006953
1.463000 0.675000 0.007147
1.538000 0.675000 0.007317
1.613000 0.675000 0.007461
1.688000 0.675000 0.007577
1.763000 0.675000 0.007663
1.838000 0.675000 0.007719
1.913000 0.675000 0.007744
1.988000 0.675000 0.007739
2.063000 0.675000 0.007705
2.138000 0.675000 0.007643
2.213000 0.675000 0.007555
2.288000 0.675000 0.007444
2.363000 0.675000 0.007314
2.438000 0.675000 0.007166
2.513000 0.675000 0.007004
2.588000 0.675000 0.006831
2.663000 0.675000 0.006651
2.738000 0.675000 0.006465
2.813000 0.675000 0.006277
2.888000 0.675000 0.006088
2.963000 0.675000 0.005902
3.038000 0.675000 0.005720
3.113000 0.675000 0.005545
3.188000 0.675000 0.005377
3.263000 0.675000 0.005219
3.338000 0.675000 0.005072
3.413000 0.675000 0.004940
3.488000 0.675000 0.004824
3.563000 0.675000 0.004726
3.638000 0.675000 0.004650
3.713000 0.675000 0.004596
3.788000 0.675000 0.004563
3.863000 0.675000 0.000000
-0.037500 0.825000 0.000000
0.037500 0.825000 0.002381
0.112500 0.825000 0.002411
0.187500 0.825000 0.002470
0.262500 0.825000 0.002557
0.337500 0.825000 0.002669
0.412500 0.825000 0.002801
0.487500 0.825000 0.002950
0.562500 0.825000 0.003114
0.637500 0.825000 0.003288
0.712500 0.825000 0.003470
0.787500 0.825000 0.003657
0.862500 0.825000 0.003847
0.937500 0.825000 0.004037
1.012000 0.825000 0.004224
1.087000 0.825000 0.004407
1.163000 0.825000 0.004583
1.238000 0.825000 0.004751
1.313000 0.825000 0.004907
1.388000 0.825000 0.005051
1.463000 0.825000 0.005180
1.538000 0.825000 0.005293
1.613000 0.825000 0.005388
1.688000 0.825000 0.005464
1.763000 0.825000 0.005521
1.838000 0.825000 0.005558
1.913000 0.825000 0.005574
1.988000 0.825000 0.005570
2.063000 0.825000 0.005547
2.138000 0.825000 0.005506
2.213000 0.825000 0.005447
2.288000 0.825000 0.005373
2.363000 0.825000 0.005286
2.438000 0.825000 0.005186
2.513000 0.825000 0.005077
2.588000 0.825000 0.004960
2.663000 0.825000 0.004837
2.738000 0.825000 0.004711
2.813000 0.825000 0.004583
2.888000 0.825000 0.004454
2.963000 0.825000 0.004327
3.038000 0.825000 0.004203
3.113000 0.825000 0.004083
3.188000 0.825000 0.003969
3.263000 0.825000 0.003863
3.338000 0.825000 0.003767
3.413000 0.825000 0.003681
3.488000 0.825000 0.003607
3.563000 0.825000 0.003548
3.638000 0.825000 0.003504
3.713000 0.825000 0.003477
3.788000 0.825000 0.003462
3.863000 0.825000 0.000000
-0.037500 0.975000 0.000000
0.037500 0.975000 0.001929
0.112500 0.975000 0.001949
0.187500 0.975000 0.001988
0.262500 0.975000 0.002044
0.337500 0.975000 0.002116
0.412500 0.975000 0.002203
0.487500 0.975000 0.002302
0.562500 0.975000 0.002411
0.637500 0.975000 0.002528
0.712500 0.975000 0.002651
0.787500 0.975000 0.002778
0.862500 0.975000 0.002907
0.937500 0.975000 0.003036
1.012000 0.975000 0.003165
1.087000 0.975000 0.003290
1.163000 0.975000 0.003411
1.238000 0.975000 0.003525
1.313000 0.975000 0.003632
1.388000 0.975000 0.003731
1.463000 0.975000 0.003819
1.538000 0.975000 0.003896
1.613000 0.975000 0.003960
1.688000 0.975000 0.004012
1.763000 0.975000 0.004051
1.838000 0.975000 0.004076
1.913000 0.975000 0.004087
1.988000 0.975000 0.004084
2.063000 0.975000 0.004068
2.138000 0.975000 0.004040
2.213000 0.975000 0.004000
2.288000 0.975000 0.003949
2.363000 0.975000 0.003889
2.438000 0.975000 0.003820
2.513000 0.975000 0.003745
2.588000 0.975000 0.003664
2.663000 0.975000 0.003579
2.738000 0.975000 0.003491
2.813000 0.975000 0.003402
2.888000 0.975000 0.003312
2.963000 0.975000 0.003224
3.038000 0.975000 0.003138
3.113000 0.975000 0.003055
3.188000 0.975000 0.002977
3.263000 0.975000 0.002904
3.338000 0.975000 0.002839
3.413000 0.975000 0.002782
3.488000 0.975000 0.002734
3.563000 0.975000 0.002697
3.638000 0.975000 0.002672
3.713000 0.975000 0.002658
3.788000 0.975000 0.002652
3.863000 0.975000 0.000000
-0.037500 1.125000 0.000000
0.037500 1.125000 0.001575
0.112500 1.125000 0.001589
0.187500 1.125000 0.001617
0.262500 1.125000 0.001657
0.337500 1.125000 0.001708
0.412500 1.125000 0.001770
0.487500 1.125000 0.001841
0.562500 1.125000 0.001919
0.637500 1.125000 0.002003
0.712500 1.125000 0.002092
0.787500 1.125000 0.002184
0.862500 1.125000 0.002278
0.937500 1.125000 0.002372
1.012000 1.125000 0.002466
1.087000 1.125000 0.002557
1.163000 1.125000 0.002645
1.238000 1.125000 0.002729
1.313000 1.125000 0.002807
1.388000 1.125000 0.002879
1.463000 1.125000 0.002943
1.538000 1.125000 0.002999
1.613000 1.125000 0.003046
1.688000 1.125000 0.003084
1.763000 1.125000 0.003112
1.838000 1.125000 0.003130
1.913000 1.125000 0.003138
1.988000 1.125000 0.003136
2.063000 1.125000 0.003125
2.138000 1.125000 0.003104
2.213000 1.125000 0.003075
2.288000 1.125000 0.003038
2.363000 1.125000 0.002993
2.438000 1.125000 0.002943
2.513000 1.125000 0.002888
2.588000 1.125000 0.002828
2.663000 1.125000 0.002766
2.738000 1.125000 0.002701
2.813000 1.125000 0.002635
2.888000 1.125000 0.002569
2.963000 1.125000 0.002504
3.038000 1.125000 0.002440
3.113000 1.125000 0.002379
3.188000 1.125000 0.002322
3.263000 1.125000 0.002270
3.338000 1.125000 0.002223
3.413000 1.125000 0.002182
3.488000 1.125000 0.002149
3.563000 1.125000 0.002124
3.638000 1.125000 0.002107
3.713000 1.125000 0.002098
3.788000 1.125000 0.002096
3.863000 1.125000 0.000000
-0.037500 1.275000 0.000000
0.037500 1.275000 0.001050
0.112500 1.275000 0.001059
0.187500 1.275000 0.001077
0.262500 1.275000 0.001103
0.337500 1.275000 0.001135
0.412500 1.275000 0.001174
0.487500 1.275000 0.001218
0.562500 1.275000 0.001268
0.637500 1.275000 0.001321
0.712500 1.275000 0.001377
0.787500 1.275000 0.001435
0.862500 1.275000 0.001495
0.937500 1.275000 0.001555
1.012000 1.275000 0.001614
1.087000 1.275000 0.001672
1.163000 1.275000 0.001728
1.238000 1.275000 0.001781
1.313000 1.275000 0.001831
1.388000 1.275000 0.001877
1.463000 1.275000 0.001918
1.538000 1.275000 0.001953
1.613000 1.275000 0.001983
1.688000 1.275000 0.002008
1.763000 1.275000 0.002025
1.838000 1.275000 0.002037
1.913000 1.275000 0.002042
1.988000 1.275000 0.002041
2.063000 1.275000 0.002034
2.138000 1.275000 0.002021
2.213000 1.275000 0.002002
2.288000 1.275000 0.001979
2.363000 1.275000 0.001951
2.438000 1.275000 0.001919
2.513000 1.275000 0.001884
2.588000 1.275000 0.001846
2.663000 1.275000 0.001807
2.738000 1.275000 0.001765
2.813000 1.275000 0.001723
2.888000 1.275000 0.001681
2.963000 1.275000 0.001640
3.038000 1.275000 0.001600
3.113000 1.275000 0.001562
3.188000 1.275000 0.001526
3.263000 1.275000 0.001493
3.338000 1.275000 0.001464
3.413000 1.275000 0.001439
3.488000 1.275000 0.001418
3.563000 1.275000 0.001404
3.638000 1.275000 0.001394
3.713000 1.275000 0.001390
3.788000 1.275000 0.001389
3.863000 1.275000 0.000000
-0.037500 1.425000 0.000000
0.037500 1.425000 0.000594
0.112500 1.425000 0.000599
0.187500 1.425000 0.000608
0.262500 1.425000 0.000621
0.337500 1.425000 0.000638
0.412500 1.425000 0.000659
0.487500 1.425000 0.000682
0.562500 1.425000 0.000708
0.637500 1.425000 0.000736
0.712500 1.425000 0.000766
0.787500 1.425000 0.000797
0.862500 1.425000 0.000829
0.937500 1.425000 0.000860
1.012000 1.425000 0.000892
1.087000 1.425000 0.000923
1.163000 1.425000 0.000953
1.238000 1.425000 0.000981
1.313000 1.425000 0.001008
1.388000 1.425000 0.001032
1.463000 1.425000 0.001054
1.538000 1.425000 0.001073
1.613000 1.425000 0.001089
1.688000 1.425000 0.001102
1.763000 1.425000 0.001112
1.838000 1.425000 0.001118
1.913000 1.425000 0.001121
1.988000 1.425000 0.001120
2.063000 1.425000 0.001117
2.138000 1.425000 0.001110
2.213000 1.425000 0.001100
2.288000 1.425000 0.001088
2.363000 1.425000 0.001073
2.438000 1.425000 0.001056
2.513000 1.425000 0.001037
2.588000 1.425000 0.001017
2.663000 1.425000 0.000996
2.738000 1.425000 0.000974
2.813000 1.425000 0.000952
2.888000 1.425000 0.000929
2.963000 1.425000 0.000907
3.038000 1.425000 0.000886
3.113000 1.425000 0.000866
3.188000 1.425000 0.000847
3.263000 1.425000 0.000830
3.338000 1.425000 0.000815
3.413000 1.425000 0.000802
3.488000 1.425000 0.000791
3.563000 1.425000 0.000784
3.638000 1.425000 0.000779
3.713000 1.425000 0.000777
3.788000 1.425000 0.000775
3.863000 1.425000 0.000000
-0.037500 1.575000 0.000000
0.037500 1.575000 0.000328
0.112500 1.575000 0.000331
0.187500 1.575000 0.000335
0.262500 1.575000 0.000342
0.337500 1.575000 0.000351
0.412500 1.575000 0.000362
0.487500 1.575000 0.000374
0.562500 1.575000 0.000387
0.637500 1.575000 0.000402
0.712500 1.575000 0.000418
0.787500 1.575000 0.000434
0.862500 1.575000 0.000450
0.937500 1.575000 0.000467
1.012000 1.575000 0.000484
1.087000 1.575000 0.000500
1.163000 1.575000 0.000516
1.238000 1.575000 0.000531
1.313000 1.575000 0.000545
1.388000 1.575000 0.000557
1.463000 1.575000 0.000569
1.538000 1.575000 0.000579
1.613000 1.575000 0.000587
1.688000 1.575000 0.000594
1.763000 1.575000 0.000599
1.838000 1.575000 0.000603
1.913000 1.575000 0.000604
1.988000 1.575000 0.000604
2.063000 1.575000 0.000602
2.138000 1.575000 0.000599
2.213000 1.575000 0.000593
2.288000 1.575000 0.000587
2.363000 1.575000 0.000579
2.438000 1.575000 0.000570
2.513000 1.575000 0.000561
2.588000 1.575000 0.000550
2.663000 1.575000 0.000539
2.738000 1.575000 0.000528
2.813000 1.575000 0.000516
2.888000 1.575000 0.000504
2.963000 1.575000 0.000493
3.038000 1.575000 0.000482
3.113000 1.575000 0.000471
3.188000 1.575000 0.000462
3.263000 1.575000 0.000453
3.338000 1.575000 0.000445
3.413000 1.575000 0.000439
3.488000 1.575000 0.000434
3.563000 1.575000 0.000430
3.638000 1.575000 0.000427
3.713000 1.575000 0.000426
3.788000 1.575000 0.000424
3.863000 1.575000 0.000000
-0.037500 1.725000 0.000000
0.037500 1.725000 0.000176
0.112500 1.725000 0.000177
0.187500 1.725000 0.000180
0.262500 1.725000 0.000183
0.337500 1.725000 0.000188
0.412500 1.725000 0.000193
0.487500 1.725000 0.000199
0.562500 1.725000 0.000206
0.637500 1.725000 0.000214
0.712500 1.725000 0.000222
0.787500 1.725000 0.000230
0.862500 1.725000 0.000238
0.937500 1.725000 0.000247
1.012000 1.725000 0.000255
1.087000 1.725000 0.000264
1.163000 1.725000 0.000272
1.238000 1.725000 0.000280
1.313000 1.725000 0.000287
1.388000 1.725000 0.000293
1.463000 1.725000 0.000299
1.538000 1.725000 0.000305
1.613000 1.725000 0.000309
1.688000 1.725000 0.000312
1.763000 1.725000 0.000315
1.838000 1.725000 0.000317
1.913000 1.725000 0.000318
1.988000 1.725000 0.000318
2.063000 1.725000 0.000317
2.138000 1.725000 0.000315
2.213000 1.725000 0.000312
2.288000 1.725000 0.000309
2.363000 1.725000 0.000305
2.438000 1.725000 0.000301
2.513000 1.725000 0.000296
2.588000 1.725000 0.000290
2.663000 1.725000 0.000285
2.738000 1.725000 0.000279
2.813000 1.725000 0.000273
2.888000 1.725000 0.000267
2.963000 1.725000 0.000261
3.038000 1.725000 0.000256
3.113000 1.725000 0.000250
3.188000 1.725000 0.000246
3.263000 1.725000 0.000241
3.338000 1.725000 0.000237
3.413000 1.725000 0.000234
3.488000 1.725000 0.000232
3.563000 1.725000 0.000230
3.638000 1.725000 0.000229
3.713000 1.725000 0.000228
3.788000 1.725000 0.000227
3.863000 1.725000 0.000000
-0.037500 1.875000 0.000000
0.037500 1.875000 0.000091
0.112500 1.875000 0.000092
0.187500 1.875000 0.000093
0.262500 1.875000 0.000095
0.337500 1.875000 0.000097
0.412500 1.875000 0.000100
0.487500 1.875000 0.000103
0.562500 1.875000 0.000106
0.637500 1.875000 0.000110
0.712500 1.875000 0.000114
0.787500 1.875000 0.000118
0.862500 1.875000 0.000123
0.937500 1.875000 0.000127
1.012000 1.875000 0.000131
1.087000 1.875000 0.000135
1.163000 1.875000 0.000139
1.238000 1.875000 0.000143
1.313000 1.875000 0.000147
1.388000 1.875000 0.000150
1.463000 1.875000 0.000153
1.538000 1.875000 0.000156
1.613000 1.875000 0.000158
1.688000 1.875000 0.000160
1.763000 1.875000 0.000161
1.838000 1.875000 0.000162
1.913000 1.875000 0.000162
1.988000 1.875000 0.000162
2.063000 1.875000 0.000162
2.138000 1.875000 0.000161
2.213000 1.875000 0.000160
2.288000 1.875000 0.000158
2.363000 1.875000 0.000156
2.438000 1.875000 0.000154
2.513000 1.875000 0.000152
2.588000 1.875000 0.000149
2.663000 1.875000 0.000146
2.738000 1.875000 0.000143
2.813000 1.875000 0.000140
2.888000 1.875000 0.000137
2.963000 1.875000 0.000135
3.038000 1.875000 0.000132
3.113000 1.875000 0.000129
3.188000 1.875000 0.000127
3.263000 1.875000 0.000125
3.338000 1.875000 0.000123
3.413000 1.875000 0.000121
3.488000 1.875000 0.000120
3.563000 1.875000 0.000119
3.638000 1.875000 0.000119
3.713000 1.875000 0.000119
3.788000 1.875000 0.000118
3.863000 1.875000 0.000000
-0.037500 2.025000 0.000000
0.037500 2.025000 0.000045
0.112500 2.025000 0.000046
0.187500 2.025000 0.000046
0.262500 2.025000 0.000047
0.337500 2.025000 0.000048
0.412500 2.025000 0.000049
0.487500 2.025000 0.000051
0.562500 2.025000 0.000052
0.637500 2.025000 0.000054
0.712500 2.025000 0.000056
0.787500 2.025000 0.000058
0.862500 2.025000 0.000060
0.937500 2.025000 0.000062
1.012000 2.025000 0.000064
1.087000 2.025000 0.000066
1.163000 2.025000 0.000068
1.238000 2.025000 0.000070
1.313000 2.025000 0.000072
1.388000 2.025000 0.000073
1.463000 2.025000 0.000075
1.538000 2.025000 0.000076
1.613000 2.025000 0.000077
1.688000 2.025000 0.000078
1.763000 2.025000 0.000079
1.838000 2.025000 0.000079
1.913000 2.025000 0.000079
1.988000 2.025000 0.000079
2.063000 2.025000 0.000079
2.138000 2.025000 0.000079
2.213000 2.025000 0.000078
2.288000 2.025000 0.000077
2.363000 2.025000 0.000076
2.438000 2.025000 0.000075
2.513000 2.025000 0.000074
2.588000 2.025000 0.000073
2.663000 2.025000 0.000072
2.738000 2.025000 0.000070
2.813000 2.025000 0.000069
2.888000 2.025000 0.000068
2.963000 2.025000 0.000066
3.038000 2.025000 0.000065
3.113000 2.025000 0.000064
3.188000 2.025000 0.000063
3.263000 2.025000 0.000062
3.338000 2.025000 0.000061
3.413000 2.025000 0.000060
3.488000 2.025000 0.000060
3.563000 2.025000 0.000059
3.638000 2.025000 0.000059
3.713000 2.025000 0.000059
3.788000 2.025000 0.000059
3.863000 2.025000 0.000000
-0.037500 2.175000 0.000000
0.037500 2.175000 0.000020
0.112500 2.175000 0.000020
0.187500 2.175000 0.000020
0.262500 2.175000 0.000020
0.337500 2.175000 0.000021
0.412500 2.175000 0.000021
0.487500 2.175000 0.000022
0.562500 2.175000 0.000023
0.637500 2.175000 0.000024
0.712500 2.175000 0.000024
0.787500 2.175000 0.000025
0.862500 2.175000 0.000026
0.937500 2.175000 0.000027
1.012000 2.175000 0.000028
1.087000 2.175000 0.000029
1.163000 2.175000 0.000029
1.238000 2.175000 0.000030
1.313000 2.175000 0.000031
1.388000 2.175000 0.000032
1.463000 2.175000 0.000032
1.538000 2.175000 0.000033
1.613000 2.175000 0.000033
1.688000 2.175000 0.000034
1.763000 2.175000 0.000034
1.838000 2.175000 0.000034
1.913000 2.175000 0.000034
1.988000 2.175000 0.000034
2.063000 2.175000 0.000034
2.138000 2.175000 0.000034
2.213000 2.175000 0.000034
2.288000 2.175000 0.000033
2.363000 2.175000 0.000033
2.438000 2.175000 0.000033
2.513000 2.175000 0.000032
2.588000 2.175000 0.000032
2.663000 2.175000 0.000031
2.738000 2.175000 0.000030
2.813000 2.175000 0.000030
2.888000 2.175000 0.000029
2.963000 2.175000 0.000029
3.038000 2.175000 0.000028
3.113000 2.175000 0.000028
3.188000 2.175000 0.000027
3.263000 2.175000 0.000027
3.338000 2.175000 0.000027
3.413000 2.175000 0.000026
3.488000 2.175000 0.000026
3.563000 2.175000 0.000026
3.638000 2.175000 0.000026
3.713000 2.175000 0.000026
3.788000 2.175000 0.000026
3.863000 2.175000 0.000000
-0.037500 2.325000 0.000000
0.037500 2.325000 0.000010
0.112500 2.325000 0.000010
0.187500 2.325000 0.000010
0.262500 2.325000 0.000010
0.337500 2.325000 0.000010
0.412500 2.325000 0.000010
0.487500 2.325000 0.000010
0.562500 2.325000 0.000011
0.637500 2.325000 0.000011
0.712500 2.325000 0.000011
0.787500 2.325000 0.000012
0.862500 2.325000 0.000012
0.937500 2.325000 0.000013
1.012000 2.325000 0.000013
1.087000 2.325000 0.000013
1.163000 2.325000 0.000014
1.238000 2.325000 0.000014
1.313000 2.325000 0.000014
1.388000 2.325000 0.000015
1.463000 2.325000 0.000015
1.538000 2.325000 0.000015
1.613000 2.325000 0.000015
1.688000 2.325000 0.000015
1.763000 2.325000 0.000016
1.838000 2.325000 0.000016
1.913000 2.325000 0.000016
1.988000 2.325000 0.000016
2.063000 2.325000 0.000016
2.138000 2.325000 0.000016
2.213000 2.325000 0.000015
2.288000 2.325000 0.000015
2.363000 2.325000 0.000015
2.438000 2.325000 0.000015
2.513000 2.325000 0.000015
2.588000 2.325000 0.000015
2.663000 2.325000 0.000014
2.738000 2.325000 0.000014
2.813000 2.325000 0.000014
2.888000 2.325000 0.000014
2.963000 2.325000 0.000013
3.038000 2.325000 0.000013
3.113000 2.325000 0.000013
3.188000 2.325000 0.000013
3.263000 2.325000 0.000013
3.338000 2.325000 0.000013
3.413000 2.325000 0.000013
3.488000 2.325000 0.000012
3.563000 2.325000 0.000012
3.638000 2.325000 0.000012
3.713000 2.325000 0.000012
3.788000 2.325000 0.000012
3.863000 2.325000 0.000000
-0.037500 2.475000 0.000000
0.037500 2.475000 0.000006
0.112500 2.475000 0.000006
0.187500 2.475000 0.000006
0.262500 2.475000 0.000006
0.337500 2.475000 0.000006
0.412500 2.475000 0.000006
0.487500 2.475000 0.000007
0.562500 2.475000 0.000007
0.637500 2.475000 0.000007
0.712500 2.475000 0.000007
0.787500 2.475000 0.000007
0.862500 2.475000 0.000008
0.937500 2.475000 0.000008
1.012000 2.475000 0.000008
1.087000 2.475000 0.000008
1.163000 2.475000 0.000008
1.238000 2.475000 0.000009
1.313000 2.475000 0.000009
1.388000 2.475000 0.000009
1.463000 2.475000 0.000009
1.538000 2.475000 0.000009
1.613000 2.475000 0.000009
1.688000 2.475000 0.000010
1.763000 2.475000 0.000010
1.838000 2.475000 0.000010
1.913000 2.475000 0.000010
1.988000 2.475000 0.000010
2.063000 2.475000 0.000010
2.138000 2.475000 0.000010
2.213000 2.475000 0.000010
2.288000 2.475000 0.000010
2.363000 2.475000 0.000009
2.438000 2.475000 0.000009
2.513000 2.475000 0.000009
2.588000 2.475000 0.000009
2.663000 2.475000 0.000009
2.738000 2.475000 0.000009
2.813000 2.475000 0.000009
2.888000 2.475000 0.000009
2.963000 2.475000 0.000008
3.038000 2.475000 0.000008
3.113000 2.475000 0.000008
3.188000 2.475000 0.000008
3.263000 2.475000 0.000008
3.338000 2.475000 0.000008
3.413000 2.475000 0.000008
3.488000 2.475000 0.000008
3.563000 2.475000 0.000008
3.638000 2.475000 0.000008
3.713000 2.475000 0.000008
3.788000 2.475000 0.000008
3.863000 2.475000 0.000000
-0.037500 2.625000 0.000000
0.037500 2.625000 0.000004
0.112500 2.625000 0.000004
0.187500 2.625000 0.000004
0.262500 2.625000 0.000004
0.337500 2.625000 0.000004
0.412500 2.625000 0.000004
0.487500 2.625000 0.000004
0.562500 2.625000 0.000004
0.637500 2.625000 0.000004
0.712500 2.625000 0.000005
0.787500 2.625000 0.000005
0.862500 2.625000 0.000005
0.937500 2.625000 0.000005
1.012000 2.625000 0.000005
1.087000 2.625000 0.000005
1.163000 2.625000 0.000005
1.238000 2.625000 0.000005
1.313000 2.625000 0.000006
1.388000 2.625000 0.000006
1.463000 2.625000 0.000006
1.538000 2.625000 0.000006
1.613000 2.625000 0.000006
1.688000 2.625000 0.000006
1.763000 2.625000 0.000006
1.838000 2.625000 0.000006
1.913000 2.625000 0.000006
1.988000 2.625000 0.000006
2.063000 2.625000 0.000006
2.138000 2.625000 0.000006
2.213000 2.625000 0.000006
2.288000 2.625000 0.000006
2.363000 2.625000 0.000006
2.438000 2.625000 0.000006
2.513000 2.625000 0.000006
2.588000 2.625000 0.000006
2.663000 2.625000 0.000006
2.738000 2.625000 0.000006
2.813000 2.625000 0.000006
2.888000 2.625000 0.000005
2.963000 2.625000 0.000005
3.038000 2.625000 0.000005
3.113000 2.625000 0.000005
3.188000 2.625000 0.000005
3.263000 2.625000 0.000005
3.338000 2.625000 0.000005
3.413000 2.625000 0.000005
3.488000 2.625000 0.000005
3.563000 2.625000 0.000005
3.638000 2.625000 0.000005
3.713000 2.625000 0.000005
3.788000 2.625000 0.000005
3.863000 2.625000 0.000000
-0.037500 2.775000 0.000000
0.037500 2.775000 0.000003
0.112500 2.775000 0.000003
0.187500 2.775000 0.000003
0.262500 2.775000 0.000003
0.337500 2.775000 0.000003
0.412500 2.775000 0.000003
0.487500 2.775000 0.000003
0.562500 2.775000 0.000003
0.637500 2.775000 0.000003
0.712500 2.775000 0.000003
0.787500 2.775000 0.000003
0.862500 2.775000 0.000003
0.937500 2.775000 0.000003
1.012000 2.775000 0.000003
1.087000 2.775000 0.000004
1.163000 2.775000 0.000004
1.238000 2.775000 0.000004
1.313000 2.775000 0.000004
1.388000 2.775000 0.000004
1.463000 2.775000 0.000004
1.538000 2.775000 0.000004
1.613000 2.775000 0.000004
1.688000 2.775000 0.000004
1.763000 2.775000 0.000004
1.838000 2.775000 0.000004
1.913000 2.775000 0.000004
1.988000 2.775000 0.000004
2.063000 2.775000 0.000004
2.138000 2.775000 0.000004
2.213000 2.775000 0.000004
2.288000 2.775000 0.000004
2.363000 2.775000 0.000004
2.438000 2.775000 0.000004
2.513000 2.775000 0.000004
2.588000 2.775000 0.000004
2.663000 2.775000 0.000004
2.738000 2.775000 0.000004
2.813000 2.775000 0.000004
2.888000 2.775000 0.000004
2.963000 2.775000 0.000004
3.038000 2.775000 0.000004
3.113000 2.775000 0.000004
3.188000 2.775000 0.000004
3.263000 2.775000 0.000004
3.338000 2.775000 0.000003
3.413000 2.775000 0.000003
3.488000 2.775000 0.000003
3.563000 2.775000 0.000003
3.638000 2.775000 0.000004
3.713000 2.775000 0.000004
3.788000 2.775000 0.000004
3.863000 2.775000 0.000000
-0.037500 2.925000 0.000000
0.037500 2.925000 0.000001
0.112500 2.925000 0.000001
0.187500 2.925000 0.000001
0.262500 2.925000 0.000001
0.337500 2.925000 0.000001
0.412500 2.925000 0.000001
0.487500 2.925000 0.000002
0.562500 2.925000 0.000002
0.637500 2.925000 0.000002
0.712500 2.925000 0.000002
0.787500 2.925000 0.000002
0.862500 2.925000 0.000002
0.937500 2.925000 0.000002
1.012000 2.925000 0.000002
1.087000 2.925000 0.000002
1.163000 2.925000 0.000002
1.238000 2.925000 0.000002
1.313000 2.925000 0.000002
1.388000 2.925000 0.000002
1.463000 2.925000 0.000002
1.538000 2.925000 0.000002
1.613000 2.925000 0.000002
1.688000 2.925000 0.000002
1.763000 2.925000 0.000002
1.838000 2.925000 0.000002
1.913000 2.925000 0.000002
1.988000 2.925000 0.000002
2.063000 2.925000 0.000002
2.138000 2.925000 0.000002
2.213000 2.925000 0.000002
2.288000 2.925000 0.000002
2.363000 2.925000 0.000002
2.438000 2.925000 0.000002
2.513000 2.925000 0.000002
2.588000 2.925000 0.000002
2.663000 2.925000 0.000002
2.738000 2.925000 0.000002
2.813000 2.925000 0.000002
2.888000 2.925000 0.000002
2.963000 2.925000 0.000002
3.038000 2.925000 0.000002
3.113000 2.925000 0.000002
3.188000 2.925000 0.000002
3.263000 2.925000 0.000002
3.338000 2.925000 0.000002
3.413000 2.925000 0.000002
3.488000 2.925000 0.000002
3.563000 2.925000 0.000002
3.638000 2.925000 0.000002
3.713000 2.925000 0.000002
3.788000 2.925000 0.000002
3.863000 2.925000 0.000000
-0.037500 3.075000 0.000000
0.037500 3.075000 0.000001
0.112500 3.075000 0.000001
0.187500 3.075000 0.000001
0.262500 3.075000 0.000001
0.337500 3.075000 0.000001
0.412500 3.075000 0.000001
0.487500 3.075000 0.000001
0.562500 3.075000 0.000001
0.637500 3.075000 0.000001
0.712500 3.075000 0.000001
0.787500 3.075000 0.000001
0.862500 3.075000 0.000001
0.937500 3.075000 0.000001
1.012000 3.075000 0.000001
1.087000 3.075000 0.000001
1.163000 3.075000 0.000001
1.238000 3.075000 0.000001
1.313000 3.075000 0.000001
1.388000 3.075000 0.000001
1.463000 3.075000 0.000001
1.538000 3.075000 0.000001
1.613000 3.075000 0.000001
1.688000 3.075000 0.000001
1.763000 3.075000 0.000001
1.838000 3.075000 0.000001
1.913000 3.075000 0.000001
1.988000 3.075000 0.000001
2.063000 3.075000 0.000001
2.138000 3.075000 0.000001
2.213000 3.075000 0.000001
2.288000 3.075000 0.000001
2.363000 3.075000 0.000001
2.438000 3.075000 0.000001
2.513000 3.075000 0.000001
2.588000 3.075000 0.000001
2.663000 3.075000 0.000001
2.738000 3.075000 0.000001
2.813000 3.075000 0.000001
2.888000 3.075000 0.000001
2.963000 3.075000 0.000001
3.038000 3.075000 0.000001
3.113000 3.075000 0.000001
3.188000 3.075000 0.000001
3.263000 3.075000 0.000001
3.338000 3.075000 0.000001
3.413000 3.075000 0.000001
3.488000 3.075000 0.000001
3.563000 3.075000 0.000001
3.638000 3.075000 0.000001
3.713000 3.075000 0.000001
3.788000 3.075000 0.000001
3.863000 3.075000 0.000000
-0.037500 3.225000 0.000000
0.037500 3.225000 0.000000
0.112500 3.225000 0.000000
0.187500 3.225000 0.000000
0.262500 3.225000 0.000000
0.337500 3.225000 0.000000
0.412500 3.225000 0.000000
0.487500 3.225000 0.000000
0.562500 3.225000 0.000000
0.637500 3.225000 0.000000
0.712500 3.225000 0.000000
0.787500 3.225000 0.000000
0.862500 3.225000 0.000000
0.937500 3.225000 0.000000
1.012000 3.225000 0.000000
1.087000 3.225000 0.000000
1.163000 3.225000 0.000000
1.238000 3.225000 0.000000
1.313000 3.225000 0.000000
1.388000 3.225000 0.000000
1.463000 3.225000 0.000000
1.538000 3.225000 0.000000
1.613000 3.225000 0.000000
1.688000 3.225000 0.000000
1.763000 3.225000 0.000000
1.838000 3.225000 0.000000
1.913000 3.225000 0.000000
1.988000 3.225000 0.000000
2.063000 3.225000 0.000000
2.138000 3.225000 0.000000
2.213000 3.225000 0.000000
2.288000 3.225000 0.000000
2.363000 3.225000 0.000000
2.438000 3.225000 0.000000
2.513000 3.225000 0.000000
2.588000 3.225000 0.000000
2.663000 3.225000 0.000000
2.738000 3.225000 0.000000
2.813000 3.225000 0.000000
2.888000 3.225000 0.000000
2.963000 3.225000 0.000000
3.038000 3.225000 0.000000
3.113000 3.225000 0.000000
3.188000 3.225000 0.000000
3.263000 3.225000 0.000000
3.338000 3.225000 0.000000
3.413000 3.225000 0.000000
3.488000 3.225000 0.000000
3.563000 3.225000 0.000000
3.638000 3.225000 0.000000
3.713000 3.225000 0.000000
3.788000 3.225000 0.000000
3.863000 3.225000 0.000000
-0.037500 3.375000 0.000000
0.037500 3.375000 0.000000
0.112500 3.375000 0.000000
0.187500 3.375000 0.000000
0.262500 3.375000 0.000000
0.337500 3.375000 0.000000
0.412500 3.375000 0.000000
0.487500 3.375000 0.000000
0.562500 3.375000 0.000000
0.637500 3.375000 0.000000
0.712500 3.375000 0.000000
0.787500 3.375000 0.000000
0.862500 3.375000 0.000000
0.937500 3.375000 0.000000
1.012000 3.375000 0.000000
1.087000 3.375000 0.000000
1.163000 3.375000 0.000000
1.238000 3.375000 0.000000
1.313000 3.375000 0.000000
1.388000 3.375000 0.000000
1.463000 3.375000 0.000000
1.538000 3.375000 0.000000
1.613000 3.375000 0.000000
1.688000 3.375000 0.000000
1.763000 3.375000 0.000000
1.838000 3.375000 0.000000
1.913000 3.375000 0.000000
1.988000 3.375000 0.000000
2.063000 3.375000 0.000000
2.138000 3.375000 0.000000
2.213000 3.375000 0.000000
2.288000 3.375000 0.000000
2.363000 3.375000 0.000000
2.438000 3.375000 0.000000
2.513000 3.375000 0.000000
2.588000 3.375000 0.000000
2.663000 3.375000 0.000000
2.738000 3.375000 0.000000
2.813000 3.375000 0.000000
2.888000 3.375000 0.000000
2.963000 3.375000 0.000000
3.038000 3.375000 0.000000
3.113000 3.375000 0.000000
3.188000 3.375000 0.000000
3.263000 3.375000 0.000000
3.338000 3.375000 0.000000
3.413000 3.375000 0.000000
3.488000 3.375000 0.000000
3.563000 3.375000 0.000000
3.638000 3.375000 0.000000
3.713000 3.375000 0.000000
3.788000 3.375000 0.000000
3.863000 3.375000 0.000000
-0.037500 3.525000 0.000000
0.037500 3.525000 0.000000
0.112500 3.525000 0.000000
0.187500 3.525000 0.000000
0.262500 3.525000 0.000000
0.337500 3.525000 0.000000
0.412500 3.525000 0.000000
0.487500 3.525000 0.000000
0.562500 3.525000 0.000000
0.637500 3.525000 0.000000
0.712500 3.525000 0.000000
0.787500 3.525000 0.000000
0.862500 3.525000 0.000000
0.937500 3.525000 0.000000
1.012000 3.525000 0.000000
1.087000 3.525000 0.000000
1.163000 3.525000 0.000000
1.238000 3.525000 0.000000
1.313000 3.525000 0.000000
1.388000 3.525000 0.000000
1.463000 3.525000 0.000000
1.538000 3.525000 0.000000
1.613000 3.525000 0.000000
1.688000 3.525000 0.000000
1.763000 3.525000 0.000000
1.838000 3.525000 0.000000
1.913000 3.525000 0.000000
1.988000 3.525000 0.000000
2.063000 3.525000 0.000000
2.138000 3.525000 0.000000
2.213000 3.525000 0.000000
2.288000 3.525000 0.000000
2.363000 3.525000 0.000000
2.438000 3.525000 0.000000
2.513000 3.525000 0.000000
2.588000 3.525000 0.000000
2.663000 3.525000 0.000000
2.738000 3.525000 0.000000
2.813000 3.525000 0.000000
2.888000 3.525000 0.000000
2.963000 3.525000 0.000000
3.038000 3.525000 0.000000
3.113000 3.525000 0.000000
3.188000 3.525000 0.000000
3.263000 3.525000 0.000000
3.338000 3.525000 0.000000
3.413000 3.525000 0.000000
3.488000 3.525000 0.000000
3.563000 3.525000 0.000000
3.638000 3.525000 0.000000
3.713000 3.525000 0.000000
3.788000 3.525000 0.000000
3.863000 3.525000 0.000000
-0.037500 3.675000 0.000000
0.037500 3.675000 0.000000
0.112500 3.675000 0.000000
0.187500 3.675000 0.000000
0.262500 3.675000 0.000000
0.337500 3.675000 0.000000
0.412500 3.675000 0.000000
0.487500 3.675000 0.000000
0.562500 3.675000 0.000000
0.637500 3.675000 0.000000
0.712500 3.675000 0.000000
0.787500 3.675000 0.000000
0.862500 3.675000 0.000000
0.937500 3.675000 0.000000
1.012000 3.675000 0.000000
1.087000 3.675000 0.000000
1.163000 3.675000 0.000000
1.238000 3.675000 0.000000
1.313000 3.675000 0.000000
1.388000 3.675000 0.000000
1.463000 3.675000 0.000000
1.538000 3.675000 0.000000
1.613000 3.675000 0.000000
1.688000 3.675000 0.000000
1.763000 3.675000 0.000000
1.838000 3.675000 0.000000
1.913000 3.675000 0.000000
1.988000 3.675000 0.000000
2.063000 3.675000 0.000000
2.138000 3.675000 0.000000
2.213000 3.675000 0.000000
2.288000 3.675000 0.000000
2.363000 3.675000 0.000000
2.438000 3.675000 0.000000
2.513000 3.675000 0.000000
2.588000 3.675000 0.000000
2.663000 3.675000 0.000000
2.738000 3.675000 0.000000
2.813000 3.675000 0.000000
2.888000 3.675000 0.000000
2.963000 3.675000 0.000000
3.038000 3.675000 0.000000
3.113000 3.675000 0.000000
3.188000 3.675000 0.000000
3.263000 3.675000 0.000000
3.338000 3.675000 0.000000
3.413000 3.675000 0.000000
3.488000 3.675000 0.000000
3.563000 3.675000 0.000000
3.638000 3.675000 0.000000
3.713000 3.675000 0.000000
3.788000 3.675000 0.000000
3.863000 3.675000 0.000000
-0.037500 3.825000 0.000000
0.037500 3.825000 0.000000
0.112500 3.825000 0.000000
0.187500 3.825000 0.000000
0.262500 3.825000 0.000000
0.337500 3.825000 0.000000
0.412500 3.825000 0.000000
0.487500 3.825000 0.000000
0.562500 3.825000 0.000000
0.637500 3.825000 0.000000
0.712500 3.825000 0.000000
0.787500 3.825000 0.000000
0.862500 3.825000 0.000000
0.937500 3.825000 0.000000
1.012000 3.825000 0.000000
1.087000 3.825000 0.000000
1.163000 3.825000 0.000000
1.238000 3.825000 0.000000
1.313000 3.825000 0.000000
1.388000 3.825000 0.000000
1.463000 3.825000 0.000000
1.538000 3.825000 0.000000
1.613000 3.825000 0.000000
1.688000 3.825000 0.000000
1.763000 3.825000 0.000000
1.838000 3.825000 0.000000
1.913000 3.825000 0.000000
1.988000 3.825000 0.000000
2.063000 3.825000 0.000000
2.138000 3.825000 0.000000
2.213000 3.825000 0.000000
2.288000 3.825000 0.000000
2.363000 3.825000 0.000000
2.438000 3.825000 0.000000
2.513000 3.825000 0.000000
2.588000 3.825000 0.000000
2.663000 3.825000 0.000000
2.738000 3.825000 0.000000
2.813000 3.825000 0.000000
2.888000 3.825000 0.000000
2.963000 3.825000 0.000000
3.038000 3.825000 0.000000
3.113000 3.825000 0.000000
3.188000 3.825000 0.000000
3.263000 3.825000 0.000000
3.338000 3.825000 0.000000
3.413000 3.825000 0.000000
3.488000 3.825000 0.000000
3.563000 3.825000 0.000000
3.638000 3.825000 0.000000
3.713000 3.825000 0.000000
3.788000 3.825000 0.000000
3.863000 3.825000 0.000000
-0.037500 3.975000 0.000000
0.037500 3.975000 0.000000
0.112500 3.975000 0.000000
0.187500 3.975000 0.000000
0.262500 3.975000 0.000000
0.337500 3.975000 0.000000
0.412500 3.975000 0.000000
0.487500 3.975000 0.000000
0.562500 3.975000 0.000000
0.637500 3.975000 0.000000
0.712500 3.975000 0.000000
0.787500 3.975000 0.000000
0.862500 3.975000 0.000000
0.937500 3.975000 0.000000
1.012000 3.975000 0.000000
1.087000 3.975000 0.000000
1.163000 3.975000 0.000000
1.238000 3.975000 0.000000
1.313000 3.975000 0.000000
1.388000 3.975000 0.000000
1.463000 3.975000 0.000000
1.538000 3.975000 0.000000
1.613000 3.975000 0.000000
1.688000 3.975000 0.000000
1.763000 3.975000 0.000000
1.838000 3.975000 0.000000
1.913000 3.975000 0.000000
1.988000 3.975000 0.000000
2.063000 3.975000 0.000000
2.138000 3.975000 0.000000
2.213000 3.975000 0.000000
2.288000 3.975000 0.000000
2.363000 3.975000 0.000000
2.438000 3.975000 0.000000
2.513000 3.975000 0.000000
2.588000 3.975000 0.000000
2.663000 3.975000 0.000000
2.738000 3.975000 0.000000
2.813000 3.975000 0.000000
2.888000 3.975000 0.000000
2.963000 3.975000 0.000000
3.038000 3.975000 0.000000
3.113000 3.975000 0.000000
3.188000 3.975000 0.000000
3.263000 3.975000 0.000000
3.338000 3.975000 0.000000
3.413000 3.975000 0.000000
3.488000 3.975000 0.000000
3.563000 3.975000 0.000000
3.638000 3.975000 0.000000
3.713000 3.975000 0.000000
3.788000 3.975000 0.000000
3.863000 3.975000 0.000000
-0.037500 4.125000 0.000000
0.037500 4.125000 0.000000
0.112500 4.125000 0.000000
0.187500 4.125000 0.000000
0.262500 4.125000 0.000000
0.337500 4.125000 0.000000
0.412500 4.125000 0.000000
0.487500 4.125000 0.000000
0.562500 4.125000 0.000000
0.637500 4.125000 0.000000
0.712500 4.125000 0.000000
0.787500 4.125000 0.000000
0.862500 4.125000 0.000000
0.937500 4.125000 0.000000
1.012000 4.125000 0.000000
1.087000 4.125000 0.000000
1.163000 4.125000 0.000000
1.238000 4.125000 0.000000
1.313000 4.125000 0.000000
1.388000 4.125000 0.000000
1.463000 4.125000 0.000000
1.538000 4.125000 0.000000
1.613000 4.125000 0.000000
1.688000 4.125000 0.000000
1.763000 4.125000 0.000000
1.838000 4.125000 0.000000
1.913000 4.125000 0.000000
1.988000 4.125000 0.000000
2.063000 4.125000 0.000000
2.138000 4.125000 0.000000
2.213000 4.125000 0.000000
2.288000 4.125000 0.000000
2.363000 4.125000 0.000000
2.438000 4.125000 0.000000
2.513000 4.125000 0.000000
2.588000 4.125000 0.000000
2.663000 4.125000 0.000000
2.738000 4.125000 0.000000
2.813000 4.125000 0.000000
2.888000 4.125000 0.000000
2.963000 4.125000 0.000000
3.038000 4.125000 0.000000
3.113000 4.125000 0.000000
3.188000 4.125000 0.000000
3.263000 4.125000 0.000000
3.338000 4.125000 0.000000
3.413000 4.125000 0.000000
3.488000 4.125000 0.000000
3.563000 4.125000 0.000000
3.638000 4.125000 0.000000
3.713000 4.125000 0.000000
3.788000 4.125000 0.000000
3.863000 4.125000 0.000000
-0.037500 4.275000 0.000000
0.037500 4.275000 0.000000
0.112500 4.275000 0.000000
0.187500 4.275000 0.000000
0.262500 4.275000 0.000000
0.337500 4.275000 0.000000
0.412500 4.275000 0.000000
0.487500 4.275000 0.000000
0.562500 4.275000 0.000000
0.637500 4.275000 0.000000
0.712500 4.275000 0.000000
0.787500 4.275000 0.000000
0.862500 4.275000 0.000000
0.937500 4.275000 0.000000
1.012000 4.275000 0.000000
1.087000 4.275000 0.000000
1.163000 4.275000 0.000000
1.238000 4.275000 0.000000
1.313000 4.275000 0.000000
1.388000 4.275000 0.000000
1.463000 4.275000 0.000000
1.538000 4.275000 0.000000
1.613000 4.275000 0.000000
1.688000 4.275000 0.000000
1.763000 4.275000 0.000000
1.838000 4.275000 0.000000
1.913000 4.275000 0.000000
1.988000 4.275000 0.000000
2.063000 4.275000 0.000000
2.138000 4.275000 0.000000
2.213000 4.275000 0.000000
2.288000 4.275000 0.000000
2.363000 4.275000 0.000000
2.438000 4.275000 0.000000
2.513000 4.275000 0.000000
2.588000 4.275000 0.000000
2.663000 4.275000 0.000000
2.738000 4.275000 0.000000
2.813000 4.275000 0.000000
2.888000 4.275000 0.000000
2.963000 4.275000 0.000000
3.038000 4.275000 0.000000
3.113000 4.275000 0.000000
3.188000 4.275000 0.000000
3.263000 4.275000 0.000000
3.338000 4.275000 0.000000
3.413000 4.275000 0.000000
3.488000 4.275000 0.000000
3.563000 4.275000 0.000000
3.638000 4.275000 0.000000
3.713000 4.275000 0.000000
3.788000 4.275000 0.000000
3.863000 4.275000 0.000000
-0.037500 4.425000 0.000000
0.037500 4.425000 0.000000
0.112500 4.425000 0.000000
0.187500 4.425000 0.000000
0.262500 4.425000 0.000000
0.337500 4.425000 0.000000
0.412500 4.425000 0.000000
0.487500 4.425000 0.000000
0.562500 4.425000 0.000000
0.637500 4.425000 0.000000
0.712500 4.425000 0.000000
0.787500 4.425000 0.000000
0.862500 4.425000 0.000000
0.937500 4.425000 0.000000
1.012000 4.425000 0.000000
1.087000 4.425000 0.000000
1.163000 4.425000 0.000000
1.238000 4.425000 0.000000
1.313000 4.425000 0.000000
1.388000 4.425000 0.000000
1.463000 4.425000 0.000000
1.538000 4.425000 0.000000
1.613000 4.425000 0.000000
1.688000 4.425000 0.000000
1.763000 4.425000 0.000000
1.838000 4.425000 0.000000
1.913000 4.425000 0.000000
1.988000 4.425000 0.000000
2.063000 4.425000 0.000000
2.138000 4.425000 0.000000
2.213000 4.425000 0.000000
2.288000 4.425000 0.000000
2.363000 4.425000 0.000000
2.438000 4.425000 0.000000
2.513000 4.425000 0.000000
2.588000 4.425000 0.000000
2.663000 4.425000 0.000000
2.738000 4.425000 0.000000
2.813000 4.425000 0.000000
2.888000 4.425000 0.000000
2.963000 4.425000 0.000000
3.038000 4.425000 0.000000
3.113000 4.425000 0.000000
3.188000 4.425000 0.000000
3.263000 4.425000 0.000000
3.338000 4.425000 0.000000
3.413000 4.425000 0.000000
3.488000 4.425000 0.000000
3.563000 4.425000 0.000000
3.638000 4.425000 0.000000
3.713000 4.425000 0.000000
3.788000 4.425000 0.000000
3.863000 4.425000 0.000000
-0.037500 4.575000 0.000000
0.037500 4.575000 0.000000
0.112500 4.575000 0.000000
0.187500 4.575000 0.000000
0.262500 4.575000 0.000000
0.337500 4.575000 0.000000
0.412500 4.575000 0.000000
0.487500 4.575000 0.000000
0.562500 4.575000 0.000000
0.637500 4.575000 0.000000
0.712500 4.575000 0.000000
0.787500 4.575000 0.000000
0.862500 4.575000 0.000000
0.937500 4.575000 0.000000
1.012000 4.575000 0.000000
1.087000 4.575000 0.000000
1.163000 4.575000 0.000000
1.238000 4.575000 0.000000
1.313000 4.575000 0.000000
1.388000 4.575000 0.000000
1.463000 4.575000 0.000000
1.538000 4.575000 0.000000
1.613000 4.575000 0.000000
1.688000 4.575000 0.000000
1.763000 4.575000 0.000000
1.838000 4.575000 0.000000
1.913000 4.575000 0.000000
1.988000 4.575000 0.000000
2.063000 4.575000 0.000000
2.138000 4.575000 0.000000
2.213000 4.575000 0.000000
2.288000 4.575000 0.000000
2.363000 4.575000 0.000000
2.438000 4.575000 0.000000
2.513000 4.575000 0.000000
2.588000 4.575000 0.000000
2.663000 4.575000 0.000000
2.738000 4.575000 0.000000
2.813000 4.575000 0.000000
2.888000 4.575000 0.000000
2.963000 4.575000 0.000000
3.038000 4.575000 0.000000
3.113000 4.575000 0.000000
3.188000 4.575000 0.000000
3.263000 4.575000 0.000000
3.338000 4.575000 0.000000
3.413000 4.575000 0.000000
3.488000 4.575000 0.000000
3.563000 4.575000 0.000000
3.638000 4.575000 0.000000
3.713000 4.575000 0.000000
3.788000 4.575000 0.000000
3.863000 4.575000 0.000000
-0.037500 4.725000 0.000000
0.037500 4.725000 0.000000
0.112500 4.725000 0.000000
0.187500 4.725000 0.000000
0.262500 4.725000 0.000000
0.337500 4.725000 0.000000
0.412500 4.725000 0.000000
0.487500 4.725000 0.000000
0.562500 4.725000 0.000000
0.637500 4.725000 0.000000
0.712500 4.725000 0.000000
0.787500 4.725000 0.000000
0.862500 4.725000 0.000000
0.937500 4.725000 0.000000
1.012000 4.725000 0.000000
1.087000 4.725000 0.000000
1.163000 4.725000 0.000000
1.238000 4.725000 0.000000
1.313000 4.725000 0.000000
1.388000 4.725000 0.000000
1.463000 4.725000 0.000000
1.538000 4.725000 0.000000
1.613000 4.725000 0.000000
1.688000 4.725000 0.000000
1.763000 4.725000 0.000000
1.838000 4.725000 0.000000
1.913000 4.725000 0.000000
1.988000 4.725000 0.000000
2.063000 4.725000 0.000000
2.138000 4.725000 0.000000
2.213000 4.725000 0.000000
2.288000 4.725000 0.000000
2.363000 4.725000 0.000000
2.438000 4.725000 0.000000
2.513000 4.725000 0.000000
2.588000 4.725000 0.000000
2.663000 4.725000 0.000000
2.738000 4.725000 0.000000
2.813000 4.725000 0.000000
2.888000 4.725000 0.000000
2.963000 4.725000 0.000000
3.038000 4.725000 0.000000
3.113000 4.725000 0.000000
3.188000 4.725000 0.000000
3.263000 4.725000 0.000000
3.338000 4.725000 0.000000
3.413000 4.725000 0.000000
3.488000 4.725000 0.000000
3.563000 4.725000 0.000000
3.638000 4.725000 0.000000
3.713000 4.725000 0.000000
3.788000 4.725000 0.000000
3.863000 4.725000 0.000000
-0.037500 4.875000 0.000000
0.037500 4.875000 0.000000
0.112500 4.875000 0.000000
0.187500 4.875000 0.000000
0.262500 4.875000 0.000000
0.337500 4.875000 0.000000
0.412500 4.875000 0.000000
0.487500 4.875000 0.000000
0.562500 4.875000 0.000000
0.637500 4.875000 0.000000
0.712500 4.875000 0.000000
0.787500 4.875000 0.000000
0.862500 4.875000 0.000000
0.937500 4.875000 0.000000
1.012000 4.875000 0.000000
1.087000 4.875000 0.000000
1.163000 4.875000 0.000000
1.238000 4.875000 0.000000
1.313000 4.875000 0.000000
1.388000 4.875000 0.000000
1.463000 4.875000 0.000000
1.538000 4.875000 0.000000
1.613000 4.875000 0.000000
1.688000 4.875000 0.000000
1.763000 4.875000 0.000000
1.838000 4.875000 0.000000
1.913000 4.875000 0.000000
1.988000 4.875000 0.000000
2.063000 4.875000 0.000000
2.138000 4.875000 0.000000
2.213000 4.875000 0.000000
2.288000 4.875000 0.000000
2.363000 4.875000 0.000000
2.438000 4.875000 0.000000
2.513000 4.875000 0.000000
2.588000 4.875000 0.000000
2.663000 4.875000 0.000000
2.738000 4.875000 0.000000
2.813000 4.875000 0.000000
2.888000 4.875000 0.000000
2.963000 4.875000 0.000000
3.038000 4.875000 0.000000
3.113000 4.875000 0.000000
3.188000 4.875000 0.000000
3.263000 4.875000 0.000000
3.338000 4.875000 0.000000
3.413000 4.875000 0.000000
3.488000 4.875000 0.000000
3.563000 4.875000 0.000000
3.638000 4.875000 0.000000
3.713000 4.875000 0.000000
3.788000 4.875000 0.000000
3.863000 4.875000 0.000000
-0.037500 5.025000 0.000000
0.037500 5.025000 0.000000
0.112500 5.025000 0.000000
0.187500 5.025000 0.000000
0.262500 5.025000 0.000000
0.337500 5.025000 0.000000
0.412500 5.025000 0.000000
0.487500 5.025000 0.000000
0.562500 5.025000 0.000000
0.637500 5.025000 0.000000
0.712500 5.025000 0.000000
0.787500 5.025000 0.000000
0.862500 5.025000 0.000000
0.937500 5.025000 0.000000
1.012000 5.025000 0.000000
1.087000 5.025000 0.000000
1.163000 5.025000 0.000000
1.238000 5.025000 0.000000
1.313000 5.025000 0.000000
1.388000 5.025000 0.000000
1.463000 5.025000 0.000000
1.538000 5.025000 0.000000
1.613000 5.025000 0.000000
1.688000 5.025000 0.000000
1.763000 5.025000 0.000000
1.838000 5.025000 0.000000
1.913000 5.025000 0.000000
1.988000 5.025000 0.000000
2.063000 5.025000 0.000000
2.138000 5.025000 0.000000
2.213000 5.025000 0.000000
2.288000 5.025000 0.000000
2.363000 5.025000 0.000000
2.438000 5.025000 0.000000
2.513000 5.025000 0.000000
2.588000 5.025000 0.000000
2.663000 5.025000 0.000000
2.738000 5.025000 0.000000
2.813000 5.025000 0.000000
2.888000 5.025000 0.000000
2.963000 5.025000 0.000000
3.038000 5.025000 0.000000
3.113000 5.025000 0.000000
3.188000 5.025000 0.000000
3.263000 5.025000 0.000000
3.338000 5.025000 0.000000
3.413000 5.025000 0.000000
3.488000 5.025000 0.000000
3.563000 5.025000 0.000000
3.638000 5.025000 0.000000
3.713000 5.025000 0.000000
3.788000 5.025000 0.000000
3.863000 5.025000 0.000000
-0.037500 5.175000 0.000000
0.037500 5.175000 0.000000
0.112500 5.175000 0.000000
0.187500 5.175000 0.000000
0.262500 5.175000 0.000000
0.337500 5.175000 0.000000
0.412500 5.175000 0.000000
0.487500 5.175000 0.000000
0.562500 5.175000 0.000000
0.637500 5.175000 0.000000
0.712500 5.175000 0.000000
0.787500 5.175000 0.000000
0.862500 5.175000 0.000000
0.937500 5.175000 0.000000
1.012000 5.175000 0.000000
1.087000 5.175000 0.000000
1.163000 5.175000 0.000000
1.238000 5.175000 0.000000
1.313000 5.175000 0.000000
1.388000 5.175000 0.000000
1.463000 5.175000 0.000000
1.538000 5.175000 0.000000
1.613000 5.175000 0.000000
1.688000 5.175000 0.000000
1.763000 5.175000 0.000000
1.838000 5.175000 0.000000
1.913000 5.175000 0.000000
1.988000 5.175000 0.000000
2.063000 5.175000 0.000000
2.138000 5.175000 0.000000
2.213000 5.175000 0.000000
2.288000 5.175000 0.000000
2.363000 5.175000 0.000000
2.438000 5.175000 0.000000
2.513000 5.175000 0.000000
2.588000 5.175000 0.000000
2.663000 5.175000 0.000000
2.738000 5.175000 0.000000
2.813000 5.175000 0.000000
2.888000 5.175000 0.000000
2.963000 5.175000 0.000000
3.038000 5.175000 0.000000
3.113000 5.175000 0.000000
3.188000 5.175000 0.000000
3.263000 5.175000 0.000000
3.338000 5.175000 0.000000
3.413000 5.175000 0.000000
3.488000 5.175000 0.000000
3.563000 5.175000 0.000000
3.638000 5.175000 0.000000
3.713000 5.175000 0.000000
3.788000 5.175000 0.000000
3.863000 5.175000 0.000000
