-0.037500 -0.075000 0.000000
0.037500 -0.075000 0.000000
0.112500 -0.075000 0.000000
0.187500 -0.075000 0.000000
0.262500 -0.075000 0.000000
0.337500 -0.075000 0.000000
0.412500 -0.075000 0.000000
0.487500 -0.075000 0.000000
0.562500 -0.075000 0.000000
0.637500 -0.075000 0.000000
0.712500 -0.075000 0.000000
0.787500 -0.075000 0.000000
0.862500 -0.075000 0.000000
0.937500 -0.075000 0.000000
1.012000 -0.075000 0.000000
1.087000 -0.075000 0.000000
1.163000 -0.075000 0.000000
1.238000 -0.075000 0.000000
1.313000 -0.075000 0.000000
1.388000 -0.075000 0.000000
1.463000 -0.075000 0.000000
1.538000 -0.075000 0.000000
1.613000 -0.075000 0.000000
1.688000 -0.075000 0.000000
1.763000 -0.075000 0.000000
1.838000 -0.075000 0.000000
1.913000 -0.075000 0.000000
1.988000 -0.075000 0.000000
2.063000 -0.075000 0.000000
2.138000 -0.075000 0.000000
2.213000 -0.075000 0.000000
2.288000 -0.075000 0.000000
2.363000 -0.075000 0.000000
2.438000 -0.075000 0.000000
2.513000 -0.075000 0.000000
2.588000 -0.075000 0.000000
2.663000 -0.075000 0.000000
2.738000 -0.075000 0.000000
2.813000 -0.075000 0.000000
2.888000 -0.075000 0.000000
2.963000 -0.075000 0.000000
3.038000 -0.075000 0.000000
3.113000 -0.075000 0.000000
3.188000 -0.075000 0.000000
3.263000 -0.075000 0.000000
3.338000 -0.075000 0.000000
3.413000 -0.075000 0.000000
3.488000 -0.075000 0.000000
3.563000 -0.075000 0.000000
3.638000 -0.075000 0.000000
3.713000 -0.075000 0.000000
3.788000 -0.075000 0.000000
3.863000 -0.075000 0.000000
-0.037500 0.075000 0.000000
0.037500 0.075000 0.070150
0.112500 0.075000 0.140300
0.187500 0.075000 0.210400
0.262500 0.075000 0.280600
0.337500 0.075000 0.350700
0.412500 0.075000 0.420800
0.487500 0.075000 0.490700
0.562500 0.075000 0.560500
0.637500 0.075000 0.630100
0.712500 0.075000 0.699300
0.787500 0.075000 0.768100
0.862500 0.075000 0.836200
0.937500 0.075000 0.903300
1.012000 0.075000 0.969300
1.087000 0.075000 1.034000
1.163000 0.075000 1.096000
1.238000 0.075000 1.156000
1.313000 0.075000 1.213000
1.388000 0.075000 1.266000
1.463000 0.075000 1.315000
1.538000 0.075000 1.358000
1.613000 0.075000 1.396000
1.688000 0.075000 1.427000
1.763000 0.075000 1.450000
1.838000 0.075000 1.466000
1.913000 0.075000 1.473000
1.988000 0.075000 1.473000
2.063000 0.075000 1.464000
2.138000 0.075000 1.449000
2.213000 0.075000 1.426000
2.288000 0.075000 1.399000
2.363000 0.075000 1.367000
2.438000 0.075000 1.331000
2.513000 0.075000 1.292000
2.588000 0.075000 1.252000
2.663000 0.075000 1.211000
2.738000 0.075000 1.169000
2.813000 0.075000 1.127000
2.888000 0.075000 1.086000
2.963000 0.075000 1.046000
3.038000 0.075000 1.007000
3.113000 0.075000 0.969000
3.188000 0.075000 0.932400
3.263000 0.075000 0.897300
3.338000 0.075000 0.863600
3.413000 0.075000 0.831300
3.488000 0.075000 0.800400
3.563000 0.075000 0.770900
3.638000 0.075000 0.742800
3.713000 0.075000 0.716000
3.788000 0.075000 0.690400
3.863000 0.075000 0.000000
-0.037500 0.225000 0.000000
0.037500 0.225000 0.070150
0.112500 0.225000 0.140300
0.187500 0.225000 0.210400
0.262500 0.225000 0.280600
0.337500 0.225000 0.350700
0.412500 0.225000 0.420800
0.487500 0.225000 0.490700
0.562500 0.225000 0.560500
0.637500 0.225000 0.630100
0.712500 0.225000 0.699300
0.787500 0.225000 0.768100
0.862500 0.225000 0.836200
0.937500 0.225000 0.903300
1.012000 0.225000 0.969300
1.087000 0.225000 1.034000
1.163000 0.225000 1.096000
1.238000 0.225000 1.156000
1.313000 0.225000 1.213000
1.388000 0.225000 1.266000
1.463000 0.225000 1.315000
1.538000 0.225000 1.358000
1.613000 0.225000 1.396000
1.688000 0.225000 1.427000
1.763000 0.225000 1.450000
1.838000 0.225000 1.466000
1.913000 0.225000 1.473000
1.988000 0.225000 1.473000
2.063000 0.225000 1.464000
2.138000 0.225000 1.449000
2.213000 0.225000 1.426000
2.288000 0.225000 1.399000
2.363000 0.225000 1.367000
2.438000 0.225000 1.331000
2.513000 0.225000 1.292000
2.588000 0.225000 1.252000
2.663000 0.225000 1.211000
2.738000 0.225000 1.169000
2.813000 0.225000 1.127000
2.888000 0.225000 1.086000
2.963000 0.225000 1.046000
3.038000 0.225000 1.007000
3.113000 0.225000 0.969000
3.188000 0.225000 0.932400
3.263000 0.225000 0.897300
3.338000 0.225000 0.863600
3.413000 0.225000 0.831300
3.488000 0.225000 0.800400
3.563000 0.225000 0.770900
3.638000 0.225000 0.742800
3.713000 0.225000 0.716000
3.788000 0.225000 0.690400
3.863000 0.225000 0.000000
-0.037500 0.375000 0.000000
0.037500 0.375000 0.343600
0.112500 0.375000 0.362000
0.187500 0.375000 0.391100
0.262500 0.375000 0.427100
0.337500 0.375000 0.467700
0.412500 0.375000 0.511400
0.487500 0.375000 0.557400
0.562500 0.375000 0.604800
0.637500 0.375000 0.653200
0.712500 0.375000 0.702100
0.787500 0.375000 0.751200
0.862500 0.375000 0.800200
0.937500 0.375000 0.848700
1.012000 0.375000 0.896400
1.087000 0.375000 0.942900
1.163000 0.375000 0.987800
1.238000 0.375000 1.031000
1.313000 0.375000 1.071000
1.388000 0.375000 1.109000
1.463000 0.375000 1.143000
1.538000 0.375000 1.173000
1.613000 0.375000 1.198000
1.688000 0.375000 1.219000
1.763000 0.375000 1.235000
1.838000 0.375000 1.245000
1.913000 0.375000 1.250000
1.988000 0.375000 1.249000
2.063000 0.375000 1.243000
2.138000 0.375000 1.231000
2.213000 0.375000 1.216000
2.288000 0.375000 1.196000
2.363000 0.375000 1.173000
2.438000 0.375000 1.147000
2.513000 0.375000 1.119000
2.588000 0.375000 1.090000
2.663000 0.375000 1.059000
2.738000 0.375000 1.028000
2.813000 0.375000 0.996800
2.888000 0.375000 0.965700
2.963000 0.375000 0.935100
3.038000 0.375000 0.905200
3.113000 0.375000 0.876200
3.188000 0.375000 0.848300
3.263000 0.375000 0.821600
3.338000 0.375000 0.796300
3.413000 0.375000 0.772600
3.488000 0.375000 0.750600
3.563000 0.375000 0.730700
3.638000 0.375000 0.713500
3.713000 0.375000 0.699900
3.788000 0.375000 0.691500
3.863000 0.375000 0.000000
-0.037500 0.525000 0.000000
0.037500 0.525000 0.468000
0.112500 0.525000 0.475000
0.187500 0.525000 0.487900
0.262500 0.525000 0.505500
0.337500 0.525000 0.526900
0.412500 0.525000 0.551100
0.487500 0.525000 0.577500
0.562500 0.525000 0.605700
0.637500 0.525000 0.635000
0.712500 0.525000 0.665200
0.787500 0.525000 0.695900
0.862500 0.525000 0.726700
0.937500 0.525000 0.757400
1.012000 0.525000 0.787600
1.087000 0.525000 0.817100
1.163000 0.525000 0.845500
1.238000 0.525000 0.872500
1.313000 0.525000 0.897800
1.388000 0.525000 0.921100
1.463000 0.525000 0.942000
1.538000 0.525000 0.960400
1.613000 0.525000 0.975900
1.688000 0.525000 0.988300
1.763000 0.525000 0.997400
1.838000 0.525000 1.003000
1.913000 0.525000 1.005000
1.988000 0.525000 1.004000
2.063000 0.525000 1.000000
2.138000 0.525000 0.992500
2.213000 0.525000 0.982200
2.288000 0.525000 0.969300
2.363000 0.525000 0.954300
2.438000 0.525000 0.937400
2.513000 0.525000 0.918900
2.588000 0.525000 0.899300
2.663000 0.525000 0.879000
2.738000 0.525000 0.858100
2.813000 0.525000 0.836900
2.888000 0.525000 0.815800
2.963000 0.525000 0.795000
3.038000 0.525000 0.774700
3.113000 0.525000 0.755000
3.188000 0.525000 0.736200
3.263000 0.525000 0.718300
3.338000 0.525000 0.701700
3.413000 0.525000 0.686400
3.488000 0.525000 0.672700
3.563000 0.525000 0.660900
3.638000 0.525000 0.651300
3.713000 0.525000 0.644400
3.788000 0.525000 0.640700
3.863000 0.525000 0.000000
-0.037500 0.675000 0.000000
0.037500 0.675000 0.516700
0.112500 0.675000 0.520000
0.187500 0.675000 0.526300
0.262500 0.675000 0.535400
0.337500 0.675000 0.546900
0.412500 0.675000 0.560500
0.487500 0.675000 0.575800
0.562500 0.675000 0.592600
0.637500 0.675000 0.610500
0.712500 0.675000 0.629200
0.787500 0.675000 0.648400
0.862500 0.675000 0.668000
0.937500 0.675000 0.687500
1.012000 0.675000 0.706800
1.087000 0.675000 0.725600
1.163000 0.675000 0.743700
1.238000 0.675000 0.760900
1.313000 0.675000 0.776900
1.388000 0.675000 0.791500
1.463000 0.675000 0.804500
1.538000 0.675000 0.815800
1.613000 0.675000 0.825300
1.688000 0.675000 0.832600
1.763000 0.675000 0.837900
1.838000 0.675000 0.841000
1.913000 0.675000 0.842000
1.988000 0.675000 0.840800
2.063000 0.675000 0.837500
2.138000 0.675000 0.832200
2.213000 0.675000 0.825100
2.288000 0.675000 0.816400
2.363000 0.675000 0.806100
2.438000 0.675000 0.794600
2.513000 0.675000 0.782000
2.588000 0.675000 0.768600
2.663000 0.675000 0.754600
2.738000 0.675000 0.740100
2.813000 0.675000 0.725500
2.888000 0.675000 0.710800
2.963000 0.675000 0.696300
3.038000 0.675000 0.682200
3.113000 0.675000 0.668500
3.188000 0.675000 0.655600
3.263000 0.675000 0.643400
3.338000 0.675000 0.632300
3.413000 0.675000 0.622300
3.488000 0.675000 0.613600
3.563000 0.675000 0.606300
3.638000 0.675000 0.600700
3.713000 0.675000 0.596900
3.788000 0.675000 0.594900
3.863000 0.675000 0.000000
-0.037500 0.825000 0.000000
0.037500 0.825000 0.518400
0.112500 0.825000 0.520700
0.187500 0.825000 0.525300
0.262500 0.825000 0.531900
0.337500 0.825000 0.540300
0.412500 0.825000 0.550500
0.487500 0.825000 0.562100
0.562500 0.825000 0.575000
0.637500 0.825000 0.588800
0.712500 0.825000 0.603300
0.787500 0.825000 0.618400
0.862500 0.825000 0.633700
0.937500 0.825000 0.649100
1.012000 0.825000 0.664300
1.087000 0.825000 0.679100
1.163000 0.825000 0.693400
1.238000 0.825000 0.706900
1.313000 0.825000 0.719500
1.388000 0.825000 0.730900
1.463000 0.825000 0.741100
1.538000 0.825000 0.749800
1.613000 0.825000 0.757100
1.688000 0.825000 0.762700
1.763000 0.825000 0.766600
1.838000 0.825000 0.768800
1.913000 0.825000 0.769300
1.988000 0.825000 0.768100
2.063000 0.825000 0.765200
2.138000 0.825000 0.760800
2.213000 0.825000 0.754800
2.288000 0.825000 0.747600
2.363000 0.825000 0.739100
2.438000 0.825000 0.729600
2.513000 0.825000 0.719200
2.588000 0.825000 0.708100
2.663000 0.825000 0.696500
2.738000 0.825000 0.684600
2.813000 0.825000 0.672400
2.888000 0.825000 0.660300
2.963000 0.825000 0.648200
3.038000 0.825000 0.636500
3.113000 0.825000 0.625300
3.188000 0.825000 0.614600
3.263000 0.825000 0.604700
3.338000 0.825000 0.595600
3.413000 0.825000 0.587600
3.488000 0.825000 0.580600
3.563000 0.825000 0.574900
3.638000 0.825000 0.570600
3.713000 0.825000 0.567600
3.788000 0.825000 0.566100
3.863000 0.825000 0.000000
-0.037500 0.975000 0.000000
0.037500 0.975000 0.505600
0.112500 0.975000 0.507400
0.187500 0.975000 0.510900
0.262500 0.975000 0.516000
0.337500 0.975000 0.522600
0.412500 0.975000 0.530500
0.487500 0.975000 0.539700
0.562500 0.975000 0.549900
0.637500 0.975000 0.560900
0.712500 0.975000 0.572600
0.787500 0.975000 0.584700
0.862500 0.975000 0.597000
0.937500 0.975000 0.609500
1.012000 0.975000 0.621800
1.087000 0.975000 0.633800
1.163000 0.975000 0.645300
1.238000 0.975000 0.656300
1.313000 0.975000 0.666400
1.388000 0.975000 0.675600
1.463000 0.975000 0.683700
1.538000 0.975000 0.690700
1.613000 0.975000 0.696400
1.688000 0.975000 0.700800
1.763000 0.975000 0.703800
1.838000 0.975000 0.705400
1.913000 0.975000 0.705600
1.988000 0.975000 0.704400
2.063000 0.975000 0.701800
2.138000 0.975000 0.698000
2.213000 0.975000 0.692900
2.288000 0.975000 0.686700
2.363000 0.975000 0.679600
2.438000 0.975000 0.671500
2.513000 0.975000 0.662700
2.588000 0.975000 0.653400
2.663000 0.975000 0.643600
2.738000 0.975000 0.633400
2.813000 0.975000 0.623200
2.888000 0.975000 0.612900
2.963000 0.975000 0.602700
3.038000 0.975000 0.592900
3.113000 0.975000 0.583400
3.188000 0.975000 0.574400
3.263000 0.975000 0.566100
3.338000 0.975000 0.558600
3.413000 0.975000 0.551900
3.488000 0.975000 0.546100
3.563000 0.975000 0.541500
3.638000 0.975000 0.537900
3.713000 0.975000 0.535500
3.788000 0.975000 0.534300
3.863000 0.975000 0.000000
-0.037500 1.125000 0.000000
0.037500 1.125000 0.483200
0.112500 1.125000 0.484700
0.187500 1.125000 0.487500
0.262500 1.125000 0.491700
0.337500 1.125000 0.497200
0.412500 1.125000 0.503800
0.487500 1.125000 0.511500
0.562500 1.125000 0.520000
0.637500 1.125000 0.529200
0.712500 1.125000 0.539000
0.787500 1.125000 0.549200
0.862500 1.125000 0.559700
0.937500 1.125000 0.570200
1.012000 1.125000 0.580600
1.087000 1.125000 0.590700
1.163000 1.125000 0.600500
1.238000 1.125000 0.609700
1.313000 1.125000 0.618300
1.388000 1.125000 0.626000
1.463000 1.125000 0.632900
1.538000 1.125000 0.638700
1.613000 1.125000 0.643500
1.688000 1.125000 0.647100
1.763000 1.125000 0.649600
1.838000 1.125000 0.650800
1.913000 1.125000 0.650800
1.988000 1.125000 0.649600
2.063000 1.125000 0.647300
2.138000 1.125000 0.643900
2.213000 1.125000 0.639400
2.288000 1.125000 0.634000
2.363000 1.125000 0.627700
2.438000 1.125000 0.620700
2.513000 1.125000 0.613000
2.588000 1.125000 0.604800
2.663000 1.125000 0.596200
2.738000 1.125000 0.587400
2.813000 1.125000 0.578400
2.888000 1.125000 0.569400
2.963000 1.125000 0.560600
3.038000 1.125000 0.552000
3.113000 1.125000 0.543700
3.188000 1.125000 0.535900
3.263000 1.125000 0.528700
3.338000 1.125000 0.522200
3.413000 1.125000 0.516400
3.488000 1.125000 0.511500
3.563000 1.125000 0.507500
3.638000 1.125000 0.504500
3.713000 1.125000 0.502400
3.788000 1.125000 0.501400
3.863000 1.125000 0.000000
-0.037500 1.275000 0.000000
0.037500 1.275000 0.425000
0.112500 1.275000 0.426100
0.187500 1.275000 0.428400
0.262500 1.275000 0.431700
0.337500 1.275000 0.436100
0.412500 1.275000 0.441400
0.487500 1.275000 0.447500
0.562500 1.275000 0.454300
0.637500 1.275000 0.461700
0.712500 1.275000 0.469500
0.787500 1.275000 0.477700
0.862500 1.275000 0.486100
0.937500 1.275000 0.494600
1.012000 1.275000 0.502900
1.087000 1.275000 0.511100
1.163000 1.275000 0.519000
1.238000 1.275000 0.526400
1.313000 1.275000 0.533300
1.388000 1.275000 0.539500
1.463000 1.275000 0.544900
1.538000 1.275000 0.549600
1.613000 1.275000 0.553400
1.688000 1.275000 0.556300
1.763000 1.275000 0.558200
1.838000 1.275000 0.559100
1.913000 1.275000 0.559000
1.988000 1.275000 0.558000
2.063000 1.275000 0.556000
2.138000 1.275000 0.553100
2.213000 1.275000 0.549400
2.288000 1.275000 0.544900
2.363000 1.275000 0.539700
2.438000 1.275000 0.533900
2.513000 1.275000 0.527500
2.588000 1.275000 0.520800
2.663000 1.275000 0.513700
2.738000 1.275000 0.506400
2.813000 1.275000 0.499000
2.888000 1.275000 0.491600
2.963000 1.275000 0.484300
3.038000 1.275000 0.477200
3.113000 1.275000 0.470400
3.188000 1.275000 0.464000
3.263000 1.275000 0.458100
3.338000 1.275000 0.452800
3.413000 1.275000 0.448000
3.488000 1.275000 0.444000
3.563000 1.275000 0.440700
3.638000 1.275000 0.438300
3.713000 1.275000 0.436600
3.788000 1.275000 0.435700
3.863000 1.275000 0.000000
-0.037500 1.425000 0.000000
0.037500 1.425000 0.344100
0.112500 1.425000 0.344900
0.187500 1.425000 0.346600
0.262500 1.425000 0.349000
0.337500 1.425000 0.352100
0.412500 1.425000 0.355800
0.487500 1.425000 0.360200
0.562500 1.425000 0.365100
0.637500 1.425000 0.370400
0.712500 1.425000 0.376000
0.787500 1.425000 0.381900
0.862500 1.425000 0.388000
0.937500 1.425000 0.394100
1.012000 1.425000 0.400100
1.087000 1.425000 0.406000
1.163000 1.425000 0.411600
1.238000 1.425000 0.417000
1.313000 1.425000 0.421900
1.388000 1.425000 0.426400
1.463000 1.425000 0.430300
1.538000 1.425000 0.433600
1.613000 1.425000 0.436300
1.688000 1.425000 0.438300
1.763000 1.425000 0.439600
1.838000 1.425000 0.440200
1.913000 1.425000 0.440000
1.988000 1.425000 0.439200
2.063000 1.425000 0.437600
2.138000 1.425000 0.435400
2.213000 1.425000 0.432600
2.288000 1.425000 0.429200
2.363000 1.425000 0.425300
2.438000 1.425000 0.421000
2.513000 1.425000 0.416200
2.588000 1.425000 0.411200
2.663000 1.425000 0.405900
2.738000 1.425000 0.400500
2.813000 1.425000 0.395000
2.888000 1.425000 0.389500
2.963000 1.425000 0.384000
3.038000 1.425000 0.378800
3.113000 1.425000 0.373700
3.188000 1.425000 0.369000
3.263000 1.425000 0.364600
3.338000 1.425000 0.360600
3.413000 1.425000 0.357100
3.488000 1.425000 0.354100
3.563000 1.425000 0.351700
3.638000 1.425000 0.349900
3.713000 1.425000 0.348600
3.788000 1.425000 0.348000
3.863000 1.425000 0.000000
-0.037500 1.575000 0.000000
0.037500 1.575000 0.272600
0.112500 1.575000 0.273100
0.187500 1.575000 0.274300
0.262500 1.575000 0.276000
0.337500 1.575000 0.278200
0.412500 1.575000 0.280800
0.487500 1.575000 0.283900
0.562500 1.575000 0.287300
0.637500 1.575000 0.291100
0.712500 1.575000 0.295100
0.787500 1.575000 0.299200
0.862500 1.575000 0.303500
0.937500 1.575000 0.307800
1.012000 1.575000 0.312100
1.087000 1.575000 0.316300
1.163000 1.575000 0.320300
1.238000 1.575000 0.324100
1.313000 1.575000 0.327500
1.388000 1.575000 0.330700
1.463000 1.575000 0.333400
1.538000 1.575000 0.335800
1.613000 1.575000 0.337600
1.688000 1.575000 0.339000
1.763000 1.575000 0.339900
1.838000 1.575000 0.340200
1.913000 1.575000 0.340000
1.988000 1.575000 0.339400
2.063000 1.575000 0.338200
2.138000 1.575000 0.336500
2.213000 1.575000 0.334400
2.288000 1.575000 0.331900
2.363000 1.575000 0.329000
2.438000 1.575000 0.325800
2.513000 1.575000 0.322400
2.588000 1.575000 0.318700
2.663000 1.575000 0.314800
2.738000 1.575000 0.310800
2.813000 1.575000 0.306800
2.888000 1.575000 0.302700
2.963000 1.575000 0.298800
3.038000 1.575000 0.294900
3.113000 1.575000 0.291200
3.188000 1.575000 0.287800
3.263000 1.575000 0.284600
3.338000 1.575000 0.281700
3.413000 1.575000 0.279100
3.488000 1.575000 0.277000
3.563000 1.575000 0.275200
3.638000 1.575000 0.273800
3.713000 1.575000 0.272900
3.788000 1.575000 0.272500
3.863000 1.575000 0.000000
-0.037500 1.725000 0.000000
0.037500 1.725000 0.211100
0.112500 1.725000 0.211500
0.187500 1.725000 0.212300
0.262500 1.725000 0.213500
0.337500 1.725000 0.215000
0.412500 1.725000 0.216800
0.487500 1.725000 0.219000
0.562500 1.725000 0.221300
0.637500 1.725000 0.223900
0.712500 1.725000 0.226700
0.787500 1.725000 0.229600
0.862500 1.725000 0.232600
0.937500 1.725000 0.235600
1.012000 1.725000 0.238500
1.087000 1.725000 0.241400
1.163000 1.725000 0.244200
1.238000 1.725000 0.246800
1.313000 1.725000 0.249200
1.388000 1.725000 0.251400
1.463000 1.725000 0.253300
1.538000 1.725000 0.254900
1.613000 1.725000 0.256100
1.688000 1.725000 0.257000
1.763000 1.725000 0.257600
1.838000 1.725000 0.257800
1.913000 1.725000 0.257600
1.988000 1.725000 0.257100
2.063000 1.725000 0.256200
2.138000 1.725000 0.255000
2.213000 1.725000 0.253500
2.288000 1.725000 0.251600
2.363000 1.725000 0.249600
2.438000 1.725000 0.247200
2.513000 1.725000 0.244700
2.588000 1.725000 0.242100
2.663000 1.725000 0.239300
2.738000 1.725000 0.236400
2.813000 1.725000 0.233500
2.888000 1.725000 0.230600
2.963000 1.725000 0.227800
3.038000 1.725000 0.225000
3.113000 1.725000 0.222400
3.188000 1.725000 0.219900
3.263000 1.725000 0.217600
3.338000 1.725000 0.215600
3.413000 1.725000 0.213700
3.488000 1.725000 0.212200
3.563000 1.725000 0.210900
3.638000 1.725000 0.209900
3.713000 1.725000 0.209300
3.788000 1.725000 0.208900
3.863000 1.725000 0.000000
-0.037500 1.875000 0.000000
0.037500 1.875000 0.159500
0.112500 1.875000 0.159800
0.187500 1.875000 0.160300
0.262500 1.875000 0.161100
0.337500 1.875000 0.162100
0.412500 1.875000 0.163300
0.487500 1.875000 0.164700
0.562500 1.875000 0.166400
0.637500 1.875000 0.168100
0.712500 1.875000 0.170000
0.787500 1.875000 0.171900
0.862500 1.875000 0.173900
0.937500 1.875000 0.175900
1.012000 1.875000 0.177900
1.087000 1.875000 0.179900
1.163000 1.875000 0.181700
1.238000 1.875000 0.183500
1.313000 1.875000 0.185100
1.388000 1.875000 0.186500
1.463000 1.875000 0.187800
1.538000 1.875000 0.188900
1.613000 1.875000 0.189700
1.688000 1.875000 0.190300
1.763000 1.875000 0.190600
1.838000 1.875000 0.190700
1.913000 1.875000 0.190600
1.988000 1.875000 0.190200
2.063000 1.875000 0.189500
2.138000 1.875000 0.188600
2.213000 1.875000 0.187500
2.288000 1.875000 0.186300
2.363000 1.875000 0.184800
2.438000 1.875000 0.183200
2.513000 1.875000 0.181400
2.588000 1.875000 0.179500
2.663000 1.875000 0.177600
2.738000 1.875000 0.175600
2.813000 1.875000 0.173600
2.888000 1.875000 0.171600
2.963000 1.875000 0.169600
3.038000 1.875000 0.167700
3.113000 1.875000 0.165800
3.188000 1.875000 0.164100
3.263000 1.875000 0.162500
3.338000 1.875000 0.161100
3.413000 1.875000 0.159800
3.488000 1.875000 0.158700
3.563000 1.875000 0.157800
3.638000 1.875000 0.157200
3.713000 1.875000 0.156700
3.788000 1.875000 0.156400
3.863000 1.875000 0.000000
-0.037500 2.025000 0.000000
0.037500 2.025000 0.116700
0.112500 2.025000 0.116900
0.187500 2.025000 0.117200
0.262500 2.025000 0.117700
0.337500 2.025000 0.118300
0.412500 2.025000 0.119100
0.487500 2.025000 0.120000
0.562500 2.025000 0.121100
0.637500 2.025000 0.122200
0.712500 2.025000 0.123400
0.787500 2.025000 0.124600
0.862500 2.025000 0.125900
0.937500 2.025000 0.127200
1.012000 2.025000 0.128400
1.087000 2.025000 0.129700
1.163000 2.025000 0.130900
1.238000 2.025000 0.132000
1.313000 2.025000 0.133000
1.388000 2.025000 0.133900
1.463000 2.025000 0.134700
1.538000 2.025000 0.135300
1.613000 2.025000 0.135800
1.688000 2.025000 0.136200
1.763000 2.025000 0.136400
1.838000 2.025000 0.136400
1.913000 2.025000 0.136300
1.988000 2.025000 0.136000
2.063000 2.025000 0.135500
2.138000 2.025000 0.134900
2.213000 2.025000 0.134200
2.288000 2.025000 0.133300
2.363000 2.025000 0.132300
2.438000 2.025000 0.131200
2.513000 2.025000 0.130100
2.588000 2.025000 0.128800
2.663000 2.025000 0.127500
2.738000 2.025000 0.126200
2.813000 2.025000 0.124900
2.888000 2.025000 0.123500
2.963000 2.025000 0.122200
3.038000 2.025000 0.120900
3.113000 2.025000 0.119700
3.188000 2.025000 0.118600
3.263000 2.025000 0.117500
3.338000 2.025000 0.116600
3.413000 2.025000 0.115700
3.488000 2.025000 0.115000
3.563000 2.025000 0.114400
3.638000 2.025000 0.114000
3.713000 2.025000 0.113700
3.788000 2.025000 0.113500
3.863000 2.025000 0.000000
-0.037500 2.175000 0.000000
0.037500 2.175000 0.081470
0.112500 2.175000 0.081560
0.187500 2.175000 0.081740
0.262500 2.175000 0.082010
0.337500 2.175000 0.082380
0.412500 2.175000 0.082820
0.487500 2.175000 0.083330
0.562500 2.175000 0.083900
0.637500 2.175000 0.084530
0.712500 2.175000 0.085200
0.787500 2.175000 0.085890
0.862500 2.175000 0.086610
0.937500 2.175000 0.087320
1.012000 2.175000 0.088030
1.087000 2.175000 0.088720
1.163000 2.175000 0.089380
1.238000 2.175000 0.090000
1.313000 2.175000 0.090560
1.388000 2.175000 0.091050
1.463000 2.175000 0.091480
1.538000 2.175000 0.091820
1.613000 2.175000 0.092090
1.688000 2.175000 0.092260
1.763000 2.175000 0.092340
1.838000 2.175000 0.092320
1.913000 2.175000 0.092210
1.988000 2.175000 0.092000
2.063000 2.175000 0.091710
2.138000 2.175000 0.091320
2.213000 2.175000 0.090860
2.288000 2.175000 0.090320
2.363000 2.175000 0.089710
2.438000 2.175000 0.089050
2.513000 2.175000 0.088330
2.588000 2.175000 0.087580
2.663000 2.175000 0.086790
2.738000 2.175000 0.085990
2.813000 2.175000 0.085190
2.888000 2.175000 0.084380
2.963000 2.175000 0.083600
3.038000 2.175000 0.082830
3.113000 2.175000 0.082110
3.188000 2.175000 0.081430
3.263000 2.175000 0.080800
3.338000 2.175000 0.080240
3.413000 2.175000 0.079740
3.488000 2.175000 0.079320
3.563000 2.175000 0.078970
3.638000 2.175000 0.078700
3.713000 2.175000 0.078510
3.788000 2.175000 0.078420
3.863000 2.175000 0.000000
-0.037500 2.325000 0.000000
0.037500 2.325000 0.062050
0.112500 2.325000 0.062100
0.187500 2.325000 0.062210
0.262500 2.325000 0.062360
0.337500 2.325000 0.062570
0.412500 2.325000 0.062820
0.487500 2.325000 0.063120
0.562500 2.325000 0.063440
0.637500 2.325000 0.063800
0.712500 2.325000 0.064180
0.787500 2.325000 0.064580
0.862500 2.325000 0.064980
0.937500 2.325000 0.065390
1.012000 2.325000 0.065790
1.087000 2.325000 0.066180
1.163000 2.325000 0.066550
1.238000 2.325000 0.066890
1.313000 2.325000 0.067200
1.388000 2.325000 0.067470
1.463000 2.325000 0.067690
1.538000 2.325000 0.067870
1.613000 2.325000 0.068000
1.688000 2.325000 0.068070
1.763000 2.325000 0.068080
1.838000 2.325000 0.068040
1.913000 2.325000 0.067940
1.988000 2.325000 0.067790
2.063000 2.325000 0.067580
2.138000 2.325000 0.067320
2.213000 2.325000 0.067010
2.288000 2.325000 0.066650
2.363000 2.325000 0.066260
2.438000 2.325000 0.065830
2.513000 2.325000 0.065370
2.588000 2.325000 0.064890
2.663000 2.325000 0.064390
2.738000 2.325000 0.063880
2.813000 2.325000 0.063370
2.888000 2.325000 0.062870
2.963000 2.325000 0.062370
3.038000 2.325000 0.061890
3.113000 2.325000 0.061440
3.188000 2.325000 0.061020
3.263000 2.325000 0.060630
3.338000 2.325000 0.060280
3.413000 2.325000 0.059970
3.488000 2.325000 0.059710
3.563000 2.325000 0.059500
3.638000 2.325000 0.059340
3.713000 2.325000 0.059230
3.788000 2.325000 0.059170
3.863000 2.325000 0.000000
-0.037500 2.475000 0.000000
0.037500 2.475000 0.053800
0.112500 2.475000 0.053840
0.187500 2.475000 0.053920
0.262500 2.475000 0.054030
0.337500 2.475000 0.054190
0.412500 2.475000 0.054370
0.487500 2.475000 0.054590
0.562500 2.475000 0.054830
0.637500 2.475000 0.055100
0.712500 2.475000 0.055380
0.787500 2.475000 0.055670
0.862500 2.475000 0.055970
0.937500 2.475000 0.056270
1.012000 2.475000 0.056560
1.087000 2.475000 0.056840
1.163000 2.475000 0.057110
1.238000 2.475000 0.057360
1.313000 2.475000 0.057580
1.388000 2.475000 0.057770
1.463000 2.475000 0.057930
1.538000 2.475000 0.058050
1.613000 2.475000 0.058130
1.688000 2.475000 0.058170
1.763000 2.475000 0.058170
1.838000 2.475000 0.058120
1.913000 2.475000 0.058030
1.988000 2.475000 0.057900
2.063000 2.475000 0.057720
2.138000 2.475000 0.057510
2.213000 2.475000 0.057250
2.288000 2.475000 0.056970
2.363000 2.475000 0.056650
2.438000 2.475000 0.056310
2.513000 2.475000 0.055950
2.588000 2.475000 0.055570
2.663000 2.475000 0.055170
2.738000 2.475000 0.054770
2.813000 2.475000 0.054370
2.888000 2.475000 0.053980
2.963000 2.475000 0.053590
3.038000 2.475000 0.053220
3.113000 2.475000 0.052860
3.188000 2.475000 0.052530
3.263000 2.475000 0.052230
3.338000 2.475000 0.051960
3.413000 2.475000 0.051720
3.488000 2.475000 0.051520
3.563000 2.475000 0.051360
3.638000 2.475000 0.051240
3.713000 2.475000 0.051160
3.788000 2.475000 0.051120
3.863000 2.475000 0.000000
-0.037500 2.625000 0.000000
0.037500 2.625000 0.046960
0.112500 2.625000 0.046990
0.187500 2.625000 0.047050
0.262500 2.625000 0.047140
0.337500 2.625000 0.047250
0.412500 2.625000 0.047400
0.487500 2.625000 0.047560
0.562500 2.625000 0.047750
0.637500 2.625000 0.047950
0.712500 2.625000 0.048170
0.787500 2.625000 0.048390
0.862500 2.625000 0.048610
0.937500 2.625000 0.048840
1.012000 2.625000 0.049060
1.087000 2.625000 0.049270
1.163000 2.625000 0.049470
1.238000 2.625000 0.049660
1.313000 2.625000 0.049820
1.388000 2.625000 0.049960
1.463000 2.625000 0.050070
1.538000 2.625000 0.050160
1.613000 2.625000 0.050210
1.688000 2.625000 0.050230
1.763000 2.625000 0.050220
1.838000 2.625000 0.050170
1.913000 2.625000 0.050090
1.988000 2.625000 0.049970
2.063000 2.625000 0.049820
2.138000 2.625000 0.049640
2.213000 2.625000 0.049440
2.288000 2.625000 0.049200
2.363000 2.625000 0.048940
2.438000 2.625000 0.048660
2.513000 2.625000 0.048370
2.588000 2.625000 0.048060
2.663000 2.625000 0.047740
2.738000 2.625000 0.047420
2.813000 2.625000 0.047100
2.888000 2.625000 0.046780
2.963000 2.625000 0.046470
3.038000 2.625000 0.046170
3.113000 2.625000 0.045890
3.188000 2.625000 0.045630
3.263000 2.625000 0.045390
3.338000 2.625000 0.045170
3.413000 2.625000 0.044990
3.488000 2.625000 0.044830
3.563000 2.625000 0.044710
3.638000 2.625000 0.044610
3.713000 2.625000 0.044550
3.788000 2.625000 0.044510
3.863000 2.625000 0.000000
-0.037500 2.775000 0.000000
0.037500 2.775000 0.041430
0.112500 2.775000 0.041460
0.187500 2.775000 0.041510
0.262500 2.775000 0.041590
0.337500 2.775000 0.041680
0.412500 2.775000 0.041800
0.487500 2.775000 0.041940
0.562500 2.775000 0.042090
0.637500 2.775000 0.042250
0.712500 2.775000 0.042420
0.787500 2.775000 0.042600
0.862500 2.775000 0.042780
0.937500 2.775000 0.042960
1.012000 2.775000 0.043140
1.087000 2.775000 0.043310
1.163000 2.775000 0.043470
1.238000 2.775000 0.043610
1.313000 2.775000 0.043740
1.388000 2.775000 0.043850
1.463000 2.775000 0.043930
1.538000 2.775000 0.044000
1.613000 2.775000 0.044030
1.688000 2.775000 0.044040
1.763000 2.775000 0.044030
1.838000 2.775000 0.043980
1.913000 2.775000 0.043910
1.988000 2.775000 0.043800
2.063000 2.775000 0.043680
2.138000 2.775000 0.043520
2.213000 2.775000 0.043340
2.288000 2.775000 0.043150
2.363000 2.775000 0.042930
2.438000 2.775000 0.042690
2.513000 2.775000 0.042440
2.588000 2.775000 0.042190
2.663000 2.775000 0.041920
2.738000 2.775000 0.041650
2.813000 2.775000 0.041380
2.888000 2.775000 0.041120
2.963000 2.775000 0.040860
3.038000 2.775000 0.040610
3.113000 2.775000 0.040370
3.188000 2.775000 0.040150
3.263000 2.775000 0.039960
3.338000 2.775000 0.039780
3.413000 2.775000 0.039620
3.488000 2.775000 0.039500
3.563000 2.775000 0.039390
3.638000 2.775000 0.039320
3.713000 2.775000 0.039270
3.788000 2.775000 0.039240
3.863000 2.775000 0.000000
-0.037500 2.925000 0.000000
0.037500 2.925000 0.032890
0.112500 2.925000 0.032910
0.187500 2.925000 0.032950
0.262500 2.925000 0.033010
0.337500 2.925000 0.033080
0.412500 2.925000 0.033170
0.487500 2.925000 0.033270
0.562500 2.925000 0.033390
0.637500 2.925000 0.033510
0.712500 2.925000 0.033640
0.787500 2.925000 0.033770
0.862500 2.925000 0.033910
0.937500 2.925000 0.034040
1.012000 2.925000 0.034170
1.087000 2.925000 0.034300
1.163000 2.925000 0.034420
1.238000 2.925000 0.034530
1.313000 2.925000 0.034620
1.388000 2.925000 0.034700
1.463000 2.925000 0.034760
1.538000 2.925000 0.034810
1.613000 2.925000 0.034830
1.688000 2.925000 0.034840
1.763000 2.925000 0.034820
1.838000 2.925000 0.034780
1.913000 2.925000 0.034720
1.988000 2.925000 0.034640
2.063000 2.925000 0.034540
2.138000 2.925000 0.034420
2.213000 2.925000 0.034280
2.288000 2.925000 0.034130
2.363000 2.925000 0.033960
2.438000 2.925000 0.033780
2.513000 2.925000 0.033590
2.588000 2.925000 0.033390
2.663000 2.925000 0.033180
2.738000 2.925000 0.032980
2.813000 2.925000 0.032770
2.888000 2.925000 0.032570
2.963000 2.925000 0.032370
3.038000 2.925000 0.032180
3.113000 2.925000 0.032000
3.188000 2.925000 0.031830
3.263000 2.925000 0.031680
3.338000 2.925000 0.031540
3.413000 2.925000 0.031420
3.488000 2.925000 0.031330
3.563000 2.925000 0.031250
3.638000 2.925000 0.031190
3.713000 2.925000 0.031150
3.788000 2.925000 0.031130
3.863000 2.925000 0.000000
-0.037500 3.075000 0.000000
0.037500 3.075000 0.023470
0.112500 3.075000 0.023490
0.187500 3.075000 0.023520
0.262500 3.075000 0.023550
0.337500 3.075000 0.023600
0.412500 3.075000 0.023660
0.487500 3.075000 0.023730
0.562500 3.075000 0.023800
0.637500 3.075000 0.023880
0.712500 3.075000 0.023970
0.787500 3.075000 0.024060
0.862500 3.075000 0.024150
0.937500 3.075000 0.024240
1.012000 3.075000 0.024320
1.087000 3.075000 0.024410
1.163000 3.075000 0.024480
1.238000 3.075000 0.024550
1.313000 3.075000 0.024610
1.388000 3.075000 0.024670
1.463000 3.075000 0.024710
1.538000 3.075000 0.024730
1.613000 3.075000 0.024750
1.688000 3.075000 0.024750
1.763000 3.075000 0.024730
1.838000 3.075000 0.024700
1.913000 3.075000 0.024660
1.988000 3.075000 0.024600
2.063000 3.075000 0.024530
2.138000 3.075000 0.024450
2.213000 3.075000 0.024350
2.288000 3.075000 0.024250
2.363000 3.075000 0.024130
2.438000 3.075000 0.024000
2.513000 3.075000 0.023870
2.588000 3.075000 0.023740
2.663000 3.075000 0.023600
2.738000 3.075000 0.023450
2.813000 3.075000 0.023310
2.888000 3.075000 0.023170
2.963000 3.075000 0.023040
3.038000 3.075000 0.022910
3.113000 3.075000 0.022780
3.188000 3.075000 0.022670
3.263000 3.075000 0.022560
3.338000 3.075000 0.022470
3.413000 3.075000 0.022390
3.488000 3.075000 0.022320
3.563000 3.075000 0.022270
3.638000 3.075000 0.022230
3.713000 3.075000 0.022200
3.788000 3.075000 0.022180
3.863000 3.075000 0.000000
-0.037500 3.225000 0.000000
0.037500 3.225000 0.016620
0.112500 3.225000 0.016630
0.187500 3.225000 0.016650
0.262500 3.225000 0.016670
0.337500 3.225000 0.016710
0.412500 3.225000 0.016740
0.487500 3.225000 0.016790
0.562500 3.225000 0.016840
0.637500 3.225000 0.016890
0.712500 3.225000 0.016950
0.787500 3.225000 0.017000
0.862500 3.225000 0.017060
0.937500 3.225000 0.017120
1.012000 3.225000 0.017180
1.087000 3.225000 0.017230
1.163000 3.225000 0.017280
1.238000 3.225000 0.017330
1.313000 3.225000 0.017360
1.388000 3.225000 0.017400
1.463000 3.225000 0.017420
1.538000 3.225000 0.017440
1.613000 3.225000 0.017440
1.688000 3.225000 0.017440
1.763000 3.225000 0.017430
1.838000 3.225000 0.017410
1.913000 3.225000 0.017380
1.988000 3.225000 0.017340
2.063000 3.225000 0.017290
2.138000 3.225000 0.017230
2.213000 3.225000 0.017160
2.288000 3.225000 0.017090
2.363000 3.225000 0.017010
2.438000 3.225000 0.016930
2.513000 3.225000 0.016840
2.588000 3.225000 0.016740
2.663000 3.225000 0.016650
2.738000 3.225000 0.016550
2.813000 3.225000 0.016450
2.888000 3.225000 0.016360
2.963000 3.225000 0.016270
3.038000 3.225000 0.016180
3.113000 3.225000 0.016090
3.188000 3.225000 0.016020
3.263000 3.225000 0.015950
3.338000 3.225000 0.015880
3.413000 3.225000 0.015830
3.488000 3.225000 0.015780
3.563000 3.225000 0.015740
3.638000 3.225000 0.015710
3.713000 3.225000 0.015690
3.788000 3.225000 0.015680
3.863000 3.225000 0.000000
-0.037500 3.375000 0.000000
0.037500 3.375000 0.011680
0.112500 3.375000 0.011690
0.187500 3.375000 0.011700
0.262500 3.375000 0.011710
0.337500 3.375000 0.011730
0.412500 3.375000 0.011760
0.487500 3.375000 0.011790
0.562500 3.375000 0.011820
0.637500 3.375000 0.011850
0.712500 3.375000 0.011890
0.787500 3.375000 0.011930
0.862500 3.375000 0.011960
0.937500 3.375000 0.012000
1.012000 3.375000 0.012040
1.087000 3.375000 0.012070
1.163000 3.375000 0.012100
1.238000 3.375000 0.012130
1.313000 3.375000 0.012160
1.388000 3.375000 0.012180
1.463000 3.375000 0.012190
1.538000 3.375000 0.012200
1.613000 3.375000 0.012200
1.688000 3.375000 0.012200
1.763000 3.375000 0.012190
1.838000 3.375000 0.012180
1.913000 3.375000 0.012160
1.988000 3.375000 0.012130
2.063000 3.375000 0.012090
2.138000 3.375000 0.012050
2.213000 3.375000 0.012010
2.288000 3.375000 0.011960
2.363000 3.375000 0.011900
2.438000 3.375000 0.011840
2.513000 3.375000 0.011780
2.588000 3.375000 0.011720
2.663000 3.375000 0.011660
2.738000 3.375000 0.011590
2.813000 3.375000 0.011530
2.888000 3.375000 0.011460
2.963000 3.375000 0.011400
3.038000 3.375000 0.011340
3.113000 3.375000 0.011280
3.188000 3.375000 0.011230
3.263000 3.375000 0.011180
3.338000 3.375000 0.011140
3.413000 3.375000 0.011100
3.488000 3.375000 0.011070
3.563000 3.375000 0.011040
3.638000 3.375000 0.011020
3.713000 3.375000 0.011000
3.788000 3.375000 0.010990
3.863000 3.375000 0.000000
-0.037500 3.525000 0.000000
0.037500 3.525000 0.008145
0.112500 3.525000 0.008148
0.187500 3.525000 0.008155
0.262500 3.525000 0.008164
0.337500 3.525000 0.008177
0.412500 3.525000 0.008193
0.487500 3.525000 0.008211
0.562500 3.525000 0.008231
0.637500 3.525000 0.008253
0.712500 3.525000 0.008276
0.787500 3.525000 0.008300
0.862500 3.525000 0.008324
0.937500 3.525000 0.008348
1.012000 3.525000 0.008371
1.087000 3.525000 0.008393
1.163000 3.525000 0.008414
1.238000 3.525000 0.008432
1.313000 3.525000 0.008447
1.388000 3.525000 0.008459
1.463000 3.525000 0.008468
1.538000 3.525000 0.008473
1.613000 3.525000 0.008475
1.688000 3.525000 0.008472
1.763000 3.525000 0.008465
1.838000 3.525000 0.008454
1.913000 3.525000 0.008438
1.988000 3.525000 0.008419
2.063000 3.525000 0.008395
2.138000 3.525000 0.008368
2.213000 3.525000 0.008337
2.288000 3.525000 0.008303
2.363000 3.525000 0.008266
2.438000 3.525000 0.008227
2.513000 3.525000 0.008186
2.588000 3.525000 0.008143
2.663000 3.525000 0.008100
2.738000 3.525000 0.008056
2.813000 3.525000 0.008012
2.888000 3.525000 0.007969
2.963000 3.525000 0.007928
3.038000 3.525000 0.007887
3.113000 3.525000 0.007849
3.188000 3.525000 0.007814
3.263000 3.525000 0.007781
3.338000 3.525000 0.007752
3.413000 3.525000 0.007726
3.488000 3.525000 0.007704
3.563000 3.525000 0.007685
3.638000 3.525000 0.007669
3.713000 3.525000 0.007657
3.788000 3.525000 0.007651
3.863000 3.525000 0.000000
-0.037500 3.675000 0.000000
0.037500 3.675000 0.005636
0.112500 3.675000 0.005638
0.187500 3.675000 0.005642
0.262500 3.675000 0.005648
0.337500 3.675000 0.005656
0.412500 3.675000 0.005666
0.487500 3.675000 0.005677
0.562500 3.675000 0.005690
0.637500 3.675000 0.005704
0.712500 3.675000 0.005719
0.787500 3.675000 0.005734
0.862500 3.675000 0.005749
0.937500 3.675000 0.005765
1.012000 3.675000 0.005779
1.087000 3.675000 0.005793
1.163000 3.675000 0.005806
1.238000 3.675000 0.005817
1.313000 3.675000 0.005826
1.388000 3.675000 0.005834
1.463000 3.675000 0.005839
1.538000 3.675000 0.005842
1.613000 3.675000 0.005842
1.688000 3.675000 0.005840
1.763000 3.675000 0.005834
1.838000 3.675000 0.005826
1.913000 3.675000 0.005816
1.988000 3.675000 0.005802
2.063000 3.675000 0.005786
2.138000 3.675000 0.005768
2.213000 3.675000 0.005747
2.288000 3.675000 0.005724
2.363000 3.675000 0.005699
2.438000 3.675000 0.005673
2.513000 3.675000 0.005645
2.588000 3.675000 0.005617
2.663000 3.675000 0.005588
2.738000 3.675000 0.005559
2.813000 3.675000 0.005529
2.888000 3.675000 0.005501
2.963000 3.675000 0.005473
3.038000 3.675000 0.005446
3.113000 3.675000 0.005421
3.188000 3.675000 0.005397
3.263000 3.675000 0.005375
3.338000 3.675000 0.005355
3.413000 3.675000 0.005338
3.488000 3.675000 0.005323
3.563000 3.675000 0.005310
3.638000 3.675000 0.005299
3.713000 3.675000 0.005291
3.788000 3.675000 0.005286
3.863000 3.675000 0.000000
-0.037500 3.825000 0.000000
0.037500 3.825000 0.003871
0.112500 3.825000 0.003873
0.187500 3.825000 0.003875
0.262500 3.825000 0.003879
0.337500 3.825000 0.003884
0.412500 3.825000 0.003890
0.487500 3.825000 0.003897
0.562500 3.825000 0.003906
0.637500 3.825000 0.003914
0.712500 3.825000 0.003924
0.787500 3.825000 0.003933
0.862500 3.825000 0.003943
0.937500 3.825000 0.003953
1.012000 3.825000 0.003962
1.087000 3.825000 0.003970
1.163000 3.825000 0.003978
1.238000 3.825000 0.003985
1.313000 3.825000 0.003991
1.388000 3.825000 0.003995
1.463000 3.825000 0.003998
1.538000 3.825000 0.004000
1.613000 3.825000 0.004000
1.688000 3.825000 0.003998
1.763000 3.825000 0.003994
1.838000 3.825000 0.003988
1.913000 3.825000 0.003981
1.988000 3.825000 0.003972
2.063000 3.825000 0.003961
2.138000 3.825000 0.003948
2.213000 3.825000 0.003934
2.288000 3.825000 0.003919
2.363000 3.825000 0.003902
2.438000 3.825000 0.003885
2.513000 3.825000 0.003867
2.588000 3.825000 0.003848
2.663000 3.825000 0.003828
2.738000 3.825000 0.003809
2.813000 3.825000 0.003790
2.888000 3.825000 0.003771
2.963000 3.825000 0.003752
3.038000 3.825000 0.003734
3.113000 3.825000 0.003717
3.188000 3.825000 0.003702
3.263000 3.825000 0.003687
3.338000 3.825000 0.003674
3.413000 3.825000 0.003662
3.488000 3.825000 0.003652
3.563000 3.825000 0.003643
3.638000 3.825000 0.003636
3.713000 3.825000 0.003630
3.788000 3.825000 0.003627
3.863000 3.825000 0.000000
-0.037500 3.975000 0.000000
0.037500 3.975000 0.002642
0.112500 3.975000 0.002643
0.187500 3.975000 0.002644
0.262500 3.975000 0.002647
0.337500 3.975000 0.002650
0.412500 3.975000 0.002654
0.487500 3.975000 0.002658
0.562500 3.975000 0.002663
0.637500 3.975000 0.002669
0.712500 3.975000 0.002675
0.787500 3.975000 0.002681
0.862500 3.975000 0.002687
0.937500 3.975000 0.002693
1.012000 3.975000 0.002698
1.087000 3.975000 0.002704
1.163000 3.975000 0.002709
1.238000 3.975000 0.002713
1.313000 3.975000 0.002716
1.388000 3.975000 0.002719
1.463000 3.975000 0.002721
1.538000 3.975000 0.002721
1.613000 3.975000 0.002721
1.688000 3.975000 0.002719
1.763000 3.975000 0.002716
1.838000 3.975000 0.002713
1.913000 3.975000 0.002707
1.988000 3.975000 0.002701
2.063000 3.975000 0.002694
2.138000 3.975000 0.002685
2.213000 3.975000 0.002676
2.288000 3.975000 0.002666
2.363000 3.975000 0.002655
2.438000 3.975000 0.002643
2.513000 3.975000 0.002631
2.588000 3.975000 0.002619
2.663000 3.975000 0.002606
2.738000 3.975000 0.002593
2.813000 3.975000 0.002581
2.888000 3.975000 0.002568
2.963000 3.975000 0.002556
3.038000 3.975000 0.002544
3.113000 3.975000 0.002533
3.188000 3.975000 0.002522
3.263000 3.975000 0.002513
3.338000 3.975000 0.002504
3.413000 3.975000 0.002496
3.488000 3.975000 0.002489
3.563000 3.975000 0.002483
3.638000 3.975000 0.002479
3.713000 3.975000 0.002475
3.788000 3.975000 0.002472
3.863000 3.975000 0.000000
-0.037500 4.125000 0.000000
0.037500 4.125000 0.001793
0.112500 4.125000 0.001793
0.187500 4.125000 0.001794
0.262500 4.125000 0.001795
0.337500 4.125000 0.001797
0.412500 4.125000 0.001800
0.487500 4.125000 0.001803
0.562500 4.125000 0.001806
0.637500 4.125000 0.001809
0.712500 4.125000 0.001813
0.787500 4.125000 0.001817
0.862500 4.125000 0.001820
0.937500 4.125000 0.001824
1.012000 4.125000 0.001828
1.087000 4.125000 0.001831
1.163000 4.125000 0.001834
1.238000 4.125000 0.001836
1.313000 4.125000 0.001838
1.388000 4.125000 0.001840
1.463000 4.125000 0.001841
1.538000 4.125000 0.001841
1.613000 4.125000 0.001841
1.688000 4.125000 0.001839
1.763000 4.125000 0.001837
1.838000 4.125000 0.001835
1.913000 4.125000 0.001831
1.988000 4.125000 0.001827
2.063000 4.125000 0.001822
2.138000 4.125000 0.001817
2.213000 4.125000 0.001810
2.288000 4.125000 0.001804
2.363000 4.125000 0.001796
2.438000 4.125000 0.001789
2.513000 4.125000 0.001781
2.588000 4.125000 0.001773
2.663000 4.125000 0.001764
2.738000 4.125000 0.001756
2.813000 4.125000 0.001748
2.888000 4.125000 0.001739
2.963000 4.125000 0.001731
3.038000 4.125000 0.001724
3.113000 4.125000 0.001716
3.188000 4.125000 0.001709
3.263000 4.125000 0.001703
3.338000 4.125000 0.001697
3.413000 4.125000 0.001692
3.488000 4.125000 0.001687
3.563000 4.125000 0.001684
3.638000 4.125000 0.001680
3.713000 4.125000 0.001678
3.788000 4.125000 0.001676
3.863000 4.125000 0.000000
-0.037500 4.275000 0.000000
0.037500 4.275000 0.001211
0.112500 4.275000 0.001212
0.187500 4.275000 0.001212
0.262500 4.275000 0.001213
0.337500 4.275000 0.001214
0.412500 4.275000 0.001216
0.487500 4.275000 0.001218
0.562500 4.275000 0.001220
0.637500 4.275000 0.001222
0.712500 4.275000 0.001224
0.787500 4.275000 0.001226
0.862500 4.275000 0.001229
0.937500 4.275000 0.001231
1.012000 4.275000 0.001233
1.087000 4.275000 0.001235
1.163000 4.275000 0.001237
1.238000 4.275000 0.001238
1.313000 4.275000 0.001240
1.388000 4.275000 0.001240
1.463000 4.275000 0.001241
1.538000 4.275000 0.001241
1.613000 4.275000 0.001241
1.688000 4.275000 0.001240
1.763000 4.275000 0.001238
1.838000 4.275000 0.001236
1.913000 4.275000 0.001234
1.988000 4.275000 0.001231
2.063000 4.275000 0.001228
2.138000 4.275000 0.001224
2.213000 4.275000 0.001220
2.288000 4.275000 0.001216
2.363000 4.275000 0.001211
2.438000 4.275000 0.001206
2.513000 4.275000 0.001201
2.588000 4.275000 0.001195
2.663000 4.275000 0.001190
2.738000 4.275000 0.001184
2.813000 4.275000 0.001179
2.888000 4.275000 0.001174
2.963000 4.275000 0.001168
3.038000 4.275000 0.001163
3.113000 4.275000 0.001158
3.188000 4.275000 0.001154
3.263000 4.275000 0.001150
3.338000 4.275000 0.001146
3.413000 4.275000 0.001143
3.488000 4.275000 0.001140
3.563000 4.275000 0.001137
3.638000 4.275000 0.001135
3.713000 4.275000 0.001133
3.788000 4.275000 0.001132
3.863000 4.275000 0.000000
-0.037500 4.425000 0.000000
0.037500 4.425000 0.000819
0.112500 4.425000 0.000819
0.187500 4.425000 0.000819
0.262500 4.425000 0.000820
0.337500 4.425000 0.000821
0.412500 4.425000 0.000821
0.487500 4.425000 0.000822
0.562500 4.425000 0.000824
0.637500 4.425000 0.000825
0.712500 4.425000 0.000826
0.787500 4.425000 0.000828
0.862500 4.425000 0.000829
0.937500 4.425000 0.000831
1.012000 4.425000 0.000832
1.087000 4.425000 0.000833
1.163000 4.425000 0.000834
1.238000 4.425000 0.000835
1.313000 4.425000 0.000836
1.388000 4.425000 0.000836
1.463000 4.425000 0.000837
1.538000 4.425000 0.000837
1.613000 4.425000 0.000836
1.688000 4.425000 0.000836
1.763000 4.425000 0.000835
1.838000 4.425000 0.000833
1.913000 4.425000 0.000832
1.988000 4.425000 0.000830
2.063000 4.425000 0.000828
2.138000 4.425000 0.000825
2.213000 4.425000 0.000822
2.288000 4.425000 0.000820
2.363000 4.425000 0.000816
2.438000 4.425000 0.000813
2.513000 4.425000 0.000810
2.588000 4.425000 0.000806
2.663000 4.425000 0.000803
2.738000 4.425000 0.000799
2.813000 4.425000 0.000795
2.888000 4.425000 0.000792
2.963000 4.425000 0.000789
3.038000 4.425000 0.000785
3.113000 4.425000 0.000782
3.188000 4.425000 0.000779
3.263000 4.425000 0.000776
3.338000 4.425000 0.000774
3.413000 4.425000 0.000772
3.488000 4.425000 0.000770
3.563000 4.425000 0.000768
3.638000 4.425000 0.000766
3.713000 4.425000 0.000765
3.788000 4.425000 0.000764
3.863000 4.425000 0.000000
-0.037500 4.575000 0.000000
0.037500 4.575000 0.000558
0.112500 4.575000 0.000558
0.187500 4.575000 0.000558
0.262500 4.575000 0.000559
0.337500 4.575000 0.000559
0.412500 4.575000 0.000560
0.487500 4.575000 0.000561
0.562500 4.575000 0.000561
0.637500 4.575000 0.000562
0.712500 4.575000 0.000563
0.787500 4.575000 0.000564
0.862500 4.575000 0.000565
0.937500 4.575000 0.000566
1.012000 4.575000 0.000566
1.087000 4.575000 0.000567
1.163000 4.575000 0.000568
1.238000 4.575000 0.000568
1.313000 4.575000 0.000569
1.388000 4.575000 0.000569
1.463000 4.575000 0.000569
1.538000 4.575000 0.000569
1.613000 4.575000 0.000569
1.688000 4.575000 0.000568
1.763000 4.575000 0.000568
1.838000 4.575000 0.000567
1.913000 4.575000 0.000565
1.988000 4.575000 0.000564
2.063000 4.575000 0.000563
2.138000 4.575000 0.000561
2.213000 4.575000 0.000559
2.288000 4.575000 0.000557
2.363000 4.575000 0.000555
2.438000 4.575000 0.000553
2.513000 4.575000 0.000551
2.588000 4.575000 0.000549
2.663000 4.575000 0.000546
2.738000 4.575000 0.000544
2.813000 4.575000 0.000541
2.888000 4.575000 0.000539
2.963000 4.575000 0.000537
3.038000 4.575000 0.000535
3.113000 4.575000 0.000533
3.188000 4.575000 0.000531
3.263000 4.575000 0.000529
3.338000 4.575000 0.000527
3.413000 4.575000 0.000526
3.488000 4.575000 0.000524
3.563000 4.575000 0.000523
3.638000 4.575000 0.000522
3.713000 4.575000 0.000521
3.788000 4.575000 0.000521
3.863000 4.575000 0.000000
-0.037500 4.725000 0.000000
0.037500 4.725000 0.000391
0.112500 4.725000 0.000391
0.187500 4.725000 0.000391
0.262500 4.725000 0.000392
0.337500 4.725000 0.000392
0.412500 4.725000 0.000392
0.487500 4.725000 0.000393
0.562500 4.725000 0.000393
0.637500 4.725000 0.000394
0.712500 4.725000 0.000394
0.787500 4.725000 0.000395
0.862500 4.725000 0.000395
0.937500 4.725000 0.000396
1.012000 4.725000 0.000396
1.087000 4.725000 0.000397
1.163000 4.725000 0.000397
1.238000 4.725000 0.000398
1.313000 4.725000 0.000398
1.388000 4.725000 0.000398
1.463000 4.725000 0.000398
1.538000 4.725000 0.000398
1.613000 4.725000 0.000398
1.688000 4.725000 0.000397
1.763000 4.725000 0.000397
1.838000 4.725000 0.000396
1.913000 4.725000 0.000395
1.988000 4.725000 0.000395
2.063000 4.725000 0.000393
2.138000 4.725000 0.000392
2.213000 4.725000 0.000391
2.288000 4.725000 0.000390
2.363000 4.725000 0.000388
2.438000 4.725000 0.000387
2.513000 4.725000 0.000385
2.588000 4.725000 0.000384
2.663000 4.725000 0.000382
2.738000 4.725000 0.000381
2.813000 4.725000 0.000379
2.888000 4.725000 0.000377
2.963000 4.725000 0.000376
3.038000 4.725000 0.000374
3.113000 4.725000 0.000373
3.188000 4.725000 0.000372
3.263000 4.725000 0.000370
3.338000 4.725000 0.000369
3.413000 4.725000 0.000368
3.488000 4.725000 0.000368
3.563000 4.725000 0.000367
3.638000 4.725000 0.000366
3.713000 4.725000 0.000365
3.788000 4.725000 0.000365
3.863000 4.725000 0.000000
-0.037500 4.875000 0.000000
0.037500 4.875000 0.000292
0.112500 4.875000 0.000292
0.187500 4.875000 0.000292
0.262500 4.875000 0.000293
0.337500 4.875000 0.000293
0.412500 4.875000 0.000293
0.487500 4.875000 0.000293
0.562500 4.875000 0.000294
0.637500 4.875000 0.000294
0.712500 4.875000 0.000294
0.787500 4.875000 0.000295
0.862500 4.875000 0.000295
0.937500 4.875000 0.000296
1.012000 4.875000 0.000296
1.087000 4.875000 0.000296
1.163000 4.875000 0.000296
1.238000 4.875000 0.000297
1.313000 4.875000 0.000297
1.388000 4.875000 0.000297
1.463000 4.875000 0.000297
1.538000 4.875000 0.000297
1.613000 4.875000 0.000296
1.688000 4.875000 0.000296
1.763000 4.875000 0.000296
1.838000 4.875000 0.000295
1.913000 4.875000 0.000295
1.988000 4.875000 0.000294
2.063000 4.875000 0.000293
2.138000 4.875000 0.000293
2.213000 4.875000 0.000292
2.288000 4.875000 0.000291
2.363000 4.875000 0.000290
2.438000 4.875000 0.000289
2.513000 4.875000 0.000288
2.588000 4.875000 0.000286
2.663000 4.875000 0.000285
2.738000 4.875000 0.000284
2.813000 4.875000 0.000283
2.888000 4.875000 0.000282
2.963000 4.875000 0.000281
3.038000 4.875000 0.000280
3.113000 4.875000 0.000279
3.188000 4.875000 0.000278
3.263000 4.875000 0.000277
3.338000 4.875000 0.000276
3.413000 4.875000 0.000275
3.488000 4.875000 0.000274
3.563000 4.875000 0.000274
3.638000 4.875000 0.000273
3.713000 4.875000 0.000273
3.788000 4.875000 0.000273
3.863000 4.875000 0.000000
-0.037500 5.025000 0.000000
0.037500 5.025000 0.000247
0.112500 5.025000 0.000247
0.187500 5.025000 0.000247
0.262500 5.025000 0.000247
0.337500 5.025000 0.000247
0.412500 5.025000 0.000247
0.487500 5.025000 0.000247
0.562500 5.025000 0.000248
0.637500 5.025000 0.000248
0.712500 5.025000 0.000248
0.787500 5.025000 0.000249
0.862500 5.025000 0.000249
0.937500 5.025000 0.000249
1.012000 5.025000 0.000249
1.087000 5.025000 0.000250
1.163000 5.025000 0.000250
1.238000 5.025000 0.000250
1.313000 5.025000 0.000250
1.388000 5.025000 0.000250
1.463000 5.025000 0.000250
1.538000 5.025000 0.000250
1.613000 5.025000 0.000250
1.688000 5.025000 0.000250
1.763000 5.025000 0.000249
1.838000 5.025000 0.000249
1.913000 5.025000 0.000248
1.988000 5.025000 0.000248
2.063000 5.025000 0.000247
2.138000 5.025000 0.000246
2.213000 5.025000 0.000246
2.288000 5.025000 0.000245
2.363000 5.025000 0.000244
2.438000 5.025000 0.000243
2.513000 5.025000 0.000242
2.588000 5.025000 0.000241
2.663000 5.025000 0.000240
2.738000 5.025000 0.000239
2.813000 5.025000 0.000238
2.888000 5.025000 0.000238
2.963000 5.025000 0.000237
3.038000 5.025000 0.000236
3.113000 5.025000 0.000235
3.188000 5.025000 0.000234
3.263000 5.025000 0.000233
3.338000 5.025000 0.000233
3.413000 5.025000 0.000232
3.488000 5.025000 0.000232
3.563000 5.025000 0.000231
3.638000 5.025000 0.000230
3.713000 5.025000 0.000230
3.788000 5.025000 0.000230
3.863000 5.025000 0.000000
-0.037500 5.175000 0.000000
0.037500 5.175000 0.000000
0.112500 5.175000 0.000000
0.187500 5.175000 0.000000
0.262500 5.175000 0.000000
0.337500 5.175000 0.000000
0.412500 5.175000 0.000000
0.487500 5.175000 0.000000
0.562500 5.175000 0.000000
0.637500 5.175000 0.000000
0.712500 5.175000 0.000000
0.787500 5.175000 0.000000
0.862500 5.175000 0.000000
0.937500 5.175000 0.000000
1.012000 5.175000 0.000000
1.087000 5.175000 0.000000
1.163000 5.175000 0.000000
1.238000 5.175000 0.000000
1.313000 5.175000 0.000000
1.388000 5.175000 0.000000
1.463000 5.175000 0.000000
1.538000 5.175000 0.000000
1.613000 5.175000 0.000000
1.688000 5.175000 0.000000
1.763000 5.175000 0.000000
1.838000 5.175000 0.000000
1.913000 5.175000 0.000000
1.988000 5.175000 0.000000
2.063000 5.175000 0.000000
2.138000 5.175000 0.000000
2.213000 5.175000 0.000000
2.288000 5.175000 0.000000
2.363000 5.175000 0.000000
2.438000 5.175000 0.000000
2.513000 5.175000 0.000000
2.588000 5.175000 0.000000
2.663000 5.175000 0.000000
2.738000 5.175000 0.000000
2.813000 5.175000 0.000000
2.888000 5.175000 0.000000
2.963000 5.175000 0.000000
3.038000 5.175000 0.000000
3.113000 5.175000 0.000000
3.188000 5.175000 0.000000
3.263000 5.175000 0.000000
3.338000 5.175000 0.000000
3.413000 5.175000 0.000000
3.488000 5.175000 0.000000
3.563000 5.175000 0.000000
3.638000 5.175000 0.000000
3.713000 5.175000 0.000000
3.788000 5.175000 0.000000
3.863000 5.175000 0.000000
