-0.037500 -0.075000 0.000000
0.037500 -0.075000 0.000000
0.112500 -0.075000 0.000000
0.187500 -0.075000 0.000000
0.262500 -0.075000 0.000000
0.337500 -0.075000 0.000000
0.412500 -0.075000 0.000000
0.487500 -0.075000 0.000000
0.562500 -0.075000 0.000000
0.637500 -0.075000 0.000000
0.712500 -0.075000 0.000000
0.787500 -0.075000 0.000000
0.862500 -0.075000 0.000000
0.937500 -0.075000 0.000000
1.012000 -0.075000 0.000000
1.087000 -0.075000 0.000000
1.163000 -0.075000 0.000000
1.238000 -0.075000 0.000000
1.313000 -0.075000 0.000000
1.388000 -0.075000 0.000000
1.463000 -0.075000 0.000000
1.538000 -0.075000 0.000000
1.613000 -0.075000 0.000000
1.688000 -0.075000 0.000000
1.763000 -0.075000 0.000000
1.838000 -0.075000 0.000000
1.913000 -0.075000 0.000000
1.988000 -0.075000 0.000000
2.063000 -0.075000 0.000000
2.138000 -0.075000 0.000000
2.213000 -0.075000 0.000000
2.288000 -0.075000 0.000000
2.363000 -0.075000 0.000000
2.438000 -0.075000 0.000000
2.513000 -0.075000 0.000000
2.588000 -0.075000 0.000000
2.663000 -0.075000 0.000000
2.738000 -0.075000 0.000000
2.813000 -0.075000 0.000000
2.888000 -0.075000 0.000000
2.963000 -0.075000 0.000000
3.038000 -0.075000 0.000000
3.113000 -0.075000 0.000000
3.188000 -0.075000 0.000000
3.263000 -0.075000 0.000000
3.338000 -0.075000 0.000000
3.413000 -0.075000 0.000000
3.488000 -0.075000 0.000000
3.563000 -0.075000 0.000000
3.638000 -0.075000 0.000000
3.713000 -0.075000 0.000000
3.788000 -0.075000 0.000000
3.863000 -0.075000 0.000000
-0.037500 0.075000 0.000000
0.037500 0.075000 0.031010
0.112500 0.075000 0.062020
0.187500 0.075000 0.093030
0.262500 0.075000 0.124000
0.337500 0.075000 0.155000
0.412500 0.075000 0.186000
0.487500 0.075000 0.216900
0.562500 0.075000 0.247800
0.637500 0.075000 0.278500
0.712500 0.075000 0.309200
0.787500 0.075000 0.339500
0.862500 0.075000 0.369600
0.937500 0.075000 0.399300
1.012000 0.075000 0.428500
1.087000 0.075000 0.457000
1.163000 0.075000 0.484600
1.238000 0.075000 0.511100
1.313000 0.075000 0.536200
1.388000 0.075000 0.559800
1.463000 0.075000 0.581300
1.538000 0.075000 0.600500
1.613000 0.075000 0.617100
1.688000 0.075000 0.630700
1.763000 0.075000 0.641000
1.838000 0.075000 0.647900
1.913000 0.075000 0.651200
1.988000 0.075000 0.651000
2.063000 0.075000 0.647200
2.138000 0.075000 0.640300
2.213000 0.075000 0.630600
2.288000 0.075000 0.618300
2.363000 0.075000 0.604100
2.438000 0.075000 0.588200
2.513000 0.075000 0.571200
2.588000 0.075000 0.553400
2.663000 0.075000 0.535100
2.738000 0.075000 0.516700
2.813000 0.075000 0.498300
2.888000 0.075000 0.480200
2.963000 0.075000 0.462400
3.038000 0.075000 0.445100
3.113000 0.075000 0.428400
3.188000 0.075000 0.412200
3.263000 0.075000 0.396600
3.338000 0.075000 0.381700
3.413000 0.075000 0.367500
3.488000 0.075000 0.353800
3.563000 0.075000 0.340800
3.638000 0.075000 0.328400
3.713000 0.075000 0.316500
3.788000 0.075000 0.305200
3.863000 0.075000 0.000000
-0.037500 0.225000 0.000000
0.037500 0.225000 0.031010
0.112500 0.225000 0.062020
0.187500 0.225000 0.093030
0.262500 0.225000 0.124000
0.337500 0.225000 0.155000
0.412500 0.225000 0.186000
0.487500 0.225000 0.216900
0.562500 0.225000 0.247800
0.637500 0.225000 0.278500
0.712500 0.225000 0.309200
0.787500 0.225000 0.339500
0.862500 0.225000 0.369600
0.937500 0.225000 0.399300
1.012000 0.225000 0.428500
1.087000 0.225000 0.457000
1.163000 0.225000 0.484600
1.238000 0.225000 0.511100
1.313000 0.225000 0.536200
1.388000 0.225000 0.559800
1.463000 0.225000 0.581300
1.538000 0.225000 0.600500
1.613000 0.225000 0.617100
1.688000 0.225000 0.630700
1.763000 0.225000 0.641000
1.838000 0.225000 0.647900
1.913000 0.225000 0.651200
1.988000 0.225000 0.651000
2.063000 0.225000 0.647200
2.138000 0.225000 0.640300
2.213000 0.225000 0.630600
2.288000 0.225000 0.618300
2.363000 0.225000 0.604100
2.438000 0.225000 0.588200
2.513000 0.225000 0.571200
2.588000 0.225000 0.553400
2.663000 0.225000 0.535100
2.738000 0.225000 0.516700
2.813000 0.225000 0.498300
2.888000 0.225000 0.480200
2.963000 0.225000 0.462400
3.038000 0.225000 0.445100
3.113000 0.225000 0.428400
3.188000 0.225000 0.412200
3.263000 0.225000 0.396600
3.338000 0.225000 0.381700
3.413000 0.225000 0.367500
3.488000 0.225000 0.353800
3.563000 0.225000 0.340800
3.638000 0.225000 0.328400
3.713000 0.225000 0.316500
3.788000 0.225000 0.305200
3.863000 0.225000 0.000000
-0.037500 0.375000 0.000000
0.037500 0.375000 0.266400
0.112500 0.375000 0.275000
0.187500 0.375000 0.288700
0.262500 0.375000 0.305700
0.337500 0.375000 0.325100
0.412500 0.375000 0.346100
0.487500 0.375000 0.368300
0.562500 0.375000 0.391300
0.637500 0.375000 0.414800
0.712500 0.375000 0.438700
0.787500 0.375000 0.462700
0.862500 0.375000 0.486600
0.937500 0.375000 0.510400
1.012000 0.375000 0.533700
1.087000 0.375000 0.556500
1.163000 0.375000 0.578400
1.238000 0.375000 0.599400
1.313000 0.375000 0.619100
1.388000 0.375000 0.637400
1.463000 0.375000 0.653900
1.538000 0.375000 0.668500
1.613000 0.375000 0.680800
1.688000 0.375000 0.690800
1.763000 0.375000 0.698300
1.838000 0.375000 0.703000
1.913000 0.375000 0.705100
1.988000 0.375000 0.704400
2.063000 0.375000 0.701100
2.138000 0.375000 0.695400
2.213000 0.375000 0.687500
2.288000 0.375000 0.677600
2.363000 0.375000 0.666000
2.438000 0.375000 0.653000
2.513000 0.375000 0.639000
2.588000 0.375000 0.624200
2.663000 0.375000 0.608800
2.738000 0.375000 0.593200
2.813000 0.375000 0.577500
2.888000 0.375000 0.561800
2.963000 0.375000 0.546500
3.038000 0.375000 0.531400
3.113000 0.375000 0.516900
3.188000 0.375000 0.502900
3.263000 0.375000 0.489500
3.338000 0.375000 0.476900
3.413000 0.375000 0.465100
3.488000 0.375000 0.454300
3.563000 0.375000 0.444500
3.638000 0.375000 0.436200
3.713000 0.375000 0.429600
3.788000 0.375000 0.425700
3.863000 0.375000 0.000000
-0.037500 0.525000 0.000000
0.037500 0.525000 0.420800
0.112500 0.525000 0.424400
0.187500 0.525000 0.431000
0.262500 0.525000 0.440100
0.337500 0.525000 0.451200
0.412500 0.525000 0.463900
0.487500 0.525000 0.477900
0.562500 0.525000 0.492800
0.637500 0.525000 0.508500
0.712500 0.525000 0.524600
0.787500 0.525000 0.541100
0.862500 0.525000 0.557600
0.937500 0.525000 0.574100
1.012000 0.525000 0.590400
1.087000 0.525000 0.606200
1.163000 0.525000 0.621500
1.238000 0.525000 0.636000
1.313000 0.525000 0.649500
1.388000 0.525000 0.661900
1.463000 0.525000 0.673000
1.538000 0.525000 0.682700
1.613000 0.525000 0.690700
1.688000 0.525000 0.697100
1.763000 0.525000 0.701700
1.838000 0.525000 0.704400
1.913000 0.525000 0.705300
1.988000 0.525000 0.704300
2.063000 0.525000 0.701500
2.138000 0.525000 0.697000
2.213000 0.525000 0.691000
2.288000 0.525000 0.683500
2.363000 0.525000 0.674900
2.438000 0.525000 0.665200
2.513000 0.525000 0.654600
2.588000 0.525000 0.643400
2.663000 0.525000 0.631800
2.738000 0.525000 0.619900
2.813000 0.525000 0.607800
2.888000 0.525000 0.595800
2.963000 0.525000 0.583900
3.038000 0.525000 0.572300
3.113000 0.525000 0.561100
3.188000 0.525000 0.550500
3.263000 0.525000 0.540400
3.338000 0.525000 0.531000
3.413000 0.525000 0.522500
3.488000 0.525000 0.514900
3.563000 0.525000 0.508400
3.638000 0.525000 0.503200
3.713000 0.525000 0.499500
3.788000 0.525000 0.497600
3.863000 0.525000 0.000000
-0.037500 0.675000 0.000000
0.037500 0.675000 0.496200
0.112500 0.675000 0.498100
0.187500 0.675000 0.501600
0.262500 0.675000 0.506800
0.337500 0.675000 0.513300
0.412500 0.675000 0.521100
0.487500 0.675000 0.529900
0.562500 0.675000 0.539500
0.637500 0.675000 0.549800
0.712500 0.675000 0.560700
0.787500 0.675000 0.571800
0.862500 0.675000 0.583100
0.937500 0.675000 0.594500
1.012000 0.675000 0.605700
1.087000 0.675000 0.616600
1.163000 0.675000 0.627100
1.238000 0.675000 0.637000
1.313000 0.675000 0.646200
1.388000 0.675000 0.654500
1.463000 0.675000 0.661900
1.538000 0.675000 0.668200
1.613000 0.675000 0.673400
1.688000 0.675000 0.677400
1.763000 0.675000 0.680100
1.838000 0.675000 0.681500
1.913000 0.675000 0.681600
1.988000 0.675000 0.680500
2.063000 0.675000 0.678000
2.138000 0.675000 0.674400
2.213000 0.675000 0.669700
2.288000 0.675000 0.664000
2.363000 0.675000 0.657400
2.438000 0.675000 0.650000
2.513000 0.675000 0.642000
2.588000 0.675000 0.633400
2.663000 0.675000 0.624500
2.738000 0.675000 0.615400
2.813000 0.675000 0.606100
2.888000 0.675000 0.596800
2.963000 0.675000 0.587700
3.038000 0.675000 0.578800
3.113000 0.675000 0.570200
3.188000 0.675000 0.562100
3.263000 0.675000 0.554500
3.338000 0.675000 0.547600
3.413000 0.675000 0.541400
3.488000 0.675000 0.536100
3.563000 0.675000 0.531600
3.638000 0.675000 0.528200
3.713000 0.675000 0.525900
3.788000 0.675000 0.524700
3.863000 0.675000 0.000000
-0.037500 0.825000 0.000000
0.037500 0.825000 0.515500
0.112500 0.825000 0.516900
0.187500 0.825000 0.519600
0.262500 0.825000 0.523600
0.337500 0.825000 0.528700
0.412500 0.825000 0.534800
0.487500 0.825000 0.541800
0.562500 0.825000 0.549600
0.637500 0.825000 0.558000
0.712500 0.825000 0.566800
0.787500 0.825000 0.575900
0.862500 0.825000 0.585300
0.937500 0.825000 0.594600
1.012000 0.825000 0.603900
1.087000 0.825000 0.612900
1.163000 0.825000 0.621500
1.238000 0.825000 0.629700
1.313000 0.825000 0.637200
1.388000 0.825000 0.644000
1.463000 0.825000 0.650000
1.538000 0.825000 0.655100
1.613000 0.825000 0.659200
1.688000 0.825000 0.662300
1.763000 0.825000 0.664400
1.838000 0.825000 0.665300
1.913000 0.825000 0.665100
1.988000 0.825000 0.663900
2.063000 0.825000 0.661600
2.138000 0.825000 0.658300
2.213000 0.825000 0.654100
2.288000 0.825000 0.649100
2.363000 0.825000 0.643200
2.438000 0.825000 0.636700
2.513000 0.825000 0.629700
2.588000 0.825000 0.622200
2.663000 0.825000 0.614400
2.738000 0.825000 0.606400
2.813000 0.825000 0.598200
2.888000 0.825000 0.590100
2.963000 0.825000 0.582100
3.038000 0.825000 0.574300
3.113000 0.825000 0.566800
3.188000 0.825000 0.559700
3.263000 0.825000 0.553200
3.338000 0.825000 0.547200
3.413000 0.825000 0.541900
3.488000 0.825000 0.537300
3.563000 0.825000 0.533600
3.638000 0.825000 0.530800
3.713000 0.825000 0.528900
3.788000 0.825000 0.527900
3.863000 0.825000 0.000000
-0.037500 0.975000 0.000000
0.037500 0.975000 0.520500
0.112500 0.975000 0.521700
0.187500 0.975000 0.523800
0.262500 0.975000 0.527100
0.337500 0.975000 0.531200
0.412500 0.975000 0.536300
0.487500 0.975000 0.542100
0.562500 0.975000 0.548600
0.637500 0.975000 0.555600
0.712500 0.975000 0.563000
0.787500 0.975000 0.570700
0.862500 0.975000 0.578600
0.937500 0.975000 0.586500
1.012000 0.975000 0.594300
1.087000 0.975000 0.602000
1.163000 0.975000 0.609300
1.238000 0.975000 0.616200
1.313000 0.975000 0.622500
1.388000 0.975000 0.628200
1.463000 0.975000 0.633200
1.538000 0.975000 0.637400
1.613000 0.975000 0.640800
1.688000 0.975000 0.643300
1.763000 0.975000 0.644900
1.838000 0.975000 0.645500
1.913000 0.975000 0.645200
1.988000 0.975000 0.643900
2.063000 0.975000 0.641700
2.138000 0.975000 0.638700
2.213000 0.975000 0.634900
2.288000 0.975000 0.630300
2.363000 0.975000 0.625100
2.438000 0.975000 0.619200
2.513000 0.975000 0.612900
2.588000 0.975000 0.606200
2.663000 0.975000 0.599300
2.738000 0.975000 0.592100
2.813000 0.975000 0.584800
2.888000 0.975000 0.577500
2.963000 0.975000 0.570400
3.038000 0.975000 0.563400
3.113000 0.975000 0.556800
3.188000 0.975000 0.550500
3.263000 0.975000 0.544700
3.338000 0.975000 0.539500
3.413000 0.975000 0.534800
3.488000 0.975000 0.530800
3.563000 0.975000 0.527600
3.638000 0.975000 0.525100
3.713000 0.975000 0.523500
3.788000 0.975000 0.522700
3.863000 0.975000 0.000000
-0.037500 1.125000 0.000000
0.037500 1.125000 0.513900
0.112500 1.125000 0.514900
0.187500 1.125000 0.516800
0.262500 1.125000 0.519600
0.337500 1.125000 0.523200
0.412500 1.125000 0.527600
0.487500 1.125000 0.532700
0.562500 1.125000 0.538300
0.637500 1.125000 0.544500
0.712500 1.125000 0.551000
0.787500 1.125000 0.557800
0.862500 1.125000 0.564700
0.937500 1.125000 0.571700
1.012000 1.125000 0.578600
1.087000 1.125000 0.585300
1.163000 1.125000 0.591700
1.238000 1.125000 0.597800
1.313000 1.125000 0.603400
1.388000 1.125000 0.608400
1.463000 1.125000 0.612700
1.538000 1.125000 0.616400
1.613000 1.125000 0.619300
1.688000 1.125000 0.621400
1.763000 1.125000 0.622700
1.838000 1.125000 0.623100
1.913000 1.125000 0.622700
1.988000 1.125000 0.621400
2.063000 1.125000 0.619400
2.138000 1.125000 0.616500
2.213000 1.125000 0.613000
2.288000 1.125000 0.608800
2.363000 1.125000 0.603900
2.438000 1.125000 0.598600
2.513000 1.125000 0.592800
2.588000 1.125000 0.586700
2.663000 1.125000 0.580300
2.738000 1.125000 0.573700
2.813000 1.125000 0.567000
2.888000 1.125000 0.560400
2.963000 1.125000 0.553800
3.038000 1.125000 0.547500
3.113000 1.125000 0.541400
3.188000 1.125000 0.535700
3.263000 1.125000 0.530400
3.338000 1.125000 0.525600
3.413000 1.125000 0.521400
3.488000 1.125000 0.517800
3.563000 1.125000 0.514900
3.638000 1.125000 0.512700
3.713000 1.125000 0.511200
3.788000 1.125000 0.510500
3.863000 1.125000 0.000000
-0.037500 1.275000 0.000000
0.037500 1.275000 0.481200
0.112500 1.275000 0.482000
0.187500 1.275000 0.483700
0.262500 1.275000 0.486000
0.337500 1.275000 0.489100
0.412500 1.275000 0.492900
0.487500 1.275000 0.497300
0.562500 1.275000 0.502100
0.637500 1.275000 0.507400
0.712500 1.275000 0.513100
0.787500 1.275000 0.518900
0.862500 1.275000 0.524900
0.937500 1.275000 0.530900
1.012000 1.275000 0.536900
1.087000 1.275000 0.542700
1.163000 1.275000 0.548300
1.238000 1.275000 0.553500
1.313000 1.275000 0.558300
1.388000 1.275000 0.562600
1.463000 1.275000 0.566300
1.538000 1.275000 0.569500
1.613000 1.275000 0.571900
1.688000 1.275000 0.573700
1.763000 1.275000 0.574700
1.838000 1.275000 0.575000
1.913000 1.275000 0.574500
1.988000 1.275000 0.573400
2.063000 1.275000 0.571500
2.138000 1.275000 0.568900
2.213000 1.275000 0.565700
2.288000 1.275000 0.561900
2.363000 1.275000 0.557600
2.438000 1.275000 0.552800
2.513000 1.275000 0.547700
2.588000 1.275000 0.542200
2.663000 1.275000 0.536500
2.738000 1.275000 0.530600
2.813000 1.275000 0.524700
2.888000 1.275000 0.518800
2.963000 1.275000 0.513000
3.038000 1.275000 0.507300
3.113000 1.275000 0.502000
3.188000 1.275000 0.496900
3.263000 1.275000 0.492200
3.338000 1.275000 0.488000
3.413000 1.275000 0.484200
3.488000 1.275000 0.481100
3.563000 1.275000 0.478500
3.638000 1.275000 0.476500
3.713000 1.275000 0.475200
3.788000 1.275000 0.474600
3.863000 1.275000 0.000000
-0.037500 1.425000 0.000000
0.037500 1.425000 0.423200
0.112500 1.425000 0.423800
0.187500 1.425000 0.425100
0.262500 1.425000 0.426900
0.337500 1.425000 0.429400
0.412500 1.425000 0.432300
0.487500 1.425000 0.435700
0.562500 1.425000 0.439500
0.637500 1.425000 0.443700
0.712500 1.425000 0.448100
0.787500 1.425000 0.452700
0.862500 1.425000 0.457500
0.937500 1.425000 0.462200
1.012000 1.425000 0.466900
1.087000 1.425000 0.471500
1.163000 1.425000 0.475900
1.238000 1.425000 0.480000
1.313000 1.425000 0.483700
1.388000 1.425000 0.487100
1.463000 1.425000 0.490000
1.538000 1.425000 0.492400
1.613000 1.425000 0.494300
1.688000 1.425000 0.495600
1.763000 1.425000 0.496400
1.838000 1.425000 0.496500
1.913000 1.425000 0.496000
1.988000 1.425000 0.495000
2.063000 1.425000 0.493400
2.138000 1.425000 0.491200
2.213000 1.425000 0.488500
2.288000 1.425000 0.485400
2.363000 1.425000 0.481800
2.438000 1.425000 0.477900
2.513000 1.425000 0.473600
2.588000 1.425000 0.469100
2.663000 1.425000 0.464400
2.738000 1.425000 0.459600
2.813000 1.425000 0.454800
2.888000 1.425000 0.449900
2.963000 1.425000 0.445200
3.038000 1.425000 0.440600
3.113000 1.425000 0.436200
3.188000 1.425000 0.432000
3.263000 1.425000 0.428200
3.338000 1.425000 0.424700
3.413000 1.425000 0.421700
3.488000 1.425000 0.419100
3.563000 1.425000 0.417000
3.638000 1.425000 0.415400
3.713000 1.425000 0.414400
3.788000 1.425000 0.413900
3.863000 1.425000 0.000000
-0.037500 1.575000 0.000000
0.037500 1.575000 0.361700
0.112500 1.575000 0.362200
0.187500 1.575000 0.363200
0.262500 1.575000 0.364600
0.337500 1.575000 0.366500
0.412500 1.575000 0.368800
0.487500 1.575000 0.371400
0.562500 1.575000 0.374300
0.637500 1.575000 0.377500
0.712500 1.575000 0.380900
0.787500 1.575000 0.384400
0.862500 1.575000 0.388100
0.937500 1.575000 0.391700
1.012000 1.575000 0.395300
1.087000 1.575000 0.398800
1.163000 1.575000 0.402200
1.238000 1.575000 0.405300
1.313000 1.575000 0.408200
1.388000 1.575000 0.410800
1.463000 1.575000 0.413000
1.538000 1.575000 0.414800
1.613000 1.575000 0.416200
1.688000 1.575000 0.417100
1.763000 1.575000 0.417600
1.838000 1.575000 0.417700
1.913000 1.575000 0.417200
1.988000 1.575000 0.416300
2.063000 1.575000 0.415000
2.138000 1.575000 0.413200
2.213000 1.575000 0.411000
2.288000 1.575000 0.408500
2.363000 1.575000 0.405600
2.438000 1.575000 0.402400
2.513000 1.575000 0.399000
2.588000 1.575000 0.395400
2.663000 1.575000 0.391700
2.738000 1.575000 0.387800
2.813000 1.575000 0.383900
2.888000 1.575000 0.380100
2.963000 1.575000 0.376300
3.038000 1.575000 0.372600
3.113000 1.575000 0.369100
3.188000 1.575000 0.365800
3.263000 1.575000 0.362800
3.338000 1.575000 0.360000
3.413000 1.575000 0.357600
3.488000 1.575000 0.355600
3.563000 1.575000 0.353900
3.638000 1.575000 0.352600
3.713000 1.575000 0.351800
3.788000 1.575000 0.351400
3.863000 1.575000 0.000000
-0.037500 1.725000 0.000000
0.037500 1.725000 0.301100
0.112500 1.725000 0.301400
0.187500 1.725000 0.302100
0.262500 1.725000 0.303200
0.337500 1.725000 0.304600
0.412500 1.725000 0.306300
0.487500 1.725000 0.308200
0.562500 1.725000 0.310400
0.637500 1.725000 0.312800
0.712500 1.725000 0.315300
0.787500 1.725000 0.318000
0.862500 1.725000 0.320700
0.937500 1.725000 0.323400
1.012000 1.725000 0.326100
1.087000 1.725000 0.328700
1.163000 1.725000 0.331200
1.238000 1.725000 0.333500
1.313000 1.725000 0.335700
1.388000 1.725000 0.337600
1.463000 1.725000 0.339200
1.538000 1.725000 0.340500
1.613000 1.725000 0.341500
1.688000 1.725000 0.342200
1.763000 1.725000 0.342500
1.838000 1.725000 0.342400
1.913000 1.725000 0.342000
1.988000 1.725000 0.341300
2.063000 1.725000 0.340200
2.138000 1.725000 0.338800
2.213000 1.725000 0.337000
2.288000 1.725000 0.335000
2.363000 1.725000 0.332800
2.438000 1.725000 0.330300
2.513000 1.725000 0.327600
2.588000 1.725000 0.324800
2.663000 1.725000 0.321900
2.738000 1.725000 0.318900
2.813000 1.725000 0.315900
2.888000 1.725000 0.312900
2.963000 1.725000 0.310000
3.038000 1.725000 0.307100
3.113000 1.725000 0.304400
3.188000 1.725000 0.301900
3.263000 1.725000 0.299500
3.338000 1.725000 0.297400
3.413000 1.725000 0.295500
3.488000 1.725000 0.294000
3.563000 1.725000 0.292700
3.638000 1.725000 0.291700
3.713000 1.725000 0.291100
3.788000 1.725000 0.290700
3.863000 1.725000 0.000000
-0.037500 1.875000 0.000000
0.037500 1.875000 0.243800
0.112500 1.875000 0.244000
0.187500 1.875000 0.244500
0.262500 1.875000 0.245300
0.337500 1.875000 0.246300
0.412500 1.875000 0.247500
0.487500 1.875000 0.248900
0.562500 1.875000 0.250500
0.637500 1.875000 0.252200
0.712500 1.875000 0.254000
0.787500 1.875000 0.255900
0.862500 1.875000 0.257800
0.937500 1.875000 0.259800
1.012000 1.875000 0.261700
1.087000 1.875000 0.263600
1.163000 1.875000 0.265400
1.238000 1.875000 0.267000
1.313000 1.875000 0.268500
1.388000 1.875000 0.269900
1.463000 1.875000 0.271000
1.538000 1.875000 0.271900
1.613000 1.875000 0.272600
1.688000 1.875000 0.273000
1.763000 1.875000 0.273200
1.838000 1.875000 0.273100
1.913000 1.875000 0.272800
1.988000 1.875000 0.272200
2.063000 1.875000 0.271300
2.138000 1.875000 0.270200
2.213000 1.875000 0.268900
2.288000 1.875000 0.267400
2.363000 1.875000 0.265600
2.438000 1.875000 0.263800
2.513000 1.875000 0.261800
2.588000 1.875000 0.259700
2.663000 1.875000 0.257500
2.738000 1.875000 0.255200
2.813000 1.875000 0.253000
2.888000 1.875000 0.250700
2.963000 1.875000 0.248500
3.038000 1.875000 0.246400
3.113000 1.875000 0.244400
3.188000 1.875000 0.242500
3.263000 1.875000 0.240700
3.338000 1.875000 0.239100
3.413000 1.875000 0.237800
3.488000 1.875000 0.236600
3.563000 1.875000 0.235600
3.638000 1.875000 0.234900
3.713000 1.875000 0.234400
3.788000 1.875000 0.234200
3.863000 1.875000 0.000000
-0.037500 2.025000 0.000000
0.037500 2.025000 0.191400
0.112500 2.025000 0.191500
0.187500 2.025000 0.191900
0.262500 2.025000 0.192400
0.337500 2.025000 0.193100
0.412500 2.025000 0.193900
0.487500 2.025000 0.194800
0.562500 2.025000 0.195900
0.637500 2.025000 0.197000
0.712500 2.025000 0.198300
0.787500 2.025000 0.199500
0.862500 2.025000 0.200900
0.937500 2.025000 0.202200
1.012000 2.025000 0.203500
1.087000 2.025000 0.204700
1.163000 2.025000 0.205900
1.238000 2.025000 0.207000
1.313000 2.025000 0.208000
1.388000 2.025000 0.208900
1.463000 2.025000 0.209600
1.538000 2.025000 0.210200
1.613000 2.025000 0.210600
1.688000 2.025000 0.210800
1.763000 2.025000 0.210900
1.838000 2.025000 0.210800
1.913000 2.025000 0.210500
1.988000 2.025000 0.210000
2.063000 2.025000 0.209400
2.138000 2.025000 0.208600
2.213000 2.025000 0.207600
2.288000 2.025000 0.206500
2.363000 2.025000 0.205300
2.438000 2.025000 0.203900
2.513000 2.025000 0.202500
2.588000 2.025000 0.201000
2.663000 2.025000 0.199400
2.738000 2.025000 0.197800
2.813000 2.025000 0.196200
2.888000 2.025000 0.194600
2.963000 2.025000 0.193100
3.038000 2.025000 0.191500
3.113000 2.025000 0.190100
3.188000 2.025000 0.188800
3.263000 2.025000 0.187500
3.338000 2.025000 0.186400
3.413000 2.025000 0.185400
3.488000 2.025000 0.184600
3.563000 2.025000 0.183900
3.638000 2.025000 0.183400
3.713000 2.025000 0.183100
3.788000 2.025000 0.182900
3.863000 2.025000 0.000000
-0.037500 2.175000 0.000000
0.037500 2.175000 0.144600
0.112500 2.175000 0.144700
0.187500 2.175000 0.144900
0.262500 2.175000 0.145200
0.337500 2.175000 0.145600
0.412500 2.175000 0.146100
0.487500 2.175000 0.146600
0.562500 2.175000 0.147300
0.637500 2.175000 0.147900
0.712500 2.175000 0.148700
0.787500 2.175000 0.149400
0.862500 2.175000 0.150200
0.937500 2.175000 0.150900
1.012000 2.175000 0.151700
1.087000 2.175000 0.152400
1.163000 2.175000 0.153100
1.238000 2.175000 0.153700
1.313000 2.175000 0.154300
1.388000 2.175000 0.154800
1.463000 2.175000 0.155200
1.538000 2.175000 0.155500
1.613000 2.175000 0.155700
1.688000 2.175000 0.155800
1.763000 2.175000 0.155800
1.838000 2.175000 0.155600
1.913000 2.175000 0.155400
1.988000 2.175000 0.155100
2.063000 2.175000 0.154600
2.138000 2.175000 0.154000
2.213000 2.175000 0.153400
2.288000 2.175000 0.152600
2.363000 2.175000 0.151800
2.438000 2.175000 0.150900
2.513000 2.175000 0.150000
2.588000 2.175000 0.149000
2.663000 2.175000 0.148000
2.738000 2.175000 0.147000
2.813000 2.175000 0.145900
2.888000 2.175000 0.144900
2.963000 2.175000 0.143900
3.038000 2.175000 0.142900
3.113000 2.175000 0.142000
3.188000 2.175000 0.141100
3.263000 2.175000 0.140400
3.338000 2.175000 0.139600
3.413000 2.175000 0.139000
3.488000 2.175000 0.138500
3.563000 2.175000 0.138100
3.638000 2.175000 0.137700
3.713000 2.175000 0.137500
3.788000 2.175000 0.137400
3.863000 2.175000 0.000000
-0.037500 2.325000 0.000000
0.037500 2.325000 0.117300
0.112500 2.325000 0.117300
0.187500 2.325000 0.117500
0.262500 2.325000 0.117600
0.337500 2.325000 0.117900
0.412500 2.325000 0.118200
0.487500 2.325000 0.118500
0.562500 2.325000 0.118900
0.637500 2.325000 0.119300
0.712500 2.325000 0.119700
0.787500 2.325000 0.120100
0.862500 2.325000 0.120600
0.937500 2.325000 0.121000
1.012000 2.325000 0.121500
1.087000 2.325000 0.121900
1.163000 2.325000 0.122300
1.238000 2.325000 0.122600
1.313000 2.325000 0.122900
1.388000 2.325000 0.123200
1.463000 2.325000 0.123400
1.538000 2.325000 0.123500
1.613000 2.325000 0.123600
1.688000 2.325000 0.123600
1.763000 2.325000 0.123500
1.838000 2.325000 0.123400
1.913000 2.325000 0.123200
1.988000 2.325000 0.122900
2.063000 2.325000 0.122600
2.138000 2.325000 0.122200
2.213000 2.325000 0.121700
2.288000 2.325000 0.121200
2.363000 2.325000 0.120600
2.438000 2.325000 0.120000
2.513000 2.325000 0.119300
2.588000 2.325000 0.118700
2.663000 2.325000 0.118000
2.738000 2.325000 0.117300
2.813000 2.325000 0.116600
2.888000 2.325000 0.115900
2.963000 2.325000 0.115200
3.038000 2.325000 0.114500
3.113000 2.325000 0.113900
3.188000 2.325000 0.113400
3.263000 2.325000 0.112800
3.338000 2.325000 0.112400
3.413000 2.325000 0.111900
3.488000 2.325000 0.111600
3.563000 2.325000 0.111300
3.638000 2.325000 0.111100
3.713000 2.325000 0.111000
3.788000 2.325000 0.110900
3.863000 2.325000 0.000000
-0.037500 2.475000 0.000000
0.037500 2.475000 0.105200
0.112500 2.475000 0.105200
0.187500 2.475000 0.105300
0.262500 2.475000 0.105500
0.337500 2.475000 0.105600
0.412500 2.475000 0.105900
0.487500 2.475000 0.106100
0.562500 2.475000 0.106400
0.637500 2.475000 0.106700
0.712500 2.475000 0.107000
0.787500 2.475000 0.107300
0.862500 2.475000 0.107700
0.937500 2.475000 0.108000
1.012000 2.475000 0.108300
1.087000 2.475000 0.108600
1.163000 2.475000 0.108900
1.238000 2.475000 0.109200
1.313000 2.475000 0.109400
1.388000 2.475000 0.109600
1.463000 2.475000 0.109700
1.538000 2.475000 0.109800
1.613000 2.475000 0.109800
1.688000 2.475000 0.109800
1.763000 2.475000 0.109700
1.838000 2.475000 0.109600
1.913000 2.475000 0.109400
1.988000 2.475000 0.109100
2.063000 2.475000 0.108800
2.138000 2.475000 0.108500
2.213000 2.475000 0.108100
2.288000 2.475000 0.107700
2.363000 2.475000 0.107200
2.438000 2.475000 0.106700
2.513000 2.475000 0.106100
2.588000 2.475000 0.105600
2.663000 2.475000 0.105000
2.738000 2.475000 0.104400
2.813000 2.475000 0.103900
2.888000 2.475000 0.103300
2.963000 2.475000 0.102800
3.038000 2.475000 0.102200
3.113000 2.475000 0.101700
3.188000 2.475000 0.101300
3.263000 2.475000 0.100800
3.338000 2.475000 0.100500
3.413000 2.475000 0.100100
3.488000 2.475000 0.099840
3.563000 2.475000 0.099610
3.638000 2.475000 0.099430
3.713000 2.475000 0.099320
3.788000 2.475000 0.099260
3.863000 2.475000 0.000000
-0.037500 2.625000 0.000000
0.037500 2.625000 0.094700
0.112500 2.625000 0.094740
0.187500 2.625000 0.094810
0.262500 2.625000 0.094920
0.337500 2.625000 0.095060
0.412500 2.625000 0.095230
0.487500 2.625000 0.095420
0.562500 2.625000 0.095640
0.637500 2.625000 0.095880
0.712500 2.625000 0.096120
0.787500 2.625000 0.096380
0.862500 2.625000 0.096640
0.937500 2.625000 0.096890
1.012000 2.625000 0.097140
1.087000 2.625000 0.097370
1.163000 2.625000 0.097590
1.238000 2.625000 0.097770
1.313000 2.625000 0.097930
1.388000 2.625000 0.098060
1.463000 2.625000 0.098150
1.538000 2.625000 0.098200
1.613000 2.625000 0.098210
1.688000 2.625000 0.098170
1.763000 2.625000 0.098090
1.838000 2.625000 0.097960
1.913000 2.625000 0.097790
1.988000 2.625000 0.097570
2.063000 2.625000 0.097300
2.138000 2.625000 0.097000
2.213000 2.625000 0.096660
2.288000 2.625000 0.096280
2.363000 2.625000 0.095880
2.438000 2.625000 0.095450
2.513000 2.625000 0.095000
2.588000 2.625000 0.094530
2.663000 2.625000 0.094050
2.738000 2.625000 0.093570
2.813000 2.625000 0.093090
2.888000 2.625000 0.092620
2.963000 2.625000 0.092160
3.038000 2.625000 0.091720
3.113000 2.625000 0.091310
3.188000 2.625000 0.090920
3.263000 2.625000 0.090560
3.338000 2.625000 0.090250
3.413000 2.625000 0.089970
3.488000 2.625000 0.089740
3.563000 2.625000 0.089550
3.638000 2.625000 0.089400
3.713000 2.625000 0.089310
3.788000 2.625000 0.089260
3.863000 2.625000 0.000000
-0.037500 2.775000 0.000000
0.037500 2.775000 0.085820
0.112500 2.775000 0.085850
0.187500 2.775000 0.085910
0.262500 2.775000 0.086000
0.337500 2.775000 0.086120
0.412500 2.775000 0.086260
0.487500 2.775000 0.086420
0.562500 2.775000 0.086600
0.637500 2.775000 0.086790
0.712500 2.775000 0.086990
0.787500 2.775000 0.087200
0.862500 2.775000 0.087410
0.937500 2.775000 0.087620
1.012000 2.775000 0.087820
1.087000 2.775000 0.088010
1.163000 2.775000 0.088180
1.238000 2.775000 0.088330
1.313000 2.775000 0.088460
1.388000 2.775000 0.088550
1.463000 2.775000 0.088620
1.538000 2.775000 0.088650
1.613000 2.775000 0.088640
1.688000 2.775000 0.088600
1.763000 2.775000 0.088520
1.838000 2.775000 0.088400
1.913000 2.775000 0.088240
1.988000 2.775000 0.088040
2.063000 2.775000 0.087810
2.138000 2.775000 0.087540
2.213000 2.775000 0.087240
2.288000 2.775000 0.086910
2.363000 2.775000 0.086550
2.438000 2.775000 0.086180
2.513000 2.775000 0.085790
2.588000 2.775000 0.085380
2.663000 2.775000 0.084970
2.738000 2.775000 0.084550
2.813000 2.775000 0.084140
2.888000 2.775000 0.083730
2.963000 2.775000 0.083330
3.038000 2.775000 0.082950
3.113000 2.775000 0.082600
3.188000 2.775000 0.082260
3.263000 2.775000 0.081960
3.338000 2.775000 0.081680
3.413000 2.775000 0.081450
3.488000 2.775000 0.081240
3.563000 2.775000 0.081080
3.638000 2.775000 0.080960
3.713000 2.775000 0.080880
3.788000 2.775000 0.080830
3.863000 2.775000 0.000000
-0.037500 2.925000 0.000000
0.037500 2.925000 0.071170
0.112500 2.925000 0.071200
0.187500 2.925000 0.071250
0.262500 2.925000 0.071320
0.337500 2.925000 0.071410
0.412500 2.925000 0.071520
0.487500 2.925000 0.071650
0.562500 2.925000 0.071790
0.637500 2.925000 0.071940
0.712500 2.925000 0.072100
0.787500 2.925000 0.072260
0.862500 2.925000 0.072430
0.937500 2.925000 0.072590
1.012000 2.925000 0.072750
1.087000 2.925000 0.072890
1.163000 2.925000 0.073030
1.238000 2.925000 0.073140
1.313000 2.925000 0.073240
1.388000 2.925000 0.073310
1.463000 2.925000 0.073360
1.538000 2.925000 0.073380
1.613000 2.925000 0.073370
1.688000 2.925000 0.073330
1.763000 2.925000 0.073260
1.838000 2.925000 0.073150
1.913000 2.925000 0.073020
1.988000 2.925000 0.072860
2.063000 2.925000 0.072660
2.138000 2.925000 0.072440
2.213000 2.925000 0.072200
2.288000 2.925000 0.071930
2.363000 2.925000 0.071640
2.438000 2.925000 0.071330
2.513000 2.925000 0.071020
2.588000 2.925000 0.070690
2.663000 2.925000 0.070350
2.738000 2.925000 0.070010
2.813000 2.925000 0.069680
2.888000 2.925000 0.069350
2.963000 2.925000 0.069030
3.038000 2.925000 0.068720
3.113000 2.925000 0.068440
3.188000 2.925000 0.068170
3.263000 2.925000 0.067920
3.338000 2.925000 0.067700
3.413000 2.925000 0.067510
3.488000 2.925000 0.067350
3.563000 2.925000 0.067220
3.638000 2.925000 0.067120
3.713000 2.925000 0.067050
3.788000 2.925000 0.067020
3.863000 2.925000 0.000000
-0.037500 3.075000 0.000000
0.037500 3.075000 0.053830
0.112500 3.075000 0.053850
0.187500 3.075000 0.053880
0.262500 3.075000 0.053930
0.337500 3.075000 0.054000
0.412500 3.075000 0.054070
0.487500 3.075000 0.054160
0.562500 3.075000 0.054260
0.637500 3.075000 0.054370
0.712500 3.075000 0.054480
0.787500 3.075000 0.054600
0.862500 3.075000 0.054710
0.937500 3.075000 0.054830
1.012000 3.075000 0.054930
1.087000 3.075000 0.055030
1.163000 3.075000 0.055130
1.238000 3.075000 0.055200
1.313000 3.075000 0.055270
1.388000 3.075000 0.055310
1.463000 3.075000 0.055340
1.538000 3.075000 0.055350
1.613000 3.075000 0.055340
1.688000 3.075000 0.055310
1.763000 3.075000 0.055250
1.838000 3.075000 0.055170
1.913000 3.075000 0.055070
1.988000 3.075000 0.054950
2.063000 3.075000 0.054800
2.138000 3.075000 0.054640
2.213000 3.075000 0.054450
2.288000 3.075000 0.054260
2.363000 3.075000 0.054040
2.438000 3.075000 0.053820
2.513000 3.075000 0.053580
2.588000 3.075000 0.053340
2.663000 3.075000 0.053100
2.738000 3.075000 0.052850
2.813000 3.075000 0.052600
2.888000 3.075000 0.052360
2.963000 3.075000 0.052130
3.038000 3.075000 0.051910
3.113000 3.075000 0.051700
3.188000 3.075000 0.051500
3.263000 3.075000 0.051320
3.338000 3.075000 0.051160
3.413000 3.075000 0.051020
3.488000 3.075000 0.050910
3.563000 3.075000 0.050810
3.638000 3.075000 0.050740
3.713000 3.075000 0.050690
3.788000 3.075000 0.050670
3.863000 3.075000 0.000000
-0.037500 3.225000 0.000000
0.037500 3.225000 0.040330
0.112500 3.225000 0.040340
0.187500 3.225000 0.040360
0.262500 3.225000 0.040400
0.337500 3.225000 0.040440
0.412500 3.225000 0.040500
0.487500 3.225000 0.040560
0.562500 3.225000 0.040630
0.637500 3.225000 0.040700
0.712500 3.225000 0.040780
0.787500 3.225000 0.040860
0.862500 3.225000 0.040940
0.937500 3.225000 0.041020
1.012000 3.225000 0.041090
1.087000 3.225000 0.041160
1.163000 3.225000 0.041220
1.238000 3.225000 0.041270
1.313000 3.225000 0.041310
1.388000 3.225000 0.041340
1.463000 3.225000 0.041360
1.538000 3.225000 0.041360
1.613000 3.225000 0.041350
1.688000 3.225000 0.041320
1.763000 3.225000 0.041280
1.838000 3.225000 0.041220
1.913000 3.225000 0.041140
1.988000 3.225000 0.041050
2.063000 3.225000 0.040940
2.138000 3.225000 0.040820
2.213000 3.225000 0.040690
2.288000 3.225000 0.040540
2.363000 3.225000 0.040380
2.438000 3.225000 0.040220
2.513000 3.225000 0.040050
2.588000 3.225000 0.039870
2.663000 3.225000 0.039700
2.738000 3.225000 0.039520
2.813000 3.225000 0.039340
2.888000 3.225000 0.039160
2.963000 3.225000 0.039000
3.038000 3.225000 0.038830
3.113000 3.225000 0.038680
3.188000 3.225000 0.038540
3.263000 3.225000 0.038410
3.338000 3.225000 0.038300
3.413000 3.225000 0.038190
3.488000 3.225000 0.038110
3.563000 3.225000 0.038040
3.638000 3.225000 0.037990
3.713000 3.225000 0.037950
3.788000 3.225000 0.037940
3.863000 3.225000 0.000000
-0.037500 3.375000 0.000000
0.037500 3.375000 0.029940
0.112500 3.375000 0.029950
0.187500 3.375000 0.029960
0.262500 3.375000 0.029990
0.337500 3.375000 0.030020
0.412500 3.375000 0.030050
0.487500 3.375000 0.030100
0.562500 3.375000 0.030140
0.637500 3.375000 0.030200
0.712500 3.375000 0.030250
0.787500 3.375000 0.030300
0.862500 3.375000 0.030360
0.937500 3.375000 0.030410
1.012000 3.375000 0.030460
1.087000 3.375000 0.030510
1.163000 3.375000 0.030550
1.238000 3.375000 0.030580
1.313000 3.375000 0.030610
1.388000 3.375000 0.030630
1.463000 3.375000 0.030640
1.538000 3.375000 0.030630
1.613000 3.375000 0.030620
1.688000 3.375000 0.030600
1.763000 3.375000 0.030560
1.838000 3.375000 0.030520
1.913000 3.375000 0.030460
1.988000 3.375000 0.030390
2.063000 3.375000 0.030320
2.138000 3.375000 0.030230
2.213000 3.375000 0.030130
2.288000 3.375000 0.030020
2.363000 3.375000 0.029910
2.438000 3.375000 0.029790
2.513000 3.375000 0.029670
2.588000 3.375000 0.029540
2.663000 3.375000 0.029410
2.738000 3.375000 0.029290
2.813000 3.375000 0.029160
2.888000 3.375000 0.029030
2.963000 3.375000 0.028910
3.038000 3.375000 0.028790
3.113000 3.375000 0.028690
3.188000 3.375000 0.028580
3.263000 3.375000 0.028490
3.338000 3.375000 0.028410
3.413000 3.375000 0.028330
3.488000 3.375000 0.028270
3.563000 3.375000 0.028220
3.638000 3.375000 0.028190
3.713000 3.375000 0.028160
3.788000 3.375000 0.028150
3.863000 3.375000 0.000000
-0.037500 3.525000 0.000000
0.037500 3.525000 0.022040
0.112500 3.525000 0.022040
0.187500 3.525000 0.022050
0.262500 3.525000 0.022070
0.337500 3.525000 0.022090
0.412500 3.525000 0.022120
0.487500 3.525000 0.022150
0.562500 3.525000 0.022180
0.637500 3.525000 0.022210
0.712500 3.525000 0.022250
0.787500 3.525000 0.022280
0.862500 3.525000 0.022320
0.937500 3.525000 0.022360
1.012000 3.525000 0.022390
1.087000 3.525000 0.022420
1.163000 3.525000 0.022450
1.238000 3.525000 0.022470
1.313000 3.525000 0.022490
1.388000 3.525000 0.022500
1.463000 3.525000 0.022500
1.538000 3.525000 0.022500
1.613000 3.525000 0.022490
1.688000 3.525000 0.022470
1.763000 3.525000 0.022440
1.838000 3.525000 0.022410
1.913000 3.525000 0.022370
1.988000 3.525000 0.022320
2.063000 3.525000 0.022260
2.138000 3.525000 0.022200
2.213000 3.525000 0.022120
2.288000 3.525000 0.022050
2.363000 3.525000 0.021970
2.438000 3.525000 0.021880
2.513000 3.525000 0.021790
2.588000 3.525000 0.021700
2.663000 3.525000 0.021610
2.738000 3.525000 0.021520
2.813000 3.525000 0.021430
2.888000 3.525000 0.021340
2.963000 3.525000 0.021250
3.038000 3.525000 0.021170
3.113000 3.525000 0.021090
3.188000 3.525000 0.021020
3.263000 3.525000 0.020950
3.338000 3.525000 0.020890
3.413000 3.525000 0.020840
3.488000 3.525000 0.020800
3.563000 3.525000 0.020760
3.638000 3.525000 0.020730
3.713000 3.525000 0.020710
3.788000 3.525000 0.020710
3.863000 3.525000 0.000000
-0.037500 3.675000 0.000000
0.037500 3.675000 0.016090
0.112500 3.675000 0.016090
0.187500 3.675000 0.016100
0.262500 3.675000 0.016110
0.337500 3.675000 0.016130
0.412500 3.675000 0.016140
0.487500 3.675000 0.016160
0.562500 3.675000 0.016180
0.637500 3.675000 0.016210
0.712500 3.675000 0.016230
0.787500 3.675000 0.016250
0.862500 3.675000 0.016280
0.937500 3.675000 0.016300
1.012000 3.675000 0.016320
1.087000 3.675000 0.016340
1.163000 3.675000 0.016360
1.238000 3.675000 0.016380
1.313000 3.675000 0.016390
1.388000 3.675000 0.016390
1.463000 3.675000 0.016390
1.538000 3.675000 0.016390
1.613000 3.675000 0.016380
1.688000 3.675000 0.016370
1.763000 3.675000 0.016350
1.838000 3.675000 0.016320
1.913000 3.675000 0.016290
1.988000 3.675000 0.016250
2.063000 3.675000 0.016210
2.138000 3.675000 0.016170
2.213000 3.675000 0.016120
2.288000 3.675000 0.016060
2.363000 3.675000 0.016000
2.438000 3.675000 0.015940
2.513000 3.675000 0.015880
2.588000 3.675000 0.015820
2.663000 3.675000 0.015750
2.738000 3.675000 0.015690
2.813000 3.675000 0.015620
2.888000 3.675000 0.015560
2.963000 3.675000 0.015500
3.038000 3.675000 0.015440
3.113000 3.675000 0.015380
3.188000 3.675000 0.015330
3.263000 3.675000 0.015280
3.338000 3.675000 0.015240
3.413000 3.675000 0.015200
3.488000 3.675000 0.015170
3.563000 3.675000 0.015150
3.638000 3.675000 0.015130
3.713000 3.675000 0.015110
3.788000 3.675000 0.015110
3.863000 3.675000 0.000000
-0.037500 3.825000 0.000000
0.037500 3.825000 0.011660
0.112500 3.825000 0.011660
0.187500 3.825000 0.011660
0.262500 3.825000 0.011670
0.337500 3.825000 0.011680
0.412500 3.825000 0.011690
0.487500 3.825000 0.011700
0.562500 3.825000 0.011720
0.637500 3.825000 0.011730
0.712500 3.825000 0.011750
0.787500 3.825000 0.011770
0.862500 3.825000 0.011780
0.937500 3.825000 0.011800
1.012000 3.825000 0.011810
1.087000 3.825000 0.011820
1.163000 3.825000 0.011830
1.238000 3.825000 0.011840
1.313000 3.825000 0.011850
1.388000 3.825000 0.011850
1.463000 3.825000 0.011850
1.538000 3.825000 0.011850
1.613000 3.825000 0.011840
1.688000 3.825000 0.011830
1.763000 3.825000 0.011820
1.838000 3.825000 0.011800
1.913000 3.825000 0.011780
1.988000 3.825000 0.011750
2.063000 3.825000 0.011720
2.138000 3.825000 0.011690
2.213000 3.825000 0.011650
2.288000 3.825000 0.011610
2.363000 3.825000 0.011570
2.438000 3.825000 0.011530
2.513000 3.825000 0.011480
2.588000 3.825000 0.011440
2.663000 3.825000 0.011390
2.738000 3.825000 0.011350
2.813000 3.825000 0.011300
2.888000 3.825000 0.011260
2.963000 3.825000 0.011210
3.038000 3.825000 0.011170
3.113000 3.825000 0.011130
3.188000 3.825000 0.011100
3.263000 3.825000 0.011060
3.338000 3.825000 0.011030
3.413000 3.825000 0.011010
3.488000 3.825000 0.010990
3.563000 3.825000 0.010970
3.638000 3.825000 0.010950
3.713000 3.825000 0.010940
3.788000 3.825000 0.010940
3.863000 3.825000 0.000000
-0.037500 3.975000 0.000000
0.037500 3.975000 0.008387
0.112500 3.975000 0.008388
0.187500 3.975000 0.008391
0.262500 3.975000 0.008396
0.337500 3.975000 0.008402
0.412500 3.975000 0.008409
0.487500 3.975000 0.008418
0.562500 3.975000 0.008427
0.637500 3.975000 0.008437
0.712500 3.975000 0.008447
0.787500 3.975000 0.008458
0.862500 3.975000 0.008468
0.937500 3.975000 0.008478
1.012000 3.975000 0.008487
1.087000 3.975000 0.008495
1.163000 3.975000 0.008502
1.238000 3.975000 0.008507
1.313000 3.975000 0.008511
1.388000 3.975000 0.008512
1.463000 3.975000 0.008511
1.538000 3.975000 0.008508
1.613000 3.975000 0.008502
1.688000 3.975000 0.008494
1.763000 3.975000 0.008483
1.838000 3.975000 0.008470
1.913000 3.975000 0.008453
1.988000 3.975000 0.008435
2.063000 3.975000 0.008414
2.138000 3.975000 0.008390
2.213000 3.975000 0.008365
2.288000 3.975000 0.008338
2.363000 3.975000 0.008309
2.438000 3.975000 0.008279
2.513000 3.975000 0.008248
2.588000 3.975000 0.008216
2.663000 3.975000 0.008184
2.738000 3.975000 0.008152
2.813000 3.975000 0.008121
2.888000 3.975000 0.008089
2.963000 3.975000 0.008059
3.038000 3.975000 0.008031
3.113000 3.975000 0.008003
3.188000 3.975000 0.007978
3.263000 3.975000 0.007954
3.338000 3.975000 0.007933
3.413000 3.975000 0.007915
3.488000 3.975000 0.007899
3.563000 3.975000 0.007886
3.638000 3.975000 0.007876
3.713000 3.975000 0.007869
3.788000 3.975000 0.007866
3.863000 3.975000 0.000000
-0.037500 4.125000 0.000000
0.037500 4.125000 0.005999
0.112500 4.125000 0.006000
0.187500 4.125000 0.006002
0.262500 4.125000 0.006005
0.337500 4.125000 0.006009
0.412500 4.125000 0.006014
0.487500 4.125000 0.006020
0.562500 4.125000 0.006026
0.637500 4.125000 0.006032
0.712500 4.125000 0.006039
0.787500 4.125000 0.006046
0.862500 4.125000 0.006052
0.937500 4.125000 0.006059
1.012000 4.125000 0.006064
1.087000 4.125000 0.006069
1.163000 4.125000 0.006073
1.238000 4.125000 0.006076
1.313000 4.125000 0.006078
1.388000 4.125000 0.006079
1.463000 4.125000 0.006078
1.538000 4.125000 0.006075
1.613000 4.125000 0.006070
1.688000 4.125000 0.006064
1.763000 4.125000 0.006056
1.838000 4.125000 0.006046
1.913000 4.125000 0.006035
1.988000 4.125000 0.006022
2.063000 4.125000 0.006007
2.138000 4.125000 0.005990
2.213000 4.125000 0.005973
2.288000 4.125000 0.005954
2.363000 4.125000 0.005933
2.438000 4.125000 0.005913
2.513000 4.125000 0.005891
2.588000 4.125000 0.005869
2.663000 4.125000 0.005846
2.738000 4.125000 0.005824
2.813000 4.125000 0.005802
2.888000 4.125000 0.005780
2.963000 4.125000 0.005759
3.038000 4.125000 0.005739
3.113000 4.125000 0.005720
3.188000 4.125000 0.005703
3.263000 4.125000 0.005686
3.338000 4.125000 0.005672
3.413000 4.125000 0.005659
3.488000 4.125000 0.005648
3.563000 4.125000 0.005639
3.638000 4.125000 0.005632
3.713000 4.125000 0.005627
3.788000 4.125000 0.005625
3.863000 4.125000 0.000000
-0.037500 4.275000 0.000000
0.037500 4.275000 0.004278
0.112500 4.275000 0.004278
0.187500 4.275000 0.004279
0.262500 4.275000 0.004281
0.337500 4.275000 0.004284
0.412500 4.275000 0.004287
0.487500 4.275000 0.004291
0.562500 4.275000 0.004295
0.637500 4.275000 0.004299
0.712500 4.275000 0.004303
0.787500 4.275000 0.004307
0.862500 4.275000 0.004312
0.937500 4.275000 0.004315
1.012000 4.275000 0.004319
1.087000 4.275000 0.004322
1.163000 4.275000 0.004325
1.238000 4.275000 0.004326
1.313000 4.275000 0.004327
1.388000 4.275000 0.004327
1.463000 4.275000 0.004326
1.538000 4.275000 0.004324
1.613000 4.275000 0.004320
1.688000 4.275000 0.004316
1.763000 4.275000 0.004310
1.838000 4.275000 0.004303
1.913000 4.275000 0.004295
1.988000 4.275000 0.004285
2.063000 4.275000 0.004275
2.138000 4.275000 0.004263
2.213000 4.275000 0.004251
2.288000 4.275000 0.004237
2.363000 4.275000 0.004223
2.438000 4.275000 0.004209
2.513000 4.275000 0.004194
2.588000 4.275000 0.004179
2.663000 4.275000 0.004163
2.738000 4.275000 0.004148
2.813000 4.275000 0.004132
2.888000 4.275000 0.004117
2.963000 4.275000 0.004103
3.038000 4.275000 0.004089
3.113000 4.275000 0.004076
3.188000 4.275000 0.004063
3.263000 4.275000 0.004052
3.338000 4.275000 0.004042
3.413000 4.275000 0.004033
3.488000 4.275000 0.004025
3.563000 4.275000 0.004019
3.638000 4.275000 0.004014
3.713000 4.275000 0.004010
3.788000 4.275000 0.004009
3.863000 4.275000 0.000000
-0.037500 4.425000 0.000000
0.037500 4.425000 0.003054
0.112500 4.425000 0.003055
0.187500 4.425000 0.003056
0.262500 4.425000 0.003057
0.337500 4.425000 0.003059
0.412500 4.425000 0.003061
0.487500 4.425000 0.003063
0.562500 4.425000 0.003065
0.637500 4.425000 0.003068
0.712500 4.425000 0.003071
0.787500 4.425000 0.003074
0.862500 4.425000 0.003076
0.937500 4.425000 0.003079
1.012000 4.425000 0.003081
1.087000 4.425000 0.003083
1.163000 4.425000 0.003084
1.238000 4.425000 0.003085
1.313000 4.425000 0.003085
1.388000 4.425000 0.003085
1.463000 4.425000 0.003084
1.538000 4.425000 0.003082
1.613000 4.425000 0.003080
1.688000 4.425000 0.003076
1.763000 4.425000 0.003072
1.838000 4.425000 0.003067
1.913000 4.425000 0.003061
1.988000 4.425000 0.003054
2.063000 4.425000 0.003047
2.138000 4.425000 0.003039
2.213000 4.425000 0.003030
2.288000 4.425000 0.003021
2.363000 4.425000 0.003011
2.438000 4.425000 0.003001
2.513000 4.425000 0.002990
2.588000 4.425000 0.002980
2.663000 4.425000 0.002969
2.738000 4.425000 0.002958
2.813000 4.425000 0.002948
2.888000 4.425000 0.002937
2.963000 4.425000 0.002927
3.038000 4.425000 0.002918
3.113000 4.425000 0.002908
3.188000 4.425000 0.002900
3.263000 4.425000 0.002892
3.338000 4.425000 0.002885
3.413000 4.425000 0.002879
3.488000 4.425000 0.002873
3.563000 4.425000 0.002869
3.638000 4.425000 0.002865
3.713000 4.425000 0.002863
3.788000 4.425000 0.002862
3.863000 4.425000 0.000000
-0.037500 4.575000 0.000000
0.037500 4.575000 0.002206
0.112500 4.575000 0.002206
0.187500 4.575000 0.002206
0.262500 4.575000 0.002207
0.337500 4.575000 0.002208
0.412500 4.575000 0.002209
0.487500 4.575000 0.002211
0.562500 4.575000 0.002213
0.637500 4.575000 0.002214
0.712500 4.575000 0.002216
0.787500 4.575000 0.002218
0.862500 4.575000 0.002219
0.937500 4.575000 0.002221
1.012000 4.575000 0.002222
1.087000 4.575000 0.002223
1.163000 4.575000 0.002224
1.238000 4.575000 0.002225
1.313000 4.575000 0.002225
1.388000 4.575000 0.002224
1.463000 4.575000 0.002223
1.538000 4.575000 0.002222
1.613000 4.575000 0.002220
1.688000 4.575000 0.002217
1.763000 4.575000 0.002214
1.838000 4.575000 0.002210
1.913000 4.575000 0.002206
1.988000 4.575000 0.002201
2.063000 4.575000 0.002196
2.138000 4.575000 0.002190
2.213000 4.575000 0.002184
2.288000 4.575000 0.002178
2.363000 4.575000 0.002171
2.438000 4.575000 0.002164
2.513000 4.575000 0.002156
2.588000 4.575000 0.002149
2.663000 4.575000 0.002141
2.738000 4.575000 0.002134
2.813000 4.575000 0.002126
2.888000 4.575000 0.002119
2.963000 4.575000 0.002112
3.038000 4.575000 0.002105
3.113000 4.575000 0.002099
3.188000 4.575000 0.002093
3.263000 4.575000 0.002087
3.338000 4.575000 0.002082
3.413000 4.575000 0.002078
3.488000 4.575000 0.002074
3.563000 4.575000 0.002071
3.638000 4.575000 0.002068
3.713000 4.575000 0.002067
3.788000 4.575000 0.002066
3.863000 4.575000 0.000000
-0.037500 4.725000 0.000000
0.037500 4.725000 0.001640
0.112500 4.725000 0.001640
0.187500 4.725000 0.001640
0.262500 4.725000 0.001641
0.337500 4.725000 0.001642
0.412500 4.725000 0.001643
0.487500 4.725000 0.001643
0.562500 4.725000 0.001645
0.637500 4.725000 0.001646
0.712500 4.725000 0.001647
0.787500 4.725000 0.001648
0.862500 4.725000 0.001649
0.937500 4.725000 0.001650
1.012000 4.725000 0.001651
1.087000 4.725000 0.001651
1.163000 4.725000 0.001652
1.238000 4.725000 0.001652
1.313000 4.725000 0.001652
1.388000 4.725000 0.001651
1.463000 4.725000 0.001651
1.538000 4.725000 0.001649
1.613000 4.725000 0.001648
1.688000 4.725000 0.001646
1.763000 4.725000 0.001644
1.838000 4.725000 0.001641
1.913000 4.725000 0.001638
1.988000 4.725000 0.001634
2.063000 4.725000 0.001630
2.138000 4.725000 0.001626
2.213000 4.725000 0.001622
2.288000 4.725000 0.001617
2.363000 4.725000 0.001612
2.438000 4.725000 0.001607
2.513000 4.725000 0.001601
2.588000 4.725000 0.001596
2.663000 4.725000 0.001590
2.738000 4.725000 0.001585
2.813000 4.725000 0.001579
2.888000 4.725000 0.001574
2.963000 4.725000 0.001569
3.038000 4.725000 0.001564
3.113000 4.725000 0.001560
3.188000 4.725000 0.001555
3.263000 4.725000 0.001551
3.338000 4.725000 0.001548
3.413000 4.725000 0.001544
3.488000 4.725000 0.001542
3.563000 4.725000 0.001539
3.638000 4.725000 0.001538
3.713000 4.725000 0.001536
3.788000 4.725000 0.001536
3.863000 4.725000 0.000000
-0.037500 4.875000 0.000000
0.037500 4.875000 0.001295
0.112500 4.875000 0.001295
0.187500 4.875000 0.001296
0.262500 4.875000 0.001296
0.337500 4.875000 0.001297
0.412500 4.875000 0.001297
0.487500 4.875000 0.001298
0.562500 4.875000 0.001298
0.637500 4.875000 0.001299
0.712500 4.875000 0.001300
0.787500 4.875000 0.001301
0.862500 4.875000 0.001301
0.937500 4.875000 0.001302
1.012000 4.875000 0.001303
1.087000 4.875000 0.001303
1.163000 4.875000 0.001303
1.238000 4.875000 0.001303
1.313000 4.875000 0.001303
1.388000 4.875000 0.001303
1.463000 4.875000 0.001302
1.538000 4.875000 0.001301
1.613000 4.875000 0.001300
1.688000 4.875000 0.001298
1.763000 4.875000 0.001296
1.838000 4.875000 0.001294
1.913000 4.875000 0.001292
1.988000 4.875000 0.001289
2.063000 4.875000 0.001286
2.138000 4.875000 0.001282
2.213000 4.875000 0.001279
2.288000 4.875000 0.001275
2.363000 4.875000 0.001271
2.438000 4.875000 0.001267
2.513000 4.875000 0.001263
2.588000 4.875000 0.001259
2.663000 4.875000 0.001255
2.738000 4.875000 0.001251
2.813000 4.875000 0.001247
2.888000 4.875000 0.001242
2.963000 4.875000 0.001239
3.038000 4.875000 0.001235
3.113000 4.875000 0.001231
3.188000 4.875000 0.001228
3.263000 4.875000 0.001225
3.338000 4.875000 0.001222
3.413000 4.875000 0.001220
3.488000 4.875000 0.001217
3.563000 4.875000 0.001216
3.638000 4.875000 0.001214
3.713000 4.875000 0.001213
3.788000 4.875000 0.001213
3.863000 4.875000 0.000000
-0.037500 5.025000 0.000000
0.037500 5.025000 0.001132
0.112500 5.025000 0.001132
0.187500 5.025000 0.001133
0.262500 5.025000 0.001133
0.337500 5.025000 0.001133
0.412500 5.025000 0.001134
0.487500 5.025000 0.001134
0.562500 5.025000 0.001135
0.637500 5.025000 0.001135
0.712500 5.025000 0.001136
0.787500 5.025000 0.001137
0.862500 5.025000 0.001137
0.937500 5.025000 0.001138
1.012000 5.025000 0.001138
1.087000 5.025000 0.001138
1.163000 5.025000 0.001139
1.238000 5.025000 0.001139
1.313000 5.025000 0.001138
1.388000 5.025000 0.001138
1.463000 5.025000 0.001137
1.538000 5.025000 0.001136
1.613000 5.025000 0.001135
1.688000 5.025000 0.001134
1.763000 5.025000 0.001132
1.838000 5.025000 0.001130
1.913000 5.025000 0.001128
1.988000 5.025000 0.001126
2.063000 5.025000 0.001123
2.138000 5.025000 0.001120
2.213000 5.025000 0.001117
2.288000 5.025000 0.001114
2.363000 5.025000 0.001111
2.438000 5.025000 0.001107
2.513000 5.025000 0.001104
2.588000 5.025000 0.001100
2.663000 5.025000 0.001096
2.738000 5.025000 0.001093
2.813000 5.025000 0.001089
2.888000 5.025000 0.001086
2.963000 5.025000 0.001082
3.038000 5.025000 0.001079
3.113000 5.025000 0.001076
3.188000 5.025000 0.001073
3.263000 5.025000 0.001070
3.338000 5.025000 0.001068
3.413000 5.025000 0.001066
3.488000 5.025000 0.001064
3.563000 5.025000 0.001063
3.638000 5.025000 0.001061
3.713000 5.025000 0.001061
3.788000 5.025000 0.001060
3.863000 5.025000 0.000000
-0.037500 5.175000 0.000000
0.037500 5.175000 0.000000
0.112500 5.175000 0.000000
0.187500 5.175000 0.000000
0.262500 5.175000 0.000000
0.337500 5.175000 0.000000
0.412500 5.175000 0.000000
0.487500 5.175000 0.000000
0.562500 5.175000 0.000000
0.637500 5.175000 0.000000
0.712500 5.175000 0.000000
0.787500 5.175000 0.000000
0.862500 5.175000 0.000000
0.937500 5.175000 0.000000
1.012000 5.175000 0.000000
1.087000 5.175000 0.000000
1.163000 5.175000 0.000000
1.238000 5.175000 0.000000
1.313000 5.175000 0.000000
1.388000 5.175000 0.000000
1.463000 5.175000 0.000000
1.538000 5.175000 0.000000
1.613000 5.175000 0.000000
1.688000 5.175000 0.000000
1.763000 5.175000 0.000000
1.838000 5.175000 0.000000
1.913000 5.175000 0.000000
1.988000 5.175000 0.000000
2.063000 5.175000 0.000000
2.138000 5.175000 0.000000
2.213000 5.175000 0.000000
2.288000 5.175000 0.000000
2.363000 5.175000 0.000000
2.438000 5.175000 0.000000
2.513000 5.175000 0.000000
2.588000 5.175000 0.000000
2.663000 5.175000 0.000000
2.738000 5.175000 0.000000
2.813000 5.175000 0.000000
2.888000 5.175000 0.000000
2.963000 5.175000 0.000000
3.038000 5.175000 0.000000
3.113000 5.175000 0.000000
3.188000 5.175000 0.000000
3.263000 5.175000 0.000000
3.338000 5.175000 0.000000
3.413000 5.175000 0.000000
3.488000 5.175000 0.000000
3.563000 5.175000 0.000000
3.638000 5.175000 0.000000
3.713000 5.175000 0.000000
3.788000 5.175000 0.000000
3.863000 5.175000 0.000000
