-0.037500 -0.075000 0.000000
0.037500 -0.075000 0.000000
0.112500 -0.075000 0.000000
0.187500 -0.075000 0.000000
0.262500 -0.075000 0.000000
0.337500 -0.075000 0.000000
0.412500 -0.075000 0.000000
0.487500 -0.075000 0.000000
0.562500 -0.075000 0.000000
0.637500 -0.075000 0.000000
0.712500 -0.075000 0.000000
0.787500 -0.075000 0.000000
0.862500 -0.075000 0.000000
0.937500 -0.075000 0.000000
1.012000 -0.075000 0.000000
1.087000 -0.075000 0.000000
1.163000 -0.075000 0.000000
1.238000 -0.075000 0.000000
1.313000 -0.075000 0.000000
1.388000 -0.075000 0.000000
1.463000 -0.075000 0.000000
1.538000 -0.075000 0.000000
1.613000 -0.075000 0.000000
1.688000 -0.075000 0.000000
1.763000 -0.075000 0.000000
1.838000 -0.075000 0.000000
1.913000 -0.075000 0.000000
1.988000 -0.075000 0.000000
2.063000 -0.075000 0.000000
2.138000 -0.075000 0.000000
2.213000 -0.075000 0.000000
2.288000 -0.075000 0.000000
2.363000 -0.075000 0.000000
2.438000 -0.075000 0.000000
2.513000 -0.075000 0.000000
2.588000 -0.075000 0.000000
2.663000 -0.075000 0.000000
2.738000 -0.075000 0.000000
2.813000 -0.075000 0.000000
2.888000 -0.075000 0.000000
2.963000 -0.075000 0.000000
3.038000 -0.075000 0.000000
3.113000 -0.075000 0.000000
3.188000 -0.075000 0.000000
3.263000 -0.075000 0.000000
3.338000 -0.075000 0.000000
3.413000 -0.075000 0.000000
3.488000 -0.075000 0.000000
3.563000 -0.075000 0.000000
3.638000 -0.075000 0.000000
3.713000 -0.075000 0.000000
3.788000 -0.075000 0.000000
3.863000 -0.075000 0.000000
-0.037500 0.075000 0.000000
0.037500 0.075000 0.017360
0.112500 0.075000 0.034710
0.187500 0.075000 0.052070
0.262500 0.075000 0.069420
0.337500 0.075000 0.086770
0.412500 0.075000 0.104100
0.487500 0.075000 0.121400
0.562500 0.075000 0.138700
0.637500 0.075000 0.155900
0.712500 0.075000 0.173000
0.787500 0.075000 0.190000
0.862500 0.075000 0.206900
0.937500 0.075000 0.223500
1.012000 0.075000 0.239800
1.087000 0.075000 0.255800
1.163000 0.075000 0.271200
1.238000 0.075000 0.286000
1.313000 0.075000 0.300100
1.388000 0.075000 0.313300
1.463000 0.075000 0.325300
1.538000 0.075000 0.336100
1.613000 0.075000 0.345400
1.688000 0.075000 0.353000
1.763000 0.075000 0.358800
1.838000 0.075000 0.362600
1.913000 0.075000 0.364500
1.988000 0.075000 0.364300
2.063000 0.075000 0.362300
2.138000 0.075000 0.358400
2.213000 0.075000 0.352900
2.288000 0.075000 0.346100
2.363000 0.075000 0.338100
2.438000 0.075000 0.329200
2.513000 0.075000 0.319700
2.588000 0.075000 0.309700
2.663000 0.075000 0.299500
2.738000 0.075000 0.289200
2.813000 0.075000 0.278900
2.888000 0.075000 0.268700
2.963000 0.075000 0.258800
3.038000 0.075000 0.249100
3.113000 0.075000 0.239700
3.188000 0.075000 0.230700
3.263000 0.075000 0.222000
3.338000 0.075000 0.213700
3.413000 0.075000 0.205700
3.488000 0.075000 0.198000
3.563000 0.075000 0.190700
3.638000 0.075000 0.183800
3.713000 0.075000 0.177100
3.788000 0.075000 0.170800
3.863000 0.075000 0.000000
-0.037500 0.225000 0.000000
0.037500 0.225000 0.017360
0.112500 0.225000 0.034710
0.187500 0.225000 0.052070
0.262500 0.225000 0.069420
0.337500 0.225000 0.086770
0.412500 0.225000 0.104100
0.487500 0.225000 0.121400
0.562500 0.225000 0.138700
0.637500 0.225000 0.155900
0.712500 0.225000 0.173000
0.787500 0.225000 0.190000
0.862500 0.225000 0.206900
0.937500 0.225000 0.223500
1.012000 0.225000 0.239800
1.087000 0.225000 0.255800
1.163000 0.225000 0.271200
1.238000 0.225000 0.286000
1.313000 0.225000 0.300100
1.388000 0.225000 0.313300
1.463000 0.225000 0.325300
1.538000 0.225000 0.336100
1.613000 0.225000 0.345400
1.688000 0.225000 0.353000
1.763000 0.225000 0.358800
1.838000 0.225000 0.362600
1.913000 0.225000 0.364500
1.988000 0.225000 0.364300
2.063000 0.225000 0.362300
2.138000 0.225000 0.358400
2.213000 0.225000 0.352900
2.288000 0.225000 0.346100
2.363000 0.225000 0.338100
2.438000 0.225000 0.329200
2.513000 0.225000 0.319700
2.588000 0.225000 0.309700
2.663000 0.225000 0.299500
2.738000 0.225000 0.289200
2.813000 0.225000 0.278900
2.888000 0.225000 0.268700
2.963000 0.225000 0.258800
3.038000 0.225000 0.249100
3.113000 0.225000 0.239700
3.188000 0.225000 0.230700
3.263000 0.225000 0.222000
3.338000 0.225000 0.213700
3.413000 0.225000 0.205700
3.488000 0.225000 0.198000
3.563000 0.225000 0.190700
3.638000 0.225000 0.183800
3.713000 0.225000 0.177100
3.788000 0.225000 0.170800
3.863000 0.225000 0.000000
-0.037500 0.375000 0.000000
0.037500 0.375000 0.216100
0.112500 0.375000 0.221000
0.187500 0.375000 0.228900
0.262500 0.375000 0.238900
0.337500 0.375000 0.250200
0.412500 0.375000 0.262500
0.487500 0.375000 0.275500
0.562500 0.375000 0.289000
0.637500 0.375000 0.302900
0.712500 0.375000 0.317000
0.787500 0.375000 0.331100
0.862500 0.375000 0.345300
0.937500 0.375000 0.359300
1.012000 0.375000 0.373200
1.087000 0.375000 0.386600
1.163000 0.375000 0.399600
1.238000 0.375000 0.412000
1.313000 0.375000 0.423600
1.388000 0.375000 0.434300
1.463000 0.375000 0.444100
1.538000 0.375000 0.452600
1.613000 0.375000 0.459800
1.688000 0.375000 0.465600
1.763000 0.375000 0.469900
1.838000 0.375000 0.472600
1.913000 0.375000 0.473700
1.988000 0.375000 0.473200
2.063000 0.375000 0.471100
2.138000 0.375000 0.467600
2.213000 0.375000 0.462700
2.288000 0.375000 0.456700
2.363000 0.375000 0.449700
2.438000 0.375000 0.441800
2.513000 0.375000 0.433300
2.588000 0.375000 0.424300
2.663000 0.375000 0.415100
2.738000 0.375000 0.405600
2.813000 0.375000 0.396100
2.888000 0.375000 0.386600
2.963000 0.375000 0.377300
3.038000 0.375000 0.368200
3.113000 0.375000 0.359400
3.188000 0.375000 0.350900
3.263000 0.375000 0.342900
3.338000 0.375000 0.335300
3.413000 0.375000 0.328200
3.488000 0.375000 0.321800
3.563000 0.375000 0.316000
3.638000 0.375000 0.311000
3.713000 0.375000 0.307200
3.788000 0.375000 0.304900
3.863000 0.375000 0.000000
-0.037500 0.525000 0.000000
0.037500 0.525000 0.362900
0.112500 0.525000 0.365100
0.187500 0.525000 0.369100
0.262500 0.525000 0.374700
0.337500 0.525000 0.381500
0.412500 0.525000 0.389300
0.487500 0.525000 0.397900
0.562500 0.525000 0.407100
0.637500 0.525000 0.416800
0.712500 0.525000 0.426800
0.787500 0.525000 0.437000
0.862500 0.525000 0.447300
0.937500 0.525000 0.457600
1.012000 0.525000 0.467700
1.087000 0.525000 0.477500
1.163000 0.525000 0.487000
1.238000 0.525000 0.495900
1.313000 0.525000 0.504300
1.388000 0.525000 0.511900
1.463000 0.525000 0.518700
1.538000 0.525000 0.524600
1.613000 0.525000 0.529500
1.688000 0.525000 0.533300
1.763000 0.525000 0.535900
1.838000 0.525000 0.537400
1.913000 0.525000 0.537700
1.988000 0.525000 0.536900
2.063000 0.525000 0.534900
2.138000 0.525000 0.531900
2.213000 0.525000 0.527800
2.288000 0.525000 0.522900
2.363000 0.525000 0.517200
2.438000 0.525000 0.510800
2.513000 0.525000 0.503900
2.588000 0.525000 0.496600
2.663000 0.525000 0.489100
2.738000 0.525000 0.481300
2.813000 0.525000 0.473400
2.888000 0.525000 0.465600
2.963000 0.525000 0.457900
3.038000 0.525000 0.450300
3.113000 0.525000 0.443100
3.188000 0.525000 0.436200
3.263000 0.525000 0.429600
3.338000 0.525000 0.423600
3.413000 0.525000 0.418100
3.488000 0.525000 0.413300
3.563000 0.525000 0.409200
3.638000 0.525000 0.405900
3.713000 0.525000 0.403600
3.788000 0.525000 0.402300
3.863000 0.525000 0.000000
-0.037500 0.675000 0.000000
0.037500 0.675000 0.439100
0.112500 0.675000 0.440300
0.187500 0.675000 0.442500
0.262500 0.675000 0.445800
0.337500 0.675000 0.450000
0.412500 0.675000 0.455000
0.487500 0.675000 0.460600
0.562500 0.675000 0.466800
0.637500 0.675000 0.473500
0.712500 0.675000 0.480500
0.787500 0.675000 0.487700
0.862500 0.675000 0.495000
0.937500 0.675000 0.502300
1.012000 0.675000 0.509500
1.087000 0.675000 0.516600
1.163000 0.675000 0.523300
1.238000 0.675000 0.529600
1.313000 0.675000 0.535500
1.388000 0.675000 0.540800
1.463000 0.675000 0.545500
1.538000 0.675000 0.549400
1.613000 0.675000 0.552600
1.688000 0.675000 0.555000
1.763000 0.675000 0.556600
1.838000 0.675000 0.557300
1.913000 0.675000 0.557100
1.988000 0.675000 0.556000
2.063000 0.675000 0.554200
2.138000 0.675000 0.551500
2.213000 0.675000 0.548100
2.288000 0.675000 0.544100
2.363000 0.675000 0.539500
2.438000 0.675000 0.534300
2.513000 0.675000 0.528700
2.588000 0.675000 0.522800
2.663000 0.675000 0.516700
2.738000 0.675000 0.510400
2.813000 0.675000 0.504000
2.888000 0.675000 0.497600
2.963000 0.675000 0.491300
3.038000 0.675000 0.485200
3.113000 0.675000 0.479400
3.188000 0.675000 0.473800
3.263000 0.675000 0.468600
3.338000 0.675000 0.463900
3.413000 0.675000 0.459700
3.488000 0.675000 0.456100
3.563000 0.675000 0.453100
3.638000 0.675000 0.450800
3.713000 0.675000 0.449200
3.788000 0.675000 0.448500
3.863000 0.675000 0.000000
-0.037500 0.825000 0.000000
0.037500 0.825000 0.462600
0.112500 0.825000 0.463500
0.187500 0.825000 0.465300
0.262500 0.825000 0.467900
0.337500 0.825000 0.471200
0.412500 0.825000 0.475200
0.487500 0.825000 0.479900
0.562500 0.825000 0.485000
0.637500 0.825000 0.490500
0.712500 0.825000 0.496400
0.787500 0.825000 0.502400
0.862500 0.825000 0.508600
0.937500 0.825000 0.514800
1.012000 0.825000 0.520900
1.087000 0.825000 0.526800
1.163000 0.825000 0.532500
1.238000 0.825000 0.537800
1.313000 0.825000 0.542700
1.388000 0.825000 0.547100
1.463000 0.825000 0.551000
1.538000 0.825000 0.554200
1.613000 0.825000 0.556800
1.688000 0.825000 0.558600
1.763000 0.825000 0.559700
1.838000 0.825000 0.560100
1.913000 0.825000 0.559800
1.988000 0.825000 0.558700
2.063000 0.825000 0.556900
2.138000 0.825000 0.554400
2.213000 0.825000 0.551300
2.288000 0.825000 0.547500
2.363000 0.825000 0.543300
2.438000 0.825000 0.538600
2.513000 0.825000 0.533600
2.588000 0.825000 0.528200
2.663000 0.825000 0.522700
2.738000 0.825000 0.517000
2.813000 0.825000 0.511200
2.888000 0.825000 0.505400
2.963000 0.825000 0.499800
3.038000 0.825000 0.494200
3.113000 0.825000 0.489000
3.188000 0.825000 0.484000
3.263000 0.825000 0.479400
3.338000 0.825000 0.475200
3.413000 0.825000 0.471500
3.488000 0.825000 0.468300
3.563000 0.825000 0.465700
3.638000 0.825000 0.463700
3.713000 0.825000 0.462400
3.788000 0.825000 0.461700
3.863000 0.825000 0.000000
-0.037500 0.975000 0.000000
0.037500 0.975000 0.473800
0.112500 0.975000 0.474500
0.187500 0.975000 0.476000
0.262500 0.975000 0.478200
0.337500 0.975000 0.481000
0.412500 0.975000 0.484400
0.487500 0.975000 0.488400
0.562500 0.975000 0.492700
0.637500 0.975000 0.497500
0.712500 0.975000 0.502500
0.787500 0.975000 0.507700
0.862500 0.975000 0.513000
0.937500 0.975000 0.518400
1.012000 0.975000 0.523700
1.087000 0.975000 0.528800
1.163000 0.975000 0.533700
1.238000 0.975000 0.538300
1.313000 0.975000 0.542500
1.388000 0.975000 0.546300
1.463000 0.975000 0.549600
1.538000 0.975000 0.552300
1.613000 0.975000 0.554400
1.688000 0.975000 0.555900
1.763000 0.975000 0.556700
1.838000 0.975000 0.556900
1.913000 0.975000 0.556400
1.988000 0.975000 0.555300
2.063000 0.975000 0.553600
2.138000 0.975000 0.551200
2.213000 0.975000 0.548300
2.288000 0.975000 0.544800
2.363000 0.975000 0.540900
2.438000 0.975000 0.536600
2.513000 0.975000 0.531900
2.588000 0.975000 0.527000
2.663000 0.975000 0.521900
2.738000 0.975000 0.516600
2.813000 0.975000 0.511300
2.888000 0.975000 0.506000
2.963000 0.975000 0.500800
3.038000 0.975000 0.495800
3.113000 0.975000 0.491000
3.188000 0.975000 0.486400
3.263000 0.975000 0.482200
3.338000 0.975000 0.478400
3.413000 0.975000 0.475100
3.488000 0.975000 0.472200
3.563000 0.975000 0.469900
3.638000 0.975000 0.468100
3.713000 0.975000 0.466900
3.788000 0.975000 0.466400
3.863000 0.975000 0.000000
-0.037500 1.125000 0.000000
0.037500 1.125000 0.474300
0.112500 1.125000 0.475000
0.187500 1.125000 0.476300
0.262500 1.125000 0.478200
0.337500 1.125000 0.480700
0.412500 1.125000 0.483800
0.487500 1.125000 0.487300
0.562500 1.125000 0.491200
0.637500 1.125000 0.495500
0.712500 1.125000 0.500000
0.787500 1.125000 0.504600
0.862500 1.125000 0.509400
0.937500 1.125000 0.514200
1.012000 1.125000 0.519000
1.087000 1.125000 0.523600
1.163000 1.125000 0.528000
1.238000 1.125000 0.532100
1.313000 1.125000 0.535900
1.388000 1.125000 0.539300
1.463000 1.125000 0.542200
1.538000 1.125000 0.544600
1.613000 1.125000 0.546400
1.688000 1.125000 0.547700
1.763000 1.125000 0.548400
1.838000 1.125000 0.548400
1.913000 1.125000 0.547900
1.988000 1.125000 0.546800
2.063000 1.125000 0.545100
2.138000 1.125000 0.542800
2.213000 1.125000 0.540000
2.288000 1.125000 0.536700
2.363000 1.125000 0.533000
2.438000 1.125000 0.529000
2.513000 1.125000 0.524600
2.588000 1.125000 0.520000
2.663000 1.125000 0.515200
2.738000 1.125000 0.510200
2.813000 1.125000 0.505300
2.888000 1.125000 0.500300
2.963000 1.125000 0.495400
3.038000 1.125000 0.490700
3.113000 1.125000 0.486200
3.188000 1.125000 0.482000
3.263000 1.125000 0.478100
3.338000 1.125000 0.474500
3.413000 1.125000 0.471400
3.488000 1.125000 0.468800
3.563000 1.125000 0.466600
3.638000 1.125000 0.465000
3.713000 1.125000 0.463900
3.788000 1.125000 0.463300
3.863000 1.125000 0.000000
-0.037500 1.275000 0.000000
0.037500 1.275000 0.456600
0.112500 1.275000 0.457200
0.187500 1.275000 0.458400
0.262500 1.275000 0.460100
0.337500 1.275000 0.462300
0.412500 1.275000 0.465000
0.487500 1.275000 0.468100
0.562500 1.275000 0.471600
0.637500 1.275000 0.475400
0.712500 1.275000 0.479500
0.787500 1.275000 0.483700
0.862500 1.275000 0.488000
0.937500 1.275000 0.492300
1.012000 1.275000 0.496500
1.087000 1.275000 0.500700
1.163000 1.275000 0.504600
1.238000 1.275000 0.508300
1.313000 1.275000 0.511700
1.388000 1.275000 0.514700
1.463000 1.275000 0.517200
1.538000 1.275000 0.519400
1.613000 1.275000 0.521000
1.688000 1.275000 0.522100
1.763000 1.275000 0.522600
1.838000 1.275000 0.522600
1.913000 1.275000 0.522000
1.988000 1.275000 0.520900
2.063000 1.275000 0.519300
2.138000 1.275000 0.517200
2.213000 1.275000 0.514600
2.288000 1.275000 0.511500
2.363000 1.275000 0.508100
2.438000 1.275000 0.504300
2.513000 1.275000 0.500300
2.588000 1.275000 0.496000
2.663000 1.275000 0.491500
2.738000 1.275000 0.487000
2.813000 1.275000 0.482400
2.888000 1.275000 0.477800
2.963000 1.275000 0.473300
3.038000 1.275000 0.468900
3.113000 1.275000 0.464800
3.188000 1.275000 0.460900
3.263000 1.275000 0.457300
3.338000 1.275000 0.454000
3.413000 1.275000 0.451200
3.488000 1.275000 0.448700
3.563000 1.275000 0.446800
3.638000 1.275000 0.445300
3.713000 1.275000 0.444300
3.788000 1.275000 0.443800
3.863000 1.275000 0.000000
-0.037500 1.425000 0.000000
0.037500 1.425000 0.416600
0.112500 1.425000 0.417000
0.187500 1.425000 0.418000
0.262500 1.425000 0.419400
0.337500 1.425000 0.421200
0.412500 1.425000 0.423400
0.487500 1.425000 0.426000
0.562500 1.425000 0.428900
0.637500 1.425000 0.432000
0.712500 1.425000 0.435300
0.787500 1.425000 0.438800
0.862500 1.425000 0.442400
0.937500 1.425000 0.445900
1.012000 1.425000 0.449400
1.087000 1.425000 0.452800
1.163000 1.425000 0.456100
1.238000 1.425000 0.459100
1.313000 1.425000 0.461900
1.388000 1.425000 0.464300
1.463000 1.425000 0.466400
1.538000 1.425000 0.468100
1.613000 1.425000 0.469400
1.688000 1.425000 0.470200
1.763000 1.425000 0.470600
1.838000 1.425000 0.470500
1.913000 1.425000 0.469900
1.988000 1.425000 0.468900
2.063000 1.425000 0.467500
2.138000 1.425000 0.465600
2.213000 1.425000 0.463300
2.288000 1.425000 0.460600
2.363000 1.425000 0.457700
2.438000 1.425000 0.454400
2.513000 1.425000 0.450900
2.588000 1.425000 0.447200
2.663000 1.425000 0.443300
2.738000 1.425000 0.439400
2.813000 1.425000 0.435500
2.888000 1.425000 0.431500
2.963000 1.425000 0.427700
3.038000 1.425000 0.423900
3.113000 1.425000 0.420400
3.188000 1.425000 0.417000
3.263000 1.425000 0.413900
3.338000 1.425000 0.411200
3.413000 1.425000 0.408700
3.488000 1.425000 0.406600
3.563000 1.425000 0.405000
3.638000 1.425000 0.403700
3.713000 1.425000 0.402800
3.788000 1.425000 0.402400
3.863000 1.425000 0.000000
-0.037500 1.575000 0.000000
0.037500 1.575000 0.368500
0.112500 1.575000 0.368900
0.187500 1.575000 0.369600
0.262500 1.575000 0.370700
0.337500 1.575000 0.372200
0.412500 1.575000 0.374000
0.487500 1.575000 0.376000
0.562500 1.575000 0.378300
0.637500 1.575000 0.380800
0.712500 1.575000 0.383500
0.787500 1.575000 0.386200
0.862500 1.575000 0.389100
0.937500 1.575000 0.391900
1.012000 1.575000 0.394700
1.087000 1.575000 0.397400
1.163000 1.575000 0.400000
1.238000 1.575000 0.402400
1.313000 1.575000 0.404600
1.388000 1.575000 0.406500
1.463000 1.575000 0.408200
1.538000 1.575000 0.409500
1.613000 1.575000 0.410500
1.688000 1.575000 0.411100
1.763000 1.575000 0.411300
1.838000 1.575000 0.411200
1.913000 1.575000 0.410600
1.988000 1.575000 0.409700
2.063000 1.575000 0.408500
2.138000 1.575000 0.406800
2.213000 1.575000 0.404900
2.288000 1.575000 0.402700
2.363000 1.575000 0.400200
2.438000 1.575000 0.397400
2.513000 1.575000 0.394500
2.588000 1.575000 0.391400
2.663000 1.575000 0.388200
2.738000 1.575000 0.384900
2.813000 1.575000 0.381600
2.888000 1.575000 0.378400
2.963000 1.575000 0.375100
3.038000 1.575000 0.372000
3.113000 1.575000 0.369100
3.188000 1.575000 0.366300
3.263000 1.575000 0.363700
3.338000 1.575000 0.361400
3.413000 1.575000 0.359400
3.488000 1.575000 0.357700
3.563000 1.575000 0.356300
3.638000 1.575000 0.355200
3.713000 1.575000 0.354500
3.788000 1.575000 0.354200
3.863000 1.575000 0.000000
-0.037500 1.725000 0.000000
0.037500 1.725000 0.316700
0.112500 1.725000 0.317000
0.187500 1.725000 0.317600
0.262500 1.725000 0.318500
0.337500 1.725000 0.319600
0.412500 1.725000 0.321000
0.487500 1.725000 0.322600
0.562500 1.725000 0.324300
0.637500 1.725000 0.326300
0.712500 1.725000 0.328300
0.787500 1.725000 0.330500
0.862500 1.725000 0.332700
0.937500 1.725000 0.334800
1.012000 1.725000 0.337000
1.087000 1.725000 0.339100
1.163000 1.725000 0.341100
1.238000 1.725000 0.342900
1.313000 1.725000 0.344600
1.388000 1.725000 0.346100
1.463000 1.725000 0.347300
1.538000 1.725000 0.348300
1.613000 1.725000 0.349000
1.688000 1.725000 0.349400
1.763000 1.725000 0.349500
1.838000 1.725000 0.349300
1.913000 1.725000 0.348900
1.988000 1.725000 0.348100
2.063000 1.725000 0.347000
2.138000 1.725000 0.345700
2.213000 1.725000 0.344100
2.288000 1.725000 0.342300
2.363000 1.725000 0.340200
2.438000 1.725000 0.338000
2.513000 1.725000 0.335600
2.588000 1.725000 0.333100
2.663000 1.725000 0.330500
2.738000 1.725000 0.327900
2.813000 1.725000 0.325200
2.888000 1.725000 0.322600
2.963000 1.725000 0.320000
3.038000 1.725000 0.317500
3.113000 1.725000 0.315100
3.188000 1.725000 0.312900
3.263000 1.725000 0.310800
3.338000 1.725000 0.309000
3.413000 1.725000 0.307400
3.488000 1.725000 0.306000
3.563000 1.725000 0.304900
3.638000 1.725000 0.304000
3.713000 1.725000 0.303500
3.788000 1.725000 0.303200
3.863000 1.725000 0.000000
-0.037500 1.875000 0.000000
0.037500 1.875000 0.264700
0.112500 1.875000 0.264900
0.187500 1.875000 0.265300
0.262500 1.875000 0.266000
0.337500 1.875000 0.266800
0.412500 1.875000 0.267800
0.487500 1.875000 0.269000
0.562500 1.875000 0.270300
0.637500 1.875000 0.271800
0.712500 1.875000 0.273300
0.787500 1.875000 0.274900
0.862500 1.875000 0.276500
0.937500 1.875000 0.278100
1.012000 1.875000 0.279700
1.087000 1.875000 0.281200
1.163000 1.875000 0.282700
1.238000 1.875000 0.284000
1.313000 1.875000 0.285200
1.388000 1.875000 0.286300
1.463000 1.875000 0.287200
1.538000 1.875000 0.287800
1.613000 1.875000 0.288300
1.688000 1.875000 0.288600
1.763000 1.875000 0.288600
1.838000 1.875000 0.288400
1.913000 1.875000 0.288000
1.988000 1.875000 0.287400
2.063000 1.875000 0.286500
2.138000 1.875000 0.285400
2.213000 1.875000 0.284200
2.288000 1.875000 0.282700
2.363000 1.875000 0.281100
2.438000 1.875000 0.279400
2.513000 1.875000 0.277500
2.588000 1.875000 0.275600
2.663000 1.875000 0.273600
2.738000 1.875000 0.271500
2.813000 1.875000 0.269400
2.888000 1.875000 0.267400
2.963000 1.875000 0.265400
3.038000 1.875000 0.263500
3.113000 1.875000 0.261600
3.188000 1.875000 0.259900
3.263000 1.875000 0.258300
3.338000 1.875000 0.256900
3.413000 1.875000 0.255700
3.488000 1.875000 0.254600
3.563000 1.875000 0.253700
3.638000 1.875000 0.253100
3.713000 1.875000 0.252600
3.788000 1.875000 0.252400
3.863000 1.875000 0.000000
-0.037500 2.025000 0.000000
0.037500 2.025000 0.214700
0.112500 2.025000 0.214800
0.187500 2.025000 0.215100
0.262500 2.025000 0.215600
0.337500 2.025000 0.216200
0.412500 2.025000 0.216900
0.487500 2.025000 0.217700
0.562500 2.025000 0.218600
0.637500 2.025000 0.219600
0.712500 2.025000 0.220600
0.787500 2.025000 0.221700
0.862500 2.025000 0.222800
0.937500 2.025000 0.223900
1.012000 2.025000 0.225000
1.087000 2.025000 0.226100
1.163000 2.025000 0.227000
1.238000 2.025000 0.227900
1.313000 2.025000 0.228800
1.388000 2.025000 0.229500
1.463000 2.025000 0.230000
1.538000 2.025000 0.230500
1.613000 2.025000 0.230800
1.688000 2.025000 0.230900
1.763000 2.025000 0.230900
1.838000 2.025000 0.230700
1.913000 2.025000 0.230300
1.988000 2.025000 0.229800
2.063000 2.025000 0.229100
2.138000 2.025000 0.228300
2.213000 2.025000 0.227300
2.288000 2.025000 0.226300
2.363000 2.025000 0.225100
2.438000 2.025000 0.223800
2.513000 2.025000 0.222400
2.588000 2.025000 0.221000
2.663000 2.025000 0.219500
2.738000 2.025000 0.218000
2.813000 2.025000 0.216400
2.888000 2.025000 0.214900
2.963000 2.025000 0.213500
3.038000 2.025000 0.212100
3.113000 2.025000 0.210700
3.188000 2.025000 0.209500
3.263000 2.025000 0.208300
3.338000 2.025000 0.207300
3.413000 2.025000 0.206400
3.488000 2.025000 0.205600
3.563000 2.025000 0.205000
3.638000 2.025000 0.204500
3.713000 2.025000 0.204200
3.788000 2.025000 0.204000
3.863000 2.025000 0.000000
-0.037500 2.175000 0.000000
0.037500 2.175000 0.168300
0.112500 2.175000 0.168400
0.187500 2.175000 0.168500
0.262500 2.175000 0.168800
0.337500 2.175000 0.169200
0.412500 2.175000 0.169600
0.487500 2.175000 0.170100
0.562500 2.175000 0.170600
0.637500 2.175000 0.171200
0.712500 2.175000 0.171800
0.787500 2.175000 0.172500
0.862500 2.175000 0.173100
0.937500 2.175000 0.173800
1.012000 2.175000 0.174400
1.087000 2.175000 0.175100
1.163000 2.175000 0.175600
1.238000 2.175000 0.176200
1.313000 2.175000 0.176600
1.388000 2.175000 0.177000
1.463000 2.175000 0.177300
1.538000 2.175000 0.177500
1.613000 2.175000 0.177600
1.688000 2.175000 0.177700
1.763000 2.175000 0.177600
1.838000 2.175000 0.177400
1.913000 2.175000 0.177100
1.988000 2.175000 0.176700
2.063000 2.175000 0.176200
2.138000 2.175000 0.175600
2.213000 2.175000 0.174900
2.288000 2.175000 0.174200
2.363000 2.175000 0.173400
2.438000 2.175000 0.172500
2.513000 2.175000 0.171500
2.588000 2.175000 0.170600
2.663000 2.175000 0.169600
2.738000 2.175000 0.168600
2.813000 2.175000 0.167500
2.888000 2.175000 0.166500
2.963000 2.175000 0.165600
3.038000 2.175000 0.164600
3.113000 2.175000 0.163700
3.188000 2.175000 0.162900
3.263000 2.175000 0.162100
3.338000 2.175000 0.161400
3.413000 2.175000 0.160800
3.488000 2.175000 0.160300
3.563000 2.175000 0.159900
3.638000 2.175000 0.159600
3.713000 2.175000 0.159400
3.788000 2.175000 0.159300
3.863000 2.175000 0.000000
-0.037500 2.325000 0.000000
0.037500 2.325000 0.140300
0.112500 2.325000 0.140400
0.187500 2.325000 0.140500
0.262500 2.325000 0.140700
0.337500 2.325000 0.140900
0.412500 2.325000 0.141100
0.487500 2.325000 0.141400
0.562500 2.325000 0.141800
0.637500 2.325000 0.142100
0.712500 2.325000 0.142500
0.787500 2.325000 0.142900
0.862500 2.325000 0.143300
0.937500 2.325000 0.143600
1.012000 2.325000 0.144000
1.087000 2.325000 0.144400
1.163000 2.325000 0.144700
1.238000 2.325000 0.145000
1.313000 2.325000 0.145200
1.388000 2.325000 0.145400
1.463000 2.325000 0.145500
1.538000 2.325000 0.145600
1.613000 2.325000 0.145600
1.688000 2.325000 0.145600
1.763000 2.325000 0.145500
1.838000 2.325000 0.145300
1.913000 2.325000 0.145000
1.988000 2.325000 0.144700
2.063000 2.325000 0.144300
2.138000 2.325000 0.143900
2.213000 2.325000 0.143400
2.288000 2.325000 0.142800
2.363000 2.325000 0.142200
2.438000 2.325000 0.141600
2.513000 2.325000 0.140900
2.588000 2.325000 0.140200
2.663000 2.325000 0.139500
2.738000 2.325000 0.138800
2.813000 2.325000 0.138100
2.888000 2.325000 0.137400
2.963000 2.325000 0.136700
3.038000 2.325000 0.136100
3.113000 2.325000 0.135500
3.188000 2.325000 0.134900
3.263000 2.325000 0.134400
3.338000 2.325000 0.133900
3.413000 2.325000 0.133500
3.488000 2.325000 0.133100
3.563000 2.325000 0.132800
3.638000 2.325000 0.132600
3.713000 2.325000 0.132500
3.788000 2.325000 0.132400
3.863000 2.325000 0.000000
-0.037500 2.475000 0.000000
0.037500 2.475000 0.127700
0.112500 2.475000 0.127800
0.187500 2.475000 0.127900
0.262500 2.475000 0.128000
0.337500 2.475000 0.128100
0.412500 2.475000 0.128300
0.487500 2.475000 0.128600
0.562500 2.475000 0.128800
0.637500 2.475000 0.129100
0.712500 2.475000 0.129300
0.787500 2.475000 0.129600
0.862500 2.475000 0.129900
0.937500 2.475000 0.130200
1.012000 2.475000 0.130500
1.087000 2.475000 0.130700
1.163000 2.475000 0.131000
1.238000 2.475000 0.131200
1.313000 2.475000 0.131400
1.388000 2.475000 0.131500
1.463000 2.475000 0.131600
1.538000 2.475000 0.131600
1.613000 2.475000 0.131600
1.688000 2.475000 0.131500
1.763000 2.475000 0.131400
1.838000 2.475000 0.131200
1.913000 2.475000 0.131000
1.988000 2.475000 0.130700
2.063000 2.475000 0.130300
2.138000 2.475000 0.130000
2.213000 2.475000 0.129500
2.288000 2.475000 0.129100
2.363000 2.475000 0.128600
2.438000 2.475000 0.128000
2.513000 2.475000 0.127500
2.588000 2.475000 0.126900
2.663000 2.475000 0.126300
2.738000 2.475000 0.125700
2.813000 2.475000 0.125100
2.888000 2.475000 0.124500
2.963000 2.475000 0.123900
3.038000 2.475000 0.123400
3.113000 2.475000 0.122900
3.188000 2.475000 0.122400
3.263000 2.475000 0.122000
3.338000 2.475000 0.121600
3.413000 2.475000 0.121200
3.488000 2.475000 0.121000
3.563000 2.475000 0.120700
3.638000 2.475000 0.120500
3.713000 2.475000 0.120400
3.788000 2.475000 0.120400
3.863000 2.475000 0.000000
-0.037500 2.625000 0.000000
0.037500 2.625000 0.116500
0.112500 2.625000 0.116600
0.187500 2.625000 0.116600
0.262500 2.625000 0.116700
0.337500 2.625000 0.116900
0.412500 2.625000 0.117000
0.487500 2.625000 0.117200
0.562500 2.625000 0.117400
0.637500 2.625000 0.117600
0.712500 2.625000 0.117800
0.787500 2.625000 0.118000
0.862500 2.625000 0.118300
0.937500 2.625000 0.118500
1.012000 2.625000 0.118700
1.087000 2.625000 0.118900
1.163000 2.625000 0.119100
1.238000 2.625000 0.119200
1.313000 2.625000 0.119300
1.388000 2.625000 0.119400
1.463000 2.625000 0.119500
1.538000 2.625000 0.119500
1.613000 2.625000 0.119400
1.688000 2.625000 0.119300
1.763000 2.625000 0.119200
1.838000 2.625000 0.119100
1.913000 2.625000 0.118800
1.988000 2.625000 0.118600
2.063000 2.625000 0.118300
2.138000 2.625000 0.117900
2.213000 2.625000 0.117600
2.288000 2.625000 0.117100
2.363000 2.625000 0.116700
2.438000 2.625000 0.116200
2.513000 2.625000 0.115800
2.588000 2.625000 0.115300
2.663000 2.625000 0.114800
2.738000 2.625000 0.114300
2.813000 2.625000 0.113700
2.888000 2.625000 0.113300
2.963000 2.625000 0.112800
3.038000 2.625000 0.112300
3.113000 2.625000 0.111900
3.188000 2.625000 0.111500
3.263000 2.625000 0.111100
3.338000 2.625000 0.110800
3.413000 2.625000 0.110500
3.488000 2.625000 0.110200
3.563000 2.625000 0.110000
3.638000 2.625000 0.109900
3.713000 2.625000 0.109800
3.788000 2.625000 0.109700
3.863000 2.625000 0.000000
-0.037500 2.775000 0.000000
0.037500 2.775000 0.106800
0.112500 2.775000 0.106800
0.187500 2.775000 0.106900
0.262500 2.775000 0.107000
0.337500 2.775000 0.107100
0.412500 2.775000 0.107200
0.487500 2.775000 0.107400
0.562500 2.775000 0.107500
0.637500 2.775000 0.107700
0.712500 2.775000 0.107900
0.787500 2.775000 0.108100
0.862500 2.775000 0.108200
0.937500 2.775000 0.108400
1.012000 2.775000 0.108600
1.087000 2.775000 0.108700
1.163000 2.775000 0.108900
1.238000 2.775000 0.109000
1.313000 2.775000 0.109100
1.388000 2.775000 0.109200
1.463000 2.775000 0.109200
1.538000 2.775000 0.109200
1.613000 2.775000 0.109100
1.688000 2.775000 0.109100
1.763000 2.775000 0.108900
1.838000 2.775000 0.108800
1.913000 2.775000 0.108600
1.988000 2.775000 0.108300
2.063000 2.775000 0.108100
2.138000 2.775000 0.107800
2.213000 2.775000 0.107400
2.288000 2.775000 0.107100
2.363000 2.775000 0.106700
2.438000 2.775000 0.106300
2.513000 2.775000 0.105800
2.588000 2.775000 0.105400
2.663000 2.775000 0.104900
2.738000 2.775000 0.104500
2.813000 2.775000 0.104100
2.888000 2.775000 0.103600
2.963000 2.775000 0.103200
3.038000 2.775000 0.102800
3.113000 2.775000 0.102400
3.188000 2.775000 0.102100
3.263000 2.775000 0.101700
3.338000 2.775000 0.101500
3.413000 2.775000 0.101200
3.488000 2.775000 0.101000
3.563000 2.775000 0.100800
3.638000 2.775000 0.100700
3.713000 2.775000 0.100600
3.788000 2.775000 0.100500
3.863000 2.775000 0.000000
-0.037500 2.925000 0.000000
0.037500 2.925000 0.090310
0.112500 2.925000 0.090340
0.187500 2.925000 0.090380
0.262500 2.925000 0.090450
0.337500 2.925000 0.090530
0.412500 2.925000 0.090630
0.487500 2.925000 0.090750
0.562500 2.925000 0.090880
0.637500 2.925000 0.091020
0.712500 2.925000 0.091160
0.787500 2.925000 0.091310
0.862500 2.925000 0.091460
0.937500 2.925000 0.091600
1.012000 2.925000 0.091740
1.087000 2.925000 0.091860
1.163000 2.925000 0.091970
1.238000 2.925000 0.092060
1.313000 2.925000 0.092130
1.388000 2.925000 0.092170
1.463000 2.925000 0.092190
1.538000 2.925000 0.092180
1.613000 2.925000 0.092140
1.688000 2.925000 0.092070
1.763000 2.925000 0.091960
1.838000 2.925000 0.091830
1.913000 2.925000 0.091660
1.988000 2.925000 0.091460
2.063000 2.925000 0.091230
2.138000 2.925000 0.090970
2.213000 2.925000 0.090690
2.288000 2.925000 0.090390
2.363000 2.925000 0.090060
2.438000 2.925000 0.089720
2.513000 2.925000 0.089360
2.588000 2.925000 0.089000
2.663000 2.925000 0.088630
2.738000 2.925000 0.088260
2.813000 2.925000 0.087890
2.888000 2.925000 0.087530
2.963000 2.925000 0.087180
3.038000 2.925000 0.086850
3.113000 2.925000 0.086530
3.188000 2.925000 0.086240
3.263000 2.925000 0.085970
3.338000 2.925000 0.085740
3.413000 2.925000 0.085530
3.488000 2.925000 0.085350
3.563000 2.925000 0.085210
3.638000 2.925000 0.085100
3.713000 2.925000 0.085030
3.788000 2.925000 0.084990
3.863000 2.925000 0.000000
-0.037500 3.075000 0.000000
0.037500 3.075000 0.070090
0.112500 3.075000 0.070110
0.187500 3.075000 0.070140
0.262500 3.075000 0.070180
0.337500 3.075000 0.070250
0.412500 3.075000 0.070320
0.487500 3.075000 0.070400
0.562500 3.075000 0.070500
0.637500 3.075000 0.070600
0.712500 3.075000 0.070700
0.787500 3.075000 0.070810
0.862500 3.075000 0.070910
0.937500 3.075000 0.071020
1.012000 3.075000 0.071110
1.087000 3.075000 0.071200
1.163000 3.075000 0.071270
1.238000 3.075000 0.071340
1.313000 3.075000 0.071380
1.388000 3.075000 0.071410
1.463000 3.075000 0.071420
1.538000 3.075000 0.071400
1.613000 3.075000 0.071370
1.688000 3.075000 0.071310
1.763000 3.075000 0.071220
1.838000 3.075000 0.071110
1.913000 3.075000 0.070980
1.988000 3.075000 0.070830
2.063000 3.075000 0.070650
2.138000 3.075000 0.070460
2.213000 3.075000 0.070240
2.288000 3.075000 0.070010
2.363000 3.075000 0.069760
2.438000 3.075000 0.069500
2.513000 3.075000 0.069230
2.588000 3.075000 0.068960
2.663000 3.075000 0.068680
2.738000 3.075000 0.068400
2.813000 3.075000 0.068120
2.888000 3.075000 0.067850
2.963000 3.075000 0.067580
3.038000 3.075000 0.067330
3.113000 3.075000 0.067100
3.188000 3.075000 0.066880
3.263000 3.075000 0.066670
3.338000 3.075000 0.066490
3.413000 3.075000 0.066340
3.488000 3.075000 0.066200
3.563000 3.075000 0.066100
3.638000 3.075000 0.066020
3.713000 3.075000 0.065960
3.788000 3.075000 0.065930
3.863000 3.075000 0.000000
-0.037500 3.225000 0.000000
0.037500 3.225000 0.053820
0.112500 3.225000 0.053830
0.187500 3.225000 0.053860
0.262500 3.225000 0.053890
0.337500 3.225000 0.053930
0.412500 3.225000 0.053990
0.487500 3.225000 0.054050
0.562500 3.225000 0.054110
0.637500 3.225000 0.054180
0.712500 3.225000 0.054260
0.787500 3.225000 0.054330
0.862500 3.225000 0.054410
0.937500 3.225000 0.054480
1.012000 3.225000 0.054550
1.087000 3.225000 0.054610
1.163000 3.225000 0.054660
1.238000 3.225000 0.054700
1.313000 3.225000 0.054730
1.388000 3.225000 0.054740
1.463000 3.225000 0.054740
1.538000 3.225000 0.054730
1.613000 3.225000 0.054700
1.688000 3.225000 0.054650
1.763000 3.225000 0.054580
1.838000 3.225000 0.054500
1.913000 3.225000 0.054400
1.988000 3.225000 0.054280
2.063000 3.225000 0.054150
2.138000 3.225000 0.054000
2.213000 3.225000 0.053830
2.288000 3.225000 0.053660
2.363000 3.225000 0.053470
2.438000 3.225000 0.053280
2.513000 3.225000 0.053080
2.588000 3.225000 0.052870
2.663000 3.225000 0.052660
2.738000 3.225000 0.052450
2.813000 3.225000 0.052240
2.888000 3.225000 0.052040
2.963000 3.225000 0.051850
3.038000 3.225000 0.051660
3.113000 3.225000 0.051480
3.188000 3.225000 0.051320
3.263000 3.225000 0.051170
3.338000 3.225000 0.051030
3.413000 3.225000 0.050920
3.488000 3.225000 0.050820
3.563000 3.225000 0.050740
3.638000 3.225000 0.050680
3.713000 3.225000 0.050630
3.788000 3.225000 0.050610
3.863000 3.225000 0.000000
-0.037500 3.375000 0.000000
0.037500 3.375000 0.040920
0.112500 3.375000 0.040930
0.187500 3.375000 0.040950
0.262500 3.375000 0.040970
0.337500 3.375000 0.041000
0.412500 3.375000 0.041040
0.487500 3.375000 0.041080
0.562500 3.375000 0.041130
0.637500 3.375000 0.041180
0.712500 3.375000 0.041230
0.787500 3.375000 0.041280
0.862500 3.375000 0.041340
0.937500 3.375000 0.041390
1.012000 3.375000 0.041430
1.087000 3.375000 0.041470
1.163000 3.375000 0.041510
1.238000 3.375000 0.041530
1.313000 3.375000 0.041550
1.388000 3.375000 0.041560
1.463000 3.375000 0.041560
1.538000 3.375000 0.041540
1.613000 3.375000 0.041520
1.688000 3.375000 0.041480
1.763000 3.375000 0.041430
1.838000 3.375000 0.041360
1.913000 3.375000 0.041280
1.988000 3.375000 0.041190
2.063000 3.375000 0.041090
2.138000 3.375000 0.040980
2.213000 3.375000 0.040860
2.288000 3.375000 0.040730
2.363000 3.375000 0.040590
2.438000 3.375000 0.040440
2.513000 3.375000 0.040300
2.588000 3.375000 0.040140
2.663000 3.375000 0.039990
2.738000 3.375000 0.039830
2.813000 3.375000 0.039680
2.888000 3.375000 0.039530
2.963000 3.375000 0.039380
3.038000 3.375000 0.039250
3.113000 3.375000 0.039110
3.188000 3.375000 0.038990
3.263000 3.375000 0.038880
3.338000 3.375000 0.038780
3.413000 3.375000 0.038700
3.488000 3.375000 0.038620
3.563000 3.375000 0.038560
3.638000 3.375000 0.038520
3.713000 3.375000 0.038490
3.788000 3.375000 0.038470
3.863000 3.375000 0.000000
-0.037500 3.525000 0.000000
0.037500 3.525000 0.030830
0.112500 3.525000 0.030840
0.187500 3.525000 0.030850
0.262500 3.525000 0.030870
0.337500 3.525000 0.030890
0.412500 3.525000 0.030910
0.487500 3.525000 0.030940
0.562500 3.525000 0.030970
0.637500 3.525000 0.031010
0.712500 3.525000 0.031050
0.787500 3.525000 0.031080
0.862500 3.525000 0.031120
0.937500 3.525000 0.031150
1.012000 3.525000 0.031180
1.087000 3.525000 0.031210
1.163000 3.525000 0.031230
1.238000 3.525000 0.031250
1.313000 3.525000 0.031260
1.388000 3.525000 0.031260
1.463000 3.525000 0.031260
1.538000 3.525000 0.031240
1.613000 3.525000 0.031220
1.688000 3.525000 0.031190
1.763000 3.525000 0.031150
1.838000 3.525000 0.031100
1.913000 3.525000 0.031050
1.988000 3.525000 0.030980
2.063000 3.525000 0.030900
2.138000 3.525000 0.030820
2.213000 3.525000 0.030730
2.288000 3.525000 0.030630
2.363000 3.525000 0.030530
2.438000 3.525000 0.030420
2.513000 3.525000 0.030310
2.588000 3.525000 0.030200
2.663000 3.525000 0.030090
2.738000 3.525000 0.029970
2.813000 3.525000 0.029860
2.888000 3.525000 0.029750
2.963000 3.525000 0.029640
3.038000 3.525000 0.029540
3.113000 3.525000 0.029450
3.188000 3.525000 0.029360
3.263000 3.525000 0.029280
3.338000 3.525000 0.029200
3.413000 3.525000 0.029140
3.488000 3.525000 0.029090
3.563000 3.525000 0.029040
3.638000 3.525000 0.029010
3.713000 3.525000 0.028990
3.788000 3.525000 0.028980
3.863000 3.525000 0.000000
-0.037500 3.675000 0.000000
0.037500 3.675000 0.023030
0.112500 3.675000 0.023030
0.187500 3.675000 0.023040
0.262500 3.675000 0.023050
0.337500 3.675000 0.023070
0.412500 3.675000 0.023080
0.487500 3.675000 0.023100
0.562500 3.675000 0.023130
0.637500 3.675000 0.023150
0.712500 3.675000 0.023170
0.787500 3.675000 0.023200
0.862500 3.675000 0.023220
0.937500 3.675000 0.023250
1.012000 3.675000 0.023270
1.087000 3.675000 0.023280
1.163000 3.675000 0.023300
1.238000 3.675000 0.023310
1.313000 3.675000 0.023310
1.388000 3.675000 0.023320
1.463000 3.675000 0.023310
1.538000 3.675000 0.023300
1.613000 3.675000 0.023280
1.688000 3.675000 0.023260
1.763000 3.675000 0.023230
1.838000 3.675000 0.023190
1.913000 3.675000 0.023150
1.988000 3.675000 0.023100
2.063000 3.675000 0.023040
2.138000 3.675000 0.022980
2.213000 3.675000 0.022910
2.288000 3.675000 0.022840
2.363000 3.675000 0.022770
2.438000 3.675000 0.022690
2.513000 3.675000 0.022610
2.588000 3.675000 0.022530
2.663000 3.675000 0.022440
2.738000 3.675000 0.022360
2.813000 3.675000 0.022280
2.888000 3.675000 0.022200
2.963000 3.675000 0.022120
3.038000 3.675000 0.022050
3.113000 3.675000 0.021980
3.188000 3.675000 0.021920
3.263000 3.675000 0.021860
3.338000 3.675000 0.021800
3.413000 3.675000 0.021760
3.488000 3.675000 0.021720
3.563000 3.675000 0.021690
3.638000 3.675000 0.021660
3.713000 3.675000 0.021650
3.788000 3.675000 0.021640
3.863000 3.675000 0.000000
-0.037500 3.825000 0.000000
0.037500 3.825000 0.017060
0.112500 3.825000 0.017070
0.187500 3.825000 0.017070
0.262500 3.825000 0.017080
0.337500 3.825000 0.017090
0.412500 3.825000 0.017100
0.487500 3.825000 0.017120
0.562500 3.825000 0.017130
0.637500 3.825000 0.017150
0.712500 3.825000 0.017160
0.787500 3.825000 0.017180
0.862500 3.825000 0.017200
0.937500 3.825000 0.017210
1.012000 3.825000 0.017220
1.087000 3.825000 0.017230
1.163000 3.825000 0.017240
1.238000 3.825000 0.017250
1.313000 3.825000 0.017250
1.388000 3.825000 0.017250
1.463000 3.825000 0.017250
1.538000 3.825000 0.017240
1.613000 3.825000 0.017220
1.688000 3.825000 0.017210
1.763000 3.825000 0.017180
1.838000 3.825000 0.017150
1.913000 3.825000 0.017120
1.988000 3.825000 0.017090
2.063000 3.825000 0.017040
2.138000 3.825000 0.017000
2.213000 3.825000 0.016950
2.288000 3.825000 0.016900
2.363000 3.825000 0.016850
2.438000 3.825000 0.016790
2.513000 3.825000 0.016730
2.588000 3.825000 0.016670
2.663000 3.825000 0.016610
2.738000 3.825000 0.016550
2.813000 3.825000 0.016490
2.888000 3.825000 0.016440
2.963000 3.825000 0.016380
3.038000 3.825000 0.016330
3.113000 3.825000 0.016280
3.188000 3.825000 0.016230
3.263000 3.825000 0.016190
3.338000 3.825000 0.016150
3.413000 3.825000 0.016120
3.488000 3.825000 0.016090
3.563000 3.825000 0.016060
3.638000 3.825000 0.016050
3.713000 3.825000 0.016040
3.788000 3.825000 0.016030
3.863000 3.825000 0.000000
-0.037500 3.975000 0.000000
0.037500 3.975000 0.012560
0.112500 3.975000 0.012560
0.187500 3.975000 0.012560
0.262500 3.975000 0.012570
0.337500 3.975000 0.012570
0.412500 3.975000 0.012580
0.487500 3.975000 0.012590
0.562500 3.975000 0.012600
0.637500 3.975000 0.012610
0.712500 3.975000 0.012620
0.787500 3.975000 0.012630
0.862500 3.975000 0.012640
0.937500 3.975000 0.012650
1.012000 3.975000 0.012660
1.087000 3.975000 0.012670
1.163000 3.975000 0.012670
1.238000 3.975000 0.012680
1.313000 3.975000 0.012680
1.388000 3.975000 0.012680
1.463000 3.975000 0.012670
1.538000 3.975000 0.012660
1.613000 3.975000 0.012650
1.688000 3.975000 0.012640
1.763000 3.975000 0.012620
1.838000 3.975000 0.012600
1.913000 3.975000 0.012580
1.988000 3.975000 0.012550
2.063000 3.975000 0.012520
2.138000 3.975000 0.012490
2.213000 3.975000 0.012450
2.288000 3.975000 0.012420
2.363000 3.975000 0.012380
2.438000 3.975000 0.012340
2.513000 3.975000 0.012300
2.588000 3.975000 0.012250
2.663000 3.975000 0.012210
2.738000 3.975000 0.012170
2.813000 3.975000 0.012120
2.888000 3.975000 0.012080
2.963000 3.975000 0.012040
3.038000 3.975000 0.012010
3.113000 3.975000 0.011970
3.188000 3.975000 0.011940
3.263000 3.975000 0.011910
3.338000 3.975000 0.011880
3.413000 3.975000 0.011850
3.488000 3.975000 0.011830
3.563000 3.975000 0.011820
3.638000 3.975000 0.011800
3.713000 3.975000 0.011800
3.788000 3.975000 0.011790
3.863000 3.975000 0.000000
-0.037500 4.125000 0.000000
0.037500 4.125000 0.009188
0.112500 4.125000 0.009189
0.187500 4.125000 0.009192
0.262500 4.125000 0.009195
0.337500 4.125000 0.009199
0.412500 4.125000 0.009205
0.487500 4.125000 0.009211
0.562500 4.125000 0.009217
0.637500 4.125000 0.009224
0.712500 4.125000 0.009231
0.787500 4.125000 0.009238
0.862500 4.125000 0.009245
0.937500 4.125000 0.009251
1.012000 4.125000 0.009257
1.087000 4.125000 0.009261
1.163000 4.125000 0.009264
1.238000 4.125000 0.009266
1.313000 4.125000 0.009266
1.388000 4.125000 0.009264
1.463000 4.125000 0.009260
1.538000 4.125000 0.009254
1.613000 4.125000 0.009246
1.688000 4.125000 0.009235
1.763000 4.125000 0.009222
1.838000 4.125000 0.009207
1.913000 4.125000 0.009190
1.988000 4.125000 0.009170
2.063000 4.125000 0.009149
2.138000 4.125000 0.009125
2.213000 4.125000 0.009100
2.288000 4.125000 0.009073
2.363000 4.125000 0.009045
2.438000 4.125000 0.009016
2.513000 4.125000 0.008986
2.588000 4.125000 0.008956
2.663000 4.125000 0.008925
2.738000 4.125000 0.008895
2.813000 4.125000 0.008864
2.888000 4.125000 0.008835
2.963000 4.125000 0.008807
3.038000 4.125000 0.008780
3.113000 4.125000 0.008754
3.188000 4.125000 0.008730
3.263000 4.125000 0.008708
3.338000 4.125000 0.008689
3.413000 4.125000 0.008672
3.488000 4.125000 0.008657
3.563000 4.125000 0.008645
3.638000 4.125000 0.008636
3.713000 4.125000 0.008630
3.788000 4.125000 0.008627
3.863000 4.125000 0.000000
-0.037500 4.275000 0.000000
0.037500 4.275000 0.006704
0.112500 4.275000 0.006705
0.187500 4.275000 0.006707
0.262500 4.275000 0.006709
0.337500 4.275000 0.006712
0.412500 4.275000 0.006715
0.487500 4.275000 0.006719
0.562500 4.275000 0.006723
0.637500 4.275000 0.006728
0.712500 4.275000 0.006733
0.787500 4.275000 0.006737
0.862500 4.275000 0.006741
0.937500 4.275000 0.006745
1.012000 4.275000 0.006749
1.087000 4.275000 0.006751
1.163000 4.275000 0.006753
1.238000 4.275000 0.006753
1.313000 4.275000 0.006753
1.388000 4.275000 0.006751
1.463000 4.275000 0.006748
1.538000 4.275000 0.006743
1.613000 4.275000 0.006737
1.688000 4.275000 0.006729
1.763000 4.275000 0.006719
1.838000 4.275000 0.006708
1.913000 4.275000 0.006696
1.988000 4.275000 0.006681
2.063000 4.275000 0.006666
2.138000 4.275000 0.006649
2.213000 4.275000 0.006631
2.288000 4.275000 0.006612
2.363000 4.275000 0.006592
2.438000 4.275000 0.006571
2.513000 4.275000 0.006549
2.588000 4.275000 0.006528
2.663000 4.275000 0.006506
2.738000 4.275000 0.006484
2.813000 4.275000 0.006463
2.888000 4.275000 0.006442
2.963000 4.275000 0.006422
3.038000 4.275000 0.006402
3.113000 4.275000 0.006384
3.188000 4.275000 0.006367
3.263000 4.275000 0.006352
3.338000 4.275000 0.006338
3.413000 4.275000 0.006326
3.488000 4.275000 0.006315
3.563000 4.275000 0.006307
3.638000 4.275000 0.006300
3.713000 4.275000 0.006296
3.788000 4.275000 0.006294
3.863000 4.275000 0.000000
-0.037500 4.425000 0.000000
0.037500 4.425000 0.004903
0.112500 4.425000 0.004904
0.187500 4.425000 0.004905
0.262500 4.425000 0.004906
0.337500 4.425000 0.004908
0.412500 4.425000 0.004910
0.487500 4.425000 0.004913
0.562500 4.425000 0.004916
0.637500 4.425000 0.004919
0.712500 4.425000 0.004922
0.787500 4.425000 0.004924
0.862500 4.425000 0.004927
0.937500 4.425000 0.004929
1.012000 4.425000 0.004931
1.087000 4.425000 0.004933
1.163000 4.425000 0.004934
1.238000 4.425000 0.004934
1.313000 4.425000 0.004933
1.388000 4.425000 0.004931
1.463000 4.425000 0.004928
1.538000 4.425000 0.004925
1.613000 4.425000 0.004920
1.688000 4.425000 0.004914
1.763000 4.425000 0.004907
1.838000 4.425000 0.004899
1.913000 4.425000 0.004890
1.988000 4.425000 0.004879
2.063000 4.425000 0.004868
2.138000 4.425000 0.004856
2.213000 4.425000 0.004843
2.288000 4.425000 0.004829
2.363000 4.425000 0.004815
2.438000 4.425000 0.004800
2.513000 4.425000 0.004785
2.588000 4.425000 0.004769
2.663000 4.425000 0.004754
2.738000 4.425000 0.004738
2.813000 4.425000 0.004723
2.888000 4.425000 0.004708
2.963000 4.425000 0.004694
3.038000 4.425000 0.004680
3.113000 4.425000 0.004667
3.188000 4.425000 0.004655
3.263000 4.425000 0.004644
3.338000 4.425000 0.004634
3.413000 4.425000 0.004625
3.488000 4.425000 0.004618
3.563000 4.425000 0.004612
3.638000 4.425000 0.004607
3.713000 4.425000 0.004604
3.788000 4.425000 0.004602
3.863000 4.425000 0.000000
-0.037500 4.575000 0.000000
0.037500 4.575000 0.003629
0.112500 4.575000 0.003630
0.187500 4.575000 0.003630
0.262500 4.575000 0.003631
0.337500 4.575000 0.003632
0.412500 4.575000 0.003634
0.487500 4.575000 0.003636
0.562500 4.575000 0.003637
0.637500 4.575000 0.003639
0.712500 4.575000 0.003641
0.787500 4.575000 0.003643
0.862500 4.575000 0.003645
0.937500 4.575000 0.003646
1.012000 4.575000 0.003647
1.087000 4.575000 0.003648
1.163000 4.575000 0.003648
1.238000 4.575000 0.003648
1.313000 4.575000 0.003647
1.388000 4.575000 0.003646
1.463000 4.575000 0.003643
1.538000 4.575000 0.003640
1.613000 4.575000 0.003637
1.688000 4.575000 0.003632
1.763000 4.575000 0.003627
1.838000 4.575000 0.003621
1.913000 4.575000 0.003614
1.988000 4.575000 0.003607
2.063000 4.575000 0.003598
2.138000 4.575000 0.003589
2.213000 4.575000 0.003580
2.288000 4.575000 0.003570
2.363000 4.575000 0.003559
2.438000 4.575000 0.003549
2.513000 4.575000 0.003538
2.588000 4.575000 0.003527
2.663000 4.575000 0.003515
2.738000 4.575000 0.003504
2.813000 4.575000 0.003493
2.888000 4.575000 0.003482
2.963000 4.575000 0.003472
3.038000 4.575000 0.003462
3.113000 4.575000 0.003453
3.188000 4.575000 0.003444
3.263000 4.575000 0.003436
3.338000 4.575000 0.003429
3.413000 4.575000 0.003423
3.488000 4.575000 0.003417
3.563000 4.575000 0.003413
3.638000 4.575000 0.003410
3.713000 4.575000 0.003407
3.788000 4.575000 0.003406
3.863000 4.575000 0.000000
-0.037500 4.725000 0.000000
0.037500 4.725000 0.002767
0.112500 4.725000 0.002767
0.187500 4.725000 0.002768
0.262500 4.725000 0.002768
0.337500 4.725000 0.002769
0.412500 4.725000 0.002770
0.487500 4.725000 0.002771
0.562500 4.725000 0.002772
0.637500 4.725000 0.002774
0.712500 4.725000 0.002775
0.787500 4.725000 0.002776
0.862500 4.725000 0.002777
0.937500 4.725000 0.002778
1.012000 4.725000 0.002778
1.087000 4.725000 0.002779
1.163000 4.725000 0.002779
1.238000 4.725000 0.002778
1.313000 4.725000 0.002777
1.388000 4.725000 0.002776
1.463000 4.725000 0.002774
1.538000 4.725000 0.002772
1.613000 4.725000 0.002769
1.688000 4.725000 0.002766
1.763000 4.725000 0.002761
1.838000 4.725000 0.002757
1.913000 4.725000 0.002752
1.988000 4.725000 0.002746
2.063000 4.725000 0.002740
2.138000 4.725000 0.002733
2.213000 4.725000 0.002726
2.288000 4.725000 0.002718
2.363000 4.725000 0.002711
2.438000 4.725000 0.002703
2.513000 4.725000 0.002694
2.588000 4.725000 0.002686
2.663000 4.725000 0.002678
2.738000 4.725000 0.002670
2.813000 4.725000 0.002661
2.888000 4.725000 0.002653
2.963000 4.725000 0.002646
3.038000 4.725000 0.002638
3.113000 4.725000 0.002632
3.188000 4.725000 0.002625
3.263000 4.725000 0.002619
3.338000 4.725000 0.002614
3.413000 4.725000 0.002609
3.488000 4.725000 0.002605
3.563000 4.725000 0.002602
3.638000 4.725000 0.002599
3.713000 4.725000 0.002598
3.788000 4.725000 0.002597
3.863000 4.725000 0.000000
-0.037500 4.875000 0.000000
0.037500 4.875000 0.002235
0.112500 4.875000 0.002235
0.187500 4.875000 0.002236
0.262500 4.875000 0.002236
0.337500 4.875000 0.002237
0.412500 4.875000 0.002237
0.487500 4.875000 0.002238
0.562500 4.875000 0.002239
0.637500 4.875000 0.002240
0.712500 4.875000 0.002240
0.787500 4.875000 0.002241
0.862500 4.875000 0.002242
0.937500 4.875000 0.002242
1.012000 4.875000 0.002243
1.087000 4.875000 0.002243
1.163000 4.875000 0.002243
1.238000 4.875000 0.002242
1.313000 4.875000 0.002241
1.388000 4.875000 0.002240
1.463000 4.875000 0.002239
1.538000 4.875000 0.002237
1.613000 4.875000 0.002234
1.688000 4.875000 0.002231
1.763000 4.875000 0.002228
1.838000 4.875000 0.002224
1.913000 4.875000 0.002220
1.988000 4.875000 0.002215
2.063000 4.875000 0.002211
2.138000 4.875000 0.002205
2.213000 4.875000 0.002200
2.288000 4.875000 0.002194
2.363000 4.875000 0.002187
2.438000 4.875000 0.002181
2.513000 4.875000 0.002175
2.588000 4.875000 0.002168
2.663000 4.875000 0.002161
2.738000 4.875000 0.002155
2.813000 4.875000 0.002148
2.888000 4.875000 0.002142
2.963000 4.875000 0.002136
3.038000 4.875000 0.002130
3.113000 4.875000 0.002125
3.188000 4.875000 0.002120
3.263000 4.875000 0.002115
3.338000 4.875000 0.002111
3.413000 4.875000 0.002107
3.488000 4.875000 0.002104
3.563000 4.875000 0.002102
3.638000 4.875000 0.002100
3.713000 4.875000 0.002098
3.788000 4.875000 0.002098
3.863000 4.875000 0.000000
-0.037500 5.025000 0.000000
0.037500 5.025000 0.001982
0.112500 5.025000 0.001982
0.187500 5.025000 0.001982
0.262500 5.025000 0.001982
0.337500 5.025000 0.001983
0.412500 5.025000 0.001983
0.487500 5.025000 0.001984
0.562500 5.025000 0.001985
0.637500 5.025000 0.001985
0.712500 5.025000 0.001986
0.787500 5.025000 0.001987
0.862500 5.025000 0.001987
0.937500 5.025000 0.001987
1.012000 5.025000 0.001988
1.087000 5.025000 0.001988
1.163000 5.025000 0.001987
1.238000 5.025000 0.001987
1.313000 5.025000 0.001986
1.388000 5.025000 0.001985
1.463000 5.025000 0.001983
1.538000 5.025000 0.001982
1.613000 5.025000 0.001979
1.688000 5.025000 0.001977
1.763000 5.025000 0.001974
1.838000 5.025000 0.001971
1.913000 5.025000 0.001967
1.988000 5.025000 0.001963
2.063000 5.025000 0.001958
2.138000 5.025000 0.001954
2.213000 5.025000 0.001949
2.288000 5.025000 0.001944
2.363000 5.025000 0.001938
2.438000 5.025000 0.001933
2.513000 5.025000 0.001927
2.588000 5.025000 0.001921
2.663000 5.025000 0.001915
2.738000 5.025000 0.001910
2.813000 5.025000 0.001904
2.888000 5.025000 0.001899
2.963000 5.025000 0.001893
3.038000 5.025000 0.001888
3.113000 5.025000 0.001884
3.188000 5.025000 0.001879
3.263000 5.025000 0.001875
3.338000 5.025000 0.001871
3.413000 5.025000 0.001868
3.488000 5.025000 0.001865
3.563000 5.025000 0.001863
3.638000 5.025000 0.001862
3.713000 5.025000 0.001860
3.788000 5.025000 0.001860
3.863000 5.025000 0.000000
-0.037500 5.175000 0.000000
0.037500 5.175000 0.000000
0.112500 5.175000 0.000000
0.187500 5.175000 0.000000
0.262500 5.175000 0.000000
0.337500 5.175000 0.000000
0.412500 5.175000 0.000000
0.487500 5.175000 0.000000
0.562500 5.175000 0.000000
0.637500 5.175000 0.000000
0.712500 5.175000 0.000000
0.787500 5.175000 0.000000
0.862500 5.175000 0.000000
0.937500 5.175000 0.000000
1.012000 5.175000 0.000000
1.087000 5.175000 0.000000
1.163000 5.175000 0.000000
1.238000 5.175000 0.000000
1.313000 5.175000 0.000000
1.388000 5.175000 0.000000
1.463000 5.175000 0.000000
1.538000 5.175000 0.000000
1.613000 5.175000 0.000000
1.688000 5.175000 0.000000
1.763000 5.175000 0.000000
1.838000 5.175000 0.000000
1.913000 5.175000 0.000000
1.988000 5.175000 0.000000
2.063000 5.175000 0.000000
2.138000 5.175000 0.000000
2.213000 5.175000 0.000000
2.288000 5.175000 0.000000
2.363000 5.175000 0.000000
2.438000 5.175000 0.000000
2.513000 5.175000 0.000000
2.588000 5.175000 0.000000
2.663000 5.175000 0.000000
2.738000 5.175000 0.000000
2.813000 5.175000 0.000000
2.888000 5.175000 0.000000
2.963000 5.175000 0.000000
3.038000 5.175000 0.000000
3.113000 5.175000 0.000000
3.188000 5.175000 0.000000
3.263000 5.175000 0.000000
3.338000 5.175000 0.000000
3.413000 5.175000 0.000000
3.488000 5.175000 0.000000
3.563000 5.175000 0.000000
3.638000 5.175000 0.000000
3.713000 5.175000 0.000000
3.788000 5.175000 0.000000
3.863000 5.175000 0.000000
