-0.037500 -0.075000 0.000000
0.037500 -0.075000 0.000000
0.112500 -0.075000 0.000000
0.187500 -0.075000 0.000000
0.262500 -0.075000 0.000000
0.337500 -0.075000 0.000000
0.412500 -0.075000 0.000000
0.487500 -0.075000 0.000000
0.562500 -0.075000 0.000000
0.637500 -0.075000 0.000000
0.712500 -0.075000 0.000000
0.787500 -0.075000 0.000000
0.862500 -0.075000 0.000000
0.937500 -0.075000 0.000000
1.012000 -0.075000 0.000000
1.087000 -0.075000 0.000000
1.163000 -0.075000 0.000000
1.238000 -0.075000 0.000000
1.313000 -0.075000 0.000000
1.388000 -0.075000 0.000000
1.463000 -0.075000 0.000000
1.538000 -0.075000 0.000000
1.613000 -0.075000 0.000000
1.688000 -0.075000 0.000000
1.763000 -0.075000 0.000000
1.838000 -0.075000 0.000000
1.913000 -0.075000 0.000000
1.988000 -0.075000 0.000000
2.063000 -0.075000 0.000000
2.138000 -0.075000 0.000000
2.213000 -0.075000 0.000000
2.288000 -0.075000 0.000000
2.363000 -0.075000 0.000000
2.438000 -0.075000 0.000000
2.513000 -0.075000 0.000000
2.588000 -0.075000 0.000000
2.663000 -0.075000 0.000000
2.738000 -0.075000 0.000000
2.813000 -0.075000 0.000000
2.888000 -0.075000 0.000000
2.963000 -0.075000 0.000000
3.038000 -0.075000 0.000000
3.113000 -0.075000 0.000000
3.188000 -0.075000 0.000000
3.263000 -0.075000 0.000000
3.338000 -0.075000 0.000000
3.413000 -0.075000 0.000000
3.488000 -0.075000 0.000000
3.563000 -0.075000 0.000000
3.638000 -0.075000 0.000000
3.713000 -0.075000 0.000000
3.788000 -0.075000 0.000000
3.863000 -0.075000 0.000000
-0.037500 0.075000 0.000000
0.037500 0.075000 0.000520
0.112500 0.075000 0.001030
0.187500 0.075000 0.001550
0.262500 0.075000 0.002070
0.337500 0.075000 0.002580
0.412500 0.075000 0.003100
0.487500 0.075000 0.003610
0.562500 0.075000 0.004130
0.637500 0.075000 0.004640
0.712500 0.075000 0.005150
0.787500 0.075000 0.005660
0.862500 0.075000 0.006160
0.937500 0.075000 0.006650
1.012000 0.075000 0.007140
1.087000 0.075000 0.007610
1.163000 0.075000 0.008070
1.238000 0.075000 0.008520
1.313000 0.075000 0.008930
1.388000 0.075000 0.009330
1.463000 0.075000 0.009680
1.538000 0.075000 0.010010
1.613000 0.075000 0.010280
1.688000 0.075000 0.010510
1.763000 0.075000 0.010680
1.838000 0.075000 0.010790
1.913000 0.075000 0.010850
1.988000 0.075000 0.010850
2.063000 0.075000 0.010780
2.138000 0.075000 0.010670
2.213000 0.075000 0.010510
2.288000 0.075000 0.010300
2.363000 0.075000 0.010060
2.438000 0.075000 0.009800
2.513000 0.075000 0.009520
2.588000 0.075000 0.009220
2.663000 0.075000 0.008920
2.738000 0.075000 0.008610
2.813000 0.075000 0.008300
2.888000 0.075000 0.008000
2.963000 0.075000 0.007700
3.038000 0.075000 0.007420
3.113000 0.075000 0.007140
3.188000 0.075000 0.006870
3.263000 0.075000 0.006610
3.338000 0.075000 0.006360
3.413000 0.075000 0.006120
3.488000 0.075000 0.005900
3.563000 0.075000 0.005680
3.638000 0.075000 0.005470
3.713000 0.075000 0.005270
3.788000 0.075000 0.005080
3.863000 0.075000 0.000000
-0.037500 0.225000 0.000000
0.037500 0.225000 0.000520
0.112500 0.225000 0.001030
0.187500 0.225000 0.001550
0.262500 0.225000 0.002070
0.337500 0.225000 0.002580
0.412500 0.225000 0.003100
0.487500 0.225000 0.003610
0.562500 0.225000 0.004130
0.637500 0.225000 0.004640
0.712500 0.225000 0.005150
0.787500 0.225000 0.005660
0.862500 0.225000 0.006160
0.937500 0.225000 0.006650
1.012000 0.225000 0.007140
1.087000 0.225000 0.007610
1.163000 0.225000 0.008070
1.238000 0.225000 0.008520
1.313000 0.225000 0.008930
1.388000 0.225000 0.009330
1.463000 0.225000 0.009680
1.538000 0.225000 0.010010
1.613000 0.225000 0.010280
1.688000 0.225000 0.010510
1.763000 0.225000 0.010680
1.838000 0.225000 0.010790
1.913000 0.225000 0.010850
1.988000 0.225000 0.010850
2.063000 0.225000 0.010780
2.138000 0.225000 0.010670
2.213000 0.225000 0.010510
2.288000 0.225000 0.010300
2.363000 0.225000 0.010060
2.438000 0.225000 0.009800
2.513000 0.225000 0.009520
2.588000 0.225000 0.009220
2.663000 0.225000 0.008920
2.738000 0.225000 0.008610
2.813000 0.225000 0.008300
2.888000 0.225000 0.008000
2.963000 0.225000 0.007700
3.038000 0.225000 0.007420
3.113000 0.225000 0.007140
3.188000 0.225000 0.006870
3.263000 0.225000 0.006610
3.338000 0.225000 0.006360
3.413000 0.225000 0.006120
3.488000 0.225000 0.005900
3.563000 0.225000 0.005680
3.638000 0.225000 0.005470
3.713000 0.225000 0.005270
3.788000 0.225000 0.005080
3.863000 0.225000 0.000000
-0.037500 0.375000 0.000000
0.037500 0.375000 0.085530
0.112500 0.375000 0.085710
0.187500 0.375000 0.086000
0.262500 0.375000 0.086370
0.337500 0.375000 0.086790
0.412500 0.375000 0.087270
0.487500 0.375000 0.087770
0.562500 0.375000 0.088300
0.637500 0.375000 0.088850
0.712500 0.375000 0.089410
0.787500 0.375000 0.089970
0.862500 0.375000 0.090530
0.937500 0.375000 0.091080
1.012000 0.375000 0.091620
1.087000 0.375000 0.092140
1.163000 0.375000 0.092630
1.238000 0.375000 0.093080
1.313000 0.375000 0.093500
1.388000 0.375000 0.093870
1.463000 0.375000 0.094190
1.538000 0.375000 0.094450
1.613000 0.375000 0.094650
1.688000 0.375000 0.094780
1.763000 0.375000 0.094830
1.838000 0.375000 0.094810
1.913000 0.375000 0.094720
1.988000 0.375000 0.094560
2.063000 0.375000 0.094320
2.138000 0.375000 0.094010
2.213000 0.375000 0.093650
2.288000 0.375000 0.093230
2.363000 0.375000 0.092770
2.438000 0.375000 0.092260
2.513000 0.375000 0.091730
2.588000 0.375000 0.091180
2.663000 0.375000 0.090610
2.738000 0.375000 0.090040
2.813000 0.375000 0.089460
2.888000 0.375000 0.088900
2.963000 0.375000 0.088340
3.038000 0.375000 0.087800
3.113000 0.375000 0.087290
3.188000 0.375000 0.086800
3.263000 0.375000 0.086340
3.338000 0.375000 0.085920
3.413000 0.375000 0.085540
3.488000 0.375000 0.085190
3.563000 0.375000 0.084900
3.638000 0.375000 0.084660
3.713000 0.375000 0.084480
3.788000 0.375000 0.084370
3.863000 0.375000 0.000000
-0.037500 0.525000 0.000000
0.037500 0.525000 0.164500
0.112500 0.525000 0.164600
0.187500 0.525000 0.164800
0.262500 0.525000 0.165000
0.337500 0.525000 0.165300
0.412500 0.525000 0.165700
0.487500 0.525000 0.166200
0.562500 0.525000 0.166600
0.637500 0.525000 0.167100
0.712500 0.525000 0.167600
0.787500 0.525000 0.168100
0.862500 0.525000 0.168600
0.937500 0.525000 0.169100
1.012000 0.525000 0.169600
1.087000 0.525000 0.170000
1.163000 0.525000 0.170500
1.238000 0.525000 0.170800
1.313000 0.525000 0.171200
1.388000 0.525000 0.171400
1.463000 0.525000 0.171600
1.538000 0.525000 0.171800
1.613000 0.525000 0.171900
1.688000 0.525000 0.171900
1.763000 0.525000 0.171800
1.838000 0.525000 0.171600
1.913000 0.525000 0.171400
1.988000 0.525000 0.171100
2.063000 0.525000 0.170700
2.138000 0.525000 0.170200
2.213000 0.525000 0.169700
2.288000 0.525000 0.169100
2.363000 0.525000 0.168500
2.438000 0.525000 0.167800
2.513000 0.525000 0.167100
2.588000 0.525000 0.166400
2.663000 0.525000 0.165600
2.738000 0.525000 0.164900
2.813000 0.525000 0.164100
2.888000 0.525000 0.163400
2.963000 0.525000 0.162700
3.038000 0.525000 0.162000
3.113000 0.525000 0.161300
3.188000 0.525000 0.160700
3.263000 0.525000 0.160100
3.338000 0.525000 0.159600
3.413000 0.525000 0.159100
3.488000 0.525000 0.158700
3.563000 0.525000 0.158400
3.638000 0.525000 0.158100
3.713000 0.525000 0.157900
3.788000 0.525000 0.157800
3.863000 0.525000 0.000000
-0.037500 0.675000 0.000000
0.037500 0.675000 0.210800
0.112500 0.675000 0.210900
0.187500 0.675000 0.211000
0.262500 0.675000 0.211200
0.337500 0.675000 0.211500
0.412500 0.675000 0.211800
0.487500 0.675000 0.212100
0.562500 0.675000 0.212500
0.637500 0.675000 0.212900
0.712500 0.675000 0.213300
0.787500 0.675000 0.213700
0.862500 0.675000 0.214100
0.937500 0.675000 0.214500
1.012000 0.675000 0.214900
1.087000 0.675000 0.215200
1.163000 0.675000 0.215500
1.238000 0.675000 0.215800
1.313000 0.675000 0.216000
1.388000 0.675000 0.216200
1.463000 0.675000 0.216300
1.538000 0.675000 0.216300
1.613000 0.675000 0.216300
1.688000 0.675000 0.216200
1.763000 0.675000 0.216000
1.838000 0.675000 0.215800
1.913000 0.675000 0.215400
1.988000 0.675000 0.215000
2.063000 0.675000 0.214600
2.138000 0.675000 0.214000
2.213000 0.675000 0.213400
2.288000 0.675000 0.212800
2.363000 0.675000 0.212100
2.438000 0.675000 0.211300
2.513000 0.675000 0.210600
2.588000 0.675000 0.209800
2.663000 0.675000 0.209000
2.738000 0.675000 0.208200
2.813000 0.675000 0.207400
2.888000 0.675000 0.206600
2.963000 0.675000 0.205800
3.038000 0.675000 0.205000
3.113000 0.675000 0.204300
3.188000 0.675000 0.203700
3.263000 0.675000 0.203100
3.338000 0.675000 0.202500
3.413000 0.675000 0.202000
3.488000 0.675000 0.201600
3.563000 0.675000 0.201300
3.638000 0.675000 0.201000
3.713000 0.675000 0.200900
3.788000 0.675000 0.200800
3.863000 0.675000 0.000000
-0.037500 0.825000 0.000000
0.037500 0.825000 0.230000
0.112500 0.825000 0.230000
0.187500 0.825000 0.230200
0.262500 0.825000 0.230300
0.337500 0.825000 0.230600
0.412500 0.825000 0.230800
0.487500 0.825000 0.231100
0.562500 0.825000 0.231400
0.637500 0.825000 0.231800
0.712500 0.825000 0.232200
0.787500 0.825000 0.232500
0.862500 0.825000 0.232900
0.937500 0.825000 0.233300
1.012000 0.825000 0.233600
1.087000 0.825000 0.233900
1.163000 0.825000 0.234200
1.238000 0.825000 0.234400
1.313000 0.825000 0.234600
1.388000 0.825000 0.234700
1.463000 0.825000 0.234800
1.538000 0.825000 0.234800
1.613000 0.825000 0.234700
1.688000 0.825000 0.234600
1.763000 0.825000 0.234400
1.838000 0.825000 0.234100
1.913000 0.825000 0.233700
1.988000 0.825000 0.233300
2.063000 0.825000 0.232800
2.138000 0.825000 0.232200
2.213000 0.825000 0.231600
2.288000 0.825000 0.230900
2.363000 0.825000 0.230200
2.438000 0.825000 0.229400
2.513000 0.825000 0.228600
2.588000 0.825000 0.227800
2.663000 0.825000 0.226900
2.738000 0.825000 0.226100
2.813000 0.825000 0.225300
2.888000 0.825000 0.224400
2.963000 0.825000 0.223600
3.038000 0.825000 0.222900
3.113000 0.825000 0.222200
3.188000 0.825000 0.221500
3.263000 0.825000 0.220900
3.338000 0.825000 0.220300
3.413000 0.825000 0.219800
3.488000 0.825000 0.219400
3.563000 0.825000 0.219000
3.638000 0.825000 0.218800
3.713000 0.825000 0.218600
3.788000 0.825000 0.218500
3.863000 0.825000 0.000000
-0.037500 0.975000 0.000000
0.037500 0.975000 0.244900
0.112500 0.975000 0.244900
0.187500 0.975000 0.245100
0.262500 0.975000 0.245200
0.337500 0.975000 0.245400
0.412500 0.975000 0.245700
0.487500 0.975000 0.246000
0.562500 0.975000 0.246300
0.637500 0.975000 0.246600
0.712500 0.975000 0.246900
0.787500 0.975000 0.247300
0.862500 0.975000 0.247600
0.937500 0.975000 0.248000
1.012000 0.975000 0.248300
1.087000 0.975000 0.248600
1.163000 0.975000 0.248800
1.238000 0.975000 0.249100
1.313000 0.975000 0.249200
1.388000 0.975000 0.249300
1.463000 0.975000 0.249400
1.538000 0.975000 0.249300
1.613000 0.975000 0.249200
1.688000 0.975000 0.249100
1.763000 0.975000 0.248800
1.838000 0.975000 0.248500
1.913000 0.975000 0.248100
1.988000 0.975000 0.247600
2.063000 0.975000 0.247100
2.138000 0.975000 0.246500
2.213000 0.975000 0.245800
2.288000 0.975000 0.245100
2.363000 0.975000 0.244300
2.438000 0.975000 0.243500
2.513000 0.975000 0.242700
2.588000 0.975000 0.241900
2.663000 0.975000 0.241000
2.738000 0.975000 0.240100
2.813000 0.975000 0.239300
2.888000 0.975000 0.238400
2.963000 0.975000 0.237600
3.038000 0.975000 0.236800
3.113000 0.975000 0.236100
3.188000 0.975000 0.235400
3.263000 0.975000 0.234700
3.338000 0.975000 0.234100
3.413000 0.975000 0.233600
3.488000 0.975000 0.233200
3.563000 0.975000 0.232900
3.638000 0.975000 0.232600
3.713000 0.975000 0.232400
3.788000 0.975000 0.232300
3.863000 0.975000 0.000000
-0.037500 1.125000 0.000000
0.037500 1.125000 0.255500
0.112500 1.125000 0.255600
0.187500 1.125000 0.255700
0.262500 1.125000 0.255900
0.337500 1.125000 0.256100
0.412500 1.125000 0.256300
0.487500 1.125000 0.256600
0.562500 1.125000 0.256900
0.637500 1.125000 0.257200
0.712500 1.125000 0.257600
0.787500 1.125000 0.257900
0.862500 1.125000 0.258300
0.937500 1.125000 0.258600
1.012000 1.125000 0.258900
1.087000 1.125000 0.259200
1.163000 1.125000 0.259400
1.238000 1.125000 0.259600
1.313000 1.125000 0.259800
1.388000 1.125000 0.259900
1.463000 1.125000 0.259900
1.538000 1.125000 0.259900
1.613000 1.125000 0.259800
1.688000 1.125000 0.259600
1.763000 1.125000 0.259300
1.838000 1.125000 0.259000
1.913000 1.125000 0.258500
1.988000 1.125000 0.258000
2.063000 1.125000 0.257500
2.138000 1.125000 0.256800
2.213000 1.125000 0.256200
2.288000 1.125000 0.255400
2.363000 1.125000 0.254600
2.438000 1.125000 0.253800
2.513000 1.125000 0.252900
2.588000 1.125000 0.252000
2.663000 1.125000 0.251200
2.738000 1.125000 0.250300
2.813000 1.125000 0.249400
2.888000 1.125000 0.248500
2.963000 1.125000 0.247600
3.038000 1.125000 0.246800
3.113000 1.125000 0.246000
3.188000 1.125000 0.245300
3.263000 1.125000 0.244700
3.338000 1.125000 0.244100
3.413000 1.125000 0.243500
3.488000 1.125000 0.243100
3.563000 1.125000 0.242700
3.638000 1.125000 0.242500
3.713000 1.125000 0.242300
3.788000 1.125000 0.242200
3.863000 1.125000 0.000000
-0.037500 1.275000 0.000000
0.037500 1.275000 0.268200
0.112500 1.275000 0.268300
0.187500 1.275000 0.268400
0.262500 1.275000 0.268500
0.337500 1.275000 0.268800
0.412500 1.275000 0.269000
0.487500 1.275000 0.269300
0.562500 1.275000 0.269700
0.637500 1.275000 0.270000
0.712500 1.275000 0.270400
0.787500 1.275000 0.270800
0.862500 1.275000 0.271100
0.937500 1.275000 0.271500
1.012000 1.275000 0.271900
1.087000 1.275000 0.272200
1.163000 1.275000 0.272400
1.238000 1.275000 0.272700
1.313000 1.275000 0.272800
1.388000 1.275000 0.272900
1.463000 1.275000 0.273000
1.538000 1.275000 0.272900
1.613000 1.275000 0.272800
1.688000 1.275000 0.272600
1.763000 1.275000 0.272300
1.838000 1.275000 0.271900
1.913000 1.275000 0.271500
1.988000 1.275000 0.271000
2.063000 1.275000 0.270400
2.138000 1.275000 0.269700
2.213000 1.275000 0.269000
2.288000 1.275000 0.268200
2.363000 1.275000 0.267300
2.438000 1.275000 0.266400
2.513000 1.275000 0.265500
2.588000 1.275000 0.264500
2.663000 1.275000 0.263600
2.738000 1.275000 0.262600
2.813000 1.275000 0.261600
2.888000 1.275000 0.260700
2.963000 1.275000 0.259800
3.038000 1.275000 0.258900
3.113000 1.275000 0.258100
3.188000 1.275000 0.257300
3.263000 1.275000 0.256600
3.338000 1.275000 0.255900
3.413000 1.275000 0.255400
3.488000 1.275000 0.254900
3.563000 1.275000 0.254500
3.638000 1.275000 0.254200
3.713000 1.275000 0.254000
3.788000 1.275000 0.253900
3.863000 1.275000 0.000000
-0.037500 1.425000 0.000000
0.037500 1.425000 0.275700
0.112500 1.425000 0.275800
0.187500 1.425000 0.275900
0.262500 1.425000 0.276100
0.337500 1.425000 0.276300
0.412500 1.425000 0.276600
0.487500 1.425000 0.276900
0.562500 1.425000 0.277200
0.637500 1.425000 0.277600
0.712500 1.425000 0.278000
0.787500 1.425000 0.278300
0.862500 1.425000 0.278700
0.937500 1.425000 0.279100
1.012000 1.425000 0.279400
1.087000 1.425000 0.279800
1.163000 1.425000 0.280000
1.238000 1.425000 0.280300
1.313000 1.425000 0.280400
1.388000 1.425000 0.280500
1.463000 1.425000 0.280600
1.538000 1.425000 0.280500
1.613000 1.425000 0.280400
1.688000 1.425000 0.280200
1.763000 1.425000 0.279900
1.838000 1.425000 0.279500
1.913000 1.425000 0.279000
1.988000 1.425000 0.278500
2.063000 1.425000 0.277800
2.138000 1.425000 0.277100
2.213000 1.425000 0.276400
2.288000 1.425000 0.275500
2.363000 1.425000 0.274700
2.438000 1.425000 0.273700
2.513000 1.425000 0.272800
2.588000 1.425000 0.271800
2.663000 1.425000 0.270800
2.738000 1.425000 0.269800
2.813000 1.425000 0.268800
2.888000 1.425000 0.267800
2.963000 1.425000 0.266800
3.038000 1.425000 0.265900
3.113000 1.425000 0.265100
3.188000 1.425000 0.264300
3.263000 1.425000 0.263500
3.338000 1.425000 0.262900
3.413000 1.425000 0.262300
3.488000 1.425000 0.261800
3.563000 1.425000 0.261400
3.638000 1.425000 0.261100
3.713000 1.425000 0.260900
3.788000 1.425000 0.260800
3.863000 1.425000 0.000000
-0.037500 1.575000 0.000000
0.037500 1.575000 0.273100
0.112500 1.575000 0.273200
0.187500 1.575000 0.273300
0.262500 1.575000 0.273400
0.337500 1.575000 0.273600
0.412500 1.575000 0.273900
0.487500 1.575000 0.274200
0.562500 1.575000 0.274500
0.637500 1.575000 0.274900
0.712500 1.575000 0.275200
0.787500 1.575000 0.275600
0.862500 1.575000 0.275900
0.937500 1.575000 0.276300
1.012000 1.575000 0.276600
1.087000 1.575000 0.276900
1.163000 1.575000 0.277200
1.238000 1.575000 0.277400
1.313000 1.575000 0.277500
1.388000 1.575000 0.277600
1.463000 1.575000 0.277600
1.538000 1.575000 0.277600
1.613000 1.575000 0.277400
1.688000 1.575000 0.277200
1.763000 1.575000 0.276900
1.838000 1.575000 0.276500
1.913000 1.575000 0.276000
1.988000 1.575000 0.275500
2.063000 1.575000 0.274900
2.138000 1.575000 0.274200
2.213000 1.575000 0.273400
2.288000 1.575000 0.272600
2.363000 1.575000 0.271700
2.438000 1.575000 0.270800
2.513000 1.575000 0.269900
2.588000 1.575000 0.268900
2.663000 1.575000 0.267900
2.738000 1.575000 0.266900
2.813000 1.575000 0.265900
2.888000 1.575000 0.265000
2.963000 1.575000 0.264000
3.038000 1.575000 0.263200
3.113000 1.575000 0.262300
3.188000 1.575000 0.261500
3.263000 1.575000 0.260800
3.338000 1.575000 0.260200
3.413000 1.575000 0.259600
3.488000 1.575000 0.259100
3.563000 1.575000 0.258800
3.638000 1.575000 0.258500
3.713000 1.575000 0.258300
3.788000 1.575000 0.258200
3.863000 1.575000 0.000000
-0.037500 1.725000 0.000000
0.037500 1.725000 0.262100
0.112500 1.725000 0.262100
0.187500 1.725000 0.262200
0.262500 1.725000 0.262400
0.337500 1.725000 0.262600
0.412500 1.725000 0.262800
0.487500 1.725000 0.263000
0.562500 1.725000 0.263300
0.637500 1.725000 0.263600
0.712500 1.725000 0.263900
0.787500 1.725000 0.264300
0.862500 1.725000 0.264600
0.937500 1.725000 0.264900
1.012000 1.725000 0.265200
1.087000 1.725000 0.265400
1.163000 1.725000 0.265600
1.238000 1.725000 0.265800
1.313000 1.725000 0.265900
1.388000 1.725000 0.266000
1.463000 1.725000 0.265900
1.538000 1.725000 0.265900
1.613000 1.725000 0.265700
1.688000 1.725000 0.265500
1.763000 1.725000 0.265200
1.838000 1.725000 0.264800
1.913000 1.725000 0.264400
1.988000 1.725000 0.263800
2.063000 1.725000 0.263300
2.138000 1.725000 0.262600
2.213000 1.725000 0.261900
2.288000 1.725000 0.261100
2.363000 1.725000 0.260300
2.438000 1.725000 0.259400
2.513000 1.725000 0.258500
2.588000 1.725000 0.257600
2.663000 1.725000 0.256700
2.738000 1.725000 0.255800
2.813000 1.725000 0.254900
2.888000 1.725000 0.254000
2.963000 1.725000 0.253100
3.038000 1.725000 0.252300
3.113000 1.725000 0.251500
3.188000 1.725000 0.250800
3.263000 1.725000 0.250200
3.338000 1.725000 0.249600
3.413000 1.725000 0.249100
3.488000 1.725000 0.248600
3.563000 1.725000 0.248300
3.638000 1.725000 0.248000
3.713000 1.725000 0.247900
3.788000 1.725000 0.247800
3.863000 1.725000 0.000000
-0.037500 1.875000 0.000000
0.037500 1.875000 0.244700
0.112500 1.875000 0.244700
0.187500 1.875000 0.244800
0.262500 1.875000 0.244900
0.337500 1.875000 0.245000
0.412500 1.875000 0.245200
0.487500 1.875000 0.245400
0.562500 1.875000 0.245700
0.637500 1.875000 0.245900
0.712500 1.875000 0.246200
0.787500 1.875000 0.246400
0.862500 1.875000 0.246700
0.937500 1.875000 0.246900
1.012000 1.875000 0.247100
1.087000 1.875000 0.247300
1.163000 1.875000 0.247500
1.238000 1.875000 0.247600
1.313000 1.875000 0.247600
1.388000 1.875000 0.247700
1.463000 1.875000 0.247600
1.538000 1.875000 0.247500
1.613000 1.875000 0.247400
1.688000 1.875000 0.247100
1.763000 1.875000 0.246900
1.838000 1.875000 0.246500
1.913000 1.875000 0.246100
1.988000 1.875000 0.245600
2.063000 1.875000 0.245100
2.138000 1.875000 0.244500
2.213000 1.875000 0.243800
2.288000 1.875000 0.243100
2.363000 1.875000 0.242400
2.438000 1.875000 0.241600
2.513000 1.875000 0.240800
2.588000 1.875000 0.240000
2.663000 1.875000 0.239200
2.738000 1.875000 0.238400
2.813000 1.875000 0.237600
2.888000 1.875000 0.236800
2.963000 1.875000 0.236100
3.038000 1.875000 0.235300
3.113000 1.875000 0.234600
3.188000 1.875000 0.234000
3.263000 1.875000 0.233400
3.338000 1.875000 0.232900
3.413000 1.875000 0.232500
3.488000 1.875000 0.232100
3.563000 1.875000 0.231800
3.638000 1.875000 0.231600
3.713000 1.875000 0.231400
3.788000 1.875000 0.231300
3.863000 1.875000 0.000000
-0.037500 2.025000 0.000000
0.037500 2.025000 0.222800
0.112500 2.025000 0.222800
0.187500 2.025000 0.222900
0.262500 2.025000 0.222900
0.337500 2.025000 0.223100
0.412500 2.025000 0.223200
0.487500 2.025000 0.223300
0.562500 2.025000 0.223500
0.637500 2.025000 0.223700
0.712500 2.025000 0.223800
0.787500 2.025000 0.224000
0.862500 2.025000 0.224200
0.937500 2.025000 0.224400
1.012000 2.025000 0.224500
1.087000 2.025000 0.224600
1.163000 2.025000 0.224700
1.238000 2.025000 0.224800
1.313000 2.025000 0.224800
1.388000 2.025000 0.224800
1.463000 2.025000 0.224700
1.538000 2.025000 0.224600
1.613000 2.025000 0.224400
1.688000 2.025000 0.224200
1.763000 2.025000 0.223900
1.838000 2.025000 0.223600
1.913000 2.025000 0.223200
1.988000 2.025000 0.222800
2.063000 2.025000 0.222300
2.138000 2.025000 0.221800
2.213000 2.025000 0.221200
2.288000 2.025000 0.220600
2.363000 2.025000 0.220000
2.438000 2.025000 0.219400
2.513000 2.025000 0.218700
2.588000 2.025000 0.218000
2.663000 2.025000 0.217300
2.738000 2.025000 0.216700
2.813000 2.025000 0.216000
2.888000 2.025000 0.215300
2.963000 2.025000 0.214700
3.038000 2.025000 0.214100
3.113000 2.025000 0.213500
3.188000 2.025000 0.213000
3.263000 2.025000 0.212500
3.338000 2.025000 0.212100
3.413000 2.025000 0.211700
3.488000 2.025000 0.211400
3.563000 2.025000 0.211200
3.638000 2.025000 0.211000
3.713000 2.025000 0.210800
3.788000 2.025000 0.210800
3.863000 2.025000 0.000000
-0.037500 2.175000 0.000000
0.037500 2.175000 0.198300
0.112500 2.175000 0.198300
0.187500 2.175000 0.198400
0.262500 2.175000 0.198400
0.337500 2.175000 0.198500
0.412500 2.175000 0.198600
0.487500 2.175000 0.198600
0.562500 2.175000 0.198700
0.637500 2.175000 0.198800
0.712500 2.175000 0.198900
0.787500 2.175000 0.199000
0.862500 2.175000 0.199100
0.937500 2.175000 0.199200
1.012000 2.175000 0.199200
1.087000 2.175000 0.199300
1.163000 2.175000 0.199300
1.238000 2.175000 0.199300
1.313000 2.175000 0.199300
1.388000 2.175000 0.199200
1.463000 2.175000 0.199100
1.538000 2.175000 0.198900
1.613000 2.175000 0.198800
1.688000 2.175000 0.198600
1.763000 2.175000 0.198300
1.838000 2.175000 0.198000
1.913000 2.175000 0.197700
1.988000 2.175000 0.197300
2.063000 2.175000 0.196900
2.138000 2.175000 0.196500
2.213000 2.175000 0.196000
2.288000 2.175000 0.195600
2.363000 2.175000 0.195100
2.438000 2.175000 0.194600
2.513000 2.175000 0.194000
2.588000 2.175000 0.193500
2.663000 2.175000 0.193000
2.738000 2.175000 0.192400
2.813000 2.175000 0.191900
2.888000 2.175000 0.191400
2.963000 2.175000 0.190900
3.038000 2.175000 0.190400
3.113000 2.175000 0.190000
3.188000 2.175000 0.189600
3.263000 2.175000 0.189200
3.338000 2.175000 0.188900
3.413000 2.175000 0.188600
3.488000 2.175000 0.188400
3.563000 2.175000 0.188200
3.638000 2.175000 0.188000
3.713000 2.175000 0.187900
3.788000 2.175000 0.187900
3.863000 2.175000 0.000000
-0.037500 2.325000 0.000000
0.037500 2.325000 0.181400
0.112500 2.325000 0.181500
0.187500 2.325000 0.181500
0.262500 2.325000 0.181500
0.337500 2.325000 0.181500
0.412500 2.325000 0.181600
0.487500 2.325000 0.181600
0.562500 2.325000 0.181700
0.637500 2.325000 0.181700
0.712500 2.325000 0.181700
0.787500 2.325000 0.181800
0.862500 2.325000 0.181800
0.937500 2.325000 0.181800
1.012000 2.325000 0.181800
1.087000 2.325000 0.181800
1.163000 2.325000 0.181800
1.238000 2.325000 0.181700
1.313000 2.325000 0.181600
1.388000 2.325000 0.181500
1.463000 2.325000 0.181400
1.538000 2.325000 0.181300
1.613000 2.325000 0.181100
1.688000 2.325000 0.180900
1.763000 2.325000 0.180600
1.838000 2.325000 0.180400
1.913000 2.325000 0.180100
1.988000 2.325000 0.179800
2.063000 2.325000 0.179400
2.138000 2.325000 0.179100
2.213000 2.325000 0.178700
2.288000 2.325000 0.178300
2.363000 2.325000 0.177900
2.438000 2.325000 0.177400
2.513000 2.325000 0.177000
2.588000 2.325000 0.176600
2.663000 2.325000 0.176200
2.738000 2.325000 0.175700
2.813000 2.325000 0.175300
2.888000 2.325000 0.174900
2.963000 2.325000 0.174500
3.038000 2.325000 0.174100
3.113000 2.325000 0.173800
3.188000 2.325000 0.173500
3.263000 2.325000 0.173200
3.338000 2.325000 0.172900
3.413000 2.325000 0.172700
3.488000 2.325000 0.172500
3.563000 2.325000 0.172400
3.638000 2.325000 0.172200
3.713000 2.325000 0.172200
3.788000 2.325000 0.172100
3.863000 2.325000 0.000000
-0.037500 2.475000 0.000000
0.037500 2.475000 0.173000
0.112500 2.475000 0.173000
0.187500 2.475000 0.173000
0.262500 2.475000 0.173100
0.337500 2.475000 0.173100
0.412500 2.475000 0.173100
0.487500 2.475000 0.173100
0.562500 2.475000 0.173200
0.637500 2.475000 0.173200
0.712500 2.475000 0.173200
0.787500 2.475000 0.173200
0.862500 2.475000 0.173200
0.937500 2.475000 0.173200
1.012000 2.475000 0.173200
1.087000 2.475000 0.173200
1.163000 2.475000 0.173100
1.238000 2.475000 0.173100
1.313000 2.475000 0.173000
1.388000 2.475000 0.172900
1.463000 2.475000 0.172700
1.538000 2.475000 0.172600
1.613000 2.475000 0.172400
1.688000 2.475000 0.172200
1.763000 2.475000 0.172000
1.838000 2.475000 0.171700
1.913000 2.475000 0.171400
1.988000 2.475000 0.171100
2.063000 2.475000 0.170800
2.138000 2.475000 0.170500
2.213000 2.475000 0.170100
2.288000 2.475000 0.169800
2.363000 2.475000 0.169400
2.438000 2.475000 0.169000
2.513000 2.475000 0.168600
2.588000 2.475000 0.168200
2.663000 2.475000 0.167800
2.738000 2.475000 0.167400
2.813000 2.475000 0.167100
2.888000 2.475000 0.166700
2.963000 2.475000 0.166400
3.038000 2.475000 0.166000
3.113000 2.475000 0.165700
3.188000 2.475000 0.165400
3.263000 2.475000 0.165200
3.338000 2.475000 0.164900
3.413000 2.475000 0.164700
3.488000 2.475000 0.164600
3.563000 2.475000 0.164400
3.638000 2.475000 0.164300
3.713000 2.475000 0.164300
3.788000 2.475000 0.164200
3.863000 2.475000 0.000000
-0.037500 2.625000 0.000000
0.037500 2.625000 0.164800
0.112500 2.625000 0.164800
0.187500 2.625000 0.164800
0.262500 2.625000 0.164800
0.337500 2.625000 0.164800
0.412500 2.625000 0.164800
0.487500 2.625000 0.164800
0.562500 2.625000 0.164800
0.637500 2.625000 0.164900
0.712500 2.625000 0.164900
0.787500 2.625000 0.164900
0.862500 2.625000 0.164900
0.937500 2.625000 0.164800
1.012000 2.625000 0.164800
1.087000 2.625000 0.164800
1.163000 2.625000 0.164700
1.238000 2.625000 0.164600
1.313000 2.625000 0.164500
1.388000 2.625000 0.164400
1.463000 2.625000 0.164300
1.538000 2.625000 0.164100
1.613000 2.625000 0.164000
1.688000 2.625000 0.163800
1.763000 2.625000 0.163600
1.838000 2.625000 0.163300
1.913000 2.625000 0.163100
1.988000 2.625000 0.162800
2.063000 2.625000 0.162500
2.138000 2.625000 0.162200
2.213000 2.625000 0.161800
2.288000 2.625000 0.161500
2.363000 2.625000 0.161200
2.438000 2.625000 0.160800
2.513000 2.625000 0.160400
2.588000 2.625000 0.160100
2.663000 2.625000 0.159700
2.738000 2.625000 0.159400
2.813000 2.625000 0.159000
2.888000 2.625000 0.158700
2.963000 2.625000 0.158400
3.038000 2.625000 0.158100
3.113000 2.625000 0.157800
3.188000 2.625000 0.157500
3.263000 2.625000 0.157300
3.338000 2.625000 0.157100
3.413000 2.625000 0.156900
3.488000 2.625000 0.156700
3.563000 2.625000 0.156600
3.638000 2.625000 0.156500
3.713000 2.625000 0.156500
3.788000 2.625000 0.156400
3.863000 2.625000 0.000000
-0.037500 2.775000 0.000000
0.037500 2.775000 0.156800
0.112500 2.775000 0.156800
0.187500 2.775000 0.156800
0.262500 2.775000 0.156800
0.337500 2.775000 0.156800
0.412500 2.775000 0.156800
0.487500 2.775000 0.156800
0.562500 2.775000 0.156800
0.637500 2.775000 0.156800
0.712500 2.775000 0.156800
0.787500 2.775000 0.156800
0.862500 2.775000 0.156800
0.937500 2.775000 0.156800
1.012000 2.775000 0.156800
1.087000 2.775000 0.156700
1.163000 2.775000 0.156700
1.238000 2.775000 0.156600
1.313000 2.775000 0.156500
1.388000 2.775000 0.156400
1.463000 2.775000 0.156300
1.538000 2.775000 0.156100
1.613000 2.775000 0.155900
1.688000 2.775000 0.155700
1.763000 2.775000 0.155500
1.838000 2.775000 0.155300
1.913000 2.775000 0.155100
1.988000 2.775000 0.154800
2.063000 2.775000 0.154500
2.138000 2.775000 0.154200
2.213000 2.775000 0.153900
2.288000 2.775000 0.153600
2.363000 2.775000 0.153300
2.438000 2.775000 0.152900
2.513000 2.775000 0.152600
2.588000 2.775000 0.152300
2.663000 2.775000 0.151900
2.738000 2.775000 0.151600
2.813000 2.775000 0.151300
2.888000 2.775000 0.151000
2.963000 2.775000 0.150700
3.038000 2.775000 0.150400
3.113000 2.775000 0.150100
3.188000 2.775000 0.149900
3.263000 2.775000 0.149700
3.338000 2.775000 0.149500
3.413000 2.775000 0.149300
3.488000 2.775000 0.149200
3.563000 2.775000 0.149000
3.638000 2.775000 0.149000
3.713000 2.775000 0.148900
3.788000 2.775000 0.148900
3.863000 2.775000 0.000000
-0.037500 2.925000 0.000000
0.037500 2.925000 0.141600
0.112500 2.925000 0.141600
0.187500 2.925000 0.141600
0.262500 2.925000 0.141600
0.337500 2.925000 0.141600
0.412500 2.925000 0.141600
0.487500 2.925000 0.141600
0.562500 2.925000 0.141600
0.637500 2.925000 0.141600
0.712500 2.925000 0.141600
0.787500 2.925000 0.141600
0.862500 2.925000 0.141600
0.937500 2.925000 0.141600
1.012000 2.925000 0.141600
1.087000 2.925000 0.141500
1.163000 2.925000 0.141500
1.238000 2.925000 0.141400
1.313000 2.925000 0.141300
1.388000 2.925000 0.141200
1.463000 2.925000 0.141100
1.538000 2.925000 0.141000
1.613000 2.925000 0.140800
1.688000 2.925000 0.140600
1.763000 2.925000 0.140400
1.838000 2.925000 0.140200
1.913000 2.925000 0.140000
1.988000 2.925000 0.139800
2.063000 2.925000 0.139500
2.138000 2.925000 0.139200
2.213000 2.925000 0.139000
2.288000 2.925000 0.138700
2.363000 2.925000 0.138400
2.438000 2.925000 0.138100
2.513000 2.925000 0.137800
2.588000 2.925000 0.137500
2.663000 2.925000 0.137200
2.738000 2.925000 0.136900
2.813000 2.925000 0.136600
2.888000 2.925000 0.136300
2.963000 2.925000 0.136000
3.038000 2.925000 0.135800
3.113000 2.925000 0.135500
3.188000 2.925000 0.135300
3.263000 2.925000 0.135100
3.338000 2.925000 0.134900
3.413000 2.925000 0.134800
3.488000 2.925000 0.134600
3.563000 2.925000 0.134500
3.638000 2.925000 0.134500
3.713000 2.925000 0.134400
3.788000 2.925000 0.134400
3.863000 2.925000 0.000000
-0.037500 3.075000 0.000000
0.037500 3.075000 0.120300
0.112500 3.075000 0.120300
0.187500 3.075000 0.120300
0.262500 3.075000 0.120300
0.337500 3.075000 0.120300
0.412500 3.075000 0.120400
0.487500 3.075000 0.120400
0.562500 3.075000 0.120400
0.637500 3.075000 0.120400
0.712500 3.075000 0.120400
0.787500 3.075000 0.120400
0.862500 3.075000 0.120400
0.937500 3.075000 0.120300
1.012000 3.075000 0.120300
1.087000 3.075000 0.120300
1.163000 3.075000 0.120200
1.238000 3.075000 0.120200
1.313000 3.075000 0.120100
1.388000 3.075000 0.120000
1.463000 3.075000 0.119900
1.538000 3.075000 0.119800
1.613000 3.075000 0.119600
1.688000 3.075000 0.119500
1.763000 3.075000 0.119300
1.838000 3.075000 0.119200
1.913000 3.075000 0.119000
1.988000 3.075000 0.118800
2.063000 3.075000 0.118500
2.138000 3.075000 0.118300
2.213000 3.075000 0.118100
2.288000 3.075000 0.117800
2.363000 3.075000 0.117600
2.438000 3.075000 0.117300
2.513000 3.075000 0.117100
2.588000 3.075000 0.116800
2.663000 3.075000 0.116500
2.738000 3.075000 0.116300
2.813000 3.075000 0.116000
2.888000 3.075000 0.115800
2.963000 3.075000 0.115600
3.038000 3.075000 0.115300
3.113000 3.075000 0.115100
3.188000 3.075000 0.114900
3.263000 3.075000 0.114800
3.338000 3.075000 0.114600
3.413000 3.075000 0.114500
3.488000 3.075000 0.114400
3.563000 3.075000 0.114300
3.638000 3.075000 0.114200
3.713000 3.075000 0.114200
3.788000 3.075000 0.114200
3.863000 3.075000 0.000000
-0.037500 3.225000 0.000000
0.037500 3.225000 0.101000
0.112500 3.225000 0.101000
0.187500 3.225000 0.101000
0.262500 3.225000 0.101000
0.337500 3.225000 0.101100
0.412500 3.225000 0.101100
0.487500 3.225000 0.101100
0.562500 3.225000 0.101100
0.637500 3.225000 0.101100
0.712500 3.225000 0.101100
0.787500 3.225000 0.101100
0.862500 3.225000 0.101000
0.937500 3.225000 0.101000
1.012000 3.225000 0.101000
1.087000 3.225000 0.101000
1.163000 3.225000 0.100900
1.238000 3.225000 0.100900
1.313000 3.225000 0.100800
1.388000 3.225000 0.100700
1.463000 3.225000 0.100600
1.538000 3.225000 0.100500
1.613000 3.225000 0.100400
1.688000 3.225000 0.100300
1.763000 3.225000 0.100200
1.838000 3.225000 0.100000
1.913000 3.225000 0.099860
1.988000 3.225000 0.099680
2.063000 3.225000 0.099500
2.138000 3.225000 0.099310
2.213000 3.225000 0.099100
2.288000 3.225000 0.098900
2.363000 3.225000 0.098680
2.438000 3.225000 0.098470
2.513000 3.225000 0.098250
2.588000 3.225000 0.098030
2.663000 3.225000 0.097810
2.738000 3.225000 0.097600
2.813000 3.225000 0.097390
2.888000 3.225000 0.097180
2.963000 3.225000 0.096990
3.038000 3.225000 0.096810
3.113000 3.225000 0.096640
3.188000 3.225000 0.096480
3.263000 3.225000 0.096330
3.338000 3.225000 0.096200
3.413000 3.225000 0.096090
3.488000 3.225000 0.096000
3.563000 3.225000 0.095920
3.638000 3.225000 0.095860
3.713000 3.225000 0.095820
3.788000 3.225000 0.095810
3.863000 3.225000 0.000000
-0.037500 3.375000 0.000000
0.037500 3.375000 0.083880
0.112500 3.375000 0.083880
0.187500 3.375000 0.083890
0.262500 3.375000 0.083890
0.337500 3.375000 0.083890
0.412500 3.375000 0.083900
0.487500 3.375000 0.083900
0.562500 3.375000 0.083900
0.637500 3.375000 0.083900
0.712500 3.375000 0.083900
0.787500 3.375000 0.083890
0.862500 3.375000 0.083880
0.937500 3.375000 0.083860
1.012000 3.375000 0.083840
1.087000 3.375000 0.083810
1.163000 3.375000 0.083770
1.238000 3.375000 0.083730
1.313000 3.375000 0.083670
1.388000 3.375000 0.083610
1.463000 3.375000 0.083540
1.538000 3.375000 0.083450
1.613000 3.375000 0.083360
1.688000 3.375000 0.083250
1.763000 3.375000 0.083130
1.838000 3.375000 0.083010
1.913000 3.375000 0.082870
1.988000 3.375000 0.082730
2.063000 3.375000 0.082570
2.138000 3.375000 0.082410
2.213000 3.375000 0.082250
2.288000 3.375000 0.082070
2.363000 3.375000 0.081900
2.438000 3.375000 0.081720
2.513000 3.375000 0.081540
2.588000 3.375000 0.081350
2.663000 3.375000 0.081170
2.738000 3.375000 0.081000
2.813000 3.375000 0.080820
2.888000 3.375000 0.080660
2.963000 3.375000 0.080500
3.038000 3.375000 0.080340
3.113000 3.375000 0.080200
3.188000 3.375000 0.080070
3.263000 3.375000 0.079950
3.338000 3.375000 0.079840
3.413000 3.375000 0.079750
3.488000 3.375000 0.079670
3.563000 3.375000 0.079600
3.638000 3.375000 0.079550
3.713000 3.375000 0.079520
3.788000 3.375000 0.079510
3.863000 3.375000 0.000000
-0.037500 3.525000 0.000000
0.037500 3.525000 0.068910
0.112500 3.525000 0.068910
0.187500 3.525000 0.068910
0.262500 3.525000 0.068920
0.337500 3.525000 0.068920
0.412500 3.525000 0.068920
0.487500 3.525000 0.068920
0.562500 3.525000 0.068920
0.637500 3.525000 0.068920
0.712500 3.525000 0.068920
0.787500 3.525000 0.068910
0.862500 3.525000 0.068900
0.937500 3.525000 0.068880
1.012000 3.525000 0.068860
1.087000 3.525000 0.068840
1.163000 3.525000 0.068810
1.238000 3.525000 0.068770
1.313000 3.525000 0.068720
1.388000 3.525000 0.068670
1.463000 3.525000 0.068610
1.538000 3.525000 0.068530
1.613000 3.525000 0.068460
1.688000 3.525000 0.068370
1.763000 3.525000 0.068270
1.838000 3.525000 0.068170
1.913000 3.525000 0.068060
1.988000 3.525000 0.067940
2.063000 3.525000 0.067810
2.138000 3.525000 0.067680
2.213000 3.525000 0.067540
2.288000 3.525000 0.067400
2.363000 3.525000 0.067260
2.438000 3.525000 0.067110
2.513000 3.525000 0.066960
2.588000 3.525000 0.066810
2.663000 3.525000 0.066660
2.738000 3.525000 0.066520
2.813000 3.525000 0.066380
2.888000 3.525000 0.066240
2.963000 3.525000 0.066110
3.038000 3.525000 0.065980
3.113000 3.525000 0.065870
3.188000 3.525000 0.065760
3.263000 3.525000 0.065660
3.338000 3.525000 0.065570
3.413000 3.525000 0.065490
3.488000 3.525000 0.065430
3.563000 3.525000 0.065370
3.638000 3.525000 0.065330
3.713000 3.525000 0.065300
3.788000 3.525000 0.065290
3.863000 3.525000 0.000000
-0.037500 3.675000 0.000000
0.037500 3.675000 0.056070
0.112500 3.675000 0.056070
0.187500 3.675000 0.056070
0.262500 3.675000 0.056070
0.337500 3.675000 0.056070
0.412500 3.675000 0.056070
0.487500 3.675000 0.056070
0.562500 3.675000 0.056070
0.637500 3.675000 0.056070
0.712500 3.675000 0.056070
0.787500 3.675000 0.056060
0.862500 3.675000 0.056050
0.937500 3.675000 0.056040
1.012000 3.675000 0.056020
1.087000 3.675000 0.056000
1.163000 3.675000 0.055970
1.238000 3.675000 0.055940
1.313000 3.675000 0.055900
1.388000 3.675000 0.055850
1.463000 3.675000 0.055800
1.538000 3.675000 0.055740
1.613000 3.675000 0.055680
1.688000 3.675000 0.055610
1.763000 3.675000 0.055530
1.838000 3.675000 0.055440
1.913000 3.675000 0.055350
1.988000 3.675000 0.055250
2.063000 3.675000 0.055150
2.138000 3.675000 0.055050
2.213000 3.675000 0.054930
2.288000 3.675000 0.054820
2.363000 3.675000 0.054700
2.438000 3.675000 0.054580
2.513000 3.675000 0.054460
2.588000 3.675000 0.054340
2.663000 3.675000 0.054220
2.738000 3.675000 0.054100
2.813000 3.675000 0.053990
2.888000 3.675000 0.053880
2.963000 3.675000 0.053770
3.038000 3.675000 0.053670
3.113000 3.675000 0.053580
3.188000 3.675000 0.053490
3.263000 3.675000 0.053410
3.338000 3.675000 0.053340
3.413000 3.675000 0.053270
3.488000 3.675000 0.053220
3.563000 3.675000 0.053180
3.638000 3.675000 0.053140
3.713000 3.675000 0.053120
3.788000 3.675000 0.053110
3.863000 3.675000 0.000000
-0.037500 3.825000 0.000000
0.037500 3.825000 0.045230
0.112500 3.825000 0.045230
0.187500 3.825000 0.045230
0.262500 3.825000 0.045230
0.337500 3.825000 0.045230
0.412500 3.825000 0.045230
0.487500 3.825000 0.045230
0.562500 3.825000 0.045230
0.637500 3.825000 0.045230
0.712500 3.825000 0.045220
0.787500 3.825000 0.045220
0.862500 3.825000 0.045210
0.937500 3.825000 0.045200
1.012000 3.825000 0.045180
1.087000 3.825000 0.045160
1.163000 3.825000 0.045140
1.238000 3.825000 0.045110
1.313000 3.825000 0.045080
1.388000 3.825000 0.045040
1.463000 3.825000 0.045000
1.538000 3.825000 0.044950
1.613000 3.825000 0.044900
1.688000 3.825000 0.044840
1.763000 3.825000 0.044780
1.838000 3.825000 0.044710
1.913000 3.825000 0.044640
1.988000 3.825000 0.044560
2.063000 3.825000 0.044470
2.138000 3.825000 0.044390
2.213000 3.825000 0.044300
2.288000 3.825000 0.044210
2.363000 3.825000 0.044110
2.438000 3.825000 0.044020
2.513000 3.825000 0.043920
2.588000 3.825000 0.043820
2.663000 3.825000 0.043730
2.738000 3.825000 0.043630
2.813000 3.825000 0.043540
2.888000 3.825000 0.043450
2.963000 3.825000 0.043370
3.038000 3.825000 0.043290
3.113000 3.825000 0.043210
3.188000 3.825000 0.043140
3.263000 3.825000 0.043080
3.338000 3.825000 0.043020
3.413000 3.825000 0.042970
3.488000 3.825000 0.042920
3.563000 3.825000 0.042890
3.638000 3.825000 0.042860
3.713000 3.825000 0.042840
3.788000 3.825000 0.042830
3.863000 3.825000 0.000000
-0.037500 3.975000 0.000000
0.037500 3.975000 0.036240
0.112500 3.975000 0.036240
0.187500 3.975000 0.036240
0.262500 3.975000 0.036240
0.337500 3.975000 0.036230
0.412500 3.975000 0.036230
0.487500 3.975000 0.036230
0.562500 3.975000 0.036230
0.637500 3.975000 0.036230
0.712500 3.975000 0.036220
0.787500 3.975000 0.036220
0.862500 3.975000 0.036210
0.937500 3.975000 0.036200
1.012000 3.975000 0.036180
1.087000 3.975000 0.036170
1.163000 3.975000 0.036150
1.238000 3.975000 0.036130
1.313000 3.975000 0.036100
1.388000 3.975000 0.036070
1.463000 3.975000 0.036040
1.538000 3.975000 0.036000
1.613000 3.975000 0.035950
1.688000 3.975000 0.035910
1.763000 3.975000 0.035860
1.838000 3.975000 0.035800
1.913000 3.975000 0.035740
1.988000 3.975000 0.035680
2.063000 3.975000 0.035610
2.138000 3.975000 0.035540
2.213000 3.975000 0.035470
2.288000 3.975000 0.035400
2.363000 3.975000 0.035320
2.438000 3.975000 0.035250
2.513000 3.975000 0.035170
2.588000 3.975000 0.035090
2.663000 3.975000 0.035020
2.738000 3.975000 0.034940
2.813000 3.975000 0.034870
2.888000 3.975000 0.034800
2.963000 3.975000 0.034730
3.038000 3.975000 0.034670
3.113000 3.975000 0.034610
3.188000 3.975000 0.034550
3.263000 3.975000 0.034500
3.338000 3.975000 0.034450
3.413000 3.975000 0.034410
3.488000 3.975000 0.034380
3.563000 3.975000 0.034350
3.638000 3.975000 0.034330
3.713000 3.975000 0.034310
3.788000 3.975000 0.034300
3.863000 3.975000 0.000000
-0.037500 4.125000 0.000000
0.037500 4.125000 0.028890
0.112500 4.125000 0.028890
0.187500 4.125000 0.028890
0.262500 4.125000 0.028890
0.337500 4.125000 0.028890
0.412500 4.125000 0.028890
0.487500 4.125000 0.028880
0.562500 4.125000 0.028880
0.637500 4.125000 0.028880
0.712500 4.125000 0.028870
0.787500 4.125000 0.028870
0.862500 4.125000 0.028860
0.937500 4.125000 0.028850
1.012000 4.125000 0.028840
1.087000 4.125000 0.028830
1.163000 4.125000 0.028810
1.238000 4.125000 0.028790
1.313000 4.125000 0.028770
1.388000 4.125000 0.028750
1.463000 4.125000 0.028720
1.538000 4.125000 0.028690
1.613000 4.125000 0.028650
1.688000 4.125000 0.028610
1.763000 4.125000 0.028570
1.838000 4.125000 0.028530
1.913000 4.125000 0.028480
1.988000 4.125000 0.028430
2.063000 4.125000 0.028380
2.138000 4.125000 0.028330
2.213000 4.125000 0.028270
2.288000 4.125000 0.028210
2.363000 4.125000 0.028150
2.438000 4.125000 0.028090
2.513000 4.125000 0.028030
2.588000 4.125000 0.027970
2.663000 4.125000 0.027910
2.738000 4.125000 0.027850
2.813000 4.125000 0.027790
2.888000 4.125000 0.027740
2.963000 4.125000 0.027680
3.038000 4.125000 0.027630
3.113000 4.125000 0.027590
3.188000 4.125000 0.027540
3.263000 4.125000 0.027500
3.338000 4.125000 0.027460
3.413000 4.125000 0.027430
3.488000 4.125000 0.027400
3.563000 4.125000 0.027380
3.638000 4.125000 0.027360
3.713000 4.125000 0.027350
3.788000 4.125000 0.027340
3.863000 4.125000 0.000000
-0.037500 4.275000 0.000000
0.037500 4.275000 0.023000
0.112500 4.275000 0.023000
0.187500 4.275000 0.023000
0.262500 4.275000 0.023000
0.337500 4.275000 0.023000
0.412500 4.275000 0.023000
0.487500 4.275000 0.023000
0.562500 4.275000 0.023000
0.637500 4.275000 0.022990
0.712500 4.275000 0.022990
0.787500 4.275000 0.022980
0.862500 4.275000 0.022980
0.937500 4.275000 0.022970
1.012000 4.275000 0.022960
1.087000 4.275000 0.022950
1.163000 4.275000 0.022930
1.238000 4.275000 0.022920
1.313000 4.275000 0.022900
1.388000 4.275000 0.022880
1.463000 4.275000 0.022860
1.538000 4.275000 0.022830
1.613000 4.275000 0.022810
1.688000 4.275000 0.022780
1.763000 4.275000 0.022740
1.838000 4.275000 0.022710
1.913000 4.275000 0.022670
1.988000 4.275000 0.022630
2.063000 4.275000 0.022590
2.138000 4.275000 0.022550
2.213000 4.275000 0.022500
2.288000 4.275000 0.022460
2.363000 4.275000 0.022410
2.438000 4.275000 0.022360
2.513000 4.275000 0.022310
2.588000 4.275000 0.022270
2.663000 4.275000 0.022220
2.738000 4.275000 0.022170
2.813000 4.275000 0.022130
2.888000 4.275000 0.022080
2.963000 4.275000 0.022040
3.038000 4.275000 0.022000
3.113000 4.275000 0.021960
3.188000 4.275000 0.021930
3.263000 4.275000 0.021900
3.338000 4.275000 0.021870
3.413000 4.275000 0.021840
3.488000 4.275000 0.021820
3.563000 4.275000 0.021800
3.638000 4.275000 0.021790
3.713000 4.275000 0.021770
3.788000 4.275000 0.021770
3.863000 4.275000 0.000000
-0.037500 4.425000 0.000000
0.037500 4.425000 0.018400
0.112500 4.425000 0.018400
0.187500 4.425000 0.018400
0.262500 4.425000 0.018400
0.337500 4.425000 0.018400
0.412500 4.425000 0.018400
0.487500 4.425000 0.018400
0.562500 4.425000 0.018390
0.637500 4.425000 0.018390
0.712500 4.425000 0.018390
0.787500 4.425000 0.018380
0.862500 4.425000 0.018380
0.937500 4.425000 0.018370
1.012000 4.425000 0.018360
1.087000 4.425000 0.018350
1.163000 4.425000 0.018340
1.238000 4.425000 0.018330
1.313000 4.425000 0.018310
1.388000 4.425000 0.018300
1.463000 4.425000 0.018280
1.538000 4.425000 0.018260
1.613000 4.425000 0.018240
1.688000 4.425000 0.018210
1.763000 4.425000 0.018180
1.838000 4.425000 0.018160
1.913000 4.425000 0.018130
1.988000 4.425000 0.018100
2.063000 4.425000 0.018060
2.138000 4.425000 0.018030
2.213000 4.425000 0.017990
2.288000 4.425000 0.017960
2.363000 4.425000 0.017920
2.438000 4.425000 0.017880
2.513000 4.425000 0.017840
2.588000 4.425000 0.017810
2.663000 4.425000 0.017770
2.738000 4.425000 0.017730
2.813000 4.425000 0.017700
2.888000 4.425000 0.017660
2.963000 4.425000 0.017630
3.038000 4.425000 0.017600
3.113000 4.425000 0.017570
3.188000 4.425000 0.017540
3.263000 4.425000 0.017510
3.338000 4.425000 0.017490
3.413000 4.425000 0.017470
3.488000 4.425000 0.017450
3.563000 4.425000 0.017440
3.638000 4.425000 0.017430
3.713000 4.425000 0.017420
3.788000 4.425000 0.017410
3.863000 4.425000 0.000000
-0.037500 4.575000 0.000000
0.037500 4.575000 0.014920
0.112500 4.575000 0.014920
0.187500 4.575000 0.014920
0.262500 4.575000 0.014920
0.337500 4.575000 0.014920
0.412500 4.575000 0.014920
0.487500 4.575000 0.014920
0.562500 4.575000 0.014910
0.637500 4.575000 0.014910
0.712500 4.575000 0.014910
0.787500 4.575000 0.014900
0.862500 4.575000 0.014900
0.937500 4.575000 0.014890
1.012000 4.575000 0.014890
1.087000 4.575000 0.014880
1.163000 4.575000 0.014870
1.238000 4.575000 0.014860
1.313000 4.575000 0.014840
1.388000 4.575000 0.014830
1.463000 4.575000 0.014820
1.538000 4.575000 0.014800
1.613000 4.575000 0.014780
1.688000 4.575000 0.014760
1.763000 4.575000 0.014740
1.838000 4.575000 0.014720
1.913000 4.575000 0.014690
1.988000 4.575000 0.014670
2.063000 4.575000 0.014640
2.138000 4.575000 0.014610
2.213000 4.575000 0.014580
2.288000 4.575000 0.014560
2.363000 4.575000 0.014530
2.438000 4.575000 0.014500
2.513000 4.575000 0.014470
2.588000 4.575000 0.014430
2.663000 4.575000 0.014400
2.738000 4.575000 0.014380
2.813000 4.575000 0.014350
2.888000 4.575000 0.014320
2.963000 4.575000 0.014290
3.038000 4.575000 0.014270
3.113000 4.575000 0.014240
3.188000 4.575000 0.014220
3.263000 4.575000 0.014200
3.338000 4.575000 0.014180
3.413000 4.575000 0.014170
3.488000 4.575000 0.014150
3.563000 4.575000 0.014140
3.638000 4.575000 0.014130
3.713000 4.575000 0.014120
3.788000 4.575000 0.014120
3.863000 4.575000 0.000000
-0.037500 4.725000 0.000000
0.037500 4.725000 0.012430
0.112500 4.725000 0.012430
0.187500 4.725000 0.012430
0.262500 4.725000 0.012430
0.337500 4.725000 0.012430
0.412500 4.725000 0.012430
0.487500 4.725000 0.012420
0.562500 4.725000 0.012420
0.637500 4.725000 0.012420
0.712500 4.725000 0.012420
0.787500 4.725000 0.012410
0.862500 4.725000 0.012410
0.937500 4.725000 0.012400
1.012000 4.725000 0.012400
1.087000 4.725000 0.012390
1.163000 4.725000 0.012380
1.238000 4.725000 0.012370
1.313000 4.725000 0.012360
1.388000 4.725000 0.012350
1.463000 4.725000 0.012340
1.538000 4.725000 0.012320
1.613000 4.725000 0.012310
1.688000 4.725000 0.012290
1.763000 4.725000 0.012270
1.838000 4.725000 0.012260
1.913000 4.725000 0.012230
1.988000 4.725000 0.012210
2.063000 4.725000 0.012190
2.138000 4.725000 0.012170
2.213000 4.725000 0.012150
2.288000 4.725000 0.012120
2.363000 4.725000 0.012100
2.438000 4.725000 0.012070
2.513000 4.725000 0.012050
2.588000 4.725000 0.012020
2.663000 4.725000 0.012000
2.738000 4.725000 0.011970
2.813000 4.725000 0.011950
2.888000 4.725000 0.011930
2.963000 4.725000 0.011910
3.038000 4.725000 0.011880
3.113000 4.725000 0.011860
3.188000 4.725000 0.011850
3.263000 4.725000 0.011830
3.338000 4.725000 0.011810
3.413000 4.725000 0.011800
3.488000 4.725000 0.011790
3.563000 4.725000 0.011780
3.638000 4.725000 0.011770
3.713000 4.725000 0.011760
3.788000 4.725000 0.011760
3.863000 4.725000 0.000000
-0.037500 4.875000 0.000000
0.037500 4.875000 0.010830
0.112500 4.875000 0.010830
0.187500 4.875000 0.010830
0.262500 4.875000 0.010820
0.337500 4.875000 0.010820
0.412500 4.875000 0.010820
0.487500 4.875000 0.010820
0.562500 4.875000 0.010820
0.637500 4.875000 0.010810
0.712500 4.875000 0.010810
0.787500 4.875000 0.010810
0.862500 4.875000 0.010800
0.937500 4.875000 0.010800
1.012000 4.875000 0.010790
1.087000 4.875000 0.010790
1.163000 4.875000 0.010780
1.238000 4.875000 0.010770
1.313000 4.875000 0.010760
1.388000 4.875000 0.010750
1.463000 4.875000 0.010740
1.538000 4.875000 0.010730
1.613000 4.875000 0.010710
1.688000 4.875000 0.010700
1.763000 4.875000 0.010680
1.838000 4.875000 0.010670
1.913000 4.875000 0.010650
1.988000 4.875000 0.010630
2.063000 4.875000 0.010610
2.138000 4.875000 0.010590
2.213000 4.875000 0.010570
2.288000 4.875000 0.010550
2.363000 4.875000 0.010530
2.438000 4.875000 0.010510
2.513000 4.875000 0.010490
2.588000 4.875000 0.010470
2.663000 4.875000 0.010450
2.738000 4.875000 0.010420
2.813000 4.875000 0.010400
2.888000 4.875000 0.010380
2.963000 4.875000 0.010370
3.038000 4.875000 0.010350
3.113000 4.875000 0.010330
3.188000 4.875000 0.010310
3.263000 4.875000 0.010300
3.338000 4.875000 0.010290
3.413000 4.875000 0.010280
3.488000 4.875000 0.010270
3.563000 4.875000 0.010260
3.638000 4.875000 0.010250
3.713000 4.875000 0.010240
3.788000 4.875000 0.010240
3.863000 4.875000 0.000000
-0.037500 5.025000 0.000000
0.037500 5.025000 0.010050
0.112500 5.025000 0.010040
0.187500 5.025000 0.010040
0.262500 5.025000 0.010040
0.337500 5.025000 0.010040
0.412500 5.025000 0.010040
0.487500 5.025000 0.010040
0.562500 5.025000 0.010040
0.637500 5.025000 0.010040
0.712500 5.025000 0.010030
0.787500 5.025000 0.010030
0.862500 5.025000 0.010030
0.937500 5.025000 0.010020
1.012000 5.025000 0.010020
1.087000 5.025000 0.010010
1.163000 5.025000 0.010000
1.238000 5.025000 0.009995
1.313000 5.025000 0.009986
1.388000 5.025000 0.009976
1.463000 5.025000 0.009966
1.538000 5.025000 0.009954
1.613000 5.025000 0.009942
1.688000 5.025000 0.009928
1.763000 5.025000 0.009914
1.838000 5.025000 0.009899
1.913000 5.025000 0.009882
1.988000 5.025000 0.009865
2.063000 5.025000 0.009848
2.138000 5.025000 0.009829
2.213000 5.025000 0.009811
2.288000 5.025000 0.009791
2.363000 5.025000 0.009772
2.438000 5.025000 0.009752
2.513000 5.025000 0.009732
2.588000 5.025000 0.009712
2.663000 5.025000 0.009693
2.738000 5.025000 0.009674
2.813000 5.025000 0.009655
2.888000 5.025000 0.009637
2.963000 5.025000 0.009619
3.038000 5.025000 0.009603
3.113000 5.025000 0.009587
3.188000 5.025000 0.009573
3.263000 5.025000 0.009559
3.338000 5.025000 0.009547
3.413000 5.025000 0.009536
3.488000 5.025000 0.009526
3.563000 5.025000 0.009518
3.638000 5.025000 0.009511
3.713000 5.025000 0.009506
3.788000 5.025000 0.009505
3.863000 5.025000 0.000000
-0.037500 5.175000 0.000000
0.037500 5.175000 0.000000
0.112500 5.175000 0.000000
0.187500 5.175000 0.000000
0.262500 5.175000 0.000000
0.337500 5.175000 0.000000
0.412500 5.175000 0.000000
0.487500 5.175000 0.000000
0.562500 5.175000 0.000000
0.637500 5.175000 0.000000
0.712500 5.175000 0.000000
0.787500 5.175000 0.000000
0.862500 5.175000 0.000000
0.937500 5.175000 0.000000
1.012000 5.175000 0.000000
1.087000 5.175000 0.000000
1.163000 5.175000 0.000000
1.238000 5.175000 0.000000
1.313000 5.175000 0.000000
1.388000 5.175000 0.000000
1.463000 5.175000 0.000000
1.538000 5.175000 0.000000
1.613000 5.175000 0.000000
1.688000 5.175000 0.000000
1.763000 5.175000 0.000000
1.838000 5.175000 0.000000
1.913000 5.175000 0.000000
1.988000 5.175000 0.000000
2.063000 5.175000 0.000000
2.138000 5.175000 0.000000
2.213000 5.175000 0.000000
2.288000 5.175000 0.000000
2.363000 5.175000 0.000000
2.438000 5.175000 0.000000
2.513000 5.175000 0.000000
2.588000 5.175000 0.000000
2.663000 5.175000 0.000000
2.738000 5.175000 0.000000
2.813000 5.175000 0.000000
2.888000 5.175000 0.000000
2.963000 5.175000 0.000000
3.038000 5.175000 0.000000
3.113000 5.175000 0.000000
3.188000 5.175000 0.000000
3.263000 5.175000 0.000000
3.338000 5.175000 0.000000
3.413000 5.175000 0.000000
3.488000 5.175000 0.000000
3.563000 5.175000 0.000000
3.638000 5.175000 0.000000
3.713000 5.175000 0.000000
3.788000 5.175000 0.000000
3.863000 5.175000 0.000000
