-0.037500 -0.075000 0.000000
0.037500 -0.075000 0.000000
0.112500 -0.075000 0.000000
0.187500 -0.075000 0.000000
0.262500 -0.075000 0.000000
0.337500 -0.075000 0.000000
0.412500 -0.075000 0.000000
0.487500 -0.075000 0.000000
0.562500 -0.075000 0.000000
0.637500 -0.075000 0.000000
0.712500 -0.075000 0.000000
0.787500 -0.075000 0.000000
0.862500 -0.075000 0.000000
0.937500 -0.075000 0.000000
1.012000 -0.075000 0.000000
1.087000 -0.075000 0.000000
1.163000 -0.075000 0.000000
1.238000 -0.075000 0.000000
1.313000 -0.075000 0.000000
1.388000 -0.075000 0.000000
1.463000 -0.075000 0.000000
1.538000 -0.075000 0.000000
1.613000 -0.075000 0.000000
1.688000 -0.075000 0.000000
1.763000 -0.075000 0.000000
1.838000 -0.075000 0.000000
1.913000 -0.075000 0.000000
1.988000 -0.075000 0.000000
2.063000 -0.075000 0.000000
2.138000 -0.075000 0.000000
2.213000 -0.075000 0.000000
2.288000 -0.075000 0.000000
2.363000 -0.075000 0.000000
2.438000 -0.075000 0.000000
2.513000 -0.075000 0.000000
2.588000 -0.075000 0.000000
2.663000 -0.075000 0.000000
2.738000 -0.075000 0.000000
2.813000 -0.075000 0.000000
2.888000 -0.075000 0.000000
2.963000 -0.075000 0.000000
3.038000 -0.075000 0.000000
3.113000 -0.075000 0.000000
3.188000 -0.075000 0.000000
3.263000 -0.075000 0.000000
3.338000 -0.075000 0.000000
3.413000 -0.075000 0.000000
3.488000 -0.075000 0.000000
3.563000 -0.075000 0.000000
3.638000 -0.075000 0.000000
3.713000 -0.075000 0.000000
3.788000 -0.075000 0.000000
3.863000 -0.075000 0.000000
-0.037500 0.075000 0.000000
0.037500 0.075000 0.080990
0.112500 0.075000 0.162000
0.187500 0.075000 0.243000
0.262500 0.075000 0.323900
0.337500 0.075000 0.404900
0.412500 0.075000 0.485800
0.487500 0.075000 0.566500
0.562500 0.075000 0.647100
0.637500 0.075000 0.727500
0.712500 0.075000 0.807400
0.787500 0.075000 0.886800
0.862500 0.075000 0.965300
0.937500 0.075000 1.043000
1.012000 0.075000 1.119000
1.087000 0.075000 1.193000
1.163000 0.075000 1.266000
1.238000 0.075000 1.335000
1.313000 0.075000 1.401000
1.388000 0.075000 1.462000
1.463000 0.075000 1.518000
1.538000 0.075000 1.568000
1.613000 0.075000 1.612000
1.688000 0.075000 1.647000
1.763000 0.075000 1.674000
1.838000 0.075000 1.692000
1.913000 0.075000 1.701000
1.988000 0.075000 1.700000
2.063000 0.075000 1.690000
2.138000 0.075000 1.672000
2.213000 0.075000 1.647000
2.288000 0.075000 1.615000
2.363000 0.075000 1.578000
2.438000 0.075000 1.536000
2.513000 0.075000 1.492000
2.588000 0.075000 1.445000
2.663000 0.075000 1.398000
2.738000 0.075000 1.349000
2.813000 0.075000 1.301000
2.888000 0.075000 1.254000
2.963000 0.075000 1.208000
3.038000 0.075000 1.162000
3.113000 0.075000 1.119000
3.188000 0.075000 1.077000
3.263000 0.075000 1.036000
3.338000 0.075000 0.997000
3.413000 0.075000 0.959700
3.488000 0.075000 0.924100
3.563000 0.075000 0.890000
3.638000 0.075000 0.857600
3.713000 0.075000 0.826600
3.788000 0.075000 0.797100
3.863000 0.075000 0.000000
-0.037500 0.225000 0.000000
0.037500 0.225000 0.080990
0.112500 0.225000 0.162000
0.187500 0.225000 0.243000
0.262500 0.225000 0.323900
0.337500 0.225000 0.404900
0.412500 0.225000 0.485800
0.487500 0.225000 0.566500
0.562500 0.225000 0.647100
0.637500 0.225000 0.727500
0.712500 0.225000 0.807400
0.787500 0.225000 0.886800
0.862500 0.225000 0.965300
0.937500 0.225000 1.043000
1.012000 0.225000 1.119000
1.087000 0.225000 1.193000
1.163000 0.225000 1.266000
1.238000 0.225000 1.335000
1.313000 0.225000 1.401000
1.388000 0.225000 1.462000
1.463000 0.225000 1.518000
1.538000 0.225000 1.568000
1.613000 0.225000 1.612000
1.688000 0.225000 1.647000
1.763000 0.225000 1.674000
1.838000 0.225000 1.692000
1.913000 0.225000 1.701000
1.988000 0.225000 1.700000
2.063000 0.225000 1.690000
2.138000 0.225000 1.672000
2.213000 0.225000 1.647000
2.288000 0.225000 1.615000
2.363000 0.225000 1.578000
2.438000 0.225000 1.536000
2.513000 0.225000 1.492000
2.588000 0.225000 1.445000
2.663000 0.225000 1.398000
2.738000 0.225000 1.349000
2.813000 0.225000 1.301000
2.888000 0.225000 1.254000
2.963000 0.225000 1.208000
3.038000 0.225000 1.162000
3.113000 0.225000 1.119000
3.188000 0.225000 1.077000
3.263000 0.225000 1.036000
3.338000 0.225000 0.997000
3.413000 0.225000 0.959700
3.488000 0.225000 0.924100
3.563000 0.225000 0.890000
3.638000 0.225000 0.857600
3.713000 0.225000 0.826600
3.788000 0.225000 0.797100
3.863000 0.225000 0.000000
-0.037500 0.375000 0.000000
0.037500 0.375000 0.274400
0.112500 0.375000 0.294600
0.187500 0.375000 0.326400
0.262500 0.375000 0.365400
0.337500 0.375000 0.409100
0.412500 0.375000 0.456000
0.487500 0.375000 0.505100
0.562500 0.375000 0.555500
0.637500 0.375000 0.606900
0.712500 0.375000 0.658700
0.787500 0.375000 0.710700
0.862500 0.375000 0.762500
0.937500 0.375000 0.813700
1.012000 0.375000 0.864000
1.087000 0.375000 0.913100
1.163000 0.375000 0.960500
1.238000 0.375000 1.006000
1.313000 0.375000 1.049000
1.388000 0.375000 1.088000
1.463000 0.375000 1.124000
1.538000 0.375000 1.156000
1.613000 0.375000 1.184000
1.688000 0.375000 1.206000
1.763000 0.375000 1.223000
1.838000 0.375000 1.233000
1.913000 0.375000 1.239000
1.988000 0.375000 1.238000
2.063000 0.375000 1.232000
2.138000 0.375000 1.220000
2.213000 0.375000 1.204000
2.288000 0.375000 1.183000
2.363000 0.375000 1.159000
2.438000 0.375000 1.132000
2.513000 0.375000 1.103000
2.588000 0.375000 1.072000
2.663000 0.375000 1.040000
2.738000 0.375000 1.008000
2.813000 0.375000 0.975000
2.888000 0.375000 0.942600
2.963000 0.375000 0.910800
3.038000 0.375000 0.879700
3.113000 0.375000 0.849500
3.188000 0.375000 0.820400
3.263000 0.375000 0.792500
3.338000 0.375000 0.766000
3.413000 0.375000 0.741100
3.488000 0.375000 0.717900
3.563000 0.375000 0.696800
3.638000 0.375000 0.678400
3.713000 0.375000 0.663700
3.788000 0.375000 0.654600
3.863000 0.375000 0.000000
-0.037500 0.525000 0.000000
0.037500 0.525000 0.320900
0.112500 0.525000 0.328100
0.187500 0.525000 0.341200
0.262500 0.525000 0.358900
0.337500 0.525000 0.380200
0.412500 0.525000 0.404300
0.487500 0.525000 0.430400
0.562500 0.525000 0.458000
0.637500 0.525000 0.486700
0.712500 0.525000 0.516100
0.787500 0.525000 0.546000
0.862500 0.525000 0.575900
0.937500 0.525000 0.605700
1.012000 0.525000 0.635000
1.087000 0.525000 0.663500
1.163000 0.525000 0.691100
1.238000 0.525000 0.717300
1.313000 0.525000 0.741900
1.388000 0.525000 0.764600
1.463000 0.525000 0.785100
1.538000 0.525000 0.803100
1.613000 0.525000 0.818400
1.688000 0.525000 0.830700
1.763000 0.525000 0.839800
1.838000 0.525000 0.845600
1.913000 0.525000 0.848200
1.988000 0.525000 0.847500
2.063000 0.525000 0.843600
2.138000 0.525000 0.836700
2.213000 0.525000 0.827100
2.288000 0.525000 0.815000
2.363000 0.525000 0.800900
2.438000 0.525000 0.784900
2.513000 0.525000 0.767600
2.588000 0.525000 0.749200
2.663000 0.525000 0.730000
2.738000 0.525000 0.710300
2.813000 0.525000 0.690500
2.888000 0.525000 0.670700
2.963000 0.525000 0.651100
3.038000 0.525000 0.632000
3.113000 0.525000 0.613500
3.188000 0.525000 0.595700
3.263000 0.525000 0.578800
3.338000 0.525000 0.563000
3.413000 0.525000 0.548400
3.488000 0.525000 0.535200
3.563000 0.525000 0.523800
3.638000 0.525000 0.514400
3.713000 0.525000 0.507600
3.788000 0.525000 0.504000
3.863000 0.525000 0.000000
-0.037500 0.675000 0.000000
0.037500 0.675000 0.328900
0.112500 0.675000 0.331900
0.187500 0.675000 0.337800
0.262500 0.675000 0.346200
0.337500 0.675000 0.356900
0.412500 0.675000 0.369400
0.487500 0.675000 0.383500
0.562500 0.675000 0.398900
0.637500 0.675000 0.415200
0.712500 0.675000 0.432200
0.787500 0.675000 0.449600
0.862500 0.675000 0.467300
0.937500 0.675000 0.485000
1.012000 0.675000 0.502400
1.087000 0.675000 0.519500
1.163000 0.675000 0.535900
1.238000 0.675000 0.551400
1.313000 0.675000 0.565900
1.388000 0.675000 0.579300
1.463000 0.675000 0.591200
1.538000 0.675000 0.601600
1.613000 0.675000 0.610300
1.688000 0.675000 0.617200
1.763000 0.675000 0.622300
1.838000 0.675000 0.625400
1.913000 0.675000 0.626500
1.988000 0.675000 0.625800
2.063000 0.675000 0.623200
2.138000 0.675000 0.618900
2.213000 0.675000 0.612900
2.288000 0.675000 0.605400
2.363000 0.675000 0.596700
2.438000 0.675000 0.586800
2.513000 0.675000 0.576000
2.588000 0.675000 0.564400
2.663000 0.675000 0.552300
2.738000 0.675000 0.539900
2.813000 0.675000 0.527300
2.888000 0.675000 0.514600
2.963000 0.675000 0.502100
3.038000 0.675000 0.489900
3.113000 0.675000 0.478100
3.188000 0.675000 0.466800
3.263000 0.675000 0.456300
3.338000 0.675000 0.446500
3.413000 0.675000 0.437800
3.488000 0.675000 0.430100
3.563000 0.675000 0.423700
3.638000 0.675000 0.418600
3.713000 0.675000 0.415200
3.788000 0.675000 0.413400
3.863000 0.675000 0.000000
-0.037500 0.825000 0.000000
0.037500 0.825000 0.316900
0.112500 0.825000 0.319000
0.187500 0.825000 0.322900
0.262500 0.825000 0.328800
0.337500 0.825000 0.336200
0.412500 0.825000 0.345200
0.487500 0.825000 0.355300
0.562500 0.825000 0.366500
0.637500 0.825000 0.378600
0.712500 0.825000 0.391200
0.787500 0.825000 0.404200
0.862500 0.825000 0.417500
0.937500 0.825000 0.430800
1.012000 0.825000 0.444000
1.087000 0.825000 0.456800
1.163000 0.825000 0.469200
1.238000 0.825000 0.480900
1.313000 0.825000 0.491900
1.388000 0.825000 0.501800
1.463000 0.825000 0.510800
1.538000 0.825000 0.518500
1.613000 0.825000 0.524900
1.688000 0.825000 0.530000
1.763000 0.825000 0.533600
1.838000 0.825000 0.535800
1.913000 0.825000 0.536500
1.988000 0.825000 0.535800
2.063000 0.825000 0.533700
2.138000 0.825000 0.530300
2.213000 0.825000 0.525600
2.288000 0.825000 0.519700
2.363000 0.825000 0.512900
2.438000 0.825000 0.505200
2.513000 0.825000 0.496700
2.588000 0.825000 0.487700
2.663000 0.825000 0.478200
2.738000 0.825000 0.468500
2.813000 0.825000 0.458500
2.888000 0.825000 0.448600
2.963000 0.825000 0.438700
3.038000 0.825000 0.429100
3.113000 0.825000 0.419800
3.188000 0.825000 0.411100
3.263000 0.825000 0.402900
3.338000 0.825000 0.395400
3.413000 0.825000 0.388700
3.488000 0.825000 0.382900
3.563000 0.825000 0.378100
3.638000 0.825000 0.374400
3.713000 0.825000 0.371900
3.788000 0.825000 0.370600
3.863000 0.825000 0.000000
-0.037500 0.975000 0.000000
0.037500 0.975000 0.297300
0.112500 0.975000 0.298700
0.187500 0.975000 0.301700
0.262500 0.975000 0.305900
0.337500 0.975000 0.311500
0.412500 0.975000 0.318100
0.487500 0.975000 0.325700
0.562500 0.975000 0.334200
0.637500 0.975000 0.343400
0.712500 0.975000 0.353000
0.787500 0.975000 0.363100
0.862500 0.975000 0.373300
0.937500 0.975000 0.383600
1.012000 0.975000 0.393800
1.087000 0.975000 0.403700
1.163000 0.975000 0.413300
1.238000 0.975000 0.422400
1.313000 0.975000 0.430800
1.388000 0.975000 0.438500
1.463000 0.975000 0.445400
1.538000 0.975000 0.451300
1.613000 0.975000 0.456200
1.688000 0.975000 0.460000
1.763000 0.975000 0.462700
1.838000 0.975000 0.464300
1.913000 0.975000 0.464800
1.988000 0.975000 0.464100
2.063000 0.975000 0.462300
2.138000 0.975000 0.459500
2.213000 0.975000 0.455700
2.288000 0.975000 0.451000
2.363000 0.975000 0.445500
2.438000 0.975000 0.439300
2.513000 0.975000 0.432500
2.588000 0.975000 0.425300
2.663000 0.975000 0.417700
2.738000 0.975000 0.409800
2.813000 0.975000 0.401800
2.888000 0.975000 0.393800
2.963000 0.975000 0.385900
3.038000 0.975000 0.378200
3.113000 0.975000 0.370800
3.188000 0.975000 0.363800
3.263000 0.975000 0.357200
3.338000 0.975000 0.351300
3.413000 0.975000 0.346000
3.488000 0.975000 0.341500
3.563000 0.975000 0.337800
3.638000 0.975000 0.335000
3.713000 0.975000 0.333100
3.788000 0.975000 0.332100
3.863000 0.975000 0.000000
-0.037500 1.125000 0.000000
0.037500 1.125000 0.274200
0.112500 1.125000 0.275400
0.187500 1.125000 0.277700
0.262500 1.125000 0.281100
0.337500 1.125000 0.285400
0.412500 1.125000 0.290700
0.487500 1.125000 0.296800
0.562500 1.125000 0.303600
0.637500 1.125000 0.311000
0.712500 1.125000 0.318800
0.787500 1.125000 0.326900
0.862500 1.125000 0.335200
0.937500 1.125000 0.343500
1.012000 1.125000 0.351800
1.087000 1.125000 0.359900
1.163000 1.125000 0.367700
1.238000 1.125000 0.375100
1.313000 1.125000 0.381900
1.388000 1.125000 0.388100
1.463000 1.125000 0.393700
1.538000 1.125000 0.398400
1.613000 1.125000 0.402400
1.688000 1.125000 0.405400
1.763000 1.125000 0.407600
1.838000 1.125000 0.408800
1.913000 1.125000 0.409100
1.988000 1.125000 0.408400
2.063000 1.125000 0.406900
2.138000 1.125000 0.404500
2.213000 1.125000 0.401300
2.288000 1.125000 0.397400
2.363000 1.125000 0.392800
2.438000 1.125000 0.387700
2.513000 1.125000 0.382000
2.588000 1.125000 0.375900
2.663000 1.125000 0.369600
2.738000 1.125000 0.363000
2.813000 1.125000 0.356400
2.888000 1.125000 0.349700
2.963000 1.125000 0.343100
3.038000 1.125000 0.336600
3.113000 1.125000 0.330400
3.188000 1.125000 0.324600
3.263000 1.125000 0.319200
3.338000 1.125000 0.314300
3.413000 1.125000 0.310000
3.488000 1.125000 0.306200
3.563000 1.125000 0.303200
3.638000 1.125000 0.300900
3.713000 1.125000 0.299400
3.788000 1.125000 0.298600
3.863000 1.125000 0.000000
-0.037500 1.275000 0.000000
0.037500 1.275000 0.225900
0.112500 1.275000 0.226800
0.187500 1.275000 0.228500
0.262500 1.275000 0.231000
0.337500 1.275000 0.234300
0.412500 1.275000 0.238200
0.487500 1.275000 0.242700
0.562500 1.275000 0.247800
0.637500 1.275000 0.253300
0.712500 1.275000 0.259200
0.787500 1.275000 0.265300
0.862500 1.275000 0.271500
0.937500 1.275000 0.277800
1.012000 1.275000 0.284000
1.087000 1.275000 0.290100
1.163000 1.275000 0.296000
1.238000 1.275000 0.301500
1.313000 1.275000 0.306700
1.388000 1.275000 0.311300
1.463000 1.275000 0.315500
1.538000 1.275000 0.319100
1.613000 1.275000 0.322000
1.688000 1.275000 0.324300
1.763000 1.275000 0.325900
1.838000 1.275000 0.326700
1.913000 1.275000 0.326900
1.988000 1.275000 0.326400
2.063000 1.275000 0.325200
2.138000 1.275000 0.323300
2.213000 1.275000 0.320800
2.288000 1.275000 0.317800
2.363000 1.275000 0.314300
2.438000 1.275000 0.310300
2.513000 1.275000 0.305900
2.588000 1.275000 0.301300
2.663000 1.275000 0.296400
2.738000 1.275000 0.291300
2.813000 1.275000 0.286200
2.888000 1.275000 0.281100
2.963000 1.275000 0.276000
3.038000 1.275000 0.271100
3.113000 1.275000 0.266300
3.188000 1.275000 0.261800
3.263000 1.275000 0.257700
3.338000 1.275000 0.254000
3.413000 1.275000 0.250600
3.488000 1.275000 0.247800
3.563000 1.275000 0.245500
3.638000 1.275000 0.243800
3.713000 1.275000 0.242600
3.788000 1.275000 0.242000
3.863000 1.275000 0.000000
-0.037500 1.425000 0.000000
0.037500 1.425000 0.168000
0.112500 1.425000 0.168600
0.187500 1.425000 0.169700
0.262500 1.425000 0.171300
0.337500 1.425000 0.173400
0.412500 1.425000 0.176000
0.487500 1.425000 0.179000
0.562500 1.425000 0.182300
0.637500 1.425000 0.186000
0.712500 1.425000 0.189800
0.787500 1.425000 0.193900
0.862500 1.425000 0.198000
0.937500 1.425000 0.202100
1.012000 1.425000 0.206300
1.087000 1.425000 0.210300
1.163000 1.425000 0.214200
1.238000 1.425000 0.217900
1.313000 1.425000 0.221300
1.388000 1.425000 0.224400
1.463000 1.425000 0.227100
1.538000 1.425000 0.229500
1.613000 1.425000 0.231400
1.688000 1.425000 0.232900
1.763000 1.425000 0.233900
1.838000 1.425000 0.234400
1.913000 1.425000 0.234500
1.988000 1.425000 0.234100
2.063000 1.425000 0.233200
2.138000 1.425000 0.231900
2.213000 1.425000 0.230200
2.288000 1.425000 0.228200
2.363000 1.425000 0.225700
2.438000 1.425000 0.223000
2.513000 1.425000 0.220100
2.588000 1.425000 0.216900
2.663000 1.425000 0.213500
2.738000 1.425000 0.210100
2.813000 1.425000 0.206600
2.888000 1.425000 0.203100
2.963000 1.425000 0.199700
3.038000 1.425000 0.196300
3.113000 1.425000 0.193100
3.188000 1.425000 0.190000
3.263000 1.425000 0.187200
3.338000 1.425000 0.184700
3.413000 1.425000 0.182500
3.488000 1.425000 0.180600
3.563000 1.425000 0.179000
3.638000 1.425000 0.177800
3.713000 1.425000 0.177000
3.788000 1.425000 0.176600
3.863000 1.425000 0.000000
-0.037500 1.575000 0.000000
0.037500 1.575000 0.122800
0.112500 1.575000 0.123100
0.187500 1.575000 0.123900
0.262500 1.575000 0.124900
0.337500 1.575000 0.126300
0.412500 1.575000 0.128000
0.487500 1.575000 0.129900
0.562500 1.575000 0.132100
0.637500 1.575000 0.134500
0.712500 1.575000 0.137000
0.787500 1.575000 0.139600
0.862500 1.575000 0.142300
0.937500 1.575000 0.145100
1.012000 1.575000 0.147800
1.087000 1.575000 0.150400
1.163000 1.575000 0.152900
1.238000 1.575000 0.155400
1.313000 1.575000 0.157600
1.388000 1.575000 0.159600
1.463000 1.575000 0.161400
1.538000 1.575000 0.162900
1.613000 1.575000 0.164200
1.688000 1.575000 0.165100
1.763000 1.575000 0.165800
1.838000 1.575000 0.166100
1.913000 1.575000 0.166100
1.988000 1.575000 0.165800
2.063000 1.575000 0.165200
2.138000 1.575000 0.164300
2.213000 1.575000 0.163100
2.288000 1.575000 0.161700
2.363000 1.575000 0.160100
2.438000 1.575000 0.158300
2.513000 1.575000 0.156300
2.588000 1.575000 0.154100
2.663000 1.575000 0.151900
2.738000 1.575000 0.149600
2.813000 1.575000 0.147200
2.888000 1.575000 0.144800
2.963000 1.575000 0.142500
3.038000 1.575000 0.140300
3.113000 1.575000 0.138100
3.188000 1.575000 0.136100
3.263000 1.575000 0.134200
3.338000 1.575000 0.132500
3.413000 1.575000 0.131000
3.488000 1.575000 0.129700
3.563000 1.575000 0.128700
3.638000 1.575000 0.127900
3.713000 1.575000 0.127300
3.788000 1.575000 0.127100
3.863000 1.575000 0.000000
-0.037500 1.725000 0.000000
0.037500 1.725000 0.088120
0.112500 1.725000 0.088350
0.187500 1.725000 0.088810
0.262500 1.725000 0.089490
0.337500 1.725000 0.090380
0.412500 1.725000 0.091460
0.487500 1.725000 0.092710
0.562500 1.725000 0.094110
0.637500 1.725000 0.095630
0.712500 1.725000 0.097260
0.787500 1.725000 0.098960
0.862500 1.725000 0.100700
0.937500 1.725000 0.102500
1.012000 1.725000 0.104200
1.087000 1.725000 0.105900
1.163000 1.725000 0.107600
1.238000 1.725000 0.109100
1.313000 1.725000 0.110500
1.388000 1.725000 0.111800
1.463000 1.725000 0.113000
1.538000 1.725000 0.114000
1.613000 1.725000 0.114800
1.688000 1.725000 0.115400
1.763000 1.725000 0.115800
1.838000 1.725000 0.116000
1.913000 1.725000 0.115900
1.988000 1.725000 0.115700
2.063000 1.725000 0.115300
2.138000 1.725000 0.114700
2.213000 1.725000 0.113900
2.288000 1.725000 0.113000
2.363000 1.725000 0.111900
2.438000 1.725000 0.110700
2.513000 1.725000 0.109300
2.588000 1.725000 0.107900
2.663000 1.725000 0.106400
2.738000 1.725000 0.104900
2.813000 1.725000 0.103300
2.888000 1.725000 0.101700
2.963000 1.725000 0.100200
3.038000 1.725000 0.098710
3.113000 1.725000 0.097270
3.188000 1.725000 0.095930
3.263000 1.725000 0.094680
3.338000 1.725000 0.093560
3.413000 1.725000 0.092570
3.488000 1.725000 0.091730
3.563000 1.725000 0.091040
3.638000 1.725000 0.090510
3.713000 1.725000 0.090150
3.788000 1.725000 0.089970
3.863000 1.725000 0.000000
-0.037500 1.875000 0.000000
0.037500 1.875000 0.061860
0.112500 1.875000 0.062010
0.187500 1.875000 0.062300
0.262500 1.875000 0.062720
0.337500 1.875000 0.063280
0.412500 1.875000 0.063960
0.487500 1.875000 0.064740
0.562500 1.875000 0.065630
0.637500 1.875000 0.066590
0.712500 1.875000 0.067610
0.787500 1.875000 0.068680
0.862500 1.875000 0.069780
0.937500 1.875000 0.070890
1.012000 1.875000 0.072000
1.087000 1.875000 0.073070
1.163000 1.875000 0.074110
1.238000 1.875000 0.075090
1.313000 1.875000 0.075990
1.388000 1.875000 0.076810
1.463000 1.875000 0.077530
1.538000 1.875000 0.078140
1.613000 1.875000 0.078630
1.688000 1.875000 0.079000
1.763000 1.875000 0.079240
1.838000 1.875000 0.079350
1.913000 1.875000 0.079320
1.988000 1.875000 0.079170
2.063000 1.875000 0.078890
2.138000 1.875000 0.078490
2.213000 1.875000 0.077970
2.288000 1.875000 0.077350
2.363000 1.875000 0.076640
2.438000 1.875000 0.075840
2.513000 1.875000 0.074970
2.588000 1.875000 0.074040
2.663000 1.875000 0.073070
2.738000 1.875000 0.072070
2.813000 1.875000 0.071060
2.888000 1.875000 0.070040
2.963000 1.875000 0.069050
3.038000 1.875000 0.068080
3.113000 1.875000 0.067150
3.188000 1.875000 0.066280
3.263000 1.875000 0.065470
3.338000 1.875000 0.064740
3.413000 1.875000 0.064100
3.488000 1.875000 0.063560
3.563000 1.875000 0.063120
3.638000 1.875000 0.062770
3.713000 1.875000 0.062540
3.788000 1.875000 0.062420
3.863000 1.875000 0.000000
-0.037500 2.025000 0.000000
0.037500 2.025000 0.042070
0.112500 2.025000 0.042150
0.187500 2.025000 0.042330
0.262500 2.025000 0.042580
0.337500 2.025000 0.042920
0.412500 2.025000 0.043320
0.487500 2.025000 0.043800
0.562500 2.025000 0.044330
0.637500 2.025000 0.044900
0.712500 2.025000 0.045520
0.787500 2.025000 0.046170
0.862500 2.025000 0.046830
0.937500 2.025000 0.047500
1.012000 2.025000 0.048160
1.087000 2.025000 0.048810
1.163000 2.025000 0.049430
1.238000 2.025000 0.050020
1.313000 2.025000 0.050560
1.388000 2.025000 0.051050
1.463000 2.025000 0.051480
1.538000 2.025000 0.051840
1.613000 2.025000 0.052130
1.688000 2.025000 0.052340
1.763000 2.025000 0.052480
1.838000 2.025000 0.052530
1.913000 2.025000 0.052510
1.988000 2.025000 0.052400
2.063000 2.025000 0.052220
2.138000 2.025000 0.051960
2.213000 2.025000 0.051640
2.288000 2.025000 0.051250
2.363000 2.025000 0.050800
2.438000 2.025000 0.050300
2.513000 2.025000 0.049750
2.588000 2.025000 0.049170
2.663000 2.025000 0.048570
2.738000 2.025000 0.047950
2.813000 2.025000 0.047320
2.888000 2.025000 0.046690
2.963000 2.025000 0.046070
3.038000 2.025000 0.045470
3.113000 2.025000 0.044890
3.188000 2.025000 0.044350
3.263000 2.025000 0.043850
3.338000 2.025000 0.043400
3.413000 2.025000 0.043010
3.488000 2.025000 0.042670
3.563000 2.025000 0.042390
3.638000 2.025000 0.042180
3.713000 2.025000 0.042040
3.788000 2.025000 0.041960
3.863000 2.025000 0.000000
-0.037500 2.175000 0.000000
0.037500 2.175000 0.027040
0.112500 2.175000 0.027090
0.187500 2.175000 0.027180
0.262500 2.175000 0.027310
0.337500 2.175000 0.027490
0.412500 2.175000 0.027710
0.487500 2.175000 0.027960
0.562500 2.175000 0.028240
0.637500 2.175000 0.028550
0.712500 2.175000 0.028880
0.787500 2.175000 0.029220
0.862500 2.175000 0.029570
0.937500 2.175000 0.029930
1.012000 2.175000 0.030280
1.087000 2.175000 0.030620
1.163000 2.175000 0.030950
1.238000 2.175000 0.031260
1.313000 2.175000 0.031550
1.388000 2.175000 0.031800
1.463000 2.175000 0.032030
1.538000 2.175000 0.032210
1.613000 2.175000 0.032360
1.688000 2.175000 0.032470
1.763000 2.175000 0.032530
1.838000 2.175000 0.032550
1.913000 2.175000 0.032530
1.988000 2.175000 0.032460
2.063000 2.175000 0.032350
2.138000 2.175000 0.032200
2.213000 2.175000 0.032010
2.288000 2.175000 0.031780
2.363000 2.175000 0.031530
2.438000 2.175000 0.031250
2.513000 2.175000 0.030940
2.588000 2.175000 0.030610
2.663000 2.175000 0.030270
2.738000 2.175000 0.029920
2.813000 2.175000 0.029570
2.888000 2.175000 0.029220
2.963000 2.175000 0.028870
3.038000 2.175000 0.028540
3.113000 2.175000 0.028220
3.188000 2.175000 0.027920
3.263000 2.175000 0.027640
3.338000 2.175000 0.027390
3.413000 2.175000 0.027170
3.488000 2.175000 0.026980
3.563000 2.175000 0.026830
3.638000 2.175000 0.026710
3.713000 2.175000 0.026630
3.788000 2.175000 0.026590
3.863000 2.175000 0.000000
-0.037500 2.325000 0.000000
0.037500 2.325000 0.019260
0.112500 2.325000 0.019280
0.187500 2.325000 0.019330
0.262500 2.325000 0.019400
0.337500 2.325000 0.019500
0.412500 2.325000 0.019620
0.487500 2.325000 0.019760
0.562500 2.325000 0.019910
0.637500 2.325000 0.020080
0.712500 2.325000 0.020260
0.787500 2.325000 0.020450
0.862500 2.325000 0.020640
0.937500 2.325000 0.020830
1.012000 2.325000 0.021020
1.087000 2.325000 0.021210
1.163000 2.325000 0.021390
1.238000 2.325000 0.021550
1.313000 2.325000 0.021710
1.388000 2.325000 0.021840
1.463000 2.325000 0.021960
1.538000 2.325000 0.022060
1.613000 2.325000 0.022130
1.688000 2.325000 0.022180
1.763000 2.325000 0.022210
1.838000 2.325000 0.022210
1.913000 2.325000 0.022190
1.988000 2.325000 0.022140
2.063000 2.325000 0.022060
2.138000 2.325000 0.021970
2.213000 2.325000 0.021850
2.288000 2.325000 0.021710
2.363000 2.325000 0.021560
2.438000 2.325000 0.021390
2.513000 2.325000 0.021200
2.588000 2.325000 0.021010
2.663000 2.325000 0.020810
2.738000 2.325000 0.020600
2.813000 2.325000 0.020390
2.888000 2.325000 0.020180
2.963000 2.325000 0.019980
3.038000 2.325000 0.019780
3.113000 2.325000 0.019590
3.188000 2.325000 0.019420
3.263000 2.325000 0.019260
3.338000 2.325000 0.019110
3.413000 2.325000 0.018980
3.488000 2.325000 0.018870
3.563000 2.325000 0.018790
3.638000 2.325000 0.018720
3.713000 2.325000 0.018670
3.788000 2.325000 0.018650
3.863000 2.325000 0.000000
-0.037500 2.475000 0.000000
0.037500 2.475000 0.016080
0.112500 2.475000 0.016100
0.187500 2.475000 0.016140
0.262500 2.475000 0.016190
0.337500 2.475000 0.016260
0.412500 2.475000 0.016340
0.487500 2.475000 0.016440
0.562500 2.475000 0.016550
0.637500 2.475000 0.016670
0.712500 2.475000 0.016800
0.787500 2.475000 0.016940
0.862500 2.475000 0.017070
0.937500 2.475000 0.017210
1.012000 2.475000 0.017350
1.087000 2.475000 0.017480
1.163000 2.475000 0.017610
1.238000 2.475000 0.017730
1.313000 2.475000 0.017840
1.388000 2.475000 0.017930
1.463000 2.475000 0.018010
1.538000 2.475000 0.018080
1.613000 2.475000 0.018130
1.688000 2.475000 0.018160
1.763000 2.475000 0.018180
1.838000 2.475000 0.018170
1.913000 2.475000 0.018150
1.988000 2.475000 0.018110
2.063000 2.475000 0.018050
2.138000 2.475000 0.017970
2.213000 2.475000 0.017880
2.288000 2.475000 0.017780
2.363000 2.475000 0.017660
2.438000 2.475000 0.017530
2.513000 2.475000 0.017390
2.588000 2.475000 0.017240
2.663000 2.475000 0.017090
2.738000 2.475000 0.016930
2.813000 2.475000 0.016770
2.888000 2.475000 0.016620
2.963000 2.475000 0.016460
3.038000 2.475000 0.016320
3.113000 2.475000 0.016180
3.188000 2.475000 0.016040
3.263000 2.475000 0.015920
3.338000 2.475000 0.015810
3.413000 2.475000 0.015720
3.488000 2.475000 0.015640
3.563000 2.475000 0.015570
3.638000 2.475000 0.015520
3.713000 2.475000 0.015490
3.788000 2.475000 0.015470
3.863000 2.475000 0.000000
-0.037500 2.625000 0.000000
0.037500 2.625000 0.013560
0.112500 2.625000 0.013570
0.187500 2.625000 0.013600
0.262500 2.625000 0.013640
0.337500 2.625000 0.013690
0.412500 2.625000 0.013750
0.487500 2.625000 0.013830
0.562500 2.625000 0.013910
0.637500 2.625000 0.014000
0.712500 2.625000 0.014090
0.787500 2.625000 0.014190
0.862500 2.625000 0.014290
0.937500 2.625000 0.014400
1.012000 2.625000 0.014500
1.087000 2.625000 0.014590
1.163000 2.625000 0.014690
1.238000 2.625000 0.014770
1.313000 2.625000 0.014850
1.388000 2.625000 0.014920
1.463000 2.625000 0.014980
1.538000 2.625000 0.015030
1.613000 2.625000 0.015060
1.688000 2.625000 0.015080
1.763000 2.625000 0.015090
1.838000 2.625000 0.015080
1.913000 2.625000 0.015060
1.988000 2.625000 0.015030
2.063000 2.625000 0.014980
2.138000 2.625000 0.014920
2.213000 2.625000 0.014850
2.288000 2.625000 0.014760
2.363000 2.625000 0.014670
2.438000 2.625000 0.014570
2.513000 2.625000 0.014460
2.588000 2.625000 0.014350
2.663000 2.625000 0.014230
2.738000 2.625000 0.014110
2.813000 2.625000 0.013980
2.888000 2.625000 0.013860
2.963000 2.625000 0.013740
3.038000 2.625000 0.013630
3.113000 2.625000 0.013520
3.188000 2.625000 0.013420
3.263000 2.625000 0.013330
3.338000 2.625000 0.013240
3.413000 2.625000 0.013170
3.488000 2.625000 0.013110
3.563000 2.625000 0.013060
3.638000 2.625000 0.013020
3.713000 2.625000 0.013000
3.788000 2.625000 0.012990
3.863000 2.625000 0.000000
-0.037500 2.775000 0.000000
0.037500 2.775000 0.011620
0.112500 2.775000 0.011630
0.187500 2.775000 0.011650
0.262500 2.775000 0.011680
0.337500 2.775000 0.011720
0.412500 2.775000 0.011770
0.487500 2.775000 0.011830
0.562500 2.775000 0.011890
0.637500 2.775000 0.011960
0.712500 2.775000 0.012040
0.787500 2.775000 0.012120
0.862500 2.775000 0.012190
0.937500 2.775000 0.012270
1.012000 2.775000 0.012350
1.087000 2.775000 0.012430
1.163000 2.775000 0.012500
1.238000 2.775000 0.012570
1.313000 2.775000 0.012630
1.388000 2.775000 0.012680
1.463000 2.775000 0.012730
1.538000 2.775000 0.012760
1.613000 2.775000 0.012790
1.688000 2.775000 0.012800
1.763000 2.775000 0.012800
1.838000 2.775000 0.012800
1.913000 2.775000 0.012780
1.988000 2.775000 0.012750
2.063000 2.775000 0.012710
2.138000 2.775000 0.012660
2.213000 2.775000 0.012600
2.288000 2.775000 0.012530
2.363000 2.775000 0.012460
2.438000 2.775000 0.012370
2.513000 2.775000 0.012280
2.588000 2.775000 0.012190
2.663000 2.775000 0.012100
2.738000 2.775000 0.012000
2.813000 2.775000 0.011900
2.888000 2.775000 0.011800
2.963000 2.775000 0.011710
3.038000 2.775000 0.011610
3.113000 2.775000 0.011530
3.188000 2.775000 0.011450
3.263000 2.775000 0.011370
3.338000 2.775000 0.011300
3.413000 2.775000 0.011250
3.488000 2.775000 0.011200
3.563000 2.775000 0.011160
3.638000 2.775000 0.011130
3.713000 2.775000 0.011110
3.788000 2.775000 0.011100
3.863000 2.775000 0.000000
-0.037500 2.925000 0.000000
0.037500 2.925000 0.008782
0.112500 2.925000 0.008790
0.187500 2.925000 0.008806
0.262500 2.925000 0.008829
0.337500 2.925000 0.008859
0.412500 2.925000 0.008895
0.487500 2.925000 0.008936
0.562500 2.925000 0.008982
0.637500 2.925000 0.009032
0.712500 2.925000 0.009085
0.787500 2.925000 0.009141
0.862500 2.925000 0.009197
0.937500 2.925000 0.009254
1.012000 2.925000 0.009310
1.087000 2.925000 0.009364
1.163000 2.925000 0.009415
1.238000 2.925000 0.009462
1.313000 2.925000 0.009505
1.388000 2.925000 0.009543
1.463000 2.925000 0.009574
1.538000 2.925000 0.009599
1.613000 2.925000 0.009616
1.688000 2.925000 0.009626
1.763000 2.925000 0.009628
1.838000 2.925000 0.009621
1.913000 2.925000 0.009607
1.988000 2.925000 0.009585
2.063000 2.925000 0.009556
2.138000 2.925000 0.009518
2.213000 2.925000 0.009475
2.288000 2.925000 0.009424
2.363000 2.925000 0.009369
2.438000 2.925000 0.009308
2.513000 2.925000 0.009243
2.588000 2.925000 0.009175
2.663000 2.925000 0.009105
2.738000 2.925000 0.009034
2.813000 2.925000 0.008962
2.888000 2.925000 0.008891
2.963000 2.925000 0.008821
3.038000 2.925000 0.008754
3.113000 2.925000 0.008690
3.188000 2.925000 0.008631
3.263000 2.925000 0.008577
3.338000 2.925000 0.008528
3.413000 2.925000 0.008486
3.488000 2.925000 0.008451
3.563000 2.925000 0.008423
3.638000 2.925000 0.008402
3.713000 2.925000 0.008387
3.788000 2.925000 0.008379
3.863000 2.925000 0.000000
-0.037500 3.075000 0.000000
0.037500 3.075000 0.005875
0.112500 3.075000 0.005880
0.187500 3.075000 0.005890
0.262500 3.075000 0.005904
0.337500 3.075000 0.005923
0.412500 3.075000 0.005945
0.487500 3.075000 0.005971
0.562500 3.075000 0.005999
0.637500 3.075000 0.006030
0.712500 3.075000 0.006063
0.787500 3.075000 0.006098
0.862500 3.075000 0.006133
0.937500 3.075000 0.006168
1.012000 3.075000 0.006203
1.087000 3.075000 0.006236
1.163000 3.075000 0.006268
1.238000 3.075000 0.006297
1.313000 3.075000 0.006323
1.388000 3.075000 0.006346
1.463000 3.075000 0.006365
1.538000 3.075000 0.006380
1.613000 3.075000 0.006390
1.688000 3.075000 0.006395
1.763000 3.075000 0.006396
1.838000 3.075000 0.006391
1.913000 3.075000 0.006381
1.988000 3.075000 0.006367
2.063000 3.075000 0.006347
2.138000 3.075000 0.006323
2.213000 3.075000 0.006295
2.288000 3.075000 0.006262
2.363000 3.075000 0.006226
2.438000 3.075000 0.006187
2.513000 3.075000 0.006146
2.588000 3.075000 0.006102
2.663000 3.075000 0.006057
2.738000 3.075000 0.006012
2.813000 3.075000 0.005966
2.888000 3.075000 0.005920
2.963000 3.075000 0.005876
3.038000 3.075000 0.005833
3.113000 3.075000 0.005793
3.188000 3.075000 0.005755
3.263000 3.075000 0.005720
3.338000 3.075000 0.005689
3.413000 3.075000 0.005662
3.488000 3.075000 0.005640
3.563000 3.075000 0.005622
3.638000 3.075000 0.005608
3.713000 3.075000 0.005598
3.788000 3.075000 0.005593
3.863000 3.075000 0.000000
-0.037500 3.225000 0.000000
0.037500 3.225000 0.003902
0.112500 3.225000 0.003905
0.187500 3.225000 0.003911
0.262500 3.225000 0.003920
0.337500 3.225000 0.003931
0.412500 3.225000 0.003945
0.487500 3.225000 0.003960
0.562500 3.225000 0.003978
0.637500 3.225000 0.003997
0.712500 3.225000 0.004018
0.787500 3.225000 0.004039
0.862500 3.225000 0.004060
0.937500 3.225000 0.004082
1.012000 3.225000 0.004103
1.087000 3.225000 0.004124
1.163000 3.225000 0.004143
1.238000 3.225000 0.004161
1.313000 3.225000 0.004177
1.388000 3.225000 0.004191
1.463000 3.225000 0.004202
1.538000 3.225000 0.004211
1.613000 3.225000 0.004217
1.688000 3.225000 0.004220
1.763000 3.225000 0.004220
1.838000 3.225000 0.004216
1.913000 3.225000 0.004210
1.988000 3.225000 0.004200
2.063000 3.225000 0.004187
2.138000 3.225000 0.004172
2.213000 3.225000 0.004153
2.288000 3.225000 0.004133
2.363000 3.225000 0.004110
2.438000 3.225000 0.004085
2.513000 3.225000 0.004058
2.588000 3.225000 0.004031
2.663000 3.225000 0.004002
2.738000 3.225000 0.003973
2.813000 3.225000 0.003944
2.888000 3.225000 0.003915
2.963000 3.225000 0.003887
3.038000 3.225000 0.003860
3.113000 3.225000 0.003834
3.188000 3.225000 0.003810
3.263000 3.225000 0.003788
3.338000 3.225000 0.003769
3.413000 3.225000 0.003751
3.488000 3.225000 0.003737
3.563000 3.225000 0.003725
3.638000 3.225000 0.003716
3.713000 3.225000 0.003710
3.788000 3.225000 0.003706
3.863000 3.225000 0.000000
-0.037500 3.375000 0.000000
0.037500 3.375000 0.002573
0.112500 3.375000 0.002575
0.187500 3.375000 0.002578
0.262500 3.375000 0.002583
0.337500 3.375000 0.002590
0.412500 3.375000 0.002599
0.487500 3.375000 0.002608
0.562500 3.375000 0.002619
0.637500 3.375000 0.002631
0.712500 3.375000 0.002643
0.787500 3.375000 0.002656
0.862500 3.375000 0.002670
0.937500 3.375000 0.002683
1.012000 3.375000 0.002696
1.087000 3.375000 0.002708
1.163000 3.375000 0.002720
1.238000 3.375000 0.002731
1.313000 3.375000 0.002741
1.388000 3.375000 0.002749
1.463000 3.375000 0.002756
1.538000 3.375000 0.002761
1.613000 3.375000 0.002764
1.688000 3.375000 0.002766
1.763000 3.375000 0.002765
1.838000 3.375000 0.002763
1.913000 3.375000 0.002759
1.988000 3.375000 0.002752
2.063000 3.375000 0.002744
2.138000 3.375000 0.002734
2.213000 3.375000 0.002722
2.288000 3.375000 0.002709
2.363000 3.375000 0.002694
2.438000 3.375000 0.002679
2.513000 3.375000 0.002662
2.588000 3.375000 0.002644
2.663000 3.375000 0.002626
2.738000 3.375000 0.002608
2.813000 3.375000 0.002590
2.888000 3.375000 0.002571
2.963000 3.375000 0.002554
3.038000 3.375000 0.002537
3.113000 3.375000 0.002520
3.188000 3.375000 0.002505
3.263000 3.375000 0.002491
3.338000 3.375000 0.002479
3.413000 3.375000 0.002468
3.488000 3.375000 0.002459
3.563000 3.375000 0.002451
3.638000 3.375000 0.002445
3.713000 3.375000 0.002441
3.788000 3.375000 0.002439
3.863000 3.375000 0.000000
-0.037500 3.525000 0.000000
0.037500 3.525000 0.001684
0.112500 3.525000 0.001685
0.187500 3.525000 0.001687
0.262500 3.525000 0.001690
0.337500 3.525000 0.001694
0.412500 3.525000 0.001699
0.487500 3.525000 0.001705
0.562500 3.525000 0.001712
0.637500 3.525000 0.001719
0.712500 3.525000 0.001727
0.787500 3.525000 0.001735
0.862500 3.525000 0.001743
0.937500 3.525000 0.001751
1.012000 3.525000 0.001759
1.087000 3.525000 0.001766
1.163000 3.525000 0.001773
1.238000 3.525000 0.001780
1.313000 3.525000 0.001786
1.388000 3.525000 0.001791
1.463000 3.525000 0.001795
1.538000 3.525000 0.001798
1.613000 3.525000 0.001800
1.688000 3.525000 0.001800
1.763000 3.525000 0.001800
1.838000 3.525000 0.001798
1.913000 3.525000 0.001795
1.988000 3.525000 0.001791
2.063000 3.525000 0.001786
2.138000 3.525000 0.001780
2.213000 3.525000 0.001772
2.288000 3.525000 0.001764
2.363000 3.525000 0.001754
2.438000 3.525000 0.001745
2.513000 3.525000 0.001734
2.588000 3.525000 0.001723
2.663000 3.525000 0.001712
2.738000 3.525000 0.001700
2.813000 3.525000 0.001689
2.888000 3.525000 0.001677
2.963000 3.525000 0.001666
3.038000 3.525000 0.001655
3.113000 3.525000 0.001645
3.188000 3.525000 0.001636
3.263000 3.525000 0.001627
3.338000 3.525000 0.001619
3.413000 3.525000 0.001612
3.488000 3.525000 0.001607
3.563000 3.525000 0.001602
3.638000 3.525000 0.001598
3.713000 3.525000 0.001595
3.788000 3.525000 0.001594
3.863000 3.525000 0.000000
-0.037500 3.675000 0.000000
0.037500 3.675000 0.001094
0.112500 3.675000 0.001095
0.187500 3.675000 0.001096
0.262500 3.675000 0.001098
0.337500 3.675000 0.001100
0.412500 3.675000 0.001104
0.487500 3.675000 0.001107
0.562500 3.675000 0.001111
0.637500 3.675000 0.001115
0.712500 3.675000 0.001120
0.787500 3.675000 0.001125
0.862500 3.675000 0.001130
0.937500 3.675000 0.001135
1.012000 3.675000 0.001139
1.087000 3.675000 0.001144
1.163000 3.675000 0.001148
1.238000 3.675000 0.001152
1.313000 3.675000 0.001156
1.388000 3.675000 0.001159
1.463000 3.675000 0.001161
1.538000 3.675000 0.001163
1.613000 3.675000 0.001164
1.688000 3.675000 0.001164
1.763000 3.675000 0.001164
1.838000 3.675000 0.001163
1.913000 3.675000 0.001161
1.988000 3.675000 0.001158
2.063000 3.675000 0.001155
2.138000 3.675000 0.001151
2.213000 3.675000 0.001146
2.288000 3.675000 0.001141
2.363000 3.675000 0.001135
2.438000 3.675000 0.001129
2.513000 3.675000 0.001122
2.588000 3.675000 0.001115
2.663000 3.675000 0.001108
2.738000 3.675000 0.001101
2.813000 3.675000 0.001094
2.888000 3.675000 0.001087
2.963000 3.675000 0.001080
3.038000 3.675000 0.001073
3.113000 3.675000 0.001067
3.188000 3.675000 0.001061
3.263000 3.675000 0.001055
3.338000 3.675000 0.001050
3.413000 3.675000 0.001046
3.488000 3.675000 0.001043
3.563000 3.675000 0.001039
3.638000 3.675000 0.001037
3.713000 3.675000 0.001035
3.788000 3.675000 0.001034
3.863000 3.675000 0.000000
-0.037500 3.825000 0.000000
0.037500 3.825000 0.000706
0.112500 3.825000 0.000707
0.187500 3.825000 0.000707
0.262500 3.825000 0.000708
0.337500 3.825000 0.000710
0.412500 3.825000 0.000712
0.487500 3.825000 0.000714
0.562500 3.825000 0.000716
0.637500 3.825000 0.000719
0.712500 3.825000 0.000722
0.787500 3.825000 0.000725
0.862500 3.825000 0.000728
0.937500 3.825000 0.000730
1.012000 3.825000 0.000733
1.087000 3.825000 0.000736
1.163000 3.825000 0.000739
1.238000 3.825000 0.000741
1.313000 3.825000 0.000743
1.388000 3.825000 0.000745
1.463000 3.825000 0.000746
1.538000 3.825000 0.000747
1.613000 3.825000 0.000748
1.688000 3.825000 0.000748
1.763000 3.825000 0.000748
1.838000 3.825000 0.000747
1.913000 3.825000 0.000746
1.988000 3.825000 0.000744
2.063000 3.825000 0.000742
2.138000 3.825000 0.000739
2.213000 3.825000 0.000736
2.288000 3.825000 0.000733
2.363000 3.825000 0.000729
2.438000 3.825000 0.000725
2.513000 3.825000 0.000721
2.588000 3.825000 0.000717
2.663000 3.825000 0.000713
2.738000 3.825000 0.000708
2.813000 3.825000 0.000704
2.888000 3.825000 0.000699
2.963000 3.825000 0.000695
3.038000 3.825000 0.000691
3.113000 3.825000 0.000687
3.188000 3.825000 0.000683
3.263000 3.825000 0.000680
3.338000 3.825000 0.000677
3.413000 3.825000 0.000674
3.488000 3.825000 0.000672
3.563000 3.825000 0.000670
3.638000 3.825000 0.000669
3.713000 3.825000 0.000667
3.788000 3.825000 0.000667
3.863000 3.825000 0.000000
-0.037500 3.975000 0.000000
0.037500 3.975000 0.000453
0.112500 3.975000 0.000453
0.187500 3.975000 0.000453
0.262500 3.975000 0.000454
0.337500 3.975000 0.000455
0.412500 3.975000 0.000456
0.487500 3.975000 0.000457
0.562500 3.975000 0.000459
0.637500 3.975000 0.000460
0.712500 3.975000 0.000462
0.787500 3.975000 0.000464
0.862500 3.975000 0.000465
0.937500 3.975000 0.000467
1.012000 3.975000 0.000469
1.087000 3.975000 0.000471
1.163000 3.975000 0.000472
1.238000 3.975000 0.000473
1.313000 3.975000 0.000475
1.388000 3.975000 0.000476
1.463000 3.975000 0.000476
1.538000 3.975000 0.000477
1.613000 3.975000 0.000477
1.688000 3.975000 0.000477
1.763000 3.975000 0.000477
1.838000 3.975000 0.000477
1.913000 3.975000 0.000476
1.988000 3.975000 0.000475
2.063000 3.975000 0.000473
2.138000 3.975000 0.000472
2.213000 3.975000 0.000470
2.288000 3.975000 0.000468
2.363000 3.975000 0.000466
2.438000 3.975000 0.000463
2.513000 3.975000 0.000461
2.588000 3.975000 0.000458
2.663000 3.975000 0.000455
2.738000 3.975000 0.000453
2.813000 3.975000 0.000450
2.888000 3.975000 0.000447
2.963000 3.975000 0.000445
3.038000 3.975000 0.000442
3.113000 3.975000 0.000440
3.188000 3.975000 0.000437
3.263000 3.975000 0.000435
3.338000 3.975000 0.000433
3.413000 3.975000 0.000432
3.488000 3.975000 0.000430
3.563000 3.975000 0.000429
3.638000 3.975000 0.000428
3.713000 3.975000 0.000427
3.788000 3.975000 0.000427
3.863000 3.975000 0.000000
-0.037500 4.125000 0.000000
0.037500 4.125000 0.000288
0.112500 4.125000 0.000289
0.187500 4.125000 0.000289
0.262500 4.125000 0.000289
0.337500 4.125000 0.000290
0.412500 4.125000 0.000290
0.487500 4.125000 0.000291
0.562500 4.125000 0.000292
0.637500 4.125000 0.000293
0.712500 4.125000 0.000294
0.787500 4.125000 0.000295
0.862500 4.125000 0.000296
0.937500 4.125000 0.000297
1.012000 4.125000 0.000298
1.087000 4.125000 0.000299
1.163000 4.125000 0.000300
1.238000 4.125000 0.000301
1.313000 4.125000 0.000301
1.388000 4.125000 0.000302
1.463000 4.125000 0.000303
1.538000 4.125000 0.000303
1.613000 4.125000 0.000303
1.688000 4.125000 0.000303
1.763000 4.125000 0.000303
1.838000 4.125000 0.000303
1.913000 4.125000 0.000302
1.988000 4.125000 0.000301
2.063000 4.125000 0.000300
2.138000 4.125000 0.000300
2.213000 4.125000 0.000298
2.288000 4.125000 0.000297
2.363000 4.125000 0.000296
2.438000 4.125000 0.000294
2.513000 4.125000 0.000293
2.588000 4.125000 0.000291
2.663000 4.125000 0.000289
2.738000 4.125000 0.000288
2.813000 4.125000 0.000286
2.888000 4.125000 0.000284
2.963000 4.125000 0.000283
3.038000 4.125000 0.000281
3.113000 4.125000 0.000280
3.188000 4.125000 0.000278
3.263000 4.125000 0.000277
3.338000 4.125000 0.000276
3.413000 4.125000 0.000275
3.488000 4.125000 0.000274
3.563000 4.125000 0.000273
3.638000 4.125000 0.000273
3.713000 4.125000 0.000272
3.788000 4.125000 0.000272
3.863000 4.125000 0.000000
-0.037500 4.275000 0.000000
0.037500 4.275000 0.000183
0.112500 4.275000 0.000183
0.187500 4.275000 0.000183
0.262500 4.275000 0.000183
0.337500 4.275000 0.000184
0.412500 4.275000 0.000184
0.487500 4.275000 0.000184
0.562500 4.275000 0.000185
0.637500 4.275000 0.000186
0.712500 4.275000 0.000186
0.787500 4.275000 0.000187
0.862500 4.275000 0.000187
0.937500 4.275000 0.000188
1.012000 4.275000 0.000188
1.087000 4.275000 0.000189
1.163000 4.275000 0.000190
1.238000 4.275000 0.000190
1.313000 4.275000 0.000190
1.388000 4.275000 0.000191
1.463000 4.275000 0.000191
1.538000 4.275000 0.000191
1.613000 4.275000 0.000191
1.688000 4.275000 0.000191
1.763000 4.275000 0.000191
1.838000 4.275000 0.000191
1.913000 4.275000 0.000191
1.988000 4.275000 0.000190
2.063000 4.275000 0.000190
2.138000 4.275000 0.000189
2.213000 4.275000 0.000188
2.288000 4.275000 0.000188
2.363000 4.275000 0.000187
2.438000 4.275000 0.000186
2.513000 4.275000 0.000185
2.588000 4.275000 0.000184
2.663000 4.275000 0.000183
2.738000 4.275000 0.000182
2.813000 4.275000 0.000181
2.888000 4.275000 0.000180
2.963000 4.275000 0.000179
3.038000 4.275000 0.000178
3.113000 4.275000 0.000177
3.188000 4.275000 0.000176
3.263000 4.275000 0.000175
3.338000 4.275000 0.000175
3.413000 4.275000 0.000174
3.488000 4.275000 0.000174
3.563000 4.275000 0.000173
3.638000 4.275000 0.000173
3.713000 4.275000 0.000173
3.788000 4.275000 0.000172
3.863000 4.275000 0.000000
-0.037500 4.425000 0.000000
0.037500 4.425000 0.000116
0.112500 4.425000 0.000116
0.187500 4.425000 0.000116
0.262500 4.425000 0.000116
0.337500 4.425000 0.000116
0.412500 4.425000 0.000116
0.487500 4.425000 0.000117
0.562500 4.425000 0.000117
0.637500 4.425000 0.000117
0.712500 4.425000 0.000117
0.787500 4.425000 0.000118
0.862500 4.425000 0.000118
0.937500 4.425000 0.000119
1.012000 4.425000 0.000119
1.087000 4.425000 0.000119
1.163000 4.425000 0.000120
1.238000 4.425000 0.000120
1.313000 4.425000 0.000120
1.388000 4.425000 0.000120
1.463000 4.425000 0.000121
1.538000 4.425000 0.000121
1.613000 4.425000 0.000121
1.688000 4.425000 0.000121
1.763000 4.425000 0.000121
1.838000 4.425000 0.000120
1.913000 4.425000 0.000120
1.988000 4.425000 0.000120
2.063000 4.425000 0.000120
2.138000 4.425000 0.000119
2.213000 4.425000 0.000119
2.288000 4.425000 0.000118
2.363000 4.425000 0.000118
2.438000 4.425000 0.000117
2.513000 4.425000 0.000117
2.588000 4.425000 0.000116
2.663000 4.425000 0.000115
2.738000 4.425000 0.000115
2.813000 4.425000 0.000114
2.888000 4.425000 0.000114
2.963000 4.425000 0.000113
3.038000 4.425000 0.000112
3.113000 4.425000 0.000112
3.188000 4.425000 0.000111
3.263000 4.425000 0.000111
3.338000 4.425000 0.000110
3.413000 4.425000 0.000110
3.488000 4.425000 0.000110
3.563000 4.425000 0.000109
3.638000 4.425000 0.000109
3.713000 4.425000 0.000109
3.788000 4.425000 0.000109
3.863000 4.425000 0.000000
-0.037500 4.575000 0.000000
0.037500 4.575000 0.000073
0.112500 4.575000 0.000074
0.187500 4.575000 0.000074
0.262500 4.575000 0.000074
0.337500 4.575000 0.000074
0.412500 4.575000 0.000074
0.487500 4.575000 0.000074
0.562500 4.575000 0.000074
0.637500 4.575000 0.000074
0.712500 4.575000 0.000075
0.787500 4.575000 0.000075
0.862500 4.575000 0.000075
0.937500 4.575000 0.000075
1.012000 4.575000 0.000076
1.087000 4.575000 0.000076
1.163000 4.575000 0.000076
1.238000 4.575000 0.000076
1.313000 4.575000 0.000076
1.388000 4.575000 0.000076
1.463000 4.575000 0.000076
1.538000 4.575000 0.000076
1.613000 4.575000 0.000076
1.688000 4.575000 0.000076
1.763000 4.575000 0.000076
1.838000 4.575000 0.000076
1.913000 4.575000 0.000076
1.988000 4.575000 0.000076
2.063000 4.575000 0.000076
2.138000 4.575000 0.000076
2.213000 4.575000 0.000075
2.288000 4.575000 0.000075
2.363000 4.575000 0.000075
2.438000 4.575000 0.000074
2.513000 4.575000 0.000074
2.588000 4.575000 0.000074
2.663000 4.575000 0.000073
2.738000 4.575000 0.000073
2.813000 4.575000 0.000072
2.888000 4.575000 0.000072
2.963000 4.575000 0.000072
3.038000 4.575000 0.000071
3.113000 4.575000 0.000071
3.188000 4.575000 0.000071
3.263000 4.575000 0.000070
3.338000 4.575000 0.000070
3.413000 4.575000 0.000070
3.488000 4.575000 0.000070
3.563000 4.575000 0.000070
3.638000 4.575000 0.000069
3.713000 4.575000 0.000069
3.788000 4.575000 0.000069
3.863000 4.575000 0.000000
-0.037500 4.725000 0.000000
0.037500 4.725000 0.000048
0.112500 4.725000 0.000048
0.187500 4.725000 0.000048
0.262500 4.725000 0.000048
0.337500 4.725000 0.000048
0.412500 4.725000 0.000048
0.487500 4.725000 0.000048
0.562500 4.725000 0.000048
0.637500 4.725000 0.000048
0.712500 4.725000 0.000049
0.787500 4.725000 0.000049
0.862500 4.725000 0.000049
0.937500 4.725000 0.000049
1.012000 4.725000 0.000049
1.087000 4.725000 0.000049
1.163000 4.725000 0.000049
1.238000 4.725000 0.000049
1.313000 4.725000 0.000049
1.388000 4.725000 0.000050
1.463000 4.725000 0.000050
1.538000 4.725000 0.000050
1.613000 4.725000 0.000050
1.688000 4.725000 0.000050
1.763000 4.725000 0.000050
1.838000 4.725000 0.000050
1.913000 4.725000 0.000049
1.988000 4.725000 0.000049
2.063000 4.725000 0.000049
2.138000 4.725000 0.000049
2.213000 4.725000 0.000049
2.288000 4.725000 0.000049
2.363000 4.725000 0.000049
2.438000 4.725000 0.000048
2.513000 4.725000 0.000048
2.588000 4.725000 0.000048
2.663000 4.725000 0.000048
2.738000 4.725000 0.000047
2.813000 4.725000 0.000047
2.888000 4.725000 0.000047
2.963000 4.725000 0.000047
3.038000 4.725000 0.000046
3.113000 4.725000 0.000046
3.188000 4.725000 0.000046
3.263000 4.725000 0.000046
3.338000 4.725000 0.000046
3.413000 4.725000 0.000046
3.488000 4.725000 0.000045
3.563000 4.725000 0.000045
3.638000 4.725000 0.000045
3.713000 4.725000 0.000045
3.788000 4.725000 0.000045
3.863000 4.725000 0.000000
-0.037500 4.875000 0.000000
0.037500 4.875000 0.000033
0.112500 4.875000 0.000033
0.187500 4.875000 0.000033
0.262500 4.875000 0.000033
0.337500 4.875000 0.000033
0.412500 4.875000 0.000033
0.487500 4.875000 0.000034
0.562500 4.875000 0.000034
0.637500 4.875000 0.000034
0.712500 4.875000 0.000034
0.787500 4.875000 0.000034
0.862500 4.875000 0.000034
0.937500 4.875000 0.000034
1.012000 4.875000 0.000034
1.087000 4.875000 0.000034
1.163000 4.875000 0.000034
1.238000 4.875000 0.000034
1.313000 4.875000 0.000034
1.388000 4.875000 0.000034
1.463000 4.875000 0.000034
1.538000 4.875000 0.000034
1.613000 4.875000 0.000034
1.688000 4.875000 0.000034
1.763000 4.875000 0.000034
1.838000 4.875000 0.000034
1.913000 4.875000 0.000034
1.988000 4.875000 0.000034
2.063000 4.875000 0.000034
2.138000 4.875000 0.000034
2.213000 4.875000 0.000034
2.288000 4.875000 0.000034
2.363000 4.875000 0.000034
2.438000 4.875000 0.000034
2.513000 4.875000 0.000033
2.588000 4.875000 0.000033
2.663000 4.875000 0.000033
2.738000 4.875000 0.000033
2.813000 4.875000 0.000033
2.888000 4.875000 0.000033
2.963000 4.875000 0.000032
3.038000 4.875000 0.000032
3.113000 4.875000 0.000032
3.188000 4.875000 0.000032
3.263000 4.875000 0.000032
3.338000 4.875000 0.000032
3.413000 4.875000 0.000032
3.488000 4.875000 0.000032
3.563000 4.875000 0.000032
3.638000 4.875000 0.000031
3.713000 4.875000 0.000031
3.788000 4.875000 0.000031
3.863000 4.875000 0.000000
-0.037500 5.025000 0.000000
0.037500 5.025000 0.000027
0.112500 5.025000 0.000027
0.187500 5.025000 0.000027
0.262500 5.025000 0.000027
0.337500 5.025000 0.000027
0.412500 5.025000 0.000027
0.487500 5.025000 0.000027
0.562500 5.025000 0.000027
0.637500 5.025000 0.000027
0.712500 5.025000 0.000027
0.787500 5.025000 0.000027
0.862500 5.025000 0.000027
0.937500 5.025000 0.000027
1.012000 5.025000 0.000027
1.087000 5.025000 0.000027
1.163000 5.025000 0.000027
1.238000 5.025000 0.000027
1.313000 5.025000 0.000028
1.388000 5.025000 0.000028
1.463000 5.025000 0.000028
1.538000 5.025000 0.000028
1.613000 5.025000 0.000028
1.688000 5.025000 0.000028
1.763000 5.025000 0.000028
1.838000 5.025000 0.000028
1.913000 5.025000 0.000027
1.988000 5.025000 0.000027
2.063000 5.025000 0.000027
2.138000 5.025000 0.000027
2.213000 5.025000 0.000027
2.288000 5.025000 0.000027
2.363000 5.025000 0.000027
2.438000 5.025000 0.000027
2.513000 5.025000 0.000027
2.588000 5.025000 0.000027
2.663000 5.025000 0.000027
2.738000 5.025000 0.000026
2.813000 5.025000 0.000026
2.888000 5.025000 0.000026
2.963000 5.025000 0.000026
3.038000 5.025000 0.000026
3.113000 5.025000 0.000026
3.188000 5.025000 0.000026
3.263000 5.025000 0.000026
3.338000 5.025000 0.000026
3.413000 5.025000 0.000025
3.488000 5.025000 0.000025
3.563000 5.025000 0.000025
3.638000 5.025000 0.000025
3.713000 5.025000 0.000025
3.788000 5.025000 0.000025
3.863000 5.025000 0.000000
-0.037500 5.175000 0.000000
0.037500 5.175000 0.000000
0.112500 5.175000 0.000000
0.187500 5.175000 0.000000
0.262500 5.175000 0.000000
0.337500 5.175000 0.000000
0.412500 5.175000 0.000000
0.487500 5.175000 0.000000
0.562500 5.175000 0.000000
0.637500 5.175000 0.000000
0.712500 5.175000 0.000000
0.787500 5.175000 0.000000
0.862500 5.175000 0.000000
0.937500 5.175000 0.000000
1.012000 5.175000 0.000000
1.087000 5.175000 0.000000
1.163000 5.175000 0.000000
1.238000 5.175000 0.000000
1.313000 5.175000 0.000000
1.388000 5.175000 0.000000
1.463000 5.175000 0.000000
1.538000 5.175000 0.000000
1.613000 5.175000 0.000000
1.688000 5.175000 0.000000
1.763000 5.175000 0.000000
1.838000 5.175000 0.000000
1.913000 5.175000 0.000000
1.988000 5.175000 0.000000
2.063000 5.175000 0.000000
2.138000 5.175000 0.000000
2.213000 5.175000 0.000000
2.288000 5.175000 0.000000
2.363000 5.175000 0.000000
2.438000 5.175000 0.000000
2.513000 5.175000 0.000000
2.588000 5.175000 0.000000
2.663000 5.175000 0.000000
2.738000 5.175000 0.000000
2.813000 5.175000 0.000000
2.888000 5.175000 0.000000
2.963000 5.175000 0.000000
3.038000 5.175000 0.000000
3.113000 5.175000 0.000000
3.188000 5.175000 0.000000
3.263000 5.175000 0.000000
3.338000 5.175000 0.000000
3.413000 5.175000 0.000000
3.488000 5.175000 0.000000
3.563000 5.175000 0.000000
3.638000 5.175000 0.000000
3.713000 5.175000 0.000000
3.788000 5.175000 0.000000
3.863000 5.175000 0.000000
