-0.037500 -0.075000 0.000000
0.037500 -0.075000 0.000000
0.112500 -0.075000 0.000000
0.187500 -0.075000 0.000000
0.262500 -0.075000 0.000000
0.337500 -0.075000 0.000000
0.412500 -0.075000 0.000000
0.487500 -0.075000 0.000000
0.562500 -0.075000 0.000000
0.637500 -0.075000 0.000000
0.712500 -0.075000 0.000000
0.787500 -0.075000 0.000000
0.862500 -0.075000 0.000000
0.937500 -0.075000 0.000000
1.012000 -0.075000 0.000000
1.087000 -0.075000 0.000000
1.163000 -0.075000 0.000000
1.238000 -0.075000 0.000000
1.313000 -0.075000 0.000000
1.388000 -0.075000 0.000000
1.463000 -0.075000 0.000000
1.538000 -0.075000 0.000000
1.613000 -0.075000 0.000000
1.688000 -0.075000 0.000000
1.763000 -0.075000 0.000000
1.838000 -0.075000 0.000000
1.913000 -0.075000 0.000000
1.988000 -0.075000 0.000000
2.063000 -0.075000 0.000000
2.138000 -0.075000 0.000000
2.213000 -0.075000 0.000000
2.288000 -0.075000 0.000000
2.363000 -0.075000 0.000000
2.438000 -0.075000 0.000000
2.513000 -0.075000 0.000000
2.588000 -0.075000 0.000000
2.663000 -0.075000 0.000000
2.738000 -0.075000 0.000000
2.813000 -0.075000 0.000000
2.888000 -0.075000 0.000000
2.963000 -0.075000 0.000000
3.038000 -0.075000 0.000000
3.113000 -0.075000 0.000000
3.188000 -0.075000 0.000000
3.263000 -0.075000 0.000000
3.338000 -0.075000 0.000000
3.413000 -0.075000 0.000000
3.488000 -0.075000 0.000000
3.563000 -0.075000 0.000000
3.638000 -0.075000 0.000000
3.713000 -0.075000 0.000000
3.788000 -0.075000 0.000000
3.863000 -0.075000 0.000000
-0.037500 0.075000 0.000000
0.037500 0.075000 0.034650
0.112500 0.075000 0.069310
0.187500 0.075000 0.104000
0.262500 0.075000 0.138600
0.337500 0.075000 0.173200
0.412500 0.075000 0.207800
0.487500 0.075000 0.242400
0.562500 0.075000 0.276900
0.637500 0.075000 0.311300
0.712500 0.075000 0.345400
0.787500 0.075000 0.379400
0.862500 0.075000 0.413000
0.937500 0.075000 0.446200
1.012000 0.075000 0.478800
1.087000 0.075000 0.510600
1.163000 0.075000 0.541500
1.238000 0.075000 0.571100
1.313000 0.075000 0.599200
1.388000 0.075000 0.625500
1.463000 0.075000 0.649600
1.538000 0.075000 0.671000
1.613000 0.075000 0.689500
1.688000 0.075000 0.704800
1.763000 0.075000 0.716300
1.838000 0.075000 0.724000
1.913000 0.075000 0.727700
1.988000 0.075000 0.727400
2.063000 0.075000 0.723200
2.138000 0.075000 0.715500
2.213000 0.075000 0.704600
2.288000 0.075000 0.690900
2.363000 0.075000 0.675000
2.438000 0.075000 0.657300
2.513000 0.075000 0.638300
2.588000 0.075000 0.618400
2.663000 0.075000 0.598000
2.738000 0.075000 0.577400
2.813000 0.075000 0.556800
2.888000 0.075000 0.536600
2.963000 0.075000 0.516700
3.038000 0.075000 0.497400
3.113000 0.075000 0.478700
3.188000 0.075000 0.460600
3.263000 0.075000 0.443200
3.338000 0.075000 0.426600
3.413000 0.075000 0.410600
3.488000 0.075000 0.395400
3.563000 0.075000 0.380800
3.638000 0.075000 0.366900
3.713000 0.075000 0.353700
3.788000 0.075000 0.341000
3.863000 0.075000 0.000000
-0.037500 0.225000 0.000000
0.037500 0.225000 0.034650
0.112500 0.225000 0.069310
0.187500 0.225000 0.104000
0.262500 0.225000 0.138600
0.337500 0.225000 0.173200
0.412500 0.225000 0.207800
0.487500 0.225000 0.242400
0.562500 0.225000 0.276900
0.637500 0.225000 0.311300
0.712500 0.225000 0.345400
0.787500 0.225000 0.379400
0.862500 0.225000 0.413000
0.937500 0.225000 0.446200
1.012000 0.225000 0.478800
1.087000 0.225000 0.510600
1.163000 0.225000 0.541500
1.238000 0.225000 0.571100
1.313000 0.225000 0.599200
1.388000 0.225000 0.625500
1.463000 0.225000 0.649600
1.538000 0.225000 0.671000
1.613000 0.225000 0.689500
1.688000 0.225000 0.704800
1.763000 0.225000 0.716300
1.838000 0.225000 0.724000
1.913000 0.225000 0.727700
1.988000 0.225000 0.727400
2.063000 0.225000 0.723200
2.138000 0.225000 0.715500
2.213000 0.225000 0.704600
2.288000 0.225000 0.690900
2.363000 0.225000 0.675000
2.438000 0.225000 0.657300
2.513000 0.225000 0.638300
2.588000 0.225000 0.618400
2.663000 0.225000 0.598000
2.738000 0.225000 0.577400
2.813000 0.225000 0.556800
2.888000 0.225000 0.536600
2.963000 0.225000 0.516700
3.038000 0.225000 0.497400
3.113000 0.225000 0.478700
3.188000 0.225000 0.460600
3.263000 0.225000 0.443200
3.338000 0.225000 0.426600
3.413000 0.225000 0.410600
3.488000 0.225000 0.395400
3.563000 0.225000 0.380800
3.638000 0.225000 0.366900
3.713000 0.225000 0.353700
3.788000 0.225000 0.341000
3.863000 0.225000 0.000000
-0.037500 0.375000 0.000000
0.037500 0.375000 0.277400
0.112500 0.375000 0.286900
0.187500 0.375000 0.302100
0.262500 0.375000 0.321000
0.337500 0.375000 0.342500
0.412500 0.375000 0.365700
0.487500 0.375000 0.390300
0.562500 0.375000 0.415700
0.637500 0.375000 0.441700
0.712500 0.375000 0.468100
0.787500 0.375000 0.494600
0.862500 0.375000 0.521100
0.937500 0.375000 0.547300
1.012000 0.375000 0.573100
1.087000 0.375000 0.598200
1.163000 0.375000 0.622500
1.238000 0.375000 0.645600
1.313000 0.375000 0.667400
1.388000 0.375000 0.687600
1.463000 0.375000 0.705900
1.538000 0.375000 0.722000
1.613000 0.375000 0.735700
1.688000 0.375000 0.746800
1.763000 0.375000 0.755100
1.838000 0.375000 0.760300
1.913000 0.375000 0.762600
1.988000 0.375000 0.761900
2.063000 0.375000 0.758400
2.138000 0.375000 0.752100
2.213000 0.375000 0.743400
2.288000 0.375000 0.732500
2.363000 0.375000 0.719700
2.438000 0.375000 0.705500
2.513000 0.375000 0.690000
2.588000 0.375000 0.673700
2.663000 0.375000 0.656800
2.738000 0.375000 0.639600
2.813000 0.375000 0.622300
2.888000 0.375000 0.605100
2.963000 0.375000 0.588200
3.038000 0.375000 0.571600
3.113000 0.375000 0.555600
3.188000 0.375000 0.540200
3.263000 0.375000 0.525500
3.338000 0.375000 0.511600
3.413000 0.375000 0.498600
3.488000 0.375000 0.486700
3.563000 0.375000 0.475900
3.638000 0.375000 0.466700
3.713000 0.375000 0.459400
3.788000 0.375000 0.455000
3.863000 0.375000 0.000000
-0.037500 0.525000 0.000000
0.037500 0.525000 0.431800
0.112500 0.525000 0.435700
0.187500 0.525000 0.443000
0.262500 0.525000 0.453000
0.337500 0.525000 0.465200
0.412500 0.525000 0.479100
0.487500 0.525000 0.494400
0.562500 0.525000 0.510800
0.637500 0.525000 0.527900
0.712500 0.525000 0.545600
0.787500 0.525000 0.563600
0.862500 0.525000 0.581700
0.937500 0.525000 0.599700
1.012000 0.525000 0.617500
1.087000 0.525000 0.634800
1.163000 0.525000 0.651500
1.238000 0.525000 0.667400
1.313000 0.525000 0.682200
1.388000 0.525000 0.695700
1.463000 0.525000 0.707900
1.538000 0.525000 0.718500
1.613000 0.525000 0.727400
1.688000 0.525000 0.734400
1.763000 0.525000 0.739500
1.838000 0.525000 0.742500
1.913000 0.525000 0.743500
1.988000 0.525000 0.742500
2.063000 0.525000 0.739500
2.138000 0.525000 0.734700
2.213000 0.525000 0.728200
2.288000 0.525000 0.720100
2.363000 0.525000 0.710700
2.438000 0.525000 0.700200
2.513000 0.525000 0.688800
2.588000 0.525000 0.676700
2.663000 0.525000 0.664100
2.738000 0.525000 0.651100
2.813000 0.525000 0.638000
2.888000 0.525000 0.625000
2.963000 0.525000 0.612100
3.038000 0.525000 0.599500
3.113000 0.525000 0.587400
3.188000 0.525000 0.575800
3.263000 0.525000 0.564900
3.338000 0.525000 0.554700
3.413000 0.525000 0.545400
3.488000 0.525000 0.537200
3.563000 0.525000 0.530100
3.638000 0.525000 0.524400
3.713000 0.525000 0.520400
3.788000 0.525000 0.518200
3.863000 0.525000 0.000000
-0.037500 0.675000 0.000000
0.037500 0.675000 0.506100
0.112500 0.675000 0.508100
0.187500 0.675000 0.512000
0.262500 0.675000 0.517600
0.337500 0.675000 0.524700
0.412500 0.675000 0.533100
0.487500 0.675000 0.542700
0.562500 0.675000 0.553100
0.637500 0.675000 0.564300
0.712500 0.675000 0.576100
0.787500 0.675000 0.588200
0.862500 0.675000 0.600500
0.937500 0.675000 0.612800
1.012000 0.675000 0.624900
1.087000 0.675000 0.636800
1.163000 0.675000 0.648100
1.238000 0.675000 0.658900
1.313000 0.675000 0.668900
1.388000 0.675000 0.677900
1.463000 0.675000 0.686000
1.538000 0.675000 0.692900
1.613000 0.675000 0.698600
1.688000 0.675000 0.702900
1.763000 0.675000 0.705900
1.838000 0.675000 0.707500
1.913000 0.675000 0.707700
1.988000 0.675000 0.706500
2.063000 0.675000 0.704000
2.138000 0.675000 0.700100
2.213000 0.675000 0.695100
2.288000 0.675000 0.689000
2.363000 0.675000 0.681900
2.438000 0.675000 0.674000
2.513000 0.675000 0.665400
2.588000 0.675000 0.656300
2.663000 0.675000 0.646800
2.738000 0.675000 0.636900
2.813000 0.675000 0.627000
2.888000 0.675000 0.617100
2.963000 0.675000 0.607300
3.038000 0.675000 0.597700
3.113000 0.675000 0.588500
3.188000 0.675000 0.579800
3.263000 0.675000 0.571700
3.338000 0.675000 0.564200
3.413000 0.675000 0.557600
3.488000 0.675000 0.551800
3.563000 0.675000 0.547000
3.638000 0.675000 0.543300
3.713000 0.675000 0.540800
3.788000 0.675000 0.539600
3.863000 0.675000 0.000000
-0.037500 0.825000 0.000000
0.037500 0.825000 0.524100
0.112500 0.825000 0.525600
0.187500 0.825000 0.528500
0.262500 0.825000 0.532800
0.337500 0.825000 0.538300
0.412500 0.825000 0.544900
0.487500 0.825000 0.552500
0.562500 0.825000 0.560900
0.637500 0.825000 0.569900
0.712500 0.825000 0.579400
0.787500 0.825000 0.589300
0.862500 0.825000 0.599400
0.937500 0.825000 0.609500
1.012000 0.825000 0.619500
1.087000 0.825000 0.629200
1.163000 0.825000 0.638500
1.238000 0.825000 0.647300
1.313000 0.825000 0.655500
1.388000 0.825000 0.662800
1.463000 0.825000 0.669400
1.538000 0.825000 0.674900
1.613000 0.825000 0.679400
1.688000 0.825000 0.682800
1.763000 0.825000 0.685000
1.838000 0.825000 0.686100
1.913000 0.825000 0.686000
1.988000 0.825000 0.684800
2.063000 0.825000 0.682400
2.138000 0.825000 0.678900
2.213000 0.825000 0.674500
2.288000 0.825000 0.669100
2.363000 0.825000 0.662900
2.438000 0.825000 0.656000
2.513000 0.825000 0.648500
2.588000 0.825000 0.640600
2.663000 0.825000 0.632200
2.738000 0.825000 0.623700
2.813000 0.825000 0.615000
2.888000 0.825000 0.606300
2.963000 0.825000 0.597800
3.038000 0.825000 0.589500
3.113000 0.825000 0.581500
3.188000 0.825000 0.573900
3.263000 0.825000 0.566900
3.338000 0.825000 0.560600
3.413000 0.825000 0.554900
3.488000 0.825000 0.550000
3.563000 0.825000 0.546100
3.638000 0.825000 0.543000
3.713000 0.825000 0.541000
3.788000 0.825000 0.539900
3.863000 0.825000 0.000000
-0.037500 0.975000 0.000000
0.037500 0.975000 0.527400
0.112500 0.975000 0.528600
0.187500 0.975000 0.531000
0.262500 0.975000 0.534400
0.337500 0.975000 0.538900
0.412500 0.975000 0.544400
0.487500 0.975000 0.550600
0.562500 0.975000 0.557600
0.637500 0.975000 0.565100
0.712500 0.975000 0.573100
0.787500 0.975000 0.581300
0.862500 0.975000 0.589800
0.937500 0.975000 0.598300
1.012000 0.975000 0.606700
1.087000 0.975000 0.614900
1.163000 0.975000 0.622800
1.238000 0.975000 0.630200
1.313000 0.975000 0.637000
1.388000 0.975000 0.643100
1.463000 0.975000 0.648600
1.538000 0.975000 0.653100
1.613000 0.975000 0.656800
1.688000 0.975000 0.659500
1.763000 0.975000 0.661200
1.838000 0.975000 0.662000
1.913000 0.975000 0.661700
1.988000 0.975000 0.660400
2.063000 0.975000 0.658200
2.138000 0.975000 0.655000
2.213000 0.975000 0.651000
2.288000 0.975000 0.646200
2.363000 0.975000 0.640600
2.438000 0.975000 0.634500
2.513000 0.975000 0.627800
2.588000 0.975000 0.620700
2.663000 0.975000 0.613400
2.738000 0.975000 0.605800
2.813000 0.975000 0.598000
2.888000 0.975000 0.590400
2.963000 0.975000 0.582800
3.038000 0.975000 0.575400
3.113000 0.975000 0.568400
3.188000 0.975000 0.561700
3.263000 0.975000 0.555500
3.338000 0.975000 0.549900
3.413000 0.975000 0.545000
3.488000 0.975000 0.540800
3.563000 0.975000 0.537400
3.638000 0.975000 0.534700
3.713000 0.975000 0.533000
3.788000 0.975000 0.532100
3.863000 0.975000 0.000000
-0.037500 1.125000 0.000000
0.037500 1.125000 0.519100
0.112500 1.125000 0.520100
0.187500 1.125000 0.522100
0.262500 1.125000 0.525100
0.337500 1.125000 0.529000
0.412500 1.125000 0.533700
0.487500 1.125000 0.539100
0.562500 1.125000 0.545100
0.637500 1.125000 0.551700
0.712500 1.125000 0.558700
0.787500 1.125000 0.565900
0.862500 1.125000 0.573300
0.937500 1.125000 0.580800
1.012000 1.125000 0.588200
1.087000 1.125000 0.595400
1.163000 1.125000 0.602300
1.238000 1.125000 0.608800
1.313000 1.125000 0.614700
1.388000 1.125000 0.620100
1.463000 1.125000 0.624800
1.538000 1.125000 0.628800
1.613000 1.125000 0.631900
1.688000 1.125000 0.634200
1.763000 1.125000 0.635600
1.838000 1.125000 0.636100
1.913000 1.125000 0.635800
1.988000 1.125000 0.634500
2.063000 1.125000 0.632400
2.138000 1.125000 0.629400
2.213000 1.125000 0.625700
2.288000 1.125000 0.621300
2.363000 1.125000 0.616200
2.438000 1.125000 0.610600
2.513000 1.125000 0.604500
2.588000 1.125000 0.598000
2.663000 1.125000 0.591300
2.738000 1.125000 0.584400
2.813000 1.125000 0.577400
2.888000 1.125000 0.570400
2.963000 1.125000 0.563500
3.038000 1.125000 0.556800
3.113000 1.125000 0.550400
3.188000 1.125000 0.544300
3.263000 1.125000 0.538700
3.338000 1.125000 0.533700
3.413000 1.125000 0.529200
3.488000 1.125000 0.525500
3.563000 1.125000 0.522400
3.638000 1.125000 0.520000
3.713000 1.125000 0.518500
3.788000 1.125000 0.517700
3.863000 1.125000 0.000000
-0.037500 1.275000 0.000000
0.037500 1.275000 0.483000
0.112500 1.275000 0.483900
0.187500 1.275000 0.485600
0.262500 1.275000 0.488100
0.337500 1.275000 0.491400
0.412500 1.275000 0.495400
0.487500 1.275000 0.500000
0.562500 1.275000 0.505200
0.637500 1.275000 0.510800
0.712500 1.275000 0.516800
0.787500 1.275000 0.523000
0.862500 1.275000 0.529300
0.937500 1.275000 0.535700
1.012000 1.275000 0.542100
1.087000 1.275000 0.548200
1.163000 1.275000 0.554100
1.238000 1.275000 0.559700
1.313000 1.275000 0.564800
1.388000 1.275000 0.569400
1.463000 1.275000 0.573400
1.538000 1.275000 0.576700
1.613000 1.275000 0.579400
1.688000 1.275000 0.581300
1.763000 1.275000 0.582400
1.838000 1.275000 0.582800
1.913000 1.275000 0.582400
1.988000 1.275000 0.581200
2.063000 1.275000 0.579300
2.138000 1.275000 0.576600
2.213000 1.275000 0.573300
2.288000 1.275000 0.569400
2.363000 1.275000 0.564900
2.438000 1.275000 0.559900
2.513000 1.275000 0.554500
2.588000 1.275000 0.548800
2.663000 1.275000 0.542800
2.738000 1.275000 0.536700
2.813000 1.275000 0.530500
2.888000 1.275000 0.524300
2.963000 1.275000 0.518300
3.038000 1.275000 0.512400
3.113000 1.275000 0.506700
3.188000 1.275000 0.501400
3.263000 1.275000 0.496500
3.338000 1.275000 0.492100
3.413000 1.275000 0.488200
3.488000 1.275000 0.484900
3.563000 1.275000 0.482200
3.638000 1.275000 0.480100
3.713000 1.275000 0.478700
3.788000 1.275000 0.478000
3.863000 1.275000 0.000000
-0.037500 1.425000 0.000000
0.037500 1.425000 0.421200
0.112500 1.425000 0.421900
0.187500 1.425000 0.423200
0.262500 1.425000 0.425200
0.337500 1.425000 0.427700
0.412500 1.425000 0.430800
0.487500 1.425000 0.434400
0.562500 1.425000 0.438400
0.637500 1.425000 0.442800
0.712500 1.425000 0.447500
0.787500 1.425000 0.452300
0.862500 1.425000 0.457300
0.937500 1.425000 0.462300
1.012000 1.425000 0.467200
1.087000 1.425000 0.472000
1.163000 1.425000 0.476600
1.238000 1.425000 0.481000
1.313000 1.425000 0.484900
1.388000 1.425000 0.488500
1.463000 1.425000 0.491600
1.538000 1.425000 0.494100
1.613000 1.425000 0.496100
1.688000 1.425000 0.497600
1.763000 1.425000 0.498400
1.838000 1.425000 0.498600
1.913000 1.425000 0.498100
1.988000 1.425000 0.497100
2.063000 1.425000 0.495400
2.138000 1.425000 0.493200
2.213000 1.425000 0.490500
2.288000 1.425000 0.487300
2.363000 1.425000 0.483600
2.438000 1.425000 0.479500
2.513000 1.425000 0.475100
2.588000 1.425000 0.470500
2.663000 1.425000 0.465600
2.738000 1.425000 0.460700
2.813000 1.425000 0.455600
2.888000 1.425000 0.450600
2.963000 1.425000 0.445700
3.038000 1.425000 0.440900
3.113000 1.425000 0.436300
3.188000 1.425000 0.432100
3.263000 1.425000 0.428100
3.338000 1.425000 0.424500
3.413000 1.425000 0.421400
3.488000 1.425000 0.418700
3.563000 1.425000 0.416500
3.638000 1.425000 0.414900
3.713000 1.425000 0.413800
3.788000 1.425000 0.413200
3.863000 1.425000 0.000000
-0.037500 1.575000 0.000000
0.037500 1.575000 0.357400
0.112500 1.575000 0.357900
0.187500 1.575000 0.358900
0.262500 1.575000 0.360400
0.337500 1.575000 0.362300
0.412500 1.575000 0.364600
0.487500 1.575000 0.367400
0.562500 1.575000 0.370400
0.637500 1.575000 0.373800
0.712500 1.575000 0.377300
0.787500 1.575000 0.381000
0.862500 1.575000 0.384800
0.937500 1.575000 0.388600
1.012000 1.575000 0.392300
1.087000 1.575000 0.396000
1.163000 1.575000 0.399500
1.238000 1.575000 0.402800
1.313000 1.575000 0.405800
1.388000 1.575000 0.408500
1.463000 1.575000 0.410800
1.538000 1.575000 0.412700
1.613000 1.575000 0.414200
1.688000 1.575000 0.415200
1.763000 1.575000 0.415700
1.838000 1.575000 0.415800
1.913000 1.575000 0.415400
1.988000 1.575000 0.414500
2.063000 1.575000 0.413200
2.138000 1.575000 0.411400
2.213000 1.575000 0.409100
2.288000 1.575000 0.406600
2.363000 1.575000 0.403600
2.438000 1.575000 0.400400
2.513000 1.575000 0.396900
2.588000 1.575000 0.393200
2.663000 1.575000 0.389400
2.738000 1.575000 0.385400
2.813000 1.575000 0.381400
2.888000 1.575000 0.377500
2.963000 1.575000 0.373600
3.038000 1.575000 0.369800
3.113000 1.575000 0.366200
3.188000 1.575000 0.362800
3.263000 1.575000 0.359700
3.338000 1.575000 0.356900
3.413000 1.575000 0.354400
3.488000 1.575000 0.352300
3.563000 1.575000 0.350600
3.638000 1.575000 0.349300
3.713000 1.575000 0.348400
3.788000 1.575000 0.348000
3.863000 1.575000 0.000000
-0.037500 1.725000 0.000000
0.037500 1.725000 0.295300
0.112500 1.725000 0.295600
0.187500 1.725000 0.296400
0.262500 1.725000 0.297500
0.337500 1.725000 0.298900
0.412500 1.725000 0.300700
0.487500 1.725000 0.302700
0.562500 1.725000 0.304900
0.637500 1.725000 0.307400
0.712500 1.725000 0.310000
0.787500 1.725000 0.312800
0.862500 1.725000 0.315600
0.937500 1.725000 0.318400
1.012000 1.725000 0.321200
1.087000 1.725000 0.323900
1.163000 1.725000 0.326400
1.238000 1.725000 0.328900
1.313000 1.725000 0.331100
1.388000 1.725000 0.333000
1.463000 1.725000 0.334700
1.538000 1.725000 0.336100
1.613000 1.725000 0.337200
1.688000 1.725000 0.337900
1.763000 1.725000 0.338200
1.838000 1.725000 0.338200
1.913000 1.725000 0.337800
1.988000 1.725000 0.337100
2.063000 1.725000 0.336000
2.138000 1.725000 0.334600
2.213000 1.725000 0.332800
2.288000 1.725000 0.330800
2.363000 1.725000 0.328500
2.438000 1.725000 0.326000
2.513000 1.725000 0.323300
2.588000 1.725000 0.320500
2.663000 1.725000 0.317500
2.738000 1.725000 0.314500
2.813000 1.725000 0.311400
2.888000 1.725000 0.308400
2.963000 1.725000 0.305400
3.038000 1.725000 0.302500
3.113000 1.725000 0.299700
3.188000 1.725000 0.297100
3.263000 1.725000 0.294700
3.338000 1.725000 0.292600
3.413000 1.725000 0.290700
3.488000 1.725000 0.289100
3.563000 1.725000 0.287700
3.638000 1.725000 0.286800
3.713000 1.725000 0.286100
3.788000 1.725000 0.285800
3.863000 1.725000 0.000000
-0.037500 1.875000 0.000000
0.037500 1.875000 0.237400
0.112500 1.875000 0.237700
0.187500 1.875000 0.238200
0.262500 1.875000 0.239000
0.337500 1.875000 0.240000
0.412500 1.875000 0.241200
0.487500 1.875000 0.242700
0.562500 1.875000 0.244300
0.637500 1.875000 0.246000
0.712500 1.875000 0.247900
0.787500 1.875000 0.249900
0.862500 1.875000 0.251800
0.937500 1.875000 0.253900
1.012000 1.875000 0.255800
1.087000 1.875000 0.257800
1.163000 1.875000 0.259600
1.238000 1.875000 0.261300
1.313000 1.875000 0.262900
1.388000 1.875000 0.264200
1.463000 1.875000 0.265400
1.538000 1.875000 0.266400
1.613000 1.875000 0.267100
1.688000 1.875000 0.267500
1.763000 1.875000 0.267700
1.838000 1.875000 0.267700
1.913000 1.875000 0.267300
1.988000 1.875000 0.266800
2.063000 1.875000 0.265900
2.138000 1.875000 0.264800
2.213000 1.875000 0.263500
2.288000 1.875000 0.262000
2.363000 1.875000 0.260300
2.438000 1.875000 0.258400
2.513000 1.875000 0.256400
2.588000 1.875000 0.254200
2.663000 1.875000 0.252000
2.738000 1.875000 0.249800
2.813000 1.875000 0.247500
2.888000 1.875000 0.245200
2.963000 1.875000 0.243000
3.038000 1.875000 0.240800
3.113000 1.875000 0.238800
3.188000 1.875000 0.236900
3.263000 1.875000 0.235100
3.338000 1.875000 0.233500
3.413000 1.875000 0.232100
3.488000 1.875000 0.230900
3.563000 1.875000 0.229900
3.638000 1.875000 0.229200
3.713000 1.875000 0.228700
3.788000 1.875000 0.228500
3.863000 1.875000 0.000000
-0.037500 2.025000 0.000000
0.037500 2.025000 0.185000
0.112500 2.025000 0.185200
0.187500 2.025000 0.185500
0.262500 2.025000 0.186100
0.337500 2.025000 0.186800
0.412500 2.025000 0.187600
0.487500 2.025000 0.188600
0.562500 2.025000 0.189600
0.637500 2.025000 0.190800
0.712500 2.025000 0.192100
0.787500 2.025000 0.193400
0.862500 2.025000 0.194700
0.937500 2.025000 0.196000
1.012000 2.025000 0.197400
1.087000 2.025000 0.198600
1.163000 2.025000 0.199900
1.238000 2.025000 0.201000
1.313000 2.025000 0.202000
1.388000 2.025000 0.202900
1.463000 2.025000 0.203700
1.538000 2.025000 0.204300
1.613000 2.025000 0.204700
1.688000 2.025000 0.205000
1.763000 2.025000 0.205100
1.838000 2.025000 0.205000
1.913000 2.025000 0.204700
1.988000 2.025000 0.204200
2.063000 2.025000 0.203600
2.138000 2.025000 0.202800
2.213000 2.025000 0.201900
2.288000 2.025000 0.200700
2.363000 2.025000 0.199500
2.438000 2.025000 0.198200
2.513000 2.025000 0.196700
2.588000 2.025000 0.195200
2.663000 2.025000 0.193700
2.738000 2.025000 0.192100
2.813000 2.025000 0.190500
2.888000 2.025000 0.188900
2.963000 2.025000 0.187300
3.038000 2.025000 0.185800
3.113000 2.025000 0.184300
3.188000 2.025000 0.183000
3.263000 2.025000 0.181800
3.338000 2.025000 0.180600
3.413000 2.025000 0.179700
3.488000 2.025000 0.178800
3.563000 2.025000 0.178100
3.638000 2.025000 0.177600
3.713000 2.025000 0.177300
3.788000 2.025000 0.177100
3.863000 2.025000 0.000000
-0.037500 2.175000 0.000000
0.037500 2.175000 0.138600
0.112500 2.175000 0.138800
0.187500 2.175000 0.139000
0.262500 2.175000 0.139300
0.337500 2.175000 0.139700
0.412500 2.175000 0.140200
0.487500 2.175000 0.140700
0.562500 2.175000 0.141400
0.637500 2.175000 0.142100
0.712500 2.175000 0.142800
0.787500 2.175000 0.143500
0.862500 2.175000 0.144300
0.937500 2.175000 0.145100
1.012000 2.175000 0.145900
1.087000 2.175000 0.146600
1.163000 2.175000 0.147300
1.238000 2.175000 0.148000
1.313000 2.175000 0.148500
1.388000 2.175000 0.149000
1.463000 2.175000 0.149400
1.538000 2.175000 0.149800
1.613000 2.175000 0.150000
1.688000 2.175000 0.150100
1.763000 2.175000 0.150100
1.838000 2.175000 0.150000
1.913000 2.175000 0.149800
1.988000 2.175000 0.149400
2.063000 2.175000 0.149000
2.138000 2.175000 0.148400
2.213000 2.175000 0.147800
2.288000 2.175000 0.147000
2.363000 2.175000 0.146200
2.438000 2.175000 0.145400
2.513000 2.175000 0.144400
2.588000 2.175000 0.143500
2.663000 2.175000 0.142400
2.738000 2.175000 0.141400
2.813000 2.175000 0.140400
2.888000 2.175000 0.139400
2.963000 2.175000 0.138400
3.038000 2.175000 0.137400
3.113000 2.175000 0.136500
3.188000 2.175000 0.135600
3.263000 2.175000 0.134800
3.338000 2.175000 0.134100
3.413000 2.175000 0.133500
3.488000 2.175000 0.133000
3.563000 2.175000 0.132600
3.638000 2.175000 0.132200
3.713000 2.175000 0.132000
3.788000 2.175000 0.131900
3.863000 2.175000 0.000000
-0.037500 2.325000 0.000000
0.037500 2.325000 0.111700
0.112500 2.325000 0.111800
0.187500 2.325000 0.111900
0.262500 2.325000 0.112100
0.337500 2.325000 0.112300
0.412500 2.325000 0.112600
0.487500 2.325000 0.113000
0.562500 2.325000 0.113300
0.637500 2.325000 0.113700
0.712500 2.325000 0.114200
0.787500 2.325000 0.114600
0.862500 2.325000 0.115100
0.937500 2.325000 0.115500
1.012000 2.325000 0.116000
1.087000 2.325000 0.116400
1.163000 2.325000 0.116800
1.238000 2.325000 0.117200
1.313000 2.325000 0.117500
1.388000 2.325000 0.117700
1.463000 2.325000 0.117900
1.538000 2.325000 0.118100
1.613000 2.325000 0.118200
1.688000 2.325000 0.118200
1.763000 2.325000 0.118100
1.838000 2.325000 0.118000
1.913000 2.325000 0.117800
1.988000 2.325000 0.117600
2.063000 2.325000 0.117200
2.138000 2.325000 0.116800
2.213000 2.325000 0.116400
2.288000 2.325000 0.115900
2.363000 2.325000 0.115300
2.438000 2.325000 0.114700
2.513000 2.325000 0.114100
2.588000 2.325000 0.113400
2.663000 2.325000 0.112700
2.738000 2.325000 0.112000
2.813000 2.325000 0.111300
2.888000 2.325000 0.110600
2.963000 2.325000 0.110000
3.038000 2.325000 0.109300
3.113000 2.325000 0.108700
3.188000 2.325000 0.108200
3.263000 2.325000 0.107600
3.338000 2.325000 0.107200
3.413000 2.325000 0.106800
3.488000 2.325000 0.106400
3.563000 2.325000 0.106100
3.638000 2.325000 0.105900
3.713000 2.325000 0.105800
3.788000 2.325000 0.105700
3.863000 2.325000 0.000000
-0.037500 2.475000 0.000000
0.037500 2.475000 0.099880
0.112500 2.475000 0.099920
0.187500 2.475000 0.100000
0.262500 2.475000 0.100200
0.337500 2.475000 0.100300
0.412500 2.475000 0.100600
0.487500 2.475000 0.100800
0.562500 2.475000 0.101100
0.637500 2.475000 0.101400
0.712500 2.475000 0.101700
0.787500 2.475000 0.102100
0.862500 2.475000 0.102400
0.937500 2.475000 0.102700
1.012000 2.475000 0.103100
1.087000 2.475000 0.103400
1.163000 2.475000 0.103700
1.238000 2.475000 0.103900
1.313000 2.475000 0.104100
1.388000 2.475000 0.104300
1.463000 2.475000 0.104500
1.538000 2.475000 0.104600
1.613000 2.475000 0.104600
1.688000 2.475000 0.104600
1.763000 2.475000 0.104500
1.838000 2.475000 0.104400
1.913000 2.475000 0.104200
1.988000 2.475000 0.104000
2.063000 2.475000 0.103700
2.138000 2.475000 0.103400
2.213000 2.475000 0.103000
2.288000 2.475000 0.102600
2.363000 2.475000 0.102100
2.438000 2.475000 0.101600
2.513000 2.475000 0.101100
2.588000 2.475000 0.100500
2.663000 2.475000 0.099960
2.738000 2.475000 0.099400
2.813000 2.475000 0.098840
2.888000 2.475000 0.098280
2.963000 2.475000 0.097740
3.038000 2.475000 0.097220
3.113000 2.475000 0.096730
3.188000 2.475000 0.096270
3.263000 2.475000 0.095850
3.338000 2.475000 0.095480
3.413000 2.475000 0.095150
3.488000 2.475000 0.094870
3.563000 2.475000 0.094640
3.638000 2.475000 0.094470
3.713000 2.475000 0.094360
3.788000 2.475000 0.094300
3.863000 2.475000 0.000000
-0.037500 2.625000 0.000000
0.037500 2.625000 0.089650
0.112500 2.625000 0.089680
0.187500 2.625000 0.089760
0.262500 2.625000 0.089860
0.337500 2.625000 0.090000
0.412500 2.625000 0.090180
0.487500 2.625000 0.090370
0.562500 2.625000 0.090590
0.637500 2.625000 0.090830
0.712500 2.625000 0.091080
0.787500 2.625000 0.091340
0.862500 2.625000 0.091600
0.937500 2.625000 0.091860
1.012000 2.625000 0.092110
1.087000 2.625000 0.092350
1.163000 2.625000 0.092570
1.238000 2.625000 0.092760
1.313000 2.625000 0.092930
1.388000 2.625000 0.093060
1.463000 2.625000 0.093160
1.538000 2.625000 0.093220
1.613000 2.625000 0.093230
1.688000 2.625000 0.093200
1.763000 2.625000 0.093130
1.838000 2.625000 0.093010
1.913000 2.625000 0.092840
1.988000 2.625000 0.092640
2.063000 2.625000 0.092380
2.138000 2.625000 0.092090
2.213000 2.625000 0.091760
2.288000 2.625000 0.091400
2.363000 2.625000 0.091000
2.438000 2.625000 0.090580
2.513000 2.625000 0.090140
2.588000 2.625000 0.089680
2.663000 2.625000 0.089220
2.738000 2.625000 0.088750
2.813000 2.625000 0.088280
2.888000 2.625000 0.087820
2.963000 2.625000 0.087370
3.038000 2.625000 0.086940
3.113000 2.625000 0.086530
3.188000 2.625000 0.086150
3.263000 2.625000 0.085810
3.338000 2.625000 0.085500
3.413000 2.625000 0.085230
3.488000 2.625000 0.085000
3.563000 2.625000 0.084810
3.638000 2.625000 0.084670
3.713000 2.625000 0.084580
3.788000 2.625000 0.084530
3.863000 2.625000 0.000000
-0.037500 2.775000 0.000000
0.037500 2.775000 0.081030
0.112500 2.775000 0.081060
0.187500 2.775000 0.081120
0.262500 2.775000 0.081210
0.337500 2.775000 0.081320
0.412500 2.775000 0.081470
0.487500 2.775000 0.081630
0.562500 2.775000 0.081810
0.637500 2.775000 0.082000
0.712500 2.775000 0.082210
0.787500 2.775000 0.082420
0.862500 2.775000 0.082630
0.937500 2.775000 0.082840
1.012000 2.775000 0.083050
1.087000 2.775000 0.083240
1.163000 2.775000 0.083410
1.238000 2.775000 0.083570
1.313000 2.775000 0.083700
1.388000 2.775000 0.083800
1.463000 2.775000 0.083870
1.538000 2.775000 0.083910
1.613000 2.775000 0.083910
1.688000 2.775000 0.083880
1.763000 2.775000 0.083800
1.838000 2.775000 0.083690
1.913000 2.775000 0.083540
1.988000 2.775000 0.083350
2.063000 2.775000 0.083130
2.138000 2.775000 0.082870
2.213000 2.775000 0.082580
2.288000 2.775000 0.082260
2.363000 2.775000 0.081920
2.438000 2.775000 0.081550
2.513000 2.775000 0.081170
2.588000 2.775000 0.080780
2.663000 2.775000 0.080370
2.738000 2.775000 0.079970
2.813000 2.775000 0.079560
2.888000 2.775000 0.079170
2.963000 2.775000 0.078780
3.038000 2.775000 0.078410
3.113000 2.775000 0.078060
3.188000 2.775000 0.077740
3.263000 2.775000 0.077440
3.338000 2.775000 0.077180
3.413000 2.775000 0.076940
3.488000 2.775000 0.076750
3.563000 2.775000 0.076590
3.638000 2.775000 0.076470
3.713000 2.775000 0.076390
3.788000 2.775000 0.076350
3.863000 2.775000 0.000000
-0.037500 2.925000 0.000000
0.037500 2.925000 0.066910
0.112500 2.925000 0.066930
0.187500 2.925000 0.066980
0.262500 2.925000 0.067050
0.337500 2.925000 0.067140
0.412500 2.925000 0.067250
0.487500 2.925000 0.067380
0.562500 2.925000 0.067520
0.637500 2.925000 0.067670
0.712500 2.925000 0.067830
0.787500 2.925000 0.068000
0.862500 2.925000 0.068170
0.937500 2.925000 0.068330
1.012000 2.925000 0.068490
1.087000 2.925000 0.068640
1.163000 2.925000 0.068770
1.238000 2.925000 0.068890
1.313000 2.925000 0.068990
1.388000 2.925000 0.069070
1.463000 2.925000 0.069120
1.538000 2.925000 0.069140
1.613000 2.925000 0.069140
1.688000 2.925000 0.069110
1.763000 2.925000 0.069040
1.838000 2.925000 0.068950
1.913000 2.925000 0.068820
1.988000 2.925000 0.068670
2.063000 2.925000 0.068480
2.138000 2.925000 0.068270
2.213000 2.925000 0.068040
2.288000 2.925000 0.067780
2.363000 2.925000 0.067500
2.438000 2.925000 0.067210
2.513000 2.925000 0.066900
2.588000 2.925000 0.066580
2.663000 2.925000 0.066250
2.738000 2.925000 0.065930
2.813000 2.925000 0.065600
2.888000 2.925000 0.065280
2.963000 2.925000 0.064970
3.038000 2.925000 0.064680
3.113000 2.925000 0.064400
3.188000 2.925000 0.064140
3.263000 2.925000 0.063900
3.338000 2.925000 0.063690
3.413000 2.925000 0.063500
3.488000 2.925000 0.063350
3.563000 2.925000 0.063220
3.638000 2.925000 0.063120
3.713000 2.925000 0.063060
3.788000 2.925000 0.063030
3.863000 2.925000 0.000000
-0.037500 3.075000 0.000000
0.037500 3.075000 0.050320
0.112500 3.075000 0.050330
0.187500 3.075000 0.050370
0.262500 3.075000 0.050420
0.337500 3.075000 0.050480
0.412500 3.075000 0.050560
0.487500 3.075000 0.050650
0.562500 3.075000 0.050750
0.637500 3.075000 0.050860
0.712500 3.075000 0.050970
0.787500 3.075000 0.051080
0.862500 3.075000 0.051200
0.937500 3.075000 0.051310
1.012000 3.075000 0.051420
1.087000 3.075000 0.051520
1.163000 3.075000 0.051620
1.238000 3.075000 0.051700
1.313000 3.075000 0.051760
1.388000 3.075000 0.051810
1.463000 3.075000 0.051840
1.538000 3.075000 0.051860
1.613000 3.075000 0.051850
1.688000 3.075000 0.051820
1.763000 3.075000 0.051770
1.838000 3.075000 0.051700
1.913000 3.075000 0.051600
1.988000 3.075000 0.051490
2.063000 3.075000 0.051350
2.138000 3.075000 0.051190
2.213000 3.075000 0.051020
2.288000 3.075000 0.050830
2.363000 3.075000 0.050620
2.438000 3.075000 0.050410
2.513000 3.075000 0.050180
2.588000 3.075000 0.049950
2.663000 3.075000 0.049710
2.738000 3.075000 0.049480
2.813000 3.075000 0.049240
2.888000 3.075000 0.049010
2.963000 3.075000 0.048780
3.038000 3.075000 0.048570
3.113000 3.075000 0.048370
3.188000 3.075000 0.048180
3.263000 3.075000 0.048010
3.338000 3.075000 0.047850
3.413000 3.075000 0.047720
3.488000 3.075000 0.047610
3.563000 3.075000 0.047520
3.638000 3.075000 0.047450
3.713000 3.075000 0.047400
3.788000 3.075000 0.047380
3.863000 3.075000 0.000000
-0.037500 3.225000 0.000000
0.037500 3.225000 0.037490
0.112500 3.225000 0.037500
0.187500 3.225000 0.037530
0.262500 3.225000 0.037560
0.337500 3.225000 0.037610
0.412500 3.225000 0.037660
0.487500 3.225000 0.037720
0.562500 3.225000 0.037790
0.637500 3.225000 0.037860
0.712500 3.225000 0.037940
0.787500 3.225000 0.038020
0.862500 3.225000 0.038100
0.937500 3.225000 0.038180
1.012000 3.225000 0.038250
1.087000 3.225000 0.038320
1.163000 3.225000 0.038380
1.238000 3.225000 0.038440
1.313000 3.225000 0.038480
1.388000 3.225000 0.038510
1.463000 3.225000 0.038530
1.538000 3.225000 0.038540
1.613000 3.225000 0.038530
1.688000 3.225000 0.038500
1.763000 3.225000 0.038460
1.838000 3.225000 0.038410
1.913000 3.225000 0.038340
1.988000 3.225000 0.038250
2.063000 3.225000 0.038150
2.138000 3.225000 0.038030
2.213000 3.225000 0.037910
2.288000 3.225000 0.037770
2.363000 3.225000 0.037620
2.438000 3.225000 0.037460
2.513000 3.225000 0.037300
2.588000 3.225000 0.037130
2.663000 3.225000 0.036960
2.738000 3.225000 0.036790
2.813000 3.225000 0.036620
2.888000 3.225000 0.036450
2.963000 3.225000 0.036290
3.038000 3.225000 0.036140
3.113000 3.225000 0.035990
3.188000 3.225000 0.035860
3.263000 3.225000 0.035730
3.338000 3.225000 0.035620
3.413000 3.225000 0.035530
3.488000 3.225000 0.035450
3.563000 3.225000 0.035380
3.638000 3.225000 0.035330
3.713000 3.225000 0.035300
3.788000 3.225000 0.035280
3.863000 3.225000 0.000000
-0.037500 3.375000 0.000000
0.037500 3.375000 0.027690
0.112500 3.375000 0.027700
0.187500 3.375000 0.027720
0.262500 3.375000 0.027740
0.337500 3.375000 0.027770
0.412500 3.375000 0.027810
0.487500 3.375000 0.027850
0.562500 3.375000 0.027890
0.637500 3.375000 0.027950
0.712500 3.375000 0.028000
0.787500 3.375000 0.028050
0.862500 3.375000 0.028110
0.937500 3.375000 0.028160
1.012000 3.375000 0.028210
1.087000 3.375000 0.028250
1.163000 3.375000 0.028290
1.238000 3.375000 0.028330
1.313000 3.375000 0.028360
1.388000 3.375000 0.028380
1.463000 3.375000 0.028390
1.538000 3.375000 0.028390
1.613000 3.375000 0.028380
1.688000 3.375000 0.028360
1.763000 3.375000 0.028330
1.838000 3.375000 0.028290
1.913000 3.375000 0.028230
1.988000 3.375000 0.028170
2.063000 3.375000 0.028100
2.138000 3.375000 0.028010
2.213000 3.375000 0.027920
2.288000 3.375000 0.027820
2.363000 3.375000 0.027720
2.438000 3.375000 0.027600
2.513000 3.375000 0.027490
2.588000 3.375000 0.027370
2.663000 3.375000 0.027240
2.738000 3.375000 0.027120
2.813000 3.375000 0.027000
2.888000 3.375000 0.026880
2.963000 3.375000 0.026760
3.038000 3.375000 0.026650
3.113000 3.375000 0.026550
3.188000 3.375000 0.026450
3.263000 3.375000 0.026370
3.338000 3.375000 0.026290
3.413000 3.375000 0.026220
3.488000 3.375000 0.026160
3.563000 3.375000 0.026110
3.638000 3.375000 0.026070
3.713000 3.375000 0.026050
3.788000 3.375000 0.026040
3.863000 3.375000 0.000000
-0.037500 3.525000 0.000000
0.037500 3.525000 0.020280
0.112500 3.525000 0.020290
0.187500 3.525000 0.020300
0.262500 3.525000 0.020310
0.337500 3.525000 0.020330
0.412500 3.525000 0.020360
0.487500 3.525000 0.020390
0.562500 3.525000 0.020420
0.637500 3.525000 0.020450
0.712500 3.525000 0.020490
0.787500 3.525000 0.020520
0.862500 3.525000 0.020560
0.937500 3.525000 0.020590
1.012000 3.525000 0.020630
1.087000 3.525000 0.020660
1.163000 3.525000 0.020680
1.238000 3.525000 0.020710
1.313000 3.525000 0.020720
1.388000 3.525000 0.020740
1.463000 3.525000 0.020740
1.538000 3.525000 0.020740
1.613000 3.525000 0.020730
1.688000 3.525000 0.020710
1.763000 3.525000 0.020690
1.838000 3.525000 0.020660
1.913000 3.525000 0.020620
1.988000 3.525000 0.020580
2.063000 3.525000 0.020520
2.138000 3.525000 0.020460
2.213000 3.525000 0.020400
2.288000 3.525000 0.020320
2.363000 3.525000 0.020250
2.438000 3.525000 0.020170
2.513000 3.525000 0.020080
2.588000 3.525000 0.020000
2.663000 3.525000 0.019910
2.738000 3.525000 0.019830
2.813000 3.525000 0.019740
2.888000 3.525000 0.019660
2.963000 3.525000 0.019570
3.038000 3.525000 0.019490
3.113000 3.525000 0.019420
3.188000 3.525000 0.019350
3.263000 3.525000 0.019290
3.338000 3.525000 0.019230
3.413000 3.525000 0.019180
3.488000 3.525000 0.019140
3.563000 3.525000 0.019110
3.638000 3.525000 0.019080
3.713000 3.525000 0.019060
3.788000 3.525000 0.019050
3.863000 3.525000 0.000000
-0.037500 3.675000 0.000000
0.037500 3.675000 0.014730
0.112500 3.675000 0.014740
0.187500 3.675000 0.014740
0.262500 3.675000 0.014750
0.337500 3.675000 0.014770
0.412500 3.675000 0.014780
0.487500 3.675000 0.014800
0.562500 3.675000 0.014820
0.637500 3.675000 0.014850
0.712500 3.675000 0.014870
0.787500 3.675000 0.014890
0.862500 3.675000 0.014920
0.937500 3.675000 0.014940
1.012000 3.675000 0.014960
1.087000 3.675000 0.014980
1.163000 3.675000 0.015000
1.238000 3.675000 0.015010
1.313000 3.675000 0.015020
1.388000 3.675000 0.015030
1.463000 3.675000 0.015030
1.538000 3.675000 0.015030
1.613000 3.675000 0.015020
1.688000 3.675000 0.015010
1.763000 3.675000 0.014990
1.838000 3.675000 0.014970
1.913000 3.675000 0.014940
1.988000 3.675000 0.014910
2.063000 3.675000 0.014870
2.138000 3.675000 0.014830
2.213000 3.675000 0.014780
2.288000 3.675000 0.014730
2.363000 3.675000 0.014670
2.438000 3.675000 0.014620
2.513000 3.675000 0.014560
2.588000 3.675000 0.014500
2.663000 3.675000 0.014440
2.738000 3.675000 0.014380
2.813000 3.675000 0.014320
2.888000 3.675000 0.014260
2.963000 3.675000 0.014200
3.038000 3.675000 0.014140
3.113000 3.675000 0.014090
3.188000 3.675000 0.014040
3.263000 3.675000 0.014000
3.338000 3.675000 0.013960
3.413000 3.675000 0.013920
3.488000 3.675000 0.013890
3.563000 3.675000 0.013870
3.638000 3.675000 0.013850
3.713000 3.675000 0.013840
3.788000 3.675000 0.013830
3.863000 3.675000 0.000000
-0.037500 3.825000 0.000000
0.037500 3.825000 0.010620
0.112500 3.825000 0.010620
0.187500 3.825000 0.010630
0.262500 3.825000 0.010630
0.337500 3.825000 0.010640
0.412500 3.825000 0.010650
0.487500 3.825000 0.010670
0.562500 3.825000 0.010680
0.637500 3.825000 0.010690
0.712500 3.825000 0.010710
0.787500 3.825000 0.010730
0.862500 3.825000 0.010740
0.937500 3.825000 0.010760
1.012000 3.825000 0.010770
1.087000 3.825000 0.010780
1.163000 3.825000 0.010790
1.238000 3.825000 0.010800
1.313000 3.825000 0.010810
1.388000 3.825000 0.010810
1.463000 3.825000 0.010810
1.538000 3.825000 0.010810
1.613000 3.825000 0.010800
1.688000 3.825000 0.010790
1.763000 3.825000 0.010780
1.838000 3.825000 0.010760
1.913000 3.825000 0.010740
1.988000 3.825000 0.010720
2.063000 3.825000 0.010690
2.138000 3.825000 0.010660
2.213000 3.825000 0.010630
2.288000 3.825000 0.010590
2.363000 3.825000 0.010560
2.438000 3.825000 0.010520
2.513000 3.825000 0.010470
2.588000 3.825000 0.010430
2.663000 3.825000 0.010390
2.738000 3.825000 0.010350
2.813000 3.825000 0.010300
2.888000 3.825000 0.010260
2.963000 3.825000 0.010220
3.038000 3.825000 0.010180
3.113000 3.825000 0.010150
3.188000 3.825000 0.010110
3.263000 3.825000 0.010080
3.338000 3.825000 0.010050
3.413000 3.825000 0.010030
3.488000 3.825000 0.010010
3.563000 3.825000 0.009990
3.638000 3.825000 0.009976
3.713000 3.825000 0.009967
3.788000 3.825000 0.009963
3.863000 3.825000 0.000000
-0.037500 3.975000 0.000000
0.037500 3.975000 0.007601
0.112500 3.975000 0.007603
0.187500 3.975000 0.007606
0.262500 3.975000 0.007610
0.337500 3.975000 0.007616
0.412500 3.975000 0.007623
0.487500 3.975000 0.007631
0.562500 3.975000 0.007640
0.637500 3.975000 0.007650
0.712500 3.975000 0.007660
0.787500 3.975000 0.007670
0.862500 3.975000 0.007680
0.937500 3.975000 0.007690
1.012000 3.975000 0.007699
1.087000 3.975000 0.007707
1.163000 3.975000 0.007714
1.238000 3.975000 0.007719
1.313000 3.975000 0.007723
1.388000 3.975000 0.007725
1.463000 3.975000 0.007724
1.538000 3.975000 0.007722
1.613000 3.975000 0.007717
1.688000 3.975000 0.007710
1.763000 3.975000 0.007700
1.838000 3.975000 0.007688
1.913000 3.975000 0.007673
1.988000 3.975000 0.007656
2.063000 3.975000 0.007637
2.138000 3.975000 0.007615
2.213000 3.975000 0.007592
2.288000 3.975000 0.007567
2.363000 3.975000 0.007540
2.438000 3.975000 0.007513
2.513000 3.975000 0.007484
2.588000 3.975000 0.007454
2.663000 3.975000 0.007425
2.738000 3.975000 0.007395
2.813000 3.975000 0.007365
2.888000 3.975000 0.007336
2.963000 3.975000 0.007308
3.038000 3.975000 0.007281
3.113000 3.975000 0.007256
3.188000 3.975000 0.007232
3.263000 3.975000 0.007211
3.338000 3.975000 0.007191
3.413000 3.975000 0.007174
3.488000 3.975000 0.007159
3.563000 3.975000 0.007146
3.638000 3.975000 0.007137
3.713000 3.975000 0.007130
3.788000 3.975000 0.007127
3.863000 3.975000 0.000000
-0.037500 4.125000 0.000000
0.037500 4.125000 0.005410
0.112500 4.125000 0.005411
0.187500 4.125000 0.005413
0.262500 4.125000 0.005416
0.337500 4.125000 0.005419
0.412500 4.125000 0.005424
0.487500 4.125000 0.005429
0.562500 4.125000 0.005435
0.637500 4.125000 0.005441
0.712500 4.125000 0.005448
0.787500 4.125000 0.005454
0.862500 4.125000 0.005461
0.937500 4.125000 0.005467
1.012000 4.125000 0.005473
1.087000 4.125000 0.005478
1.163000 4.125000 0.005482
1.238000 4.125000 0.005485
1.313000 4.125000 0.005487
1.388000 4.125000 0.005488
1.463000 4.125000 0.005487
1.538000 4.125000 0.005485
1.613000 4.125000 0.005481
1.688000 4.125000 0.005476
1.763000 4.125000 0.005468
1.838000 4.125000 0.005460
1.913000 4.125000 0.005449
1.988000 4.125000 0.005437
2.063000 4.125000 0.005424
2.138000 4.125000 0.005409
2.213000 4.125000 0.005392
2.288000 4.125000 0.005375
2.363000 4.125000 0.005356
2.438000 4.125000 0.005337
2.513000 4.125000 0.005317
2.588000 4.125000 0.005297
2.663000 4.125000 0.005276
2.738000 4.125000 0.005255
2.813000 4.125000 0.005235
2.888000 4.125000 0.005215
2.963000 4.125000 0.005196
3.038000 4.125000 0.005177
3.113000 4.125000 0.005160
3.188000 4.125000 0.005143
3.263000 4.125000 0.005128
3.338000 4.125000 0.005114
3.413000 4.125000 0.005102
3.488000 4.125000 0.005092
3.563000 4.125000 0.005083
3.638000 4.125000 0.005077
3.713000 4.125000 0.005072
3.788000 4.125000 0.005070
3.863000 4.125000 0.000000
-0.037500 4.275000 0.000000
0.037500 4.275000 0.003837
0.112500 4.275000 0.003838
0.187500 4.275000 0.003839
0.262500 4.275000 0.003841
0.337500 4.275000 0.003843
0.412500 4.275000 0.003846
0.487500 4.275000 0.003849
0.562500 4.275000 0.003853
0.637500 4.275000 0.003857
0.712500 4.275000 0.003861
0.787500 4.275000 0.003866
0.862500 4.275000 0.003870
0.937500 4.275000 0.003874
1.012000 4.275000 0.003877
1.087000 4.275000 0.003880
1.163000 4.275000 0.003883
1.238000 4.275000 0.003884
1.313000 4.275000 0.003885
1.388000 4.275000 0.003886
1.463000 4.275000 0.003885
1.538000 4.275000 0.003883
1.613000 4.275000 0.003880
1.688000 4.275000 0.003876
1.763000 4.275000 0.003871
1.838000 4.275000 0.003865
1.913000 4.275000 0.003857
1.988000 4.275000 0.003849
2.063000 4.275000 0.003839
2.138000 4.275000 0.003829
2.213000 4.275000 0.003817
2.288000 4.275000 0.003805
2.363000 4.275000 0.003792
2.438000 4.275000 0.003779
2.513000 4.275000 0.003765
2.588000 4.275000 0.003751
2.663000 4.275000 0.003737
2.738000 4.275000 0.003723
2.813000 4.275000 0.003709
2.888000 4.275000 0.003695
2.963000 4.275000 0.003682
3.038000 4.275000 0.003669
3.113000 4.275000 0.003657
3.188000 4.275000 0.003645
3.263000 4.275000 0.003635
3.338000 4.275000 0.003625
3.413000 4.275000 0.003617
3.488000 4.275000 0.003610
3.563000 4.275000 0.003604
3.638000 4.275000 0.003599
3.713000 4.275000 0.003596
3.788000 4.275000 0.003594
3.863000 4.275000 0.000000
-0.037500 4.425000 0.000000
0.037500 4.425000 0.002725
0.112500 4.425000 0.002726
0.187500 4.425000 0.002726
0.262500 4.425000 0.002728
0.337500 4.425000 0.002729
0.412500 4.425000 0.002731
0.487500 4.425000 0.002733
0.562500 4.425000 0.002736
0.637500 4.425000 0.002738
0.712500 4.425000 0.002741
0.787500 4.425000 0.002743
0.862500 4.425000 0.002746
0.937500 4.425000 0.002748
1.012000 4.425000 0.002751
1.087000 4.425000 0.002752
1.163000 4.425000 0.002754
1.238000 4.425000 0.002755
1.313000 4.425000 0.002755
1.388000 4.425000 0.002755
1.463000 4.425000 0.002754
1.538000 4.425000 0.002753
1.613000 4.425000 0.002751
1.688000 4.425000 0.002748
1.763000 4.425000 0.002744
1.838000 4.425000 0.002739
1.913000 4.425000 0.002734
1.988000 4.425000 0.002728
2.063000 4.425000 0.002722
2.138000 4.425000 0.002714
2.213000 4.425000 0.002706
2.288000 4.425000 0.002698
2.363000 4.425000 0.002689
2.438000 4.425000 0.002680
2.513000 4.425000 0.002670
2.588000 4.425000 0.002660
2.663000 4.425000 0.002651
2.738000 4.425000 0.002641
2.813000 4.425000 0.002631
2.888000 4.425000 0.002622
2.963000 4.425000 0.002612
3.038000 4.425000 0.002604
3.113000 4.425000 0.002595
3.188000 4.425000 0.002587
3.263000 4.425000 0.002580
3.338000 4.425000 0.002574
3.413000 4.425000 0.002568
3.488000 4.425000 0.002563
3.563000 4.425000 0.002559
3.638000 4.425000 0.002555
3.713000 4.425000 0.002553
3.788000 4.425000 0.002552
3.863000 4.425000 0.000000
-0.037500 4.575000 0.000000
0.037500 4.575000 0.001957
0.112500 4.575000 0.001957
0.187500 4.575000 0.001957
0.262500 4.575000 0.001958
0.337500 4.575000 0.001959
0.412500 4.575000 0.001960
0.487500 4.575000 0.001962
0.562500 4.575000 0.001963
0.637500 4.575000 0.001965
0.712500 4.575000 0.001967
0.787500 4.575000 0.001968
0.862500 4.575000 0.001970
0.937500 4.575000 0.001971
1.012000 4.575000 0.001973
1.087000 4.575000 0.001974
1.163000 4.575000 0.001975
1.238000 4.575000 0.001975
1.313000 4.575000 0.001975
1.388000 4.575000 0.001975
1.463000 4.575000 0.001974
1.538000 4.575000 0.001973
1.613000 4.575000 0.001971
1.688000 4.575000 0.001969
1.763000 4.575000 0.001967
1.838000 4.575000 0.001963
1.913000 4.575000 0.001959
1.988000 4.575000 0.001955
2.063000 4.575000 0.001950
2.138000 4.575000 0.001945
2.213000 4.575000 0.001940
2.288000 4.575000 0.001934
2.363000 4.575000 0.001928
2.438000 4.575000 0.001921
2.513000 4.575000 0.001914
2.588000 4.575000 0.001908
2.663000 4.575000 0.001901
2.738000 4.575000 0.001894
2.813000 4.575000 0.001887
2.888000 4.575000 0.001881
2.963000 4.575000 0.001874
3.038000 4.575000 0.001868
3.113000 4.575000 0.001862
3.188000 4.575000 0.001857
3.263000 4.575000 0.001852
3.338000 4.575000 0.001847
3.413000 4.575000 0.001843
3.488000 4.575000 0.001839
3.563000 4.575000 0.001837
3.638000 4.575000 0.001834
3.713000 4.575000 0.001833
3.788000 4.575000 0.001832
3.863000 4.575000 0.000000
-0.037500 4.725000 0.000000
0.037500 4.725000 0.001447
0.112500 4.725000 0.001447
0.187500 4.725000 0.001447
0.262500 4.725000 0.001448
0.337500 4.725000 0.001448
0.412500 4.725000 0.001449
0.487500 4.725000 0.001450
0.562500 4.725000 0.001451
0.637500 4.725000 0.001452
0.712500 4.725000 0.001453
0.787500 4.725000 0.001454
0.862500 4.725000 0.001455
0.937500 4.725000 0.001456
1.012000 4.725000 0.001457
1.087000 4.725000 0.001458
1.163000 4.725000 0.001458
1.238000 4.725000 0.001458
1.313000 4.725000 0.001458
1.388000 4.725000 0.001458
1.463000 4.725000 0.001457
1.538000 4.725000 0.001456
1.613000 4.725000 0.001455
1.688000 4.725000 0.001453
1.763000 4.725000 0.001451
1.838000 4.725000 0.001449
1.913000 4.725000 0.001446
1.988000 4.725000 0.001443
2.063000 4.725000 0.001439
2.138000 4.725000 0.001436
2.213000 4.725000 0.001432
2.288000 4.725000 0.001427
2.363000 4.725000 0.001423
2.438000 4.725000 0.001418
2.513000 4.725000 0.001413
2.588000 4.725000 0.001409
2.663000 4.725000 0.001404
2.738000 4.725000 0.001399
2.813000 4.725000 0.001394
2.888000 4.725000 0.001389
2.963000 4.725000 0.001384
3.038000 4.725000 0.001380
3.113000 4.725000 0.001376
3.188000 4.725000 0.001372
3.263000 4.725000 0.001368
3.338000 4.725000 0.001365
3.413000 4.725000 0.001362
3.488000 4.725000 0.001360
3.563000 4.725000 0.001357
3.638000 4.725000 0.001356
3.713000 4.725000 0.001355
3.788000 4.725000 0.001354
3.863000 4.725000 0.000000
-0.037500 4.875000 0.000000
0.037500 4.875000 0.001137
0.112500 4.875000 0.001137
0.187500 4.875000 0.001137
0.262500 4.875000 0.001137
0.337500 4.875000 0.001138
0.412500 4.875000 0.001138
0.487500 4.875000 0.001139
0.562500 4.875000 0.001140
0.637500 4.875000 0.001140
0.712500 4.875000 0.001141
0.787500 4.875000 0.001142
0.862500 4.875000 0.001143
0.937500 4.875000 0.001143
1.012000 4.875000 0.001144
1.087000 4.875000 0.001144
1.163000 4.875000 0.001144
1.238000 4.875000 0.001144
1.313000 4.875000 0.001144
1.388000 4.875000 0.001144
1.463000 4.875000 0.001143
1.538000 4.875000 0.001143
1.613000 4.875000 0.001142
1.688000 4.875000 0.001140
1.763000 4.875000 0.001139
1.838000 4.875000 0.001137
1.913000 4.875000 0.001134
1.988000 4.875000 0.001132
2.063000 4.875000 0.001129
2.138000 4.875000 0.001126
2.213000 4.875000 0.001123
2.288000 4.875000 0.001120
2.363000 4.875000 0.001117
2.438000 4.875000 0.001113
2.513000 4.875000 0.001109
2.588000 4.875000 0.001106
2.663000 4.875000 0.001102
2.738000 4.875000 0.001098
2.813000 4.875000 0.001094
2.888000 4.875000 0.001091
2.963000 4.875000 0.001087
3.038000 4.875000 0.001084
3.113000 4.875000 0.001081
3.188000 4.875000 0.001078
3.263000 4.875000 0.001075
3.338000 4.875000 0.001072
3.413000 4.875000 0.001070
3.488000 4.875000 0.001068
3.563000 4.875000 0.001066
3.638000 4.875000 0.001065
3.713000 4.875000 0.001064
3.788000 4.875000 0.001064
3.863000 4.875000 0.000000
-0.037500 5.025000 0.000000
0.037500 5.025000 0.000990
0.112500 5.025000 0.000990
0.187500 5.025000 0.000991
0.262500 5.025000 0.000991
0.337500 5.025000 0.000991
0.412500 5.025000 0.000992
0.487500 5.025000 0.000992
0.562500 5.025000 0.000993
0.637500 5.025000 0.000993
0.712500 5.025000 0.000994
0.787500 5.025000 0.000995
0.862500 5.025000 0.000995
0.937500 5.025000 0.000996
1.012000 5.025000 0.000996
1.087000 5.025000 0.000996
1.163000 5.025000 0.000996
1.238000 5.025000 0.000996
1.313000 5.025000 0.000996
1.388000 5.025000 0.000996
1.463000 5.025000 0.000995
1.538000 5.025000 0.000995
1.613000 5.025000 0.000994
1.688000 5.025000 0.000992
1.763000 5.025000 0.000991
1.838000 5.025000 0.000989
1.913000 5.025000 0.000987
1.988000 5.025000 0.000985
2.063000 5.025000 0.000983
2.138000 5.025000 0.000981
2.213000 5.025000 0.000978
2.288000 5.025000 0.000975
2.363000 5.025000 0.000972
2.438000 5.025000 0.000969
2.513000 5.025000 0.000966
2.588000 5.025000 0.000963
2.663000 5.025000 0.000959
2.738000 5.025000 0.000956
2.813000 5.025000 0.000953
2.888000 5.025000 0.000950
2.963000 5.025000 0.000947
3.038000 5.025000 0.000944
3.113000 5.025000 0.000941
3.188000 5.025000 0.000939
3.263000 5.025000 0.000936
3.338000 5.025000 0.000934
3.413000 5.025000 0.000932
3.488000 5.025000 0.000930
3.563000 5.025000 0.000929
3.638000 5.025000 0.000928
3.713000 5.025000 0.000927
3.788000 5.025000 0.000927
3.863000 5.025000 0.000000
-0.037500 5.175000 0.000000
0.037500 5.175000 0.000000
0.112500 5.175000 0.000000
0.187500 5.175000 0.000000
0.262500 5.175000 0.000000
0.337500 5.175000 0.000000
0.412500 5.175000 0.000000
0.487500 5.175000 0.000000
0.562500 5.175000 0.000000
0.637500 5.175000 0.000000
0.712500 5.175000 0.000000
0.787500 5.175000 0.000000
0.862500 5.175000 0.000000
0.937500 5.175000 0.000000
1.012000 5.175000 0.000000
1.087000 5.175000 0.000000
1.163000 5.175000 0.000000
1.238000 5.175000 0.000000
1.313000 5.175000 0.000000
1.388000 5.175000 0.000000
1.463000 5.175000 0.000000
1.538000 5.175000 0.000000
1.613000 5.175000 0.000000
1.688000 5.175000 0.000000
1.763000 5.175000 0.000000
1.838000 5.175000 0.000000
1.913000 5.175000 0.000000
1.988000 5.175000 0.000000
2.063000 5.175000 0.000000
2.138000 5.175000 0.000000
2.213000 5.175000 0.000000
2.288000 5.175000 0.000000
2.363000 5.175000 0.000000
2.438000 5.175000 0.000000
2.513000 5.175000 0.000000
2.588000 5.175000 0.000000
2.663000 5.175000 0.000000
2.738000 5.175000 0.000000
2.813000 5.175000 0.000000
2.888000 5.175000 0.000000
2.963000 5.175000 0.000000
3.038000 5.175000 0.000000
3.113000 5.175000 0.000000
3.188000 5.175000 0.000000
3.263000 5.175000 0.000000
3.338000 5.175000 0.000000
3.413000 5.175000 0.000000
3.488000 5.175000 0.000000
3.563000 5.175000 0.000000
3.638000 5.175000 0.000000
3.713000 5.175000 0.000000
3.788000 5.175000 0.000000
3.863000 5.175000 0.000000
