-0.037500 -0.075000 0.000000
0.037500 -0.075000 0.000000
0.112500 -0.075000 0.000000
0.187500 -0.075000 0.000000
0.262500 -0.075000 0.000000
0.337500 -0.075000 0.000000
0.412500 -0.075000 0.000000
0.487500 -0.075000 0.000000
0.562500 -0.075000 0.000000
0.637500 -0.075000 0.000000
0.712500 -0.075000 0.000000
0.787500 -0.075000 0.000000
0.862500 -0.075000 0.000000
0.937500 -0.075000 0.000000
1.012000 -0.075000 0.000000
1.087000 -0.075000 0.000000
1.163000 -0.075000 0.000000
1.238000 -0.075000 0.000000
1.313000 -0.075000 0.000000
1.388000 -0.075000 0.000000
1.463000 -0.075000 0.000000
1.538000 -0.075000 0.000000
1.613000 -0.075000 0.000000
1.688000 -0.075000 0.000000
1.763000 -0.075000 0.000000
1.838000 -0.075000 0.000000
1.913000 -0.075000 0.000000
1.988000 -0.075000 0.000000
2.063000 -0.075000 0.000000
2.138000 -0.075000 0.000000
2.213000 -0.075000 0.000000
2.288000 -0.075000 0.000000
2.363000 -0.075000 0.000000
2.438000 -0.075000 0.000000
2.513000 -0.075000 0.000000
2.588000 -0.075000 0.000000
2.663000 -0.075000 0.000000
2.738000 -0.075000 0.000000
2.813000 -0.075000 0.000000
2.888000 -0.075000 0.000000
2.963000 -0.075000 0.000000
3.038000 -0.075000 0.000000
3.113000 -0.075000 0.000000
3.188000 -0.075000 0.000000
3.263000 -0.075000 0.000000
3.338000 -0.075000 0.000000
3.413000 -0.075000 0.000000
3.488000 -0.075000 0.000000
3.563000 -0.075000 0.000000
3.638000 -0.075000 0.000000
3.713000 -0.075000 0.000000
3.788000 -0.075000 0.000000
3.863000 -0.075000 0.000000
-0.037500 0.075000 0.000000
0.037500 0.075000 0.000150
0.112500 0.075000 0.000300
0.187500 0.075000 0.000450
0.262500 0.075000 0.000610
0.337500 0.075000 0.000760
0.412500 0.075000 0.000910
0.487500 0.075000 0.001060
0.562500 0.075000 0.001210
0.637500 0.075000 0.001360
0.712500 0.075000 0.001510
0.787500 0.075000 0.001660
0.862500 0.075000 0.001810
0.937500 0.075000 0.001950
1.012000 0.075000 0.002090
1.087000 0.075000 0.002230
1.163000 0.075000 0.002370
1.238000 0.075000 0.002500
1.313000 0.075000 0.002620
1.388000 0.075000 0.002730
1.463000 0.075000 0.002840
1.538000 0.075000 0.002930
1.613000 0.075000 0.003010
1.688000 0.075000 0.003080
1.763000 0.075000 0.003130
1.838000 0.075000 0.003160
1.913000 0.075000 0.003180
1.988000 0.075000 0.003180
2.063000 0.075000 0.003160
2.138000 0.075000 0.003130
2.213000 0.075000 0.003080
2.288000 0.075000 0.003020
2.363000 0.075000 0.002950
2.438000 0.075000 0.002870
2.513000 0.075000 0.002790
2.588000 0.075000 0.002700
2.663000 0.075000 0.002610
2.738000 0.075000 0.002520
2.813000 0.075000 0.002430
2.888000 0.075000 0.002350
2.963000 0.075000 0.002260
3.038000 0.075000 0.002170
3.113000 0.075000 0.002090
3.188000 0.075000 0.002010
3.263000 0.075000 0.001940
3.338000 0.075000 0.001860
3.413000 0.075000 0.001800
3.488000 0.075000 0.001730
3.563000 0.075000 0.001660
3.638000 0.075000 0.001600
3.713000 0.075000 0.001550
3.788000 0.075000 0.001490
3.863000 0.075000 0.000000
-0.037500 0.225000 0.000000
0.037500 0.225000 0.000150
0.112500 0.225000 0.000300
0.187500 0.225000 0.000450
0.262500 0.225000 0.000610
0.337500 0.225000 0.000760
0.412500 0.225000 0.000910
0.487500 0.225000 0.001060
0.562500 0.225000 0.001210
0.637500 0.225000 0.001360
0.712500 0.225000 0.001510
0.787500 0.225000 0.001660
0.862500 0.225000 0.001810
0.937500 0.225000 0.001950
1.012000 0.225000 0.002090
1.087000 0.225000 0.002230
1.163000 0.225000 0.002370
1.238000 0.225000 0.002500
1.313000 0.225000 0.002620
1.388000 0.225000 0.002730
1.463000 0.225000 0.002840
1.538000 0.225000 0.002930
1.613000 0.225000 0.003010
1.688000 0.225000 0.003080
1.763000 0.225000 0.003130
1.838000 0.225000 0.003160
1.913000 0.225000 0.003180
1.988000 0.225000 0.003180
2.063000 0.225000 0.003160
2.138000 0.225000 0.003130
2.213000 0.225000 0.003080
2.288000 0.225000 0.003020
2.363000 0.225000 0.002950
2.438000 0.225000 0.002870
2.513000 0.225000 0.002790
2.588000 0.225000 0.002700
2.663000 0.225000 0.002610
2.738000 0.225000 0.002520
2.813000 0.225000 0.002430
2.888000 0.225000 0.002350
2.963000 0.225000 0.002260
3.038000 0.225000 0.002170
3.113000 0.225000 0.002090
3.188000 0.225000 0.002010
3.263000 0.225000 0.001940
3.338000 0.225000 0.001860
3.413000 0.225000 0.001800
3.488000 0.225000 0.001730
3.563000 0.225000 0.001660
3.638000 0.225000 0.001600
3.713000 0.225000 0.001550
3.788000 0.225000 0.001490
3.863000 0.225000 0.000000
-0.037500 0.375000 0.000000
0.037500 0.375000 0.069470
0.112500 0.375000 0.069530
0.187500 0.375000 0.069620
0.262500 0.375000 0.069740
0.337500 0.375000 0.069880
0.412500 0.375000 0.070030
0.487500 0.375000 0.070180
0.562500 0.375000 0.070350
0.637500 0.375000 0.070520
0.712500 0.375000 0.070700
0.787500 0.375000 0.070870
0.862500 0.375000 0.071040
0.937500 0.375000 0.071210
1.012000 0.375000 0.071360
1.087000 0.375000 0.071510
1.163000 0.375000 0.071650
1.238000 0.375000 0.071770
1.313000 0.375000 0.071880
1.388000 0.375000 0.071960
1.463000 0.375000 0.072020
1.538000 0.375000 0.072070
1.613000 0.375000 0.072080
1.688000 0.375000 0.072070
1.763000 0.375000 0.072030
1.838000 0.375000 0.071970
1.913000 0.375000 0.071870
1.988000 0.375000 0.071750
2.063000 0.375000 0.071600
2.138000 0.375000 0.071430
2.213000 0.375000 0.071240
2.288000 0.375000 0.071020
2.363000 0.375000 0.070790
2.438000 0.375000 0.070550
2.513000 0.375000 0.070290
2.588000 0.375000 0.070030
2.663000 0.375000 0.069760
2.738000 0.375000 0.069500
2.813000 0.375000 0.069230
2.888000 0.375000 0.068970
2.963000 0.375000 0.068720
3.038000 0.375000 0.068480
3.113000 0.375000 0.068240
3.188000 0.375000 0.068030
3.263000 0.375000 0.067820
3.338000 0.375000 0.067640
3.413000 0.375000 0.067470
3.488000 0.375000 0.067320
3.563000 0.375000 0.067200
3.638000 0.375000 0.067100
3.713000 0.375000 0.067030
3.788000 0.375000 0.066990
3.863000 0.375000 0.000000
-0.037500 0.525000 0.000000
0.037500 0.525000 0.134900
0.112500 0.525000 0.134900
0.187500 0.525000 0.135000
0.262500 0.525000 0.135100
0.337500 0.525000 0.135200
0.412500 0.525000 0.135300
0.487500 0.525000 0.135400
0.562500 0.525000 0.135600
0.637500 0.525000 0.135700
0.712500 0.525000 0.135900
0.787500 0.525000 0.136100
0.862500 0.525000 0.136200
0.937500 0.525000 0.136400
1.012000 0.525000 0.136500
1.087000 0.525000 0.136600
1.163000 0.525000 0.136700
1.238000 0.525000 0.136800
1.313000 0.525000 0.136800
1.388000 0.525000 0.136900
1.463000 0.525000 0.136900
1.538000 0.525000 0.136800
1.613000 0.525000 0.136800
1.688000 0.525000 0.136700
1.763000 0.525000 0.136500
1.838000 0.525000 0.136400
1.913000 0.525000 0.136200
1.988000 0.525000 0.135900
2.063000 0.525000 0.135700
2.138000 0.525000 0.135400
2.213000 0.525000 0.135100
2.288000 0.525000 0.134700
2.363000 0.525000 0.134400
2.438000 0.525000 0.134000
2.513000 0.525000 0.133600
2.588000 0.525000 0.133200
2.663000 0.525000 0.132800
2.738000 0.525000 0.132400
2.813000 0.525000 0.132000
2.888000 0.525000 0.131600
2.963000 0.525000 0.131200
3.038000 0.525000 0.130800
3.113000 0.525000 0.130500
3.188000 0.525000 0.130200
3.263000 0.525000 0.129900
3.338000 0.525000 0.129600
3.413000 0.525000 0.129400
3.488000 0.525000 0.129100
3.563000 0.525000 0.129000
3.638000 0.525000 0.128800
3.713000 0.525000 0.128800
3.788000 0.525000 0.128700
3.863000 0.525000 0.000000
-0.037500 0.675000 0.000000
0.037500 0.675000 0.173900
0.112500 0.675000 0.174000
0.187500 0.675000 0.174000
0.262500 0.675000 0.174100
0.337500 0.675000 0.174100
0.412500 0.675000 0.174200
0.487500 0.675000 0.174300
0.562500 0.675000 0.174500
0.637500 0.675000 0.174600
0.712500 0.675000 0.174700
0.787500 0.675000 0.174800
0.862500 0.675000 0.174900
0.937500 0.675000 0.175100
1.012000 0.675000 0.175100
1.087000 0.675000 0.175200
1.163000 0.675000 0.175300
1.238000 0.675000 0.175300
1.313000 0.675000 0.175300
1.388000 0.675000 0.175300
1.463000 0.675000 0.175200
1.538000 0.675000 0.175100
1.613000 0.675000 0.175000
1.688000 0.675000 0.174900
1.763000 0.675000 0.174700
1.838000 0.675000 0.174400
1.913000 0.675000 0.174200
1.988000 0.675000 0.173900
2.063000 0.675000 0.173500
2.138000 0.675000 0.173200
2.213000 0.675000 0.172800
2.288000 0.675000 0.172400
2.363000 0.675000 0.172000
2.438000 0.675000 0.171500
2.513000 0.675000 0.171100
2.588000 0.675000 0.170600
2.663000 0.675000 0.170100
2.738000 0.675000 0.169600
2.813000 0.675000 0.169200
2.888000 0.675000 0.168700
2.963000 0.675000 0.168300
3.038000 0.675000 0.167900
3.113000 0.675000 0.167500
3.188000 0.675000 0.167100
3.263000 0.675000 0.166800
3.338000 0.675000 0.166500
3.413000 0.675000 0.166200
3.488000 0.675000 0.166000
3.563000 0.675000 0.165800
3.638000 0.675000 0.165700
3.713000 0.675000 0.165600
3.788000 0.675000 0.165500
3.863000 0.675000 0.000000
-0.037500 0.825000 0.000000
0.037500 0.825000 0.190500
0.112500 0.825000 0.190600
0.187500 0.825000 0.190600
0.262500 0.825000 0.190700
0.337500 0.825000 0.190700
0.412500 0.825000 0.190800
0.487500 0.825000 0.190900
0.562500 0.825000 0.191000
0.637500 0.825000 0.191100
0.712500 0.825000 0.191200
0.787500 0.825000 0.191300
0.862500 0.825000 0.191400
0.937500 0.825000 0.191500
1.012000 0.825000 0.191600
1.087000 0.825000 0.191700
1.163000 0.825000 0.191700
1.238000 0.825000 0.191700
1.313000 0.825000 0.191700
1.388000 0.825000 0.191700
1.463000 0.825000 0.191600
1.538000 0.825000 0.191500
1.613000 0.825000 0.191300
1.688000 0.825000 0.191100
1.763000 0.825000 0.190900
1.838000 0.825000 0.190700
1.913000 0.825000 0.190400
1.988000 0.825000 0.190100
2.063000 0.825000 0.189700
2.138000 0.825000 0.189300
2.213000 0.825000 0.188900
2.288000 0.825000 0.188400
2.363000 0.825000 0.188000
2.438000 0.825000 0.187500
2.513000 0.825000 0.187000
2.588000 0.825000 0.186500
2.663000 0.825000 0.186000
2.738000 0.825000 0.185500
2.813000 0.825000 0.185000
2.888000 0.825000 0.184500
2.963000 0.825000 0.184100
3.038000 0.825000 0.183600
3.113000 0.825000 0.183200
3.188000 0.825000 0.182800
3.263000 0.825000 0.182500
3.338000 0.825000 0.182200
3.413000 0.825000 0.181900
3.488000 0.825000 0.181600
3.563000 0.825000 0.181400
3.638000 0.825000 0.181300
3.713000 0.825000 0.181200
3.788000 0.825000 0.181100
3.863000 0.825000 0.000000
-0.037500 0.975000 0.000000
0.037500 0.975000 0.204000
0.112500 0.975000 0.204000
0.187500 0.975000 0.204100
0.262500 0.975000 0.204100
0.337500 0.975000 0.204200
0.412500 0.975000 0.204300
0.487500 0.975000 0.204400
0.562500 0.975000 0.204500
0.637500 0.975000 0.204600
0.712500 0.975000 0.204700
0.787500 0.975000 0.204800
0.862500 0.975000 0.204900
0.937500 0.975000 0.205000
1.012000 0.975000 0.205000
1.087000 0.975000 0.205100
1.163000 0.975000 0.205100
1.238000 0.975000 0.205100
1.313000 0.975000 0.205100
1.388000 0.975000 0.205000
1.463000 0.975000 0.204900
1.538000 0.975000 0.204800
1.613000 0.975000 0.204600
1.688000 0.975000 0.204400
1.763000 0.975000 0.204200
1.838000 0.975000 0.203900
1.913000 0.975000 0.203600
1.988000 0.975000 0.203200
2.063000 0.975000 0.202900
2.138000 0.975000 0.202400
2.213000 0.975000 0.202000
2.288000 0.975000 0.201500
2.363000 0.975000 0.201000
2.438000 0.975000 0.200500
2.513000 0.975000 0.200000
2.588000 0.975000 0.199500
2.663000 0.975000 0.198900
2.738000 0.975000 0.198400
2.813000 0.975000 0.197900
2.888000 0.975000 0.197400
2.963000 0.975000 0.196900
3.038000 0.975000 0.196400
3.113000 0.975000 0.196000
3.188000 0.975000 0.195600
3.263000 0.975000 0.195200
3.338000 0.975000 0.194900
3.413000 0.975000 0.194600
3.488000 0.975000 0.194300
3.563000 0.975000 0.194100
3.638000 0.975000 0.194000
3.713000 0.975000 0.193900
3.788000 0.975000 0.193800
3.863000 0.975000 0.000000
-0.037500 1.125000 0.000000
0.037500 1.125000 0.214300
0.112500 1.125000 0.214300
0.187500 1.125000 0.214300
0.262500 1.125000 0.214400
0.337500 1.125000 0.214400
0.412500 1.125000 0.214500
0.487500 1.125000 0.214600
0.562500 1.125000 0.214700
0.637500 1.125000 0.214800
0.712500 1.125000 0.214900
0.787500 1.125000 0.215100
0.862500 1.125000 0.215200
0.937500 1.125000 0.215200
1.012000 1.125000 0.215300
1.087000 1.125000 0.215400
1.163000 1.125000 0.215400
1.238000 1.125000 0.215400
1.313000 1.125000 0.215400
1.388000 1.125000 0.215300
1.463000 1.125000 0.215200
1.538000 1.125000 0.215100
1.613000 1.125000 0.214900
1.688000 1.125000 0.214700
1.763000 1.125000 0.214400
1.838000 1.125000 0.214100
1.913000 1.125000 0.213800
1.988000 1.125000 0.213400
2.063000 1.125000 0.213000
2.138000 1.125000 0.212500
2.213000 1.125000 0.212100
2.288000 1.125000 0.211600
2.363000 1.125000 0.211100
2.438000 1.125000 0.210500
2.513000 1.125000 0.210000
2.588000 1.125000 0.209400
2.663000 1.125000 0.208900
2.738000 1.125000 0.208300
2.813000 1.125000 0.207800
2.888000 1.125000 0.207200
2.963000 1.125000 0.206700
3.038000 1.125000 0.206200
3.113000 1.125000 0.205700
3.188000 1.125000 0.205300
3.263000 1.125000 0.204900
3.338000 1.125000 0.204500
3.413000 1.125000 0.204200
3.488000 1.125000 0.204000
3.563000 1.125000 0.203800
3.638000 1.125000 0.203600
3.713000 1.125000 0.203500
3.788000 1.125000 0.203400
3.863000 1.125000 0.000000
-0.037500 1.275000 0.000000
0.037500 1.275000 0.228200
0.112500 1.275000 0.228200
0.187500 1.275000 0.228300
0.262500 1.275000 0.228300
0.337500 1.275000 0.228400
0.412500 1.275000 0.228500
0.487500 1.275000 0.228600
0.562500 1.275000 0.228700
0.637500 1.275000 0.228900
0.712500 1.275000 0.229000
0.787500 1.275000 0.229100
0.862500 1.275000 0.229200
0.937500 1.275000 0.229400
1.012000 1.275000 0.229400
1.087000 1.275000 0.229500
1.163000 1.275000 0.229600
1.238000 1.275000 0.229600
1.313000 1.275000 0.229500
1.388000 1.275000 0.229500
1.463000 1.275000 0.229400
1.538000 1.275000 0.229300
1.613000 1.275000 0.229100
1.688000 1.275000 0.228800
1.763000 1.275000 0.228600
1.838000 1.275000 0.228200
1.913000 1.275000 0.227900
1.988000 1.275000 0.227500
2.063000 1.275000 0.227000
2.138000 1.275000 0.226500
2.213000 1.275000 0.226000
2.288000 1.275000 0.225500
2.363000 1.275000 0.224900
2.438000 1.275000 0.224300
2.513000 1.275000 0.223700
2.588000 1.275000 0.223100
2.663000 1.275000 0.222500
2.738000 1.275000 0.221800
2.813000 1.275000 0.221200
2.888000 1.275000 0.220600
2.963000 1.275000 0.220100
3.038000 1.275000 0.219500
3.113000 1.275000 0.219000
3.188000 1.275000 0.218500
3.263000 1.275000 0.218100
3.338000 1.275000 0.217700
3.413000 1.275000 0.217300
3.488000 1.275000 0.217000
3.563000 1.275000 0.216800
3.638000 1.275000 0.216600
3.713000 1.275000 0.216500
3.788000 1.275000 0.216400
3.863000 1.275000 0.000000
-0.037500 1.425000 0.000000
0.037500 1.425000 0.239700
0.112500 1.425000 0.239800
0.187500 1.425000 0.239800
0.262500 1.425000 0.239900
0.337500 1.425000 0.240000
0.412500 1.425000 0.240100
0.487500 1.425000 0.240200
0.562500 1.425000 0.240300
0.637500 1.425000 0.240500
0.712500 1.425000 0.240600
0.787500 1.425000 0.240800
0.862500 1.425000 0.240900
0.937500 1.425000 0.241000
1.012000 1.425000 0.241100
1.087000 1.425000 0.241200
1.163000 1.425000 0.241300
1.238000 1.425000 0.241300
1.313000 1.425000 0.241300
1.388000 1.425000 0.241200
1.463000 1.425000 0.241100
1.538000 1.425000 0.241000
1.613000 1.425000 0.240800
1.688000 1.425000 0.240500
1.763000 1.425000 0.240200
1.838000 1.425000 0.239900
1.913000 1.425000 0.239500
1.988000 1.425000 0.239100
2.063000 1.425000 0.238600
2.138000 1.425000 0.238100
2.213000 1.425000 0.237500
2.288000 1.425000 0.236900
2.363000 1.425000 0.236300
2.438000 1.425000 0.235600
2.513000 1.425000 0.235000
2.588000 1.425000 0.234300
2.663000 1.425000 0.233700
2.738000 1.425000 0.233000
2.813000 1.425000 0.232300
2.888000 1.425000 0.231700
2.963000 1.425000 0.231100
3.038000 1.425000 0.230500
3.113000 1.425000 0.229900
3.188000 1.425000 0.229400
3.263000 1.425000 0.228900
3.338000 1.425000 0.228500
3.413000 1.425000 0.228100
3.488000 1.425000 0.227800
3.563000 1.425000 0.227600
3.638000 1.425000 0.227400
3.713000 1.425000 0.227300
3.788000 1.425000 0.227200
3.863000 1.425000 0.000000
-0.037500 1.575000 0.000000
0.037500 1.575000 0.242600
0.112500 1.575000 0.242600
0.187500 1.575000 0.242700
0.262500 1.575000 0.242800
0.337500 1.575000 0.242900
0.412500 1.575000 0.243000
0.487500 1.575000 0.243100
0.562500 1.575000 0.243200
0.637500 1.575000 0.243400
0.712500 1.575000 0.243500
0.787500 1.575000 0.243600
0.862500 1.575000 0.243800
0.937500 1.575000 0.243900
1.012000 1.575000 0.244000
1.087000 1.575000 0.244100
1.163000 1.575000 0.244100
1.238000 1.575000 0.244100
1.313000 1.575000 0.244100
1.388000 1.575000 0.244000
1.463000 1.575000 0.243900
1.538000 1.575000 0.243800
1.613000 1.575000 0.243600
1.688000 1.575000 0.243300
1.763000 1.575000 0.243000
1.838000 1.575000 0.242700
1.913000 1.575000 0.242300
1.988000 1.575000 0.241800
2.063000 1.575000 0.241400
2.138000 1.575000 0.240800
2.213000 1.575000 0.240300
2.288000 1.575000 0.239700
2.363000 1.575000 0.239000
2.438000 1.575000 0.238400
2.513000 1.575000 0.237700
2.588000 1.575000 0.237000
2.663000 1.575000 0.236400
2.738000 1.575000 0.235700
2.813000 1.575000 0.235000
2.888000 1.575000 0.234400
2.963000 1.575000 0.233700
3.038000 1.575000 0.233100
3.113000 1.575000 0.232600
3.188000 1.575000 0.232100
3.263000 1.575000 0.231600
3.338000 1.575000 0.231200
3.413000 1.575000 0.230800
3.488000 1.575000 0.230500
3.563000 1.575000 0.230200
3.638000 1.575000 0.230000
3.713000 1.575000 0.229900
3.788000 1.575000 0.229800
3.863000 1.575000 0.000000
-0.037500 1.725000 0.000000
0.037500 1.725000 0.238000
0.112500 1.725000 0.238000
0.187500 1.725000 0.238000
0.262500 1.725000 0.238100
0.337500 1.725000 0.238200
0.412500 1.725000 0.238300
0.487500 1.725000 0.238400
0.562500 1.725000 0.238500
0.637500 1.725000 0.238600
0.712500 1.725000 0.238800
0.787500 1.725000 0.238900
0.862500 1.725000 0.239000
0.937500 1.725000 0.239100
1.012000 1.725000 0.239200
1.087000 1.725000 0.239200
1.163000 1.725000 0.239300
1.238000 1.725000 0.239300
1.313000 1.725000 0.239200
1.388000 1.725000 0.239200
1.463000 1.725000 0.239100
1.538000 1.725000 0.238900
1.613000 1.725000 0.238700
1.688000 1.725000 0.238400
1.763000 1.725000 0.238200
1.838000 1.725000 0.237800
1.913000 1.725000 0.237400
1.988000 1.725000 0.237000
2.063000 1.725000 0.236500
2.138000 1.725000 0.236000
2.213000 1.725000 0.235400
2.288000 1.725000 0.234900
2.363000 1.725000 0.234300
2.438000 1.725000 0.233600
2.513000 1.725000 0.233000
2.588000 1.725000 0.232300
2.663000 1.725000 0.231700
2.738000 1.725000 0.231000
2.813000 1.725000 0.230400
2.888000 1.725000 0.229800
2.963000 1.725000 0.229200
3.038000 1.725000 0.228600
3.113000 1.725000 0.228100
3.188000 1.725000 0.227600
3.263000 1.725000 0.227100
3.338000 1.725000 0.226700
3.413000 1.725000 0.226400
3.488000 1.725000 0.226100
3.563000 1.725000 0.225800
3.638000 1.725000 0.225700
3.713000 1.725000 0.225500
3.788000 1.725000 0.225500
3.863000 1.725000 0.000000
-0.037500 1.875000 0.000000
0.037500 1.875000 0.227200
0.112500 1.875000 0.227200
0.187500 1.875000 0.227300
0.262500 1.875000 0.227300
0.337500 1.875000 0.227400
0.412500 1.875000 0.227500
0.487500 1.875000 0.227600
0.562500 1.875000 0.227700
0.637500 1.875000 0.227800
0.712500 1.875000 0.227900
0.787500 1.875000 0.228000
0.862500 1.875000 0.228000
0.937500 1.875000 0.228100
1.012000 1.875000 0.228200
1.087000 1.875000 0.228200
1.163000 1.875000 0.228200
1.238000 1.875000 0.228200
1.313000 1.875000 0.228100
1.388000 1.875000 0.228100
1.463000 1.875000 0.227900
1.538000 1.875000 0.227800
1.613000 1.875000 0.227600
1.688000 1.875000 0.227300
1.763000 1.875000 0.227000
1.838000 1.875000 0.226700
1.913000 1.875000 0.226300
1.988000 1.875000 0.225900
2.063000 1.875000 0.225500
2.138000 1.875000 0.225000
2.213000 1.875000 0.224500
2.288000 1.875000 0.224000
2.363000 1.875000 0.223400
2.438000 1.875000 0.222800
2.513000 1.875000 0.222200
2.588000 1.875000 0.221700
2.663000 1.875000 0.221100
2.738000 1.875000 0.220500
2.813000 1.875000 0.219900
2.888000 1.875000 0.219300
2.963000 1.875000 0.218800
3.038000 1.875000 0.218300
3.113000 1.875000 0.217800
3.188000 1.875000 0.217300
3.263000 1.875000 0.216900
3.338000 1.875000 0.216500
3.413000 1.875000 0.216200
3.488000 1.875000 0.216000
3.563000 1.875000 0.215700
3.638000 1.875000 0.215600
3.713000 1.875000 0.215500
3.788000 1.875000 0.215400
3.863000 1.875000 0.000000
-0.037500 2.025000 0.000000
0.037500 2.025000 0.211900
0.112500 2.025000 0.211900
0.187500 2.025000 0.211900
0.262500 2.025000 0.212000
0.337500 2.025000 0.212000
0.412500 2.025000 0.212100
0.487500 2.025000 0.212100
0.562500 2.025000 0.212200
0.637500 2.025000 0.212300
0.712500 2.025000 0.212300
0.787500 2.025000 0.212400
0.862500 2.025000 0.212400
0.937500 2.025000 0.212500
1.012000 2.025000 0.212500
1.087000 2.025000 0.212500
1.163000 2.025000 0.212500
1.238000 2.025000 0.212400
1.313000 2.025000 0.212400
1.388000 2.025000 0.212300
1.463000 2.025000 0.212100
1.538000 2.025000 0.212000
1.613000 2.025000 0.211800
1.688000 2.025000 0.211500
1.763000 2.025000 0.211200
1.838000 2.025000 0.210900
1.913000 2.025000 0.210600
1.988000 2.025000 0.210200
2.063000 2.025000 0.209800
2.138000 2.025000 0.209400
2.213000 2.025000 0.209000
2.288000 2.025000 0.208500
2.363000 2.025000 0.208000
2.438000 2.025000 0.207500
2.513000 2.025000 0.207000
2.588000 2.025000 0.206500
2.663000 2.025000 0.206000
2.738000 2.025000 0.205400
2.813000 2.025000 0.204900
2.888000 2.025000 0.204500
2.963000 2.025000 0.204000
3.038000 2.025000 0.203500
3.113000 2.025000 0.203100
3.188000 2.025000 0.202700
3.263000 2.025000 0.202400
3.338000 2.025000 0.202100
3.413000 2.025000 0.201800
3.488000 2.025000 0.201600
3.563000 2.025000 0.201400
3.638000 2.025000 0.201300
3.713000 2.025000 0.201200
3.788000 2.025000 0.201100
3.863000 2.025000 0.000000
-0.037500 2.175000 0.000000
0.037500 2.175000 0.193600
0.112500 2.175000 0.193600
0.187500 2.175000 0.193600
0.262500 2.175000 0.193600
0.337500 2.175000 0.193600
0.412500 2.175000 0.193700
0.487500 2.175000 0.193700
0.562500 2.175000 0.193700
0.637500 2.175000 0.193700
0.712500 2.175000 0.193800
0.787500 2.175000 0.193800
0.862500 2.175000 0.193800
0.937500 2.175000 0.193800
1.012000 2.175000 0.193700
1.087000 2.175000 0.193700
1.163000 2.175000 0.193700
1.238000 2.175000 0.193600
1.313000 2.175000 0.193500
1.388000 2.175000 0.193400
1.463000 2.175000 0.193200
1.538000 2.175000 0.193000
1.613000 2.175000 0.192900
1.688000 2.175000 0.192600
1.763000 2.175000 0.192400
1.838000 2.175000 0.192100
1.913000 2.175000 0.191800
1.988000 2.175000 0.191500
2.063000 2.175000 0.191100
2.138000 2.175000 0.190800
2.213000 2.175000 0.190400
2.288000 2.175000 0.190000
2.363000 2.175000 0.189600
2.438000 2.175000 0.189200
2.513000 2.175000 0.188800
2.588000 2.175000 0.188300
2.663000 2.175000 0.187900
2.738000 2.175000 0.187500
2.813000 2.175000 0.187100
2.888000 2.175000 0.186700
2.963000 2.175000 0.186300
3.038000 2.175000 0.186000
3.113000 2.175000 0.185600
3.188000 2.175000 0.185300
3.263000 2.175000 0.185100
3.338000 2.175000 0.184800
3.413000 2.175000 0.184600
3.488000 2.175000 0.184400
3.563000 2.175000 0.184300
3.638000 2.175000 0.184200
3.713000 2.175000 0.184100
3.788000 2.175000 0.184000
3.863000 2.175000 0.000000
-0.037500 2.325000 0.000000
0.037500 2.325000 0.180300
0.112500 2.325000 0.180300
0.187500 2.325000 0.180300
0.262500 2.325000 0.180300
0.337500 2.325000 0.180300
0.412500 2.325000 0.180400
0.487500 2.325000 0.180400
0.562500 2.325000 0.180400
0.637500 2.325000 0.180300
0.712500 2.325000 0.180300
0.787500 2.325000 0.180300
0.862500 2.325000 0.180300
0.937500 2.325000 0.180200
1.012000 2.325000 0.180200
1.087000 2.325000 0.180100
1.163000 2.325000 0.180100
1.238000 2.325000 0.180000
1.313000 2.325000 0.179800
1.388000 2.325000 0.179700
1.463000 2.325000 0.179600
1.538000 2.325000 0.179400
1.613000 2.325000 0.179200
1.688000 2.325000 0.179000
1.763000 2.325000 0.178800
1.838000 2.325000 0.178500
1.913000 2.325000 0.178200
1.988000 2.325000 0.178000
2.063000 2.325000 0.177700
2.138000 2.325000 0.177300
2.213000 2.325000 0.177000
2.288000 2.325000 0.176700
2.363000 2.325000 0.176300
2.438000 2.325000 0.176000
2.513000 2.325000 0.175600
2.588000 2.325000 0.175300
2.663000 2.325000 0.174900
2.738000 2.325000 0.174600
2.813000 2.325000 0.174200
2.888000 2.325000 0.173900
2.963000 2.325000 0.173600
3.038000 2.325000 0.173300
3.113000 2.325000 0.173000
3.188000 2.325000 0.172800
3.263000 2.325000 0.172600
3.338000 2.325000 0.172400
3.413000 2.325000 0.172200
3.488000 2.325000 0.172000
3.563000 2.325000 0.171900
3.638000 2.325000 0.171800
3.713000 2.325000 0.171800
3.788000 2.325000 0.171700
3.863000 2.325000 0.000000
-0.037500 2.475000 0.000000
0.037500 2.475000 0.173500
0.112500 2.475000 0.173500
0.187500 2.475000 0.173500
0.262500 2.475000 0.173500
0.337500 2.475000 0.173500
0.412500 2.475000 0.173500
0.487500 2.475000 0.173500
0.562500 2.475000 0.173500
0.637500 2.475000 0.173500
0.712500 2.475000 0.173400
0.787500 2.475000 0.173400
0.862500 2.475000 0.173400
0.937500 2.475000 0.173300
1.012000 2.475000 0.173300
1.087000 2.475000 0.173200
1.163000 2.475000 0.173100
1.238000 2.475000 0.173000
1.313000 2.475000 0.172900
1.388000 2.475000 0.172700
1.463000 2.475000 0.172600
1.538000 2.475000 0.172400
1.613000 2.475000 0.172200
1.688000 2.475000 0.172000
1.763000 2.475000 0.171800
1.838000 2.475000 0.171600
1.913000 2.475000 0.171300
1.988000 2.475000 0.171000
2.063000 2.475000 0.170800
2.138000 2.475000 0.170500
2.213000 2.475000 0.170200
2.288000 2.475000 0.169800
2.363000 2.475000 0.169500
2.438000 2.475000 0.169200
2.513000 2.475000 0.168900
2.588000 2.475000 0.168600
2.663000 2.475000 0.168200
2.738000 2.475000 0.167900
2.813000 2.475000 0.167600
2.888000 2.475000 0.167300
2.963000 2.475000 0.167000
3.038000 2.475000 0.166800
3.113000 2.475000 0.166500
3.188000 2.475000 0.166300
3.263000 2.475000 0.166100
3.338000 2.475000 0.165900
3.413000 2.475000 0.165700
3.488000 2.475000 0.165600
3.563000 2.475000 0.165500
3.638000 2.475000 0.165400
3.713000 2.475000 0.165400
3.788000 2.475000 0.165300
3.863000 2.475000 0.000000
-0.037500 2.625000 0.000000
0.037500 2.625000 0.166600
0.112500 2.625000 0.166600
0.187500 2.625000 0.166600
0.262500 2.625000 0.166600
0.337500 2.625000 0.166600
0.412500 2.625000 0.166500
0.487500 2.625000 0.166500
0.562500 2.625000 0.166500
0.637500 2.625000 0.166500
0.712500 2.625000 0.166500
0.787500 2.625000 0.166400
0.862500 2.625000 0.166400
0.937500 2.625000 0.166300
1.012000 2.625000 0.166300
1.087000 2.625000 0.166200
1.163000 2.625000 0.166100
1.238000 2.625000 0.166000
1.313000 2.625000 0.165900
1.388000 2.625000 0.165700
1.463000 2.625000 0.165600
1.538000 2.625000 0.165400
1.613000 2.625000 0.165300
1.688000 2.625000 0.165100
1.763000 2.625000 0.164800
1.838000 2.625000 0.164600
1.913000 2.625000 0.164400
1.988000 2.625000 0.164100
2.063000 2.625000 0.163900
2.138000 2.625000 0.163600
2.213000 2.625000 0.163300
2.288000 2.625000 0.163000
2.363000 2.625000 0.162700
2.438000 2.625000 0.162400
2.513000 2.625000 0.162100
2.588000 2.625000 0.161800
2.663000 2.625000 0.161500
2.738000 2.625000 0.161200
2.813000 2.625000 0.160900
2.888000 2.625000 0.160600
2.963000 2.625000 0.160400
3.038000 2.625000 0.160100
3.113000 2.625000 0.159900
3.188000 2.625000 0.159700
3.263000 2.625000 0.159500
3.338000 2.625000 0.159300
3.413000 2.625000 0.159200
3.488000 2.625000 0.159000
3.563000 2.625000 0.158900
3.638000 2.625000 0.158900
3.713000 2.625000 0.158800
3.788000 2.625000 0.158800
3.863000 2.625000 0.000000
-0.037500 2.775000 0.000000
0.037500 2.775000 0.159700
0.112500 2.775000 0.159700
0.187500 2.775000 0.159700
0.262500 2.775000 0.159700
0.337500 2.775000 0.159700
0.412500 2.775000 0.159600
0.487500 2.775000 0.159600
0.562500 2.775000 0.159600
0.637500 2.775000 0.159600
0.712500 2.775000 0.159600
0.787500 2.775000 0.159500
0.862500 2.775000 0.159500
0.937500 2.775000 0.159400
1.012000 2.775000 0.159400
1.087000 2.775000 0.159300
1.163000 2.775000 0.159200
1.238000 2.775000 0.159100
1.313000 2.775000 0.159000
1.388000 2.775000 0.158800
1.463000 2.775000 0.158700
1.538000 2.775000 0.158500
1.613000 2.775000 0.158400
1.688000 2.775000 0.158200
1.763000 2.775000 0.158000
1.838000 2.775000 0.157700
1.913000 2.775000 0.157500
1.988000 2.775000 0.157300
2.063000 2.775000 0.157000
2.138000 2.775000 0.156800
2.213000 2.775000 0.156500
2.288000 2.775000 0.156200
2.363000 2.775000 0.155900
2.438000 2.775000 0.155600
2.513000 2.775000 0.155300
2.588000 2.775000 0.155100
2.663000 2.775000 0.154800
2.738000 2.775000 0.154500
2.813000 2.775000 0.154200
2.888000 2.775000 0.154000
2.963000 2.775000 0.153700
3.038000 2.775000 0.153500
3.113000 2.775000 0.153300
3.188000 2.775000 0.153100
3.263000 2.775000 0.152900
3.338000 2.775000 0.152700
3.413000 2.775000 0.152600
3.488000 2.775000 0.152500
3.563000 2.775000 0.152400
3.638000 2.775000 0.152300
3.713000 2.775000 0.152200
3.788000 2.775000 0.152200
3.863000 2.775000 0.000000
-0.037500 2.925000 0.000000
0.037500 2.925000 0.146100
0.112500 2.925000 0.146100
0.187500 2.925000 0.146100
0.262500 2.925000 0.146100
0.337500 2.925000 0.146100
0.412500 2.925000 0.146100
0.487500 2.925000 0.146100
0.562500 2.925000 0.146100
0.637500 2.925000 0.146100
0.712500 2.925000 0.146000
0.787500 2.925000 0.146000
0.862500 2.925000 0.146000
0.937500 2.925000 0.145900
1.012000 2.925000 0.145800
1.087000 2.925000 0.145800
1.163000 2.925000 0.145700
1.238000 2.925000 0.145600
1.313000 2.925000 0.145500
1.388000 2.925000 0.145400
1.463000 2.925000 0.145200
1.538000 2.925000 0.145100
1.613000 2.925000 0.144900
1.688000 2.925000 0.144800
1.763000 2.925000 0.144600
1.838000 2.925000 0.144400
1.913000 2.925000 0.144100
1.988000 2.925000 0.143900
2.063000 2.925000 0.143700
2.138000 2.925000 0.143400
2.213000 2.925000 0.143200
2.288000 2.925000 0.142900
2.363000 2.925000 0.142700
2.438000 2.925000 0.142400
2.513000 2.925000 0.142100
2.588000 2.925000 0.141900
2.663000 2.925000 0.141600
2.738000 2.925000 0.141300
2.813000 2.925000 0.141100
2.888000 2.925000 0.140900
2.963000 2.925000 0.140600
3.038000 2.925000 0.140400
3.113000 2.925000 0.140200
3.188000 2.925000 0.140000
3.263000 2.925000 0.139900
3.338000 2.925000 0.139700
3.413000 2.925000 0.139600
3.488000 2.925000 0.139500
3.563000 2.925000 0.139400
3.638000 2.925000 0.139300
3.713000 2.925000 0.139300
3.788000 2.925000 0.139200
3.863000 2.925000 0.000000
-0.037500 3.075000 0.000000
0.037500 3.075000 0.126600
0.112500 3.075000 0.126600
0.187500 3.075000 0.126600
0.262500 3.075000 0.126600
0.337500 3.075000 0.126600
0.412500 3.075000 0.126600
0.487500 3.075000 0.126600
0.562500 3.075000 0.126600
0.637500 3.075000 0.126500
0.712500 3.075000 0.126500
0.787500 3.075000 0.126500
0.862500 3.075000 0.126500
0.937500 3.075000 0.126400
1.012000 3.075000 0.126400
1.087000 3.075000 0.126300
1.163000 3.075000 0.126200
1.238000 3.075000 0.126100
1.313000 3.075000 0.126100
1.388000 3.075000 0.125900
1.463000 3.075000 0.125800
1.538000 3.075000 0.125700
1.613000 3.075000 0.125600
1.688000 3.075000 0.125400
1.763000 3.075000 0.125200
1.838000 3.075000 0.125100
1.913000 3.075000 0.124900
1.988000 3.075000 0.124700
2.063000 3.075000 0.124500
2.138000 3.075000 0.124200
2.213000 3.075000 0.124000
2.288000 3.075000 0.123800
2.363000 3.075000 0.123600
2.438000 3.075000 0.123300
2.513000 3.075000 0.123100
2.588000 3.075000 0.122900
2.663000 3.075000 0.122600
2.738000 3.075000 0.122400
2.813000 3.075000 0.122200
2.888000 3.075000 0.122000
2.963000 3.075000 0.121800
3.038000 3.075000 0.121600
3.113000 3.075000 0.121400
3.188000 3.075000 0.121300
3.263000 3.075000 0.121100
3.338000 3.075000 0.121000
3.413000 3.075000 0.120900
3.488000 3.075000 0.120800
3.563000 3.075000 0.120700
3.638000 3.075000 0.120600
3.713000 3.075000 0.120600
3.788000 3.075000 0.120600
3.863000 3.075000 0.000000
-0.037500 3.225000 0.000000
0.037500 3.225000 0.108400
0.112500 3.225000 0.108400
0.187500 3.225000 0.108400
0.262500 3.225000 0.108400
0.337500 3.225000 0.108300
0.412500 3.225000 0.108300
0.487500 3.225000 0.108300
0.562500 3.225000 0.108300
0.637500 3.225000 0.108300
0.712500 3.225000 0.108300
0.787500 3.225000 0.108300
0.862500 3.225000 0.108200
0.937500 3.225000 0.108200
1.012000 3.225000 0.108100
1.087000 3.225000 0.108100
1.163000 3.225000 0.108000
1.238000 3.225000 0.107900
1.313000 3.225000 0.107900
1.388000 3.225000 0.107800
1.463000 3.225000 0.107700
1.538000 3.225000 0.107600
1.613000 3.225000 0.107400
1.688000 3.225000 0.107300
1.763000 3.225000 0.107200
1.838000 3.225000 0.107000
1.913000 3.225000 0.106800
1.988000 3.225000 0.106700
2.063000 3.225000 0.106500
2.138000 3.225000 0.106300
2.213000 3.225000 0.106100
2.288000 3.225000 0.105900
2.363000 3.225000 0.105700
2.438000 3.225000 0.105500
2.513000 3.225000 0.105300
2.588000 3.225000 0.105100
2.663000 3.225000 0.104900
2.738000 3.225000 0.104700
2.813000 3.225000 0.104500
2.888000 3.225000 0.104400
2.963000 3.225000 0.104200
3.038000 3.225000 0.104000
3.113000 3.225000 0.103900
3.188000 3.225000 0.103700
3.263000 3.225000 0.103600
3.338000 3.225000 0.103500
3.413000 3.225000 0.103400
3.488000 3.225000 0.103300
3.563000 3.225000 0.103200
3.638000 3.225000 0.103200
3.713000 3.225000 0.103100
3.788000 3.225000 0.103100
3.863000 3.225000 0.000000
-0.037500 3.375000 0.000000
0.037500 3.375000 0.091690
0.112500 3.375000 0.091690
0.187500 3.375000 0.091680
0.262500 3.375000 0.091680
0.337500 3.375000 0.091680
0.412500 3.375000 0.091670
0.487500 3.375000 0.091660
0.562500 3.375000 0.091650
0.637500 3.375000 0.091640
0.712500 3.375000 0.091620
0.787500 3.375000 0.091590
0.862500 3.375000 0.091570
0.937500 3.375000 0.091530
1.012000 3.375000 0.091490
1.087000 3.375000 0.091450
1.163000 3.375000 0.091390
1.238000 3.375000 0.091330
1.313000 3.375000 0.091260
1.388000 3.375000 0.091180
1.463000 3.375000 0.091090
1.538000 3.375000 0.091000
1.613000 3.375000 0.090890
1.688000 3.375000 0.090780
1.763000 3.375000 0.090660
1.838000 3.375000 0.090530
1.913000 3.375000 0.090390
1.988000 3.375000 0.090240
2.063000 3.375000 0.090090
2.138000 3.375000 0.089930
2.213000 3.375000 0.089770
2.288000 3.375000 0.089600
2.363000 3.375000 0.089430
2.438000 3.375000 0.089260
2.513000 3.375000 0.089090
2.588000 3.375000 0.088920
2.663000 3.375000 0.088750
2.738000 3.375000 0.088580
2.813000 3.375000 0.088420
2.888000 3.375000 0.088270
2.963000 3.375000 0.088120
3.038000 3.375000 0.087980
3.113000 3.375000 0.087850
3.188000 3.375000 0.087730
3.263000 3.375000 0.087620
3.338000 3.375000 0.087520
3.413000 3.375000 0.087440
3.488000 3.375000 0.087370
3.563000 3.375000 0.087310
3.638000 3.375000 0.087260
3.713000 3.375000 0.087230
3.788000 3.375000 0.087220
3.863000 3.375000 0.000000
-0.037500 3.525000 0.000000
0.037500 3.525000 0.076770
0.112500 3.525000 0.076770
0.187500 3.525000 0.076770
0.262500 3.525000 0.076760
0.337500 3.525000 0.076760
0.412500 3.525000 0.076750
0.487500 3.525000 0.076750
0.562500 3.525000 0.076740
0.637500 3.525000 0.076720
0.712500 3.525000 0.076710
0.787500 3.525000 0.076690
0.862500 3.525000 0.076660
0.937500 3.525000 0.076630
1.012000 3.525000 0.076600
1.087000 3.525000 0.076560
1.163000 3.525000 0.076510
1.238000 3.525000 0.076460
1.313000 3.525000 0.076400
1.388000 3.525000 0.076330
1.463000 3.525000 0.076260
1.538000 3.525000 0.076180
1.613000 3.525000 0.076090
1.688000 3.525000 0.075990
1.763000 3.525000 0.075890
1.838000 3.525000 0.075780
1.913000 3.525000 0.075660
1.988000 3.525000 0.075540
2.063000 3.525000 0.075410
2.138000 3.525000 0.075280
2.213000 3.525000 0.075140
2.288000 3.525000 0.075000
2.363000 3.525000 0.074860
2.438000 3.525000 0.074720
2.513000 3.525000 0.074570
2.588000 3.525000 0.074430
2.663000 3.525000 0.074290
2.738000 3.525000 0.074150
2.813000 3.525000 0.074010
2.888000 3.525000 0.073880
2.963000 3.525000 0.073760
3.038000 3.525000 0.073640
3.113000 3.525000 0.073530
3.188000 3.525000 0.073430
3.263000 3.525000 0.073340
3.338000 3.525000 0.073260
3.413000 3.525000 0.073180
3.488000 3.525000 0.073120
3.563000 3.525000 0.073070
3.638000 3.525000 0.073030
3.713000 3.525000 0.073010
3.788000 3.525000 0.073000
3.863000 3.525000 0.000000
-0.037500 3.675000 0.000000
0.037500 3.675000 0.063670
0.112500 3.675000 0.063670
0.187500 3.675000 0.063660
0.262500 3.675000 0.063660
0.337500 3.675000 0.063660
0.412500 3.675000 0.063650
0.487500 3.675000 0.063650
0.562500 3.675000 0.063640
0.637500 3.675000 0.063620
0.712500 3.675000 0.063610
0.787500 3.675000 0.063590
0.862500 3.675000 0.063570
0.937500 3.675000 0.063550
1.012000 3.675000 0.063520
1.087000 3.675000 0.063480
1.163000 3.675000 0.063440
1.238000 3.675000 0.063400
1.313000 3.675000 0.063350
1.388000 3.675000 0.063290
1.463000 3.675000 0.063230
1.538000 3.675000 0.063160
1.613000 3.675000 0.063090
1.688000 3.675000 0.063010
1.763000 3.675000 0.062920
1.838000 3.675000 0.062830
1.913000 3.675000 0.062730
1.988000 3.675000 0.062630
2.063000 3.675000 0.062520
2.138000 3.675000 0.062410
2.213000 3.675000 0.062300
2.288000 3.675000 0.062180
2.363000 3.675000 0.062070
2.438000 3.675000 0.061950
2.513000 3.675000 0.061830
2.588000 3.675000 0.061710
2.663000 3.675000 0.061590
2.738000 3.675000 0.061480
2.813000 3.675000 0.061360
2.888000 3.675000 0.061260
2.963000 3.675000 0.061150
3.038000 3.675000 0.061050
3.113000 3.675000 0.060960
3.188000 3.675000 0.060880
3.263000 3.675000 0.060800
3.338000 3.675000 0.060730
3.413000 3.675000 0.060670
3.488000 3.675000 0.060620
3.563000 3.675000 0.060580
3.638000 3.675000 0.060550
3.713000 3.675000 0.060530
3.788000 3.675000 0.060520
3.863000 3.675000 0.000000
-0.037500 3.825000 0.000000
0.037500 3.825000 0.052360
0.112500 3.825000 0.052360
0.187500 3.825000 0.052360
0.262500 3.825000 0.052360
0.337500 3.825000 0.052350
0.412500 3.825000 0.052350
0.487500 3.825000 0.052340
0.562500 3.825000 0.052330
0.637500 3.825000 0.052320
0.712500 3.825000 0.052310
0.787500 3.825000 0.052290
0.862500 3.825000 0.052280
0.937500 3.825000 0.052250
1.012000 3.825000 0.052230
1.087000 3.825000 0.052200
1.163000 3.825000 0.052170
1.238000 3.825000 0.052130
1.313000 3.825000 0.052090
1.388000 3.825000 0.052040
1.463000 3.825000 0.051990
1.538000 3.825000 0.051930
1.613000 3.825000 0.051870
1.688000 3.825000 0.051800
1.763000 3.825000 0.051730
1.838000 3.825000 0.051660
1.913000 3.825000 0.051580
1.988000 3.825000 0.051490
2.063000 3.825000 0.051410
2.138000 3.825000 0.051320
2.213000 3.825000 0.051220
2.288000 3.825000 0.051130
2.363000 3.825000 0.051030
2.438000 3.825000 0.050930
2.513000 3.825000 0.050830
2.588000 3.825000 0.050740
2.663000 3.825000 0.050640
2.738000 3.825000 0.050540
2.813000 3.825000 0.050450
2.888000 3.825000 0.050360
2.963000 3.825000 0.050280
3.038000 3.825000 0.050200
3.113000 3.825000 0.050120
3.188000 3.825000 0.050060
3.263000 3.825000 0.049990
3.338000 3.825000 0.049940
3.413000 3.825000 0.049890
3.488000 3.825000 0.049840
3.563000 3.825000 0.049810
3.638000 3.825000 0.049780
3.713000 3.825000 0.049760
3.788000 3.825000 0.049760
3.863000 3.825000 0.000000
-0.037500 3.975000 0.000000
0.037500 3.975000 0.042770
0.112500 3.975000 0.042770
0.187500 3.975000 0.042770
0.262500 3.975000 0.042770
0.337500 3.975000 0.042770
0.412500 3.975000 0.042760
0.487500 3.975000 0.042750
0.562500 3.975000 0.042750
0.637500 3.975000 0.042740
0.712500 3.975000 0.042730
0.787500 3.975000 0.042710
0.862500 3.975000 0.042700
0.937500 3.975000 0.042680
1.012000 3.975000 0.042660
1.087000 3.975000 0.042640
1.163000 3.975000 0.042610
1.238000 3.975000 0.042580
1.313000 3.975000 0.042540
1.388000 3.975000 0.042500
1.463000 3.975000 0.042460
1.538000 3.975000 0.042410
1.613000 3.975000 0.042360
1.688000 3.975000 0.042310
1.763000 3.975000 0.042250
1.838000 3.975000 0.042190
1.913000 3.975000 0.042120
1.988000 3.975000 0.042050
2.063000 3.975000 0.041980
2.138000 3.975000 0.041910
2.213000 3.975000 0.041830
2.288000 3.975000 0.041750
2.363000 3.975000 0.041670
2.438000 3.975000 0.041590
2.513000 3.975000 0.041510
2.588000 3.975000 0.041440
2.663000 3.975000 0.041360
2.738000 3.975000 0.041280
2.813000 3.975000 0.041210
2.888000 3.975000 0.041130
2.963000 3.975000 0.041060
3.038000 3.975000 0.041000
3.113000 3.975000 0.040940
3.188000 3.975000 0.040880
3.263000 3.975000 0.040830
3.338000 3.975000 0.040780
3.413000 3.975000 0.040740
3.488000 3.975000 0.040710
3.563000 3.975000 0.040680
3.638000 3.975000 0.040660
3.713000 3.975000 0.040640
3.788000 3.975000 0.040640
3.863000 3.975000 0.000000
-0.037500 4.125000 0.000000
0.037500 4.125000 0.034790
0.112500 4.125000 0.034790
0.187500 4.125000 0.034790
0.262500 4.125000 0.034790
0.337500 4.125000 0.034780
0.412500 4.125000 0.034780
0.487500 4.125000 0.034770
0.562500 4.125000 0.034770
0.637500 4.125000 0.034760
0.712500 4.125000 0.034750
0.787500 4.125000 0.034740
0.862500 4.125000 0.034730
0.937500 4.125000 0.034710
1.012000 4.125000 0.034690
1.087000 4.125000 0.034670
1.163000 4.125000 0.034650
1.238000 4.125000 0.034620
1.313000 4.125000 0.034590
1.388000 4.125000 0.034560
1.463000 4.125000 0.034530
1.538000 4.125000 0.034490
1.613000 4.125000 0.034450
1.688000 4.125000 0.034400
1.763000 4.125000 0.034350
1.838000 4.125000 0.034300
1.913000 4.125000 0.034250
1.988000 4.125000 0.034190
2.063000 4.125000 0.034140
2.138000 4.125000 0.034080
2.213000 4.125000 0.034010
2.288000 4.125000 0.033950
2.363000 4.125000 0.033890
2.438000 4.125000 0.033820
2.513000 4.125000 0.033760
2.588000 4.125000 0.033690
2.663000 4.125000 0.033630
2.738000 4.125000 0.033570
2.813000 4.125000 0.033510
2.888000 4.125000 0.033450
2.963000 4.125000 0.033390
3.038000 4.125000 0.033340
3.113000 4.125000 0.033290
3.188000 4.125000 0.033250
3.263000 4.125000 0.033200
3.338000 4.125000 0.033170
3.413000 4.125000 0.033130
3.488000 4.125000 0.033100
3.563000 4.125000 0.033080
3.638000 4.125000 0.033060
3.713000 4.125000 0.033050
3.788000 4.125000 0.033050
3.863000 4.125000 0.000000
-0.037500 4.275000 0.000000
0.037500 4.275000 0.028280
0.112500 4.275000 0.028280
0.187500 4.275000 0.028280
0.262500 4.275000 0.028270
0.337500 4.275000 0.028270
0.412500 4.275000 0.028270
0.487500 4.275000 0.028260
0.562500 4.275000 0.028260
0.637500 4.275000 0.028250
0.712500 4.275000 0.028240
0.787500 4.275000 0.028230
0.862500 4.275000 0.028220
0.937500 4.275000 0.028210
1.012000 4.275000 0.028190
1.087000 4.275000 0.028180
1.163000 4.275000 0.028160
1.238000 4.275000 0.028140
1.313000 4.275000 0.028110
1.388000 4.275000 0.028090
1.463000 4.275000 0.028060
1.538000 4.275000 0.028030
1.613000 4.275000 0.027990
1.688000 4.275000 0.027960
1.763000 4.275000 0.027920
1.838000 4.275000 0.027880
1.913000 4.275000 0.027830
1.988000 4.275000 0.027790
2.063000 4.275000 0.027740
2.138000 4.275000 0.027690
2.213000 4.275000 0.027640
2.288000 4.275000 0.027590
2.363000 4.275000 0.027540
2.438000 4.275000 0.027490
2.513000 4.275000 0.027430
2.588000 4.275000 0.027380
2.663000 4.275000 0.027330
2.738000 4.275000 0.027280
2.813000 4.275000 0.027230
2.888000 4.275000 0.027180
2.963000 4.275000 0.027140
3.038000 4.275000 0.027100
3.113000 4.275000 0.027060
3.188000 4.275000 0.027020
3.263000 4.275000 0.026990
3.338000 4.275000 0.026950
3.413000 4.275000 0.026930
3.488000 4.275000 0.026900
3.563000 4.275000 0.026890
3.638000 4.275000 0.026870
3.713000 4.275000 0.026860
3.788000 4.275000 0.026860
3.863000 4.275000 0.000000
-0.037500 4.425000 0.000000
0.037500 4.425000 0.023100
0.112500 4.425000 0.023100
0.187500 4.425000 0.023100
0.262500 4.425000 0.023100
0.337500 4.425000 0.023100
0.412500 4.425000 0.023090
0.487500 4.425000 0.023090
0.562500 4.425000 0.023080
0.637500 4.425000 0.023080
0.712500 4.425000 0.023070
0.787500 4.425000 0.023060
0.862500 4.425000 0.023050
0.937500 4.425000 0.023040
1.012000 4.425000 0.023030
1.087000 4.425000 0.023020
1.163000 4.425000 0.023000
1.238000 4.425000 0.022980
1.313000 4.425000 0.022960
1.388000 4.425000 0.022940
1.463000 4.425000 0.022920
1.538000 4.425000 0.022890
1.613000 4.425000 0.022860
1.688000 4.425000 0.022830
1.763000 4.425000 0.022800
1.838000 4.425000 0.022770
1.913000 4.425000 0.022730
1.988000 4.425000 0.022690
2.063000 4.425000 0.022660
2.138000 4.425000 0.022620
2.213000 4.425000 0.022580
2.288000 4.425000 0.022530
2.363000 4.425000 0.022490
2.438000 4.425000 0.022450
2.513000 4.425000 0.022410
2.588000 4.425000 0.022370
2.663000 4.425000 0.022320
2.738000 4.425000 0.022280
2.813000 4.425000 0.022240
2.888000 4.425000 0.022210
2.963000 4.425000 0.022170
3.038000 4.425000 0.022130
3.113000 4.425000 0.022100
3.188000 4.425000 0.022070
3.263000 4.425000 0.022040
3.338000 4.425000 0.022020
3.413000 4.425000 0.022000
3.488000 4.425000 0.021980
3.563000 4.425000 0.021960
3.638000 4.425000 0.021950
3.713000 4.425000 0.021940
3.788000 4.425000 0.021940
3.863000 4.425000 0.000000
-0.037500 4.575000 0.000000
0.037500 4.575000 0.019130
0.112500 4.575000 0.019130
0.187500 4.575000 0.019130
0.262500 4.575000 0.019130
0.337500 4.575000 0.019130
0.412500 4.575000 0.019130
0.487500 4.575000 0.019120
0.562500 4.575000 0.019120
0.637500 4.575000 0.019110
0.712500 4.575000 0.019110
0.787500 4.575000 0.019100
0.862500 4.575000 0.019090
0.937500 4.575000 0.019080
1.012000 4.575000 0.019070
1.087000 4.575000 0.019060
1.163000 4.575000 0.019040
1.238000 4.575000 0.019030
1.313000 4.575000 0.019010
1.388000 4.575000 0.018990
1.463000 4.575000 0.018970
1.538000 4.575000 0.018950
1.613000 4.575000 0.018930
1.688000 4.575000 0.018900
1.763000 4.575000 0.018880
1.838000 4.575000 0.018850
1.913000 4.575000 0.018820
1.988000 4.575000 0.018790
2.063000 4.575000 0.018760
2.138000 4.575000 0.018730
2.213000 4.575000 0.018690
2.288000 4.575000 0.018660
2.363000 4.575000 0.018620
2.438000 4.575000 0.018590
2.513000 4.575000 0.018550
2.588000 4.575000 0.018520
2.663000 4.575000 0.018490
2.738000 4.575000 0.018450
2.813000 4.575000 0.018420
2.888000 4.575000 0.018390
2.963000 4.575000 0.018360
3.038000 4.575000 0.018330
3.113000 4.575000 0.018300
3.188000 4.575000 0.018280
3.263000 4.575000 0.018260
3.338000 4.575000 0.018230
3.413000 4.575000 0.018220
3.488000 4.575000 0.018200
3.563000 4.575000 0.018190
3.638000 4.575000 0.018180
3.713000 4.575000 0.018170
3.788000 4.575000 0.018170
3.863000 4.575000 0.000000
-0.037500 4.725000 0.000000
0.037500 4.725000 0.016260
0.112500 4.725000 0.016260
0.187500 4.725000 0.016260
0.262500 4.725000 0.016260
0.337500 4.725000 0.016260
0.412500 4.725000 0.016250
0.487500 4.725000 0.016250
0.562500 4.725000 0.016250
0.637500 4.725000 0.016240
0.712500 4.725000 0.016230
0.787500 4.725000 0.016230
0.862500 4.725000 0.016220
0.937500 4.725000 0.016210
1.012000 4.725000 0.016200
1.087000 4.725000 0.016190
1.163000 4.725000 0.016180
1.238000 4.725000 0.016170
1.313000 4.725000 0.016150
1.388000 4.725000 0.016140
1.463000 4.725000 0.016120
1.538000 4.725000 0.016100
1.613000 4.725000 0.016080
1.688000 4.725000 0.016060
1.763000 4.725000 0.016040
1.838000 4.725000 0.016010
1.913000 4.725000 0.015990
1.988000 4.725000 0.015960
2.063000 4.725000 0.015940
2.138000 4.725000 0.015910
2.213000 4.725000 0.015880
2.288000 4.725000 0.015850
2.363000 4.725000 0.015820
2.438000 4.725000 0.015790
2.513000 4.725000 0.015760
2.588000 4.725000 0.015740
2.663000 4.725000 0.015710
2.738000 4.725000 0.015680
2.813000 4.725000 0.015650
2.888000 4.725000 0.015620
2.963000 4.725000 0.015600
3.038000 4.725000 0.015580
3.113000 4.725000 0.015550
3.188000 4.725000 0.015530
3.263000 4.725000 0.015510
3.338000 4.725000 0.015490
3.413000 4.725000 0.015480
3.488000 4.725000 0.015470
3.563000 4.725000 0.015450
3.638000 4.725000 0.015450
3.713000 4.725000 0.015440
3.788000 4.725000 0.015440
3.863000 4.725000 0.000000
-0.037500 4.875000 0.000000
0.037500 4.875000 0.014400
0.112500 4.875000 0.014390
0.187500 4.875000 0.014390
0.262500 4.875000 0.014390
0.337500 4.875000 0.014390
0.412500 4.875000 0.014390
0.487500 4.875000 0.014380
0.562500 4.875000 0.014380
0.637500 4.875000 0.014370
0.712500 4.875000 0.014370
0.787500 4.875000 0.014360
0.862500 4.875000 0.014360
0.937500 4.875000 0.014350
1.012000 4.875000 0.014340
1.087000 4.875000 0.014330
1.163000 4.875000 0.014320
1.238000 4.875000 0.014310
1.313000 4.875000 0.014290
1.388000 4.875000 0.014280
1.463000 4.875000 0.014270
1.538000 4.875000 0.014250
1.613000 4.875000 0.014230
1.688000 4.875000 0.014210
1.763000 4.875000 0.014190
1.838000 4.875000 0.014170
1.913000 4.875000 0.014150
1.988000 4.875000 0.014130
2.063000 4.875000 0.014100
2.138000 4.875000 0.014080
2.213000 4.875000 0.014050
2.288000 4.875000 0.014030
2.363000 4.875000 0.014000
2.438000 4.875000 0.013980
2.513000 4.875000 0.013950
2.588000 4.875000 0.013930
2.663000 4.875000 0.013900
2.738000 4.875000 0.013880
2.813000 4.875000 0.013850
2.888000 4.875000 0.013830
2.963000 4.875000 0.013810
3.038000 4.875000 0.013780
3.113000 4.875000 0.013760
3.188000 4.875000 0.013750
3.263000 4.875000 0.013730
3.338000 4.875000 0.013710
3.413000 4.875000 0.013700
3.488000 4.875000 0.013690
3.563000 4.875000 0.013680
3.638000 4.875000 0.013670
3.713000 4.875000 0.013660
3.788000 4.875000 0.013660
3.863000 4.875000 0.000000
-0.037500 5.025000 0.000000
0.037500 5.025000 0.013480
0.112500 5.025000 0.013480
0.187500 5.025000 0.013480
0.262500 5.025000 0.013480
0.337500 5.025000 0.013480
0.412500 5.025000 0.013480
0.487500 5.025000 0.013470
0.562500 5.025000 0.013470
0.637500 5.025000 0.013470
0.712500 5.025000 0.013460
0.787500 5.025000 0.013460
0.862500 5.025000 0.013450
0.937500 5.025000 0.013440
1.012000 5.025000 0.013430
1.087000 5.025000 0.013420
1.163000 5.025000 0.013410
1.238000 5.025000 0.013400
1.313000 5.025000 0.013390
1.388000 5.025000 0.013380
1.463000 5.025000 0.013360
1.538000 5.025000 0.013350
1.613000 5.025000 0.013330
1.688000 5.025000 0.013310
1.763000 5.025000 0.013290
1.838000 5.025000 0.013280
1.913000 5.025000 0.013250
1.988000 5.025000 0.013230
2.063000 5.025000 0.013210
2.138000 5.025000 0.013190
2.213000 5.025000 0.013160
2.288000 5.025000 0.013140
2.363000 5.025000 0.013120
2.438000 5.025000 0.013090
2.513000 5.025000 0.013070
2.588000 5.025000 0.013050
2.663000 5.025000 0.013020
2.738000 5.025000 0.013000
2.813000 5.025000 0.012980
2.888000 5.025000 0.012950
2.963000 5.025000 0.012930
3.038000 5.025000 0.012910
3.113000 5.025000 0.012900
3.188000 5.025000 0.012880
3.263000 5.025000 0.012860
3.338000 5.025000 0.012850
3.413000 5.025000 0.012840
3.488000 5.025000 0.012820
3.563000 5.025000 0.012810
3.638000 5.025000 0.012810
3.713000 5.025000 0.012800
3.788000 5.025000 0.012800
3.863000 5.025000 0.000000
-0.037500 5.175000 0.000000
0.037500 5.175000 0.000000
0.112500 5.175000 0.000000
0.187500 5.175000 0.000000
0.262500 5.175000 0.000000
0.337500 5.175000 0.000000
0.412500 5.175000 0.000000
0.487500 5.175000 0.000000
0.562500 5.175000 0.000000
0.637500 5.175000 0.000000
0.712500 5.175000 0.000000
0.787500 5.175000 0.000000
0.862500 5.175000 0.000000
0.937500 5.175000 0.000000
1.012000 5.175000 0.000000
1.087000 5.175000 0.000000
1.163000 5.175000 0.000000
1.238000 5.175000 0.000000
1.313000 5.175000 0.000000
1.388000 5.175000 0.000000
1.463000 5.175000 0.000000
1.538000 5.175000 0.000000
1.613000 5.175000 0.000000
1.688000 5.175000 0.000000
1.763000 5.175000 0.000000
1.838000 5.175000 0.000000
1.913000 5.175000 0.000000
1.988000 5.175000 0.000000
2.063000 5.175000 0.000000
2.138000 5.175000 0.000000
2.213000 5.175000 0.000000
2.288000 5.175000 0.000000
2.363000 5.175000 0.000000
2.438000 5.175000 0.000000
2.513000 5.175000 0.000000
2.588000 5.175000 0.000000
2.663000 5.175000 0.000000
2.738000 5.175000 0.000000
2.813000 5.175000 0.000000
2.888000 5.175000 0.000000
2.963000 5.175000 0.000000
3.038000 5.175000 0.000000
3.113000 5.175000 0.000000
3.188000 5.175000 0.000000
3.263000 5.175000 0.000000
3.338000 5.175000 0.000000
3.413000 5.175000 0.000000
3.488000 5.175000 0.000000
3.563000 5.175000 0.000000
3.638000 5.175000 0.000000
3.713000 5.175000 0.000000
3.788000 5.175000 0.000000
3.863000 5.175000 0.000000
