-0.037500 -0.075000 0.000000
0.037500 -0.075000 0.000000
0.112500 -0.075000 0.000000
0.187500 -0.075000 0.000000
0.262500 -0.075000 0.000000
0.337500 -0.075000 0.000000
0.412500 -0.075000 0.000000
0.487500 -0.075000 0.000000
0.562500 -0.075000 0.000000
0.637500 -0.075000 0.000000
0.712500 -0.075000 0.000000
0.787500 -0.075000 0.000000
0.862500 -0.075000 0.000000
0.937500 -0.075000 0.000000
1.012000 -0.075000 0.000000
1.087000 -0.075000 0.000000
1.163000 -0.075000 0.000000
1.238000 -0.075000 0.000000
1.313000 -0.075000 0.000000
1.388000 -0.075000 0.000000
1.463000 -0.075000 0.000000
1.538000 -0.075000 0.000000
1.613000 -0.075000 0.000000
1.688000 -0.075000 0.000000
1.763000 -0.075000 0.000000
1.838000 -0.075000 0.000000
1.913000 -0.075000 0.000000
1.988000 -0.075000 0.000000
2.063000 -0.075000 0.000000
2.138000 -0.075000 0.000000
2.213000 -0.075000 0.000000
2.288000 -0.075000 0.000000
2.363000 -0.075000 0.000000
2.438000 -0.075000 0.000000
2.513000 -0.075000 0.000000
2.588000 -0.075000 0.000000
2.663000 -0.075000 0.000000
2.738000 -0.075000 0.000000
2.813000 -0.075000 0.000000
2.888000 -0.075000 0.000000
2.963000 -0.075000 0.000000
3.038000 -0.075000 0.000000
3.113000 -0.075000 0.000000
3.188000 -0.075000 0.000000
3.263000 -0.075000 0.000000
3.338000 -0.075000 0.000000
3.413000 -0.075000 0.000000
3.488000 -0.075000 0.000000
3.563000 -0.075000 0.000000
3.638000 -0.075000 0.000000
3.713000 -0.075000 0.000000
3.788000 -0.075000 0.000000
3.863000 -0.075000 0.000000
-0.037500 0.075000 0.000000
0.037500 0.075000 0.044450
0.112500 0.075000 0.088900
0.187500 0.075000 0.133300
0.262500 0.075000 0.177800
0.337500 0.075000 0.222200
0.412500 0.075000 0.266600
0.487500 0.075000 0.310900
0.562500 0.075000 0.355200
0.637500 0.075000 0.399200
0.712500 0.075000 0.443100
0.787500 0.075000 0.486700
0.862500 0.075000 0.529800
0.937500 0.075000 0.572400
1.012000 0.075000 0.614200
1.087000 0.075000 0.655000
1.163000 0.075000 0.694600
1.238000 0.075000 0.732600
1.313000 0.075000 0.768600
1.388000 0.075000 0.802300
1.463000 0.075000 0.833200
1.538000 0.075000 0.860700
1.613000 0.075000 0.884500
1.688000 0.075000 0.904000
1.763000 0.075000 0.918800
1.838000 0.075000 0.928700
1.913000 0.075000 0.933400
1.988000 0.075000 0.933000
2.063000 0.075000 0.927700
2.138000 0.075000 0.917800
2.213000 0.075000 0.903800
2.288000 0.075000 0.886300
2.363000 0.075000 0.865800
2.438000 0.075000 0.843100
2.513000 0.075000 0.818700
2.588000 0.075000 0.793200
2.663000 0.075000 0.767000
2.738000 0.075000 0.740600
2.813000 0.075000 0.714300
2.888000 0.075000 0.688300
2.963000 0.075000 0.662800
3.038000 0.075000 0.638000
3.113000 0.075000 0.614000
3.188000 0.075000 0.590800
3.263000 0.075000 0.568500
3.338000 0.075000 0.547200
3.413000 0.075000 0.526700
3.488000 0.075000 0.507100
3.563000 0.075000 0.488500
3.638000 0.075000 0.470600
3.713000 0.075000 0.453600
3.788000 0.075000 0.437400
3.863000 0.075000 0.000000
-0.037500 0.225000 0.000000
0.037500 0.225000 0.044450
0.112500 0.225000 0.088900
0.187500 0.225000 0.133300
0.262500 0.225000 0.177800
0.337500 0.225000 0.222200
0.412500 0.225000 0.266600
0.487500 0.225000 0.310900
0.562500 0.225000 0.355200
0.637500 0.225000 0.399200
0.712500 0.225000 0.443100
0.787500 0.225000 0.486700
0.862500 0.225000 0.529800
0.937500 0.225000 0.572400
1.012000 0.225000 0.614200
1.087000 0.225000 0.655000
1.163000 0.225000 0.694600
1.238000 0.225000 0.732600
1.313000 0.225000 0.768600
1.388000 0.225000 0.802300
1.463000 0.225000 0.833200
1.538000 0.225000 0.860700
1.613000 0.225000 0.884500
1.688000 0.225000 0.904000
1.763000 0.225000 0.918800
1.838000 0.225000 0.928700
1.913000 0.225000 0.933400
1.988000 0.225000 0.933000
2.063000 0.225000 0.927700
2.138000 0.225000 0.917800
2.213000 0.225000 0.903800
2.288000 0.225000 0.886300
2.363000 0.225000 0.865800
2.438000 0.225000 0.843100
2.513000 0.225000 0.818700
2.588000 0.225000 0.793200
2.663000 0.225000 0.767000
2.738000 0.225000 0.740600
2.813000 0.225000 0.714300
2.888000 0.225000 0.688300
2.963000 0.225000 0.662800
3.038000 0.225000 0.638000
3.113000 0.225000 0.614000
3.188000 0.225000 0.590800
3.263000 0.225000 0.568500
3.338000 0.225000 0.547200
3.413000 0.225000 0.526700
3.488000 0.225000 0.507100
3.563000 0.225000 0.488500
3.638000 0.225000 0.470600
3.713000 0.225000 0.453600
3.788000 0.225000 0.437400
3.863000 0.225000 0.000000
-0.037500 0.375000 0.000000
0.037500 0.375000 0.119600
0.112500 0.375000 0.130300
0.187500 0.375000 0.147000
0.262500 0.375000 0.167300
0.337500 0.375000 0.190000
0.412500 0.375000 0.214300
0.487500 0.375000 0.239600
0.562500 0.375000 0.265500
0.637500 0.375000 0.291900
0.712500 0.375000 0.318500
0.787500 0.375000 0.345100
0.862500 0.375000 0.371600
0.937500 0.375000 0.397800
1.012000 0.375000 0.423600
1.087000 0.375000 0.448700
1.163000 0.375000 0.472900
1.238000 0.375000 0.496100
1.313000 0.375000 0.518000
1.388000 0.375000 0.538400
1.463000 0.375000 0.556900
1.538000 0.375000 0.573200
1.613000 0.375000 0.587300
1.688000 0.375000 0.598700
1.763000 0.375000 0.607300
1.838000 0.375000 0.612900
1.913000 0.375000 0.615600
1.988000 0.375000 0.615300
2.063000 0.375000 0.612100
2.138000 0.375000 0.606200
2.213000 0.375000 0.597900
2.288000 0.375000 0.587400
2.363000 0.375000 0.575100
2.438000 0.375000 0.561300
2.513000 0.375000 0.546500
2.588000 0.375000 0.530800
2.663000 0.375000 0.514600
2.738000 0.375000 0.498100
2.813000 0.375000 0.481500
2.888000 0.375000 0.465100
2.963000 0.375000 0.448900
3.038000 0.375000 0.433100
3.113000 0.375000 0.417800
3.188000 0.375000 0.403000
3.263000 0.375000 0.388800
3.338000 0.375000 0.375400
3.413000 0.375000 0.362600
3.488000 0.375000 0.350700
3.563000 0.375000 0.339900
3.638000 0.375000 0.330400
3.713000 0.375000 0.322800
3.788000 0.375000 0.318000
3.863000 0.375000 0.000000
-0.037500 0.525000 0.000000
0.037500 0.525000 0.123700
0.112500 0.525000 0.127300
0.187500 0.525000 0.133800
0.262500 0.525000 0.142500
0.337500 0.525000 0.152900
0.412500 0.525000 0.164600
0.487500 0.525000 0.177300
0.562500 0.525000 0.190600
0.637500 0.525000 0.204400
0.712500 0.525000 0.218600
0.787500 0.525000 0.232900
0.862500 0.525000 0.247200
0.937500 0.525000 0.261400
1.012000 0.525000 0.275500
1.087000 0.525000 0.289100
1.163000 0.525000 0.302300
1.238000 0.525000 0.314800
1.313000 0.525000 0.326600
1.388000 0.525000 0.337500
1.463000 0.525000 0.347300
1.538000 0.525000 0.356000
1.613000 0.525000 0.363400
1.688000 0.525000 0.369300
1.763000 0.525000 0.373700
1.838000 0.525000 0.376600
1.913000 0.525000 0.377900
1.988000 0.525000 0.377600
2.063000 0.525000 0.375800
2.138000 0.525000 0.372600
2.213000 0.525000 0.368100
2.288000 0.525000 0.362400
2.363000 0.525000 0.355800
2.438000 0.525000 0.348200
2.513000 0.525000 0.340100
2.588000 0.525000 0.331400
2.663000 0.525000 0.322400
2.738000 0.525000 0.313100
2.813000 0.525000 0.303800
2.888000 0.525000 0.294500
2.963000 0.525000 0.285300
3.038000 0.525000 0.276300
3.113000 0.525000 0.267600
3.188000 0.525000 0.259200
3.263000 0.525000 0.251300
3.338000 0.525000 0.243800
3.413000 0.525000 0.236800
3.488000 0.525000 0.230600
3.563000 0.525000 0.225100
3.638000 0.525000 0.220600
3.713000 0.525000 0.217200
3.788000 0.525000 0.215500
3.863000 0.525000 0.000000
-0.037500 0.675000 0.000000
0.037500 0.675000 0.118400
0.112500 0.675000 0.119800
0.187500 0.675000 0.122500
0.262500 0.675000 0.126500
0.337500 0.675000 0.131400
0.412500 0.675000 0.137100
0.487500 0.675000 0.143600
0.562500 0.675000 0.150600
0.637500 0.675000 0.158000
0.712500 0.675000 0.165700
0.787500 0.675000 0.173600
0.862500 0.675000 0.181600
0.937500 0.675000 0.189600
1.012000 0.675000 0.197500
1.087000 0.675000 0.205100
1.163000 0.675000 0.212500
1.238000 0.675000 0.219600
1.313000 0.675000 0.226100
1.388000 0.675000 0.232200
1.463000 0.675000 0.237600
1.538000 0.675000 0.242300
1.613000 0.675000 0.246300
1.688000 0.675000 0.249500
1.763000 0.675000 0.251800
1.838000 0.675000 0.253300
1.913000 0.675000 0.253900
1.988000 0.675000 0.253700
2.063000 0.675000 0.252600
2.138000 0.675000 0.250700
2.213000 0.675000 0.248100
2.288000 0.675000 0.244800
2.363000 0.675000 0.241000
2.438000 0.675000 0.236700
2.513000 0.675000 0.231900
2.588000 0.675000 0.226800
2.663000 0.675000 0.221500
2.738000 0.675000 0.216100
2.813000 0.675000 0.210500
2.888000 0.675000 0.205000
2.963000 0.675000 0.199500
3.038000 0.675000 0.194100
3.113000 0.675000 0.188900
3.188000 0.675000 0.183900
3.263000 0.675000 0.179300
3.338000 0.675000 0.175000
3.413000 0.675000 0.171100
3.488000 0.675000 0.167600
3.563000 0.675000 0.164800
3.638000 0.675000 0.162500
3.713000 0.675000 0.160900
3.788000 0.675000 0.160100
3.863000 0.675000 0.000000
-0.037500 0.825000 0.000000
0.037500 0.825000 0.110000
0.112500 0.825000 0.110900
0.187500 0.825000 0.112700
0.262500 0.825000 0.115200
0.337500 0.825000 0.118500
0.412500 0.825000 0.122500
0.487500 0.825000 0.126900
0.562500 0.825000 0.131900
0.637500 0.825000 0.137100
0.712500 0.825000 0.142600
0.787500 0.825000 0.148300
0.862500 0.825000 0.154100
0.937500 0.825000 0.159900
1.012000 0.825000 0.165600
1.087000 0.825000 0.171200
1.163000 0.825000 0.176600
1.238000 0.825000 0.181700
1.313000 0.825000 0.186500
1.388000 0.825000 0.190900
1.463000 0.825000 0.194800
1.538000 0.825000 0.198200
1.613000 0.825000 0.201000
1.688000 0.825000 0.203200
1.763000 0.825000 0.204900
1.838000 0.825000 0.205900
1.913000 0.825000 0.206300
1.988000 0.825000 0.206000
2.063000 0.825000 0.205200
2.138000 0.825000 0.203800
2.213000 0.825000 0.201900
2.288000 0.825000 0.199400
2.363000 0.825000 0.196600
2.438000 0.825000 0.193300
2.513000 0.825000 0.189800
2.588000 0.825000 0.186000
2.663000 0.825000 0.182000
2.738000 0.825000 0.177900
2.813000 0.825000 0.173700
2.888000 0.825000 0.169500
2.963000 0.825000 0.165400
3.038000 0.825000 0.161300
3.113000 0.825000 0.157400
3.188000 0.825000 0.153700
3.263000 0.825000 0.150200
3.338000 0.825000 0.147000
3.413000 0.825000 0.144100
3.488000 0.825000 0.141700
3.563000 0.825000 0.139600
3.638000 0.825000 0.138000
3.713000 0.825000 0.137000
3.788000 0.825000 0.136400
3.863000 0.825000 0.000000
-0.037500 0.975000 0.000000
0.037500 0.975000 0.099540
0.112500 0.975000 0.100200
0.187500 0.975000 0.101400
0.262500 0.975000 0.103200
0.337500 0.975000 0.105600
0.412500 0.975000 0.108400
0.487500 0.975000 0.111600
0.562500 0.975000 0.115200
0.637500 0.975000 0.119000
0.712500 0.975000 0.123100
0.787500 0.975000 0.127300
0.862500 0.975000 0.131600
0.937500 0.975000 0.135900
1.012000 0.975000 0.140200
1.087000 0.975000 0.144400
1.163000 0.975000 0.148400
1.238000 0.975000 0.152200
1.313000 0.975000 0.155800
1.388000 0.975000 0.159000
1.463000 0.975000 0.161900
1.538000 0.975000 0.164400
1.613000 0.975000 0.166500
1.688000 0.975000 0.168200
1.763000 0.975000 0.169400
1.838000 0.975000 0.170100
1.913000 0.975000 0.170300
1.988000 0.975000 0.170100
2.063000 0.975000 0.169400
2.138000 0.975000 0.168300
2.213000 0.975000 0.166800
2.288000 0.975000 0.165000
2.363000 0.975000 0.162800
2.438000 0.975000 0.160300
2.513000 0.975000 0.157600
2.588000 0.975000 0.154600
2.663000 0.975000 0.151600
2.738000 0.975000 0.148400
2.813000 0.975000 0.145200
2.888000 0.975000 0.141900
2.963000 0.975000 0.138700
3.038000 0.975000 0.135600
3.113000 0.975000 0.132600
3.188000 0.975000 0.129700
3.263000 0.975000 0.127100
3.338000 0.975000 0.124700
3.413000 0.975000 0.122500
3.488000 0.975000 0.120700
3.563000 0.975000 0.119100
3.638000 0.975000 0.118000
3.713000 0.975000 0.117200
3.788000 0.975000 0.116800
3.863000 0.975000 0.000000
-0.037500 1.125000 0.000000
0.037500 1.125000 0.088980
0.112500 1.125000 0.089450
0.187500 1.125000 0.090390
0.262500 1.125000 0.091770
0.337500 1.125000 0.093560
0.412500 1.125000 0.095730
0.487500 1.125000 0.098220
0.562500 1.125000 0.101000
0.637500 1.125000 0.104000
0.712500 1.125000 0.107200
0.787500 1.125000 0.110400
0.862500 1.125000 0.113800
0.937500 1.125000 0.117200
1.012000 1.125000 0.120600
1.087000 1.125000 0.123900
1.163000 1.125000 0.127000
1.238000 1.125000 0.130000
1.313000 1.125000 0.132800
1.388000 1.125000 0.135300
1.463000 1.125000 0.137600
1.538000 1.125000 0.139600
1.613000 1.125000 0.141200
1.688000 1.125000 0.142500
1.763000 1.125000 0.143400
1.838000 1.125000 0.143900
1.913000 1.125000 0.144100
1.988000 1.125000 0.143900
2.063000 1.125000 0.143300
2.138000 1.125000 0.142500
2.213000 1.125000 0.141200
2.288000 1.125000 0.139700
2.363000 1.125000 0.138000
2.438000 1.125000 0.136000
2.513000 1.125000 0.133800
2.588000 1.125000 0.131400
2.663000 1.125000 0.128900
2.738000 1.125000 0.126400
2.813000 1.125000 0.123800
2.888000 1.125000 0.121200
2.963000 1.125000 0.118600
3.038000 1.125000 0.116100
3.113000 1.125000 0.113700
3.188000 1.125000 0.111400
3.263000 1.125000 0.109300
3.338000 1.125000 0.107300
3.413000 1.125000 0.105600
3.488000 1.125000 0.104200
3.563000 1.125000 0.103000
3.638000 1.125000 0.102100
3.713000 1.125000 0.101400
3.788000 1.125000 0.101100
3.863000 1.125000 0.000000
-0.037500 1.275000 0.000000
0.037500 1.275000 0.069210
0.112500 1.275000 0.069540
0.187500 1.275000 0.070200
0.262500 1.275000 0.071170
0.337500 1.275000 0.072430
0.412500 1.275000 0.073950
0.487500 1.275000 0.075710
0.562500 1.275000 0.077670
0.637500 1.275000 0.079790
0.712500 1.275000 0.082040
0.787500 1.275000 0.084380
0.862500 1.275000 0.086780
0.937500 1.275000 0.089200
1.012000 1.275000 0.091590
1.087000 1.275000 0.093930
1.163000 1.275000 0.096190
1.238000 1.275000 0.098320
1.313000 1.275000 0.100300
1.388000 1.275000 0.102100
1.463000 1.275000 0.103700
1.538000 1.275000 0.105100
1.613000 1.275000 0.106300
1.688000 1.275000 0.107200
1.763000 1.275000 0.107800
1.838000 1.275000 0.108200
1.913000 1.275000 0.108300
1.988000 1.275000 0.108200
2.063000 1.275000 0.107700
2.138000 1.275000 0.107100
2.213000 1.275000 0.106200
2.288000 1.275000 0.105100
2.363000 1.275000 0.103800
2.438000 1.275000 0.102400
2.513000 1.275000 0.100800
2.588000 1.275000 0.099080
2.663000 1.275000 0.097290
2.738000 1.275000 0.095430
2.813000 1.275000 0.093550
2.888000 1.275000 0.091660
2.963000 1.275000 0.089790
3.038000 1.275000 0.087970
3.113000 1.275000 0.086220
3.188000 1.275000 0.084570
3.263000 1.275000 0.083040
3.338000 1.275000 0.081650
3.413000 1.275000 0.080430
3.488000 1.275000 0.079380
3.563000 1.275000 0.078520
3.638000 1.275000 0.077870
3.713000 1.275000 0.077430
3.788000 1.275000 0.077210
3.863000 1.275000 0.000000
-0.037500 1.425000 0.000000
0.037500 1.425000 0.047750
0.112500 1.425000 0.047960
0.187500 1.425000 0.048360
0.262500 1.425000 0.048950
0.337500 1.425000 0.049720
0.412500 1.425000 0.050650
0.487500 1.425000 0.051720
0.562500 1.425000 0.052920
0.637500 1.425000 0.054230
0.712500 1.425000 0.055620
0.787500 1.425000 0.057060
0.862500 1.425000 0.058540
0.937500 1.425000 0.060030
1.012000 1.425000 0.061510
1.087000 1.425000 0.062960
1.163000 1.425000 0.064360
1.238000 1.425000 0.065680
1.313000 1.425000 0.066910
1.388000 1.425000 0.068030
1.463000 1.425000 0.069020
1.538000 1.425000 0.069880
1.613000 1.425000 0.070590
1.688000 1.425000 0.071140
1.763000 1.425000 0.071530
1.838000 1.425000 0.071750
1.913000 1.425000 0.071810
1.988000 1.425000 0.071700
2.063000 1.425000 0.071440
2.138000 1.425000 0.071020
2.213000 1.425000 0.070450
2.288000 1.425000 0.069760
2.363000 1.425000 0.068940
2.438000 1.425000 0.068020
2.513000 1.425000 0.067020
2.588000 1.425000 0.065940
2.663000 1.425000 0.064800
2.738000 1.425000 0.063630
2.813000 1.425000 0.062430
2.888000 1.425000 0.061240
2.963000 1.425000 0.060060
3.038000 1.425000 0.058910
3.113000 1.425000 0.057800
3.188000 1.425000 0.056760
3.263000 1.425000 0.055800
3.338000 1.425000 0.054930
3.413000 1.425000 0.054160
3.488000 1.425000 0.053510
3.563000 1.425000 0.052970
3.638000 1.425000 0.052560
3.713000 1.425000 0.052290
3.788000 1.425000 0.052160
3.863000 1.425000 0.000000
-0.037500 1.575000 0.000000
0.037500 1.575000 0.032490
0.112500 1.575000 0.032610
0.187500 1.575000 0.032860
0.262500 1.575000 0.033210
0.337500 1.575000 0.033680
0.412500 1.575000 0.034250
0.487500 1.575000 0.034900
0.562500 1.575000 0.035630
0.637500 1.575000 0.036430
0.712500 1.575000 0.037280
0.787500 1.575000 0.038160
0.862500 1.575000 0.039070
0.937500 1.575000 0.039980
1.012000 1.575000 0.040890
1.087000 1.575000 0.041780
1.163000 1.575000 0.042640
1.238000 1.575000 0.043450
1.313000 1.575000 0.044200
1.388000 1.575000 0.044890
1.463000 1.575000 0.045500
1.538000 1.575000 0.046020
1.613000 1.575000 0.046450
1.688000 1.575000 0.046790
1.763000 1.575000 0.047020
1.838000 1.575000 0.047150
1.913000 1.575000 0.047180
1.988000 1.575000 0.047110
2.063000 1.575000 0.046930
2.138000 1.575000 0.046660
2.213000 1.575000 0.046310
2.288000 1.575000 0.045870
2.363000 1.575000 0.045360
2.438000 1.575000 0.044780
2.513000 1.575000 0.044150
2.588000 1.575000 0.043470
2.663000 1.575000 0.042750
2.738000 1.575000 0.042020
2.813000 1.575000 0.041270
2.888000 1.575000 0.040520
2.963000 1.575000 0.039780
3.038000 1.575000 0.039060
3.113000 1.575000 0.038370
3.188000 1.575000 0.037720
3.263000 1.575000 0.037120
3.338000 1.575000 0.036580
3.413000 1.575000 0.036100
3.488000 1.575000 0.035690
3.563000 1.575000 0.035360
3.638000 1.575000 0.035100
3.713000 1.575000 0.034940
3.788000 1.575000 0.034850
3.863000 1.575000 0.000000
-0.037500 1.725000 0.000000
0.037500 1.725000 0.021770
0.112500 1.725000 0.021850
0.187500 1.725000 0.021990
0.262500 1.725000 0.022210
0.337500 1.725000 0.022490
0.412500 1.725000 0.022830
0.487500 1.725000 0.023230
0.562500 1.725000 0.023670
0.637500 1.725000 0.024150
0.712500 1.725000 0.024670
0.787500 1.725000 0.025200
0.862500 1.725000 0.025750
0.937500 1.725000 0.026310
1.012000 1.725000 0.026860
1.087000 1.725000 0.027400
1.163000 1.725000 0.027920
1.238000 1.725000 0.028410
1.313000 1.725000 0.028870
1.388000 1.725000 0.029280
1.463000 1.725000 0.029650
1.538000 1.725000 0.029970
1.613000 1.725000 0.030230
1.688000 1.725000 0.030430
1.763000 1.725000 0.030570
1.838000 1.725000 0.030640
1.913000 1.725000 0.030650
1.988000 1.725000 0.030600
2.063000 1.725000 0.030490
2.138000 1.725000 0.030320
2.213000 1.725000 0.030100
2.288000 1.725000 0.029830
2.363000 1.725000 0.029510
2.438000 1.725000 0.029150
2.513000 1.725000 0.028750
2.588000 1.725000 0.028330
2.663000 1.725000 0.027890
2.738000 1.725000 0.027430
2.813000 1.725000 0.026970
2.888000 1.725000 0.026500
2.963000 1.725000 0.026040
3.038000 1.725000 0.025600
3.113000 1.725000 0.025170
3.188000 1.725000 0.024770
3.263000 1.725000 0.024400
3.338000 1.725000 0.024060
3.413000 1.725000 0.023770
3.488000 1.725000 0.023510
3.563000 1.725000 0.023310
3.638000 1.725000 0.023150
3.713000 1.725000 0.023050
3.788000 1.725000 0.023000
3.863000 1.725000 0.000000
-0.037500 1.875000 0.000000
0.037500 1.875000 0.014310
0.112500 1.875000 0.014360
0.187500 1.875000 0.014440
0.262500 1.875000 0.014570
0.337500 1.875000 0.014740
0.412500 1.875000 0.014940
0.487500 1.875000 0.015170
0.562500 1.875000 0.015440
0.637500 1.875000 0.015720
0.712500 1.875000 0.016030
0.787500 1.875000 0.016350
0.862500 1.875000 0.016680
0.937500 1.875000 0.017010
1.012000 1.875000 0.017340
1.087000 1.875000 0.017660
1.163000 1.875000 0.017970
1.238000 1.875000 0.018260
1.313000 1.875000 0.018530
1.388000 1.875000 0.018780
1.463000 1.875000 0.019000
1.538000 1.875000 0.019190
1.613000 1.875000 0.019340
1.688000 1.875000 0.019460
1.763000 1.875000 0.019540
1.838000 1.875000 0.019580
1.913000 1.875000 0.019590
1.988000 1.875000 0.019550
2.063000 1.875000 0.019480
2.138000 1.875000 0.019380
2.213000 1.875000 0.019240
2.288000 1.875000 0.019070
2.363000 1.875000 0.018880
2.438000 1.875000 0.018650
2.513000 1.875000 0.018410
2.588000 1.875000 0.018160
2.663000 1.875000 0.017890
2.738000 1.875000 0.017610
2.813000 1.875000 0.017330
2.888000 1.875000 0.017040
2.963000 1.875000 0.016760
3.038000 1.875000 0.016490
3.113000 1.875000 0.016230
3.188000 1.875000 0.015990
3.263000 1.875000 0.015760
3.338000 1.875000 0.015560
3.413000 1.875000 0.015380
3.488000 1.875000 0.015220
3.563000 1.875000 0.015100
3.638000 1.875000 0.015010
3.713000 1.875000 0.014940
3.788000 1.875000 0.014910
3.863000 1.875000 0.000000
-0.037500 2.025000 0.000000
0.037500 2.025000 0.009114
0.112500 2.025000 0.009139
0.187500 2.025000 0.009188
0.262500 2.025000 0.009260
0.337500 2.025000 0.009355
0.412500 2.025000 0.009471
0.487500 2.025000 0.009605
0.562500 2.025000 0.009755
0.637500 2.025000 0.009918
0.712500 2.025000 0.010090
0.787500 2.025000 0.010280
0.862500 2.025000 0.010460
0.937500 2.025000 0.010650
1.012000 2.025000 0.010840
1.087000 2.025000 0.011020
1.163000 2.025000 0.011200
1.238000 2.025000 0.011370
1.313000 2.025000 0.011530
1.388000 2.025000 0.011670
1.463000 2.025000 0.011790
1.538000 2.025000 0.011900
1.613000 2.025000 0.011980
1.688000 2.025000 0.012050
1.763000 2.025000 0.012090
1.838000 2.025000 0.012120
1.913000 2.025000 0.012120
1.988000 2.025000 0.012100
2.063000 2.025000 0.012050
2.138000 2.025000 0.011990
2.213000 2.025000 0.011910
2.288000 2.025000 0.011810
2.363000 2.025000 0.011690
2.438000 2.025000 0.011560
2.513000 2.025000 0.011420
2.588000 2.025000 0.011270
2.663000 2.025000 0.011110
2.738000 2.025000 0.010950
2.813000 2.025000 0.010780
2.888000 2.025000 0.010620
2.963000 2.025000 0.010450
3.038000 2.025000 0.010290
3.113000 2.025000 0.010140
3.188000 2.025000 0.010000
3.263000 2.025000 0.009868
3.338000 2.025000 0.009749
3.413000 2.025000 0.009644
3.488000 2.025000 0.009554
3.563000 2.025000 0.009481
3.638000 2.025000 0.009426
3.713000 2.025000 0.009389
3.788000 2.025000 0.009370
3.863000 2.025000 0.000000
-0.037500 2.175000 0.000000
0.037500 2.175000 0.005438
0.112500 2.175000 0.005450
0.187500 2.175000 0.005475
0.262500 2.175000 0.005512
0.337500 2.175000 0.005559
0.412500 2.175000 0.005618
0.487500 2.175000 0.005686
0.562500 2.175000 0.005762
0.637500 2.175000 0.005845
0.712500 2.175000 0.005933
0.787500 2.175000 0.006026
0.862500 2.175000 0.006121
0.937500 2.175000 0.006217
1.012000 2.175000 0.006312
1.087000 2.175000 0.006405
1.163000 2.175000 0.006495
1.238000 2.175000 0.006580
1.313000 2.175000 0.006658
1.388000 2.175000 0.006729
1.463000 2.175000 0.006791
1.538000 2.175000 0.006845
1.613000 2.175000 0.006888
1.688000 2.175000 0.006920
1.763000 2.175000 0.006941
1.838000 2.175000 0.006951
1.913000 2.175000 0.006949
1.988000 2.175000 0.006936
2.063000 2.175000 0.006912
2.138000 2.175000 0.006878
2.213000 2.175000 0.006834
2.288000 2.175000 0.006780
2.363000 2.175000 0.006719
2.438000 2.175000 0.006650
2.513000 2.175000 0.006575
2.588000 2.175000 0.006495
2.663000 2.175000 0.006412
2.738000 2.175000 0.006325
2.813000 2.175000 0.006238
2.888000 2.175000 0.006151
2.963000 2.175000 0.006065
3.038000 2.175000 0.005982
3.113000 2.175000 0.005902
3.188000 2.175000 0.005827
3.263000 2.175000 0.005758
3.338000 2.175000 0.005696
3.413000 2.175000 0.005641
3.488000 2.175000 0.005594
3.563000 2.175000 0.005556
3.638000 2.175000 0.005527
3.713000 2.175000 0.005507
3.788000 2.175000 0.005498
3.863000 2.175000 0.000000
-0.037500 2.325000 0.000000
0.037500 2.325000 0.003632
0.112500 2.325000 0.003638
0.187500 2.325000 0.003651
0.262500 2.325000 0.003670
0.337500 2.325000 0.003695
0.412500 2.325000 0.003726
0.487500 2.325000 0.003761
0.562500 2.325000 0.003801
0.637500 2.325000 0.003845
0.712500 2.325000 0.003891
0.787500 2.325000 0.003940
0.862500 2.325000 0.003990
0.937500 2.325000 0.004040
1.012000 2.325000 0.004090
1.087000 2.325000 0.004139
1.163000 2.325000 0.004186
1.238000 2.325000 0.004230
1.313000 2.325000 0.004271
1.388000 2.325000 0.004307
1.463000 2.325000 0.004340
1.538000 2.325000 0.004367
1.613000 2.325000 0.004388
1.688000 2.325000 0.004404
1.763000 2.325000 0.004413
1.838000 2.325000 0.004417
1.913000 2.325000 0.004414
1.988000 2.325000 0.004406
2.063000 2.325000 0.004391
2.138000 2.325000 0.004371
2.213000 2.325000 0.004345
2.288000 2.325000 0.004314
2.363000 2.325000 0.004279
2.438000 2.325000 0.004240
2.513000 2.325000 0.004198
2.588000 2.325000 0.004153
2.663000 2.325000 0.004106
2.738000 2.325000 0.004058
2.813000 2.325000 0.004009
2.888000 2.325000 0.003961
2.963000 2.325000 0.003913
3.038000 2.325000 0.003867
3.113000 2.325000 0.003822
3.188000 2.325000 0.003781
3.263000 2.325000 0.003743
3.338000 2.325000 0.003708
3.413000 2.325000 0.003678
3.488000 2.325000 0.003652
3.563000 2.325000 0.003631
3.638000 2.325000 0.003615
3.713000 2.325000 0.003604
3.788000 2.325000 0.003599
3.863000 2.325000 0.000000
-0.037500 2.475000 0.000000
0.037500 2.475000 0.002922
0.112500 2.475000 0.002926
0.187500 2.475000 0.002935
0.262500 2.475000 0.002949
0.337500 2.475000 0.002966
0.412500 2.475000 0.002988
0.487500 2.475000 0.003012
0.562500 2.475000 0.003040
0.637500 2.475000 0.003071
0.712500 2.475000 0.003103
0.787500 2.475000 0.003137
0.862500 2.475000 0.003172
0.937500 2.475000 0.003207
1.012000 2.475000 0.003242
1.087000 2.475000 0.003276
1.163000 2.475000 0.003308
1.238000 2.475000 0.003339
1.313000 2.475000 0.003367
1.388000 2.475000 0.003393
1.463000 2.475000 0.003415
1.538000 2.475000 0.003433
1.613000 2.475000 0.003448
1.688000 2.475000 0.003458
1.763000 2.475000 0.003464
1.838000 2.475000 0.003466
1.913000 2.475000 0.003463
1.988000 2.475000 0.003456
2.063000 2.475000 0.003445
2.138000 2.475000 0.003429
2.213000 2.475000 0.003410
2.288000 2.475000 0.003388
2.363000 2.475000 0.003362
2.438000 2.475000 0.003333
2.513000 2.475000 0.003302
2.588000 2.475000 0.003270
2.663000 2.475000 0.003236
2.738000 2.475000 0.003200
2.813000 2.475000 0.003165
2.888000 2.475000 0.003130
2.963000 2.475000 0.003095
3.038000 2.475000 0.003062
3.113000 2.475000 0.003030
3.188000 2.475000 0.003000
3.263000 2.475000 0.002972
3.338000 2.475000 0.002947
3.413000 2.475000 0.002926
3.488000 2.475000 0.002907
3.563000 2.475000 0.002892
3.638000 2.475000 0.002881
3.713000 2.475000 0.002873
3.788000 2.475000 0.002869
3.863000 2.475000 0.000000
-0.037500 2.625000 0.000000
0.037500 2.625000 0.002378
0.112500 2.625000 0.002381
0.187500 2.625000 0.002387
0.262500 2.625000 0.002397
0.337500 2.625000 0.002410
0.412500 2.625000 0.002425
0.487500 2.625000 0.002443
0.562500 2.625000 0.002463
0.637500 2.625000 0.002485
0.712500 2.625000 0.002508
0.787500 2.625000 0.002533
0.862500 2.625000 0.002558
0.937500 2.625000 0.002583
1.012000 2.625000 0.002608
1.087000 2.625000 0.002632
1.163000 2.625000 0.002656
1.238000 2.625000 0.002677
1.313000 2.625000 0.002698
1.388000 2.625000 0.002716
1.463000 2.625000 0.002731
1.538000 2.625000 0.002744
1.613000 2.625000 0.002754
1.688000 2.625000 0.002761
1.763000 2.625000 0.002765
1.838000 2.625000 0.002766
1.913000 2.625000 0.002763
1.988000 2.625000 0.002757
2.063000 2.625000 0.002749
2.138000 2.625000 0.002737
2.213000 2.625000 0.002722
2.288000 2.625000 0.002705
2.363000 2.625000 0.002686
2.438000 2.625000 0.002664
2.513000 2.625000 0.002641
2.588000 2.625000 0.002617
2.663000 2.625000 0.002591
2.738000 2.625000 0.002565
2.813000 2.625000 0.002539
2.888000 2.625000 0.002512
2.963000 2.625000 0.002487
3.038000 2.625000 0.002462
3.113000 2.625000 0.002438
3.188000 2.625000 0.002416
3.263000 2.625000 0.002395
3.338000 2.625000 0.002377
3.413000 2.625000 0.002361
3.488000 2.625000 0.002347
3.563000 2.625000 0.002336
3.638000 2.625000 0.002328
3.713000 2.625000 0.002322
3.788000 2.625000 0.002320
3.863000 2.625000 0.000000
-0.037500 2.775000 0.000000
0.037500 2.775000 0.001976
0.112500 2.775000 0.001979
0.187500 2.775000 0.001984
0.262500 2.775000 0.001991
0.337500 2.775000 0.002001
0.412500 2.775000 0.002013
0.487500 2.775000 0.002026
0.562500 2.775000 0.002042
0.637500 2.775000 0.002058
0.712500 2.775000 0.002076
0.787500 2.775000 0.002095
0.862500 2.775000 0.002114
0.937500 2.775000 0.002133
1.012000 2.775000 0.002152
1.087000 2.775000 0.002170
1.163000 2.775000 0.002188
1.238000 2.775000 0.002205
1.313000 2.775000 0.002220
1.388000 2.775000 0.002234
1.463000 2.775000 0.002245
1.538000 2.775000 0.002255
1.613000 2.775000 0.002262
1.688000 2.775000 0.002267
1.763000 2.775000 0.002270
1.838000 2.775000 0.002270
1.913000 2.775000 0.002268
1.988000 2.775000 0.002263
2.063000 2.775000 0.002256
2.138000 2.775000 0.002247
2.213000 2.775000 0.002235
2.288000 2.775000 0.002222
2.363000 2.775000 0.002206
2.438000 2.775000 0.002189
2.513000 2.775000 0.002171
2.588000 2.775000 0.002152
2.663000 2.775000 0.002132
2.738000 2.775000 0.002112
2.813000 2.775000 0.002091
2.888000 2.775000 0.002070
2.963000 2.775000 0.002050
3.038000 2.775000 0.002031
3.113000 2.775000 0.002013
3.188000 2.775000 0.001995
3.263000 2.775000 0.001979
3.338000 2.775000 0.001965
3.413000 2.775000 0.001953
3.488000 2.775000 0.001942
3.563000 2.775000 0.001934
3.638000 2.775000 0.001927
3.713000 2.775000 0.001923
3.788000 2.775000 0.001921
3.863000 2.775000 0.000000
-0.037500 2.925000 0.000000
0.037500 2.925000 0.001419
0.112500 2.925000 0.001421
0.187500 2.925000 0.001424
0.262500 2.925000 0.001429
0.337500 2.925000 0.001436
0.412500 2.925000 0.001444
0.487500 2.925000 0.001454
0.562500 2.925000 0.001464
0.637500 2.925000 0.001476
0.712500 2.925000 0.001488
0.787500 2.925000 0.001500
0.862500 2.925000 0.001514
0.937500 2.925000 0.001527
1.012000 2.925000 0.001540
1.087000 2.925000 0.001552
1.163000 2.925000 0.001564
1.238000 2.925000 0.001576
1.313000 2.925000 0.001586
1.388000 2.925000 0.001595
1.463000 2.925000 0.001603
1.538000 2.925000 0.001610
1.613000 2.925000 0.001615
1.688000 2.925000 0.001618
1.763000 2.925000 0.001620
1.838000 2.925000 0.001620
1.913000 2.925000 0.001618
1.988000 2.925000 0.001615
2.063000 2.925000 0.001610
2.138000 2.925000 0.001603
2.213000 2.925000 0.001595
2.288000 2.925000 0.001586
2.363000 2.925000 0.001575
2.438000 2.925000 0.001564
2.513000 2.925000 0.001551
2.588000 2.925000 0.001538
2.663000 2.925000 0.001524
2.738000 2.925000 0.001510
2.813000 2.925000 0.001495
2.888000 2.925000 0.001481
2.963000 2.925000 0.001467
3.038000 2.925000 0.001454
3.113000 2.925000 0.001441
3.188000 2.925000 0.001429
3.263000 2.925000 0.001418
3.338000 2.925000 0.001409
3.413000 2.925000 0.001400
3.488000 2.925000 0.001393
3.563000 2.925000 0.001387
3.638000 2.925000 0.001383
3.713000 2.925000 0.001380
3.788000 2.925000 0.001378
3.863000 2.925000 0.000000
-0.037500 3.075000 0.000000
0.037500 3.075000 0.000886
0.112500 3.075000 0.000887
0.187500 3.075000 0.000889
0.262500 3.075000 0.000892
0.337500 3.075000 0.000896
0.412500 3.075000 0.000901
0.487500 3.075000 0.000907
0.562500 3.075000 0.000913
0.637500 3.075000 0.000920
0.712500 3.075000 0.000927
0.787500 3.075000 0.000934
0.862500 3.075000 0.000942
0.937500 3.075000 0.000950
1.012000 3.075000 0.000957
1.087000 3.075000 0.000965
1.163000 3.075000 0.000972
1.238000 3.075000 0.000979
1.313000 3.075000 0.000985
1.388000 3.075000 0.000990
1.463000 3.075000 0.000995
1.538000 3.075000 0.000998
1.613000 3.075000 0.001001
1.688000 3.075000 0.001003
1.763000 3.075000 0.001004
1.838000 3.075000 0.001004
1.913000 3.075000 0.001003
1.988000 3.075000 0.001001
2.063000 3.075000 0.000998
2.138000 3.075000 0.000994
2.213000 3.075000 0.000989
2.288000 3.075000 0.000983
2.363000 3.075000 0.000977
2.438000 3.075000 0.000970
2.513000 3.075000 0.000962
2.588000 3.075000 0.000954
2.663000 3.075000 0.000946
2.738000 3.075000 0.000938
2.813000 3.075000 0.000929
2.888000 3.075000 0.000921
2.963000 3.075000 0.000913
3.038000 3.075000 0.000905
3.113000 3.075000 0.000897
3.188000 3.075000 0.000890
3.263000 3.075000 0.000884
3.338000 3.075000 0.000878
3.413000 3.075000 0.000873
3.488000 3.075000 0.000868
3.563000 3.075000 0.000865
3.638000 3.075000 0.000862
3.713000 3.075000 0.000861
3.788000 3.075000 0.000860
3.863000 3.075000 0.000000
-0.037500 3.225000 0.000000
0.037500 3.225000 0.000549
0.112500 3.225000 0.000550
0.187500 3.225000 0.000551
0.262500 3.225000 0.000553
0.337500 3.225000 0.000555
0.412500 3.225000 0.000558
0.487500 3.225000 0.000561
0.562500 3.225000 0.000565
0.637500 3.225000 0.000569
0.712500 3.225000 0.000573
0.787500 3.225000 0.000577
0.862500 3.225000 0.000582
0.937500 3.225000 0.000586
1.012000 3.225000 0.000591
1.087000 3.225000 0.000595
1.163000 3.225000 0.000599
1.238000 3.225000 0.000603
1.313000 3.225000 0.000607
1.388000 3.225000 0.000610
1.463000 3.225000 0.000612
1.538000 3.225000 0.000615
1.613000 3.225000 0.000616
1.688000 3.225000 0.000617
1.763000 3.225000 0.000618
1.838000 3.225000 0.000618
1.913000 3.225000 0.000617
1.988000 3.225000 0.000616
2.063000 3.225000 0.000614
2.138000 3.225000 0.000612
2.213000 3.225000 0.000609
2.288000 3.225000 0.000605
2.363000 3.225000 0.000601
2.438000 3.225000 0.000597
2.513000 3.225000 0.000593
2.588000 3.225000 0.000588
2.663000 3.225000 0.000583
2.738000 3.225000 0.000578
2.813000 3.225000 0.000573
2.888000 3.225000 0.000568
2.963000 3.225000 0.000563
3.038000 3.225000 0.000559
3.113000 3.225000 0.000554
3.188000 3.225000 0.000550
3.263000 3.225000 0.000546
3.338000 3.225000 0.000543
3.413000 3.225000 0.000540
3.488000 3.225000 0.000537
3.563000 3.225000 0.000535
3.638000 3.225000 0.000534
3.713000 3.225000 0.000533
3.788000 3.225000 0.000532
3.863000 3.225000 0.000000
-0.037500 3.375000 0.000000
0.037500 3.375000 0.000338
0.112500 3.375000 0.000338
0.187500 3.375000 0.000339
0.262500 3.375000 0.000340
0.337500 3.375000 0.000341
0.412500 3.375000 0.000343
0.487500 3.375000 0.000345
0.562500 3.375000 0.000347
0.637500 3.375000 0.000349
0.712500 3.375000 0.000351
0.787500 3.375000 0.000354
0.862500 3.375000 0.000357
0.937500 3.375000 0.000359
1.012000 3.375000 0.000362
1.087000 3.375000 0.000364
1.163000 3.375000 0.000367
1.238000 3.375000 0.000369
1.313000 3.375000 0.000371
1.388000 3.375000 0.000373
1.463000 3.375000 0.000374
1.538000 3.375000 0.000376
1.613000 3.375000 0.000376
1.688000 3.375000 0.000377
1.763000 3.375000 0.000377
1.838000 3.375000 0.000377
1.913000 3.375000 0.000377
1.988000 3.375000 0.000376
2.063000 3.375000 0.000375
2.138000 3.375000 0.000374
2.213000 3.375000 0.000372
2.288000 3.375000 0.000370
2.363000 3.375000 0.000368
2.438000 3.375000 0.000365
2.513000 3.375000 0.000363
2.588000 3.375000 0.000360
2.663000 3.375000 0.000357
2.738000 3.375000 0.000354
2.813000 3.375000 0.000351
2.888000 3.375000 0.000348
2.963000 3.375000 0.000345
3.038000 3.375000 0.000342
3.113000 3.375000 0.000340
3.188000 3.375000 0.000337
3.263000 3.375000 0.000335
3.338000 3.375000 0.000333
3.413000 3.375000 0.000331
3.488000 3.375000 0.000330
3.563000 3.375000 0.000329
3.638000 3.375000 0.000328
3.713000 3.375000 0.000327
3.788000 3.375000 0.000327
3.863000 3.375000 0.000000
-0.037500 3.525000 0.000000
0.037500 3.525000 0.000206
0.112500 3.525000 0.000206
0.187500 3.525000 0.000207
0.262500 3.525000 0.000207
0.337500 3.525000 0.000208
0.412500 3.525000 0.000209
0.487500 3.525000 0.000210
0.562500 3.525000 0.000211
0.637500 3.525000 0.000213
0.712500 3.525000 0.000214
0.787500 3.525000 0.000215
0.862500 3.525000 0.000217
0.937500 3.525000 0.000218
1.012000 3.525000 0.000220
1.087000 3.525000 0.000221
1.163000 3.525000 0.000223
1.238000 3.525000 0.000224
1.313000 3.525000 0.000225
1.388000 3.525000 0.000226
1.463000 3.525000 0.000227
1.538000 3.525000 0.000228
1.613000 3.525000 0.000228
1.688000 3.525000 0.000229
1.763000 3.525000 0.000229
1.838000 3.525000 0.000229
1.913000 3.525000 0.000229
1.988000 3.525000 0.000228
2.063000 3.525000 0.000228
2.138000 3.525000 0.000227
2.213000 3.525000 0.000226
2.288000 3.525000 0.000225
2.363000 3.525000 0.000223
2.438000 3.525000 0.000222
2.513000 3.525000 0.000220
2.588000 3.525000 0.000219
2.663000 3.525000 0.000217
2.738000 3.525000 0.000215
2.813000 3.525000 0.000213
2.888000 3.525000 0.000212
2.963000 3.525000 0.000210
3.038000 3.525000 0.000208
3.113000 3.525000 0.000207
3.188000 3.525000 0.000205
3.263000 3.525000 0.000204
3.338000 3.525000 0.000203
3.413000 3.525000 0.000202
3.488000 3.525000 0.000201
3.563000 3.525000 0.000200
3.638000 3.525000 0.000200
3.713000 3.525000 0.000200
3.788000 3.525000 0.000199
3.863000 3.525000 0.000000
-0.037500 3.675000 0.000000
0.037500 3.675000 0.000125
0.112500 3.675000 0.000125
0.187500 3.675000 0.000125
0.262500 3.675000 0.000125
0.337500 3.675000 0.000126
0.412500 3.675000 0.000126
0.487500 3.675000 0.000127
0.562500 3.675000 0.000128
0.637500 3.675000 0.000128
0.712500 3.675000 0.000129
0.787500 3.675000 0.000130
0.862500 3.675000 0.000131
0.937500 3.675000 0.000132
1.012000 3.675000 0.000133
1.087000 3.675000 0.000133
1.163000 3.675000 0.000134
1.238000 3.675000 0.000135
1.313000 3.675000 0.000136
1.388000 3.675000 0.000136
1.463000 3.675000 0.000137
1.538000 3.675000 0.000137
1.613000 3.675000 0.000138
1.688000 3.675000 0.000138
1.763000 3.675000 0.000138
1.838000 3.675000 0.000138
1.913000 3.675000 0.000138
1.988000 3.675000 0.000137
2.063000 3.675000 0.000137
2.138000 3.675000 0.000137
2.213000 3.675000 0.000136
2.288000 3.675000 0.000135
2.363000 3.675000 0.000135
2.438000 3.675000 0.000134
2.513000 3.675000 0.000133
2.588000 3.675000 0.000132
2.663000 3.675000 0.000131
2.738000 3.675000 0.000130
2.813000 3.675000 0.000129
2.888000 3.675000 0.000128
2.963000 3.675000 0.000127
3.038000 3.675000 0.000126
3.113000 3.675000 0.000125
3.188000 3.675000 0.000124
3.263000 3.675000 0.000123
3.338000 3.675000 0.000123
3.413000 3.675000 0.000122
3.488000 3.675000 0.000122
3.563000 3.675000 0.000121
3.638000 3.675000 0.000121
3.713000 3.675000 0.000121
3.788000 3.675000 0.000121
3.863000 3.675000 0.000000
-0.037500 3.825000 0.000000
0.037500 3.825000 0.000075
0.112500 3.825000 0.000075
0.187500 3.825000 0.000075
0.262500 3.825000 0.000075
0.337500 3.825000 0.000076
0.412500 3.825000 0.000076
0.487500 3.825000 0.000076
0.562500 3.825000 0.000077
0.637500 3.825000 0.000077
0.712500 3.825000 0.000077
0.787500 3.825000 0.000078
0.862500 3.825000 0.000078
0.937500 3.825000 0.000079
1.012000 3.825000 0.000079
1.087000 3.825000 0.000080
1.163000 3.825000 0.000080
1.238000 3.825000 0.000081
1.313000 3.825000 0.000081
1.388000 3.825000 0.000082
1.463000 3.825000 0.000082
1.538000 3.825000 0.000082
1.613000 3.825000 0.000082
1.688000 3.825000 0.000082
1.763000 3.825000 0.000082
1.838000 3.825000 0.000082
1.913000 3.825000 0.000082
1.988000 3.825000 0.000082
2.063000 3.825000 0.000082
2.138000 3.825000 0.000082
2.213000 3.825000 0.000081
2.288000 3.825000 0.000081
2.363000 3.825000 0.000080
2.438000 3.825000 0.000080
2.513000 3.825000 0.000079
2.588000 3.825000 0.000079
2.663000 3.825000 0.000078
2.738000 3.825000 0.000078
2.813000 3.825000 0.000077
2.888000 3.825000 0.000077
2.963000 3.825000 0.000076
3.038000 3.825000 0.000075
3.113000 3.825000 0.000075
3.188000 3.825000 0.000074
3.263000 3.825000 0.000074
3.338000 3.825000 0.000074
3.413000 3.825000 0.000073
3.488000 3.825000 0.000073
3.563000 3.825000 0.000073
3.638000 3.825000 0.000073
3.713000 3.825000 0.000072
3.788000 3.825000 0.000072
3.863000 3.825000 0.000000
-0.037500 3.975000 0.000000
0.037500 3.975000 0.000045
0.112500 3.975000 0.000045
0.187500 3.975000 0.000045
0.262500 3.975000 0.000045
0.337500 3.975000 0.000045
0.412500 3.975000 0.000045
0.487500 3.975000 0.000045
0.562500 3.975000 0.000046
0.637500 3.975000 0.000046
0.712500 3.975000 0.000046
0.787500 3.975000 0.000046
0.862500 3.975000 0.000047
0.937500 3.975000 0.000047
1.012000 3.975000 0.000047
1.087000 3.975000 0.000047
1.163000 3.975000 0.000048
1.238000 3.975000 0.000048
1.313000 3.975000 0.000048
1.388000 3.975000 0.000048
1.463000 3.975000 0.000049
1.538000 3.975000 0.000049
1.613000 3.975000 0.000049
1.688000 3.975000 0.000049
1.763000 3.975000 0.000049
1.838000 3.975000 0.000049
1.913000 3.975000 0.000049
1.988000 3.975000 0.000049
2.063000 3.975000 0.000049
2.138000 3.975000 0.000048
2.213000 3.975000 0.000048
2.288000 3.975000 0.000048
2.363000 3.975000 0.000048
2.438000 3.975000 0.000047
2.513000 3.975000 0.000047
2.588000 3.975000 0.000047
2.663000 3.975000 0.000047
2.738000 3.975000 0.000046
2.813000 3.975000 0.000046
2.888000 3.975000 0.000046
2.963000 3.975000 0.000045
3.038000 3.975000 0.000045
3.113000 3.975000 0.000045
3.188000 3.975000 0.000044
3.263000 3.975000 0.000044
3.338000 3.975000 0.000044
3.413000 3.975000 0.000044
3.488000 3.975000 0.000043
3.563000 3.975000 0.000043
3.638000 3.975000 0.000043
3.713000 3.975000 0.000043
3.788000 3.975000 0.000043
3.863000 3.975000 0.000000
-0.037500 4.125000 0.000000
0.037500 4.125000 0.000026
0.112500 4.125000 0.000026
0.187500 4.125000 0.000026
0.262500 4.125000 0.000026
0.337500 4.125000 0.000027
0.412500 4.125000 0.000027
0.487500 4.125000 0.000027
0.562500 4.125000 0.000027
0.637500 4.125000 0.000027
0.712500 4.125000 0.000027
0.787500 4.125000 0.000027
0.862500 4.125000 0.000028
0.937500 4.125000 0.000028
1.012000 4.125000 0.000028
1.087000 4.125000 0.000028
1.163000 4.125000 0.000028
1.238000 4.125000 0.000028
1.313000 4.125000 0.000028
1.388000 4.125000 0.000029
1.463000 4.125000 0.000029
1.538000 4.125000 0.000029
1.613000 4.125000 0.000029
1.688000 4.125000 0.000029
1.763000 4.125000 0.000029
1.838000 4.125000 0.000029
1.913000 4.125000 0.000029
1.988000 4.125000 0.000029
2.063000 4.125000 0.000029
2.138000 4.125000 0.000029
2.213000 4.125000 0.000028
2.288000 4.125000 0.000028
2.363000 4.125000 0.000028
2.438000 4.125000 0.000028
2.513000 4.125000 0.000028
2.588000 4.125000 0.000028
2.663000 4.125000 0.000027
2.738000 4.125000 0.000027
2.813000 4.125000 0.000027
2.888000 4.125000 0.000027
2.963000 4.125000 0.000027
3.038000 4.125000 0.000027
3.113000 4.125000 0.000026
3.188000 4.125000 0.000026
3.263000 4.125000 0.000026
3.338000 4.125000 0.000026
3.413000 4.125000 0.000026
3.488000 4.125000 0.000026
3.563000 4.125000 0.000026
3.638000 4.125000 0.000026
3.713000 4.125000 0.000026
3.788000 4.125000 0.000025
3.863000 4.125000 0.000000
-0.037500 4.275000 0.000000
0.037500 4.275000 0.000015
0.112500 4.275000 0.000015
0.187500 4.275000 0.000015
0.262500 4.275000 0.000016
0.337500 4.275000 0.000016
0.412500 4.275000 0.000016
0.487500 4.275000 0.000016
0.562500 4.275000 0.000016
0.637500 4.275000 0.000016
0.712500 4.275000 0.000016
0.787500 4.275000 0.000016
0.862500 4.275000 0.000016
0.937500 4.275000 0.000016
1.012000 4.275000 0.000016
1.087000 4.275000 0.000016
1.163000 4.275000 0.000016
1.238000 4.275000 0.000017
1.313000 4.275000 0.000017
1.388000 4.275000 0.000017
1.463000 4.275000 0.000017
1.538000 4.275000 0.000017
1.613000 4.275000 0.000017
1.688000 4.275000 0.000017
1.763000 4.275000 0.000017
1.838000 4.275000 0.000017
1.913000 4.275000 0.000017
1.988000 4.275000 0.000017
2.063000 4.275000 0.000017
2.138000 4.275000 0.000017
2.213000 4.275000 0.000017
2.288000 4.275000 0.000017
2.363000 4.275000 0.000016
2.438000 4.275000 0.000016
2.513000 4.275000 0.000016
2.588000 4.275000 0.000016
2.663000 4.275000 0.000016
2.738000 4.275000 0.000016
2.813000 4.275000 0.000016
2.888000 4.275000 0.000016
2.963000 4.275000 0.000016
3.038000 4.275000 0.000016
3.113000 4.275000 0.000015
3.188000 4.275000 0.000015
3.263000 4.275000 0.000015
3.338000 4.275000 0.000015
3.413000 4.275000 0.000015
3.488000 4.275000 0.000015
3.563000 4.275000 0.000015
3.638000 4.275000 0.000015
3.713000 4.275000 0.000015
3.788000 4.275000 0.000015
3.863000 4.275000 0.000000
-0.037500 4.425000 0.000000
0.037500 4.425000 0.000009
0.112500 4.425000 0.000009
0.187500 4.425000 0.000009
0.262500 4.425000 0.000009
0.337500 4.425000 0.000009
0.412500 4.425000 0.000009
0.487500 4.425000 0.000009
0.562500 4.425000 0.000009
0.637500 4.425000 0.000009
0.712500 4.425000 0.000009
0.787500 4.425000 0.000009
0.862500 4.425000 0.000009
0.937500 4.425000 0.000009
1.012000 4.425000 0.000009
1.087000 4.425000 0.000010
1.163000 4.425000 0.000010
1.238000 4.425000 0.000010
1.313000 4.425000 0.000010
1.388000 4.425000 0.000010
1.463000 4.425000 0.000010
1.538000 4.425000 0.000010
1.613000 4.425000 0.000010
1.688000 4.425000 0.000010
1.763000 4.425000 0.000010
1.838000 4.425000 0.000010
1.913000 4.425000 0.000010
1.988000 4.425000 0.000010
2.063000 4.425000 0.000010
2.138000 4.425000 0.000010
2.213000 4.425000 0.000010
2.288000 4.425000 0.000010
2.363000 4.425000 0.000010
2.438000 4.425000 0.000010
2.513000 4.425000 0.000009
2.588000 4.425000 0.000009
2.663000 4.425000 0.000009
2.738000 4.425000 0.000009
2.813000 4.425000 0.000009
2.888000 4.425000 0.000009
2.963000 4.425000 0.000009
3.038000 4.425000 0.000009
3.113000 4.425000 0.000009
3.188000 4.425000 0.000009
3.263000 4.425000 0.000009
3.338000 4.425000 0.000009
3.413000 4.425000 0.000009
3.488000 4.425000 0.000009
3.563000 4.425000 0.000009
3.638000 4.425000 0.000009
3.713000 4.425000 0.000009
3.788000 4.425000 0.000009
3.863000 4.425000 0.000000
-0.037500 4.575000 0.000000
0.037500 4.575000 0.000005
0.112500 4.575000 0.000005
0.187500 4.575000 0.000005
0.262500 4.575000 0.000005
0.337500 4.575000 0.000005
0.412500 4.575000 0.000005
0.487500 4.575000 0.000005
0.562500 4.575000 0.000005
0.637500 4.575000 0.000005
0.712500 4.575000 0.000005
0.787500 4.575000 0.000005
0.862500 4.575000 0.000005
0.937500 4.575000 0.000005
1.012000 4.575000 0.000006
1.087000 4.575000 0.000006
1.163000 4.575000 0.000006
1.238000 4.575000 0.000006
1.313000 4.575000 0.000006
1.388000 4.575000 0.000006
1.463000 4.575000 0.000006
1.538000 4.575000 0.000006
1.613000 4.575000 0.000006
1.688000 4.575000 0.000006
1.763000 4.575000 0.000006
1.838000 4.575000 0.000006
1.913000 4.575000 0.000006
1.988000 4.575000 0.000006
2.063000 4.575000 0.000006
2.138000 4.575000 0.000006
2.213000 4.575000 0.000006
2.288000 4.575000 0.000006
2.363000 4.575000 0.000006
2.438000 4.575000 0.000006
2.513000 4.575000 0.000006
2.588000 4.575000 0.000005
2.663000 4.575000 0.000005
2.738000 4.575000 0.000005
2.813000 4.575000 0.000005
2.888000 4.575000 0.000005
2.963000 4.575000 0.000005
3.038000 4.575000 0.000005
3.113000 4.575000 0.000005
3.188000 4.575000 0.000005
3.263000 4.575000 0.000005
3.338000 4.575000 0.000005
3.413000 4.575000 0.000005
3.488000 4.575000 0.000005
3.563000 4.575000 0.000005
3.638000 4.575000 0.000005
3.713000 4.575000 0.000005
3.788000 4.575000 0.000005
3.863000 4.575000 0.000000
-0.037500 4.725000 0.000000
0.037500 4.725000 0.000003
0.112500 4.725000 0.000003
0.187500 4.725000 0.000003
0.262500 4.725000 0.000003
0.337500 4.725000 0.000003
0.412500 4.725000 0.000003
0.487500 4.725000 0.000003
0.562500 4.725000 0.000003
0.637500 4.725000 0.000003
0.712500 4.725000 0.000003
0.787500 4.725000 0.000003
0.862500 4.725000 0.000003
0.937500 4.725000 0.000003
1.012000 4.725000 0.000003
1.087000 4.725000 0.000003
1.163000 4.725000 0.000003
1.238000 4.725000 0.000003
1.313000 4.725000 0.000003
1.388000 4.725000 0.000003
1.463000 4.725000 0.000003
1.538000 4.725000 0.000003
1.613000 4.725000 0.000003
1.688000 4.725000 0.000003
1.763000 4.725000 0.000003
1.838000 4.725000 0.000003
1.913000 4.725000 0.000003
1.988000 4.725000 0.000003
2.063000 4.725000 0.000003
2.138000 4.725000 0.000003
2.213000 4.725000 0.000003
2.288000 4.725000 0.000003
2.363000 4.725000 0.000003
2.438000 4.725000 0.000003
2.513000 4.725000 0.000003
2.588000 4.725000 0.000003
2.663000 4.725000 0.000003
2.738000 4.725000 0.000003
2.813000 4.725000 0.000003
2.888000 4.725000 0.000003
2.963000 4.725000 0.000003
3.038000 4.725000 0.000003
3.113000 4.725000 0.000003
3.188000 4.725000 0.000003
3.263000 4.725000 0.000003
3.338000 4.725000 0.000003
3.413000 4.725000 0.000003
3.488000 4.725000 0.000003
3.563000 4.725000 0.000003
3.638000 4.725000 0.000003
3.713000 4.725000 0.000003
3.788000 4.725000 0.000003
3.863000 4.725000 0.000000
-0.037500 4.875000 0.000000
0.037500 4.875000 0.000002
0.112500 4.875000 0.000002
0.187500 4.875000 0.000002
0.262500 4.875000 0.000002
0.337500 4.875000 0.000002
0.412500 4.875000 0.000002
0.487500 4.875000 0.000002
0.562500 4.875000 0.000002
0.637500 4.875000 0.000002
0.712500 4.875000 0.000002
0.787500 4.875000 0.000002
0.862500 4.875000 0.000002
0.937500 4.875000 0.000002
1.012000 4.875000 0.000002
1.087000 4.875000 0.000002
1.163000 4.875000 0.000002
1.238000 4.875000 0.000002
1.313000 4.875000 0.000002
1.388000 4.875000 0.000002
1.463000 4.875000 0.000002
1.538000 4.875000 0.000002
1.613000 4.875000 0.000002
1.688000 4.875000 0.000002
1.763000 4.875000 0.000002
1.838000 4.875000 0.000002
1.913000 4.875000 0.000002
1.988000 4.875000 0.000002
2.063000 4.875000 0.000002
2.138000 4.875000 0.000002
2.213000 4.875000 0.000002
2.288000 4.875000 0.000002
2.363000 4.875000 0.000002
2.438000 4.875000 0.000002
2.513000 4.875000 0.000002
2.588000 4.875000 0.000002
2.663000 4.875000 0.000002
2.738000 4.875000 0.000002
2.813000 4.875000 0.000002
2.888000 4.875000 0.000002
2.963000 4.875000 0.000002
3.038000 4.875000 0.000002
3.113000 4.875000 0.000002
3.188000 4.875000 0.000002
3.263000 4.875000 0.000002
3.338000 4.875000 0.000002
3.413000 4.875000 0.000002
3.488000 4.875000 0.000002
3.563000 4.875000 0.000002
3.638000 4.875000 0.000002
3.713000 4.875000 0.000002
3.788000 4.875000 0.000002
3.863000 4.875000 0.000000
-0.037500 5.025000 0.000000
0.037500 5.025000 0.000001
0.112500 5.025000 0.000001
0.187500 5.025000 0.000001
0.262500 5.025000 0.000001
0.337500 5.025000 0.000001
0.412500 5.025000 0.000001
0.487500 5.025000 0.000001
0.562500 5.025000 0.000001
0.637500 5.025000 0.000001
0.712500 5.025000 0.000001
0.787500 5.025000 0.000002
0.862500 5.025000 0.000002
0.937500 5.025000 0.000002
1.012000 5.025000 0.000002
1.087000 5.025000 0.000002
1.163000 5.025000 0.000002
1.238000 5.025000 0.000002
1.313000 5.025000 0.000002
1.388000 5.025000 0.000002
1.463000 5.025000 0.000002
1.538000 5.025000 0.000002
1.613000 5.025000 0.000002
1.688000 5.025000 0.000002
1.763000 5.025000 0.000002
1.838000 5.025000 0.000002
1.913000 5.025000 0.000002
1.988000 5.025000 0.000002
2.063000 5.025000 0.000002
2.138000 5.025000 0.000002
2.213000 5.025000 0.000002
2.288000 5.025000 0.000002
2.363000 5.025000 0.000002
2.438000 5.025000 0.000002
2.513000 5.025000 0.000002
2.588000 5.025000 0.000002
2.663000 5.025000 0.000002
2.738000 5.025000 0.000002
2.813000 5.025000 0.000001
2.888000 5.025000 0.000001
2.963000 5.025000 0.000001
3.038000 5.025000 0.000001
3.113000 5.025000 0.000001
3.188000 5.025000 0.000001
3.263000 5.025000 0.000001
3.338000 5.025000 0.000001
3.413000 5.025000 0.000001
3.488000 5.025000 0.000001
3.563000 5.025000 0.000001
3.638000 5.025000 0.000001
3.713000 5.025000 0.000001
3.788000 5.025000 0.000001
3.863000 5.025000 0.000000
-0.037500 5.175000 0.000000
0.037500 5.175000 0.000000
0.112500 5.175000 0.000000
0.187500 5.175000 0.000000
0.262500 5.175000 0.000000
0.337500 5.175000 0.000000
0.412500 5.175000 0.000000
0.487500 5.175000 0.000000
0.562500 5.175000 0.000000
0.637500 5.175000 0.000000
0.712500 5.175000 0.000000
0.787500 5.175000 0.000000
0.862500 5.175000 0.000000
0.937500 5.175000 0.000000
1.012000 5.175000 0.000000
1.087000 5.175000 0.000000
1.163000 5.175000 0.000000
1.238000 5.175000 0.000000
1.313000 5.175000 0.000000
1.388000 5.175000 0.000000
1.463000 5.175000 0.000000
1.538000 5.175000 0.000000
1.613000 5.175000 0.000000
1.688000 5.175000 0.000000
1.763000 5.175000 0.000000
1.838000 5.175000 0.000000
1.913000 5.175000 0.000000
1.988000 5.175000 0.000000
2.063000 5.175000 0.000000
2.138000 5.175000 0.000000
2.213000 5.175000 0.000000
2.288000 5.175000 0.000000
2.363000 5.175000 0.000000
2.438000 5.175000 0.000000
2.513000 5.175000 0.000000
2.588000 5.175000 0.000000
2.663000 5.175000 0.000000
2.738000 5.175000 0.000000
2.813000 5.175000 0.000000
2.888000 5.175000 0.000000
2.963000 5.175000 0.000000
3.038000 5.175000 0.000000
3.113000 5.175000 0.000000
3.188000 5.175000 0.000000
3.263000 5.175000 0.000000
3.338000 5.175000 0.000000
3.413000 5.175000 0.000000
3.488000 5.175000 0.000000
3.563000 5.175000 0.000000
3.638000 5.175000 0.000000
3.713000 5.175000 0.000000
3.788000 5.175000 0.000000
3.863000 5.175000 0.000000
