-0.037500 -0.075000 0.000000
0.037500 -0.075000 0.000000
0.112500 -0.075000 0.000000
0.187500 -0.075000 0.000000
0.262500 -0.075000 0.000000
0.337500 -0.075000 0.000000
0.412500 -0.075000 0.000000
0.487500 -0.075000 0.000000
0.562500 -0.075000 0.000000
0.637500 -0.075000 0.000000
0.712500 -0.075000 0.000000
0.787500 -0.075000 0.000000
0.862500 -0.075000 0.000000
0.937500 -0.075000 0.000000
1.012000 -0.075000 0.000000
1.087000 -0.075000 0.000000
1.163000 -0.075000 0.000000
1.238000 -0.075000 0.000000
1.313000 -0.075000 0.000000
1.388000 -0.075000 0.000000
1.463000 -0.075000 0.000000
1.538000 -0.075000 0.000000
1.613000 -0.075000 0.000000
1.688000 -0.075000 0.000000
1.763000 -0.075000 0.000000
1.838000 -0.075000 0.000000
1.913000 -0.075000 0.000000
1.988000 -0.075000 0.000000
2.063000 -0.075000 0.000000
2.138000 -0.075000 0.000000
2.213000 -0.075000 0.000000
2.288000 -0.075000 0.000000
2.363000 -0.075000 0.000000
2.438000 -0.075000 0.000000
2.513000 -0.075000 0.000000
2.588000 -0.075000 0.000000
2.663000 -0.075000 0.000000
2.738000 -0.075000 0.000000
2.813000 -0.075000 0.000000
2.888000 -0.075000 0.000000
2.963000 -0.075000 0.000000
3.038000 -0.075000 0.000000
3.113000 -0.075000 0.000000
3.188000 -0.075000 0.000000
3.263000 -0.075000 0.000000
3.338000 -0.075000 0.000000
3.413000 -0.075000 0.000000
3.488000 -0.075000 0.000000
3.563000 -0.075000 0.000000
3.638000 -0.075000 0.000000
3.713000 -0.075000 0.000000
3.788000 -0.075000 0.000000
3.863000 -0.075000 0.000000
-0.037500 0.075000 0.000000
0.037500 0.075000 0.007130
0.112500 0.075000 0.014270
0.187500 0.075000 0.021400
0.262500 0.075000 0.028540
0.337500 0.075000 0.035670
0.412500 0.075000 0.042790
0.487500 0.075000 0.049910
0.562500 0.075000 0.057010
0.637500 0.075000 0.064080
0.712500 0.075000 0.071120
0.787500 0.075000 0.078120
0.862500 0.075000 0.085040
0.937500 0.075000 0.091870
1.012000 0.075000 0.098580
1.087000 0.075000 0.105100
1.163000 0.075000 0.111500
1.238000 0.075000 0.117600
1.313000 0.075000 0.123400
1.388000 0.075000 0.128800
1.463000 0.075000 0.133700
1.538000 0.075000 0.138200
1.613000 0.075000 0.142000
1.688000 0.075000 0.145100
1.763000 0.075000 0.147500
1.838000 0.075000 0.149100
1.913000 0.075000 0.149800
1.988000 0.075000 0.149800
2.063000 0.075000 0.148900
2.138000 0.075000 0.147300
2.213000 0.075000 0.145100
2.288000 0.075000 0.142300
2.363000 0.075000 0.139000
2.438000 0.075000 0.135300
2.513000 0.075000 0.131400
2.588000 0.075000 0.127300
2.663000 0.075000 0.123100
2.738000 0.075000 0.118900
2.813000 0.075000 0.114700
2.888000 0.075000 0.110500
2.963000 0.075000 0.106400
3.038000 0.075000 0.102400
3.113000 0.075000 0.098550
3.188000 0.075000 0.094830
3.263000 0.075000 0.091260
3.338000 0.075000 0.087830
3.413000 0.075000 0.084540
3.488000 0.075000 0.081400
3.563000 0.075000 0.078400
3.638000 0.075000 0.075540
3.713000 0.075000 0.072820
3.788000 0.075000 0.070220
3.863000 0.075000 0.000000
-0.037500 0.225000 0.000000
0.037500 0.225000 0.007130
0.112500 0.225000 0.014270
0.187500 0.225000 0.021400
0.262500 0.225000 0.028540
0.337500 0.225000 0.035670
0.412500 0.225000 0.042790
0.487500 0.225000 0.049910
0.562500 0.225000 0.057010
0.637500 0.225000 0.064080
0.712500 0.225000 0.071120
0.787500 0.225000 0.078120
0.862500 0.225000 0.085040
0.937500 0.225000 0.091870
1.012000 0.225000 0.098580
1.087000 0.225000 0.105100
1.163000 0.225000 0.111500
1.238000 0.225000 0.117600
1.313000 0.225000 0.123400
1.388000 0.225000 0.128800
1.463000 0.225000 0.133700
1.538000 0.225000 0.138200
1.613000 0.225000 0.142000
1.688000 0.225000 0.145100
1.763000 0.225000 0.147500
1.838000 0.225000 0.149100
1.913000 0.225000 0.149800
1.988000 0.225000 0.149800
2.063000 0.225000 0.148900
2.138000 0.225000 0.147300
2.213000 0.225000 0.145100
2.288000 0.225000 0.142300
2.363000 0.225000 0.139000
2.438000 0.225000 0.135300
2.513000 0.225000 0.131400
2.588000 0.225000 0.127300
2.663000 0.225000 0.123100
2.738000 0.225000 0.118900
2.813000 0.225000 0.114700
2.888000 0.225000 0.110500
2.963000 0.225000 0.106400
3.038000 0.225000 0.102400
3.113000 0.225000 0.098550
3.188000 0.225000 0.094830
3.263000 0.225000 0.091260
3.338000 0.225000 0.087830
3.413000 0.225000 0.084540
3.488000 0.225000 0.081400
3.563000 0.225000 0.078400
3.638000 0.225000 0.075540
3.713000 0.225000 0.072820
3.788000 0.225000 0.070220
3.863000 0.225000 0.000000
-0.037500 0.375000 0.000000
0.037500 0.375000 0.161100
0.112500 0.375000 0.163200
0.187500 0.375000 0.166600
0.262500 0.375000 0.170900
0.337500 0.375000 0.175900
0.412500 0.375000 0.181300
0.487500 0.375000 0.187000
0.562500 0.375000 0.193000
0.637500 0.375000 0.199100
0.712500 0.375000 0.205400
0.787500 0.375000 0.211700
0.862500 0.375000 0.218000
0.937500 0.375000 0.224200
1.012000 0.375000 0.230300
1.087000 0.375000 0.236300
1.163000 0.375000 0.242000
1.238000 0.375000 0.247500
1.313000 0.375000 0.252700
1.388000 0.375000 0.257400
1.463000 0.375000 0.261600
1.538000 0.375000 0.265400
1.613000 0.375000 0.268500
1.688000 0.375000 0.271000
1.763000 0.375000 0.272700
1.838000 0.375000 0.273800
1.913000 0.375000 0.274200
1.988000 0.375000 0.273800
2.063000 0.375000 0.272700
2.138000 0.375000 0.271000
2.213000 0.375000 0.268700
2.288000 0.375000 0.265800
2.363000 0.375000 0.262500
2.438000 0.375000 0.258800
2.513000 0.375000 0.254800
2.588000 0.375000 0.250600
2.663000 0.375000 0.246300
2.738000 0.375000 0.241900
2.813000 0.375000 0.237400
2.888000 0.375000 0.233000
2.963000 0.375000 0.228700
3.038000 0.375000 0.224400
3.113000 0.375000 0.220300
3.188000 0.375000 0.216400
3.263000 0.375000 0.212700
3.338000 0.375000 0.209200
3.413000 0.375000 0.205900
3.488000 0.375000 0.203000
3.563000 0.375000 0.200300
3.638000 0.375000 0.198100
3.713000 0.375000 0.196400
3.788000 0.375000 0.195400
3.863000 0.375000 0.000000
-0.037500 0.525000 0.000000
0.037500 0.525000 0.288100
0.112500 0.525000 0.289100
0.187500 0.525000 0.290900
0.262500 0.525000 0.293500
0.337500 0.525000 0.296700
0.412500 0.525000 0.300400
0.487500 0.525000 0.304400
0.562500 0.525000 0.308800
0.637500 0.525000 0.313400
0.712500 0.525000 0.318100
0.787500 0.525000 0.323000
0.862500 0.525000 0.327900
0.937500 0.525000 0.332700
1.012000 0.525000 0.337500
1.087000 0.525000 0.342200
1.163000 0.525000 0.346600
1.238000 0.525000 0.350900
1.313000 0.525000 0.354800
1.388000 0.525000 0.358300
1.463000 0.525000 0.361400
1.538000 0.525000 0.364100
1.613000 0.525000 0.366300
1.688000 0.525000 0.367900
1.763000 0.525000 0.369000
1.838000 0.525000 0.369500
1.913000 0.525000 0.369400
1.988000 0.525000 0.368700
2.063000 0.525000 0.367500
2.138000 0.525000 0.365800
2.213000 0.525000 0.363600
2.288000 0.525000 0.360900
2.363000 0.525000 0.357900
2.438000 0.525000 0.354500
2.513000 0.525000 0.350900
2.588000 0.525000 0.347000
2.663000 0.525000 0.343000
2.738000 0.525000 0.339000
2.813000 0.525000 0.334900
2.888000 0.525000 0.330800
2.963000 0.525000 0.326800
3.038000 0.525000 0.322900
3.113000 0.525000 0.319100
3.188000 0.525000 0.315500
3.263000 0.525000 0.312200
3.338000 0.525000 0.309100
3.413000 0.525000 0.306300
3.488000 0.525000 0.303800
3.563000 0.525000 0.301800
3.638000 0.525000 0.300100
3.713000 0.525000 0.299000
3.788000 0.525000 0.298400
3.863000 0.525000 0.000000
-0.037500 0.675000 0.000000
0.037500 0.675000 0.357600
0.112500 0.675000 0.358200
0.187500 0.675000 0.359300
0.262500 0.675000 0.360900
0.337500 0.675000 0.363000
0.412500 0.675000 0.365500
0.487500 0.675000 0.368300
0.562500 0.675000 0.371400
0.637500 0.675000 0.374700
0.712500 0.675000 0.378200
0.787500 0.675000 0.381800
0.862500 0.675000 0.385400
0.937500 0.675000 0.389100
1.012000 0.675000 0.392700
1.087000 0.675000 0.396100
1.163000 0.675000 0.399400
1.238000 0.675000 0.402600
1.313000 0.675000 0.405400
1.388000 0.675000 0.407900
1.463000 0.675000 0.410100
1.538000 0.675000 0.412000
1.613000 0.675000 0.413400
1.688000 0.675000 0.414400
1.763000 0.675000 0.414900
1.838000 0.675000 0.415000
1.913000 0.675000 0.414600
1.988000 0.675000 0.413800
2.063000 0.675000 0.412600
2.138000 0.675000 0.410900
2.213000 0.675000 0.408900
2.288000 0.675000 0.406500
2.363000 0.675000 0.403800
2.438000 0.675000 0.400800
2.513000 0.675000 0.397600
2.588000 0.675000 0.394200
2.663000 0.675000 0.390700
2.738000 0.675000 0.387200
2.813000 0.675000 0.383600
2.888000 0.675000 0.380000
2.963000 0.675000 0.376500
3.038000 0.675000 0.373000
3.113000 0.675000 0.369800
3.188000 0.675000 0.366700
3.263000 0.675000 0.363800
3.338000 0.675000 0.361200
3.413000 0.675000 0.358800
3.488000 0.675000 0.356800
3.563000 0.675000 0.355200
3.638000 0.675000 0.353900
3.713000 0.675000 0.353100
3.788000 0.675000 0.352700
3.863000 0.675000 0.000000
-0.037500 0.825000 0.000000
0.037500 0.825000 0.382300
0.112500 0.825000 0.382800
0.187500 0.825000 0.383700
0.262500 0.825000 0.385000
0.337500 0.825000 0.386700
0.412500 0.825000 0.388800
0.487500 0.825000 0.391200
0.562500 0.825000 0.393800
0.637500 0.825000 0.396700
0.712500 0.825000 0.399700
0.787500 0.825000 0.402800
0.862500 0.825000 0.406000
0.937500 0.825000 0.409100
1.012000 0.825000 0.412200
1.087000 0.825000 0.415200
1.163000 0.825000 0.418100
1.238000 0.825000 0.420800
1.313000 0.825000 0.423200
1.388000 0.825000 0.425400
1.463000 0.825000 0.427200
1.538000 0.825000 0.428700
1.613000 0.825000 0.429900
1.688000 0.825000 0.430600
1.763000 0.825000 0.431000
1.838000 0.825000 0.430900
1.913000 0.825000 0.430400
1.988000 0.825000 0.429500
2.063000 0.825000 0.428300
2.138000 0.825000 0.426600
2.213000 0.825000 0.424700
2.288000 0.825000 0.422400
2.363000 0.825000 0.419800
2.438000 0.825000 0.417000
2.513000 0.825000 0.414000
2.588000 0.825000 0.410800
2.663000 0.825000 0.407500
2.738000 0.825000 0.404100
2.813000 0.825000 0.400700
2.888000 0.825000 0.397300
2.963000 0.825000 0.394000
3.038000 0.825000 0.390800
3.113000 0.825000 0.387700
3.188000 0.825000 0.384800
3.263000 0.825000 0.382200
3.338000 0.825000 0.379700
3.413000 0.825000 0.377600
3.488000 0.825000 0.375700
3.563000 0.825000 0.374200
3.638000 0.825000 0.373100
3.713000 0.825000 0.372300
3.788000 0.825000 0.372000
3.863000 0.825000 0.000000
-0.037500 0.975000 0.000000
0.037500 0.975000 0.397700
0.112500 0.975000 0.398100
0.187500 0.975000 0.398900
0.262500 0.975000 0.400100
0.337500 0.975000 0.401600
0.412500 0.975000 0.403400
0.487500 0.975000 0.405500
0.562500 0.975000 0.407800
0.637500 0.975000 0.410300
0.712500 0.975000 0.413000
0.787500 0.975000 0.415700
0.862500 0.975000 0.418600
0.937500 0.975000 0.421400
1.012000 0.975000 0.424200
1.087000 0.975000 0.426800
1.163000 0.975000 0.429400
1.238000 0.975000 0.431700
1.313000 0.975000 0.433900
1.388000 0.975000 0.435800
1.463000 0.975000 0.437400
1.538000 0.975000 0.438600
1.613000 0.975000 0.439600
1.688000 0.975000 0.440100
1.763000 0.975000 0.440400
1.838000 0.975000 0.440200
1.913000 0.975000 0.439600
1.988000 0.975000 0.438700
2.063000 0.975000 0.437500
2.138000 0.975000 0.435800
2.213000 0.975000 0.433900
2.288000 0.975000 0.431700
2.363000 0.975000 0.429200
2.438000 0.975000 0.426500
2.513000 0.975000 0.423600
2.588000 0.975000 0.420600
2.663000 0.975000 0.417400
2.738000 0.975000 0.414200
2.813000 0.975000 0.411000
2.888000 0.975000 0.407800
2.963000 0.975000 0.404600
3.038000 0.975000 0.401500
3.113000 0.975000 0.398600
3.188000 0.975000 0.395900
3.263000 0.975000 0.393300
3.338000 0.975000 0.391100
3.413000 0.975000 0.389000
3.488000 0.975000 0.387300
3.563000 0.975000 0.385900
3.638000 0.975000 0.384800
3.713000 0.975000 0.384100
3.788000 0.975000 0.383800
3.863000 0.975000 0.000000
-0.037500 1.125000 0.000000
0.037500 1.125000 0.404500
0.112500 1.125000 0.404900
0.187500 1.125000 0.405600
0.262500 1.125000 0.406600
0.337500 1.125000 0.408000
0.412500 1.125000 0.409700
0.487500 1.125000 0.411600
0.562500 1.125000 0.413700
0.637500 1.125000 0.416100
0.712500 1.125000 0.418500
0.787500 1.125000 0.421100
0.862500 1.125000 0.423700
0.937500 1.125000 0.426300
1.012000 1.125000 0.428900
1.087000 1.125000 0.431300
1.163000 1.125000 0.433700
1.238000 1.125000 0.435900
1.313000 1.125000 0.437800
1.388000 1.125000 0.439500
1.463000 1.125000 0.441000
1.538000 1.125000 0.442100
1.613000 1.125000 0.442900
1.688000 1.125000 0.443400
1.763000 1.125000 0.443500
1.838000 1.125000 0.443300
1.913000 1.125000 0.442700
1.988000 1.125000 0.441800
2.063000 1.125000 0.440500
2.138000 1.125000 0.438900
2.213000 1.125000 0.437000
2.288000 1.125000 0.434900
2.363000 1.125000 0.432400
2.438000 1.125000 0.429800
2.513000 1.125000 0.427000
2.588000 1.125000 0.424000
2.663000 1.125000 0.421000
2.738000 1.125000 0.417900
2.813000 1.125000 0.414800
2.888000 1.125000 0.411600
2.963000 1.125000 0.408600
3.038000 1.125000 0.405600
3.113000 1.125000 0.402800
3.188000 1.125000 0.400200
3.263000 1.125000 0.397700
3.338000 1.125000 0.395500
3.413000 1.125000 0.393600
3.488000 1.125000 0.391900
3.563000 1.125000 0.390600
3.638000 1.125000 0.389600
3.713000 1.125000 0.388900
3.788000 1.125000 0.388500
3.863000 1.125000 0.000000
-0.037500 1.275000 0.000000
0.037500 1.275000 0.401900
0.112500 1.275000 0.402300
0.187500 1.275000 0.402900
0.262500 1.275000 0.403900
0.337500 1.275000 0.405200
0.412500 1.275000 0.406700
0.487500 1.275000 0.408500
0.562500 1.275000 0.410600
0.637500 1.275000 0.412700
0.712500 1.275000 0.415100
0.787500 1.275000 0.417500
0.862500 1.275000 0.419900
0.937500 1.275000 0.422400
1.012000 1.275000 0.424800
1.087000 1.275000 0.427100
1.163000 1.275000 0.429300
1.238000 1.275000 0.431400
1.313000 1.275000 0.433200
1.388000 1.275000 0.434800
1.463000 1.275000 0.436200
1.538000 1.275000 0.437200
1.613000 1.275000 0.438000
1.688000 1.275000 0.438400
1.763000 1.275000 0.438400
1.838000 1.275000 0.438200
1.913000 1.275000 0.437600
1.988000 1.275000 0.436600
2.063000 1.275000 0.435400
2.138000 1.275000 0.433800
2.213000 1.275000 0.432000
2.288000 1.275000 0.429800
2.363000 1.275000 0.427500
2.438000 1.275000 0.424900
2.513000 1.275000 0.422200
2.588000 1.275000 0.419300
2.663000 1.275000 0.416300
2.738000 1.275000 0.413300
2.813000 1.275000 0.410300
2.888000 1.275000 0.407300
2.963000 1.275000 0.404300
3.038000 1.275000 0.401400
3.113000 1.275000 0.398700
3.188000 1.275000 0.396200
3.263000 1.275000 0.393800
3.338000 1.275000 0.391700
3.413000 1.275000 0.389800
3.488000 1.275000 0.388200
3.563000 1.275000 0.386900
3.638000 1.275000 0.385900
3.713000 1.275000 0.385300
3.788000 1.275000 0.384900
3.863000 1.275000 0.000000
-0.037500 1.425000 0.000000
0.037500 1.425000 0.382600
0.112500 1.425000 0.382900
0.187500 1.425000 0.383500
0.262500 1.425000 0.384300
0.337500 1.425000 0.385500
0.412500 1.425000 0.386800
0.487500 1.425000 0.388400
0.562500 1.425000 0.390100
0.637500 1.425000 0.392100
0.712500 1.425000 0.394100
0.787500 1.425000 0.396200
0.862500 1.425000 0.398300
0.937500 1.425000 0.400500
1.012000 1.425000 0.402600
1.087000 1.425000 0.404600
1.163000 1.425000 0.406600
1.238000 1.425000 0.408300
1.313000 1.425000 0.409900
1.388000 1.425000 0.411300
1.463000 1.425000 0.412500
1.538000 1.425000 0.413300
1.613000 1.425000 0.413900
1.688000 1.425000 0.414300
1.763000 1.425000 0.414300
1.838000 1.425000 0.414000
1.913000 1.425000 0.413400
1.988000 1.425000 0.412500
2.063000 1.425000 0.411300
2.138000 1.425000 0.409800
2.213000 1.425000 0.408100
2.288000 1.425000 0.406100
2.363000 1.425000 0.404000
2.438000 1.425000 0.401600
2.513000 1.425000 0.399100
2.588000 1.425000 0.396500
2.663000 1.425000 0.393700
2.738000 1.425000 0.391000
2.813000 1.425000 0.388200
2.888000 1.425000 0.385400
2.963000 1.425000 0.382700
3.038000 1.425000 0.380100
3.113000 1.425000 0.377700
3.188000 1.425000 0.375300
3.263000 1.425000 0.373200
3.338000 1.425000 0.371300
3.413000 1.425000 0.369600
3.488000 1.425000 0.368100
3.563000 1.425000 0.367000
3.638000 1.425000 0.366100
3.713000 1.425000 0.365500
3.788000 1.425000 0.365200
3.863000 1.425000 0.000000
-0.037500 1.575000 0.000000
0.037500 1.575000 0.352100
0.112500 1.575000 0.352400
0.187500 1.575000 0.352900
0.262500 1.575000 0.353600
0.337500 1.575000 0.354600
0.412500 1.575000 0.355700
0.487500 1.575000 0.357000
0.562500 1.575000 0.358500
0.637500 1.575000 0.360100
0.712500 1.575000 0.361800
0.787500 1.575000 0.363600
0.862500 1.575000 0.365400
0.937500 1.575000 0.367200
1.012000 1.575000 0.369000
1.087000 1.575000 0.370700
1.163000 1.575000 0.372300
1.238000 1.575000 0.373700
1.313000 1.575000 0.375100
1.388000 1.575000 0.376200
1.463000 1.575000 0.377100
1.538000 1.575000 0.377800
1.613000 1.575000 0.378300
1.688000 1.575000 0.378500
1.763000 1.575000 0.378500
1.838000 1.575000 0.378200
1.913000 1.575000 0.377600
1.988000 1.575000 0.376800
2.063000 1.575000 0.375700
2.138000 1.575000 0.374400
2.213000 1.575000 0.372800
2.288000 1.575000 0.371100
2.363000 1.575000 0.369100
2.438000 1.575000 0.367100
2.513000 1.575000 0.364800
2.588000 1.575000 0.362500
2.663000 1.575000 0.360100
2.738000 1.575000 0.357700
2.813000 1.575000 0.355300
2.888000 1.575000 0.352900
2.963000 1.575000 0.350500
3.038000 1.575000 0.348200
3.113000 1.575000 0.346000
3.188000 1.575000 0.344000
3.263000 1.575000 0.342100
3.338000 1.575000 0.340500
3.413000 1.575000 0.339000
3.488000 1.575000 0.337700
3.563000 1.575000 0.336700
3.638000 1.575000 0.336000
3.713000 1.575000 0.335500
3.788000 1.575000 0.335200
3.863000 1.575000 0.000000
-0.037500 1.725000 0.000000
0.037500 1.725000 0.314500
0.112500 1.725000 0.314700
0.187500 1.725000 0.315100
0.262500 1.725000 0.315700
0.337500 1.725000 0.316400
0.412500 1.725000 0.317300
0.487500 1.725000 0.318400
0.562500 1.725000 0.319600
0.637500 1.725000 0.320900
0.712500 1.725000 0.322300
0.787500 1.725000 0.323700
0.862500 1.725000 0.325100
0.937500 1.725000 0.326600
1.012000 1.725000 0.328000
1.087000 1.725000 0.329400
1.163000 1.725000 0.330700
1.238000 1.725000 0.331800
1.313000 1.725000 0.332900
1.388000 1.725000 0.333800
1.463000 1.725000 0.334500
1.538000 1.725000 0.335000
1.613000 1.725000 0.335300
1.688000 1.725000 0.335500
1.763000 1.725000 0.335400
1.838000 1.725000 0.335100
1.913000 1.725000 0.334500
1.988000 1.725000 0.333800
2.063000 1.725000 0.332900
2.138000 1.725000 0.331700
2.213000 1.725000 0.330400
2.288000 1.725000 0.328900
2.363000 1.725000 0.327200
2.438000 1.725000 0.325500
2.513000 1.725000 0.323600
2.588000 1.725000 0.321600
2.663000 1.725000 0.319600
2.738000 1.725000 0.317600
2.813000 1.725000 0.315500
2.888000 1.725000 0.313500
2.963000 1.725000 0.311500
3.038000 1.725000 0.309500
3.113000 1.725000 0.307700
3.188000 1.725000 0.306000
3.263000 1.725000 0.304400
3.338000 1.725000 0.303000
3.413000 1.725000 0.301800
3.488000 1.725000 0.300700
3.563000 1.725000 0.299900
3.638000 1.725000 0.299300
3.713000 1.725000 0.298800
3.788000 1.725000 0.298600
3.863000 1.725000 0.000000
-0.037500 1.875000 0.000000
0.037500 1.875000 0.272900
0.112500 1.875000 0.273100
0.187500 1.875000 0.273400
0.262500 1.875000 0.273800
0.337500 1.875000 0.274400
0.412500 1.875000 0.275100
0.487500 1.875000 0.275900
0.562500 1.875000 0.276900
0.637500 1.875000 0.277800
0.712500 1.875000 0.278900
0.787500 1.875000 0.280000
0.862500 1.875000 0.281100
0.937500 1.875000 0.282200
1.012000 1.875000 0.283300
1.087000 1.875000 0.284300
1.163000 1.875000 0.285300
1.238000 1.875000 0.286100
1.313000 1.875000 0.286900
1.388000 1.875000 0.287600
1.463000 1.875000 0.288100
1.538000 1.875000 0.288500
1.613000 1.875000 0.288700
1.688000 1.875000 0.288700
1.763000 1.875000 0.288600
1.838000 1.875000 0.288300
1.913000 1.875000 0.287800
1.988000 1.875000 0.287200
2.063000 1.875000 0.286400
2.138000 1.875000 0.285400
2.213000 1.875000 0.284300
2.288000 1.875000 0.283100
2.363000 1.875000 0.281800
2.438000 1.875000 0.280300
2.513000 1.875000 0.278800
2.588000 1.875000 0.277200
2.663000 1.875000 0.275500
2.738000 1.875000 0.273900
2.813000 1.875000 0.272200
2.888000 1.875000 0.270600
2.963000 1.875000 0.269000
3.038000 1.875000 0.267400
3.113000 1.875000 0.265900
3.188000 1.875000 0.264600
3.263000 1.875000 0.263300
3.338000 1.875000 0.262200
3.413000 1.875000 0.261200
3.488000 1.875000 0.260300
3.563000 1.875000 0.259600
3.638000 1.875000 0.259100
3.713000 1.875000 0.258800
3.788000 1.875000 0.258600
3.863000 1.875000 0.000000
-0.037500 2.025000 0.000000
0.037500 2.025000 0.230200
0.112500 2.025000 0.230300
0.187500 2.025000 0.230500
0.262500 2.025000 0.230800
0.337500 2.025000 0.231300
0.412500 2.025000 0.231800
0.487500 2.025000 0.232300
0.562500 2.025000 0.233000
0.637500 2.025000 0.233700
0.712500 2.025000 0.234400
0.787500 2.025000 0.235200
0.862500 2.025000 0.236000
0.937500 2.025000 0.236700
1.012000 2.025000 0.237500
1.087000 2.025000 0.238200
1.163000 2.025000 0.238900
1.238000 2.025000 0.239500
1.313000 2.025000 0.240000
1.388000 2.025000 0.240400
1.463000 2.025000 0.240800
1.538000 2.025000 0.241000
1.613000 2.025000 0.241100
1.688000 2.025000 0.241100
1.763000 2.025000 0.240900
1.838000 2.025000 0.240600
1.913000 2.025000 0.240200
1.988000 2.025000 0.239700
2.063000 2.025000 0.239100
2.138000 2.025000 0.238300
2.213000 2.025000 0.237400
2.288000 2.025000 0.236500
2.363000 2.025000 0.235400
2.438000 2.025000 0.234300
2.513000 2.025000 0.233100
2.588000 2.025000 0.231900
2.663000 2.025000 0.230600
2.738000 2.025000 0.229300
2.813000 2.025000 0.228100
2.888000 2.025000 0.226800
2.963000 2.025000 0.225600
3.038000 2.025000 0.224400
3.113000 2.025000 0.223300
3.188000 2.025000 0.222200
3.263000 2.025000 0.221300
3.338000 2.025000 0.220400
3.413000 2.025000 0.219700
3.488000 2.025000 0.219000
3.563000 2.025000 0.218500
3.638000 2.025000 0.218100
3.713000 2.025000 0.217900
3.788000 2.025000 0.217700
3.863000 2.025000 0.000000
-0.037500 2.175000 0.000000
0.037500 2.175000 0.188400
0.112500 2.175000 0.188500
0.187500 2.175000 0.188600
0.262500 2.175000 0.188800
0.337500 2.175000 0.189100
0.412500 2.175000 0.189400
0.487500 2.175000 0.189800
0.562500 2.175000 0.190100
0.637500 2.175000 0.190600
0.712500 2.175000 0.191000
0.787500 2.175000 0.191500
0.862500 2.175000 0.192000
0.937500 2.175000 0.192400
1.012000 2.175000 0.192900
1.087000 2.175000 0.193300
1.163000 2.175000 0.193700
1.238000 2.175000 0.194000
1.313000 2.175000 0.194300
1.388000 2.175000 0.194500
1.463000 2.175000 0.194700
1.538000 2.175000 0.194700
1.613000 2.175000 0.194700
1.688000 2.175000 0.194700
1.763000 2.175000 0.194500
1.838000 2.175000 0.194200
1.913000 2.175000 0.193900
1.988000 2.175000 0.193500
2.063000 2.175000 0.193000
2.138000 2.175000 0.192400
2.213000 2.175000 0.191800
2.288000 2.175000 0.191100
2.363000 2.175000 0.190300
2.438000 2.175000 0.189500
2.513000 2.175000 0.188700
2.588000 2.175000 0.187800
2.663000 2.175000 0.186900
2.738000 2.175000 0.186000
2.813000 2.175000 0.185100
2.888000 2.175000 0.184200
2.963000 2.175000 0.183400
3.038000 2.175000 0.182500
3.113000 2.175000 0.181800
3.188000 2.175000 0.181000
3.263000 2.175000 0.180400
3.338000 2.175000 0.179800
3.413000 2.175000 0.179300
3.488000 2.175000 0.178800
3.563000 2.175000 0.178500
3.638000 2.175000 0.178200
3.713000 2.175000 0.178000
3.788000 2.175000 0.177900
3.863000 2.175000 0.000000
-0.037500 2.325000 0.000000
0.037500 2.325000 0.162300
0.112500 2.325000 0.162400
0.187500 2.325000 0.162400
0.262500 2.325000 0.162600
0.337500 2.325000 0.162700
0.412500 2.325000 0.162900
0.487500 2.325000 0.163100
0.562500 2.325000 0.163400
0.637500 2.325000 0.163600
0.712500 2.325000 0.163900
0.787500 2.325000 0.164100
0.862500 2.325000 0.164400
0.937500 2.325000 0.164700
1.012000 2.325000 0.164900
1.087000 2.325000 0.165200
1.163000 2.325000 0.165400
1.238000 2.325000 0.165500
1.313000 2.325000 0.165700
1.388000 2.325000 0.165800
1.463000 2.325000 0.165800
1.538000 2.325000 0.165800
1.613000 2.325000 0.165700
1.688000 2.325000 0.165600
1.763000 2.325000 0.165400
1.838000 2.325000 0.165200
1.913000 2.325000 0.164900
1.988000 2.325000 0.164500
2.063000 2.325000 0.164100
2.138000 2.325000 0.163700
2.213000 2.325000 0.163200
2.288000 2.325000 0.162700
2.363000 2.325000 0.162100
2.438000 2.325000 0.161500
2.513000 2.325000 0.160900
2.588000 2.325000 0.160200
2.663000 2.325000 0.159600
2.738000 2.325000 0.158900
2.813000 2.325000 0.158200
2.888000 2.325000 0.157600
2.963000 2.325000 0.157000
3.038000 2.325000 0.156400
3.113000 2.325000 0.155800
3.188000 2.325000 0.155300
3.263000 2.325000 0.154800
3.338000 2.325000 0.154400
3.413000 2.325000 0.154000
3.488000 2.325000 0.153700
3.563000 2.325000 0.153500
3.638000 2.325000 0.153300
3.713000 2.325000 0.153200
3.788000 2.325000 0.153100
3.863000 2.325000 0.000000
-0.037500 2.475000 0.000000
0.037500 2.475000 0.150200
0.112500 2.475000 0.150200
0.187500 2.475000 0.150300
0.262500 2.475000 0.150400
0.337500 2.475000 0.150500
0.412500 2.475000 0.150600
0.487500 2.475000 0.150800
0.562500 2.475000 0.151000
0.637500 2.475000 0.151200
0.712500 2.475000 0.151400
0.787500 2.475000 0.151600
0.862500 2.475000 0.151800
0.937500 2.475000 0.152000
1.012000 2.475000 0.152100
1.087000 2.475000 0.152300
1.163000 2.475000 0.152400
1.238000 2.475000 0.152600
1.313000 2.475000 0.152600
1.388000 2.475000 0.152700
1.463000 2.475000 0.152700
1.538000 2.475000 0.152600
1.613000 2.475000 0.152600
1.688000 2.475000 0.152400
1.763000 2.475000 0.152300
1.838000 2.475000 0.152000
1.913000 2.475000 0.151800
1.988000 2.475000 0.151400
2.063000 2.475000 0.151100
2.138000 2.475000 0.150700
2.213000 2.475000 0.150200
2.288000 2.475000 0.149800
2.363000 2.475000 0.149300
2.438000 2.475000 0.148700
2.513000 2.475000 0.148200
2.588000 2.475000 0.147700
2.663000 2.475000 0.147100
2.738000 2.475000 0.146500
2.813000 2.475000 0.146000
2.888000 2.475000 0.145400
2.963000 2.475000 0.144900
3.038000 2.475000 0.144400
3.113000 2.475000 0.143900
3.188000 2.475000 0.143500
3.263000 2.475000 0.143100
3.338000 2.475000 0.142700
3.413000 2.475000 0.142400
3.488000 2.475000 0.142100
3.563000 2.475000 0.141900
3.638000 2.475000 0.141800
3.713000 2.475000 0.141700
3.788000 2.475000 0.141600
3.863000 2.475000 0.000000
-0.037500 2.625000 0.000000
0.037500 2.625000 0.139100
0.112500 2.625000 0.139100
0.187500 2.625000 0.139200
0.262500 2.625000 0.139200
0.337500 2.625000 0.139300
0.412500 2.625000 0.139500
0.487500 2.625000 0.139600
0.562500 2.625000 0.139700
0.637500 2.625000 0.139900
0.712500 2.625000 0.140000
0.787500 2.625000 0.140200
0.862500 2.625000 0.140300
0.937500 2.625000 0.140500
1.012000 2.625000 0.140600
1.087000 2.625000 0.140700
1.163000 2.625000 0.140800
1.238000 2.625000 0.140900
1.313000 2.625000 0.141000
1.388000 2.625000 0.141000
1.463000 2.625000 0.141000
1.538000 2.625000 0.140900
1.613000 2.625000 0.140800
1.688000 2.625000 0.140700
1.763000 2.625000 0.140500
1.838000 2.625000 0.140300
1.913000 2.625000 0.140100
1.988000 2.625000 0.139800
2.063000 2.625000 0.139400
2.138000 2.625000 0.139100
2.213000 2.625000 0.138700
2.288000 2.625000 0.138300
2.363000 2.625000 0.137800
2.438000 2.625000 0.137400
2.513000 2.625000 0.136900
2.588000 2.625000 0.136400
2.663000 2.625000 0.135900
2.738000 2.625000 0.135400
2.813000 2.625000 0.134900
2.888000 2.625000 0.134400
2.963000 2.625000 0.134000
3.038000 2.625000 0.133500
3.113000 2.625000 0.133100
3.188000 2.625000 0.132800
3.263000 2.625000 0.132400
3.338000 2.625000 0.132100
3.413000 2.625000 0.131800
3.488000 2.625000 0.131600
3.563000 2.625000 0.131400
3.638000 2.625000 0.131300
3.713000 2.625000 0.131200
3.788000 2.625000 0.131100
3.863000 2.625000 0.000000
-0.037500 2.775000 0.000000
0.037500 2.775000 0.129200
0.112500 2.775000 0.129200
0.187500 2.775000 0.129200
0.262500 2.775000 0.129300
0.337500 2.775000 0.129400
0.412500 2.775000 0.129500
0.487500 2.775000 0.129600
0.562500 2.775000 0.129700
0.637500 2.775000 0.129800
0.712500 2.775000 0.130000
0.787500 2.775000 0.130100
0.862500 2.775000 0.130200
0.937500 2.775000 0.130300
1.012000 2.775000 0.130400
1.087000 2.775000 0.130500
1.163000 2.775000 0.130600
1.238000 2.775000 0.130700
1.313000 2.775000 0.130700
1.388000 2.775000 0.130700
1.463000 2.775000 0.130700
1.538000 2.775000 0.130600
1.613000 2.775000 0.130500
1.688000 2.775000 0.130400
1.763000 2.775000 0.130200
1.838000 2.775000 0.130000
1.913000 2.775000 0.129800
1.988000 2.775000 0.129500
2.063000 2.775000 0.129200
2.138000 2.775000 0.128900
2.213000 2.775000 0.128500
2.288000 2.775000 0.128200
2.363000 2.775000 0.127800
2.438000 2.775000 0.127300
2.513000 2.775000 0.126900
2.588000 2.775000 0.126500
2.663000 2.775000 0.126000
2.738000 2.775000 0.125600
2.813000 2.775000 0.125200
2.888000 2.775000 0.124700
2.963000 2.775000 0.124300
3.038000 2.775000 0.123900
3.113000 2.775000 0.123600
3.188000 2.775000 0.123200
3.263000 2.775000 0.122900
3.338000 2.775000 0.122600
3.413000 2.775000 0.122400
3.488000 2.775000 0.122200
3.563000 2.775000 0.122000
3.638000 2.775000 0.121900
3.713000 2.775000 0.121800
3.788000 2.775000 0.121800
3.863000 2.775000 0.000000
-0.037500 2.925000 0.000000
0.037500 2.925000 0.111700
0.112500 2.925000 0.111700
0.187500 2.925000 0.111800
0.262500 2.925000 0.111800
0.337500 2.925000 0.111900
0.412500 2.925000 0.112000
0.487500 2.925000 0.112100
0.562500 2.925000 0.112200
0.637500 2.925000 0.112300
0.712500 2.925000 0.112400
0.787500 2.925000 0.112500
0.862500 2.925000 0.112600
0.937500 2.925000 0.112700
1.012000 2.925000 0.112800
1.087000 2.925000 0.112900
1.163000 2.925000 0.112900
1.238000 2.925000 0.113000
1.313000 2.925000 0.113000
1.388000 2.925000 0.113000
1.463000 2.925000 0.112900
1.538000 2.925000 0.112900
1.613000 2.925000 0.112800
1.688000 2.925000 0.112700
1.763000 2.925000 0.112500
1.838000 2.925000 0.112400
1.913000 2.925000 0.112200
1.988000 2.925000 0.111900
2.063000 2.925000 0.111700
2.138000 2.925000 0.111400
2.213000 2.925000 0.111100
2.288000 2.925000 0.110800
2.363000 2.925000 0.110400
2.438000 2.925000 0.110100
2.513000 2.925000 0.109700
2.588000 2.925000 0.109300
2.663000 2.925000 0.108900
2.738000 2.925000 0.108600
2.813000 2.925000 0.108200
2.888000 2.925000 0.107800
2.963000 2.925000 0.107500
3.038000 2.925000 0.107100
3.113000 2.925000 0.106800
3.188000 2.925000 0.106500
3.263000 2.925000 0.106300
3.338000 2.925000 0.106000
3.413000 2.925000 0.105800
3.488000 2.925000 0.105700
3.563000 2.925000 0.105500
3.638000 2.925000 0.105400
3.713000 2.925000 0.105300
3.788000 2.925000 0.105300
3.863000 2.925000 0.000000
-0.037500 3.075000 0.000000
0.037500 3.075000 0.089450
0.112500 3.075000 0.089460
0.187500 3.075000 0.089490
0.262500 3.075000 0.089530
0.337500 3.075000 0.089580
0.412500 3.075000 0.089640
0.487500 3.075000 0.089710
0.562500 3.075000 0.089780
0.637500 3.075000 0.089860
0.712500 3.075000 0.089940
0.787500 3.075000 0.090020
0.862500 3.075000 0.090090
0.937500 3.075000 0.090160
1.012000 3.075000 0.090230
1.087000 3.075000 0.090280
1.163000 3.075000 0.090320
1.238000 3.075000 0.090350
1.313000 3.075000 0.090360
1.388000 3.075000 0.090350
1.463000 3.075000 0.090320
1.538000 3.075000 0.090270
1.613000 3.075000 0.090200
1.688000 3.075000 0.090100
1.763000 3.075000 0.089990
1.838000 3.075000 0.089850
1.913000 3.075000 0.089680
1.988000 3.075000 0.089500
2.063000 3.075000 0.089290
2.138000 3.075000 0.089070
2.213000 3.075000 0.088830
2.288000 3.075000 0.088570
2.363000 3.075000 0.088300
2.438000 3.075000 0.088010
2.513000 3.075000 0.087720
2.588000 3.075000 0.087430
2.663000 3.075000 0.087130
2.738000 3.075000 0.086830
2.813000 3.075000 0.086540
2.888000 3.075000 0.086250
2.963000 3.075000 0.085980
3.038000 3.075000 0.085710
3.113000 3.075000 0.085470
3.188000 3.075000 0.085240
3.263000 3.075000 0.085030
3.338000 3.075000 0.084850
3.413000 3.075000 0.084680
3.488000 3.075000 0.084550
3.563000 3.075000 0.084440
3.638000 3.075000 0.084350
3.713000 3.075000 0.084290
3.788000 3.075000 0.084260
3.863000 3.075000 0.000000
-0.037500 3.225000 0.000000
0.037500 3.225000 0.070820
0.112500 3.225000 0.070830
0.187500 3.225000 0.070850
0.262500 3.225000 0.070880
0.337500 3.225000 0.070910
0.412500 3.225000 0.070960
0.487500 3.225000 0.071010
0.562500 3.225000 0.071060
0.637500 3.225000 0.071120
0.712500 3.225000 0.071170
0.787500 3.225000 0.071230
0.862500 3.225000 0.071280
0.937500 3.225000 0.071340
1.012000 3.225000 0.071380
1.087000 3.225000 0.071420
1.163000 3.225000 0.071440
1.238000 3.225000 0.071460
1.313000 3.225000 0.071460
1.388000 3.225000 0.071450
1.463000 3.225000 0.071430
1.538000 3.225000 0.071380
1.613000 3.225000 0.071320
1.688000 3.225000 0.071250
1.763000 3.225000 0.071150
1.838000 3.225000 0.071040
1.913000 3.225000 0.070910
1.988000 3.225000 0.070760
2.063000 3.225000 0.070600
2.138000 3.225000 0.070420
2.213000 3.225000 0.070230
2.288000 3.225000 0.070030
2.363000 3.225000 0.069820
2.438000 3.225000 0.069600
2.513000 3.225000 0.069370
2.588000 3.225000 0.069140
2.663000 3.225000 0.068910
2.738000 3.225000 0.068680
2.813000 3.225000 0.068460
2.888000 3.225000 0.068230
2.963000 3.225000 0.068020
3.038000 3.225000 0.067820
3.113000 3.225000 0.067620
3.188000 3.225000 0.067450
3.263000 3.225000 0.067280
3.338000 3.225000 0.067140
3.413000 3.225000 0.067010
3.488000 3.225000 0.066910
3.563000 3.225000 0.066820
3.638000 3.225000 0.066750
3.713000 3.225000 0.066700
3.788000 3.225000 0.066670
3.863000 3.225000 0.000000
-0.037500 3.375000 0.000000
0.037500 3.375000 0.055480
0.112500 3.375000 0.055490
0.187500 3.375000 0.055500
0.262500 3.375000 0.055520
0.337500 3.375000 0.055550
0.412500 3.375000 0.055580
0.487500 3.375000 0.055610
0.562500 3.375000 0.055650
0.637500 3.375000 0.055690
0.712500 3.375000 0.055730
0.787500 3.375000 0.055770
0.862500 3.375000 0.055810
0.937500 3.375000 0.055850
1.012000 3.375000 0.055880
1.087000 3.375000 0.055900
1.163000 3.375000 0.055920
1.238000 3.375000 0.055930
1.313000 3.375000 0.055920
1.388000 3.375000 0.055910
1.463000 3.375000 0.055890
1.538000 3.375000 0.055850
1.613000 3.375000 0.055800
1.688000 3.375000 0.055740
1.763000 3.375000 0.055670
1.838000 3.375000 0.055580
1.913000 3.375000 0.055480
1.988000 3.375000 0.055360
2.063000 3.375000 0.055240
2.138000 3.375000 0.055100
2.213000 3.375000 0.054950
2.288000 3.375000 0.054800
2.363000 3.375000 0.054630
2.438000 3.375000 0.054460
2.513000 3.375000 0.054290
2.588000 3.375000 0.054110
2.663000 3.375000 0.053930
2.738000 3.375000 0.053760
2.813000 3.375000 0.053580
2.888000 3.375000 0.053410
2.963000 3.375000 0.053250
3.038000 3.375000 0.053090
3.113000 3.375000 0.052950
3.188000 3.375000 0.052810
3.263000 3.375000 0.052680
3.338000 3.375000 0.052570
3.413000 3.375000 0.052470
3.488000 3.375000 0.052390
3.563000 3.375000 0.052320
3.638000 3.375000 0.052270
3.713000 3.375000 0.052230
3.788000 3.375000 0.052200
3.863000 3.375000 0.000000
-0.037500 3.525000 0.000000
0.037500 3.525000 0.043030
0.112500 3.525000 0.043040
0.187500 3.525000 0.043040
0.262500 3.525000 0.043060
0.337500 3.525000 0.043080
0.412500 3.525000 0.043100
0.487500 3.525000 0.043120
0.562500 3.525000 0.043150
0.637500 3.525000 0.043180
0.712500 3.525000 0.043210
0.787500 3.525000 0.043230
0.862500 3.525000 0.043260
0.937500 3.525000 0.043280
1.012000 3.525000 0.043310
1.087000 3.525000 0.043320
1.163000 3.525000 0.043330
1.238000 3.525000 0.043330
1.313000 3.525000 0.043330
1.388000 3.525000 0.043320
1.463000 3.525000 0.043300
1.538000 3.525000 0.043270
1.613000 3.525000 0.043230
1.688000 3.525000 0.043180
1.763000 3.525000 0.043120
1.838000 3.525000 0.043050
1.913000 3.525000 0.042970
1.988000 3.525000 0.042880
2.063000 3.525000 0.042790
2.138000 3.525000 0.042680
2.213000 3.525000 0.042570
2.288000 3.525000 0.042450
2.363000 3.525000 0.042320
2.438000 3.525000 0.042200
2.513000 3.525000 0.042060
2.588000 3.525000 0.041930
2.663000 3.525000 0.041790
2.738000 3.525000 0.041660
2.813000 3.525000 0.041530
2.888000 3.525000 0.041400
2.963000 3.525000 0.041270
3.038000 3.525000 0.041150
3.113000 3.525000 0.041040
3.188000 3.525000 0.040940
3.263000 3.525000 0.040840
3.338000 3.525000 0.040760
3.413000 3.525000 0.040680
3.488000 3.525000 0.040620
3.563000 3.525000 0.040570
3.638000 3.525000 0.040520
3.713000 3.525000 0.040490
3.788000 3.525000 0.040470
3.863000 3.525000 0.000000
-0.037500 3.675000 0.000000
0.037500 3.675000 0.033060
0.112500 3.675000 0.033070
0.187500 3.675000 0.033070
0.262500 3.675000 0.033080
0.337500 3.675000 0.033100
0.412500 3.675000 0.033110
0.487500 3.675000 0.033130
0.562500 3.675000 0.033150
0.637500 3.675000 0.033170
0.712500 3.675000 0.033190
0.787500 3.675000 0.033210
0.862500 3.675000 0.033220
0.937500 3.675000 0.033240
1.012000 3.675000 0.033250
1.087000 3.675000 0.033260
1.163000 3.675000 0.033270
1.238000 3.675000 0.033270
1.313000 3.675000 0.033260
1.388000 3.675000 0.033250
1.463000 3.675000 0.033230
1.538000 3.675000 0.033210
1.613000 3.675000 0.033180
1.688000 3.675000 0.033140
1.763000 3.675000 0.033090
1.838000 3.675000 0.033040
1.913000 3.675000 0.032980
1.988000 3.675000 0.032910
2.063000 3.675000 0.032840
2.138000 3.675000 0.032760
2.213000 3.675000 0.032670
2.288000 3.675000 0.032580
2.363000 3.675000 0.032490
2.438000 3.675000 0.032390
2.513000 3.675000 0.032290
2.588000 3.675000 0.032190
2.663000 3.675000 0.032090
2.738000 3.675000 0.031990
2.813000 3.675000 0.031890
2.888000 3.675000 0.031790
2.963000 3.675000 0.031700
3.038000 3.675000 0.031610
3.113000 3.675000 0.031520
3.188000 3.675000 0.031440
3.263000 3.675000 0.031370
3.338000 3.675000 0.031310
3.413000 3.675000 0.031250
3.488000 3.675000 0.031200
3.563000 3.675000 0.031160
3.638000 3.675000 0.031130
3.713000 3.675000 0.031100
3.788000 3.675000 0.031090
3.863000 3.675000 0.000000
-0.037500 3.825000 0.000000
0.037500 3.825000 0.025190
0.112500 3.825000 0.025200
0.187500 3.825000 0.025200
0.262500 3.825000 0.025210
0.337500 3.825000 0.025220
0.412500 3.825000 0.025230
0.487500 3.825000 0.025240
0.562500 3.825000 0.025250
0.637500 3.825000 0.025260
0.712500 3.825000 0.025280
0.787500 3.825000 0.025290
0.862500 3.825000 0.025300
0.937500 3.825000 0.025310
1.012000 3.825000 0.025320
1.087000 3.825000 0.025330
1.163000 3.825000 0.025330
1.238000 3.825000 0.025330
1.313000 3.825000 0.025320
1.388000 3.825000 0.025310
1.463000 3.825000 0.025300
1.538000 3.825000 0.025280
1.613000 3.825000 0.025250
1.688000 3.825000 0.025220
1.763000 3.825000 0.025190
1.838000 3.825000 0.025150
1.913000 3.825000 0.025100
1.988000 3.825000 0.025050
2.063000 3.825000 0.024990
2.138000 3.825000 0.024930
2.213000 3.825000 0.024870
2.288000 3.825000 0.024800
2.363000 3.825000 0.024730
2.438000 3.825000 0.024660
2.513000 3.825000 0.024580
2.588000 3.825000 0.024510
2.663000 3.825000 0.024430
2.738000 3.825000 0.024350
2.813000 3.825000 0.024280
2.888000 3.825000 0.024210
2.963000 3.825000 0.024140
3.038000 3.825000 0.024070
3.113000 3.825000 0.024010
3.188000 3.825000 0.023950
3.263000 3.825000 0.023900
3.338000 3.825000 0.023850
3.413000 3.825000 0.023810
3.488000 3.825000 0.023770
3.563000 3.825000 0.023740
3.638000 3.825000 0.023710
3.713000 3.825000 0.023700
3.788000 3.825000 0.023680
3.863000 3.825000 0.000000
-0.037500 3.975000 0.000000
0.037500 3.975000 0.019060
0.112500 3.975000 0.019060
0.187500 3.975000 0.019060
0.262500 3.975000 0.019070
0.337500 3.975000 0.019070
0.412500 3.975000 0.019080
0.487500 3.975000 0.019090
0.562500 3.975000 0.019090
0.637500 3.975000 0.019100
0.712500 3.975000 0.019110
0.787500 3.975000 0.019120
0.862500 3.975000 0.019130
0.937500 3.975000 0.019140
1.012000 3.975000 0.019140
1.087000 3.975000 0.019140
1.163000 3.975000 0.019140
1.238000 3.975000 0.019140
1.313000 3.975000 0.019140
1.388000 3.975000 0.019130
1.463000 3.975000 0.019120
1.538000 3.975000 0.019100
1.613000 3.975000 0.019080
1.688000 3.975000 0.019060
1.763000 3.975000 0.019030
1.838000 3.975000 0.019000
1.913000 3.975000 0.018960
1.988000 3.975000 0.018930
2.063000 3.975000 0.018880
2.138000 3.975000 0.018840
2.213000 3.975000 0.018790
2.288000 3.975000 0.018740
2.363000 3.975000 0.018690
2.438000 3.975000 0.018630
2.513000 3.975000 0.018580
2.588000 3.975000 0.018520
2.663000 3.975000 0.018470
2.738000 3.975000 0.018410
2.813000 3.975000 0.018360
2.888000 3.975000 0.018300
2.963000 3.975000 0.018250
3.038000 3.975000 0.018200
3.113000 3.975000 0.018150
3.188000 3.975000 0.018110
3.263000 3.975000 0.018070
3.338000 3.975000 0.018040
3.413000 3.975000 0.018010
3.488000 3.975000 0.017980
3.563000 3.975000 0.017960
3.638000 3.975000 0.017940
3.713000 3.975000 0.017920
3.788000 3.975000 0.017910
3.863000 3.975000 0.000000
-0.037500 4.125000 0.000000
0.037500 4.125000 0.014340
0.112500 4.125000 0.014340
0.187500 4.125000 0.014340
0.262500 4.125000 0.014340
0.337500 4.125000 0.014350
0.412500 4.125000 0.014350
0.487500 4.125000 0.014360
0.562500 4.125000 0.014360
0.637500 4.125000 0.014370
0.712500 4.125000 0.014370
0.787500 4.125000 0.014380
0.862500 4.125000 0.014380
0.937500 4.125000 0.014390
1.012000 4.125000 0.014390
1.087000 4.125000 0.014390
1.163000 4.125000 0.014390
1.238000 4.125000 0.014390
1.313000 4.125000 0.014380
1.388000 4.125000 0.014380
1.463000 4.125000 0.014370
1.538000 4.125000 0.014360
1.613000 4.125000 0.014340
1.688000 4.125000 0.014320
1.763000 4.125000 0.014300
1.838000 4.125000 0.014280
1.913000 4.125000 0.014250
1.988000 4.125000 0.014220
2.063000 4.125000 0.014190
2.138000 4.125000 0.014160
2.213000 4.125000 0.014120
2.288000 4.125000 0.014080
2.363000 4.125000 0.014050
2.438000 4.125000 0.014010
2.513000 4.125000 0.013970
2.588000 4.125000 0.013920
2.663000 4.125000 0.013880
2.738000 4.125000 0.013840
2.813000 4.125000 0.013800
2.888000 4.125000 0.013760
2.963000 4.125000 0.013720
3.038000 4.125000 0.013690
3.113000 4.125000 0.013650
3.188000 4.125000 0.013620
3.263000 4.125000 0.013590
3.338000 4.125000 0.013570
3.413000 4.125000 0.013540
3.488000 4.125000 0.013520
3.563000 4.125000 0.013510
3.638000 4.125000 0.013490
3.713000 4.125000 0.013480
3.788000 4.125000 0.013470
3.863000 4.125000 0.000000
-0.037500 4.275000 0.000000
0.037500 4.275000 0.010760
0.112500 4.275000 0.010760
0.187500 4.275000 0.010760
0.262500 4.275000 0.010760
0.337500 4.275000 0.010770
0.412500 4.275000 0.010770
0.487500 4.275000 0.010770
0.562500 4.275000 0.010780
0.637500 4.275000 0.010780
0.712500 4.275000 0.010780
0.787500 4.275000 0.010790
0.862500 4.275000 0.010790
0.937500 4.275000 0.010790
1.012000 4.275000 0.010790
1.087000 4.275000 0.010790
1.163000 4.275000 0.010790
1.238000 4.275000 0.010790
1.313000 4.275000 0.010790
1.388000 4.275000 0.010780
1.463000 4.275000 0.010770
1.538000 4.275000 0.010760
1.613000 4.275000 0.010750
1.688000 4.275000 0.010740
1.763000 4.275000 0.010720
1.838000 4.275000 0.010700
1.913000 4.275000 0.010680
1.988000 4.275000 0.010660
2.063000 4.275000 0.010640
2.138000 4.275000 0.010620
2.213000 4.275000 0.010590
2.288000 4.275000 0.010560
2.363000 4.275000 0.010530
2.438000 4.275000 0.010500
2.513000 4.275000 0.010470
2.588000 4.275000 0.010440
2.663000 4.275000 0.010410
2.738000 4.275000 0.010380
2.813000 4.275000 0.010350
2.888000 4.275000 0.010320
2.963000 4.275000 0.010300
3.038000 4.275000 0.010270
3.113000 4.275000 0.010240
3.188000 4.275000 0.010220
3.263000 4.275000 0.010200
3.338000 4.275000 0.010180
3.413000 4.275000 0.010160
3.488000 4.275000 0.010150
3.563000 4.275000 0.010140
3.638000 4.275000 0.010130
3.713000 4.275000 0.010120
3.788000 4.275000 0.010110
3.863000 4.275000 0.000000
-0.037500 4.425000 0.000000
0.037500 4.425000 0.008100
0.112500 4.425000 0.008101
0.187500 4.425000 0.008101
0.262500 4.425000 0.008103
0.337500 4.425000 0.008104
0.412500 4.425000 0.008106
0.487500 4.425000 0.008108
0.562500 4.425000 0.008111
0.637500 4.425000 0.008113
0.712500 4.425000 0.008115
0.787500 4.425000 0.008117
0.862500 4.425000 0.008119
0.937500 4.425000 0.008120
1.012000 4.425000 0.008120
1.087000 4.425000 0.008120
1.163000 4.425000 0.008119
1.238000 4.425000 0.008116
1.313000 4.425000 0.008113
1.388000 4.425000 0.008108
1.463000 4.425000 0.008102
1.538000 4.425000 0.008095
1.613000 4.425000 0.008086
1.688000 4.425000 0.008075
1.763000 4.425000 0.008063
1.838000 4.425000 0.008050
1.913000 4.425000 0.008035
1.988000 4.425000 0.008019
2.063000 4.425000 0.008002
2.138000 4.425000 0.007983
2.213000 4.425000 0.007964
2.288000 4.425000 0.007943
2.363000 4.425000 0.007922
2.438000 4.425000 0.007900
2.513000 4.425000 0.007878
2.588000 4.425000 0.007856
2.663000 4.425000 0.007833
2.738000 4.425000 0.007811
2.813000 4.425000 0.007790
2.888000 4.425000 0.007768
2.963000 4.425000 0.007748
3.038000 4.425000 0.007728
3.113000 4.425000 0.007710
3.188000 4.425000 0.007693
3.263000 4.425000 0.007678
3.338000 4.425000 0.007663
3.413000 4.425000 0.007651
3.488000 4.425000 0.007640
3.563000 4.425000 0.007630
3.638000 4.425000 0.007622
3.713000 4.425000 0.007616
3.788000 4.425000 0.007612
3.863000 4.425000 0.000000
-0.037500 4.575000 0.000000
0.037500 4.575000 0.006177
0.112500 4.575000 0.006177
0.187500 4.575000 0.006177
0.262500 4.575000 0.006178
0.337500 4.575000 0.006179
0.412500 4.575000 0.006180
0.487500 4.575000 0.006182
0.562500 4.575000 0.006183
0.637500 4.575000 0.006185
0.712500 4.575000 0.006186
0.787500 4.575000 0.006187
0.862500 4.575000 0.006188
0.937500 4.575000 0.006188
1.012000 4.575000 0.006188
1.087000 4.575000 0.006188
1.163000 4.575000 0.006186
1.238000 4.575000 0.006184
1.313000 4.575000 0.006181
1.388000 4.575000 0.006177
1.463000 4.575000 0.006172
1.538000 4.575000 0.006167
1.613000 4.575000 0.006160
1.688000 4.575000 0.006152
1.763000 4.575000 0.006142
1.838000 4.575000 0.006132
1.913000 4.575000 0.006121
1.988000 4.575000 0.006109
2.063000 4.575000 0.006096
2.138000 4.575000 0.006082
2.213000 4.575000 0.006067
2.288000 4.575000 0.006052
2.363000 4.575000 0.006036
2.438000 4.575000 0.006020
2.513000 4.575000 0.006003
2.588000 4.575000 0.005986
2.663000 4.575000 0.005970
2.738000 4.575000 0.005953
2.813000 4.575000 0.005937
2.888000 4.575000 0.005921
2.963000 4.575000 0.005906
3.038000 4.575000 0.005892
3.113000 4.575000 0.005878
3.188000 4.575000 0.005865
3.263000 4.575000 0.005854
3.338000 4.575000 0.005843
3.413000 4.575000 0.005834
3.488000 4.575000 0.005826
3.563000 4.575000 0.005818
3.638000 4.575000 0.005812
3.713000 4.575000 0.005807
3.788000 4.575000 0.005804
3.863000 4.575000 0.000000
-0.037500 4.725000 0.000000
0.037500 4.725000 0.004849
0.112500 4.725000 0.004850
0.187500 4.725000 0.004850
0.262500 4.725000 0.004850
0.337500 4.725000 0.004851
0.412500 4.725000 0.004852
0.487500 4.725000 0.004853
0.562500 4.725000 0.004854
0.637500 4.725000 0.004854
0.712500 4.725000 0.004855
0.787500 4.725000 0.004856
0.862500 4.725000 0.004856
0.937500 4.725000 0.004856
1.012000 4.725000 0.004856
1.087000 4.725000 0.004855
1.163000 4.725000 0.004854
1.238000 4.725000 0.004852
1.313000 4.725000 0.004849
1.388000 4.725000 0.004846
1.463000 4.725000 0.004842
1.538000 4.725000 0.004837
1.613000 4.725000 0.004832
1.688000 4.725000 0.004825
1.763000 4.725000 0.004818
1.838000 4.725000 0.004810
1.913000 4.725000 0.004801
1.988000 4.725000 0.004792
2.063000 4.725000 0.004782
2.138000 4.725000 0.004771
2.213000 4.725000 0.004759
2.288000 4.725000 0.004748
2.363000 4.725000 0.004735
2.438000 4.725000 0.004723
2.513000 4.725000 0.004710
2.588000 4.725000 0.004697
2.663000 4.725000 0.004684
2.738000 4.725000 0.004672
2.813000 4.725000 0.004659
2.888000 4.725000 0.004647
2.963000 4.725000 0.004636
3.038000 4.725000 0.004625
3.113000 4.725000 0.004614
3.188000 4.725000 0.004604
3.263000 4.725000 0.004596
3.338000 4.725000 0.004587
3.413000 4.725000 0.004580
3.488000 4.725000 0.004574
3.563000 4.725000 0.004568
3.638000 4.725000 0.004564
3.713000 4.725000 0.004560
3.788000 4.725000 0.004557
3.863000 4.725000 0.000000
-0.037500 4.875000 0.000000
0.037500 4.875000 0.004018
0.112500 4.875000 0.004018
0.187500 4.875000 0.004018
0.262500 4.875000 0.004018
0.337500 4.875000 0.004018
0.412500 4.875000 0.004019
0.487500 4.875000 0.004019
0.562500 4.875000 0.004020
0.637500 4.875000 0.004020
0.712500 4.875000 0.004021
0.787500 4.875000 0.004021
0.862500 4.875000 0.004021
0.937500 4.875000 0.004021
1.012000 4.875000 0.004020
1.087000 4.875000 0.004020
1.163000 4.875000 0.004018
1.238000 4.875000 0.004017
1.313000 4.875000 0.004014
1.388000 4.875000 0.004011
1.463000 4.875000 0.004008
1.538000 4.875000 0.004004
1.613000 4.875000 0.003999
1.688000 4.875000 0.003994
1.763000 4.875000 0.003988
1.838000 4.875000 0.003981
1.913000 4.875000 0.003974
1.988000 4.875000 0.003966
2.063000 4.875000 0.003958
2.138000 4.875000 0.003949
2.213000 4.875000 0.003939
2.288000 4.875000 0.003930
2.363000 4.875000 0.003920
2.438000 4.875000 0.003910
2.513000 4.875000 0.003899
2.588000 4.875000 0.003889
2.663000 4.875000 0.003878
2.738000 4.875000 0.003868
2.813000 4.875000 0.003858
2.888000 4.875000 0.003848
2.963000 4.875000 0.003839
3.038000 4.875000 0.003830
3.113000 4.875000 0.003821
3.188000 4.875000 0.003814
3.263000 4.875000 0.003806
3.338000 4.875000 0.003800
3.413000 4.875000 0.003794
3.488000 4.875000 0.003789
3.563000 4.875000 0.003784
3.638000 4.875000 0.003780
3.713000 4.875000 0.003777
3.788000 4.875000 0.003775
3.863000 4.875000 0.000000
-0.037500 5.025000 0.000000
0.037500 5.025000 0.003617
0.112500 5.025000 0.003617
0.187500 5.025000 0.003617
0.262500 5.025000 0.003617
0.337500 5.025000 0.003617
0.412500 5.025000 0.003618
0.487500 5.025000 0.003618
0.562500 5.025000 0.003618
0.637500 5.025000 0.003619
0.712500 5.025000 0.003619
0.787500 5.025000 0.003619
0.862500 5.025000 0.003619
0.937500 5.025000 0.003619
1.012000 5.025000 0.003618
1.087000 5.025000 0.003617
1.163000 5.025000 0.003616
1.238000 5.025000 0.003615
1.313000 5.025000 0.003612
1.388000 5.025000 0.003610
1.463000 5.025000 0.003606
1.538000 5.025000 0.003603
1.613000 5.025000 0.003598
1.688000 5.025000 0.003594
1.763000 5.025000 0.003588
1.838000 5.025000 0.003582
1.913000 5.025000 0.003576
1.988000 5.025000 0.003569
2.063000 5.025000 0.003561
2.138000 5.025000 0.003553
2.213000 5.025000 0.003545
2.288000 5.025000 0.003536
2.363000 5.025000 0.003527
2.438000 5.025000 0.003518
2.513000 5.025000 0.003509
2.588000 5.025000 0.003500
2.663000 5.025000 0.003491
2.738000 5.025000 0.003481
2.813000 5.025000 0.003472
2.888000 5.025000 0.003464
2.963000 5.025000 0.003455
3.038000 5.025000 0.003447
3.113000 5.025000 0.003440
3.188000 5.025000 0.003433
3.263000 5.025000 0.003426
3.338000 5.025000 0.003421
3.413000 5.025000 0.003415
3.488000 5.025000 0.003411
3.563000 5.025000 0.003407
3.638000 5.025000 0.003403
3.713000 5.025000 0.003400
3.788000 5.025000 0.003398
3.863000 5.025000 0.000000
-0.037500 5.175000 0.000000
0.037500 5.175000 0.000000
0.112500 5.175000 0.000000
0.187500 5.175000 0.000000
0.262500 5.175000 0.000000
0.337500 5.175000 0.000000
0.412500 5.175000 0.000000
0.487500 5.175000 0.000000
0.562500 5.175000 0.000000
0.637500 5.175000 0.000000
0.712500 5.175000 0.000000
0.787500 5.175000 0.000000
0.862500 5.175000 0.000000
0.937500 5.175000 0.000000
1.012000 5.175000 0.000000
1.087000 5.175000 0.000000
1.163000 5.175000 0.000000
1.238000 5.175000 0.000000
1.313000 5.175000 0.000000
1.388000 5.175000 0.000000
1.463000 5.175000 0.000000
1.538000 5.175000 0.000000
1.613000 5.175000 0.000000
1.688000 5.175000 0.000000
1.763000 5.175000 0.000000
1.838000 5.175000 0.000000
1.913000 5.175000 0.000000
1.988000 5.175000 0.000000
2.063000 5.175000 0.000000
2.138000 5.175000 0.000000
2.213000 5.175000 0.000000
2.288000 5.175000 0.000000
2.363000 5.175000 0.000000
2.438000 5.175000 0.000000
2.513000 5.175000 0.000000
2.588000 5.175000 0.000000
2.663000 5.175000 0.000000
2.738000 5.175000 0.000000
2.813000 5.175000 0.000000
2.888000 5.175000 0.000000
2.963000 5.175000 0.000000
3.038000 5.175000 0.000000
3.113000 5.175000 0.000000
3.188000 5.175000 0.000000
3.263000 5.175000 0.000000
3.338000 5.175000 0.000000
3.413000 5.175000 0.000000
3.488000 5.175000 0.000000
3.563000 5.175000 0.000000
3.638000 5.175000 0.000000
3.713000 5.175000 0.000000
3.788000 5.175000 0.000000
3.863000 5.175000 0.000000
