-0.037500 -0.075000 0.000000
0.037500 -0.075000 0.000000
0.112500 -0.075000 0.000000
0.187500 -0.075000 0.000000
0.262500 -0.075000 0.000000
0.337500 -0.075000 0.000000
0.412500 -0.075000 0.000000
0.487500 -0.075000 0.000000
0.562500 -0.075000 0.000000
0.637500 -0.075000 0.000000
0.712500 -0.075000 0.000000
0.787500 -0.075000 0.000000
0.862500 -0.075000 0.000000
0.937500 -0.075000 0.000000
1.012000 -0.075000 0.000000
1.087000 -0.075000 0.000000
1.163000 -0.075000 0.000000
1.238000 -0.075000 0.000000
1.313000 -0.075000 0.000000
1.388000 -0.075000 0.000000
1.463000 -0.075000 0.000000
1.538000 -0.075000 0.000000
1.613000 -0.075000 0.000000
1.688000 -0.075000 0.000000
1.763000 -0.075000 0.000000
1.838000 -0.075000 0.000000
1.913000 -0.075000 0.000000
1.988000 -0.075000 0.000000
2.063000 -0.075000 0.000000
2.138000 -0.075000 0.000000
2.213000 -0.075000 0.000000
2.288000 -0.075000 0.000000
2.363000 -0.075000 0.000000
2.438000 -0.075000 0.000000
2.513000 -0.075000 0.000000
2.588000 -0.075000 0.000000
2.663000 -0.075000 0.000000
2.738000 -0.075000 0.000000
2.813000 -0.075000 0.000000
2.888000 -0.075000 0.000000
2.963000 -0.075000 0.000000
3.038000 -0.075000 0.000000
3.113000 -0.075000 0.000000
3.188000 -0.075000 0.000000
3.263000 -0.075000 0.000000
3.338000 -0.075000 0.000000
3.413000 -0.075000 0.000000
3.488000 -0.075000 0.000000
3.563000 -0.075000 0.000000
3.638000 -0.075000 0.000000
3.713000 -0.075000 0.000000
3.788000 -0.075000 0.000000
3.863000 -0.075000 0.000000
-0.037500 0.075000 0.000000
0.037500 0.075000 0.000010
0.112500 0.075000 0.000010
0.187500 0.075000 0.000020
0.262500 0.075000 0.000020
0.337500 0.075000 0.000030
0.412500 0.075000 0.000030
0.487500 0.075000 0.000040
0.562500 0.075000 0.000040
0.637500 0.075000 0.000050
0.712500 0.075000 0.000050
0.787500 0.075000 0.000060
0.862500 0.075000 0.000060
0.937500 0.075000 0.000070
1.012000 0.075000 0.000070
1.087000 0.075000 0.000080
1.163000 0.075000 0.000080
1.238000 0.075000 0.000090
1.313000 0.075000 0.000090
1.388000 0.075000 0.000090
1.463000 0.075000 0.000100
1.538000 0.075000 0.000100
1.613000 0.075000 0.000100
1.688000 0.075000 0.000110
1.763000 0.075000 0.000110
1.838000 0.075000 0.000110
1.913000 0.075000 0.000110
1.988000 0.075000 0.000110
2.063000 0.075000 0.000110
2.138000 0.075000 0.000110
2.213000 0.075000 0.000110
2.288000 0.075000 0.000100
2.363000 0.075000 0.000100
2.438000 0.075000 0.000100
2.513000 0.075000 0.000100
2.588000 0.075000 0.000090
2.663000 0.075000 0.000090
2.738000 0.075000 0.000090
2.813000 0.075000 0.000080
2.888000 0.075000 0.000080
2.963000 0.075000 0.000080
3.038000 0.075000 0.000070
3.113000 0.075000 0.000070
3.188000 0.075000 0.000070
3.263000 0.075000 0.000070
3.338000 0.075000 0.000060
3.413000 0.075000 0.000060
3.488000 0.075000 0.000060
3.563000 0.075000 0.000060
3.638000 0.075000 0.000050
3.713000 0.075000 0.000050
3.788000 0.075000 0.000050
3.863000 0.075000 0.000000
-0.037500 0.225000 0.000000
0.037500 0.225000 0.000010
0.112500 0.225000 0.000010
0.187500 0.225000 0.000020
0.262500 0.225000 0.000020
0.337500 0.225000 0.000030
0.412500 0.225000 0.000030
0.487500 0.225000 0.000040
0.562500 0.225000 0.000040
0.637500 0.225000 0.000050
0.712500 0.225000 0.000050
0.787500 0.225000 0.000060
0.862500 0.225000 0.000060
0.937500 0.225000 0.000070
1.012000 0.225000 0.000070
1.087000 0.225000 0.000080
1.163000 0.225000 0.000080
1.238000 0.225000 0.000090
1.313000 0.225000 0.000090
1.388000 0.225000 0.000090
1.463000 0.225000 0.000100
1.538000 0.225000 0.000100
1.613000 0.225000 0.000100
1.688000 0.225000 0.000110
1.763000 0.225000 0.000110
1.838000 0.225000 0.000110
1.913000 0.225000 0.000110
1.988000 0.225000 0.000110
2.063000 0.225000 0.000110
2.138000 0.225000 0.000110
2.213000 0.225000 0.000110
2.288000 0.225000 0.000100
2.363000 0.225000 0.000100
2.438000 0.225000 0.000100
2.513000 0.225000 0.000100
2.588000 0.225000 0.000090
2.663000 0.225000 0.000090
2.738000 0.225000 0.000090
2.813000 0.225000 0.000080
2.888000 0.225000 0.000080
2.963000 0.225000 0.000080
3.038000 0.225000 0.000070
3.113000 0.225000 0.000070
3.188000 0.225000 0.000070
3.263000 0.225000 0.000070
3.338000 0.225000 0.000060
3.413000 0.225000 0.000060
3.488000 0.225000 0.000060
3.563000 0.225000 0.000060
3.638000 0.225000 0.000050
3.713000 0.225000 0.000050
3.788000 0.225000 0.000050
3.863000 0.225000 0.000000
-0.037500 0.375000 0.000000
0.037500 0.375000 0.046130
0.112500 0.375000 0.046100
0.187500 0.375000 0.046080
0.262500 0.375000 0.046070
0.337500 0.375000 0.046060
0.412500 0.375000 0.046060
0.487500 0.375000 0.046060
0.562500 0.375000 0.046050
0.637500 0.375000 0.046050
0.712500 0.375000 0.046040
0.787500 0.375000 0.046030
0.862500 0.375000 0.046020
0.937500 0.375000 0.046000
1.012000 0.375000 0.045990
1.087000 0.375000 0.045970
1.163000 0.375000 0.045940
1.238000 0.375000 0.045920
1.313000 0.375000 0.045890
1.388000 0.375000 0.045860
1.463000 0.375000 0.045820
1.538000 0.375000 0.045780
1.613000 0.375000 0.045740
1.688000 0.375000 0.045690
1.763000 0.375000 0.045640
1.838000 0.375000 0.045580
1.913000 0.375000 0.045520
1.988000 0.375000 0.045460
2.063000 0.375000 0.045400
2.138000 0.375000 0.045340
2.213000 0.375000 0.045270
2.288000 0.375000 0.045200
2.363000 0.375000 0.045130
2.438000 0.375000 0.045060
2.513000 0.375000 0.044980
2.588000 0.375000 0.044910
2.663000 0.375000 0.044840
2.738000 0.375000 0.044770
2.813000 0.375000 0.044710
2.888000 0.375000 0.044640
2.963000 0.375000 0.044580
3.038000 0.375000 0.044520
3.113000 0.375000 0.044460
3.188000 0.375000 0.044410
3.263000 0.375000 0.044360
3.338000 0.375000 0.044320
3.413000 0.375000 0.044280
3.488000 0.375000 0.044250
3.563000 0.375000 0.044230
3.638000 0.375000 0.044210
3.713000 0.375000 0.044210
3.788000 0.375000 0.044210
3.863000 0.375000 0.000000
-0.037500 0.525000 0.000000
0.037500 0.525000 0.090130
0.112500 0.525000 0.090120
0.187500 0.525000 0.090120
0.262500 0.525000 0.090120
0.337500 0.525000 0.090120
0.412500 0.525000 0.090110
0.487500 0.525000 0.090110
0.562500 0.525000 0.090090
0.637500 0.525000 0.090080
0.712500 0.525000 0.090060
0.787500 0.525000 0.090030
0.862500 0.525000 0.090000
0.937500 0.525000 0.089970
1.012000 0.525000 0.089930
1.087000 0.525000 0.089880
1.163000 0.525000 0.089830
1.238000 0.525000 0.089780
1.313000 0.525000 0.089710
1.388000 0.525000 0.089640
1.463000 0.525000 0.089570
1.538000 0.525000 0.089480
1.613000 0.525000 0.089400
1.688000 0.525000 0.089300
1.763000 0.525000 0.089200
1.838000 0.525000 0.089090
1.913000 0.525000 0.088980
1.988000 0.525000 0.088860
2.063000 0.525000 0.088740
2.138000 0.525000 0.088620
2.213000 0.525000 0.088490
2.288000 0.525000 0.088360
2.363000 0.525000 0.088220
2.438000 0.525000 0.088090
2.513000 0.525000 0.087960
2.588000 0.525000 0.087820
2.663000 0.525000 0.087690
2.738000 0.525000 0.087560
2.813000 0.525000 0.087440
2.888000 0.525000 0.087320
2.963000 0.525000 0.087200
3.038000 0.525000 0.087090
3.113000 0.525000 0.086990
3.188000 0.525000 0.086890
3.263000 0.525000 0.086800
3.338000 0.525000 0.086730
3.413000 0.525000 0.086660
3.488000 0.525000 0.086600
3.563000 0.525000 0.086550
3.638000 0.525000 0.086520
3.713000 0.525000 0.086510
3.788000 0.525000 0.086540
3.863000 0.525000 0.000000
-0.037500 0.675000 0.000000
0.037500 0.675000 0.117000
0.112500 0.675000 0.117000
0.187500 0.675000 0.117000
0.262500 0.675000 0.117000
0.337500 0.675000 0.117000
0.412500 0.675000 0.117000
0.487500 0.675000 0.117000
0.562500 0.675000 0.116900
0.637500 0.675000 0.116900
0.712500 0.675000 0.116900
0.787500 0.675000 0.116900
0.862500 0.675000 0.116800
0.937500 0.675000 0.116800
1.012000 0.675000 0.116700
1.087000 0.675000 0.116600
1.163000 0.675000 0.116600
1.238000 0.675000 0.116500
1.313000 0.675000 0.116400
1.388000 0.675000 0.116300
1.463000 0.675000 0.116200
1.538000 0.675000 0.116100
1.613000 0.675000 0.116000
1.688000 0.675000 0.115900
1.763000 0.675000 0.115700
1.838000 0.675000 0.115600
1.913000 0.675000 0.115400
1.988000 0.675000 0.115300
2.063000 0.675000 0.115100
2.138000 0.675000 0.115000
2.213000 0.675000 0.114800
2.288000 0.675000 0.114600
2.363000 0.675000 0.114500
2.438000 0.675000 0.114300
2.513000 0.675000 0.114100
2.588000 0.675000 0.114000
2.663000 0.675000 0.113800
2.738000 0.675000 0.113600
2.813000 0.675000 0.113500
2.888000 0.675000 0.113300
2.963000 0.675000 0.113200
3.038000 0.675000 0.113100
3.113000 0.675000 0.112900
3.188000 0.675000 0.112800
3.263000 0.675000 0.112700
3.338000 0.675000 0.112600
3.413000 0.675000 0.112500
3.488000 0.675000 0.112400
3.563000 0.675000 0.112400
3.638000 0.675000 0.112300
3.713000 0.675000 0.112300
3.788000 0.675000 0.112300
3.863000 0.675000 0.000000
-0.037500 0.825000 0.000000
0.037500 0.825000 0.128800
0.112500 0.825000 0.128800
0.187500 0.825000 0.128800
0.262500 0.825000 0.128800
0.337500 0.825000 0.128800
0.412500 0.825000 0.128800
0.487500 0.825000 0.128800
0.562500 0.825000 0.128800
0.637500 0.825000 0.128800
0.712500 0.825000 0.128700
0.787500 0.825000 0.128700
0.862500 0.825000 0.128600
0.937500 0.825000 0.128600
1.012000 0.825000 0.128500
1.087000 0.825000 0.128400
1.163000 0.825000 0.128400
1.238000 0.825000 0.128300
1.313000 0.825000 0.128200
1.388000 0.825000 0.128100
1.463000 0.825000 0.128000
1.538000 0.825000 0.127800
1.613000 0.825000 0.127700
1.688000 0.825000 0.127600
1.763000 0.825000 0.127400
1.838000 0.825000 0.127300
1.913000 0.825000 0.127100
1.988000 0.825000 0.127000
2.063000 0.825000 0.126800
2.138000 0.825000 0.126600
2.213000 0.825000 0.126400
2.288000 0.825000 0.126200
2.363000 0.825000 0.126100
2.438000 0.825000 0.125900
2.513000 0.825000 0.125700
2.588000 0.825000 0.125500
2.663000 0.825000 0.125300
2.738000 0.825000 0.125100
2.813000 0.825000 0.125000
2.888000 0.825000 0.124800
2.963000 0.825000 0.124600
3.038000 0.825000 0.124500
3.113000 0.825000 0.124400
3.188000 0.825000 0.124200
3.263000 0.825000 0.124100
3.338000 0.825000 0.124000
3.413000 0.825000 0.123900
3.488000 0.825000 0.123800
3.563000 0.825000 0.123700
3.638000 0.825000 0.123700
3.713000 0.825000 0.123600
3.788000 0.825000 0.123700
3.863000 0.825000 0.000000
-0.037500 0.975000 0.000000
0.037500 0.975000 0.139200
0.112500 0.975000 0.139200
0.187500 0.975000 0.139200
0.262500 0.975000 0.139200
0.337500 0.975000 0.139200
0.412500 0.975000 0.139100
0.487500 0.975000 0.139100
0.562500 0.975000 0.139100
0.637500 0.975000 0.139000
0.712500 0.975000 0.139000
0.787500 0.975000 0.139000
0.862500 0.975000 0.138900
0.937500 0.975000 0.138800
1.012000 0.975000 0.138800
1.087000 0.975000 0.138700
1.163000 0.975000 0.138600
1.238000 0.975000 0.138500
1.313000 0.975000 0.138400
1.388000 0.975000 0.138300
1.463000 0.975000 0.138200
1.538000 0.975000 0.138000
1.613000 0.975000 0.137900
1.688000 0.975000 0.137800
1.763000 0.975000 0.137600
1.838000 0.975000 0.137400
1.913000 0.975000 0.137300
1.988000 0.975000 0.137100
2.063000 0.975000 0.136900
2.138000 0.975000 0.136700
2.213000 0.975000 0.136500
2.288000 0.975000 0.136300
2.363000 0.975000 0.136100
2.438000 0.975000 0.135900
2.513000 0.975000 0.135700
2.588000 0.975000 0.135500
2.663000 0.975000 0.135300
2.738000 0.975000 0.135100
2.813000 0.975000 0.134900
2.888000 0.975000 0.134700
2.963000 0.975000 0.134600
3.038000 0.975000 0.134400
3.113000 0.975000 0.134200
3.188000 0.975000 0.134100
3.263000 0.975000 0.134000
3.338000 0.975000 0.133800
3.413000 0.975000 0.133700
3.488000 0.975000 0.133600
3.563000 0.975000 0.133500
3.638000 0.975000 0.133500
3.713000 0.975000 0.133400
3.788000 0.975000 0.133400
3.863000 0.975000 0.000000
-0.037500 1.125000 0.000000
0.037500 1.125000 0.147700
0.112500 1.125000 0.147700
0.187500 1.125000 0.147600
0.262500 1.125000 0.147600
0.337500 1.125000 0.147600
0.412500 1.125000 0.147600
0.487500 1.125000 0.147500
0.562500 1.125000 0.147500
0.637500 1.125000 0.147500
0.712500 1.125000 0.147400
0.787500 1.125000 0.147400
0.862500 1.125000 0.147300
0.937500 1.125000 0.147200
1.012000 1.125000 0.147200
1.087000 1.125000 0.147100
1.163000 1.125000 0.147000
1.238000 1.125000 0.146900
1.313000 1.125000 0.146800
1.388000 1.125000 0.146700
1.463000 1.125000 0.146500
1.538000 1.125000 0.146400
1.613000 1.125000 0.146200
1.688000 1.125000 0.146100
1.763000 1.125000 0.145900
1.838000 1.125000 0.145700
1.913000 1.125000 0.145500
1.988000 1.125000 0.145300
2.063000 1.125000 0.145100
2.138000 1.125000 0.144900
2.213000 1.125000 0.144700
2.288000 1.125000 0.144500
2.363000 1.125000 0.144300
2.438000 1.125000 0.144100
2.513000 1.125000 0.143900
2.588000 1.125000 0.143600
2.663000 1.125000 0.143400
2.738000 1.125000 0.143200
2.813000 1.125000 0.143000
2.888000 1.125000 0.142800
2.963000 1.125000 0.142600
3.038000 1.125000 0.142500
3.113000 1.125000 0.142300
3.188000 1.125000 0.142100
3.263000 1.125000 0.142000
3.338000 1.125000 0.141900
3.413000 1.125000 0.141700
3.488000 1.125000 0.141600
3.563000 1.125000 0.141600
3.638000 1.125000 0.141500
3.713000 1.125000 0.141400
3.788000 1.125000 0.141500
3.863000 1.125000 0.000000
-0.037500 1.275000 0.000000
0.037500 1.275000 0.161200
0.112500 1.275000 0.161100
0.187500 1.275000 0.161100
0.262500 1.275000 0.161100
0.337500 1.275000 0.161000
0.412500 1.275000 0.161000
0.487500 1.275000 0.161000
0.562500 1.275000 0.161000
0.637500 1.275000 0.160900
0.712500 1.275000 0.160900
0.787500 1.275000 0.160800
0.862500 1.275000 0.160800
0.937500 1.275000 0.160700
1.012000 1.275000 0.160600
1.087000 1.275000 0.160500
1.163000 1.275000 0.160400
1.238000 1.275000 0.160300
1.313000 1.275000 0.160200
1.388000 1.275000 0.160100
1.463000 1.275000 0.159900
1.538000 1.275000 0.159800
1.613000 1.275000 0.159600
1.688000 1.275000 0.159400
1.763000 1.275000 0.159300
1.838000 1.275000 0.159100
1.913000 1.275000 0.158800
1.988000 1.275000 0.158600
2.063000 1.275000 0.158400
2.138000 1.275000 0.158200
2.213000 1.275000 0.157900
2.288000 1.275000 0.157700
2.363000 1.275000 0.157400
2.438000 1.275000 0.157200
2.513000 1.275000 0.156900
2.588000 1.275000 0.156700
2.663000 1.275000 0.156400
2.738000 1.275000 0.156200
2.813000 1.275000 0.156000
2.888000 1.275000 0.155700
2.963000 1.275000 0.155500
3.038000 1.275000 0.155300
3.113000 1.275000 0.155100
3.188000 1.275000 0.154900
3.263000 1.275000 0.154800
3.338000 1.275000 0.154600
3.413000 1.275000 0.154500
3.488000 1.275000 0.154400
3.563000 1.275000 0.154300
3.638000 1.275000 0.154200
3.713000 1.275000 0.154200
3.788000 1.275000 0.154300
3.863000 1.275000 0.000000
-0.037500 1.425000 0.000000
0.037500 1.425000 0.175400
0.112500 1.425000 0.175400
0.187500 1.425000 0.175400
0.262500 1.425000 0.175400
0.337500 1.425000 0.175300
0.412500 1.425000 0.175300
0.487500 1.425000 0.175300
0.562500 1.425000 0.175300
0.637500 1.425000 0.175200
0.712500 1.425000 0.175200
0.787500 1.425000 0.175100
0.862500 1.425000 0.175100
0.937500 1.425000 0.175000
1.012000 1.425000 0.174900
1.087000 1.425000 0.174800
1.163000 1.425000 0.174700
1.238000 1.425000 0.174600
1.313000 1.425000 0.174500
1.388000 1.425000 0.174400
1.463000 1.425000 0.174200
1.538000 1.425000 0.174000
1.613000 1.425000 0.173900
1.688000 1.425000 0.173700
1.763000 1.425000 0.173400
1.838000 1.425000 0.173200
1.913000 1.425000 0.173000
1.988000 1.425000 0.172700
2.063000 1.425000 0.172500
2.138000 1.425000 0.172200
2.213000 1.425000 0.172000
2.288000 1.425000 0.171700
2.363000 1.425000 0.171400
2.438000 1.425000 0.171100
2.513000 1.425000 0.170800
2.588000 1.425000 0.170600
2.663000 1.425000 0.170300
2.738000 1.425000 0.170000
2.813000 1.425000 0.169700
2.888000 1.425000 0.169500
2.963000 1.425000 0.169200
3.038000 1.425000 0.169000
3.113000 1.425000 0.168800
3.188000 1.425000 0.168600
3.263000 1.425000 0.168400
3.338000 1.425000 0.168300
3.413000 1.425000 0.168100
3.488000 1.425000 0.168000
3.563000 1.425000 0.168000
3.638000 1.425000 0.167900
3.713000 1.425000 0.167900
3.788000 1.425000 0.168000
3.863000 1.425000 0.000000
-0.037500 1.575000 0.000000
0.037500 1.575000 0.184100
0.112500 1.575000 0.184100
0.187500 1.575000 0.184100
0.262500 1.575000 0.184100
0.337500 1.575000 0.184100
0.412500 1.575000 0.184000
0.487500 1.575000 0.184000
0.562500 1.575000 0.184000
0.637500 1.575000 0.184000
0.712500 1.575000 0.183900
0.787500 1.575000 0.183900
0.862500 1.575000 0.183800
0.937500 1.575000 0.183700
1.012000 1.575000 0.183700
1.087000 1.575000 0.183600
1.163000 1.575000 0.183500
1.238000 1.575000 0.183300
1.313000 1.575000 0.183200
1.388000 1.575000 0.183100
1.463000 1.575000 0.182900
1.538000 1.575000 0.182700
1.613000 1.575000 0.182500
1.688000 1.575000 0.182300
1.763000 1.575000 0.182100
1.838000 1.575000 0.181900
1.913000 1.575000 0.181600
1.988000 1.575000 0.181400
2.063000 1.575000 0.181100
2.138000 1.575000 0.180800
2.213000 1.575000 0.180500
2.288000 1.575000 0.180200
2.363000 1.575000 0.179900
2.438000 1.575000 0.179600
2.513000 1.575000 0.179300
2.588000 1.575000 0.179000
2.663000 1.575000 0.178800
2.738000 1.575000 0.178500
2.813000 1.575000 0.178200
2.888000 1.575000 0.177900
2.963000 1.575000 0.177700
3.038000 1.575000 0.177400
3.113000 1.575000 0.177200
3.188000 1.575000 0.177000
3.263000 1.575000 0.176800
3.338000 1.575000 0.176700
3.413000 1.575000 0.176500
3.488000 1.575000 0.176400
3.563000 1.575000 0.176300
3.638000 1.575000 0.176300
3.713000 1.575000 0.176300
3.788000 1.575000 0.176400
3.863000 1.575000 0.000000
-0.037500 1.725000 0.000000
0.037500 1.725000 0.187800
0.112500 1.725000 0.187800
0.187500 1.725000 0.187800
0.262500 1.725000 0.187800
0.337500 1.725000 0.187800
0.412500 1.725000 0.187800
0.487500 1.725000 0.187700
0.562500 1.725000 0.187700
0.637500 1.725000 0.187700
0.712500 1.725000 0.187600
0.787500 1.725000 0.187600
0.862500 1.725000 0.187500
0.937500 1.725000 0.187500
1.012000 1.725000 0.187400
1.087000 1.725000 0.187300
1.163000 1.725000 0.187200
1.238000 1.725000 0.187000
1.313000 1.725000 0.186900
1.388000 1.725000 0.186800
1.463000 1.725000 0.186600
1.538000 1.725000 0.186400
1.613000 1.725000 0.186200
1.688000 1.725000 0.186000
1.763000 1.725000 0.185800
1.838000 1.725000 0.185500
1.913000 1.725000 0.185300
1.988000 1.725000 0.185000
2.063000 1.725000 0.184800
2.138000 1.725000 0.184500
2.213000 1.725000 0.184200
2.288000 1.725000 0.183900
2.363000 1.725000 0.183600
2.438000 1.725000 0.183300
2.513000 1.725000 0.183000
2.588000 1.725000 0.182700
2.663000 1.725000 0.182400
2.738000 1.725000 0.182100
2.813000 1.725000 0.181800
2.888000 1.725000 0.181500
2.963000 1.725000 0.181300
3.038000 1.725000 0.181000
3.113000 1.725000 0.180800
3.188000 1.725000 0.180600
3.263000 1.725000 0.180400
3.338000 1.725000 0.180300
3.413000 1.725000 0.180200
3.488000 1.725000 0.180000
3.563000 1.725000 0.180000
3.638000 1.725000 0.179900
3.713000 1.725000 0.179900
3.788000 1.725000 0.180100
3.863000 1.725000 0.000000
-0.037500 1.875000 0.000000
0.037500 1.875000 0.187000
0.112500 1.875000 0.187000
0.187500 1.875000 0.187000
0.262500 1.875000 0.187000
0.337500 1.875000 0.187000
0.412500 1.875000 0.187000
0.487500 1.875000 0.187000
0.562500 1.875000 0.186900
0.637500 1.875000 0.186900
0.712500 1.875000 0.186800
0.787500 1.875000 0.186800
0.862500 1.875000 0.186700
0.937500 1.875000 0.186700
1.012000 1.875000 0.186600
1.087000 1.875000 0.186500
1.163000 1.875000 0.186400
1.238000 1.875000 0.186200
1.313000 1.875000 0.186100
1.388000 1.875000 0.185900
1.463000 1.875000 0.185800
1.538000 1.875000 0.185600
1.613000 1.875000 0.185400
1.688000 1.875000 0.185200
1.763000 1.875000 0.185000
1.838000 1.875000 0.184700
1.913000 1.875000 0.184500
1.988000 1.875000 0.184200
2.063000 1.875000 0.184000
2.138000 1.875000 0.183700
2.213000 1.875000 0.183400
2.288000 1.875000 0.183100
2.363000 1.875000 0.182800
2.438000 1.875000 0.182500
2.513000 1.875000 0.182300
2.588000 1.875000 0.182000
2.663000 1.875000 0.181700
2.738000 1.875000 0.181400
2.813000 1.875000 0.181100
2.888000 1.875000 0.180900
2.963000 1.875000 0.180600
3.038000 1.875000 0.180400
3.113000 1.875000 0.180200
3.188000 1.875000 0.180000
3.263000 1.875000 0.179800
3.338000 1.875000 0.179700
3.413000 1.875000 0.179500
3.488000 1.875000 0.179400
3.563000 1.875000 0.179400
3.638000 1.875000 0.179300
3.713000 1.875000 0.179300
3.788000 1.875000 0.179400
3.863000 1.875000 0.000000
-0.037500 2.025000 0.000000
0.037500 2.025000 0.182500
0.112500 2.025000 0.182500
0.187500 2.025000 0.182500
0.262500 2.025000 0.182500
0.337500 2.025000 0.182400
0.412500 2.025000 0.182400
0.487500 2.025000 0.182400
0.562500 2.025000 0.182400
0.637500 2.025000 0.182300
0.712500 2.025000 0.182300
0.787500 2.025000 0.182200
0.862500 2.025000 0.182100
0.937500 2.025000 0.182100
1.012000 2.025000 0.182000
1.087000 2.025000 0.181900
1.163000 2.025000 0.181800
1.238000 2.025000 0.181600
1.313000 2.025000 0.181500
1.388000 2.025000 0.181400
1.463000 2.025000 0.181200
1.538000 2.025000 0.181000
1.613000 2.025000 0.180800
1.688000 2.025000 0.180600
1.763000 2.025000 0.180400
1.838000 2.025000 0.180200
1.913000 2.025000 0.180000
1.988000 2.025000 0.179700
2.063000 2.025000 0.179500
2.138000 2.025000 0.179200
2.213000 2.025000 0.178900
2.288000 2.025000 0.178700
2.363000 2.025000 0.178400
2.438000 2.025000 0.178100
2.513000 2.025000 0.177900
2.588000 2.025000 0.177600
2.663000 2.025000 0.177300
2.738000 2.025000 0.177100
2.813000 2.025000 0.176800
2.888000 2.025000 0.176600
2.963000 2.025000 0.176400
3.038000 2.025000 0.176100
3.113000 2.025000 0.176000
3.188000 2.025000 0.175800
3.263000 2.025000 0.175600
3.338000 2.025000 0.175500
3.413000 2.025000 0.175400
3.488000 2.025000 0.175300
3.563000 2.025000 0.175200
3.638000 2.025000 0.175200
3.713000 2.025000 0.175200
3.788000 2.025000 0.175200
3.863000 2.025000 0.000000
-0.037500 2.175000 0.000000
0.037500 2.175000 0.174900
0.112500 2.175000 0.174900
0.187500 2.175000 0.174900
0.262500 2.175000 0.174900
0.337500 2.175000 0.174900
0.412500 2.175000 0.174900
0.487500 2.175000 0.174800
0.562500 2.175000 0.174800
0.637500 2.175000 0.174700
0.712500 2.175000 0.174700
0.787500 2.175000 0.174600
0.862500 2.175000 0.174500
0.937500 2.175000 0.174500
1.012000 2.175000 0.174400
1.087000 2.175000 0.174300
1.163000 2.175000 0.174200
1.238000 2.175000 0.174000
1.313000 2.175000 0.173900
1.388000 2.175000 0.173800
1.463000 2.175000 0.173600
1.538000 2.175000 0.173400
1.613000 2.175000 0.173300
1.688000 2.175000 0.173100
1.763000 2.175000 0.172900
1.838000 2.175000 0.172700
1.913000 2.175000 0.172500
1.988000 2.175000 0.172200
2.063000 2.175000 0.172000
2.138000 2.175000 0.171800
2.213000 2.175000 0.171500
2.288000 2.175000 0.171300
2.363000 2.175000 0.171000
2.438000 2.175000 0.170800
2.513000 2.175000 0.170600
2.588000 2.175000 0.170300
2.663000 2.175000 0.170100
2.738000 2.175000 0.169900
2.813000 2.175000 0.169700
2.888000 2.175000 0.169400
2.963000 2.175000 0.169200
3.038000 2.175000 0.169100
3.113000 2.175000 0.168900
3.188000 2.175000 0.168700
3.263000 2.175000 0.168600
3.338000 2.175000 0.168500
3.413000 2.175000 0.168400
3.488000 2.175000 0.168300
3.563000 2.175000 0.168200
3.638000 2.175000 0.168200
3.713000 2.175000 0.168100
3.788000 2.175000 0.168200
3.863000 2.175000 0.000000
-0.037500 2.325000 0.000000
0.037500 2.325000 0.168500
0.112500 2.325000 0.168500
0.187500 2.325000 0.168500
0.262500 2.325000 0.168400
0.337500 2.325000 0.168400
0.412500 2.325000 0.168400
0.487500 2.325000 0.168400
0.562500 2.325000 0.168300
0.637500 2.325000 0.168300
0.712500 2.325000 0.168200
0.787500 2.325000 0.168100
0.862500 2.325000 0.168100
0.937500 2.325000 0.168000
1.012000 2.325000 0.167900
1.087000 2.325000 0.167800
1.163000 2.325000 0.167700
1.238000 2.325000 0.167500
1.313000 2.325000 0.167400
1.388000 2.325000 0.167300
1.463000 2.325000 0.167100
1.538000 2.325000 0.166900
1.613000 2.325000 0.166800
1.688000 2.325000 0.166600
1.763000 2.325000 0.166400
1.838000 2.325000 0.166200
1.913000 2.325000 0.166000
1.988000 2.325000 0.165800
2.063000 2.325000 0.165600
2.138000 2.325000 0.165400
2.213000 2.325000 0.165200
2.288000 2.325000 0.165000
2.363000 2.325000 0.164800
2.438000 2.325000 0.164500
2.513000 2.325000 0.164300
2.588000 2.325000 0.164100
2.663000 2.325000 0.163900
2.738000 2.325000 0.163700
2.813000 2.325000 0.163500
2.888000 2.325000 0.163300
2.963000 2.325000 0.163200
3.038000 2.325000 0.163000
3.113000 2.325000 0.162800
3.188000 2.325000 0.162700
3.263000 2.325000 0.162600
3.338000 2.325000 0.162500
3.413000 2.325000 0.162400
3.488000 2.325000 0.162300
3.563000 2.325000 0.162200
3.638000 2.325000 0.162200
3.713000 2.325000 0.162200
3.788000 2.325000 0.162200
3.863000 2.325000 0.000000
-0.037500 2.475000 0.000000
0.037500 2.475000 0.164800
0.112500 2.475000 0.164800
0.187500 2.475000 0.164700
0.262500 2.475000 0.164700
0.337500 2.475000 0.164700
0.412500 2.475000 0.164700
0.487500 2.475000 0.164600
0.562500 2.475000 0.164600
0.637500 2.475000 0.164500
0.712500 2.475000 0.164500
0.787500 2.475000 0.164400
0.862500 2.475000 0.164300
0.937500 2.475000 0.164200
1.012000 2.475000 0.164100
1.087000 2.475000 0.164000
1.163000 2.475000 0.163900
1.238000 2.475000 0.163800
1.313000 2.475000 0.163700
1.388000 2.475000 0.163500
1.463000 2.475000 0.163400
1.538000 2.475000 0.163200
1.613000 2.475000 0.163100
1.688000 2.475000 0.162900
1.763000 2.475000 0.162700
1.838000 2.475000 0.162500
1.913000 2.475000 0.162300
1.988000 2.475000 0.162100
2.063000 2.475000 0.161900
2.138000 2.475000 0.161700
2.213000 2.475000 0.161500
2.288000 2.475000 0.161300
2.363000 2.475000 0.161100
2.438000 2.475000 0.160900
2.513000 2.475000 0.160700
2.588000 2.475000 0.160500
2.663000 2.475000 0.160300
2.738000 2.475000 0.160100
2.813000 2.475000 0.159900
2.888000 2.475000 0.159800
2.963000 2.475000 0.159600
3.038000 2.475000 0.159400
3.113000 2.475000 0.159300
3.188000 2.475000 0.159200
3.263000 2.475000 0.159000
3.338000 2.475000 0.158900
3.413000 2.475000 0.158800
3.488000 2.475000 0.158800
3.563000 2.475000 0.158700
3.638000 2.475000 0.158700
3.713000 2.475000 0.158600
3.788000 2.475000 0.158600
3.863000 2.475000 0.000000
-0.037500 2.625000 0.000000
0.037500 2.625000 0.160700
0.112500 2.625000 0.160700
0.187500 2.625000 0.160600
0.262500 2.625000 0.160600
0.337500 2.625000 0.160600
0.412500 2.625000 0.160600
0.487500 2.625000 0.160500
0.562500 2.625000 0.160500
0.637500 2.625000 0.160400
0.712500 2.625000 0.160400
0.787500 2.625000 0.160300
0.862500 2.625000 0.160200
0.937500 2.625000 0.160100
1.012000 2.625000 0.160000
1.087000 2.625000 0.159900
1.163000 2.625000 0.159800
1.238000 2.625000 0.159700
1.313000 2.625000 0.159600
1.388000 2.625000 0.159400
1.463000 2.625000 0.159300
1.538000 2.625000 0.159100
1.613000 2.625000 0.159000
1.688000 2.625000 0.158800
1.763000 2.625000 0.158600
1.838000 2.625000 0.158500
1.913000 2.625000 0.158300
1.988000 2.625000 0.158100
2.063000 2.625000 0.157900
2.138000 2.625000 0.157700
2.213000 2.625000 0.157500
2.288000 2.625000 0.157300
2.363000 2.625000 0.157100
2.438000 2.625000 0.156900
2.513000 2.625000 0.156700
2.588000 2.625000 0.156500
2.663000 2.625000 0.156300
2.738000 2.625000 0.156100
2.813000 2.625000 0.156000
2.888000 2.625000 0.155800
2.963000 2.625000 0.155600
3.038000 2.625000 0.155500
3.113000 2.625000 0.155300
3.188000 2.625000 0.155200
3.263000 2.625000 0.155100
3.338000 2.625000 0.155000
3.413000 2.625000 0.154900
3.488000 2.625000 0.154800
3.563000 2.625000 0.154800
3.638000 2.625000 0.154700
3.713000 2.625000 0.154700
3.788000 2.625000 0.154700
3.863000 2.625000 0.000000
-0.037500 2.775000 0.000000
0.037500 2.775000 0.156200
0.112500 2.775000 0.156200
0.187500 2.775000 0.156200
0.262500 2.775000 0.156100
0.337500 2.775000 0.156100
0.412500 2.775000 0.156100
0.487500 2.775000 0.156000
0.562500 2.775000 0.156000
0.637500 2.775000 0.155900
0.712500 2.775000 0.155900
0.787500 2.775000 0.155800
0.862500 2.775000 0.155700
0.937500 2.775000 0.155700
1.012000 2.775000 0.155600
1.087000 2.775000 0.155500
1.163000 2.775000 0.155400
1.238000 2.775000 0.155200
1.313000 2.775000 0.155100
1.388000 2.775000 0.155000
1.463000 2.775000 0.154800
1.538000 2.775000 0.154700
1.613000 2.775000 0.154500
1.688000 2.775000 0.154400
1.763000 2.775000 0.154200
1.838000 2.775000 0.154000
1.913000 2.775000 0.153800
1.988000 2.775000 0.153700
2.063000 2.775000 0.153500
2.138000 2.775000 0.153300
2.213000 2.775000 0.153100
2.288000 2.775000 0.152900
2.363000 2.775000 0.152700
2.438000 2.775000 0.152500
2.513000 2.775000 0.152300
2.588000 2.775000 0.152100
2.663000 2.775000 0.152000
2.738000 2.775000 0.151800
2.813000 2.775000 0.151600
2.888000 2.775000 0.151400
2.963000 2.775000 0.151300
3.038000 2.775000 0.151100
3.113000 2.775000 0.151000
3.188000 2.775000 0.150900
3.263000 2.775000 0.150800
3.338000 2.775000 0.150700
3.413000 2.775000 0.150600
3.488000 2.775000 0.150500
3.563000 2.775000 0.150400
3.638000 2.775000 0.150400
3.713000 2.775000 0.150400
3.788000 2.775000 0.150400
3.863000 2.775000 0.000000
-0.037500 2.925000 0.000000
0.037500 2.925000 0.146700
0.112500 2.925000 0.146700
0.187500 2.925000 0.146700
0.262500 2.925000 0.146700
0.337500 2.925000 0.146600
0.412500 2.925000 0.146600
0.487500 2.925000 0.146600
0.562500 2.925000 0.146500
0.637500 2.925000 0.146500
0.712500 2.925000 0.146400
0.787500 2.925000 0.146400
0.862500 2.925000 0.146300
0.937500 2.925000 0.146200
1.012000 2.925000 0.146100
1.087000 2.925000 0.146000
1.163000 2.925000 0.145900
1.238000 2.925000 0.145800
1.313000 2.925000 0.145700
1.388000 2.925000 0.145600
1.463000 2.925000 0.145400
1.538000 2.925000 0.145300
1.613000 2.925000 0.145100
1.688000 2.925000 0.145000
1.763000 2.925000 0.144800
1.838000 2.925000 0.144700
1.913000 2.925000 0.144500
1.988000 2.925000 0.144300
2.063000 2.925000 0.144100
2.138000 2.925000 0.143900
2.213000 2.925000 0.143800
2.288000 2.925000 0.143600
2.363000 2.925000 0.143400
2.438000 2.925000 0.143200
2.513000 2.925000 0.143000
2.588000 2.925000 0.142800
2.663000 2.925000 0.142700
2.738000 2.925000 0.142500
2.813000 2.925000 0.142300
2.888000 2.925000 0.142200
2.963000 2.925000 0.142000
3.038000 2.925000 0.141900
3.113000 2.925000 0.141800
3.188000 2.925000 0.141600
3.263000 2.925000 0.141500
3.338000 2.925000 0.141400
3.413000 2.925000 0.141300
3.488000 2.925000 0.141300
3.563000 2.925000 0.141200
3.638000 2.925000 0.141200
3.713000 2.925000 0.141100
3.788000 2.925000 0.141100
3.863000 2.925000 0.000000
-0.037500 3.075000 0.000000
0.037500 3.075000 0.132000
0.112500 3.075000 0.132000
0.187500 3.075000 0.132000
0.262500 3.075000 0.132000
0.337500 3.075000 0.132000
0.412500 3.075000 0.131900
0.487500 3.075000 0.131900
0.562500 3.075000 0.131900
0.637500 3.075000 0.131800
0.712500 3.075000 0.131800
0.787500 3.075000 0.131700
0.862500 3.075000 0.131600
0.937500 3.075000 0.131600
1.012000 3.075000 0.131500
1.087000 3.075000 0.131400
1.163000 3.075000 0.131300
1.238000 3.075000 0.131200
1.313000 3.075000 0.131100
1.388000 3.075000 0.131000
1.463000 3.075000 0.130900
1.538000 3.075000 0.130700
1.613000 3.075000 0.130600
1.688000 3.075000 0.130500
1.763000 3.075000 0.130300
1.838000 3.075000 0.130200
1.913000 3.075000 0.130000
1.988000 3.075000 0.129800
2.063000 3.075000 0.129700
2.138000 3.075000 0.129500
2.213000 3.075000 0.129300
2.288000 3.075000 0.129200
2.363000 3.075000 0.129000
2.438000 3.075000 0.128800
2.513000 3.075000 0.128600
2.588000 3.075000 0.128500
2.663000 3.075000 0.128300
2.738000 3.075000 0.128200
2.813000 3.075000 0.128000
2.888000 3.075000 0.127900
2.963000 3.075000 0.127700
3.038000 3.075000 0.127600
3.113000 3.075000 0.127500
3.188000 3.075000 0.127400
3.263000 3.075000 0.127300
3.338000 3.075000 0.127200
3.413000 3.075000 0.127100
3.488000 3.075000 0.127000
3.563000 3.075000 0.127000
3.638000 3.075000 0.126900
3.713000 3.075000 0.126900
3.788000 3.075000 0.126900
3.863000 3.075000 0.000000
-0.037500 3.225000 0.000000
0.037500 3.225000 0.117400
0.112500 3.225000 0.117400
0.187500 3.225000 0.117400
0.262500 3.225000 0.117400
0.337500 3.225000 0.117300
0.412500 3.225000 0.117300
0.487500 3.225000 0.117300
0.562500 3.225000 0.117300
0.637500 3.225000 0.117200
0.712500 3.225000 0.117200
0.787500 3.225000 0.117100
0.862500 3.225000 0.117100
0.937500 3.225000 0.117000
1.012000 3.225000 0.116900
1.087000 3.225000 0.116800
1.163000 3.225000 0.116800
1.238000 3.225000 0.116700
1.313000 3.225000 0.116600
1.388000 3.225000 0.116500
1.463000 3.225000 0.116400
1.538000 3.225000 0.116200
1.613000 3.225000 0.116100
1.688000 3.225000 0.116000
1.763000 3.225000 0.115900
1.838000 3.225000 0.115700
1.913000 3.225000 0.115600
1.988000 3.225000 0.115400
2.063000 3.225000 0.115300
2.138000 3.225000 0.115100
2.213000 3.225000 0.115000
2.288000 3.225000 0.114800
2.363000 3.225000 0.114700
2.438000 3.225000 0.114500
2.513000 3.225000 0.114400
2.588000 3.225000 0.114200
2.663000 3.225000 0.114100
2.738000 3.225000 0.113900
2.813000 3.225000 0.113800
2.888000 3.225000 0.113600
2.963000 3.225000 0.113500
3.038000 3.225000 0.113400
3.113000 3.225000 0.113300
3.188000 3.225000 0.113200
3.263000 3.225000 0.113100
3.338000 3.225000 0.113000
3.413000 3.225000 0.112900
3.488000 3.225000 0.112900
3.563000 3.225000 0.112800
3.638000 3.225000 0.112800
3.713000 3.225000 0.112700
3.788000 3.225000 0.112700
3.863000 3.225000 0.000000
-0.037500 3.375000 0.000000
0.037500 3.375000 0.103200
0.112500 3.375000 0.103200
0.187500 3.375000 0.103200
0.262500 3.375000 0.103200
0.337500 3.375000 0.103200
0.412500 3.375000 0.103200
0.487500 3.375000 0.103200
0.562500 3.375000 0.103100
0.637500 3.375000 0.103100
0.712500 3.375000 0.103100
0.787500 3.375000 0.103000
0.862500 3.375000 0.103000
0.937500 3.375000 0.102900
1.012000 3.375000 0.102800
1.087000 3.375000 0.102800
1.163000 3.375000 0.102700
1.238000 3.375000 0.102600
1.313000 3.375000 0.102500
1.388000 3.375000 0.102400
1.463000 3.375000 0.102300
1.538000 3.375000 0.102200
1.613000 3.375000 0.102100
1.688000 3.375000 0.102000
1.763000 3.375000 0.101900
1.838000 3.375000 0.101800
1.913000 3.375000 0.101700
1.988000 3.375000 0.101500
2.063000 3.375000 0.101400
2.138000 3.375000 0.101200
2.213000 3.375000 0.101100
2.288000 3.375000 0.101000
2.363000 3.375000 0.100800
2.438000 3.375000 0.100700
2.513000 3.375000 0.100600
2.588000 3.375000 0.100400
2.663000 3.375000 0.100300
2.738000 3.375000 0.100200
2.813000 3.375000 0.100000
2.888000 3.375000 0.099920
2.963000 3.375000 0.099810
3.038000 3.375000 0.099700
3.113000 3.375000 0.099600
3.188000 3.375000 0.099510
3.263000 3.375000 0.099420
3.338000 3.375000 0.099350
3.413000 3.375000 0.099280
3.488000 3.375000 0.099220
3.563000 3.375000 0.099170
3.638000 3.375000 0.099130
3.713000 3.375000 0.099100
3.788000 3.375000 0.099070
3.863000 3.375000 0.000000
-0.037500 3.525000 0.000000
0.037500 3.525000 0.089920
0.112500 3.525000 0.089930
0.187500 3.525000 0.089920
0.262500 3.525000 0.089910
0.337500 3.525000 0.089900
0.412500 3.525000 0.089880
0.487500 3.525000 0.089860
0.562500 3.525000 0.089830
0.637500 3.525000 0.089800
0.712500 3.525000 0.089760
0.787500 3.525000 0.089720
0.862500 3.525000 0.089680
0.937500 3.525000 0.089630
1.012000 3.525000 0.089570
1.087000 3.525000 0.089510
1.163000 3.525000 0.089450
1.238000 3.525000 0.089380
1.313000 3.525000 0.089300
1.388000 3.525000 0.089220
1.463000 3.525000 0.089130
1.538000 3.525000 0.089040
1.613000 3.525000 0.088950
1.688000 3.525000 0.088850
1.763000 3.525000 0.088740
1.838000 3.525000 0.088630
1.913000 3.525000 0.088520
1.988000 3.525000 0.088400
2.063000 3.525000 0.088290
2.138000 3.525000 0.088170
2.213000 3.525000 0.088040
2.288000 3.525000 0.087920
2.363000 3.525000 0.087800
2.438000 3.525000 0.087680
2.513000 3.525000 0.087550
2.588000 3.525000 0.087440
2.663000 3.525000 0.087320
2.738000 3.525000 0.087210
2.813000 3.525000 0.087100
2.888000 3.525000 0.086990
2.963000 3.525000 0.086890
3.038000 3.525000 0.086790
3.113000 3.525000 0.086710
3.188000 3.525000 0.086620
3.263000 3.525000 0.086550
3.338000 3.525000 0.086480
3.413000 3.525000 0.086420
3.488000 3.525000 0.086370
3.563000 3.525000 0.086320
3.638000 3.525000 0.086280
3.713000 3.525000 0.086250
3.788000 3.525000 0.086220
3.863000 3.525000 0.000000
-0.037500 3.675000 0.000000
0.037500 3.675000 0.077630
0.112500 3.675000 0.077630
0.187500 3.675000 0.077630
0.262500 3.675000 0.077620
0.337500 3.675000 0.077610
0.412500 3.675000 0.077590
0.487500 3.675000 0.077570
0.562500 3.675000 0.077550
0.637500 3.675000 0.077520
0.712500 3.675000 0.077490
0.787500 3.675000 0.077460
0.862500 3.675000 0.077420
0.937500 3.675000 0.077370
1.012000 3.675000 0.077320
1.087000 3.675000 0.077270
1.163000 3.675000 0.077220
1.238000 3.675000 0.077150
1.313000 3.675000 0.077090
1.388000 3.675000 0.077020
1.463000 3.675000 0.076940
1.538000 3.675000 0.076860
1.613000 3.675000 0.076780
1.688000 3.675000 0.076690
1.763000 3.675000 0.076600
1.838000 3.675000 0.076500
1.913000 3.675000 0.076400
1.988000 3.675000 0.076300
2.063000 3.675000 0.076200
2.138000 3.675000 0.076100
2.213000 3.675000 0.075990
2.288000 3.675000 0.075880
2.363000 3.675000 0.075780
2.438000 3.675000 0.075670
2.513000 3.675000 0.075560
2.588000 3.675000 0.075460
2.663000 3.675000 0.075360
2.738000 3.675000 0.075260
2.813000 3.675000 0.075160
2.888000 3.675000 0.075070
2.963000 3.675000 0.074980
3.038000 3.675000 0.074900
3.113000 3.675000 0.074820
3.188000 3.675000 0.074750
3.263000 3.675000 0.074680
3.338000 3.675000 0.074620
3.413000 3.675000 0.074570
3.488000 3.675000 0.074520
3.563000 3.675000 0.074480
3.638000 3.675000 0.074440
3.713000 3.675000 0.074410
3.788000 3.675000 0.074370
3.863000 3.675000 0.000000
-0.037500 3.825000 0.000000
0.037500 3.825000 0.066520
0.112500 3.825000 0.066520
0.187500 3.825000 0.066520
0.262500 3.825000 0.066510
0.337500 3.825000 0.066500
0.412500 3.825000 0.066490
0.487500 3.825000 0.066470
0.562500 3.825000 0.066450
0.637500 3.825000 0.066420
0.712500 3.825000 0.066400
0.787500 3.825000 0.066370
0.862500 3.825000 0.066330
0.937500 3.825000 0.066290
1.012000 3.825000 0.066250
1.087000 3.825000 0.066210
1.163000 3.825000 0.066160
1.238000 3.825000 0.066100
1.313000 3.825000 0.066050
1.388000 3.825000 0.065990
1.463000 3.825000 0.065920
1.538000 3.825000 0.065850
1.613000 3.825000 0.065780
1.688000 3.825000 0.065700
1.763000 3.825000 0.065620
1.838000 3.825000 0.065540
1.913000 3.825000 0.065460
1.988000 3.825000 0.065370
2.063000 3.825000 0.065280
2.138000 3.825000 0.065190
2.213000 3.825000 0.065100
2.288000 3.825000 0.065010
2.363000 3.825000 0.064910
2.438000 3.825000 0.064820
2.513000 3.825000 0.064730
2.588000 3.825000 0.064640
2.663000 3.825000 0.064550
2.738000 3.825000 0.064470
2.813000 3.825000 0.064380
2.888000 3.825000 0.064300
2.963000 3.825000 0.064230
3.038000 3.825000 0.064150
3.113000 3.825000 0.064090
3.188000 3.825000 0.064020
3.263000 3.825000 0.063970
3.338000 3.825000 0.063910
3.413000 3.825000 0.063860
3.488000 3.825000 0.063820
3.563000 3.825000 0.063780
3.638000 3.825000 0.063750
3.713000 3.825000 0.063720
3.788000 3.825000 0.063680
3.863000 3.825000 0.000000
-0.037500 3.975000 0.000000
0.037500 3.975000 0.056680
0.112500 3.975000 0.056680
0.187500 3.975000 0.056680
0.262500 3.975000 0.056670
0.337500 3.975000 0.056660
0.412500 3.975000 0.056650
0.487500 3.975000 0.056630
0.562500 3.975000 0.056610
0.637500 3.975000 0.056590
0.712500 3.975000 0.056570
0.787500 3.975000 0.056540
0.862500 3.975000 0.056510
0.937500 3.975000 0.056480
1.012000 3.975000 0.056450
1.087000 3.975000 0.056410
1.163000 3.975000 0.056360
1.238000 3.975000 0.056320
1.313000 3.975000 0.056270
1.388000 3.975000 0.056220
1.463000 3.975000 0.056160
1.538000 3.975000 0.056100
1.613000 3.975000 0.056040
1.688000 3.975000 0.055970
1.763000 3.975000 0.055910
1.838000 3.975000 0.055830
1.913000 3.975000 0.055760
1.988000 3.975000 0.055690
2.063000 3.975000 0.055610
2.138000 3.975000 0.055530
2.213000 3.975000 0.055450
2.288000 3.975000 0.055380
2.363000 3.975000 0.055300
2.438000 3.975000 0.055220
2.513000 3.975000 0.055140
2.588000 3.975000 0.055060
2.663000 3.975000 0.054990
2.738000 3.975000 0.054910
2.813000 3.975000 0.054840
2.888000 3.975000 0.054770
2.963000 3.975000 0.054710
3.038000 3.975000 0.054640
3.113000 3.975000 0.054590
3.188000 3.975000 0.054530
3.263000 3.975000 0.054480
3.338000 3.975000 0.054430
3.413000 3.975000 0.054390
3.488000 3.975000 0.054350
3.563000 3.975000 0.054320
3.638000 3.975000 0.054290
3.713000 3.975000 0.054260
3.788000 3.975000 0.054220
3.863000 3.975000 0.000000
-0.037500 4.125000 0.000000
0.037500 4.125000 0.048140
0.112500 4.125000 0.048140
0.187500 4.125000 0.048140
0.262500 4.125000 0.048140
0.337500 4.125000 0.048130
0.412500 4.125000 0.048120
0.487500 4.125000 0.048100
0.562500 4.125000 0.048090
0.637500 4.125000 0.048070
0.712500 4.125000 0.048050
0.787500 4.125000 0.048030
0.862500 4.125000 0.048000
0.937500 4.125000 0.047970
1.012000 4.125000 0.047940
1.087000 4.125000 0.047910
1.163000 4.125000 0.047870
1.238000 4.125000 0.047830
1.313000 4.125000 0.047790
1.388000 4.125000 0.047750
1.463000 4.125000 0.047700
1.538000 4.125000 0.047650
1.613000 4.125000 0.047590
1.688000 4.125000 0.047540
1.763000 4.125000 0.047480
1.838000 4.125000 0.047420
1.913000 4.125000 0.047360
1.988000 4.125000 0.047290
2.063000 4.125000 0.047230
2.138000 4.125000 0.047160
2.213000 4.125000 0.047090
2.288000 4.125000 0.047030
2.363000 4.125000 0.046960
2.438000 4.125000 0.046890
2.513000 4.125000 0.046830
2.588000 4.125000 0.046760
2.663000 4.125000 0.046690
2.738000 4.125000 0.046630
2.813000 4.125000 0.046570
2.888000 4.125000 0.046510
2.963000 4.125000 0.046460
3.038000 4.125000 0.046400
3.113000 4.125000 0.046350
3.188000 4.125000 0.046300
3.263000 4.125000 0.046260
3.338000 4.125000 0.046220
3.413000 4.125000 0.046180
3.488000 4.125000 0.046150
3.563000 4.125000 0.046120
3.638000 4.125000 0.046090
3.713000 4.125000 0.046060
3.788000 4.125000 0.046020
3.863000 4.125000 0.000000
-0.037500 4.275000 0.000000
0.037500 4.275000 0.040920
0.112500 4.275000 0.040920
0.187500 4.275000 0.040920
0.262500 4.275000 0.040910
0.337500 4.275000 0.040900
0.412500 4.275000 0.040890
0.487500 4.275000 0.040880
0.562500 4.275000 0.040870
0.637500 4.275000 0.040850
0.712500 4.275000 0.040840
0.787500 4.275000 0.040820
0.862500 4.275000 0.040800
0.937500 4.275000 0.040770
1.012000 4.275000 0.040740
1.087000 4.275000 0.040720
1.163000 4.275000 0.040680
1.238000 4.275000 0.040650
1.313000 4.275000 0.040610
1.388000 4.275000 0.040570
1.463000 4.275000 0.040530
1.538000 4.275000 0.040490
1.613000 4.275000 0.040440
1.688000 4.275000 0.040400
1.763000 4.275000 0.040350
1.838000 4.275000 0.040300
1.913000 4.275000 0.040240
1.988000 4.275000 0.040190
2.063000 4.275000 0.040130
2.138000 4.275000 0.040080
2.213000 4.275000 0.040020
2.288000 4.275000 0.039960
2.363000 4.275000 0.039900
2.438000 4.275000 0.039850
2.513000 4.275000 0.039790
2.588000 4.275000 0.039730
2.663000 4.275000 0.039680
2.738000 4.275000 0.039620
2.813000 4.275000 0.039570
2.888000 4.275000 0.039520
2.963000 4.275000 0.039470
3.038000 4.275000 0.039430
3.113000 4.275000 0.039380
3.188000 4.275000 0.039340
3.263000 4.275000 0.039310
3.338000 4.275000 0.039270
3.413000 4.275000 0.039240
3.488000 4.275000 0.039210
3.563000 4.275000 0.039180
3.638000 4.275000 0.039160
3.713000 4.275000 0.039130
3.788000 4.275000 0.039090
3.863000 4.275000 0.000000
-0.037500 4.425000 0.000000
0.037500 4.425000 0.034980
0.112500 4.425000 0.034980
0.187500 4.425000 0.034980
0.262500 4.425000 0.034970
0.337500 4.425000 0.034970
0.412500 4.425000 0.034960
0.487500 4.425000 0.034950
0.562500 4.425000 0.034940
0.637500 4.425000 0.034920
0.712500 4.425000 0.034910
0.787500 4.425000 0.034890
0.862500 4.425000 0.034870
0.937500 4.425000 0.034850
1.012000 4.425000 0.034830
1.087000 4.425000 0.034800
1.163000 4.425000 0.034770
1.238000 4.425000 0.034750
1.313000 4.425000 0.034710
1.388000 4.425000 0.034680
1.463000 4.425000 0.034650
1.538000 4.425000 0.034610
1.613000 4.425000 0.034570
1.688000 4.425000 0.034530
1.763000 4.425000 0.034490
1.838000 4.425000 0.034440
1.913000 4.425000 0.034400
1.988000 4.425000 0.034350
2.063000 4.425000 0.034300
2.138000 4.425000 0.034250
2.213000 4.425000 0.034200
2.288000 4.425000 0.034160
2.363000 4.425000 0.034110
2.438000 4.425000 0.034060
2.513000 4.425000 0.034010
2.588000 4.425000 0.033960
2.663000 4.425000 0.033910
2.738000 4.425000 0.033870
2.813000 4.425000 0.033820
2.888000 4.425000 0.033780
2.963000 4.425000 0.033740
3.038000 4.425000 0.033700
3.113000 4.425000 0.033660
3.188000 4.425000 0.033620
3.263000 4.425000 0.033590
3.338000 4.425000 0.033560
3.413000 4.425000 0.033530
3.488000 4.425000 0.033510
3.563000 4.425000 0.033480
3.638000 4.425000 0.033460
3.713000 4.425000 0.033430
3.788000 4.425000 0.033390
3.863000 4.425000 0.000000
-0.037500 4.575000 0.000000
0.037500 4.575000 0.030290
0.112500 4.575000 0.030290
0.187500 4.575000 0.030290
0.262500 4.575000 0.030280
0.337500 4.575000 0.030280
0.412500 4.575000 0.030270
0.487500 4.575000 0.030260
0.562500 4.575000 0.030250
0.637500 4.575000 0.030240
0.712500 4.575000 0.030220
0.787500 4.575000 0.030210
0.862500 4.575000 0.030190
0.937500 4.575000 0.030170
1.012000 4.575000 0.030150
1.087000 4.575000 0.030130
1.163000 4.575000 0.030110
1.238000 4.575000 0.030080
1.313000 4.575000 0.030060
1.388000 4.575000 0.030030
1.463000 4.575000 0.030000
1.538000 4.575000 0.029960
1.613000 4.575000 0.029930
1.688000 4.575000 0.029890
1.763000 4.575000 0.029860
1.838000 4.575000 0.029820
1.913000 4.575000 0.029780
1.988000 4.575000 0.029740
2.063000 4.575000 0.029700
2.138000 4.575000 0.029650
2.213000 4.575000 0.029610
2.288000 4.575000 0.029570
2.363000 4.575000 0.029530
2.438000 4.575000 0.029480
2.513000 4.575000 0.029440
2.588000 4.575000 0.029400
2.663000 4.575000 0.029360
2.738000 4.575000 0.029320
2.813000 4.575000 0.029280
2.888000 4.575000 0.029240
2.963000 4.575000 0.029210
3.038000 4.575000 0.029170
3.113000 4.575000 0.029140
3.188000 4.575000 0.029110
3.263000 4.575000 0.029080
3.338000 4.575000 0.029050
3.413000 4.575000 0.029030
3.488000 4.575000 0.029000
3.563000 4.575000 0.028980
3.638000 4.575000 0.028960
3.713000 4.575000 0.028940
3.788000 4.575000 0.028900
3.863000 4.575000 0.000000
-0.037500 4.725000 0.000000
0.037500 4.725000 0.026800
0.112500 4.725000 0.026800
0.187500 4.725000 0.026800
0.262500 4.725000 0.026800
0.337500 4.725000 0.026790
0.412500 4.725000 0.026780
0.487500 4.725000 0.026780
0.562500 4.725000 0.026770
0.637500 4.725000 0.026760
0.712500 4.725000 0.026740
0.787500 4.725000 0.026730
0.862500 4.725000 0.026720
0.937500 4.725000 0.026700
1.012000 4.725000 0.026680
1.087000 4.725000 0.026660
1.163000 4.725000 0.026640
1.238000 4.725000 0.026620
1.313000 4.725000 0.026590
1.388000 4.725000 0.026570
1.463000 4.725000 0.026540
1.538000 4.725000 0.026510
1.613000 4.725000 0.026480
1.688000 4.725000 0.026450
1.763000 4.725000 0.026420
1.838000 4.725000 0.026380
1.913000 4.725000 0.026350
1.988000 4.725000 0.026310
2.063000 4.725000 0.026270
2.138000 4.725000 0.026240
2.213000 4.725000 0.026200
2.288000 4.725000 0.026160
2.363000 4.725000 0.026120
2.438000 4.725000 0.026090
2.513000 4.725000 0.026050
2.588000 4.725000 0.026010
2.663000 4.725000 0.025970
2.738000 4.725000 0.025940
2.813000 4.725000 0.025900
2.888000 4.725000 0.025870
2.963000 4.725000 0.025840
3.038000 4.725000 0.025810
3.113000 4.725000 0.025780
3.188000 4.725000 0.025750
3.263000 4.725000 0.025730
3.338000 4.725000 0.025700
3.413000 4.725000 0.025680
3.488000 4.725000 0.025660
3.563000 4.725000 0.025640
3.638000 4.725000 0.025620
3.713000 4.725000 0.025590
3.788000 4.725000 0.025560
3.863000 4.725000 0.000000
-0.037500 4.875000 0.000000
0.037500 4.875000 0.024470
0.112500 4.875000 0.024480
0.187500 4.875000 0.024480
0.262500 4.875000 0.024480
0.337500 4.875000 0.024470
0.412500 4.875000 0.024470
0.487500 4.875000 0.024460
0.562500 4.875000 0.024450
0.637500 4.875000 0.024440
0.712500 4.875000 0.024430
0.787500 4.875000 0.024420
0.862500 4.875000 0.024410
0.937500 4.875000 0.024390
1.012000 4.875000 0.024380
1.087000 4.875000 0.024360
1.163000 4.875000 0.024340
1.238000 4.875000 0.024320
1.313000 4.875000 0.024300
1.388000 4.875000 0.024270
1.463000 4.875000 0.024250
1.538000 4.875000 0.024220
1.613000 4.875000 0.024190
1.688000 4.875000 0.024160
1.763000 4.875000 0.024130
1.838000 4.875000 0.024100
1.913000 4.875000 0.024070
1.988000 4.875000 0.024040
2.063000 4.875000 0.024000
2.138000 4.875000 0.023970
2.213000 4.875000 0.023940
2.288000 4.875000 0.023900
2.363000 4.875000 0.023870
2.438000 4.875000 0.023830
2.513000 4.875000 0.023800
2.588000 4.875000 0.023760
2.663000 4.875000 0.023730
2.738000 4.875000 0.023700
2.813000 4.875000 0.023670
2.888000 4.875000 0.023640
2.963000 4.875000 0.023610
3.038000 4.875000 0.023580
3.113000 4.875000 0.023550
3.188000 4.875000 0.023530
3.263000 4.875000 0.023500
3.338000 4.875000 0.023480
3.413000 4.875000 0.023460
3.488000 4.875000 0.023440
3.563000 4.875000 0.023420
3.638000 4.875000 0.023400
3.713000 4.875000 0.023380
3.788000 4.875000 0.023340
3.863000 4.875000 0.000000
-0.037500 5.025000 0.000000
0.037500 5.025000 0.023260
0.112500 5.025000 0.023250
0.187500 5.025000 0.023240
0.262500 5.025000 0.023240
0.337500 5.025000 0.023230
0.412500 5.025000 0.023220
0.487500 5.025000 0.023210
0.562500 5.025000 0.023200
0.637500 5.025000 0.023190
0.712500 5.025000 0.023180
0.787500 5.025000 0.023170
0.862500 5.025000 0.023150
0.937500 5.025000 0.023140
1.012000 5.025000 0.023120
1.087000 5.025000 0.023100
1.163000 5.025000 0.023080
1.238000 5.025000 0.023060
1.313000 5.025000 0.023040
1.388000 5.025000 0.023020
1.463000 5.025000 0.023000
1.538000 5.025000 0.022970
1.613000 5.025000 0.022940
1.688000 5.025000 0.022920
1.763000 5.025000 0.022890
1.838000 5.025000 0.022860
1.913000 5.025000 0.022830
1.988000 5.025000 0.022800
2.063000 5.025000 0.022760
2.138000 5.025000 0.022730
2.213000 5.025000 0.022700
2.288000 5.025000 0.022670
2.363000 5.025000 0.022630
2.438000 5.025000 0.022600
2.513000 5.025000 0.022570
2.588000 5.025000 0.022530
2.663000 5.025000 0.022500
2.738000 5.025000 0.022470
2.813000 5.025000 0.022440
2.888000 5.025000 0.022410
2.963000 5.025000 0.022380
3.038000 5.025000 0.022360
3.113000 5.025000 0.022330
3.188000 5.025000 0.022310
3.263000 5.025000 0.022280
3.338000 5.025000 0.022260
3.413000 5.025000 0.022240
3.488000 5.025000 0.022220
3.563000 5.025000 0.022200
3.638000 5.025000 0.022190
3.713000 5.025000 0.022160
3.788000 5.025000 0.022130
3.863000 5.025000 0.000000
-0.037500 5.175000 0.000000
0.037500 5.175000 0.000000
0.112500 5.175000 0.000000
0.187500 5.175000 0.000000
0.262500 5.175000 0.000000
0.337500 5.175000 0.000000
0.412500 5.175000 0.000000
0.487500 5.175000 0.000000
0.562500 5.175000 0.000000
0.637500 5.175000 0.000000
0.712500 5.175000 0.000000
0.787500 5.175000 0.000000
0.862500 5.175000 0.000000
0.937500 5.175000 0.000000
1.012000 5.175000 0.000000
1.087000 5.175000 0.000000
1.163000 5.175000 0.000000
1.238000 5.175000 0.000000
1.313000 5.175000 0.000000
1.388000 5.175000 0.000000
1.463000 5.175000 0.000000
1.538000 5.175000 0.000000
1.613000 5.175000 0.000000
1.688000 5.175000 0.000000
1.763000 5.175000 0.000000
1.838000 5.175000 0.000000
1.913000 5.175000 0.000000
1.988000 5.175000 0.000000
2.063000 5.175000 0.000000
2.138000 5.175000 0.000000
2.213000 5.175000 0.000000
2.288000 5.175000 0.000000
2.363000 5.175000 0.000000
2.438000 5.175000 0.000000
2.513000 5.175000 0.000000
2.588000 5.175000 0.000000
2.663000 5.175000 0.000000
2.738000 5.175000 0.000000
2.813000 5.175000 0.000000
2.888000 5.175000 0.000000
2.963000 5.175000 0.000000
3.038000 5.175000 0.000000
3.113000 5.175000 0.000000
3.188000 5.175000 0.000000
3.263000 5.175000 0.000000
3.338000 5.175000 0.000000
3.413000 5.175000 0.000000
3.488000 5.175000 0.000000
3.563000 5.175000 0.000000
3.638000 5.175000 0.000000
3.713000 5.175000 0.000000
3.788000 5.175000 0.000000
3.863000 5.175000 0.000000
