-0.037500 -0.075000 0.000000
0.037500 -0.075000 0.000000
0.112500 -0.075000 0.000000
0.187500 -0.075000 0.000000
0.262500 -0.075000 0.000000
0.337500 -0.075000 0.000000
0.412500 -0.075000 0.000000
0.487500 -0.075000 0.000000
0.562500 -0.075000 0.000000
0.637500 -0.075000 0.000000
0.712500 -0.075000 0.000000
0.787500 -0.075000 0.000000
0.862500 -0.075000 0.000000
0.937500 -0.075000 0.000000
1.012000 -0.075000 0.000000
1.087000 -0.075000 0.000000
1.163000 -0.075000 0.000000
1.238000 -0.075000 0.000000
1.313000 -0.075000 0.000000
1.388000 -0.075000 0.000000
1.463000 -0.075000 0.000000
1.538000 -0.075000 0.000000
1.613000 -0.075000 0.000000
1.688000 -0.075000 0.000000
1.763000 -0.075000 0.000000
1.838000 -0.075000 0.000000
1.913000 -0.075000 0.000000
1.988000 -0.075000 0.000000
2.063000 -0.075000 0.000000
2.138000 -0.075000 0.000000
2.213000 -0.075000 0.000000
2.288000 -0.075000 0.000000
2.363000 -0.075000 0.000000
2.438000 -0.075000 0.000000
2.513000 -0.075000 0.000000
2.588000 -0.075000 0.000000
2.663000 -0.075000 0.000000
2.738000 -0.075000 0.000000
2.813000 -0.075000 0.000000
2.888000 -0.075000 0.000000
2.963000 -0.075000 0.000000
3.038000 -0.075000 0.000000
3.113000 -0.075000 0.000000
3.188000 -0.075000 0.000000
3.263000 -0.075000 0.000000
3.338000 -0.075000 0.000000
3.413000 -0.075000 0.000000
3.488000 -0.075000 0.000000
3.563000 -0.075000 0.000000
3.638000 -0.075000 0.000000
3.713000 -0.075000 0.000000
3.788000 -0.075000 0.000000
3.863000 -0.075000 0.000000
-0.037500 0.075000 0.000000
0.037500 0.075000 0.003660
0.112500 0.075000 0.007310
0.187500 0.075000 0.010970
0.262500 0.075000 0.014620
0.337500 0.075000 0.018280
0.412500 0.075000 0.021930
0.487500 0.075000 0.025570
0.562500 0.075000 0.029210
0.637500 0.075000 0.032840
0.712500 0.075000 0.036450
0.787500 0.075000 0.040030
0.862500 0.075000 0.043580
0.937500 0.075000 0.047080
1.012000 0.075000 0.050520
1.087000 0.075000 0.053870
1.163000 0.075000 0.057130
1.238000 0.075000 0.060260
1.313000 0.075000 0.063220
1.388000 0.075000 0.065990
1.463000 0.075000 0.068530
1.538000 0.075000 0.070800
1.613000 0.075000 0.072750
1.688000 0.075000 0.074360
1.763000 0.075000 0.075580
1.838000 0.075000 0.076390
1.913000 0.075000 0.076780
1.988000 0.075000 0.076750
2.063000 0.075000 0.076310
2.138000 0.075000 0.075490
2.213000 0.075000 0.074340
2.288000 0.075000 0.072900
2.363000 0.075000 0.071220
2.438000 0.075000 0.069350
2.513000 0.075000 0.067340
2.588000 0.075000 0.065240
2.663000 0.075000 0.063090
2.738000 0.075000 0.060920
2.813000 0.075000 0.058750
2.888000 0.075000 0.056610
2.963000 0.075000 0.054520
3.038000 0.075000 0.052480
3.113000 0.075000 0.050500
3.188000 0.075000 0.048600
3.263000 0.075000 0.046760
3.338000 0.075000 0.045010
3.413000 0.075000 0.043320
3.488000 0.075000 0.041710
3.563000 0.075000 0.040180
3.638000 0.075000 0.038710
3.713000 0.075000 0.037310
3.788000 0.075000 0.035980
3.863000 0.075000 0.000000
-0.037500 0.225000 0.000000
0.037500 0.225000 0.003660
0.112500 0.225000 0.007310
0.187500 0.225000 0.010970
0.262500 0.225000 0.014620
0.337500 0.225000 0.018280
0.412500 0.225000 0.021930
0.487500 0.225000 0.025570
0.562500 0.225000 0.029210
0.637500 0.225000 0.032840
0.712500 0.225000 0.036450
0.787500 0.225000 0.040030
0.862500 0.225000 0.043580
0.937500 0.225000 0.047080
1.012000 0.225000 0.050520
1.087000 0.225000 0.053870
1.163000 0.225000 0.057130
1.238000 0.225000 0.060260
1.313000 0.225000 0.063220
1.388000 0.225000 0.065990
1.463000 0.225000 0.068530
1.538000 0.225000 0.070800
1.613000 0.225000 0.072750
1.688000 0.225000 0.074360
1.763000 0.225000 0.075580
1.838000 0.225000 0.076390
1.913000 0.225000 0.076780
1.988000 0.225000 0.076750
2.063000 0.225000 0.076310
2.138000 0.225000 0.075490
2.213000 0.225000 0.074340
2.288000 0.225000 0.072900
2.363000 0.225000 0.071220
2.438000 0.225000 0.069350
2.513000 0.225000 0.067340
2.588000 0.225000 0.065240
2.663000 0.225000 0.063090
2.738000 0.225000 0.060920
2.813000 0.225000 0.058750
2.888000 0.225000 0.056610
2.963000 0.225000 0.054520
3.038000 0.225000 0.052480
3.113000 0.225000 0.050500
3.188000 0.225000 0.048600
3.263000 0.225000 0.046760
3.338000 0.225000 0.045010
3.413000 0.225000 0.043320
3.488000 0.225000 0.041710
3.563000 0.225000 0.040180
3.638000 0.225000 0.038710
3.713000 0.225000 0.037310
3.788000 0.225000 0.035980
3.863000 0.225000 0.000000
-0.037500 0.375000 0.000000
0.037500 0.375000 0.132900
0.112500 0.375000 0.134000
0.187500 0.375000 0.135900
0.262500 0.375000 0.138100
0.337500 0.375000 0.140800
0.412500 0.375000 0.143700
0.487500 0.375000 0.146800
0.562500 0.375000 0.150000
0.637500 0.375000 0.153300
0.712500 0.375000 0.156700
0.787500 0.375000 0.160100
0.862500 0.375000 0.163500
0.937500 0.375000 0.166900
1.012000 0.375000 0.170200
1.087000 0.375000 0.173500
1.163000 0.375000 0.176600
1.238000 0.375000 0.179500
1.313000 0.375000 0.182300
1.388000 0.375000 0.184800
1.463000 0.375000 0.187100
1.538000 0.375000 0.189100
1.613000 0.375000 0.190700
1.688000 0.375000 0.192000
1.763000 0.375000 0.192900
1.838000 0.375000 0.193400
1.913000 0.375000 0.193500
1.988000 0.375000 0.193200
2.063000 0.375000 0.192500
2.138000 0.375000 0.191400
2.213000 0.375000 0.190100
2.288000 0.375000 0.188400
2.363000 0.375000 0.186500
2.438000 0.375000 0.184400
2.513000 0.375000 0.182100
2.588000 0.375000 0.179700
2.663000 0.375000 0.177200
2.738000 0.375000 0.174600
2.813000 0.375000 0.172100
2.888000 0.375000 0.169600
2.963000 0.375000 0.167100
3.038000 0.375000 0.164600
3.113000 0.375000 0.162300
3.188000 0.375000 0.160100
3.263000 0.375000 0.157900
3.338000 0.375000 0.156000
3.413000 0.375000 0.154100
3.488000 0.375000 0.152500
3.563000 0.375000 0.151000
3.638000 0.375000 0.149800
3.713000 0.375000 0.148800
3.788000 0.375000 0.148300
3.863000 0.375000 0.000000
-0.037500 0.525000 0.000000
0.037500 0.525000 0.245000
0.112500 0.525000 0.245500
0.187500 0.525000 0.246600
0.262500 0.525000 0.248000
0.337500 0.525000 0.249800
0.412500 0.525000 0.251900
0.487500 0.525000 0.254200
0.562500 0.525000 0.256600
0.637500 0.525000 0.259200
0.712500 0.525000 0.261900
0.787500 0.525000 0.264700
0.862500 0.525000 0.267500
0.937500 0.525000 0.270200
1.012000 0.525000 0.272900
1.087000 0.525000 0.275600
1.163000 0.525000 0.278100
1.238000 0.525000 0.280400
1.313000 0.525000 0.282600
1.388000 0.525000 0.284600
1.463000 0.525000 0.286300
1.538000 0.525000 0.287700
1.613000 0.525000 0.288800
1.688000 0.525000 0.289600
1.763000 0.525000 0.290100
1.838000 0.525000 0.290300
1.913000 0.525000 0.290100
1.988000 0.525000 0.289500
2.063000 0.525000 0.288700
2.138000 0.525000 0.287500
2.213000 0.525000 0.286000
2.288000 0.525000 0.284300
2.363000 0.525000 0.282300
2.438000 0.525000 0.280200
2.513000 0.525000 0.277900
2.588000 0.525000 0.275500
2.663000 0.525000 0.273000
2.738000 0.525000 0.270500
2.813000 0.525000 0.267900
2.888000 0.525000 0.265400
2.963000 0.525000 0.262900
3.038000 0.525000 0.260400
3.113000 0.525000 0.258100
3.188000 0.525000 0.255900
3.263000 0.525000 0.253800
3.338000 0.525000 0.251900
3.413000 0.525000 0.250200
3.488000 0.525000 0.248700
3.563000 0.525000 0.247400
3.638000 0.525000 0.246400
3.713000 0.525000 0.245800
3.788000 0.525000 0.245400
3.863000 0.525000 0.000000
-0.037500 0.675000 0.000000
0.037500 0.675000 0.307900
0.112500 0.675000 0.308300
0.187500 0.675000 0.308900
0.262500 0.675000 0.309900
0.337500 0.675000 0.311100
0.412500 0.675000 0.312500
0.487500 0.675000 0.314200
0.562500 0.675000 0.316000
0.637500 0.675000 0.318000
0.712500 0.675000 0.320000
0.787500 0.675000 0.322100
0.862500 0.675000 0.324300
0.937500 0.675000 0.326400
1.012000 0.675000 0.328500
1.087000 0.675000 0.330500
1.163000 0.675000 0.332400
1.238000 0.675000 0.334200
1.313000 0.675000 0.335800
1.388000 0.675000 0.337200
1.463000 0.675000 0.338400
1.538000 0.675000 0.339400
1.613000 0.675000 0.340100
1.688000 0.675000 0.340500
1.763000 0.675000 0.340700
1.838000 0.675000 0.340600
1.913000 0.675000 0.340200
1.988000 0.675000 0.339500
2.063000 0.675000 0.338600
2.138000 0.675000 0.337400
2.213000 0.675000 0.335900
2.288000 0.675000 0.334300
2.363000 0.675000 0.332400
2.438000 0.675000 0.330400
2.513000 0.675000 0.328300
2.588000 0.675000 0.326000
2.663000 0.675000 0.323700
2.738000 0.675000 0.321300
2.813000 0.675000 0.319000
2.888000 0.675000 0.316600
2.963000 0.675000 0.314300
3.038000 0.675000 0.312000
3.113000 0.675000 0.309900
3.188000 0.675000 0.307900
3.263000 0.675000 0.306000
3.338000 0.675000 0.304300
3.413000 0.675000 0.302800
3.488000 0.675000 0.301500
3.563000 0.675000 0.300400
3.638000 0.675000 0.299600
3.713000 0.675000 0.299100
3.788000 0.675000 0.298800
3.863000 0.675000 0.000000
-0.037500 0.825000 0.000000
0.037500 0.825000 0.331700
0.112500 0.825000 0.331900
0.187500 0.825000 0.332500
0.262500 0.825000 0.333300
0.337500 0.825000 0.334300
0.412500 0.825000 0.335600
0.487500 0.825000 0.337000
0.562500 0.825000 0.338600
0.637500 0.825000 0.340300
0.712500 0.825000 0.342100
0.787500 0.825000 0.344000
0.862500 0.825000 0.345800
0.937500 0.825000 0.347700
1.012000 0.825000 0.349600
1.087000 0.825000 0.351300
1.163000 0.825000 0.353000
1.238000 0.825000 0.354600
1.313000 0.825000 0.356000
1.388000 0.825000 0.357200
1.463000 0.825000 0.358200
1.538000 0.825000 0.359000
1.613000 0.825000 0.359500
1.688000 0.825000 0.359800
1.763000 0.825000 0.359900
1.838000 0.825000 0.359600
1.913000 0.825000 0.359200
1.988000 0.825000 0.358400
2.063000 0.825000 0.357500
2.138000 0.825000 0.356300
2.213000 0.825000 0.354800
2.288000 0.825000 0.353200
2.363000 0.825000 0.351400
2.438000 0.825000 0.349400
2.513000 0.825000 0.347300
2.588000 0.825000 0.345200
2.663000 0.825000 0.342900
2.738000 0.825000 0.340600
2.813000 0.825000 0.338300
2.888000 0.825000 0.336000
2.963000 0.825000 0.333800
3.038000 0.825000 0.331600
3.113000 0.825000 0.329500
3.188000 0.825000 0.327600
3.263000 0.825000 0.325800
3.338000 0.825000 0.324200
3.413000 0.825000 0.322700
3.488000 0.825000 0.321500
3.563000 0.825000 0.320500
3.638000 0.825000 0.319700
3.713000 0.825000 0.319200
3.788000 0.825000 0.319000
3.863000 0.825000 0.000000
-0.037500 0.975000 0.000000
0.037500 0.975000 0.347900
0.112500 0.975000 0.348200
0.187500 0.975000 0.348600
0.262500 0.975000 0.349300
0.337500 0.975000 0.350300
0.412500 0.975000 0.351400
0.487500 0.975000 0.352700
0.562500 0.975000 0.354100
0.637500 0.975000 0.355600
0.712500 0.975000 0.357300
0.787500 0.975000 0.358900
0.862500 0.975000 0.360700
0.937500 0.975000 0.362400
1.012000 0.975000 0.364000
1.087000 0.975000 0.365600
1.163000 0.975000 0.367100
1.238000 0.975000 0.368500
1.313000 0.975000 0.369800
1.388000 0.975000 0.370800
1.463000 0.975000 0.371700
1.538000 0.975000 0.372400
1.613000 0.975000 0.372800
1.688000 0.975000 0.373000
1.763000 0.975000 0.373000
1.838000 0.975000 0.372700
1.913000 0.975000 0.372200
1.988000 0.975000 0.371400
2.063000 0.975000 0.370400
2.138000 0.975000 0.369200
2.213000 0.975000 0.367700
2.288000 0.975000 0.366100
2.363000 0.975000 0.364300
2.438000 0.975000 0.362400
2.513000 0.975000 0.360400
2.588000 0.975000 0.358200
2.663000 0.975000 0.356000
2.738000 0.975000 0.353800
2.813000 0.975000 0.351500
2.888000 0.975000 0.349300
2.963000 0.975000 0.347100
3.038000 0.975000 0.345000
3.113000 0.975000 0.343000
3.188000 0.975000 0.341100
3.263000 0.975000 0.339400
3.338000 0.975000 0.337800
3.413000 0.975000 0.336400
3.488000 0.975000 0.335200
3.563000 0.975000 0.334200
3.638000 0.975000 0.333500
3.713000 0.975000 0.333000
3.788000 0.975000 0.332800
3.863000 0.975000 0.000000
-0.037500 1.125000 0.000000
0.037500 1.125000 0.357000
0.112500 1.125000 0.357200
0.187500 1.125000 0.357600
0.262500 1.125000 0.358300
0.337500 1.125000 0.359200
0.412500 1.125000 0.360200
0.487500 1.125000 0.361400
0.562500 1.125000 0.362700
0.637500 1.125000 0.364200
0.712500 1.125000 0.365700
0.787500 1.125000 0.367300
0.862500 1.125000 0.368900
0.937500 1.125000 0.370500
1.012000 1.125000 0.372100
1.087000 1.125000 0.373600
1.163000 1.125000 0.375000
1.238000 1.125000 0.376300
1.313000 1.125000 0.377500
1.388000 1.125000 0.378500
1.463000 1.125000 0.379300
1.538000 1.125000 0.379800
1.613000 1.125000 0.380200
1.688000 1.125000 0.380400
1.763000 1.125000 0.380300
1.838000 1.125000 0.380000
1.913000 1.125000 0.379400
1.988000 1.125000 0.378600
2.063000 1.125000 0.377600
2.138000 1.125000 0.376400
2.213000 1.125000 0.374900
2.288000 1.125000 0.373300
2.363000 1.125000 0.371500
2.438000 1.125000 0.369600
2.513000 1.125000 0.367600
2.588000 1.125000 0.365500
2.663000 1.125000 0.363300
2.738000 1.125000 0.361100
2.813000 1.125000 0.358900
2.888000 1.125000 0.356700
2.963000 1.125000 0.354500
3.038000 1.125000 0.352400
3.113000 1.125000 0.350400
3.188000 1.125000 0.348600
3.263000 1.125000 0.346900
3.338000 1.125000 0.345300
3.413000 1.125000 0.344000
3.488000 1.125000 0.342800
3.563000 1.125000 0.341800
3.638000 1.125000 0.341100
3.713000 1.125000 0.340700
3.788000 1.125000 0.340400
3.863000 1.125000 0.000000
-0.037500 1.275000 0.000000
0.037500 1.275000 0.361200
0.112500 1.275000 0.361500
0.187500 1.275000 0.361900
0.262500 1.275000 0.362500
0.337500 1.275000 0.363400
0.412500 1.275000 0.364400
0.487500 1.275000 0.365500
0.562500 1.275000 0.366800
0.637500 1.275000 0.368200
0.712500 1.275000 0.369700
0.787500 1.275000 0.371300
0.862500 1.275000 0.372900
0.937500 1.275000 0.374400
1.012000 1.275000 0.376000
1.087000 1.275000 0.377400
1.163000 1.275000 0.378800
1.238000 1.275000 0.380100
1.313000 1.275000 0.381200
1.388000 1.275000 0.382100
1.463000 1.275000 0.382900
1.538000 1.275000 0.383500
1.613000 1.275000 0.383800
1.688000 1.275000 0.383900
1.763000 1.275000 0.383800
1.838000 1.275000 0.383500
1.913000 1.275000 0.382900
1.988000 1.275000 0.382100
2.063000 1.275000 0.381000
2.138000 1.275000 0.379800
2.213000 1.275000 0.378400
2.288000 1.275000 0.376700
2.363000 1.275000 0.374900
2.438000 1.275000 0.373000
2.513000 1.275000 0.371000
2.588000 1.275000 0.368900
2.663000 1.275000 0.366700
2.738000 1.275000 0.364400
2.813000 1.275000 0.362200
2.888000 1.275000 0.360000
2.963000 1.275000 0.357900
3.038000 1.275000 0.355800
3.113000 1.275000 0.353800
3.188000 1.275000 0.351900
3.263000 1.275000 0.350200
3.338000 1.275000 0.348700
3.413000 1.275000 0.347300
3.488000 1.275000 0.346200
3.563000 1.275000 0.345200
3.638000 1.275000 0.344500
3.713000 1.275000 0.344000
3.788000 1.275000 0.343800
3.863000 1.275000 0.000000
-0.037500 1.425000 0.000000
0.037500 1.425000 0.352600
0.112500 1.425000 0.352800
0.187500 1.425000 0.353200
0.262500 1.425000 0.353800
0.337500 1.425000 0.354500
0.412500 1.425000 0.355500
0.487500 1.425000 0.356500
0.562500 1.425000 0.357700
0.637500 1.425000 0.359000
0.712500 1.425000 0.360400
0.787500 1.425000 0.361800
0.862500 1.425000 0.363200
0.937500 1.425000 0.364600
1.012000 1.425000 0.366000
1.087000 1.425000 0.367400
1.163000 1.425000 0.368600
1.238000 1.425000 0.369800
1.313000 1.425000 0.370800
1.388000 1.425000 0.371600
1.463000 1.425000 0.372300
1.538000 1.425000 0.372800
1.613000 1.425000 0.373100
1.688000 1.425000 0.373100
1.763000 1.425000 0.373000
1.838000 1.425000 0.372600
1.913000 1.425000 0.372000
1.988000 1.425000 0.371200
2.063000 1.425000 0.370200
2.138000 1.425000 0.369000
2.213000 1.425000 0.367600
2.288000 1.425000 0.366100
2.363000 1.425000 0.364400
2.438000 1.425000 0.362500
2.513000 1.425000 0.360600
2.588000 1.425000 0.358500
2.663000 1.425000 0.356500
2.738000 1.425000 0.354300
2.813000 1.425000 0.352200
2.888000 1.425000 0.350100
2.963000 1.425000 0.348100
3.038000 1.425000 0.346100
3.113000 1.425000 0.344200
3.188000 1.425000 0.342500
3.263000 1.425000 0.340900
3.338000 1.425000 0.339400
3.413000 1.425000 0.338100
3.488000 1.425000 0.337100
3.563000 1.425000 0.336200
3.638000 1.425000 0.335500
3.713000 1.425000 0.335100
3.788000 1.425000 0.334900
3.863000 1.425000 0.000000
-0.037500 1.575000 0.000000
0.037500 1.575000 0.332300
0.112500 1.575000 0.332500
0.187500 1.575000 0.332800
0.262500 1.575000 0.333300
0.337500 1.575000 0.334000
0.412500 1.575000 0.334800
0.487500 1.575000 0.335700
0.562500 1.575000 0.336700
0.637500 1.575000 0.337900
0.712500 1.575000 0.339000
0.787500 1.575000 0.340300
0.862500 1.575000 0.341500
0.937500 1.575000 0.342700
1.012000 1.575000 0.344000
1.087000 1.575000 0.345100
1.163000 1.575000 0.346200
1.238000 1.575000 0.347200
1.313000 1.575000 0.348000
1.388000 1.575000 0.348700
1.463000 1.575000 0.349300
1.538000 1.575000 0.349700
1.613000 1.575000 0.349900
1.688000 1.575000 0.349900
1.763000 1.575000 0.349700
1.838000 1.575000 0.349400
1.913000 1.575000 0.348800
1.988000 1.575000 0.348100
2.063000 1.575000 0.347100
2.138000 1.575000 0.346000
2.213000 1.575000 0.344700
2.288000 1.575000 0.343300
2.363000 1.575000 0.341700
2.438000 1.575000 0.340000
2.513000 1.575000 0.338300
2.588000 1.575000 0.336400
2.663000 1.575000 0.334500
2.738000 1.575000 0.332600
2.813000 1.575000 0.330700
2.888000 1.575000 0.328800
2.963000 1.575000 0.326900
3.038000 1.575000 0.325100
3.113000 1.575000 0.323400
3.188000 1.575000 0.321900
3.263000 1.575000 0.320400
3.338000 1.575000 0.319100
3.413000 1.575000 0.317900
3.488000 1.575000 0.317000
3.563000 1.575000 0.316200
3.638000 1.575000 0.315600
3.713000 1.575000 0.315200
3.788000 1.575000 0.315000
3.863000 1.575000 0.000000
-0.037500 1.725000 0.000000
0.037500 1.725000 0.303600
0.112500 1.725000 0.303700
0.187500 1.725000 0.304000
0.262500 1.725000 0.304500
0.337500 1.725000 0.305000
0.412500 1.725000 0.305700
0.487500 1.725000 0.306400
0.562500 1.725000 0.307300
0.637500 1.725000 0.308200
0.712500 1.725000 0.309200
0.787500 1.725000 0.310200
0.862500 1.725000 0.311200
0.937500 1.725000 0.312300
1.012000 1.725000 0.313200
1.087000 1.725000 0.314200
1.163000 1.725000 0.315100
1.238000 1.725000 0.315800
1.313000 1.725000 0.316500
1.388000 1.725000 0.317100
1.463000 1.725000 0.317500
1.538000 1.725000 0.317800
1.613000 1.725000 0.318000
1.688000 1.725000 0.317900
1.763000 1.725000 0.317800
1.838000 1.725000 0.317400
1.913000 1.725000 0.316900
1.988000 1.725000 0.316200
2.063000 1.725000 0.315300
2.138000 1.725000 0.314300
2.213000 1.725000 0.313200
2.288000 1.725000 0.311900
2.363000 1.725000 0.310600
2.438000 1.725000 0.309100
2.513000 1.725000 0.307500
2.588000 1.725000 0.305900
2.663000 1.725000 0.304300
2.738000 1.725000 0.302600
2.813000 1.725000 0.300900
2.888000 1.725000 0.299300
2.963000 1.725000 0.297700
3.038000 1.725000 0.296100
3.113000 1.725000 0.294700
3.188000 1.725000 0.293300
3.263000 1.725000 0.292000
3.338000 1.725000 0.290900
3.413000 1.725000 0.289900
3.488000 1.725000 0.289100
3.563000 1.725000 0.288400
3.638000 1.725000 0.287900
3.713000 1.725000 0.287600
3.788000 1.725000 0.287400
3.863000 1.725000 0.000000
-0.037500 1.875000 0.000000
0.037500 1.875000 0.269600
0.112500 1.875000 0.269700
0.187500 1.875000 0.269900
0.262500 1.875000 0.270200
0.337500 1.875000 0.270700
0.412500 1.875000 0.271200
0.487500 1.875000 0.271800
0.562500 1.875000 0.272500
0.637500 1.875000 0.273200
0.712500 1.875000 0.274000
0.787500 1.875000 0.274700
0.862500 1.875000 0.275500
0.937500 1.875000 0.276300
1.012000 1.875000 0.277100
1.087000 1.875000 0.277800
1.163000 1.875000 0.278500
1.238000 1.875000 0.279100
1.313000 1.875000 0.279600
1.388000 1.875000 0.280000
1.463000 1.875000 0.280300
1.538000 1.875000 0.280500
1.613000 1.875000 0.280600
1.688000 1.875000 0.280500
1.763000 1.875000 0.280300
1.838000 1.875000 0.280000
1.913000 1.875000 0.279500
1.988000 1.875000 0.278900
2.063000 1.875000 0.278200
2.138000 1.875000 0.277300
2.213000 1.875000 0.276300
2.288000 1.875000 0.275300
2.363000 1.875000 0.274100
2.438000 1.875000 0.272900
2.513000 1.875000 0.271600
2.588000 1.875000 0.270200
2.663000 1.875000 0.268900
2.738000 1.875000 0.267500
2.813000 1.875000 0.266100
2.888000 1.875000 0.264700
2.963000 1.875000 0.263400
3.038000 1.875000 0.262100
3.113000 1.875000 0.260900
3.188000 1.875000 0.259700
3.263000 1.875000 0.258700
3.338000 1.875000 0.257800
3.413000 1.875000 0.257000
3.488000 1.875000 0.256300
3.563000 1.875000 0.255700
3.638000 1.875000 0.255300
3.713000 1.875000 0.255000
3.788000 1.875000 0.254900
3.863000 1.875000 0.000000
-0.037500 2.025000 0.000000
0.037500 2.025000 0.232900
0.112500 2.025000 0.233000
0.187500 2.025000 0.233100
0.262500 2.025000 0.233400
0.337500 2.025000 0.233700
0.412500 2.025000 0.234000
0.487500 2.025000 0.234500
0.562500 2.025000 0.235000
0.637500 2.025000 0.235500
0.712500 2.025000 0.236000
0.787500 2.025000 0.236600
0.862500 2.025000 0.237100
0.937500 2.025000 0.237700
1.012000 2.025000 0.238200
1.087000 2.025000 0.238700
1.163000 2.025000 0.239200
1.238000 2.025000 0.239600
1.313000 2.025000 0.239900
1.388000 2.025000 0.240200
1.463000 2.025000 0.240400
1.538000 2.025000 0.240500
1.613000 2.025000 0.240500
1.688000 2.025000 0.240400
1.763000 2.025000 0.240200
1.838000 2.025000 0.239900
1.913000 2.025000 0.239500
1.988000 2.025000 0.238900
2.063000 2.025000 0.238300
2.138000 2.025000 0.237600
2.213000 2.025000 0.236900
2.288000 2.025000 0.236000
2.363000 2.025000 0.235100
2.438000 2.025000 0.234100
2.513000 2.025000 0.233100
2.588000 2.025000 0.232000
2.663000 2.025000 0.230900
2.738000 2.025000 0.229800
2.813000 2.025000 0.228700
2.888000 2.025000 0.227600
2.963000 2.025000 0.226600
3.038000 2.025000 0.225600
3.113000 2.025000 0.224600
3.188000 2.025000 0.223800
3.263000 2.025000 0.223000
3.338000 2.025000 0.222200
3.413000 2.025000 0.221600
3.488000 2.025000 0.221100
3.563000 2.025000 0.220600
3.638000 2.025000 0.220300
3.713000 2.025000 0.220100
3.788000 2.025000 0.220000
3.863000 2.025000 0.000000
-0.037500 2.175000 0.000000
0.037500 2.175000 0.195700
0.112500 2.175000 0.195800
0.187500 2.175000 0.195900
0.262500 2.175000 0.196000
0.337500 2.175000 0.196200
0.412500 2.175000 0.196500
0.487500 2.175000 0.196700
0.562500 2.175000 0.197000
0.637500 2.175000 0.197300
0.712500 2.175000 0.197700
0.787500 2.175000 0.198000
0.862500 2.175000 0.198300
0.937500 2.175000 0.198700
1.012000 2.175000 0.199000
1.087000 2.175000 0.199300
1.163000 2.175000 0.199500
1.238000 2.175000 0.199700
1.313000 2.175000 0.199900
1.388000 2.175000 0.200000
1.463000 2.175000 0.200100
1.538000 2.175000 0.200100
1.613000 2.175000 0.200000
1.688000 2.175000 0.199900
1.763000 2.175000 0.199700
1.838000 2.175000 0.199400
1.913000 2.175000 0.199000
1.988000 2.175000 0.198600
2.063000 2.175000 0.198200
2.138000 2.175000 0.197600
2.213000 2.175000 0.197000
2.288000 2.175000 0.196400
2.363000 2.175000 0.195700
2.438000 2.175000 0.194900
2.513000 2.175000 0.194200
2.588000 2.175000 0.193400
2.663000 2.175000 0.192600
2.738000 2.175000 0.191800
2.813000 2.175000 0.191000
2.888000 2.175000 0.190300
2.963000 2.175000 0.189500
3.038000 2.175000 0.188800
3.113000 2.175000 0.188100
3.188000 2.175000 0.187500
3.263000 2.175000 0.186900
3.338000 2.175000 0.186400
3.413000 2.175000 0.185900
3.488000 2.175000 0.185600
3.563000 2.175000 0.185200
3.638000 2.175000 0.185000
3.713000 2.175000 0.184900
3.788000 2.175000 0.184800
3.863000 2.175000 0.000000
-0.037500 2.325000 0.000000
0.037500 2.325000 0.171900
0.112500 2.325000 0.171900
0.187500 2.325000 0.172000
0.262500 2.325000 0.172100
0.337500 2.325000 0.172200
0.412500 2.325000 0.172300
0.487500 2.325000 0.172500
0.562500 2.325000 0.172700
0.637500 2.325000 0.172800
0.712500 2.325000 0.173000
0.787500 2.325000 0.173200
0.862500 2.325000 0.173400
0.937500 2.325000 0.173600
1.012000 2.325000 0.173800
1.087000 2.325000 0.173900
1.163000 2.325000 0.174000
1.238000 2.325000 0.174100
1.313000 2.325000 0.174200
1.388000 2.325000 0.174200
1.463000 2.325000 0.174200
1.538000 2.325000 0.174100
1.613000 2.325000 0.174000
1.688000 2.325000 0.173900
1.763000 2.325000 0.173600
1.838000 2.325000 0.173400
1.913000 2.325000 0.173100
1.988000 2.325000 0.172700
2.063000 2.325000 0.172300
2.138000 2.325000 0.171900
2.213000 2.325000 0.171400
2.288000 2.325000 0.170900
2.363000 2.325000 0.170400
2.438000 2.325000 0.169800
2.513000 2.325000 0.169200
2.588000 2.325000 0.168700
2.663000 2.325000 0.168100
2.738000 2.325000 0.167500
2.813000 2.325000 0.166900
2.888000 2.325000 0.166300
2.963000 2.325000 0.165700
3.038000 2.325000 0.165200
3.113000 2.325000 0.164700
3.188000 2.325000 0.164200
3.263000 2.325000 0.163800
3.338000 2.325000 0.163400
3.413000 2.325000 0.163100
3.488000 2.325000 0.162800
3.563000 2.325000 0.162600
3.638000 2.325000 0.162400
3.713000 2.325000 0.162300
3.788000 2.325000 0.162300
3.863000 2.325000 0.000000
-0.037500 2.475000 0.000000
0.037500 2.475000 0.160600
0.112500 2.475000 0.160600
0.187500 2.475000 0.160700
0.262500 2.475000 0.160700
0.337500 2.475000 0.160800
0.412500 2.475000 0.160900
0.487500 2.475000 0.161000
0.562500 2.475000 0.161200
0.637500 2.475000 0.161300
0.712500 2.475000 0.161500
0.787500 2.475000 0.161600
0.862500 2.475000 0.161700
0.937500 2.475000 0.161900
1.012000 2.475000 0.162000
1.087000 2.475000 0.162100
1.163000 2.475000 0.162100
1.238000 2.475000 0.162200
1.313000 2.475000 0.162200
1.388000 2.475000 0.162200
1.463000 2.475000 0.162200
1.538000 2.475000 0.162100
1.613000 2.475000 0.162000
1.688000 2.475000 0.161800
1.763000 2.475000 0.161600
1.838000 2.475000 0.161400
1.913000 2.475000 0.161100
1.988000 2.475000 0.160800
2.063000 2.475000 0.160400
2.138000 2.475000 0.160000
2.213000 2.475000 0.159600
2.288000 2.475000 0.159100
2.363000 2.475000 0.158700
2.438000 2.475000 0.158200
2.513000 2.475000 0.157700
2.588000 2.475000 0.157100
2.663000 2.475000 0.156600
2.738000 2.475000 0.156100
2.813000 2.475000 0.155600
2.888000 2.475000 0.155100
2.963000 2.475000 0.154600
3.038000 2.475000 0.154100
3.113000 2.475000 0.153700
3.188000 2.475000 0.153300
3.263000 2.475000 0.152900
3.338000 2.475000 0.152600
3.413000 2.475000 0.152300
3.488000 2.475000 0.152100
3.563000 2.475000 0.151900
3.638000 2.475000 0.151700
3.713000 2.475000 0.151600
3.788000 2.475000 0.151600
3.863000 2.475000 0.000000
-0.037500 2.625000 0.000000
0.037500 2.625000 0.150100
0.112500 2.625000 0.150100
0.187500 2.625000 0.150100
0.262500 2.625000 0.150200
0.337500 2.625000 0.150300
0.412500 2.625000 0.150300
0.487500 2.625000 0.150400
0.562500 2.625000 0.150500
0.637500 2.625000 0.150600
0.712500 2.625000 0.150800
0.787500 2.625000 0.150900
0.862500 2.625000 0.151000
0.937500 2.625000 0.151100
1.012000 2.625000 0.151100
1.087000 2.625000 0.151200
1.163000 2.625000 0.151300
1.238000 2.625000 0.151300
1.313000 2.625000 0.151300
1.388000 2.625000 0.151200
1.463000 2.625000 0.151200
1.538000 2.625000 0.151100
1.613000 2.625000 0.151000
1.688000 2.625000 0.150800
1.763000 2.625000 0.150600
1.838000 2.625000 0.150400
1.913000 2.625000 0.150100
1.988000 2.625000 0.149800
2.063000 2.625000 0.149500
2.138000 2.625000 0.149100
2.213000 2.625000 0.148800
2.288000 2.625000 0.148300
2.363000 2.625000 0.147900
2.438000 2.625000 0.147500
2.513000 2.625000 0.147000
2.588000 2.625000 0.146600
2.663000 2.625000 0.146100
2.738000 2.625000 0.145600
2.813000 2.625000 0.145200
2.888000 2.625000 0.144700
2.963000 2.625000 0.144300
3.038000 2.625000 0.143900
3.113000 2.625000 0.143500
3.188000 2.625000 0.143200
3.263000 2.625000 0.142900
3.338000 2.625000 0.142600
3.413000 2.625000 0.142300
3.488000 2.625000 0.142100
3.563000 2.625000 0.141900
3.638000 2.625000 0.141800
3.713000 2.625000 0.141700
3.788000 2.625000 0.141700
3.863000 2.625000 0.000000
-0.037500 2.775000 0.000000
0.037500 2.775000 0.140500
0.112500 2.775000 0.140500
0.187500 2.775000 0.140500
0.262500 2.775000 0.140600
0.337500 2.775000 0.140600
0.412500 2.775000 0.140700
0.487500 2.775000 0.140800
0.562500 2.775000 0.140800
0.637500 2.775000 0.140900
0.712500 2.775000 0.141000
0.787500 2.775000 0.141100
0.862500 2.775000 0.141200
0.937500 2.775000 0.141300
1.012000 2.775000 0.141300
1.087000 2.775000 0.141400
1.163000 2.775000 0.141400
1.238000 2.775000 0.141400
1.313000 2.775000 0.141400
1.388000 2.775000 0.141400
1.463000 2.775000 0.141300
1.538000 2.775000 0.141200
1.613000 2.775000 0.141100
1.688000 2.775000 0.140900
1.763000 2.775000 0.140700
1.838000 2.775000 0.140500
1.913000 2.775000 0.140300
1.988000 2.775000 0.140000
2.063000 2.775000 0.139700
2.138000 2.775000 0.139400
2.213000 2.775000 0.139000
2.288000 2.775000 0.138700
2.363000 2.775000 0.138300
2.438000 2.775000 0.137900
2.513000 2.775000 0.137400
2.588000 2.775000 0.137000
2.663000 2.775000 0.136600
2.738000 2.775000 0.136200
2.813000 2.775000 0.135800
2.888000 2.775000 0.135400
2.963000 2.775000 0.135000
3.038000 2.775000 0.134600
3.113000 2.775000 0.134300
3.188000 2.775000 0.134000
3.263000 2.775000 0.133700
3.338000 2.775000 0.133400
3.413000 2.775000 0.133200
3.488000 2.775000 0.133000
3.563000 2.775000 0.132800
3.638000 2.775000 0.132700
3.713000 2.775000 0.132700
3.788000 2.775000 0.132600
3.863000 2.775000 0.000000
-0.037500 2.925000 0.000000
0.037500 2.925000 0.123200
0.112500 2.925000 0.123200
0.187500 2.925000 0.123200
0.262500 2.925000 0.123200
0.337500 2.925000 0.123300
0.412500 2.925000 0.123300
0.487500 2.925000 0.123400
0.562500 2.925000 0.123500
0.637500 2.925000 0.123600
0.712500 2.925000 0.123600
0.787500 2.925000 0.123700
0.862500 2.925000 0.123800
0.937500 2.925000 0.123800
1.012000 2.925000 0.123900
1.087000 2.925000 0.123900
1.163000 2.925000 0.123900
1.238000 2.925000 0.123900
1.313000 2.925000 0.123900
1.388000 2.925000 0.123900
1.463000 2.925000 0.123800
1.538000 2.925000 0.123800
1.613000 2.925000 0.123600
1.688000 2.925000 0.123500
1.763000 2.925000 0.123300
1.838000 2.925000 0.123100
1.913000 2.925000 0.122900
1.988000 2.925000 0.122700
2.063000 2.925000 0.122400
2.138000 2.925000 0.122100
2.213000 2.925000 0.121800
2.288000 2.925000 0.121500
2.363000 2.925000 0.121200
2.438000 2.925000 0.120800
2.513000 2.925000 0.120400
2.588000 2.925000 0.120100
2.663000 2.925000 0.119700
2.738000 2.925000 0.119400
2.813000 2.925000 0.119000
2.888000 2.925000 0.118600
2.963000 2.925000 0.118300
3.038000 2.925000 0.118000
3.113000 2.925000 0.117700
3.188000 2.925000 0.117400
3.263000 2.925000 0.117200
3.338000 2.925000 0.116900
3.413000 2.925000 0.116700
3.488000 2.925000 0.116600
3.563000 2.925000 0.116400
3.638000 2.925000 0.116300
3.713000 2.925000 0.116300
3.788000 2.925000 0.116200
3.863000 2.925000 0.000000
-0.037500 3.075000 0.000000
0.037500 3.075000 0.100500
0.112500 3.075000 0.100500
0.187500 3.075000 0.100500
0.262500 3.075000 0.100500
0.337500 3.075000 0.100600
0.412500 3.075000 0.100600
0.487500 3.075000 0.100700
0.562500 3.075000 0.100700
0.637500 3.075000 0.100800
0.712500 3.075000 0.100800
0.787500 3.075000 0.100900
0.862500 3.075000 0.100900
0.937500 3.075000 0.101000
1.012000 3.075000 0.101000
1.087000 3.075000 0.101000
1.163000 3.075000 0.101000
1.238000 3.075000 0.101000
1.313000 3.075000 0.101000
1.388000 3.075000 0.101000
1.463000 3.075000 0.100900
1.538000 3.075000 0.100900
1.613000 3.075000 0.100800
1.688000 3.075000 0.100700
1.763000 3.075000 0.100500
1.838000 3.075000 0.100400
1.913000 3.075000 0.100200
1.988000 3.075000 0.099990
2.063000 3.075000 0.099770
2.138000 3.075000 0.099540
2.213000 3.075000 0.099290
2.288000 3.075000 0.099020
2.363000 3.075000 0.098750
2.438000 3.075000 0.098460
2.513000 3.075000 0.098170
2.588000 3.075000 0.097880
2.663000 3.075000 0.097580
2.738000 3.075000 0.097290
2.813000 3.075000 0.097000
2.888000 3.075000 0.096720
2.963000 3.075000 0.096450
3.038000 3.075000 0.096190
3.113000 3.075000 0.095950
3.188000 3.075000 0.095730
3.263000 3.075000 0.095520
3.338000 3.075000 0.095340
3.413000 3.075000 0.095180
3.488000 3.075000 0.095050
3.563000 3.075000 0.094940
3.638000 3.075000 0.094860
3.713000 3.075000 0.094800
3.788000 3.075000 0.094770
3.863000 3.075000 0.000000
-0.037500 3.225000 0.000000
0.037500 3.225000 0.081000
0.112500 3.225000 0.081010
0.187500 3.225000 0.081030
0.262500 3.225000 0.081050
0.337500 3.225000 0.081080
0.412500 3.225000 0.081110
0.487500 3.225000 0.081150
0.562500 3.225000 0.081190
0.637500 3.225000 0.081230
0.712500 3.225000 0.081270
0.787500 3.225000 0.081310
0.862500 3.225000 0.081350
0.937500 3.225000 0.081380
1.012000 3.225000 0.081400
1.087000 3.225000 0.081420
1.163000 3.225000 0.081430
1.238000 3.225000 0.081420
1.313000 3.225000 0.081400
1.388000 3.225000 0.081370
1.463000 3.225000 0.081330
1.538000 3.225000 0.081270
1.613000 3.225000 0.081190
1.688000 3.225000 0.081090
1.763000 3.225000 0.080980
1.838000 3.225000 0.080850
1.913000 3.225000 0.080710
1.988000 3.225000 0.080550
2.063000 3.225000 0.080380
2.138000 3.225000 0.080190
2.213000 3.225000 0.079990
2.288000 3.225000 0.079780
2.363000 3.225000 0.079560
2.438000 3.225000 0.079330
2.513000 3.225000 0.079100
2.588000 3.225000 0.078860
2.663000 3.225000 0.078630
2.738000 3.225000 0.078400
2.813000 3.225000 0.078170
2.888000 3.225000 0.077940
2.963000 3.225000 0.077730
3.038000 3.225000 0.077520
3.113000 3.225000 0.077330
3.188000 3.225000 0.077150
3.263000 3.225000 0.076990
3.338000 3.225000 0.076850
3.413000 3.225000 0.076720
3.488000 3.225000 0.076610
3.563000 3.225000 0.076520
3.638000 3.225000 0.076460
3.713000 3.225000 0.076410
3.788000 3.225000 0.076380
3.863000 3.225000 0.000000
-0.037500 3.375000 0.000000
0.037500 3.375000 0.064610
0.112500 3.375000 0.064620
0.187500 3.375000 0.064630
0.262500 3.375000 0.064650
0.337500 3.375000 0.064670
0.412500 3.375000 0.064690
0.487500 3.375000 0.064720
0.562500 3.375000 0.064750
0.637500 3.375000 0.064780
0.712500 3.375000 0.064800
0.787500 3.375000 0.064830
0.862500 3.375000 0.064860
0.937500 3.375000 0.064880
1.012000 3.375000 0.064900
1.087000 3.375000 0.064910
1.163000 3.375000 0.064910
1.238000 3.375000 0.064900
1.313000 3.375000 0.064880
1.388000 3.375000 0.064860
1.463000 3.375000 0.064820
1.538000 3.375000 0.064770
1.613000 3.375000 0.064700
1.688000 3.375000 0.064630
1.763000 3.375000 0.064540
1.838000 3.375000 0.064430
1.913000 3.375000 0.064320
1.988000 3.375000 0.064190
2.063000 3.375000 0.064050
2.138000 3.375000 0.063900
2.213000 3.375000 0.063740
2.288000 3.375000 0.063580
2.363000 3.375000 0.063400
2.438000 3.375000 0.063230
2.513000 3.375000 0.063040
2.588000 3.375000 0.062860
2.663000 3.375000 0.062670
2.738000 3.375000 0.062490
2.813000 3.375000 0.062310
2.888000 3.375000 0.062130
2.963000 3.375000 0.061970
3.038000 3.375000 0.061800
3.113000 3.375000 0.061650
3.188000 3.375000 0.061510
3.263000 3.375000 0.061390
3.338000 3.375000 0.061270
3.413000 3.375000 0.061170
3.488000 3.375000 0.061080
3.563000 3.375000 0.061010
3.638000 3.375000 0.060960
3.713000 3.375000 0.060920
3.788000 3.375000 0.060900
3.863000 3.375000 0.000000
-0.037500 3.525000 0.000000
0.037500 3.525000 0.051010
0.112500 3.525000 0.051020
0.187500 3.525000 0.051030
0.262500 3.525000 0.051040
0.337500 3.525000 0.051050
0.412500 3.525000 0.051070
0.487500 3.525000 0.051090
0.562500 3.525000 0.051110
0.637500 3.525000 0.051130
0.712500 3.525000 0.051150
0.787500 3.525000 0.051170
0.862500 3.525000 0.051190
0.937500 3.525000 0.051200
1.012000 3.525000 0.051210
1.087000 3.525000 0.051210
1.163000 3.525000 0.051210
1.238000 3.525000 0.051210
1.313000 3.525000 0.051190
1.388000 3.525000 0.051170
1.463000 3.525000 0.051130
1.538000 3.525000 0.051090
1.613000 3.525000 0.051040
1.688000 3.525000 0.050980
1.763000 3.525000 0.050910
1.838000 3.525000 0.050820
1.913000 3.525000 0.050730
1.988000 3.525000 0.050630
2.063000 3.525000 0.050520
2.138000 3.525000 0.050410
2.213000 3.525000 0.050280
2.288000 3.525000 0.050150
2.363000 3.525000 0.050020
2.438000 3.525000 0.049880
2.513000 3.525000 0.049740
2.588000 3.525000 0.049590
2.663000 3.525000 0.049450
2.738000 3.525000 0.049310
2.813000 3.525000 0.049170
2.888000 3.525000 0.049030
2.963000 3.525000 0.048900
3.038000 3.525000 0.048770
3.113000 3.525000 0.048660
3.188000 3.525000 0.048550
3.263000 3.525000 0.048450
3.338000 3.525000 0.048360
3.413000 3.525000 0.048280
3.488000 3.525000 0.048210
3.563000 3.525000 0.048160
3.638000 3.525000 0.048110
3.713000 3.525000 0.048080
3.788000 3.525000 0.048060
3.863000 3.525000 0.000000
-0.037500 3.675000 0.000000
0.037500 3.675000 0.039900
0.112500 3.675000 0.039900
0.187500 3.675000 0.039900
0.262500 3.675000 0.039910
0.337500 3.675000 0.039920
0.412500 3.675000 0.039930
0.487500 3.675000 0.039950
0.562500 3.675000 0.039960
0.637500 3.675000 0.039970
0.712500 3.675000 0.039990
0.787500 3.675000 0.040000
0.862500 3.675000 0.040010
0.937500 3.675000 0.040020
1.012000 3.675000 0.040030
1.087000 3.675000 0.040030
1.163000 3.675000 0.040030
1.238000 3.675000 0.040020
1.313000 3.675000 0.040000
1.388000 3.675000 0.039980
1.463000 3.675000 0.039960
1.538000 3.675000 0.039920
1.613000 3.675000 0.039880
1.688000 3.675000 0.039830
1.763000 3.675000 0.039770
1.838000 3.675000 0.039710
1.913000 3.675000 0.039640
1.988000 3.675000 0.039560
2.063000 3.675000 0.039480
2.138000 3.675000 0.039390
2.213000 3.675000 0.039290
2.288000 3.675000 0.039190
2.363000 3.675000 0.039090
2.438000 3.675000 0.038980
2.513000 3.675000 0.038870
2.588000 3.675000 0.038760
2.663000 3.675000 0.038650
2.738000 3.675000 0.038540
2.813000 3.675000 0.038430
2.888000 3.675000 0.038330
2.963000 3.675000 0.038220
3.038000 3.675000 0.038130
3.113000 3.675000 0.038040
3.188000 3.675000 0.037950
3.263000 3.675000 0.037880
3.338000 3.675000 0.037810
3.413000 3.675000 0.037750
3.488000 3.675000 0.037690
3.563000 3.675000 0.037650
3.638000 3.675000 0.037610
3.713000 3.675000 0.037590
3.788000 3.675000 0.037570
3.863000 3.675000 0.000000
-0.037500 3.825000 0.000000
0.037500 3.825000 0.030930
0.112500 3.825000 0.030940
0.187500 3.825000 0.030940
0.262500 3.825000 0.030940
0.337500 3.825000 0.030950
0.412500 3.825000 0.030960
0.487500 3.825000 0.030970
0.562500 3.825000 0.030980
0.637500 3.825000 0.030990
0.712500 3.825000 0.031000
0.787500 3.825000 0.031010
0.862500 3.825000 0.031010
0.937500 3.825000 0.031020
1.012000 3.825000 0.031020
1.087000 3.825000 0.031020
1.163000 3.825000 0.031020
1.238000 3.825000 0.031010
1.313000 3.825000 0.031000
1.388000 3.825000 0.030980
1.463000 3.825000 0.030960
1.538000 3.825000 0.030930
1.613000 3.825000 0.030900
1.688000 3.825000 0.030860
1.763000 3.825000 0.030810
1.838000 3.825000 0.030760
1.913000 3.825000 0.030710
1.988000 3.825000 0.030650
2.063000 3.825000 0.030580
2.138000 3.825000 0.030510
2.213000 3.825000 0.030440
2.288000 3.825000 0.030360
2.363000 3.825000 0.030280
2.438000 3.825000 0.030200
2.513000 3.825000 0.030120
2.588000 3.825000 0.030030
2.663000 3.825000 0.029950
2.738000 3.825000 0.029860
2.813000 3.825000 0.029780
2.888000 3.825000 0.029700
2.963000 3.825000 0.029630
3.038000 3.825000 0.029550
3.113000 3.825000 0.029480
3.188000 3.825000 0.029420
3.263000 3.825000 0.029360
3.338000 3.825000 0.029310
3.413000 3.825000 0.029260
3.488000 3.825000 0.029220
3.563000 3.825000 0.029190
3.638000 3.825000 0.029160
3.713000 3.825000 0.029140
3.788000 3.825000 0.029130
3.863000 3.825000 0.000000
-0.037500 3.975000 0.000000
0.037500 3.975000 0.023810
0.112500 3.975000 0.023810
0.187500 3.975000 0.023810
0.262500 3.975000 0.023820
0.337500 3.975000 0.023820
0.412500 3.975000 0.023830
0.487500 3.975000 0.023830
0.562500 3.975000 0.023840
0.637500 3.975000 0.023850
0.712500 3.975000 0.023850
0.787500 3.975000 0.023860
0.862500 3.975000 0.023860
0.937500 3.975000 0.023860
1.012000 3.975000 0.023860
1.087000 3.975000 0.023860
1.163000 3.975000 0.023860
1.238000 3.975000 0.023850
1.313000 3.975000 0.023840
1.388000 3.975000 0.023830
1.463000 3.975000 0.023810
1.538000 3.975000 0.023790
1.613000 3.975000 0.023760
1.688000 3.975000 0.023730
1.763000 3.975000 0.023700
1.838000 3.975000 0.023660
1.913000 3.975000 0.023620
1.988000 3.975000 0.023570
2.063000 3.975000 0.023520
2.138000 3.975000 0.023470
2.213000 3.975000 0.023410
2.288000 3.975000 0.023350
2.363000 3.975000 0.023290
2.438000 3.975000 0.023230
2.513000 3.975000 0.023170
2.588000 3.975000 0.023100
2.663000 3.975000 0.023040
2.738000 3.975000 0.022980
2.813000 3.975000 0.022910
2.888000 3.975000 0.022850
2.963000 3.975000 0.022800
3.038000 3.975000 0.022740
3.113000 3.975000 0.022690
3.188000 3.975000 0.022640
3.263000 3.975000 0.022590
3.338000 3.975000 0.022550
3.413000 3.975000 0.022520
3.488000 3.975000 0.022490
3.563000 3.975000 0.022460
3.638000 3.975000 0.022440
3.713000 3.975000 0.022420
3.788000 3.975000 0.022410
3.863000 3.975000 0.000000
-0.037500 4.125000 0.000000
0.037500 4.125000 0.018230
0.112500 4.125000 0.018230
0.187500 4.125000 0.018230
0.262500 4.125000 0.018230
0.337500 4.125000 0.018240
0.412500 4.125000 0.018240
0.487500 4.125000 0.018240
0.562500 4.125000 0.018250
0.637500 4.125000 0.018250
0.712500 4.125000 0.018260
0.787500 4.125000 0.018260
0.862500 4.125000 0.018260
0.937500 4.125000 0.018260
1.012000 4.125000 0.018260
1.087000 4.125000 0.018260
1.163000 4.125000 0.018260
1.238000 4.125000 0.018250
1.313000 4.125000 0.018240
1.388000 4.125000 0.018230
1.463000 4.125000 0.018210
1.538000 4.125000 0.018200
1.613000 4.125000 0.018180
1.688000 4.125000 0.018150
1.763000 4.125000 0.018130
1.838000 4.125000 0.018100
1.913000 4.125000 0.018060
1.988000 4.125000 0.018030
2.063000 4.125000 0.017990
2.138000 4.125000 0.017950
2.213000 4.125000 0.017910
2.288000 4.125000 0.017860
2.363000 4.125000 0.017820
2.438000 4.125000 0.017770
2.513000 4.125000 0.017720
2.588000 4.125000 0.017680
2.663000 4.125000 0.017630
2.738000 4.125000 0.017580
2.813000 4.125000 0.017530
2.888000 4.125000 0.017490
2.963000 4.125000 0.017450
3.038000 4.125000 0.017400
3.113000 4.125000 0.017370
3.188000 4.125000 0.017330
3.263000 4.125000 0.017300
3.338000 4.125000 0.017270
3.413000 4.125000 0.017240
3.488000 4.125000 0.017210
3.563000 4.125000 0.017200
3.638000 4.125000 0.017180
3.713000 4.125000 0.017170
3.788000 4.125000 0.017160
3.863000 4.125000 0.000000
-0.037500 4.275000 0.000000
0.037500 4.275000 0.013930
0.112500 4.275000 0.013930
0.187500 4.275000 0.013930
0.262500 4.275000 0.013930
0.337500 4.275000 0.013930
0.412500 4.275000 0.013930
0.487500 4.275000 0.013940
0.562500 4.275000 0.013940
0.637500 4.275000 0.013940
0.712500 4.275000 0.013940
0.787500 4.275000 0.013940
0.862500 4.275000 0.013950
0.937500 4.275000 0.013950
1.012000 4.275000 0.013940
1.087000 4.275000 0.013940
1.163000 4.275000 0.013940
1.238000 4.275000 0.013930
1.313000 4.275000 0.013930
1.388000 4.275000 0.013920
1.463000 4.275000 0.013900
1.538000 4.275000 0.013890
1.613000 4.275000 0.013880
1.688000 4.275000 0.013860
1.763000 4.275000 0.013840
1.838000 4.275000 0.013810
1.913000 4.275000 0.013790
1.988000 4.275000 0.013760
2.063000 4.275000 0.013730
2.138000 4.275000 0.013700
2.213000 4.275000 0.013670
2.288000 4.275000 0.013640
2.363000 4.275000 0.013600
2.438000 4.275000 0.013570
2.513000 4.275000 0.013530
2.588000 4.275000 0.013500
2.663000 4.275000 0.013460
2.738000 4.275000 0.013430
2.813000 4.275000 0.013390
2.888000 4.275000 0.013360
2.963000 4.275000 0.013320
3.038000 4.275000 0.013290
3.113000 4.275000 0.013260
3.188000 4.275000 0.013240
3.263000 4.275000 0.013210
3.338000 4.275000 0.013190
3.413000 4.275000 0.013170
3.488000 4.275000 0.013150
3.563000 4.275000 0.013140
3.638000 4.275000 0.013120
3.713000 4.275000 0.013110
3.788000 4.275000 0.013110
3.863000 4.275000 0.000000
-0.037500 4.425000 0.000000
0.037500 4.425000 0.010680
0.112500 4.425000 0.010680
0.187500 4.425000 0.010680
0.262500 4.425000 0.010680
0.337500 4.425000 0.010680
0.412500 4.425000 0.010680
0.487500 4.425000 0.010680
0.562500 4.425000 0.010680
0.637500 4.425000 0.010690
0.712500 4.425000 0.010690
0.787500 4.425000 0.010690
0.862500 4.425000 0.010690
0.937500 4.425000 0.010690
1.012000 4.425000 0.010690
1.087000 4.425000 0.010680
1.163000 4.425000 0.010680
1.238000 4.425000 0.010670
1.313000 4.425000 0.010670
1.388000 4.425000 0.010660
1.463000 4.425000 0.010650
1.538000 4.425000 0.010640
1.613000 4.425000 0.010630
1.688000 4.425000 0.010620
1.763000 4.425000 0.010600
1.838000 4.425000 0.010580
1.913000 4.425000 0.010560
1.988000 4.425000 0.010540
2.063000 4.425000 0.010520
2.138000 4.425000 0.010500
2.213000 4.425000 0.010470
2.288000 4.425000 0.010450
2.363000 4.425000 0.010420
2.438000 4.425000 0.010400
2.513000 4.425000 0.010370
2.588000 4.425000 0.010340
2.663000 4.425000 0.010320
2.738000 4.425000 0.010290
2.813000 4.425000 0.010260
2.888000 4.425000 0.010240
2.963000 4.425000 0.010210
3.038000 4.425000 0.010190
3.113000 4.425000 0.010170
3.188000 4.425000 0.010150
3.263000 4.425000 0.010130
3.338000 4.425000 0.010110
3.413000 4.425000 0.010100
3.488000 4.425000 0.010080
3.563000 4.425000 0.010070
3.638000 4.425000 0.010060
3.713000 4.425000 0.010050
3.788000 4.425000 0.010050
3.863000 4.425000 0.000000
-0.037500 4.575000 0.000000
0.037500 4.575000 0.008293
0.112500 4.575000 0.008294
0.187500 4.575000 0.008294
0.262500 4.575000 0.008295
0.337500 4.575000 0.008295
0.412500 4.575000 0.008296
0.487500 4.575000 0.008297
0.562500 4.575000 0.008298
0.637500 4.575000 0.008298
0.712500 4.575000 0.008299
0.787500 4.575000 0.008299
0.862500 4.575000 0.008299
0.937500 4.575000 0.008298
1.012000 4.575000 0.008296
1.087000 4.575000 0.008294
1.163000 4.575000 0.008291
1.238000 4.575000 0.008287
1.313000 4.575000 0.008282
1.388000 4.575000 0.008276
1.463000 4.575000 0.008269
1.538000 4.575000 0.008260
1.613000 4.575000 0.008250
1.688000 4.575000 0.008239
1.763000 4.575000 0.008227
1.838000 4.575000 0.008214
1.913000 4.575000 0.008199
1.988000 4.575000 0.008183
2.063000 4.575000 0.008166
2.138000 4.575000 0.008149
2.213000 4.575000 0.008130
2.288000 4.575000 0.008111
2.363000 4.575000 0.008091
2.438000 4.575000 0.008071
2.513000 4.575000 0.008050
2.588000 4.575000 0.008030
2.663000 4.575000 0.008009
2.738000 4.575000 0.007989
2.813000 4.575000 0.007969
2.888000 4.575000 0.007950
2.963000 4.575000 0.007931
3.038000 4.575000 0.007913
3.113000 4.575000 0.007897
3.188000 4.575000 0.007881
3.263000 4.575000 0.007867
3.338000 4.575000 0.007854
3.413000 4.575000 0.007842
3.488000 4.575000 0.007832
3.563000 4.575000 0.007823
3.638000 4.575000 0.007815
3.713000 4.575000 0.007809
3.788000 4.575000 0.007806
3.863000 4.575000 0.000000
-0.037500 4.725000 0.000000
0.037500 4.725000 0.006630
0.112500 4.725000 0.006630
0.187500 4.725000 0.006630
0.262500 4.725000 0.006631
0.337500 4.725000 0.006631
0.412500 4.725000 0.006631
0.487500 4.725000 0.006632
0.562500 4.725000 0.006632
0.637500 4.725000 0.006633
0.712500 4.725000 0.006633
0.787500 4.725000 0.006632
0.862500 4.725000 0.006632
0.937500 4.725000 0.006631
1.012000 4.725000 0.006629
1.087000 4.725000 0.006627
1.163000 4.725000 0.006625
1.238000 4.725000 0.006621
1.313000 4.725000 0.006617
1.388000 4.725000 0.006612
1.463000 4.725000 0.006606
1.538000 4.725000 0.006599
1.613000 4.725000 0.006591
1.688000 4.725000 0.006582
1.763000 4.725000 0.006572
1.838000 4.725000 0.006561
1.913000 4.725000 0.006550
1.988000 4.725000 0.006537
2.063000 4.725000 0.006524
2.138000 4.725000 0.006510
2.213000 4.725000 0.006495
2.288000 4.725000 0.006480
2.363000 4.725000 0.006464
2.438000 4.725000 0.006449
2.513000 4.725000 0.006432
2.588000 4.725000 0.006416
2.663000 4.725000 0.006400
2.738000 4.725000 0.006384
2.813000 4.725000 0.006369
2.888000 4.725000 0.006354
2.963000 4.725000 0.006339
3.038000 4.725000 0.006325
3.113000 4.725000 0.006312
3.188000 4.725000 0.006300
3.263000 4.725000 0.006289
3.338000 4.725000 0.006278
3.413000 4.725000 0.006269
3.488000 4.725000 0.006261
3.563000 4.725000 0.006254
3.638000 4.725000 0.006248
3.713000 4.725000 0.006243
3.788000 4.725000 0.006240
3.863000 4.725000 0.000000
-0.037500 4.875000 0.000000
0.037500 4.875000 0.005579
0.112500 4.875000 0.005579
0.187500 4.875000 0.005578
0.262500 4.875000 0.005578
0.337500 4.875000 0.005578
0.412500 4.875000 0.005578
0.487500 4.875000 0.005579
0.562500 4.875000 0.005579
0.637500 4.875000 0.005579
0.712500 4.875000 0.005578
0.787500 4.875000 0.005578
0.862500 4.875000 0.005577
0.937500 4.875000 0.005576
1.012000 4.875000 0.005575
1.087000 4.875000 0.005573
1.163000 4.875000 0.005570
1.238000 4.875000 0.005567
1.313000 4.875000 0.005563
1.388000 4.875000 0.005559
1.463000 4.875000 0.005554
1.538000 4.875000 0.005548
1.613000 4.875000 0.005541
1.688000 4.875000 0.005533
1.763000 4.875000 0.005525
1.838000 4.875000 0.005516
1.913000 4.875000 0.005506
1.988000 4.875000 0.005496
2.063000 4.875000 0.005485
2.138000 4.875000 0.005473
2.213000 4.875000 0.005461
2.288000 4.875000 0.005448
2.363000 4.875000 0.005435
2.438000 4.875000 0.005422
2.513000 4.875000 0.005409
2.588000 4.875000 0.005395
2.663000 4.875000 0.005382
2.738000 4.875000 0.005369
2.813000 4.875000 0.005356
2.888000 4.875000 0.005344
2.963000 4.875000 0.005331
3.038000 4.875000 0.005320
3.113000 4.875000 0.005309
3.188000 4.875000 0.005299
3.263000 4.875000 0.005290
3.338000 4.875000 0.005281
3.413000 4.875000 0.005274
3.488000 4.875000 0.005267
3.563000 4.875000 0.005261
3.638000 4.875000 0.005256
3.713000 4.875000 0.005252
3.788000 4.875000 0.005249
3.863000 4.875000 0.000000
-0.037500 5.025000 0.000000
0.037500 5.025000 0.005070
0.112500 5.025000 0.005070
0.187500 5.025000 0.005070
0.262500 5.025000 0.005069
0.337500 5.025000 0.005069
0.412500 5.025000 0.005069
0.487500 5.025000 0.005069
0.562500 5.025000 0.005069
0.637500 5.025000 0.005069
0.712500 5.025000 0.005069
0.787500 5.025000 0.005068
0.862500 5.025000 0.005068
0.937500 5.025000 0.005067
1.012000 5.025000 0.005065
1.087000 5.025000 0.005063
1.163000 5.025000 0.005061
1.238000 5.025000 0.005058
1.313000 5.025000 0.005054
1.388000 5.025000 0.005050
1.463000 5.025000 0.005045
1.538000 5.025000 0.005040
1.613000 5.025000 0.005034
1.688000 5.025000 0.005027
1.763000 5.025000 0.005019
1.838000 5.025000 0.005011
1.913000 5.025000 0.005002
1.988000 5.025000 0.004993
2.063000 5.025000 0.004983
2.138000 5.025000 0.004972
2.213000 5.025000 0.004961
2.288000 5.025000 0.004950
2.363000 5.025000 0.004938
2.438000 5.025000 0.004926
2.513000 5.025000 0.004914
2.588000 5.025000 0.004902
2.663000 5.025000 0.004890
2.738000 5.025000 0.004878
2.813000 5.025000 0.004867
2.888000 5.025000 0.004855
2.963000 5.025000 0.004845
3.038000 5.025000 0.004834
3.113000 5.025000 0.004825
3.188000 5.025000 0.004815
3.263000 5.025000 0.004807
3.338000 5.025000 0.004799
3.413000 5.025000 0.004792
3.488000 5.025000 0.004786
3.563000 5.025000 0.004781
3.638000 5.025000 0.004776
3.713000 5.025000 0.004773
3.788000 5.025000 0.004770
3.863000 5.025000 0.000000
-0.037500 5.175000 0.000000
0.037500 5.175000 0.000000
0.112500 5.175000 0.000000
0.187500 5.175000 0.000000
0.262500 5.175000 0.000000
0.337500 5.175000 0.000000
0.412500 5.175000 0.000000
0.487500 5.175000 0.000000
0.562500 5.175000 0.000000
0.637500 5.175000 0.000000
0.712500 5.175000 0.000000
0.787500 5.175000 0.000000
0.862500 5.175000 0.000000
0.937500 5.175000 0.000000
1.012000 5.175000 0.000000
1.087000 5.175000 0.000000
1.163000 5.175000 0.000000
1.238000 5.175000 0.000000
1.313000 5.175000 0.000000
1.388000 5.175000 0.000000
1.463000 5.175000 0.000000
1.538000 5.175000 0.000000
1.613000 5.175000 0.000000
1.688000 5.175000 0.000000
1.763000 5.175000 0.000000
1.838000 5.175000 0.000000
1.913000 5.175000 0.000000
1.988000 5.175000 0.000000
2.063000 5.175000 0.000000
2.138000 5.175000 0.000000
2.213000 5.175000 0.000000
2.288000 5.175000 0.000000
2.363000 5.175000 0.000000
2.438000 5.175000 0.000000
2.513000 5.175000 0.000000
2.588000 5.175000 0.000000
2.663000 5.175000 0.000000
2.738000 5.175000 0.000000
2.813000 5.175000 0.000000
2.888000 5.175000 0.000000
2.963000 5.175000 0.000000
3.038000 5.175000 0.000000
3.113000 5.175000 0.000000
3.188000 5.175000 0.000000
3.263000 5.175000 0.000000
3.338000 5.175000 0.000000
3.413000 5.175000 0.000000
3.488000 5.175000 0.000000
3.563000 5.175000 0.000000
3.638000 5.175000 0.000000
3.713000 5.175000 0.000000
3.788000 5.175000 0.000000
3.863000 5.175000 0.000000
