-0.037500 -0.075000 0.000000
0.037500 -0.075000 0.000000
0.112500 -0.075000 0.000000
0.187500 -0.075000 0.000000
0.262500 -0.075000 0.000000
0.337500 -0.075000 0.000000
0.412500 -0.075000 0.000000
0.487500 -0.075000 0.000000
0.562500 -0.075000 0.000000
0.637500 -0.075000 0.000000
0.712500 -0.075000 0.000000
0.787500 -0.075000 0.000000
0.862500 -0.075000 0.000000
0.937500 -0.075000 0.000000
1.012000 -0.075000 0.000000
1.087000 -0.075000 0.000000
1.163000 -0.075000 0.000000
1.238000 -0.075000 0.000000
1.313000 -0.075000 0.000000
1.388000 -0.075000 0.000000
1.463000 -0.075000 0.000000
1.538000 -0.075000 0.000000
1.613000 -0.075000 0.000000
1.688000 -0.075000 0.000000
1.763000 -0.075000 0.000000
1.838000 -0.075000 0.000000
1.913000 -0.075000 0.000000
1.988000 -0.075000 0.000000
2.063000 -0.075000 0.000000
2.138000 -0.075000 0.000000
2.213000 -0.075000 0.000000
2.288000 -0.075000 0.000000
2.363000 -0.075000 0.000000
2.438000 -0.075000 0.000000
2.513000 -0.075000 0.000000
2.588000 -0.075000 0.000000
2.663000 -0.075000 0.000000
2.738000 -0.075000 0.000000
2.813000 -0.075000 0.000000
2.888000 -0.075000 0.000000
2.963000 -0.075000 0.000000
3.038000 -0.075000 0.000000
3.113000 -0.075000 0.000000
3.188000 -0.075000 0.000000
3.263000 -0.075000 0.000000
3.338000 -0.075000 0.000000
3.413000 -0.075000 0.000000
3.488000 -0.075000 0.000000
3.563000 -0.075000 0.000000
3.638000 -0.075000 0.000000
3.713000 -0.075000 0.000000
3.788000 -0.075000 0.000000
3.863000 -0.075000 0.000000
-0.037500 0.075000 0.000000
0.037500 0.075000 0.064710
0.112500 0.075000 0.129400
0.187500 0.075000 0.194100
0.262500 0.075000 0.258800
0.337500 0.075000 0.323500
0.412500 0.075000 0.388100
0.487500 0.075000 0.452600
0.562500 0.075000 0.517000
0.637500 0.075000 0.581200
0.712500 0.075000 0.645000
0.787500 0.075000 0.708500
0.862500 0.075000 0.771200
0.937500 0.075000 0.833200
1.012000 0.075000 0.894100
1.087000 0.075000 0.953500
1.163000 0.075000 1.011000
1.238000 0.075000 1.066000
1.313000 0.075000 1.119000
1.388000 0.075000 1.168000
1.463000 0.075000 1.213000
1.538000 0.075000 1.253000
1.613000 0.075000 1.288000
1.688000 0.075000 1.316000
1.763000 0.075000 1.338000
1.838000 0.075000 1.352000
1.913000 0.075000 1.359000
1.988000 0.075000 1.358000
2.063000 0.075000 1.351000
2.138000 0.075000 1.336000
2.213000 0.075000 1.316000
2.288000 0.075000 1.290000
2.363000 0.075000 1.260000
2.438000 0.075000 1.227000
2.513000 0.075000 1.192000
2.588000 0.075000 1.155000
2.663000 0.075000 1.117000
2.738000 0.075000 1.078000
2.813000 0.075000 1.040000
2.888000 0.075000 1.002000
2.963000 0.075000 0.964800
3.038000 0.075000 0.928700
3.113000 0.075000 0.893800
3.188000 0.075000 0.860100
3.263000 0.075000 0.827600
3.338000 0.075000 0.796500
3.413000 0.075000 0.766700
3.488000 0.075000 0.738300
3.563000 0.075000 0.711100
3.638000 0.075000 0.685100
3.713000 0.075000 0.660400
3.788000 0.075000 0.636800
3.863000 0.075000 0.000000
-0.037500 0.225000 0.000000
0.037500 0.225000 0.064710
0.112500 0.225000 0.129400
0.187500 0.225000 0.194100
0.262500 0.225000 0.258800
0.337500 0.225000 0.323500
0.412500 0.225000 0.388100
0.487500 0.225000 0.452600
0.562500 0.225000 0.517000
0.637500 0.225000 0.581200
0.712500 0.225000 0.645000
0.787500 0.225000 0.708500
0.862500 0.225000 0.771200
0.937500 0.225000 0.833200
1.012000 0.225000 0.894100
1.087000 0.225000 0.953500
1.163000 0.225000 1.011000
1.238000 0.225000 1.066000
1.313000 0.225000 1.119000
1.388000 0.225000 1.168000
1.463000 0.225000 1.213000
1.538000 0.225000 1.253000
1.613000 0.225000 1.288000
1.688000 0.225000 1.316000
1.763000 0.225000 1.338000
1.838000 0.225000 1.352000
1.913000 0.225000 1.359000
1.988000 0.225000 1.358000
2.063000 0.225000 1.351000
2.138000 0.225000 1.336000
2.213000 0.225000 1.316000
2.288000 0.225000 1.290000
2.363000 0.225000 1.260000
2.438000 0.225000 1.227000
2.513000 0.225000 1.192000
2.588000 0.225000 1.155000
2.663000 0.225000 1.117000
2.738000 0.225000 1.078000
2.813000 0.225000 1.040000
2.888000 0.225000 1.002000
2.963000 0.225000 0.964800
3.038000 0.225000 0.928700
3.113000 0.225000 0.893800
3.188000 0.225000 0.860100
3.263000 0.225000 0.827600
3.338000 0.225000 0.796500
3.413000 0.225000 0.766700
3.488000 0.225000 0.738300
3.563000 0.225000 0.711100
3.638000 0.225000 0.685100
3.713000 0.225000 0.660400
3.788000 0.225000 0.636800
3.863000 0.225000 0.000000
-0.037500 0.375000 0.000000
0.037500 0.375000 0.192400
0.112500 0.375000 0.208200
0.187500 0.375000 0.233000
0.262500 0.375000 0.263300
0.337500 0.375000 0.297200
0.412500 0.375000 0.333500
0.487500 0.375000 0.371300
0.562500 0.375000 0.410300
0.637500 0.375000 0.449800
0.712500 0.375000 0.489700
0.787500 0.375000 0.529700
0.862500 0.375000 0.569500
0.937500 0.375000 0.608900
1.012000 0.375000 0.647600
1.087000 0.375000 0.685400
1.163000 0.375000 0.721900
1.238000 0.375000 0.756700
1.313000 0.375000 0.789600
1.388000 0.375000 0.820200
1.463000 0.375000 0.847900
1.538000 0.375000 0.872500
1.613000 0.375000 0.893600
1.688000 0.375000 0.910700
1.763000 0.375000 0.923600
1.838000 0.375000 0.932100
1.913000 0.375000 0.936000
1.988000 0.375000 0.935500
2.063000 0.375000 0.930700
2.138000 0.375000 0.921800
2.213000 0.375000 0.909200
2.288000 0.375000 0.893500
2.363000 0.375000 0.875000
2.438000 0.375000 0.854300
2.513000 0.375000 0.831900
2.588000 0.375000 0.808300
2.663000 0.375000 0.783900
2.738000 0.375000 0.759000
2.813000 0.375000 0.734100
2.888000 0.375000 0.709300
2.963000 0.375000 0.684900
3.038000 0.375000 0.661100
3.113000 0.375000 0.637900
3.188000 0.375000 0.615700
3.263000 0.375000 0.594300
3.338000 0.375000 0.574000
3.413000 0.375000 0.554800
3.488000 0.375000 0.537000
3.563000 0.375000 0.520700
3.638000 0.375000 0.506500
3.713000 0.375000 0.495100
3.788000 0.375000 0.488000
3.863000 0.375000 0.000000
-0.037500 0.525000 0.000000
0.037500 0.525000 0.210400
0.112500 0.525000 0.215800
0.187500 0.525000 0.225700
0.262500 0.525000 0.239100
0.337500 0.525000 0.255100
0.412500 0.525000 0.273100
0.487500 0.525000 0.292500
0.562500 0.525000 0.313100
0.637500 0.525000 0.334500
0.712500 0.525000 0.356400
0.787500 0.525000 0.378500
0.862500 0.525000 0.400700
0.937500 0.525000 0.422800
1.012000 0.525000 0.444500
1.087000 0.525000 0.465700
1.163000 0.525000 0.486100
1.238000 0.525000 0.505500
1.313000 0.525000 0.523800
1.388000 0.525000 0.540700
1.463000 0.525000 0.555900
1.538000 0.525000 0.569300
1.613000 0.525000 0.580600
1.688000 0.525000 0.589800
1.763000 0.525000 0.596600
1.838000 0.525000 0.601000
1.913000 0.525000 0.603000
1.988000 0.525000 0.602500
2.063000 0.525000 0.599700
2.138000 0.525000 0.594700
2.213000 0.525000 0.587600
2.288000 0.525000 0.578800
2.363000 0.525000 0.568400
2.438000 0.525000 0.556600
2.513000 0.525000 0.543900
2.588000 0.525000 0.530400
2.663000 0.525000 0.516300
2.738000 0.525000 0.501900
2.813000 0.525000 0.487300
2.888000 0.525000 0.472800
2.963000 0.525000 0.458400
3.038000 0.525000 0.444400
3.113000 0.525000 0.430800
3.188000 0.525000 0.417700
3.263000 0.525000 0.405300
3.338000 0.525000 0.393600
3.413000 0.525000 0.382900
3.488000 0.525000 0.373100
3.563000 0.525000 0.364600
3.638000 0.525000 0.357700
3.713000 0.525000 0.352600
3.788000 0.525000 0.349800
3.863000 0.525000 0.000000
-0.037500 0.675000 0.000000
0.037500 0.675000 0.207900
0.112500 0.675000 0.210100
0.187500 0.675000 0.214400
0.262500 0.675000 0.220500
0.337500 0.675000 0.228300
0.412500 0.675000 0.237400
0.487500 0.675000 0.247600
0.562500 0.675000 0.258700
0.637500 0.675000 0.270400
0.712500 0.675000 0.282700
0.787500 0.675000 0.295200
0.862500 0.675000 0.307900
0.937500 0.675000 0.320600
1.012000 0.675000 0.333200
1.087000 0.675000 0.345400
1.163000 0.675000 0.357200
1.238000 0.675000 0.368400
1.313000 0.675000 0.378800
1.388000 0.675000 0.388400
1.463000 0.675000 0.397000
1.538000 0.675000 0.404500
1.613000 0.675000 0.410800
1.688000 0.675000 0.415800
1.763000 0.675000 0.419500
1.838000 0.675000 0.421800
1.913000 0.675000 0.422700
1.988000 0.675000 0.422300
2.063000 0.675000 0.420500
2.138000 0.675000 0.417400
2.213000 0.675000 0.413200
2.288000 0.675000 0.408000
2.363000 0.675000 0.401800
2.438000 0.675000 0.394800
2.513000 0.675000 0.387200
2.588000 0.675000 0.379000
2.663000 0.675000 0.370500
2.738000 0.675000 0.361700
2.813000 0.675000 0.352700
2.888000 0.675000 0.343800
2.963000 0.675000 0.334900
3.038000 0.675000 0.326300
3.113000 0.675000 0.317900
3.188000 0.675000 0.310000
3.263000 0.675000 0.302500
3.338000 0.675000 0.295600
3.413000 0.675000 0.289300
3.488000 0.675000 0.283800
3.563000 0.675000 0.279200
3.638000 0.675000 0.275600
3.713000 0.675000 0.273100
3.788000 0.675000 0.271900
3.863000 0.675000 0.000000
-0.037500 0.825000 0.000000
0.037500 0.825000 0.196500
0.112500 0.825000 0.197900
0.187500 0.825000 0.200800
0.262500 0.825000 0.204900
0.337500 0.825000 0.210200
0.412500 0.825000 0.216600
0.487500 0.825000 0.223800
0.562500 0.825000 0.231700
0.637500 0.825000 0.240200
0.712500 0.825000 0.249100
0.787500 0.825000 0.258300
0.862500 0.825000 0.267600
0.937500 0.825000 0.277000
1.012000 0.825000 0.286300
1.087000 0.825000 0.295300
1.163000 0.825000 0.304100
1.238000 0.825000 0.312300
1.313000 0.825000 0.320000
1.388000 0.825000 0.327100
1.463000 0.825000 0.333400
1.538000 0.825000 0.338800
1.613000 0.825000 0.343400
1.688000 0.825000 0.347000
1.763000 0.825000 0.349600
1.838000 0.825000 0.351200
1.913000 0.825000 0.351800
1.988000 0.825000 0.351400
2.063000 0.825000 0.350000
2.138000 0.825000 0.347600
2.213000 0.825000 0.344400
2.288000 0.825000 0.340400
2.363000 0.825000 0.335700
2.438000 0.825000 0.330400
2.513000 0.825000 0.324500
2.588000 0.825000 0.318300
2.663000 0.825000 0.311800
2.738000 0.825000 0.305000
2.813000 0.825000 0.298100
2.888000 0.825000 0.291300
2.963000 0.825000 0.284500
3.038000 0.825000 0.277800
3.113000 0.825000 0.271400
3.188000 0.825000 0.265300
3.263000 0.825000 0.259600
3.338000 0.825000 0.254400
3.413000 0.825000 0.249700
3.488000 0.825000 0.245700
3.563000 0.825000 0.242300
3.638000 0.825000 0.239800
3.713000 0.825000 0.238000
3.788000 0.825000 0.237100
3.863000 0.825000 0.000000
-0.037500 0.975000 0.000000
0.037500 0.975000 0.180900
0.112500 0.975000 0.181900
0.187500 0.975000 0.183900
0.262500 0.975000 0.186900
0.337500 0.975000 0.190700
0.412500 0.975000 0.195300
0.487500 0.975000 0.200600
0.562500 0.975000 0.206500
0.637500 0.975000 0.212800
0.712500 0.975000 0.219500
0.787500 0.975000 0.226500
0.862500 0.975000 0.233500
0.937500 0.975000 0.240600
1.012000 0.975000 0.247700
1.087000 0.975000 0.254600
1.163000 0.975000 0.261200
1.238000 0.975000 0.267400
1.313000 0.975000 0.273300
1.388000 0.975000 0.278600
1.463000 0.975000 0.283400
1.538000 0.975000 0.287500
1.613000 0.975000 0.290900
1.688000 0.975000 0.293600
1.763000 0.975000 0.295500
1.838000 0.975000 0.296600
1.913000 0.975000 0.297000
1.988000 0.975000 0.296600
2.063000 0.975000 0.295400
2.138000 0.975000 0.293600
2.213000 0.975000 0.291000
2.288000 0.975000 0.287900
2.363000 0.975000 0.284200
2.438000 0.975000 0.280000
2.513000 0.975000 0.275500
2.588000 0.975000 0.270600
2.663000 0.975000 0.265400
2.738000 0.975000 0.260100
2.813000 0.975000 0.254700
2.888000 0.975000 0.249300
2.963000 0.975000 0.243900
3.038000 0.975000 0.238700
3.113000 0.975000 0.233700
3.188000 0.975000 0.228900
3.263000 0.975000 0.224500
3.338000 0.975000 0.220500
3.413000 0.975000 0.216900
3.488000 0.975000 0.213800
3.563000 0.975000 0.211300
3.638000 0.975000 0.209300
3.713000 0.975000 0.208000
3.788000 0.975000 0.207400
3.863000 0.975000 0.000000
-0.037500 1.125000 0.000000
0.037500 1.125000 0.164100
0.112500 1.125000 0.164900
0.187500 1.125000 0.166500
0.262500 1.125000 0.168800
0.337500 1.125000 0.171700
0.412500 1.125000 0.175300
0.487500 1.125000 0.179500
0.562500 1.125000 0.184100
0.637500 1.125000 0.189100
0.712500 1.125000 0.194400
0.787500 1.125000 0.199900
0.862500 1.125000 0.205500
0.937500 1.125000 0.211200
1.012000 1.125000 0.216800
1.087000 1.125000 0.222300
1.163000 1.125000 0.227600
1.238000 1.125000 0.232600
1.313000 1.125000 0.237200
1.388000 1.125000 0.241500
1.463000 1.125000 0.245300
1.538000 1.125000 0.248500
1.613000 1.125000 0.251200
1.688000 1.125000 0.253300
1.763000 1.125000 0.254800
1.838000 1.125000 0.255700
1.913000 1.125000 0.255900
1.988000 1.125000 0.255600
2.063000 1.125000 0.254600
2.138000 1.125000 0.253000
2.213000 1.125000 0.250900
2.288000 1.125000 0.248400
2.363000 1.125000 0.245300
2.438000 1.125000 0.241900
2.513000 1.125000 0.238200
2.588000 1.125000 0.234200
2.663000 1.125000 0.230000
2.738000 1.125000 0.225600
2.813000 1.125000 0.221200
2.888000 1.125000 0.216800
2.963000 1.125000 0.212400
3.038000 1.125000 0.208100
3.113000 1.125000 0.204000
3.188000 1.125000 0.200100
3.263000 1.125000 0.196500
3.338000 1.125000 0.193300
3.413000 1.125000 0.190400
3.488000 1.125000 0.187900
3.563000 1.125000 0.185800
3.638000 1.125000 0.184300
3.713000 1.125000 0.183300
3.788000 1.125000 0.182700
3.863000 1.125000 0.000000
-0.037500 1.275000 0.000000
0.037500 1.275000 0.131100
0.112500 1.275000 0.131700
0.187500 1.275000 0.132800
0.262500 1.275000 0.134500
0.337500 1.275000 0.136600
0.412500 1.275000 0.139200
0.487500 1.275000 0.142200
0.562500 1.275000 0.145600
0.637500 1.275000 0.149200
0.712500 1.275000 0.153000
0.787500 1.275000 0.157100
0.862500 1.275000 0.161200
0.937500 1.275000 0.165300
1.012000 1.275000 0.169400
1.087000 1.275000 0.173400
1.163000 1.275000 0.177300
1.238000 1.275000 0.180900
1.313000 1.275000 0.184300
1.388000 1.275000 0.187400
1.463000 1.275000 0.190200
1.538000 1.275000 0.192600
1.613000 1.275000 0.194500
1.688000 1.275000 0.196000
1.763000 1.275000 0.197100
1.838000 1.275000 0.197700
1.913000 1.275000 0.197900
1.988000 1.275000 0.197600
2.063000 1.275000 0.196800
2.138000 1.275000 0.195700
2.213000 1.275000 0.194100
2.288000 1.275000 0.192200
2.363000 1.275000 0.189900
2.438000 1.275000 0.187400
2.513000 1.275000 0.184600
2.588000 1.275000 0.181600
2.663000 1.275000 0.178500
2.738000 1.275000 0.175200
2.813000 1.275000 0.171900
2.888000 1.275000 0.168600
2.963000 1.275000 0.165400
3.038000 1.275000 0.162200
3.113000 1.275000 0.159100
3.188000 1.275000 0.156300
3.263000 1.275000 0.153600
3.338000 1.275000 0.151200
3.413000 1.275000 0.149000
3.488000 1.275000 0.147200
3.563000 1.275000 0.145700
3.638000 1.275000 0.144600
3.713000 1.275000 0.143800
3.788000 1.275000 0.143400
3.863000 1.275000 0.000000
-0.037500 1.425000 0.000000
0.037500 1.425000 0.093680
0.112500 1.425000 0.094040
0.187500 1.425000 0.094740
0.262500 1.425000 0.095780
0.337500 1.425000 0.097140
0.412500 1.425000 0.098780
0.487500 1.425000 0.100700
0.562500 1.425000 0.102800
0.637500 1.425000 0.105100
0.712500 1.425000 0.107600
0.787500 1.425000 0.110100
0.862500 1.425000 0.112700
0.937500 1.425000 0.115400
1.012000 1.425000 0.118000
1.087000 1.425000 0.120500
1.163000 1.425000 0.123000
1.238000 1.425000 0.125300
1.313000 1.425000 0.127500
1.388000 1.425000 0.129500
1.463000 1.425000 0.131200
1.538000 1.425000 0.132700
1.613000 1.425000 0.134000
1.688000 1.425000 0.134900
1.763000 1.425000 0.135600
1.838000 1.425000 0.136000
1.913000 1.425000 0.136100
1.988000 1.425000 0.135800
2.063000 1.425000 0.135300
2.138000 1.425000 0.134600
2.213000 1.425000 0.133500
2.288000 1.425000 0.132300
2.363000 1.425000 0.130800
2.438000 1.425000 0.129100
2.513000 1.425000 0.127300
2.588000 1.425000 0.125300
2.663000 1.425000 0.123300
2.738000 1.425000 0.121200
2.813000 1.425000 0.119000
2.888000 1.425000 0.116800
2.963000 1.425000 0.114700
3.038000 1.425000 0.112600
3.113000 1.425000 0.110600
3.188000 1.425000 0.108700
3.263000 1.425000 0.107000
3.338000 1.425000 0.105400
3.413000 1.425000 0.104000
3.488000 1.425000 0.102900
3.563000 1.425000 0.101900
3.638000 1.425000 0.101200
3.713000 1.425000 0.100700
3.788000 1.425000 0.100400
3.863000 1.425000 0.000000
-0.037500 1.575000 0.000000
0.037500 1.575000 0.065900
0.112500 1.575000 0.066130
0.187500 1.575000 0.066570
0.262500 1.575000 0.067220
0.337500 1.575000 0.068070
0.412500 1.575000 0.069100
0.487500 1.575000 0.070290
0.562500 1.575000 0.071620
0.637500 1.575000 0.073080
0.712500 1.575000 0.074620
0.787500 1.575000 0.076230
0.862500 1.575000 0.077890
0.937500 1.575000 0.079550
1.012000 1.575000 0.081210
1.087000 1.575000 0.082830
1.163000 1.575000 0.084390
1.238000 1.575000 0.085870
1.313000 1.575000 0.087240
1.388000 1.575000 0.088480
1.463000 1.575000 0.089580
1.538000 1.575000 0.090530
1.613000 1.575000 0.091310
1.688000 1.575000 0.091900
1.763000 1.575000 0.092320
1.838000 1.575000 0.092540
1.913000 1.575000 0.092570
1.988000 1.575000 0.092410
2.063000 1.575000 0.092080
2.138000 1.575000 0.091560
2.213000 1.575000 0.090890
2.288000 1.575000 0.090060
2.363000 1.575000 0.089090
2.438000 1.575000 0.088010
2.513000 1.575000 0.086820
2.588000 1.575000 0.085550
2.663000 1.575000 0.084220
2.738000 1.575000 0.082840
2.813000 1.575000 0.081440
2.888000 1.575000 0.080040
2.963000 1.575000 0.078660
3.038000 1.575000 0.077310
3.113000 1.575000 0.076030
3.188000 1.575000 0.074810
3.263000 1.575000 0.073690
3.338000 1.575000 0.072680
3.413000 1.575000 0.071780
3.488000 1.575000 0.071020
3.563000 1.575000 0.070400
3.638000 1.575000 0.069930
3.713000 1.575000 0.069610
3.788000 1.575000 0.069460
3.863000 1.575000 0.000000
-0.037500 1.725000 0.000000
0.037500 1.725000 0.045610
0.112500 1.725000 0.045750
0.187500 1.725000 0.046020
0.262500 1.725000 0.046430
0.337500 1.725000 0.046950
0.412500 1.725000 0.047590
0.487500 1.725000 0.048330
0.562500 1.725000 0.049160
0.637500 1.725000 0.050070
0.712500 1.725000 0.051030
0.787500 1.725000 0.052040
0.862500 1.725000 0.053070
0.937500 1.725000 0.054110
1.012000 1.725000 0.055140
1.087000 1.725000 0.056160
1.163000 1.725000 0.057130
1.238000 1.725000 0.058050
1.313000 1.725000 0.058910
1.388000 1.725000 0.059680
1.463000 1.725000 0.060370
1.538000 1.725000 0.060950
1.613000 1.725000 0.061430
1.688000 1.725000 0.061800
1.763000 1.725000 0.062050
1.838000 1.725000 0.062180
1.913000 1.725000 0.062190
1.988000 1.725000 0.062080
2.063000 1.725000 0.061860
2.138000 1.725000 0.061520
2.213000 1.725000 0.061080
2.288000 1.725000 0.060550
2.363000 1.725000 0.059930
2.438000 1.725000 0.059230
2.513000 1.725000 0.058470
2.588000 1.725000 0.057650
2.663000 1.725000 0.056800
2.738000 1.725000 0.055920
2.813000 1.725000 0.055020
2.888000 1.725000 0.054120
2.963000 1.725000 0.053240
3.038000 1.725000 0.052380
3.113000 1.725000 0.051560
3.188000 1.725000 0.050780
3.263000 1.725000 0.050070
3.338000 1.725000 0.049420
3.413000 1.725000 0.048850
3.488000 1.725000 0.048370
3.563000 1.725000 0.047970
3.638000 1.725000 0.047670
3.713000 1.725000 0.047470
3.788000 1.725000 0.047370
3.863000 1.725000 0.000000
-0.037500 1.875000 0.000000
0.037500 1.875000 0.030930
0.112500 1.875000 0.031010
0.187500 1.875000 0.031180
0.262500 1.875000 0.031420
0.337500 1.875000 0.031740
0.412500 1.875000 0.032130
0.487500 1.875000 0.032580
0.562500 1.875000 0.033090
0.637500 1.875000 0.033640
0.712500 1.875000 0.034230
0.787500 1.875000 0.034850
0.862500 1.875000 0.035480
0.937500 1.875000 0.036120
1.012000 1.875000 0.036750
1.087000 1.875000 0.037370
1.163000 1.875000 0.037960
1.238000 1.875000 0.038530
1.313000 1.875000 0.039050
1.388000 1.875000 0.039520
1.463000 1.875000 0.039940
1.538000 1.875000 0.040300
1.613000 1.875000 0.040590
1.688000 1.875000 0.040810
1.763000 1.875000 0.040950
1.838000 1.875000 0.041030
1.913000 1.875000 0.041030
1.988000 1.875000 0.040950
2.063000 1.875000 0.040810
2.138000 1.875000 0.040590
2.213000 1.875000 0.040310
2.288000 1.875000 0.039970
2.363000 1.875000 0.039580
2.438000 1.875000 0.039140
2.513000 1.875000 0.038660
2.588000 1.875000 0.038150
2.663000 1.875000 0.037610
2.738000 1.875000 0.037060
2.813000 1.875000 0.036500
2.888000 1.875000 0.035930
2.963000 1.875000 0.035380
3.038000 1.875000 0.034840
3.113000 1.875000 0.034330
3.188000 1.875000 0.033840
3.263000 1.875000 0.033390
3.338000 1.875000 0.032990
3.413000 1.875000 0.032630
3.488000 1.875000 0.032330
3.563000 1.875000 0.032080
3.638000 1.875000 0.031890
3.713000 1.875000 0.031770
3.788000 1.875000 0.031710
3.863000 1.875000 0.000000
-0.037500 2.025000 0.000000
0.037500 2.025000 0.020310
0.112500 2.025000 0.020360
0.187500 2.025000 0.020460
0.262500 2.025000 0.020600
0.337500 2.025000 0.020790
0.412500 2.025000 0.021020
0.487500 2.025000 0.021280
0.562500 2.025000 0.021580
0.637500 2.025000 0.021900
0.712500 2.025000 0.022250
0.787500 2.025000 0.022610
0.862500 2.025000 0.022980
0.937500 2.025000 0.023350
1.012000 2.025000 0.023720
1.087000 2.025000 0.024080
1.163000 2.025000 0.024430
1.238000 2.025000 0.024760
1.313000 2.025000 0.025070
1.388000 2.025000 0.025340
1.463000 2.025000 0.025590
1.538000 2.025000 0.025790
1.613000 2.025000 0.025960
1.688000 2.025000 0.026090
1.763000 2.025000 0.026170
1.838000 2.025000 0.026210
1.913000 2.025000 0.026200
1.988000 2.025000 0.026150
2.063000 2.025000 0.026060
2.138000 2.025000 0.025930
2.213000 2.025000 0.025750
2.288000 2.025000 0.025550
2.363000 2.025000 0.025310
2.438000 2.025000 0.025040
2.513000 2.025000 0.024750
2.588000 2.025000 0.024440
2.663000 2.025000 0.024120
2.738000 2.025000 0.023790
2.813000 2.025000 0.023450
2.888000 2.025000 0.023110
2.963000 2.025000 0.022770
3.038000 2.025000 0.022450
3.113000 2.025000 0.022140
3.188000 2.025000 0.021850
3.263000 2.025000 0.021580
3.338000 2.025000 0.021340
3.413000 2.025000 0.021120
3.488000 2.025000 0.020940
3.563000 2.025000 0.020790
3.638000 2.025000 0.020680
3.713000 2.025000 0.020600
3.788000 2.025000 0.020570
3.863000 2.025000 0.000000
-0.037500 2.175000 0.000000
0.037500 2.175000 0.012560
0.112500 2.175000 0.012580
0.187500 2.175000 0.012630
0.262500 2.175000 0.012710
0.337500 2.175000 0.012800
0.412500 2.175000 0.012920
0.487500 2.175000 0.013060
0.562500 2.175000 0.013210
0.637500 2.175000 0.013380
0.712500 2.175000 0.013560
0.787500 2.175000 0.013750
0.862500 2.175000 0.013940
0.937500 2.175000 0.014130
1.012000 2.175000 0.014320
1.087000 2.175000 0.014510
1.163000 2.175000 0.014690
1.238000 2.175000 0.014860
1.313000 2.175000 0.015020
1.388000 2.175000 0.015160
1.463000 2.175000 0.015280
1.538000 2.175000 0.015390
1.613000 2.175000 0.015470
1.688000 2.175000 0.015530
1.763000 2.175000 0.015570
1.838000 2.175000 0.015590
1.913000 2.175000 0.015580
1.988000 2.175000 0.015550
2.063000 2.175000 0.015500
2.138000 2.175000 0.015420
2.213000 2.175000 0.015330
2.288000 2.175000 0.015210
2.363000 2.175000 0.015080
2.438000 2.175000 0.014940
2.513000 2.175000 0.014780
2.588000 2.175000 0.014610
2.663000 2.175000 0.014430
2.738000 2.175000 0.014250
2.813000 2.175000 0.014070
2.888000 2.175000 0.013880
2.963000 2.175000 0.013700
3.038000 2.175000 0.013530
3.113000 2.175000 0.013360
3.188000 2.175000 0.013210
3.263000 2.175000 0.013060
3.338000 2.175000 0.012930
3.413000 2.175000 0.012810
3.488000 2.175000 0.012720
3.563000 2.175000 0.012640
3.638000 2.175000 0.012580
3.713000 2.175000 0.012540
3.788000 2.175000 0.012520
3.863000 2.175000 0.000000
-0.037500 2.325000 0.000000
0.037500 2.325000 0.008653
0.112500 2.325000 0.008666
0.187500 2.325000 0.008693
0.262500 2.325000 0.008733
0.337500 2.325000 0.008784
0.412500 2.325000 0.008847
0.487500 2.325000 0.008920
0.562500 2.325000 0.009003
0.637500 2.325000 0.009092
0.712500 2.325000 0.009188
0.787500 2.325000 0.009288
0.862500 2.325000 0.009390
0.937500 2.325000 0.009494
1.012000 2.325000 0.009596
1.087000 2.325000 0.009696
1.163000 2.325000 0.009792
1.238000 2.325000 0.009882
1.313000 2.325000 0.009965
1.388000 2.325000 0.010040
1.463000 2.325000 0.010100
1.538000 2.325000 0.010160
1.613000 2.325000 0.010200
1.688000 2.325000 0.010230
1.763000 2.325000 0.010250
1.838000 2.325000 0.010250
1.913000 2.325000 0.010240
1.988000 2.325000 0.010220
2.063000 2.325000 0.010190
2.138000 2.325000 0.010140
2.213000 2.325000 0.010080
2.288000 2.325000 0.010020
2.363000 2.325000 0.009939
2.438000 2.325000 0.009854
2.513000 2.325000 0.009762
2.588000 2.325000 0.009664
2.663000 2.325000 0.009563
2.738000 2.325000 0.009459
2.813000 2.325000 0.009353
2.888000 2.325000 0.009248
2.963000 2.325000 0.009145
3.038000 2.325000 0.009045
3.113000 2.325000 0.008950
3.188000 2.325000 0.008860
3.263000 2.325000 0.008778
3.338000 2.325000 0.008704
3.413000 2.325000 0.008639
3.488000 2.325000 0.008583
3.563000 2.325000 0.008538
3.638000 2.325000 0.008504
3.713000 2.325000 0.008481
3.788000 2.325000 0.008469
3.863000 2.325000 0.000000
-0.037500 2.475000 0.000000
0.037500 2.475000 0.007093
0.112500 2.475000 0.007102
0.187500 2.475000 0.007121
0.262500 2.475000 0.007149
0.337500 2.475000 0.007185
0.412500 2.475000 0.007230
0.487500 2.475000 0.007282
0.562500 2.475000 0.007340
0.637500 2.475000 0.007403
0.712500 2.475000 0.007471
0.787500 2.475000 0.007541
0.862500 2.475000 0.007614
0.937500 2.475000 0.007687
1.012000 2.475000 0.007759
1.087000 2.475000 0.007829
1.163000 2.475000 0.007897
1.238000 2.475000 0.007960
1.313000 2.475000 0.008018
1.388000 2.475000 0.008069
1.463000 2.475000 0.008114
1.538000 2.475000 0.008151
1.613000 2.475000 0.008179
1.688000 2.475000 0.008199
1.763000 2.475000 0.008209
1.838000 2.475000 0.008210
1.913000 2.475000 0.008202
1.988000 2.475000 0.008184
2.063000 2.475000 0.008157
2.138000 2.475000 0.008122
2.213000 2.475000 0.008078
2.288000 2.475000 0.008027
2.363000 2.475000 0.007970
2.438000 2.475000 0.007906
2.513000 2.475000 0.007838
2.588000 2.475000 0.007765
2.663000 2.475000 0.007690
2.738000 2.475000 0.007613
2.813000 2.475000 0.007535
2.888000 2.475000 0.007457
2.963000 2.475000 0.007381
3.038000 2.475000 0.007307
3.113000 2.475000 0.007237
3.188000 2.475000 0.007172
3.263000 2.475000 0.007111
3.338000 2.475000 0.007057
3.413000 2.475000 0.007009
3.488000 2.475000 0.006969
3.563000 2.475000 0.006936
3.638000 2.475000 0.006911
3.713000 2.475000 0.006894
3.788000 2.475000 0.006885
3.863000 2.475000 0.000000
-0.037500 2.625000 0.000000
0.037500 2.625000 0.005875
0.112500 2.625000 0.005882
0.187500 2.625000 0.005896
0.262500 2.625000 0.005916
0.337500 2.625000 0.005943
0.412500 2.625000 0.005975
0.487500 2.625000 0.006013
0.562500 2.625000 0.006056
0.637500 2.625000 0.006102
0.712500 2.625000 0.006151
0.787500 2.625000 0.006203
0.862500 2.625000 0.006255
0.937500 2.625000 0.006308
1.012000 2.625000 0.006361
1.087000 2.625000 0.006412
1.163000 2.625000 0.006460
1.238000 2.625000 0.006506
1.313000 2.625000 0.006548
1.388000 2.625000 0.006585
1.463000 2.625000 0.006616
1.538000 2.625000 0.006642
1.613000 2.625000 0.006662
1.688000 2.625000 0.006675
1.763000 2.625000 0.006681
1.838000 2.625000 0.006680
1.913000 2.625000 0.006673
1.988000 2.625000 0.006658
2.063000 2.625000 0.006637
2.138000 2.625000 0.006609
2.213000 2.625000 0.006575
2.288000 2.625000 0.006536
2.363000 2.625000 0.006491
2.438000 2.625000 0.006443
2.513000 2.625000 0.006390
2.588000 2.625000 0.006335
2.663000 2.625000 0.006278
2.738000 2.625000 0.006219
2.813000 2.625000 0.006160
2.888000 2.625000 0.006101
2.963000 2.625000 0.006044
3.038000 2.625000 0.005988
3.113000 2.625000 0.005935
3.188000 2.625000 0.005885
3.263000 2.625000 0.005840
3.338000 2.625000 0.005799
3.413000 2.625000 0.005763
3.488000 2.625000 0.005733
3.563000 2.625000 0.005708
3.638000 2.625000 0.005690
3.713000 2.625000 0.005677
3.788000 2.625000 0.005671
3.863000 2.625000 0.000000
-0.037500 2.775000 0.000000
0.037500 2.775000 0.004959
0.112500 2.775000 0.004964
0.187500 2.775000 0.004975
0.262500 2.775000 0.004991
0.337500 2.775000 0.005012
0.412500 2.775000 0.005037
0.487500 2.775000 0.005066
0.562500 2.775000 0.005099
0.637500 2.775000 0.005135
0.712500 2.775000 0.005173
0.787500 2.775000 0.005212
0.862500 2.775000 0.005253
0.937500 2.775000 0.005294
1.012000 2.775000 0.005334
1.087000 2.775000 0.005373
1.163000 2.775000 0.005410
1.238000 2.775000 0.005445
1.313000 2.775000 0.005477
1.388000 2.775000 0.005505
1.463000 2.775000 0.005529
1.538000 2.775000 0.005549
1.613000 2.775000 0.005563
1.688000 2.775000 0.005573
1.763000 2.775000 0.005577
1.838000 2.775000 0.005575
1.913000 2.775000 0.005568
1.988000 2.775000 0.005556
2.063000 2.775000 0.005538
2.138000 2.775000 0.005516
2.213000 2.775000 0.005488
2.288000 2.775000 0.005457
2.363000 2.775000 0.005421
2.438000 2.775000 0.005382
2.513000 2.775000 0.005340
2.588000 2.775000 0.005296
2.663000 2.775000 0.005251
2.738000 2.775000 0.005204
2.813000 2.775000 0.005157
2.888000 2.775000 0.005110
2.963000 2.775000 0.005065
3.038000 2.775000 0.005021
3.113000 2.775000 0.004979
3.188000 2.775000 0.004939
3.263000 2.775000 0.004904
3.338000 2.775000 0.004871
3.413000 2.775000 0.004843
3.488000 2.775000 0.004819
3.563000 2.775000 0.004800
3.638000 2.775000 0.004785
3.713000 2.775000 0.004775
3.788000 2.775000 0.004770
3.863000 2.775000 0.000000
-0.037500 2.925000 0.000000
0.037500 2.925000 0.003654
0.112500 2.925000 0.003657
0.187500 2.925000 0.003665
0.262500 2.925000 0.003676
0.337500 2.925000 0.003691
0.412500 2.925000 0.003709
0.487500 2.925000 0.003729
0.562500 2.925000 0.003752
0.637500 2.925000 0.003777
0.712500 2.925000 0.003804
0.787500 2.925000 0.003831
0.862500 2.925000 0.003860
0.937500 2.925000 0.003888
1.012000 2.925000 0.003916
1.087000 2.925000 0.003944
1.163000 2.925000 0.003970
1.238000 2.925000 0.003994
1.313000 2.925000 0.004016
1.388000 2.925000 0.004036
1.463000 2.925000 0.004052
1.538000 2.925000 0.004065
1.613000 2.925000 0.004075
1.688000 2.925000 0.004082
1.763000 2.925000 0.004084
1.838000 2.925000 0.004083
1.913000 2.925000 0.004077
1.988000 2.925000 0.004068
2.063000 2.925000 0.004056
2.138000 2.925000 0.004039
2.213000 2.925000 0.004020
2.288000 2.925000 0.003997
2.363000 2.925000 0.003972
2.438000 2.925000 0.003944
2.513000 2.925000 0.003914
2.588000 2.925000 0.003883
2.663000 2.925000 0.003850
2.738000 2.925000 0.003817
2.813000 2.925000 0.003784
2.888000 2.925000 0.003751
2.963000 2.925000 0.003718
3.038000 2.925000 0.003687
3.113000 2.925000 0.003657
3.188000 2.925000 0.003630
3.263000 2.925000 0.003604
3.338000 2.925000 0.003582
3.413000 2.925000 0.003562
3.488000 2.925000 0.003545
3.563000 2.925000 0.003531
3.638000 2.925000 0.003521
3.713000 2.925000 0.003514
3.788000 2.925000 0.003511
3.863000 2.925000 0.000000
-0.037500 3.075000 0.000000
0.037500 3.075000 0.002362
0.112500 3.075000 0.002364
0.187500 3.075000 0.002369
0.262500 3.075000 0.002376
0.337500 3.075000 0.002385
0.412500 3.075000 0.002395
0.487500 3.075000 0.002408
0.562500 3.075000 0.002422
0.637500 3.075000 0.002437
0.712500 3.075000 0.002453
0.787500 3.075000 0.002469
0.862500 3.075000 0.002487
0.937500 3.075000 0.002504
1.012000 3.075000 0.002521
1.087000 3.075000 0.002537
1.163000 3.075000 0.002553
1.238000 3.075000 0.002567
1.313000 3.075000 0.002581
1.388000 3.075000 0.002592
1.463000 3.075000 0.002602
1.538000 3.075000 0.002610
1.613000 3.075000 0.002616
1.688000 3.075000 0.002619
1.763000 3.075000 0.002620
1.838000 3.075000 0.002619
1.913000 3.075000 0.002616
1.988000 3.075000 0.002610
2.063000 3.075000 0.002602
2.138000 3.075000 0.002592
2.213000 3.075000 0.002580
2.288000 3.075000 0.002565
2.363000 3.075000 0.002550
2.438000 3.075000 0.002532
2.513000 3.075000 0.002514
2.588000 3.075000 0.002495
2.663000 3.075000 0.002475
2.738000 3.075000 0.002454
2.813000 3.075000 0.002434
2.888000 3.075000 0.002413
2.963000 3.075000 0.002393
3.038000 3.075000 0.002374
3.113000 3.075000 0.002356
3.188000 3.075000 0.002339
3.263000 3.075000 0.002323
3.338000 3.075000 0.002309
3.413000 3.075000 0.002297
3.488000 3.075000 0.002287
3.563000 3.075000 0.002278
3.638000 3.075000 0.002272
3.713000 3.075000 0.002268
3.788000 3.075000 0.002266
3.863000 3.075000 0.000000
-0.037500 3.225000 0.000000
0.037500 3.225000 0.001516
0.112500 3.225000 0.001517
0.187500 3.225000 0.001520
0.262500 3.225000 0.001524
0.337500 3.225000 0.001529
0.412500 3.225000 0.001536
0.487500 3.225000 0.001543
0.562500 3.225000 0.001552
0.637500 3.225000 0.001561
0.712500 3.225000 0.001570
0.787500 3.225000 0.001580
0.862500 3.225000 0.001591
0.937500 3.225000 0.001601
1.012000 3.225000 0.001611
1.087000 3.225000 0.001621
1.163000 3.225000 0.001630
1.238000 3.225000 0.001639
1.313000 3.225000 0.001647
1.388000 3.225000 0.001654
1.463000 3.225000 0.001660
1.538000 3.225000 0.001664
1.613000 3.225000 0.001667
1.688000 3.225000 0.001669
1.763000 3.225000 0.001670
1.838000 3.225000 0.001669
1.913000 3.225000 0.001667
1.988000 3.225000 0.001663
2.063000 3.225000 0.001658
2.138000 3.225000 0.001652
2.213000 3.225000 0.001644
2.288000 3.225000 0.001635
2.363000 3.225000 0.001626
2.438000 3.225000 0.001615
2.513000 3.225000 0.001604
2.588000 3.225000 0.001592
2.663000 3.225000 0.001580
2.738000 3.225000 0.001567
2.813000 3.225000 0.001554
2.888000 3.225000 0.001542
2.963000 3.225000 0.001530
3.038000 3.225000 0.001518
3.113000 3.225000 0.001507
3.188000 3.225000 0.001496
3.263000 3.225000 0.001487
3.338000 3.225000 0.001478
3.413000 3.225000 0.001471
3.488000 3.225000 0.001464
3.563000 3.225000 0.001459
3.638000 3.225000 0.001455
3.713000 3.225000 0.001453
3.788000 3.225000 0.001451
3.863000 3.225000 0.000000
-0.037500 3.375000 0.000000
0.037500 3.375000 0.000966
0.112500 3.375000 0.000967
0.187500 3.375000 0.000968
0.262500 3.375000 0.000971
0.337500 3.375000 0.000974
0.412500 3.375000 0.000978
0.487500 3.375000 0.000982
0.562500 3.375000 0.000987
0.637500 3.375000 0.000992
0.712500 3.375000 0.000998
0.787500 3.375000 0.001004
0.862500 3.375000 0.001010
0.937500 3.375000 0.001016
1.012000 3.375000 0.001023
1.087000 3.375000 0.001028
1.163000 3.375000 0.001034
1.238000 3.375000 0.001039
1.313000 3.375000 0.001044
1.388000 3.375000 0.001048
1.463000 3.375000 0.001051
1.538000 3.375000 0.001054
1.613000 3.375000 0.001056
1.688000 3.375000 0.001057
1.763000 3.375000 0.001057
1.838000 3.375000 0.001057
1.913000 3.375000 0.001055
1.988000 3.375000 0.001053
2.063000 3.375000 0.001050
2.138000 3.375000 0.001046
2.213000 3.375000 0.001041
2.288000 3.375000 0.001036
2.363000 3.375000 0.001030
2.438000 3.375000 0.001023
2.513000 3.375000 0.001016
2.588000 3.375000 0.001009
2.663000 3.375000 0.001001
2.738000 3.375000 0.000994
2.813000 3.375000 0.000986
2.888000 3.375000 0.000979
2.963000 3.375000 0.000971
3.038000 3.375000 0.000964
3.113000 3.375000 0.000957
3.188000 3.375000 0.000951
3.263000 3.375000 0.000945
3.338000 3.375000 0.000940
3.413000 3.375000 0.000935
3.488000 3.375000 0.000931
3.563000 3.375000 0.000928
3.638000 3.375000 0.000926
3.713000 3.375000 0.000924
3.788000 3.375000 0.000923
3.863000 3.375000 0.000000
-0.037500 3.525000 0.000000
0.037500 3.525000 0.000611
0.112500 3.525000 0.000611
0.187500 3.525000 0.000612
0.262500 3.525000 0.000614
0.337500 3.525000 0.000616
0.412500 3.525000 0.000618
0.487500 3.525000 0.000621
0.562500 3.525000 0.000623
0.637500 3.525000 0.000627
0.712500 3.525000 0.000630
0.787500 3.525000 0.000634
0.862500 3.525000 0.000637
0.937500 3.525000 0.000641
1.012000 3.525000 0.000645
1.087000 3.525000 0.000648
1.163000 3.525000 0.000651
1.238000 3.525000 0.000654
1.313000 3.525000 0.000657
1.388000 3.525000 0.000660
1.463000 3.525000 0.000661
1.538000 3.525000 0.000663
1.613000 3.525000 0.000664
1.688000 3.525000 0.000665
1.763000 3.525000 0.000665
1.838000 3.525000 0.000664
1.913000 3.525000 0.000663
1.988000 3.525000 0.000662
2.063000 3.525000 0.000660
2.138000 3.525000 0.000658
2.213000 3.525000 0.000655
2.288000 3.525000 0.000651
2.363000 3.525000 0.000648
2.438000 3.525000 0.000644
2.513000 3.525000 0.000640
2.588000 3.525000 0.000635
2.663000 3.525000 0.000631
2.738000 3.525000 0.000626
2.813000 3.525000 0.000621
2.888000 3.525000 0.000617
2.963000 3.525000 0.000612
3.038000 3.525000 0.000608
3.113000 3.525000 0.000604
3.188000 3.525000 0.000600
3.263000 3.525000 0.000596
3.338000 3.525000 0.000593
3.413000 3.525000 0.000591
3.488000 3.525000 0.000588
3.563000 3.525000 0.000586
3.638000 3.525000 0.000585
3.713000 3.525000 0.000584
3.788000 3.525000 0.000583
3.863000 3.525000 0.000000
-0.037500 3.675000 0.000000
0.037500 3.675000 0.000384
0.112500 3.675000 0.000384
0.187500 3.675000 0.000384
0.262500 3.675000 0.000385
0.337500 3.675000 0.000386
0.412500 3.675000 0.000388
0.487500 3.675000 0.000389
0.562500 3.675000 0.000391
0.637500 3.675000 0.000393
0.712500 3.675000 0.000395
0.787500 3.675000 0.000397
0.862500 3.675000 0.000399
0.937500 3.675000 0.000401
1.012000 3.675000 0.000403
1.087000 3.675000 0.000406
1.163000 3.675000 0.000407
1.238000 3.675000 0.000409
1.313000 3.675000 0.000411
1.388000 3.675000 0.000412
1.463000 3.675000 0.000413
1.538000 3.675000 0.000414
1.613000 3.675000 0.000415
1.688000 3.675000 0.000415
1.763000 3.675000 0.000415
1.838000 3.675000 0.000415
1.913000 3.675000 0.000414
1.988000 3.675000 0.000413
2.063000 3.675000 0.000412
2.138000 3.675000 0.000411
2.213000 3.675000 0.000409
2.288000 3.675000 0.000407
2.363000 3.675000 0.000405
2.438000 3.675000 0.000402
2.513000 3.675000 0.000400
2.588000 3.675000 0.000397
2.663000 3.675000 0.000395
2.738000 3.675000 0.000392
2.813000 3.675000 0.000389
2.888000 3.675000 0.000386
2.963000 3.675000 0.000383
3.038000 3.675000 0.000381
3.113000 3.675000 0.000378
3.188000 3.675000 0.000376
3.263000 3.675000 0.000374
3.338000 3.675000 0.000372
3.413000 3.675000 0.000370
3.488000 3.675000 0.000369
3.563000 3.675000 0.000368
3.638000 3.675000 0.000367
3.713000 3.675000 0.000366
3.788000 3.675000 0.000366
3.863000 3.675000 0.000000
-0.037500 3.825000 0.000000
0.037500 3.825000 0.000239
0.112500 3.825000 0.000239
0.187500 3.825000 0.000240
0.262500 3.825000 0.000240
0.337500 3.825000 0.000241
0.412500 3.825000 0.000242
0.487500 3.825000 0.000242
0.562500 3.825000 0.000243
0.637500 3.825000 0.000245
0.712500 3.825000 0.000246
0.787500 3.825000 0.000247
0.862500 3.825000 0.000248
0.937500 3.825000 0.000250
1.012000 3.825000 0.000251
1.087000 3.825000 0.000252
1.163000 3.825000 0.000253
1.238000 3.825000 0.000254
1.313000 3.825000 0.000255
1.388000 3.825000 0.000256
1.463000 3.825000 0.000257
1.538000 3.825000 0.000257
1.613000 3.825000 0.000257
1.688000 3.825000 0.000258
1.763000 3.825000 0.000258
1.838000 3.825000 0.000257
1.913000 3.825000 0.000257
1.988000 3.825000 0.000256
2.063000 3.825000 0.000256
2.138000 3.825000 0.000255
2.213000 3.825000 0.000254
2.288000 3.825000 0.000253
2.363000 3.825000 0.000251
2.438000 3.825000 0.000250
2.513000 3.825000 0.000248
2.588000 3.825000 0.000247
2.663000 3.825000 0.000245
2.738000 3.825000 0.000243
2.813000 3.825000 0.000242
2.888000 3.825000 0.000240
2.963000 3.825000 0.000238
3.038000 3.825000 0.000237
3.113000 3.825000 0.000235
3.188000 3.825000 0.000234
3.263000 3.825000 0.000233
3.338000 3.825000 0.000232
3.413000 3.825000 0.000230
3.488000 3.825000 0.000230
3.563000 3.825000 0.000229
3.638000 3.825000 0.000228
3.713000 3.825000 0.000228
3.788000 3.825000 0.000228
3.863000 3.825000 0.000000
-0.037500 3.975000 0.000000
0.037500 3.975000 0.000148
0.112500 3.975000 0.000148
0.187500 3.975000 0.000148
0.262500 3.975000 0.000148
0.337500 3.975000 0.000149
0.412500 3.975000 0.000149
0.487500 3.975000 0.000150
0.562500 3.975000 0.000150
0.637500 3.975000 0.000151
0.712500 3.975000 0.000152
0.787500 3.975000 0.000153
0.862500 3.975000 0.000153
0.937500 3.975000 0.000154
1.012000 3.975000 0.000155
1.087000 3.975000 0.000156
1.163000 3.975000 0.000156
1.238000 3.975000 0.000157
1.313000 3.975000 0.000157
1.388000 3.975000 0.000158
1.463000 3.975000 0.000158
1.538000 3.975000 0.000158
1.613000 3.975000 0.000159
1.688000 3.975000 0.000159
1.763000 3.975000 0.000159
1.838000 3.975000 0.000159
1.913000 3.975000 0.000158
1.988000 3.975000 0.000158
2.063000 3.975000 0.000158
2.138000 3.975000 0.000157
2.213000 3.975000 0.000156
2.288000 3.975000 0.000156
2.363000 3.975000 0.000155
2.438000 3.975000 0.000154
2.513000 3.975000 0.000153
2.588000 3.975000 0.000152
2.663000 3.975000 0.000151
2.738000 3.975000 0.000150
2.813000 3.975000 0.000149
2.888000 3.975000 0.000148
2.963000 3.975000 0.000147
3.038000 3.975000 0.000146
3.113000 3.975000 0.000145
3.188000 3.975000 0.000145
3.263000 3.975000 0.000144
3.338000 3.975000 0.000143
3.413000 3.975000 0.000142
3.488000 3.975000 0.000142
3.563000 3.975000 0.000142
3.638000 3.975000 0.000141
3.713000 3.975000 0.000141
3.788000 3.975000 0.000141
3.863000 3.975000 0.000000
-0.037500 4.125000 0.000000
0.037500 4.125000 0.000091
0.112500 4.125000 0.000091
0.187500 4.125000 0.000091
0.262500 4.125000 0.000091
0.337500 4.125000 0.000091
0.412500 4.125000 0.000092
0.487500 4.125000 0.000092
0.562500 4.125000 0.000092
0.637500 4.125000 0.000093
0.712500 4.125000 0.000093
0.787500 4.125000 0.000094
0.862500 4.125000 0.000094
0.937500 4.125000 0.000094
1.012000 4.125000 0.000095
1.087000 4.125000 0.000095
1.163000 4.125000 0.000096
1.238000 4.125000 0.000096
1.313000 4.125000 0.000096
1.388000 4.125000 0.000097
1.463000 4.125000 0.000097
1.538000 4.125000 0.000097
1.613000 4.125000 0.000097
1.688000 4.125000 0.000097
1.763000 4.125000 0.000097
1.838000 4.125000 0.000097
1.913000 4.125000 0.000097
1.988000 4.125000 0.000097
2.063000 4.125000 0.000096
2.138000 4.125000 0.000096
2.213000 4.125000 0.000096
2.288000 4.125000 0.000095
2.363000 4.125000 0.000095
2.438000 4.125000 0.000094
2.513000 4.125000 0.000094
2.588000 4.125000 0.000093
2.663000 4.125000 0.000093
2.738000 4.125000 0.000092
2.813000 4.125000 0.000091
2.888000 4.125000 0.000091
2.963000 4.125000 0.000090
3.038000 4.125000 0.000090
3.113000 4.125000 0.000089
3.188000 4.125000 0.000089
3.263000 4.125000 0.000088
3.338000 4.125000 0.000088
3.413000 4.125000 0.000088
3.488000 4.125000 0.000087
3.563000 4.125000 0.000087
3.638000 4.125000 0.000087
3.713000 4.125000 0.000087
3.788000 4.125000 0.000087
3.863000 4.125000 0.000000
-0.037500 4.275000 0.000000
0.037500 4.275000 0.000056
0.112500 4.275000 0.000056
0.187500 4.275000 0.000056
0.262500 4.275000 0.000056
0.337500 4.275000 0.000056
0.412500 4.275000 0.000056
0.487500 4.275000 0.000056
0.562500 4.275000 0.000056
0.637500 4.275000 0.000057
0.712500 4.275000 0.000057
0.787500 4.275000 0.000057
0.862500 4.275000 0.000057
0.937500 4.275000 0.000058
1.012000 4.275000 0.000058
1.087000 4.275000 0.000058
1.163000 4.275000 0.000058
1.238000 4.275000 0.000058
1.313000 4.275000 0.000059
1.388000 4.275000 0.000059
1.463000 4.275000 0.000059
1.538000 4.275000 0.000059
1.613000 4.275000 0.000059
1.688000 4.275000 0.000059
1.763000 4.275000 0.000059
1.838000 4.275000 0.000059
1.913000 4.275000 0.000059
1.988000 4.275000 0.000059
2.063000 4.275000 0.000059
2.138000 4.275000 0.000059
2.213000 4.275000 0.000058
2.288000 4.275000 0.000058
2.363000 4.275000 0.000058
2.438000 4.275000 0.000057
2.513000 4.275000 0.000057
2.588000 4.275000 0.000057
2.663000 4.275000 0.000056
2.738000 4.275000 0.000056
2.813000 4.275000 0.000056
2.888000 4.275000 0.000055
2.963000 4.275000 0.000055
3.038000 4.275000 0.000055
3.113000 4.275000 0.000054
3.188000 4.275000 0.000054
3.263000 4.275000 0.000054
3.338000 4.275000 0.000054
3.413000 4.275000 0.000053
3.488000 4.275000 0.000053
3.563000 4.275000 0.000053
3.638000 4.275000 0.000053
3.713000 4.275000 0.000053
3.788000 4.275000 0.000053
3.863000 4.275000 0.000000
-0.037500 4.425000 0.000000
0.037500 4.425000 0.000034
0.112500 4.425000 0.000034
0.187500 4.425000 0.000034
0.262500 4.425000 0.000034
0.337500 4.425000 0.000034
0.412500 4.425000 0.000034
0.487500 4.425000 0.000034
0.562500 4.425000 0.000034
0.637500 4.425000 0.000034
0.712500 4.425000 0.000035
0.787500 4.425000 0.000035
0.862500 4.425000 0.000035
0.937500 4.425000 0.000035
1.012000 4.425000 0.000035
1.087000 4.425000 0.000035
1.163000 4.425000 0.000035
1.238000 4.425000 0.000035
1.313000 4.425000 0.000036
1.388000 4.425000 0.000036
1.463000 4.425000 0.000036
1.538000 4.425000 0.000036
1.613000 4.425000 0.000036
1.688000 4.425000 0.000036
1.763000 4.425000 0.000036
1.838000 4.425000 0.000036
1.913000 4.425000 0.000036
1.988000 4.425000 0.000036
2.063000 4.425000 0.000036
2.138000 4.425000 0.000035
2.213000 4.425000 0.000035
2.288000 4.425000 0.000035
2.363000 4.425000 0.000035
2.438000 4.425000 0.000035
2.513000 4.425000 0.000035
2.588000 4.425000 0.000035
2.663000 4.425000 0.000034
2.738000 4.425000 0.000034
2.813000 4.425000 0.000034
2.888000 4.425000 0.000034
2.963000 4.425000 0.000033
3.038000 4.425000 0.000033
3.113000 4.425000 0.000033
3.188000 4.425000 0.000033
3.263000 4.425000 0.000033
3.338000 4.425000 0.000033
3.413000 4.425000 0.000033
3.488000 4.425000 0.000032
3.563000 4.425000 0.000032
3.638000 4.425000 0.000032
3.713000 4.425000 0.000032
3.788000 4.425000 0.000032
3.863000 4.425000 0.000000
-0.037500 4.575000 0.000000
0.037500 4.575000 0.000021
0.112500 4.575000 0.000021
0.187500 4.575000 0.000021
0.262500 4.575000 0.000021
0.337500 4.575000 0.000021
0.412500 4.575000 0.000021
0.487500 4.575000 0.000021
0.562500 4.575000 0.000021
0.637500 4.575000 0.000021
0.712500 4.575000 0.000021
0.787500 4.575000 0.000021
0.862500 4.575000 0.000021
0.937500 4.575000 0.000021
1.012000 4.575000 0.000021
1.087000 4.575000 0.000021
1.163000 4.575000 0.000022
1.238000 4.575000 0.000022
1.313000 4.575000 0.000022
1.388000 4.575000 0.000022
1.463000 4.575000 0.000022
1.538000 4.575000 0.000022
1.613000 4.575000 0.000022
1.688000 4.575000 0.000022
1.763000 4.575000 0.000022
1.838000 4.575000 0.000022
1.913000 4.575000 0.000022
1.988000 4.575000 0.000022
2.063000 4.575000 0.000022
2.138000 4.575000 0.000022
2.213000 4.575000 0.000022
2.288000 4.575000 0.000021
2.363000 4.575000 0.000021
2.438000 4.575000 0.000021
2.513000 4.575000 0.000021
2.588000 4.575000 0.000021
2.663000 4.575000 0.000021
2.738000 4.575000 0.000021
2.813000 4.575000 0.000021
2.888000 4.575000 0.000021
2.963000 4.575000 0.000020
3.038000 4.575000 0.000020
3.113000 4.575000 0.000020
3.188000 4.575000 0.000020
3.263000 4.575000 0.000020
3.338000 4.575000 0.000020
3.413000 4.575000 0.000020
3.488000 4.575000 0.000020
3.563000 4.575000 0.000020
3.638000 4.575000 0.000020
3.713000 4.575000 0.000020
3.788000 4.575000 0.000020
3.863000 4.575000 0.000000
-0.037500 4.725000 0.000000
0.037500 4.725000 0.000013
0.112500 4.725000 0.000013
0.187500 4.725000 0.000013
0.262500 4.725000 0.000013
0.337500 4.725000 0.000013
0.412500 4.725000 0.000013
0.487500 4.725000 0.000013
0.562500 4.725000 0.000013
0.637500 4.725000 0.000013
0.712500 4.725000 0.000013
0.787500 4.725000 0.000013
0.862500 4.725000 0.000013
0.937500 4.725000 0.000013
1.012000 4.725000 0.000013
1.087000 4.725000 0.000013
1.163000 4.725000 0.000013
1.238000 4.725000 0.000013
1.313000 4.725000 0.000013
1.388000 4.725000 0.000013
1.463000 4.725000 0.000014
1.538000 4.725000 0.000014
1.613000 4.725000 0.000014
1.688000 4.725000 0.000014
1.763000 4.725000 0.000014
1.838000 4.725000 0.000014
1.913000 4.725000 0.000014
1.988000 4.725000 0.000013
2.063000 4.725000 0.000013
2.138000 4.725000 0.000013
2.213000 4.725000 0.000013
2.288000 4.725000 0.000013
2.363000 4.725000 0.000013
2.438000 4.725000 0.000013
2.513000 4.725000 0.000013
2.588000 4.725000 0.000013
2.663000 4.725000 0.000013
2.738000 4.725000 0.000013
2.813000 4.725000 0.000013
2.888000 4.725000 0.000013
2.963000 4.725000 0.000013
3.038000 4.725000 0.000013
3.113000 4.725000 0.000013
3.188000 4.725000 0.000013
3.263000 4.725000 0.000012
3.338000 4.725000 0.000012
3.413000 4.725000 0.000012
3.488000 4.725000 0.000012
3.563000 4.725000 0.000012
3.638000 4.725000 0.000012
3.713000 4.725000 0.000012
3.788000 4.725000 0.000012
3.863000 4.725000 0.000000
-0.037500 4.875000 0.000000
0.037500 4.875000 0.000009
0.112500 4.875000 0.000009
0.187500 4.875000 0.000009
0.262500 4.875000 0.000009
0.337500 4.875000 0.000009
0.412500 4.875000 0.000009
0.487500 4.875000 0.000009
0.562500 4.875000 0.000009
0.637500 4.875000 0.000009
0.712500 4.875000 0.000009
0.787500 4.875000 0.000009
0.862500 4.875000 0.000009
0.937500 4.875000 0.000009
1.012000 4.875000 0.000009
1.087000 4.875000 0.000009
1.163000 4.875000 0.000009
1.238000 4.875000 0.000009
1.313000 4.875000 0.000009
1.388000 4.875000 0.000009
1.463000 4.875000 0.000009
1.538000 4.875000 0.000009
1.613000 4.875000 0.000009
1.688000 4.875000 0.000009
1.763000 4.875000 0.000009
1.838000 4.875000 0.000009
1.913000 4.875000 0.000009
1.988000 4.875000 0.000009
2.063000 4.875000 0.000009
2.138000 4.875000 0.000009
2.213000 4.875000 0.000009
2.288000 4.875000 0.000009
2.363000 4.875000 0.000009
2.438000 4.875000 0.000009
2.513000 4.875000 0.000009
2.588000 4.875000 0.000009
2.663000 4.875000 0.000009
2.738000 4.875000 0.000009
2.813000 4.875000 0.000009
2.888000 4.875000 0.000008
2.963000 4.875000 0.000008
3.038000 4.875000 0.000008
3.113000 4.875000 0.000008
3.188000 4.875000 0.000008
3.263000 4.875000 0.000008
3.338000 4.875000 0.000008
3.413000 4.875000 0.000008
3.488000 4.875000 0.000008
3.563000 4.875000 0.000008
3.638000 4.875000 0.000008
3.713000 4.875000 0.000008
3.788000 4.875000 0.000008
3.863000 4.875000 0.000000
-0.037500 5.025000 0.000000
0.037500 5.025000 0.000007
0.112500 5.025000 0.000007
0.187500 5.025000 0.000007
0.262500 5.025000 0.000007
0.337500 5.025000 0.000007
0.412500 5.025000 0.000007
0.487500 5.025000 0.000007
0.562500 5.025000 0.000007
0.637500 5.025000 0.000007
0.712500 5.025000 0.000007
0.787500 5.025000 0.000007
0.862500 5.025000 0.000007
0.937500 5.025000 0.000007
1.012000 5.025000 0.000007
1.087000 5.025000 0.000007
1.163000 5.025000 0.000007
1.238000 5.025000 0.000007
1.313000 5.025000 0.000007
1.388000 5.025000 0.000007
1.463000 5.025000 0.000007
1.538000 5.025000 0.000007
1.613000 5.025000 0.000007
1.688000 5.025000 0.000007
1.763000 5.025000 0.000007
1.838000 5.025000 0.000007
1.913000 5.025000 0.000007
1.988000 5.025000 0.000007
2.063000 5.025000 0.000007
2.138000 5.025000 0.000007
2.213000 5.025000 0.000007
2.288000 5.025000 0.000007
2.363000 5.025000 0.000007
2.438000 5.025000 0.000007
2.513000 5.025000 0.000007
2.588000 5.025000 0.000007
2.663000 5.025000 0.000007
2.738000 5.025000 0.000007
2.813000 5.025000 0.000007
2.888000 5.025000 0.000007
2.963000 5.025000 0.000007
3.038000 5.025000 0.000007
3.113000 5.025000 0.000006
3.188000 5.025000 0.000006
3.263000 5.025000 0.000006
3.338000 5.025000 0.000006
3.413000 5.025000 0.000006
3.488000 5.025000 0.000006
3.563000 5.025000 0.000006
3.638000 5.025000 0.000006
3.713000 5.025000 0.000006
3.788000 5.025000 0.000006
3.863000 5.025000 0.000000
-0.037500 5.175000 0.000000
0.037500 5.175000 0.000000
0.112500 5.175000 0.000000
0.187500 5.175000 0.000000
0.262500 5.175000 0.000000
0.337500 5.175000 0.000000
0.412500 5.175000 0.000000
0.487500 5.175000 0.000000
0.562500 5.175000 0.000000
0.637500 5.175000 0.000000
0.712500 5.175000 0.000000
0.787500 5.175000 0.000000
0.862500 5.175000 0.000000
0.937500 5.175000 0.000000
1.012000 5.175000 0.000000
1.087000 5.175000 0.000000
1.163000 5.175000 0.000000
1.238000 5.175000 0.000000
1.313000 5.175000 0.000000
1.388000 5.175000 0.000000
1.463000 5.175000 0.000000
1.538000 5.175000 0.000000
1.613000 5.175000 0.000000
1.688000 5.175000 0.000000
1.763000 5.175000 0.000000
1.838000 5.175000 0.000000
1.913000 5.175000 0.000000
1.988000 5.175000 0.000000
2.063000 5.175000 0.000000
2.138000 5.175000 0.000000
2.213000 5.175000 0.000000
2.288000 5.175000 0.000000
2.363000 5.175000 0.000000
2.438000 5.175000 0.000000
2.513000 5.175000 0.000000
2.588000 5.175000 0.000000
2.663000 5.175000 0.000000
2.738000 5.175000 0.000000
2.813000 5.175000 0.000000
2.888000 5.175000 0.000000
2.963000 5.175000 0.000000
3.038000 5.175000 0.000000
3.113000 5.175000 0.000000
3.188000 5.175000 0.000000
3.263000 5.175000 0.000000
3.338000 5.175000 0.000000
3.413000 5.175000 0.000000
3.488000 5.175000 0.000000
3.563000 5.175000 0.000000
3.638000 5.175000 0.000000
3.713000 5.175000 0.000000
3.788000 5.175000 0.000000
3.863000 5.175000 0.000000
