-0.037500 -0.075000 0.000000
0.037500 -0.075000 0.000000
0.112500 -0.075000 0.000000
0.187500 -0.075000 0.000000
0.262500 -0.075000 0.000000
0.337500 -0.075000 0.000000
0.412500 -0.075000 0.000000
0.487500 -0.075000 0.000000
0.562500 -0.075000 0.000000
0.637500 -0.075000 0.000000
0.712500 -0.075000 0.000000
0.787500 -0.075000 0.000000
0.862500 -0.075000 0.000000
0.937500 -0.075000 0.000000
1.012000 -0.075000 0.000000
1.087000 -0.075000 0.000000
1.163000 -0.075000 0.000000
1.238000 -0.075000 0.000000
1.313000 -0.075000 0.000000
1.388000 -0.075000 0.000000
1.463000 -0.075000 0.000000
1.538000 -0.075000 0.000000
1.613000 -0.075000 0.000000
1.688000 -0.075000 0.000000
1.763000 -0.075000 0.000000
1.838000 -0.075000 0.000000
1.913000 -0.075000 0.000000
1.988000 -0.075000 0.000000
2.063000 -0.075000 0.000000
2.138000 -0.075000 0.000000
2.213000 -0.075000 0.000000
2.288000 -0.075000 0.000000
2.363000 -0.075000 0.000000
2.438000 -0.075000 0.000000
2.513000 -0.075000 0.000000
2.588000 -0.075000 0.000000
2.663000 -0.075000 0.000000
2.738000 -0.075000 0.000000
2.813000 -0.075000 0.000000
2.888000 -0.075000 0.000000
2.963000 -0.075000 0.000000
3.038000 -0.075000 0.000000
3.113000 -0.075000 0.000000
3.188000 -0.075000 0.000000
3.263000 -0.075000 0.000000
3.338000 -0.075000 0.000000
3.413000 -0.075000 0.000000
3.488000 -0.075000 0.000000
3.563000 -0.075000 0.000000
3.638000 -0.075000 0.000000
3.713000 -0.075000 0.000000
3.788000 -0.075000 0.000000
3.863000 -0.075000 0.000000
-0.037500 0.075000 0.000000
0.037500 0.075000 0.001730
0.112500 0.075000 0.003460
0.187500 0.075000 0.005190
0.262500 0.075000 0.006920
0.337500 0.075000 0.008650
0.412500 0.075000 0.010370
0.487500 0.075000 0.012100
0.562500 0.075000 0.013820
0.637500 0.075000 0.015530
0.712500 0.075000 0.017240
0.787500 0.075000 0.018940
0.862500 0.075000 0.020610
0.937500 0.075000 0.022270
1.012000 0.075000 0.023900
1.087000 0.075000 0.025480
1.163000 0.075000 0.027020
1.238000 0.075000 0.028500
1.313000 0.075000 0.029910
1.388000 0.075000 0.031220
1.463000 0.075000 0.032420
1.538000 0.075000 0.033490
1.613000 0.075000 0.034410
1.688000 0.075000 0.035170
1.763000 0.075000 0.035750
1.838000 0.075000 0.036130
1.913000 0.075000 0.036320
1.988000 0.075000 0.036300
2.063000 0.075000 0.036100
2.138000 0.075000 0.035710
2.213000 0.075000 0.035170
2.288000 0.075000 0.034480
2.363000 0.075000 0.033690
2.438000 0.075000 0.032800
2.513000 0.075000 0.031860
2.588000 0.075000 0.030860
2.663000 0.075000 0.029840
2.738000 0.075000 0.028820
2.813000 0.075000 0.027790
2.888000 0.075000 0.026780
2.963000 0.075000 0.025790
3.038000 0.075000 0.024820
3.113000 0.075000 0.023890
3.188000 0.075000 0.022990
3.263000 0.075000 0.022120
3.338000 0.075000 0.021290
3.413000 0.075000 0.020490
3.488000 0.075000 0.019730
3.563000 0.075000 0.019010
3.638000 0.075000 0.018310
3.713000 0.075000 0.017650
3.788000 0.075000 0.017020
3.863000 0.075000 0.000000
-0.037500 0.225000 0.000000
0.037500 0.225000 0.001730
0.112500 0.225000 0.003460
0.187500 0.225000 0.005190
0.262500 0.225000 0.006920
0.337500 0.225000 0.008650
0.412500 0.225000 0.010370
0.487500 0.225000 0.012100
0.562500 0.225000 0.013820
0.637500 0.225000 0.015530
0.712500 0.225000 0.017240
0.787500 0.225000 0.018940
0.862500 0.225000 0.020610
0.937500 0.225000 0.022270
1.012000 0.225000 0.023900
1.087000 0.225000 0.025480
1.163000 0.225000 0.027020
1.238000 0.225000 0.028500
1.313000 0.225000 0.029910
1.388000 0.225000 0.031220
1.463000 0.225000 0.032420
1.538000 0.225000 0.033490
1.613000 0.225000 0.034410
1.688000 0.225000 0.035170
1.763000 0.225000 0.035750
1.838000 0.225000 0.036130
1.913000 0.225000 0.036320
1.988000 0.225000 0.036300
2.063000 0.225000 0.036100
2.138000 0.225000 0.035710
2.213000 0.225000 0.035170
2.288000 0.225000 0.034480
2.363000 0.225000 0.033690
2.438000 0.225000 0.032800
2.513000 0.225000 0.031860
2.588000 0.225000 0.030860
2.663000 0.225000 0.029840
2.738000 0.225000 0.028820
2.813000 0.225000 0.027790
2.888000 0.225000 0.026780
2.963000 0.225000 0.025790
3.038000 0.225000 0.024820
3.113000 0.225000 0.023890
3.188000 0.225000 0.022990
3.263000 0.225000 0.022120
3.338000 0.225000 0.021290
3.413000 0.225000 0.020490
3.488000 0.225000 0.019730
3.563000 0.225000 0.019010
3.638000 0.225000 0.018310
3.713000 0.225000 0.017650
3.788000 0.225000 0.017020
3.863000 0.225000 0.000000
-0.037500 0.375000 0.000000
0.037500 0.375000 0.003356
0.112500 0.375000 0.003747
0.187500 0.375000 0.004348
0.262500 0.375000 0.005077
0.337500 0.375000 0.005884
0.412500 0.375000 0.006742
0.487500 0.375000 0.007632
0.562500 0.375000 0.008542
0.637500 0.375000 0.009464
0.712500 0.375000 0.010390
0.787500 0.375000 0.011320
0.862500 0.375000 0.012240
0.937500 0.375000 0.013150
1.012000 0.375000 0.014050
1.087000 0.375000 0.014920
1.163000 0.375000 0.015770
1.238000 0.375000 0.016570
1.313000 0.375000 0.017340
1.388000 0.375000 0.018050
1.463000 0.375000 0.018690
1.538000 0.375000 0.019260
1.613000 0.375000 0.019750
1.688000 0.375000 0.020150
1.763000 0.375000 0.020460
1.838000 0.375000 0.020650
1.913000 0.375000 0.020750
1.988000 0.375000 0.020740
2.063000 0.375000 0.020630
2.138000 0.375000 0.020430
2.213000 0.375000 0.020140
2.288000 0.375000 0.019770
2.363000 0.375000 0.019350
2.438000 0.375000 0.018870
2.513000 0.375000 0.018360
2.588000 0.375000 0.017810
2.663000 0.375000 0.017250
2.738000 0.375000 0.016690
2.813000 0.375000 0.016120
2.888000 0.375000 0.015550
2.963000 0.375000 0.014990
3.038000 0.375000 0.014450
3.113000 0.375000 0.013920
3.188000 0.375000 0.013410
3.263000 0.375000 0.012920
3.338000 0.375000 0.012460
3.413000 0.375000 0.012010
3.488000 0.375000 0.011600
3.563000 0.375000 0.011220
3.638000 0.375000 0.010880
3.713000 0.375000 0.010600
3.788000 0.375000 0.010420
3.863000 0.375000 0.000000
-0.037500 0.525000 0.000000
0.037500 0.525000 0.002754
0.112500 0.525000 0.002871
0.187500 0.525000 0.003085
0.262500 0.525000 0.003372
0.337500 0.525000 0.003713
0.412500 0.525000 0.004093
0.487500 0.525000 0.004500
0.562500 0.525000 0.004928
0.637500 0.525000 0.005368
0.712500 0.525000 0.005816
0.787500 0.525000 0.006268
0.862500 0.525000 0.006720
0.937500 0.525000 0.007168
1.012000 0.525000 0.007609
1.087000 0.525000 0.008038
1.163000 0.525000 0.008452
1.238000 0.525000 0.008848
1.313000 0.525000 0.009219
1.388000 0.525000 0.009563
1.463000 0.525000 0.009874
1.538000 0.525000 0.010150
1.613000 0.525000 0.010380
1.688000 0.525000 0.010570
1.763000 0.525000 0.010710
1.838000 0.525000 0.010800
1.913000 0.525000 0.010850
1.988000 0.525000 0.010840
2.063000 0.525000 0.010790
2.138000 0.525000 0.010690
2.213000 0.525000 0.010550
2.288000 0.525000 0.010370
2.363000 0.525000 0.010160
2.438000 0.525000 0.009932
2.513000 0.525000 0.009680
2.588000 0.525000 0.009412
2.663000 0.525000 0.009134
2.738000 0.525000 0.008851
2.813000 0.525000 0.008565
2.888000 0.525000 0.008280
2.963000 0.525000 0.007999
3.038000 0.525000 0.007724
3.113000 0.525000 0.007458
3.188000 0.525000 0.007201
3.263000 0.525000 0.006957
3.338000 0.525000 0.006726
3.413000 0.525000 0.006512
3.488000 0.525000 0.006315
3.563000 0.525000 0.006141
3.638000 0.525000 0.005993
3.713000 0.525000 0.005875
3.788000 0.525000 0.005789
3.863000 0.525000 0.000000
-0.037500 0.675000 0.000000
0.037500 0.675000 0.002163
0.112500 0.675000 0.002203
0.187500 0.675000 0.002281
0.262500 0.675000 0.002395
0.337500 0.675000 0.002537
0.412500 0.675000 0.002703
0.487500 0.675000 0.002887
0.562500 0.675000 0.003086
0.637500 0.675000 0.003296
0.712500 0.675000 0.003513
0.787500 0.675000 0.003734
0.862500 0.675000 0.003958
0.937500 0.675000 0.004180
1.012000 0.675000 0.004400
1.087000 0.675000 0.004614
1.163000 0.675000 0.004820
1.238000 0.675000 0.005016
1.313000 0.675000 0.005200
1.388000 0.675000 0.005369
1.463000 0.675000 0.005521
1.538000 0.675000 0.005654
1.613000 0.675000 0.005767
1.688000 0.675000 0.005858
1.763000 0.675000 0.005926
1.838000 0.675000 0.005970
1.913000 0.675000 0.005990
1.988000 0.675000 0.005986
2.063000 0.675000 0.005960
2.138000 0.675000 0.005911
2.213000 0.675000 0.005843
2.288000 0.675000 0.005757
2.363000 0.675000 0.005655
2.438000 0.675000 0.005539
2.513000 0.675000 0.005413
2.588000 0.675000 0.005278
2.663000 0.675000 0.005137
2.738000 0.675000 0.004993
2.813000 0.675000 0.004846
2.888000 0.675000 0.004699
2.963000 0.675000 0.004554
3.038000 0.675000 0.004412
3.113000 0.675000 0.004275
3.188000 0.675000 0.004145
3.263000 0.675000 0.004021
3.338000 0.675000 0.003907
3.413000 0.675000 0.003804
3.488000 0.675000 0.003713
3.563000 0.675000 0.003637
3.638000 0.675000 0.003578
3.713000 0.675000 0.003536
3.788000 0.675000 0.003510
3.863000 0.675000 0.000000
-0.037500 0.825000 0.000000
0.037500 0.825000 0.001774
0.112500 0.825000 0.001797
0.187500 0.825000 0.001843
0.262500 0.825000 0.001911
0.337500 0.825000 0.001998
0.412500 0.825000 0.002101
0.487500 0.825000 0.002217
0.562500 0.825000 0.002344
0.637500 0.825000 0.002480
0.712500 0.825000 0.002621
0.787500 0.825000 0.002767
0.862500 0.825000 0.002914
0.937500 0.825000 0.003062
1.012000 0.825000 0.003207
1.087000 0.825000 0.003349
1.163000 0.825000 0.003486
1.238000 0.825000 0.003616
1.313000 0.825000 0.003738
1.388000 0.825000 0.003850
1.463000 0.825000 0.003950
1.538000 0.825000 0.004038
1.613000 0.825000 0.004112
1.688000 0.825000 0.004172
1.763000 0.825000 0.004216
1.838000 0.825000 0.004245
1.913000 0.825000 0.004257
1.988000 0.825000 0.004255
2.063000 0.825000 0.004237
2.138000 0.825000 0.004205
2.213000 0.825000 0.004160
2.288000 0.825000 0.004103
2.363000 0.825000 0.004036
2.438000 0.825000 0.003959
2.513000 0.825000 0.003875
2.588000 0.825000 0.003784
2.663000 0.825000 0.003690
2.738000 0.825000 0.003592
2.813000 0.825000 0.003493
2.888000 0.825000 0.003394
2.963000 0.825000 0.003296
3.038000 0.825000 0.003200
3.113000 0.825000 0.003108
3.188000 0.825000 0.003020
3.263000 0.825000 0.002938
3.338000 0.825000 0.002864
3.413000 0.825000 0.002798
3.488000 0.825000 0.002741
3.563000 0.825000 0.002696
3.638000 0.825000 0.002662
3.713000 0.825000 0.002641
3.788000 0.825000 0.002629
3.863000 0.825000 0.000000
-0.037500 0.975000 0.000000
0.037500 0.975000 0.001415
0.112500 0.975000 0.001430
0.187500 0.975000 0.001460
0.262500 0.975000 0.001504
0.337500 0.975000 0.001559
0.412500 0.975000 0.001626
0.487500 0.975000 0.001703
0.562500 0.975000 0.001786
0.637500 0.975000 0.001876
0.712500 0.975000 0.001971
0.787500 0.975000 0.002069
0.862500 0.975000 0.002168
0.937500 0.975000 0.002268
1.012000 0.975000 0.002367
1.087000 0.975000 0.002463
1.163000 0.975000 0.002556
1.238000 0.975000 0.002644
1.313000 0.975000 0.002727
1.388000 0.975000 0.002802
1.463000 0.975000 0.002870
1.538000 0.975000 0.002929
1.613000 0.975000 0.002979
1.688000 0.975000 0.003020
1.763000 0.975000 0.003049
1.838000 0.975000 0.003069
1.913000 0.975000 0.003077
1.988000 0.975000 0.003076
2.063000 0.975000 0.003064
2.138000 0.975000 0.003042
2.213000 0.975000 0.003012
2.288000 0.975000 0.002973
2.363000 0.975000 0.002928
2.438000 0.975000 0.002875
2.513000 0.975000 0.002818
2.588000 0.975000 0.002756
2.663000 0.975000 0.002691
2.738000 0.975000 0.002624
2.813000 0.975000 0.002556
2.888000 0.975000 0.002488
2.963000 0.975000 0.002421
3.038000 0.975000 0.002355
3.113000 0.975000 0.002292
3.188000 0.975000 0.002232
3.263000 0.975000 0.002177
3.338000 0.975000 0.002128
3.413000 0.975000 0.002084
3.488000 0.975000 0.002048
3.563000 0.975000 0.002020
3.638000 0.975000 0.002001
3.713000 0.975000 0.001991
3.788000 0.975000 0.001987
3.863000 0.975000 0.000000
-0.037500 1.125000 0.000000
0.037500 1.125000 0.001139
0.112500 1.125000 0.001150
0.187500 1.125000 0.001171
0.262500 1.125000 0.001201
0.337500 1.125000 0.001241
0.412500 1.125000 0.001288
0.487500 1.125000 0.001342
0.562500 1.125000 0.001401
0.637500 1.125000 0.001466
0.712500 1.125000 0.001533
0.787500 1.125000 0.001603
0.862500 1.125000 0.001675
0.937500 1.125000 0.001747
1.012000 1.125000 0.001818
1.087000 1.125000 0.001888
1.163000 1.125000 0.001955
1.238000 1.125000 0.002019
1.313000 1.125000 0.002078
1.388000 1.125000 0.002133
1.463000 1.125000 0.002182
1.538000 1.125000 0.002225
1.613000 1.125000 0.002261
1.688000 1.125000 0.002290
1.763000 1.125000 0.002311
1.838000 1.125000 0.002325
1.913000 1.125000 0.002332
1.988000 1.125000 0.002331
2.063000 1.125000 0.002322
2.138000 1.125000 0.002307
2.213000 1.125000 0.002285
2.288000 1.125000 0.002257
2.363000 1.125000 0.002224
2.438000 1.125000 0.002186
2.513000 1.125000 0.002144
2.588000 1.125000 0.002099
2.663000 1.125000 0.002052
2.738000 1.125000 0.002003
2.813000 1.125000 0.001954
2.888000 1.125000 0.001904
2.963000 1.125000 0.001855
3.038000 1.125000 0.001807
3.113000 1.125000 0.001761
3.188000 1.125000 0.001719
3.263000 1.125000 0.001679
3.338000 1.125000 0.001644
3.413000 1.125000 0.001614
3.488000 1.125000 0.001589
3.563000 1.125000 0.001570
3.638000 1.125000 0.001558
3.713000 1.125000 0.001552
3.788000 1.125000 0.001550
3.863000 1.125000 0.000000
-0.037500 1.275000 0.000000
0.037500 1.275000 0.000740
0.112500 1.275000 0.000747
0.187500 1.275000 0.000761
0.262500 1.275000 0.000780
0.337500 1.275000 0.000804
0.412500 1.275000 0.000833
0.487500 1.275000 0.000867
0.562500 1.275000 0.000903
0.637500 1.275000 0.000943
0.712500 1.275000 0.000985
0.787500 1.275000 0.001029
0.862500 1.275000 0.001073
0.937500 1.275000 0.001118
1.012000 1.275000 0.001163
1.087000 1.275000 0.001206
1.163000 1.275000 0.001248
1.238000 1.275000 0.001288
1.313000 1.275000 0.001325
1.388000 1.275000 0.001359
1.463000 1.275000 0.001390
1.538000 1.275000 0.001417
1.613000 1.275000 0.001439
1.688000 1.275000 0.001457
1.763000 1.275000 0.001471
1.838000 1.275000 0.001480
1.913000 1.275000 0.001484
1.988000 1.275000 0.001483
2.063000 1.275000 0.001478
2.138000 1.275000 0.001469
2.213000 1.275000 0.001455
2.288000 1.275000 0.001438
2.363000 1.275000 0.001417
2.438000 1.275000 0.001394
2.513000 1.275000 0.001368
2.588000 1.275000 0.001340
2.663000 1.275000 0.001311
2.738000 1.275000 0.001280
2.813000 1.275000 0.001250
2.888000 1.275000 0.001219
2.963000 1.275000 0.001188
3.038000 1.275000 0.001159
3.113000 1.275000 0.001130
3.188000 1.275000 0.001104
3.263000 1.275000 0.001080
3.338000 1.275000 0.001059
3.413000 1.275000 0.001040
3.488000 1.275000 0.001026
3.563000 1.275000 0.001015
3.638000 1.275000 0.001009
3.713000 1.275000 0.001006
3.788000 1.275000 0.001006
3.863000 1.275000 0.000000
-0.037500 1.425000 0.000000
0.037500 1.425000 0.000404
0.112500 1.425000 0.000408
0.187500 1.425000 0.000414
0.262500 1.425000 0.000424
0.337500 1.425000 0.000437
0.412500 1.425000 0.000452
0.487500 1.425000 0.000469
0.562500 1.425000 0.000488
0.637500 1.425000 0.000508
0.712500 1.425000 0.000530
0.787500 1.425000 0.000552
0.862500 1.425000 0.000576
0.937500 1.425000 0.000599
1.012000 1.425000 0.000622
1.087000 1.425000 0.000644
1.163000 1.425000 0.000666
1.238000 1.425000 0.000687
1.313000 1.425000 0.000706
1.388000 1.425000 0.000724
1.463000 1.425000 0.000740
1.538000 1.425000 0.000754
1.613000 1.425000 0.000766
1.688000 1.425000 0.000775
1.763000 1.425000 0.000782
1.838000 1.425000 0.000787
1.913000 1.425000 0.000789
1.988000 1.425000 0.000789
2.063000 1.425000 0.000786
2.138000 1.425000 0.000782
2.213000 1.425000 0.000775
2.288000 1.425000 0.000766
2.363000 1.425000 0.000755
2.438000 1.425000 0.000743
2.513000 1.425000 0.000730
2.588000 1.425000 0.000715
2.663000 1.425000 0.000700
2.738000 1.425000 0.000685
2.813000 1.425000 0.000669
2.888000 1.425000 0.000653
2.963000 1.425000 0.000637
3.038000 1.425000 0.000622
3.113000 1.425000 0.000608
3.188000 1.425000 0.000594
3.263000 1.425000 0.000582
3.338000 1.425000 0.000571
3.413000 1.425000 0.000562
3.488000 1.425000 0.000555
3.563000 1.425000 0.000550
3.638000 1.425000 0.000547
3.713000 1.425000 0.000546
3.788000 1.425000 0.000544
3.863000 1.425000 0.000000
-0.037500 1.575000 0.000000
0.037500 1.575000 0.000215
0.112500 1.575000 0.000217
0.187500 1.575000 0.000221
0.262500 1.575000 0.000225
0.337500 1.575000 0.000232
0.412500 1.575000 0.000239
0.487500 1.575000 0.000248
0.562500 1.575000 0.000257
0.637500 1.575000 0.000268
0.712500 1.575000 0.000279
0.787500 1.575000 0.000290
0.862500 1.575000 0.000302
0.937500 1.575000 0.000314
1.012000 1.575000 0.000326
1.087000 1.575000 0.000337
1.163000 1.575000 0.000348
1.238000 1.575000 0.000359
1.313000 1.575000 0.000369
1.388000 1.575000 0.000378
1.463000 1.575000 0.000386
1.538000 1.575000 0.000393
1.613000 1.575000 0.000399
1.688000 1.575000 0.000404
1.763000 1.575000 0.000408
1.838000 1.575000 0.000410
1.913000 1.575000 0.000411
1.988000 1.575000 0.000411
2.063000 1.575000 0.000410
2.138000 1.575000 0.000408
2.213000 1.575000 0.000404
2.288000 1.575000 0.000400
2.363000 1.575000 0.000394
2.438000 1.575000 0.000388
2.513000 1.575000 0.000381
2.588000 1.575000 0.000374
2.663000 1.575000 0.000366
2.738000 1.575000 0.000359
2.813000 1.575000 0.000351
2.888000 1.575000 0.000342
2.963000 1.575000 0.000335
3.038000 1.575000 0.000327
3.113000 1.575000 0.000320
3.188000 1.575000 0.000313
3.263000 1.575000 0.000307
3.338000 1.575000 0.000302
3.413000 1.575000 0.000298
3.488000 1.575000 0.000294
3.563000 1.575000 0.000292
3.638000 1.575000 0.000290
3.713000 1.575000 0.000290
3.788000 1.575000 0.000288
3.863000 1.575000 0.000000
-0.037500 1.725000 0.000000
0.037500 1.725000 0.000111
0.112500 1.725000 0.000112
0.187500 1.725000 0.000114
0.262500 1.725000 0.000116
0.337500 1.725000 0.000119
0.412500 1.725000 0.000123
0.487500 1.725000 0.000127
0.562500 1.725000 0.000132
0.637500 1.725000 0.000137
0.712500 1.725000 0.000142
0.787500 1.725000 0.000148
0.862500 1.725000 0.000154
0.937500 1.725000 0.000160
1.012000 1.725000 0.000166
1.087000 1.725000 0.000171
1.163000 1.725000 0.000177
1.238000 1.725000 0.000182
1.313000 1.725000 0.000187
1.388000 1.725000 0.000192
1.463000 1.725000 0.000196
1.538000 1.725000 0.000200
1.613000 1.725000 0.000203
1.688000 1.725000 0.000205
1.763000 1.725000 0.000207
1.838000 1.725000 0.000208
1.913000 1.725000 0.000209
1.988000 1.725000 0.000209
2.063000 1.725000 0.000208
2.138000 1.725000 0.000207
2.213000 1.725000 0.000205
2.288000 1.725000 0.000203
2.363000 1.725000 0.000201
2.438000 1.725000 0.000198
2.513000 1.725000 0.000194
2.588000 1.725000 0.000191
2.663000 1.725000 0.000187
2.738000 1.725000 0.000183
2.813000 1.725000 0.000179
2.888000 1.725000 0.000175
2.963000 1.725000 0.000171
3.038000 1.725000 0.000167
3.113000 1.725000 0.000164
3.188000 1.725000 0.000161
3.263000 1.725000 0.000158
3.338000 1.725000 0.000156
3.413000 1.725000 0.000154
3.488000 1.725000 0.000152
3.563000 1.725000 0.000151
3.638000 1.725000 0.000150
3.713000 1.725000 0.000150
3.788000 1.725000 0.000149
3.863000 1.725000 0.000000
-0.037500 1.875000 0.000000
0.037500 1.875000 0.000055
0.112500 1.875000 0.000056
0.187500 1.875000 0.000057
0.262500 1.875000 0.000058
0.337500 1.875000 0.000059
0.412500 1.875000 0.000061
0.487500 1.875000 0.000063
0.562500 1.875000 0.000065
0.637500 1.875000 0.000068
0.712500 1.875000 0.000071
0.787500 1.875000 0.000073
0.862500 1.875000 0.000076
0.937500 1.875000 0.000079
1.012000 1.875000 0.000082
1.087000 1.875000 0.000085
1.163000 1.875000 0.000087
1.238000 1.875000 0.000090
1.313000 1.875000 0.000092
1.388000 1.875000 0.000095
1.463000 1.875000 0.000097
1.538000 1.875000 0.000098
1.613000 1.875000 0.000100
1.688000 1.875000 0.000101
1.763000 1.875000 0.000102
1.838000 1.875000 0.000103
1.913000 1.875000 0.000103
1.988000 1.875000 0.000103
2.063000 1.875000 0.000103
2.138000 1.875000 0.000102
2.213000 1.875000 0.000101
2.288000 1.875000 0.000100
2.363000 1.875000 0.000099
2.438000 1.875000 0.000098
2.513000 1.875000 0.000096
2.588000 1.875000 0.000094
2.663000 1.875000 0.000093
2.738000 1.875000 0.000091
2.813000 1.875000 0.000089
2.888000 1.875000 0.000087
2.963000 1.875000 0.000085
3.038000 1.875000 0.000083
3.113000 1.875000 0.000082
3.188000 1.875000 0.000080
3.263000 1.875000 0.000079
3.338000 1.875000 0.000078
3.413000 1.875000 0.000077
3.488000 1.875000 0.000076
3.563000 1.875000 0.000076
3.638000 1.875000 0.000076
3.713000 1.875000 0.000075
3.788000 1.875000 0.000075
3.863000 1.875000 0.000000
-0.037500 2.025000 0.000000
0.037500 2.025000 0.000026
0.112500 2.025000 0.000027
0.187500 2.025000 0.000027
0.262500 2.025000 0.000027
0.337500 2.025000 0.000028
0.412500 2.025000 0.000029
0.487500 2.025000 0.000030
0.562500 2.025000 0.000031
0.637500 2.025000 0.000032
0.712500 2.025000 0.000033
0.787500 2.025000 0.000035
0.862500 2.025000 0.000036
0.937500 2.025000 0.000037
1.012000 2.025000 0.000039
1.087000 2.025000 0.000040
1.163000 2.025000 0.000041
1.238000 2.025000 0.000042
1.313000 2.025000 0.000044
1.388000 2.025000 0.000045
1.463000 2.025000 0.000045
1.538000 2.025000 0.000046
1.613000 2.025000 0.000047
1.688000 2.025000 0.000048
1.763000 2.025000 0.000048
1.838000 2.025000 0.000048
1.913000 2.025000 0.000048
1.988000 2.025000 0.000048
2.063000 2.025000 0.000048
2.138000 2.025000 0.000048
2.213000 2.025000 0.000048
2.288000 2.025000 0.000047
2.363000 2.025000 0.000047
2.438000 2.025000 0.000046
2.513000 2.025000 0.000045
2.588000 2.025000 0.000045
2.663000 2.025000 0.000044
2.738000 2.025000 0.000043
2.813000 2.025000 0.000042
2.888000 2.025000 0.000041
2.963000 2.025000 0.000040
3.038000 2.025000 0.000040
3.113000 2.025000 0.000039
3.188000 2.025000 0.000038
3.263000 2.025000 0.000038
3.338000 2.025000 0.000037
3.413000 2.025000 0.000037
3.488000 2.025000 0.000037
3.563000 2.025000 0.000036
3.638000 2.025000 0.000036
3.713000 2.025000 0.000036
3.788000 2.025000 0.000036
3.863000 2.025000 0.000000
-0.037500 2.175000 0.000000
0.037500 2.175000 0.000011
0.112500 2.175000 0.000011
0.187500 2.175000 0.000011
0.262500 2.175000 0.000012
0.337500 2.175000 0.000012
0.412500 2.175000 0.000012
0.487500 2.175000 0.000013
0.562500 2.175000 0.000013
0.637500 2.175000 0.000013
0.712500 2.175000 0.000014
0.787500 2.175000 0.000014
0.862500 2.175000 0.000015
0.937500 2.175000 0.000015
1.012000 2.175000 0.000016
1.087000 2.175000 0.000017
1.163000 2.175000 0.000017
1.238000 2.175000 0.000018
1.313000 2.175000 0.000018
1.388000 2.175000 0.000018
1.463000 2.175000 0.000019
1.538000 2.175000 0.000019
1.613000 2.175000 0.000019
1.688000 2.175000 0.000020
1.763000 2.175000 0.000020
1.838000 2.175000 0.000020
1.913000 2.175000 0.000020
1.988000 2.175000 0.000020
2.063000 2.175000 0.000020
2.138000 2.175000 0.000020
2.213000 2.175000 0.000020
2.288000 2.175000 0.000020
2.363000 2.175000 0.000019
2.438000 2.175000 0.000019
2.513000 2.175000 0.000019
2.588000 2.175000 0.000019
2.663000 2.175000 0.000018
2.738000 2.175000 0.000018
2.813000 2.175000 0.000018
2.888000 2.175000 0.000017
2.963000 2.175000 0.000017
3.038000 2.175000 0.000017
3.113000 2.175000 0.000016
3.188000 2.175000 0.000016
3.263000 2.175000 0.000016
3.338000 2.175000 0.000016
3.413000 2.175000 0.000016
3.488000 2.175000 0.000015
3.563000 2.175000 0.000015
3.638000 2.175000 0.000015
3.713000 2.175000 0.000015
3.788000 2.175000 0.000015
3.863000 2.175000 0.000000
-0.037500 2.325000 0.000000
0.037500 2.325000 0.000005
0.112500 2.325000 0.000005
0.187500 2.325000 0.000005
0.262500 2.325000 0.000005
0.337500 2.325000 0.000005
0.412500 2.325000 0.000006
0.487500 2.325000 0.000006
0.562500 2.325000 0.000006
0.637500 2.325000 0.000006
0.712500 2.325000 0.000006
0.787500 2.325000 0.000006
0.862500 2.325000 0.000007
0.937500 2.325000 0.000007
1.012000 2.325000 0.000007
1.087000 2.325000 0.000007
1.163000 2.325000 0.000008
1.238000 2.325000 0.000008
1.313000 2.325000 0.000008
1.388000 2.325000 0.000008
1.463000 2.325000 0.000008
1.538000 2.325000 0.000008
1.613000 2.325000 0.000009
1.688000 2.325000 0.000009
1.763000 2.325000 0.000009
1.838000 2.325000 0.000009
1.913000 2.325000 0.000009
1.988000 2.325000 0.000009
2.063000 2.325000 0.000009
2.138000 2.325000 0.000009
2.213000 2.325000 0.000009
2.288000 2.325000 0.000009
2.363000 2.325000 0.000009
2.438000 2.325000 0.000008
2.513000 2.325000 0.000008
2.588000 2.325000 0.000008
2.663000 2.325000 0.000008
2.738000 2.325000 0.000008
2.813000 2.325000 0.000008
2.888000 2.325000 0.000008
2.963000 2.325000 0.000008
3.038000 2.325000 0.000007
3.113000 2.325000 0.000007
3.188000 2.325000 0.000007
3.263000 2.325000 0.000007
3.338000 2.325000 0.000007
3.413000 2.325000 0.000007
3.488000 2.325000 0.000007
3.563000 2.325000 0.000007
3.638000 2.325000 0.000007
3.713000 2.325000 0.000007
3.788000 2.325000 0.000007
3.863000 2.325000 0.000000
-0.037500 2.475000 0.000000
0.037500 2.475000 0.000003
0.112500 2.475000 0.000003
0.187500 2.475000 0.000003
0.262500 2.475000 0.000003
0.337500 2.475000 0.000003
0.412500 2.475000 0.000003
0.487500 2.475000 0.000003
0.562500 2.475000 0.000004
0.637500 2.475000 0.000004
0.712500 2.475000 0.000004
0.787500 2.475000 0.000004
0.862500 2.475000 0.000004
0.937500 2.475000 0.000004
1.012000 2.475000 0.000004
1.087000 2.475000 0.000004
1.163000 2.475000 0.000005
1.238000 2.475000 0.000005
1.313000 2.475000 0.000005
1.388000 2.475000 0.000005
1.463000 2.475000 0.000005
1.538000 2.475000 0.000005
1.613000 2.475000 0.000005
1.688000 2.475000 0.000005
1.763000 2.475000 0.000005
1.838000 2.475000 0.000005
1.913000 2.475000 0.000005
1.988000 2.475000 0.000005
2.063000 2.475000 0.000005
2.138000 2.475000 0.000005
2.213000 2.475000 0.000005
2.288000 2.475000 0.000005
2.363000 2.475000 0.000005
2.438000 2.475000 0.000005
2.513000 2.475000 0.000005
2.588000 2.475000 0.000005
2.663000 2.475000 0.000005
2.738000 2.475000 0.000005
2.813000 2.475000 0.000005
2.888000 2.475000 0.000005
2.963000 2.475000 0.000005
3.038000 2.475000 0.000005
3.113000 2.475000 0.000005
3.188000 2.475000 0.000004
3.263000 2.475000 0.000004
3.338000 2.475000 0.000004
3.413000 2.475000 0.000004
3.488000 2.475000 0.000004
3.563000 2.475000 0.000004
3.638000 2.475000 0.000004
3.713000 2.475000 0.000004
3.788000 2.475000 0.000004
3.863000 2.475000 0.000000
-0.037500 2.625000 0.000000
0.037500 2.625000 0.000002
0.112500 2.625000 0.000002
0.187500 2.625000 0.000002
0.262500 2.625000 0.000002
0.337500 2.625000 0.000002
0.412500 2.625000 0.000002
0.487500 2.625000 0.000002
0.562500 2.625000 0.000002
0.637500 2.625000 0.000002
0.712500 2.625000 0.000002
0.787500 2.625000 0.000002
0.862500 2.625000 0.000002
0.937500 2.625000 0.000003
1.012000 2.625000 0.000003
1.087000 2.625000 0.000003
1.163000 2.625000 0.000003
1.238000 2.625000 0.000003
1.313000 2.625000 0.000003
1.388000 2.625000 0.000003
1.463000 2.625000 0.000003
1.538000 2.625000 0.000003
1.613000 2.625000 0.000003
1.688000 2.625000 0.000003
1.763000 2.625000 0.000003
1.838000 2.625000 0.000003
1.913000 2.625000 0.000003
1.988000 2.625000 0.000003
2.063000 2.625000 0.000003
2.138000 2.625000 0.000003
2.213000 2.625000 0.000003
2.288000 2.625000 0.000003
2.363000 2.625000 0.000003
2.438000 2.625000 0.000003
2.513000 2.625000 0.000003
2.588000 2.625000 0.000003
2.663000 2.625000 0.000003
2.738000 2.625000 0.000003
2.813000 2.625000 0.000003
2.888000 2.625000 0.000003
2.963000 2.625000 0.000003
3.038000 2.625000 0.000003
3.113000 2.625000 0.000003
3.188000 2.625000 0.000003
3.263000 2.625000 0.000003
3.338000 2.625000 0.000003
3.413000 2.625000 0.000003
3.488000 2.625000 0.000003
3.563000 2.625000 0.000003
3.638000 2.625000 0.000003
3.713000 2.625000 0.000003
3.788000 2.625000 0.000003
3.863000 2.625000 0.000000
-0.037500 2.775000 0.000000
0.037500 2.775000 0.000001
0.112500 2.775000 0.000001
0.187500 2.775000 0.000001
0.262500 2.775000 0.000001
0.337500 2.775000 0.000001
0.412500 2.775000 0.000001
0.487500 2.775000 0.000001
0.562500 2.775000 0.000001
0.637500 2.775000 0.000001
0.712500 2.775000 0.000002
0.787500 2.775000 0.000002
0.862500 2.775000 0.000002
0.937500 2.775000 0.000002
1.012000 2.775000 0.000002
1.087000 2.775000 0.000002
1.163000 2.775000 0.000002
1.238000 2.775000 0.000002
1.313000 2.775000 0.000002
1.388000 2.775000 0.000002
1.463000 2.775000 0.000002
1.538000 2.775000 0.000002
1.613000 2.775000 0.000002
1.688000 2.775000 0.000002
1.763000 2.775000 0.000002
1.838000 2.775000 0.000002
1.913000 2.775000 0.000002
1.988000 2.775000 0.000002
2.063000 2.775000 0.000002
2.138000 2.775000 0.000002
2.213000 2.775000 0.000002
2.288000 2.775000 0.000002
2.363000 2.775000 0.000002
2.438000 2.775000 0.000002
2.513000 2.775000 0.000002
2.588000 2.775000 0.000002
2.663000 2.775000 0.000002
2.738000 2.775000 0.000002
2.813000 2.775000 0.000002
2.888000 2.775000 0.000002
2.963000 2.775000 0.000002
3.038000 2.775000 0.000002
3.113000 2.775000 0.000002
3.188000 2.775000 0.000002
3.263000 2.775000 0.000002
3.338000 2.775000 0.000002
3.413000 2.775000 0.000002
3.488000 2.775000 0.000002
3.563000 2.775000 0.000002
3.638000 2.775000 0.000002
3.713000 2.775000 0.000002
3.788000 2.775000 0.000002
3.863000 2.775000 0.000000
-0.037500 2.925000 0.000000
0.037500 2.925000 0.000001
0.112500 2.925000 0.000001
0.187500 2.925000 0.000001
0.262500 2.925000 0.000001
0.337500 2.925000 0.000001
0.412500 2.925000 0.000001
0.487500 2.925000 0.000001
0.562500 2.925000 0.000001
0.637500 2.925000 0.000001
0.712500 2.925000 0.000001
0.787500 2.925000 0.000001
0.862500 2.925000 0.000001
0.937500 2.925000 0.000001
1.012000 2.925000 0.000001
1.087000 2.925000 0.000001
1.163000 2.925000 0.000001
1.238000 2.925000 0.000001
1.313000 2.925000 0.000001
1.388000 2.925000 0.000001
1.463000 2.925000 0.000001
1.538000 2.925000 0.000001
1.613000 2.925000 0.000001
1.688000 2.925000 0.000001
1.763000 2.925000 0.000001
1.838000 2.925000 0.000001
1.913000 2.925000 0.000001
1.988000 2.925000 0.000001
2.063000 2.925000 0.000001
2.138000 2.925000 0.000001
2.213000 2.925000 0.000001
2.288000 2.925000 0.000001
2.363000 2.925000 0.000001
2.438000 2.925000 0.000001
2.513000 2.925000 0.000001
2.588000 2.925000 0.000001
2.663000 2.925000 0.000001
2.738000 2.925000 0.000001
2.813000 2.925000 0.000001
2.888000 2.925000 0.000001
2.963000 2.925000 0.000001
3.038000 2.925000 0.000001
3.113000 2.925000 0.000001
3.188000 2.925000 0.000001
3.263000 2.925000 0.000001
3.338000 2.925000 0.000001
3.413000 2.925000 0.000001
3.488000 2.925000 0.000001
3.563000 2.925000 0.000001
3.638000 2.925000 0.000001
3.713000 2.925000 0.000001
3.788000 2.925000 0.000001
3.863000 2.925000 0.000000
-0.037500 3.075000 0.000000
0.037500 3.075000 0.000000
0.112500 3.075000 0.000000
0.187500 3.075000 0.000000
0.262500 3.075000 0.000000
0.337500 3.075000 0.000000
0.412500 3.075000 0.000000
0.487500 3.075000 0.000000
0.562500 3.075000 0.000000
0.637500 3.075000 0.000000
0.712500 3.075000 0.000000
0.787500 3.075000 0.000000
0.862500 3.075000 0.000000
0.937500 3.075000 0.000000
1.012000 3.075000 0.000000
1.087000 3.075000 0.000000
1.163000 3.075000 0.000000
1.238000 3.075000 0.000000
1.313000 3.075000 0.000000
1.388000 3.075000 0.000000
1.463000 3.075000 0.000000
1.538000 3.075000 0.000000
1.613000 3.075000 0.000000
1.688000 3.075000 0.000000
1.763000 3.075000 0.000000
1.838000 3.075000 0.000000
1.913000 3.075000 0.000000
1.988000 3.075000 0.000000
2.063000 3.075000 0.000000
2.138000 3.075000 0.000000
2.213000 3.075000 0.000000
2.288000 3.075000 0.000000
2.363000 3.075000 0.000000
2.438000 3.075000 0.000000
2.513000 3.075000 0.000000
2.588000 3.075000 0.000000
2.663000 3.075000 0.000000
2.738000 3.075000 0.000000
2.813000 3.075000 0.000000
2.888000 3.075000 0.000000
2.963000 3.075000 0.000000
3.038000 3.075000 0.000000
3.113000 3.075000 0.000000
3.188000 3.075000 0.000000
3.263000 3.075000 0.000000
3.338000 3.075000 0.000000
3.413000 3.075000 0.000000
3.488000 3.075000 0.000000
3.563000 3.075000 0.000000
3.638000 3.075000 0.000000
3.713000 3.075000 0.000000
3.788000 3.075000 0.000000
3.863000 3.075000 0.000000
-0.037500 3.225000 0.000000
0.037500 3.225000 0.000000
0.112500 3.225000 0.000000
0.187500 3.225000 0.000000
0.262500 3.225000 0.000000
0.337500 3.225000 0.000000
0.412500 3.225000 0.000000
0.487500 3.225000 0.000000
0.562500 3.225000 0.000000
0.637500 3.225000 0.000000
0.712500 3.225000 0.000000
0.787500 3.225000 0.000000
0.862500 3.225000 0.000000
0.937500 3.225000 0.000000
1.012000 3.225000 0.000000
1.087000 3.225000 0.000000
1.163000 3.225000 0.000000
1.238000 3.225000 0.000000
1.313000 3.225000 0.000000
1.388000 3.225000 0.000000
1.463000 3.225000 0.000000
1.538000 3.225000 0.000000
1.613000 3.225000 0.000000
1.688000 3.225000 0.000000
1.763000 3.225000 0.000000
1.838000 3.225000 0.000000
1.913000 3.225000 0.000000
1.988000 3.225000 0.000000
2.063000 3.225000 0.000000
2.138000 3.225000 0.000000
2.213000 3.225000 0.000000
2.288000 3.225000 0.000000
2.363000 3.225000 0.000000
2.438000 3.225000 0.000000
2.513000 3.225000 0.000000
2.588000 3.225000 0.000000
2.663000 3.225000 0.000000
2.738000 3.225000 0.000000
2.813000 3.225000 0.000000
2.888000 3.225000 0.000000
2.963000 3.225000 0.000000
3.038000 3.225000 0.000000
3.113000 3.225000 0.000000
3.188000 3.225000 0.000000
3.263000 3.225000 0.000000
3.338000 3.225000 0.000000
3.413000 3.225000 0.000000
3.488000 3.225000 0.000000
3.563000 3.225000 0.000000
3.638000 3.225000 0.000000
3.713000 3.225000 0.000000
3.788000 3.225000 0.000000
3.863000 3.225000 0.000000
-0.037500 3.375000 0.000000
0.037500 3.375000 0.000000
0.112500 3.375000 0.000000
0.187500 3.375000 0.000000
0.262500 3.375000 0.000000
0.337500 3.375000 0.000000
0.412500 3.375000 0.000000
0.487500 3.375000 0.000000
0.562500 3.375000 0.000000
0.637500 3.375000 0.000000
0.712500 3.375000 0.000000
0.787500 3.375000 0.000000
0.862500 3.375000 0.000000
0.937500 3.375000 0.000000
1.012000 3.375000 0.000000
1.087000 3.375000 0.000000
1.163000 3.375000 0.000000
1.238000 3.375000 0.000000
1.313000 3.375000 0.000000
1.388000 3.375000 0.000000
1.463000 3.375000 0.000000
1.538000 3.375000 0.000000
1.613000 3.375000 0.000000
1.688000 3.375000 0.000000
1.763000 3.375000 0.000000
1.838000 3.375000 0.000000
1.913000 3.375000 0.000000
1.988000 3.375000 0.000000
2.063000 3.375000 0.000000
2.138000 3.375000 0.000000
2.213000 3.375000 0.000000
2.288000 3.375000 0.000000
2.363000 3.375000 0.000000
2.438000 3.375000 0.000000
2.513000 3.375000 0.000000
2.588000 3.375000 0.000000
2.663000 3.375000 0.000000
2.738000 3.375000 0.000000
2.813000 3.375000 0.000000
2.888000 3.375000 0.000000
2.963000 3.375000 0.000000
3.038000 3.375000 0.000000
3.113000 3.375000 0.000000
3.188000 3.375000 0.000000
3.263000 3.375000 0.000000
3.338000 3.375000 0.000000
3.413000 3.375000 0.000000
3.488000 3.375000 0.000000
3.563000 3.375000 0.000000
3.638000 3.375000 0.000000
3.713000 3.375000 0.000000
3.788000 3.375000 0.000000
3.863000 3.375000 0.000000
-0.037500 3.525000 0.000000
0.037500 3.525000 0.000000
0.112500 3.525000 0.000000
0.187500 3.525000 0.000000
0.262500 3.525000 0.000000
0.337500 3.525000 0.000000
0.412500 3.525000 0.000000
0.487500 3.525000 0.000000
0.562500 3.525000 0.000000
0.637500 3.525000 0.000000
0.712500 3.525000 0.000000
0.787500 3.525000 0.000000
0.862500 3.525000 0.000000
0.937500 3.525000 0.000000
1.012000 3.525000 0.000000
1.087000 3.525000 0.000000
1.163000 3.525000 0.000000
1.238000 3.525000 0.000000
1.313000 3.525000 0.000000
1.388000 3.525000 0.000000
1.463000 3.525000 0.000000
1.538000 3.525000 0.000000
1.613000 3.525000 0.000000
1.688000 3.525000 0.000000
1.763000 3.525000 0.000000
1.838000 3.525000 0.000000
1.913000 3.525000 0.000000
1.988000 3.525000 0.000000
2.063000 3.525000 0.000000
2.138000 3.525000 0.000000
2.213000 3.525000 0.000000
2.288000 3.525000 0.000000
2.363000 3.525000 0.000000
2.438000 3.525000 0.000000
2.513000 3.525000 0.000000
2.588000 3.525000 0.000000
2.663000 3.525000 0.000000
2.738000 3.525000 0.000000
2.813000 3.525000 0.000000
2.888000 3.525000 0.000000
2.963000 3.525000 0.000000
3.038000 3.525000 0.000000
3.113000 3.525000 0.000000
3.188000 3.525000 0.000000
3.263000 3.525000 0.000000
3.338000 3.525000 0.000000
3.413000 3.525000 0.000000
3.488000 3.525000 0.000000
3.563000 3.525000 0.000000
3.638000 3.525000 0.000000
3.713000 3.525000 0.000000
3.788000 3.525000 0.000000
3.863000 3.525000 0.000000
-0.037500 3.675000 0.000000
0.037500 3.675000 0.000000
0.112500 3.675000 0.000000
0.187500 3.675000 0.000000
0.262500 3.675000 0.000000
0.337500 3.675000 0.000000
0.412500 3.675000 0.000000
0.487500 3.675000 0.000000
0.562500 3.675000 0.000000
0.637500 3.675000 0.000000
0.712500 3.675000 0.000000
0.787500 3.675000 0.000000
0.862500 3.675000 0.000000
0.937500 3.675000 0.000000
1.012000 3.675000 0.000000
1.087000 3.675000 0.000000
1.163000 3.675000 0.000000
1.238000 3.675000 0.000000
1.313000 3.675000 0.000000
1.388000 3.675000 0.000000
1.463000 3.675000 0.000000
1.538000 3.675000 0.000000
1.613000 3.675000 0.000000
1.688000 3.675000 0.000000
1.763000 3.675000 0.000000
1.838000 3.675000 0.000000
1.913000 3.675000 0.000000
1.988000 3.675000 0.000000
2.063000 3.675000 0.000000
2.138000 3.675000 0.000000
2.213000 3.675000 0.000000
2.288000 3.675000 0.000000
2.363000 3.675000 0.000000
2.438000 3.675000 0.000000
2.513000 3.675000 0.000000
2.588000 3.675000 0.000000
2.663000 3.675000 0.000000
2.738000 3.675000 0.000000
2.813000 3.675000 0.000000
2.888000 3.675000 0.000000
2.963000 3.675000 0.000000
3.038000 3.675000 0.000000
3.113000 3.675000 0.000000
3.188000 3.675000 0.000000
3.263000 3.675000 0.000000
3.338000 3.675000 0.000000
3.413000 3.675000 0.000000
3.488000 3.675000 0.000000
3.563000 3.675000 0.000000
3.638000 3.675000 0.000000
3.713000 3.675000 0.000000
3.788000 3.675000 0.000000
3.863000 3.675000 0.000000
-0.037500 3.825000 0.000000
0.037500 3.825000 0.000000
0.112500 3.825000 0.000000
0.187500 3.825000 0.000000
0.262500 3.825000 0.000000
0.337500 3.825000 0.000000
0.412500 3.825000 0.000000
0.487500 3.825000 0.000000
0.562500 3.825000 0.000000
0.637500 3.825000 0.000000
0.712500 3.825000 0.000000
0.787500 3.825000 0.000000
0.862500 3.825000 0.000000
0.937500 3.825000 0.000000
1.012000 3.825000 0.000000
1.087000 3.825000 0.000000
1.163000 3.825000 0.000000
1.238000 3.825000 0.000000
1.313000 3.825000 0.000000
1.388000 3.825000 0.000000
1.463000 3.825000 0.000000
1.538000 3.825000 0.000000
1.613000 3.825000 0.000000
1.688000 3.825000 0.000000
1.763000 3.825000 0.000000
1.838000 3.825000 0.000000
1.913000 3.825000 0.000000
1.988000 3.825000 0.000000
2.063000 3.825000 0.000000
2.138000 3.825000 0.000000
2.213000 3.825000 0.000000
2.288000 3.825000 0.000000
2.363000 3.825000 0.000000
2.438000 3.825000 0.000000
2.513000 3.825000 0.000000
2.588000 3.825000 0.000000
2.663000 3.825000 0.000000
2.738000 3.825000 0.000000
2.813000 3.825000 0.000000
2.888000 3.825000 0.000000
2.963000 3.825000 0.000000
3.038000 3.825000 0.000000
3.113000 3.825000 0.000000
3.188000 3.825000 0.000000
3.263000 3.825000 0.000000
3.338000 3.825000 0.000000
3.413000 3.825000 0.000000
3.488000 3.825000 0.000000
3.563000 3.825000 0.000000
3.638000 3.825000 0.000000
3.713000 3.825000 0.000000
3.788000 3.825000 0.000000
3.863000 3.825000 0.000000
-0.037500 3.975000 0.000000
0.037500 3.975000 0.000000
0.112500 3.975000 0.000000
0.187500 3.975000 0.000000
0.262500 3.975000 0.000000
0.337500 3.975000 0.000000
0.412500 3.975000 0.000000
0.487500 3.975000 0.000000
0.562500 3.975000 0.000000
0.637500 3.975000 0.000000
0.712500 3.975000 0.000000
0.787500 3.975000 0.000000
0.862500 3.975000 0.000000
0.937500 3.975000 0.000000
1.012000 3.975000 0.000000
1.087000 3.975000 0.000000
1.163000 3.975000 0.000000
1.238000 3.975000 0.000000
1.313000 3.975000 0.000000
1.388000 3.975000 0.000000
1.463000 3.975000 0.000000
1.538000 3.975000 0.000000
1.613000 3.975000 0.000000
1.688000 3.975000 0.000000
1.763000 3.975000 0.000000
1.838000 3.975000 0.000000
1.913000 3.975000 0.000000
1.988000 3.975000 0.000000
2.063000 3.975000 0.000000
2.138000 3.975000 0.000000
2.213000 3.975000 0.000000
2.288000 3.975000 0.000000
2.363000 3.975000 0.000000
2.438000 3.975000 0.000000
2.513000 3.975000 0.000000
2.588000 3.975000 0.000000
2.663000 3.975000 0.000000
2.738000 3.975000 0.000000
2.813000 3.975000 0.000000
2.888000 3.975000 0.000000
2.963000 3.975000 0.000000
3.038000 3.975000 0.000000
3.113000 3.975000 0.000000
3.188000 3.975000 0.000000
3.263000 3.975000 0.000000
3.338000 3.975000 0.000000
3.413000 3.975000 0.000000
3.488000 3.975000 0.000000
3.563000 3.975000 0.000000
3.638000 3.975000 0.000000
3.713000 3.975000 0.000000
3.788000 3.975000 0.000000
3.863000 3.975000 0.000000
-0.037500 4.125000 0.000000
0.037500 4.125000 0.000000
0.112500 4.125000 0.000000
0.187500 4.125000 0.000000
0.262500 4.125000 0.000000
0.337500 4.125000 0.000000
0.412500 4.125000 0.000000
0.487500 4.125000 0.000000
0.562500 4.125000 0.000000
0.637500 4.125000 0.000000
0.712500 4.125000 0.000000
0.787500 4.125000 0.000000
0.862500 4.125000 0.000000
0.937500 4.125000 0.000000
1.012000 4.125000 0.000000
1.087000 4.125000 0.000000
1.163000 4.125000 0.000000
1.238000 4.125000 0.000000
1.313000 4.125000 0.000000
1.388000 4.125000 0.000000
1.463000 4.125000 0.000000
1.538000 4.125000 0.000000
1.613000 4.125000 0.000000
1.688000 4.125000 0.000000
1.763000 4.125000 0.000000
1.838000 4.125000 0.000000
1.913000 4.125000 0.000000
1.988000 4.125000 0.000000
2.063000 4.125000 0.000000
2.138000 4.125000 0.000000
2.213000 4.125000 0.000000
2.288000 4.125000 0.000000
2.363000 4.125000 0.000000
2.438000 4.125000 0.000000
2.513000 4.125000 0.000000
2.588000 4.125000 0.000000
2.663000 4.125000 0.000000
2.738000 4.125000 0.000000
2.813000 4.125000 0.000000
2.888000 4.125000 0.000000
2.963000 4.125000 0.000000
3.038000 4.125000 0.000000
3.113000 4.125000 0.000000
3.188000 4.125000 0.000000
3.263000 4.125000 0.000000
3.338000 4.125000 0.000000
3.413000 4.125000 0.000000
3.488000 4.125000 0.000000
3.563000 4.125000 0.000000
3.638000 4.125000 0.000000
3.713000 4.125000 0.000000
3.788000 4.125000 0.000000
3.863000 4.125000 0.000000
-0.037500 4.275000 0.000000
0.037500 4.275000 0.000000
0.112500 4.275000 0.000000
0.187500 4.275000 0.000000
0.262500 4.275000 0.000000
0.337500 4.275000 0.000000
0.412500 4.275000 0.000000
0.487500 4.275000 0.000000
0.562500 4.275000 0.000000
0.637500 4.275000 0.000000
0.712500 4.275000 0.000000
0.787500 4.275000 0.000000
0.862500 4.275000 0.000000
0.937500 4.275000 0.000000
1.012000 4.275000 0.000000
1.087000 4.275000 0.000000
1.163000 4.275000 0.000000
1.238000 4.275000 0.000000
1.313000 4.275000 0.000000
1.388000 4.275000 0.000000
1.463000 4.275000 0.000000
1.538000 4.275000 0.000000
1.613000 4.275000 0.000000
1.688000 4.275000 0.000000
1.763000 4.275000 0.000000
1.838000 4.275000 0.000000
1.913000 4.275000 0.000000
1.988000 4.275000 0.000000
2.063000 4.275000 0.000000
2.138000 4.275000 0.000000
2.213000 4.275000 0.000000
2.288000 4.275000 0.000000
2.363000 4.275000 0.000000
2.438000 4.275000 0.000000
2.513000 4.275000 0.000000
2.588000 4.275000 0.000000
2.663000 4.275000 0.000000
2.738000 4.275000 0.000000
2.813000 4.275000 0.000000
2.888000 4.275000 0.000000
2.963000 4.275000 0.000000
3.038000 4.275000 0.000000
3.113000 4.275000 0.000000
3.188000 4.275000 0.000000
3.263000 4.275000 0.000000
3.338000 4.275000 0.000000
3.413000 4.275000 0.000000
3.488000 4.275000 0.000000
3.563000 4.275000 0.000000
3.638000 4.275000 0.000000
3.713000 4.275000 0.000000
3.788000 4.275000 0.000000
3.863000 4.275000 0.000000
-0.037500 4.425000 0.000000
0.037500 4.425000 0.000000
0.112500 4.425000 0.000000
0.187500 4.425000 0.000000
0.262500 4.425000 0.000000
0.337500 4.425000 0.000000
0.412500 4.425000 0.000000
0.487500 4.425000 0.000000
0.562500 4.425000 0.000000
0.637500 4.425000 0.000000
0.712500 4.425000 0.000000
0.787500 4.425000 0.000000
0.862500 4.425000 0.000000
0.937500 4.425000 0.000000
1.012000 4.425000 0.000000
1.087000 4.425000 0.000000
1.163000 4.425000 0.000000
1.238000 4.425000 0.000000
1.313000 4.425000 0.000000
1.388000 4.425000 0.000000
1.463000 4.425000 0.000000
1.538000 4.425000 0.000000
1.613000 4.425000 0.000000
1.688000 4.425000 0.000000
1.763000 4.425000 0.000000
1.838000 4.425000 0.000000
1.913000 4.425000 0.000000
1.988000 4.425000 0.000000
2.063000 4.425000 0.000000
2.138000 4.425000 0.000000
2.213000 4.425000 0.000000
2.288000 4.425000 0.000000
2.363000 4.425000 0.000000
2.438000 4.425000 0.000000
2.513000 4.425000 0.000000
2.588000 4.425000 0.000000
2.663000 4.425000 0.000000
2.738000 4.425000 0.000000
2.813000 4.425000 0.000000
2.888000 4.425000 0.000000
2.963000 4.425000 0.000000
3.038000 4.425000 0.000000
3.113000 4.425000 0.000000
3.188000 4.425000 0.000000
3.263000 4.425000 0.000000
3.338000 4.425000 0.000000
3.413000 4.425000 0.000000
3.488000 4.425000 0.000000
3.563000 4.425000 0.000000
3.638000 4.425000 0.000000
3.713000 4.425000 0.000000
3.788000 4.425000 0.000000
3.863000 4.425000 0.000000
-0.037500 4.575000 0.000000
0.037500 4.575000 0.000000
0.112500 4.575000 0.000000
0.187500 4.575000 0.000000
0.262500 4.575000 0.000000
0.337500 4.575000 0.000000
0.412500 4.575000 0.000000
0.487500 4.575000 0.000000
0.562500 4.575000 0.000000
0.637500 4.575000 0.000000
0.712500 4.575000 0.000000
0.787500 4.575000 0.000000
0.862500 4.575000 0.000000
0.937500 4.575000 0.000000
1.012000 4.575000 0.000000
1.087000 4.575000 0.000000
1.163000 4.575000 0.000000
1.238000 4.575000 0.000000
1.313000 4.575000 0.000000
1.388000 4.575000 0.000000
1.463000 4.575000 0.000000
1.538000 4.575000 0.000000
1.613000 4.575000 0.000000
1.688000 4.575000 0.000000
1.763000 4.575000 0.000000
1.838000 4.575000 0.000000
1.913000 4.575000 0.000000
1.988000 4.575000 0.000000
2.063000 4.575000 0.000000
2.138000 4.575000 0.000000
2.213000 4.575000 0.000000
2.288000 4.575000 0.000000
2.363000 4.575000 0.000000
2.438000 4.575000 0.000000
2.513000 4.575000 0.000000
2.588000 4.575000 0.000000
2.663000 4.575000 0.000000
2.738000 4.575000 0.000000
2.813000 4.575000 0.000000
2.888000 4.575000 0.000000
2.963000 4.575000 0.000000
3.038000 4.575000 0.000000
3.113000 4.575000 0.000000
3.188000 4.575000 0.000000
3.263000 4.575000 0.000000
3.338000 4.575000 0.000000
3.413000 4.575000 0.000000
3.488000 4.575000 0.000000
3.563000 4.575000 0.000000
3.638000 4.575000 0.000000
3.713000 4.575000 0.000000
3.788000 4.575000 0.000000
3.863000 4.575000 0.000000
-0.037500 4.725000 0.000000
0.037500 4.725000 0.000000
0.112500 4.725000 0.000000
0.187500 4.725000 0.000000
0.262500 4.725000 0.000000
0.337500 4.725000 0.000000
0.412500 4.725000 0.000000
0.487500 4.725000 0.000000
0.562500 4.725000 0.000000
0.637500 4.725000 0.000000
0.712500 4.725000 0.000000
0.787500 4.725000 0.000000
0.862500 4.725000 0.000000
0.937500 4.725000 0.000000
1.012000 4.725000 0.000000
1.087000 4.725000 0.000000
1.163000 4.725000 0.000000
1.238000 4.725000 0.000000
1.313000 4.725000 0.000000
1.388000 4.725000 0.000000
1.463000 4.725000 0.000000
1.538000 4.725000 0.000000
1.613000 4.725000 0.000000
1.688000 4.725000 0.000000
1.763000 4.725000 0.000000
1.838000 4.725000 0.000000
1.913000 4.725000 0.000000
1.988000 4.725000 0.000000
2.063000 4.725000 0.000000
2.138000 4.725000 0.000000
2.213000 4.725000 0.000000
2.288000 4.725000 0.000000
2.363000 4.725000 0.000000
2.438000 4.725000 0.000000
2.513000 4.725000 0.000000
2.588000 4.725000 0.000000
2.663000 4.725000 0.000000
2.738000 4.725000 0.000000
2.813000 4.725000 0.000000
2.888000 4.725000 0.000000
2.963000 4.725000 0.000000
3.038000 4.725000 0.000000
3.113000 4.725000 0.000000
3.188000 4.725000 0.000000
3.263000 4.725000 0.000000
3.338000 4.725000 0.000000
3.413000 4.725000 0.000000
3.488000 4.725000 0.000000
3.563000 4.725000 0.000000
3.638000 4.725000 0.000000
3.713000 4.725000 0.000000
3.788000 4.725000 0.000000
3.863000 4.725000 0.000000
-0.037500 4.875000 0.000000
0.037500 4.875000 0.000000
0.112500 4.875000 0.000000
0.187500 4.875000 0.000000
0.262500 4.875000 0.000000
0.337500 4.875000 0.000000
0.412500 4.875000 0.000000
0.487500 4.875000 0.000000
0.562500 4.875000 0.000000
0.637500 4.875000 0.000000
0.712500 4.875000 0.000000
0.787500 4.875000 0.000000
0.862500 4.875000 0.000000
0.937500 4.875000 0.000000
1.012000 4.875000 0.000000
1.087000 4.875000 0.000000
1.163000 4.875000 0.000000
1.238000 4.875000 0.000000
1.313000 4.875000 0.000000
1.388000 4.875000 0.000000
1.463000 4.875000 0.000000
1.538000 4.875000 0.000000
1.613000 4.875000 0.000000
1.688000 4.875000 0.000000
1.763000 4.875000 0.000000
1.838000 4.875000 0.000000
1.913000 4.875000 0.000000
1.988000 4.875000 0.000000
2.063000 4.875000 0.000000
2.138000 4.875000 0.000000
2.213000 4.875000 0.000000
2.288000 4.875000 0.000000
2.363000 4.875000 0.000000
2.438000 4.875000 0.000000
2.513000 4.875000 0.000000
2.588000 4.875000 0.000000
2.663000 4.875000 0.000000
2.738000 4.875000 0.000000
2.813000 4.875000 0.000000
2.888000 4.875000 0.000000
2.963000 4.875000 0.000000
3.038000 4.875000 0.000000
3.113000 4.875000 0.000000
3.188000 4.875000 0.000000
3.263000 4.875000 0.000000
3.338000 4.875000 0.000000
3.413000 4.875000 0.000000
3.488000 4.875000 0.000000
3.563000 4.875000 0.000000
3.638000 4.875000 0.000000
3.713000 4.875000 0.000000
3.788000 4.875000 0.000000
3.863000 4.875000 0.000000
-0.037500 5.025000 0.000000
0.037500 5.025000 0.000000
0.112500 5.025000 0.000000
0.187500 5.025000 0.000000
0.262500 5.025000 0.000000
0.337500 5.025000 0.000000
0.412500 5.025000 0.000000
0.487500 5.025000 0.000000
0.562500 5.025000 0.000000
0.637500 5.025000 0.000000
0.712500 5.025000 0.000000
0.787500 5.025000 0.000000
0.862500 5.025000 0.000000
0.937500 5.025000 0.000000
1.012000 5.025000 0.000000
1.087000 5.025000 0.000000
1.163000 5.025000 0.000000
1.238000 5.025000 0.000000
1.313000 5.025000 0.000000
1.388000 5.025000 0.000000
1.463000 5.025000 0.000000
1.538000 5.025000 0.000000
1.613000 5.025000 0.000000
1.688000 5.025000 0.000000
1.763000 5.025000 0.000000
1.838000 5.025000 0.000000
1.913000 5.025000 0.000000
1.988000 5.025000 0.000000
2.063000 5.025000 0.000000
2.138000 5.025000 0.000000
2.213000 5.025000 0.000000
2.288000 5.025000 0.000000
2.363000 5.025000 0.000000
2.438000 5.025000 0.000000
2.513000 5.025000 0.000000
2.588000 5.025000 0.000000
2.663000 5.025000 0.000000
2.738000 5.025000 0.000000
2.813000 5.025000 0.000000
2.888000 5.025000 0.000000
2.963000 5.025000 0.000000
3.038000 5.025000 0.000000
3.113000 5.025000 0.000000
3.188000 5.025000 0.000000
3.263000 5.025000 0.000000
3.338000 5.025000 0.000000
3.413000 5.025000 0.000000
3.488000 5.025000 0.000000
3.563000 5.025000 0.000000
3.638000 5.025000 0.000000
3.713000 5.025000 0.000000
3.788000 5.025000 0.000000
3.863000 5.025000 0.000000
-0.037500 5.175000 0.000000
0.037500 5.175000 0.000000
0.112500 5.175000 0.000000
0.187500 5.175000 0.000000
0.262500 5.175000 0.000000
0.337500 5.175000 0.000000
0.412500 5.175000 0.000000
0.487500 5.175000 0.000000
0.562500 5.175000 0.000000
0.637500 5.175000 0.000000
0.712500 5.175000 0.000000
0.787500 5.175000 0.000000
0.862500 5.175000 0.000000
0.937500 5.175000 0.000000
1.012000 5.175000 0.000000
1.087000 5.175000 0.000000
1.163000 5.175000 0.000000
1.238000 5.175000 0.000000
1.313000 5.175000 0.000000
1.388000 5.175000 0.000000
1.463000 5.175000 0.000000
1.538000 5.175000 0.000000
1.613000 5.175000 0.000000
1.688000 5.175000 0.000000
1.763000 5.175000 0.000000
1.838000 5.175000 0.000000
1.913000 5.175000 0.000000
1.988000 5.175000 0.000000
2.063000 5.175000 0.000000
2.138000 5.175000 0.000000
2.213000 5.175000 0.000000
2.288000 5.175000 0.000000
2.363000 5.175000 0.000000
2.438000 5.175000 0.000000
2.513000 5.175000 0.000000
2.588000 5.175000 0.000000
2.663000 5.175000 0.000000
2.738000 5.175000 0.000000
2.813000 5.175000 0.000000
2.888000 5.175000 0.000000
2.963000 5.175000 0.000000
3.038000 5.175000 0.000000
3.113000 5.175000 0.000000
3.188000 5.175000 0.000000
3.263000 5.175000 0.000000
3.338000 5.175000 0.000000
3.413000 5.175000 0.000000
3.488000 5.175000 0.000000
3.563000 5.175000 0.000000
3.638000 5.175000 0.000000
3.713000 5.175000 0.000000
3.788000 5.175000 0.000000
3.863000 5.175000 0.000000
