-0.037500 -0.075000 0.000000
0.037500 -0.075000 0.000000
0.112500 -0.075000 0.000000
0.187500 -0.075000 0.000000
0.262500 -0.075000 0.000000
0.337500 -0.075000 0.000000
0.412500 -0.075000 0.000000
0.487500 -0.075000 0.000000
0.562500 -0.075000 0.000000
0.637500 -0.075000 0.000000
0.712500 -0.075000 0.000000
0.787500 -0.075000 0.000000
0.862500 -0.075000 0.000000
0.937500 -0.075000 0.000000
1.012000 -0.075000 0.000000
1.087000 -0.075000 0.000000
1.163000 -0.075000 0.000000
1.238000 -0.075000 0.000000
1.313000 -0.075000 0.000000
1.388000 -0.075000 0.000000
1.463000 -0.075000 0.000000
1.538000 -0.075000 0.000000
1.613000 -0.075000 0.000000
1.688000 -0.075000 0.000000
1.763000 -0.075000 0.000000
1.838000 -0.075000 0.000000
1.913000 -0.075000 0.000000
1.988000 -0.075000 0.000000
2.063000 -0.075000 0.000000
2.138000 -0.075000 0.000000
2.213000 -0.075000 0.000000
2.288000 -0.075000 0.000000
2.363000 -0.075000 0.000000
2.438000 -0.075000 0.000000
2.513000 -0.075000 0.000000
2.588000 -0.075000 0.000000
2.663000 -0.075000 0.000000
2.738000 -0.075000 0.000000
2.813000 -0.075000 0.000000
2.888000 -0.075000 0.000000
2.963000 -0.075000 0.000000
3.038000 -0.075000 0.000000
3.113000 -0.075000 0.000000
3.188000 -0.075000 0.000000
3.263000 -0.075000 0.000000
3.338000 -0.075000 0.000000
3.413000 -0.075000 0.000000
3.488000 -0.075000 0.000000
3.563000 -0.075000 0.000000
3.638000 -0.075000 0.000000
3.713000 -0.075000 0.000000
3.788000 -0.075000 0.000000
3.863000 -0.075000 0.000000
-0.037500 0.075000 0.000000
0.037500 0.075000 0.000270
0.112500 0.075000 0.000530
0.187500 0.075000 0.000800
0.262500 0.075000 0.001060
0.337500 0.075000 0.001330
0.412500 0.075000 0.001590
0.487500 0.075000 0.001860
0.562500 0.075000 0.002120
0.637500 0.075000 0.002390
0.712500 0.075000 0.002650
0.787500 0.075000 0.002910
0.862500 0.075000 0.003170
0.937500 0.075000 0.003420
1.012000 0.075000 0.003670
1.087000 0.075000 0.003910
1.163000 0.075000 0.004150
1.238000 0.075000 0.004380
1.313000 0.075000 0.004590
1.388000 0.075000 0.004790
1.463000 0.075000 0.004980
1.538000 0.075000 0.005140
1.613000 0.075000 0.005290
1.688000 0.075000 0.005400
1.763000 0.075000 0.005490
1.838000 0.075000 0.005550
1.913000 0.075000 0.005580
1.988000 0.075000 0.005580
2.063000 0.075000 0.005540
2.138000 0.075000 0.005490
2.213000 0.075000 0.005400
2.288000 0.075000 0.005300
2.363000 0.075000 0.005170
2.438000 0.075000 0.005040
2.513000 0.075000 0.004890
2.588000 0.075000 0.004740
2.663000 0.075000 0.004580
2.738000 0.075000 0.004430
2.813000 0.075000 0.004270
2.888000 0.075000 0.004110
2.963000 0.075000 0.003960
3.038000 0.075000 0.003810
3.113000 0.075000 0.003670
3.188000 0.075000 0.003530
3.263000 0.075000 0.003400
3.338000 0.075000 0.003270
3.413000 0.075000 0.003150
3.488000 0.075000 0.003030
3.563000 0.075000 0.002920
3.638000 0.075000 0.002810
3.713000 0.075000 0.002710
3.788000 0.075000 0.002610
3.863000 0.075000 0.000000
-0.037500 0.225000 0.000000
0.037500 0.225000 0.000270
0.112500 0.225000 0.000530
0.187500 0.225000 0.000800
0.262500 0.225000 0.001060
0.337500 0.225000 0.001330
0.412500 0.225000 0.001590
0.487500 0.225000 0.001860
0.562500 0.225000 0.002120
0.637500 0.225000 0.002390
0.712500 0.225000 0.002650
0.787500 0.225000 0.002910
0.862500 0.225000 0.003170
0.937500 0.225000 0.003420
1.012000 0.225000 0.003670
1.087000 0.225000 0.003910
1.163000 0.225000 0.004150
1.238000 0.225000 0.004380
1.313000 0.225000 0.004590
1.388000 0.225000 0.004790
1.463000 0.225000 0.004980
1.538000 0.225000 0.005140
1.613000 0.225000 0.005290
1.688000 0.225000 0.005400
1.763000 0.225000 0.005490
1.838000 0.225000 0.005550
1.913000 0.225000 0.005580
1.988000 0.225000 0.005580
2.063000 0.225000 0.005540
2.138000 0.225000 0.005490
2.213000 0.225000 0.005400
2.288000 0.225000 0.005300
2.363000 0.225000 0.005170
2.438000 0.225000 0.005040
2.513000 0.225000 0.004890
2.588000 0.225000 0.004740
2.663000 0.225000 0.004580
2.738000 0.225000 0.004430
2.813000 0.225000 0.004270
2.888000 0.225000 0.004110
2.963000 0.225000 0.003960
3.038000 0.225000 0.003810
3.113000 0.225000 0.003670
3.188000 0.225000 0.003530
3.263000 0.225000 0.003400
3.338000 0.225000 0.003270
3.413000 0.225000 0.003150
3.488000 0.225000 0.003030
3.563000 0.225000 0.002920
3.638000 0.225000 0.002810
3.713000 0.225000 0.002710
3.788000 0.225000 0.002610
3.863000 0.225000 0.000000
-0.037500 0.375000 0.000000
0.037500 0.375000 0.076020
0.112500 0.375000 0.076120
0.187500 0.375000 0.076270
0.262500 0.375000 0.076470
0.337500 0.375000 0.076700
0.412500 0.375000 0.076950
0.487500 0.375000 0.077230
0.562500 0.375000 0.077510
0.637500 0.375000 0.077810
0.712500 0.375000 0.078100
0.787500 0.375000 0.078400
0.862500 0.375000 0.078700
0.937500 0.375000 0.078990
1.012000 0.375000 0.079270
1.087000 0.375000 0.079540
1.163000 0.375000 0.079790
1.238000 0.375000 0.080020
1.313000 0.375000 0.080230
1.388000 0.375000 0.080410
1.463000 0.375000 0.080550
1.538000 0.375000 0.080660
1.613000 0.375000 0.080730
1.688000 0.375000 0.080770
1.763000 0.375000 0.080760
1.838000 0.375000 0.080700
1.913000 0.375000 0.080610
1.988000 0.375000 0.080470
2.063000 0.375000 0.080280
2.138000 0.375000 0.080070
2.213000 0.375000 0.079810
2.288000 0.375000 0.079530
2.363000 0.375000 0.079210
2.438000 0.375000 0.078880
2.513000 0.375000 0.078530
2.588000 0.375000 0.078170
2.663000 0.375000 0.077800
2.738000 0.375000 0.077430
2.813000 0.375000 0.077060
2.888000 0.375000 0.076690
2.963000 0.375000 0.076340
3.038000 0.375000 0.075990
3.113000 0.375000 0.075670
3.188000 0.375000 0.075360
3.263000 0.375000 0.075070
3.338000 0.375000 0.074800
3.413000 0.375000 0.074560
3.488000 0.375000 0.074350
3.563000 0.375000 0.074170
3.638000 0.375000 0.074020
3.713000 0.375000 0.073910
3.788000 0.375000 0.073850
3.863000 0.375000 0.000000
-0.037500 0.525000 0.000000
0.037500 0.525000 0.147100
0.112500 0.525000 0.147100
0.187500 0.525000 0.147200
0.262500 0.525000 0.147400
0.337500 0.525000 0.147600
0.412500 0.525000 0.147800
0.487500 0.525000 0.148000
0.562500 0.525000 0.148300
0.637500 0.525000 0.148500
0.712500 0.525000 0.148800
0.787500 0.525000 0.149100
0.862500 0.525000 0.149300
0.937500 0.525000 0.149600
1.012000 0.525000 0.149900
1.087000 0.525000 0.150100
1.163000 0.525000 0.150300
1.238000 0.525000 0.150500
1.313000 0.525000 0.150600
1.388000 0.525000 0.150700
1.463000 0.525000 0.150800
1.538000 0.525000 0.150800
1.613000 0.525000 0.150800
1.688000 0.525000 0.150700
1.763000 0.525000 0.150600
1.838000 0.525000 0.150400
1.913000 0.525000 0.150200
1.988000 0.525000 0.149900
2.063000 0.525000 0.149600
2.138000 0.525000 0.149300
2.213000 0.525000 0.148900
2.288000 0.525000 0.148400
2.363000 0.525000 0.148000
2.438000 0.525000 0.147500
2.513000 0.525000 0.147000
2.588000 0.525000 0.146500
2.663000 0.525000 0.145900
2.738000 0.525000 0.145400
2.813000 0.525000 0.144900
2.888000 0.525000 0.144400
2.963000 0.525000 0.143900
3.038000 0.525000 0.143400
3.113000 0.525000 0.142900
3.188000 0.525000 0.142500
3.263000 0.525000 0.142100
3.338000 0.525000 0.141700
3.413000 0.525000 0.141400
3.488000 0.525000 0.141100
3.563000 0.525000 0.140900
3.638000 0.525000 0.140700
3.713000 0.525000 0.140600
3.788000 0.525000 0.140500
3.863000 0.525000 0.000000
-0.037500 0.675000 0.000000
0.037500 0.675000 0.189200
0.112500 0.675000 0.189300
0.187500 0.675000 0.189300
0.262500 0.675000 0.189400
0.337500 0.675000 0.189600
0.412500 0.675000 0.189700
0.487500 0.675000 0.189900
0.562500 0.675000 0.190100
0.637500 0.675000 0.190300
0.712500 0.675000 0.190600
0.787500 0.675000 0.190800
0.862500 0.675000 0.191000
0.937500 0.675000 0.191200
1.012000 0.675000 0.191400
1.087000 0.675000 0.191500
1.163000 0.675000 0.191700
1.238000 0.675000 0.191800
1.313000 0.675000 0.191900
1.388000 0.675000 0.191900
1.463000 0.675000 0.191900
1.538000 0.675000 0.191900
1.613000 0.675000 0.191800
1.688000 0.675000 0.191600
1.763000 0.675000 0.191400
1.838000 0.675000 0.191200
1.913000 0.675000 0.190900
1.988000 0.675000 0.190600
2.063000 0.675000 0.190200
2.138000 0.675000 0.189700
2.213000 0.675000 0.189300
2.288000 0.675000 0.188800
2.363000 0.675000 0.188200
2.438000 0.675000 0.187700
2.513000 0.675000 0.187100
2.588000 0.675000 0.186500
2.663000 0.675000 0.185900
2.738000 0.675000 0.185300
2.813000 0.675000 0.184700
2.888000 0.675000 0.184200
2.963000 0.675000 0.183600
3.038000 0.675000 0.183100
3.113000 0.675000 0.182600
3.188000 0.675000 0.182100
3.263000 0.675000 0.181700
3.338000 0.675000 0.181300
3.413000 0.675000 0.180900
3.488000 0.675000 0.180600
3.563000 0.675000 0.180400
3.638000 0.675000 0.180200
3.713000 0.675000 0.180100
3.788000 0.675000 0.180000
3.863000 0.675000 0.000000
-0.037500 0.825000 0.000000
0.037500 0.825000 0.206900
0.112500 0.825000 0.206900
0.187500 0.825000 0.207000
0.262500 0.825000 0.207100
0.337500 0.825000 0.207200
0.412500 0.825000 0.207400
0.487500 0.825000 0.207500
0.562500 0.825000 0.207700
0.637500 0.825000 0.207900
0.712500 0.825000 0.208100
0.787500 0.825000 0.208300
0.862500 0.825000 0.208500
0.937500 0.825000 0.208700
1.012000 0.825000 0.208900
1.087000 0.825000 0.209000
1.163000 0.825000 0.209100
1.238000 0.825000 0.209200
1.313000 0.825000 0.209300
1.388000 0.825000 0.209300
1.463000 0.825000 0.209300
1.538000 0.825000 0.209200
1.613000 0.825000 0.209100
1.688000 0.825000 0.208900
1.763000 0.825000 0.208700
1.838000 0.825000 0.208400
1.913000 0.825000 0.208100
1.988000 0.825000 0.207700
2.063000 0.825000 0.207300
2.138000 0.825000 0.206800
2.213000 0.825000 0.206300
2.288000 0.825000 0.205800
2.363000 0.825000 0.205200
2.438000 0.825000 0.204600
2.513000 0.825000 0.204000
2.588000 0.825000 0.203400
2.663000 0.825000 0.202800
2.738000 0.825000 0.202100
2.813000 0.825000 0.201500
2.888000 0.825000 0.200900
2.963000 0.825000 0.200300
3.038000 0.825000 0.199800
3.113000 0.825000 0.199200
3.188000 0.825000 0.198700
3.263000 0.825000 0.198300
3.338000 0.825000 0.197900
3.413000 0.825000 0.197500
3.488000 0.825000 0.197200
3.563000 0.825000 0.197000
3.638000 0.825000 0.196800
3.713000 0.825000 0.196600
3.788000 0.825000 0.196600
3.863000 0.825000 0.000000
-0.037500 0.975000 0.000000
0.037500 0.975000 0.221000
0.112500 0.975000 0.221100
0.187500 0.975000 0.221100
0.262500 0.975000 0.221200
0.337500 0.975000 0.221300
0.412500 0.975000 0.221500
0.487500 0.975000 0.221600
0.562500 0.975000 0.221800
0.637500 0.975000 0.222000
0.712500 0.975000 0.222200
0.787500 0.975000 0.222400
0.862500 0.975000 0.222600
0.937500 0.975000 0.222700
1.012000 0.975000 0.222900
1.087000 0.975000 0.223000
1.163000 0.975000 0.223100
1.238000 0.975000 0.223200
1.313000 0.975000 0.223200
1.388000 0.975000 0.223200
1.463000 0.975000 0.223200
1.538000 0.975000 0.223100
1.613000 0.975000 0.222900
1.688000 0.975000 0.222700
1.763000 0.975000 0.222500
1.838000 0.975000 0.222200
1.913000 0.975000 0.221800
1.988000 0.975000 0.221400
2.063000 0.975000 0.221000
2.138000 0.975000 0.220500
2.213000 0.975000 0.220000
2.288000 0.975000 0.219400
2.363000 0.975000 0.218800
2.438000 0.975000 0.218200
2.513000 0.975000 0.217600
2.588000 0.975000 0.216900
2.663000 0.975000 0.216300
2.738000 0.975000 0.215600
2.813000 0.975000 0.214900
2.888000 0.975000 0.214300
2.963000 0.975000 0.213700
3.038000 0.975000 0.213100
3.113000 0.975000 0.212600
3.188000 0.975000 0.212000
3.263000 0.975000 0.211600
3.338000 0.975000 0.211100
3.413000 0.975000 0.210800
3.488000 0.975000 0.210400
3.563000 0.975000 0.210200
3.638000 0.975000 0.210000
3.713000 0.975000 0.209900
3.788000 0.975000 0.209800
3.863000 0.975000 0.000000
-0.037500 1.125000 0.000000
0.037500 1.125000 0.231500
0.112500 1.125000 0.231600
0.187500 1.125000 0.231600
0.262500 1.125000 0.231700
0.337500 1.125000 0.231800
0.412500 1.125000 0.232000
0.487500 1.125000 0.232100
0.562500 1.125000 0.232300
0.637500 1.125000 0.232500
0.712500 1.125000 0.232700
0.787500 1.125000 0.232900
0.862500 1.125000 0.233100
0.937500 1.125000 0.233200
1.012000 1.125000 0.233400
1.087000 1.125000 0.233500
1.163000 1.125000 0.233600
1.238000 1.125000 0.233700
1.313000 1.125000 0.233700
1.388000 1.125000 0.233700
1.463000 1.125000 0.233700
1.538000 1.125000 0.233600
1.613000 1.125000 0.233400
1.688000 1.125000 0.233200
1.763000 1.125000 0.232900
1.838000 1.125000 0.232600
1.913000 1.125000 0.232200
1.988000 1.125000 0.231800
2.063000 1.125000 0.231300
2.138000 1.125000 0.230800
2.213000 1.125000 0.230300
2.288000 1.125000 0.229700
2.363000 1.125000 0.229000
2.438000 1.125000 0.228400
2.513000 1.125000 0.227700
2.588000 1.125000 0.227000
2.663000 1.125000 0.226300
2.738000 1.125000 0.225700
2.813000 1.125000 0.225000
2.888000 1.125000 0.224300
2.963000 1.125000 0.223700
3.038000 1.125000 0.223100
3.113000 1.125000 0.222500
3.188000 1.125000 0.221900
3.263000 1.125000 0.221400
3.338000 1.125000 0.221000
3.413000 1.125000 0.220600
3.488000 1.125000 0.220300
3.563000 1.125000 0.220000
3.638000 1.125000 0.219800
3.713000 1.125000 0.219700
3.788000 1.125000 0.219600
3.863000 1.125000 0.000000
-0.037500 1.275000 0.000000
0.037500 1.275000 0.245100
0.112500 1.275000 0.245100
0.187500 1.275000 0.245200
0.262500 1.275000 0.245300
0.337500 1.275000 0.245400
0.412500 1.275000 0.245600
0.487500 1.275000 0.245800
0.562500 1.275000 0.245900
0.637500 1.275000 0.246200
0.712500 1.275000 0.246400
0.787500 1.275000 0.246600
0.862500 1.275000 0.246800
0.937500 1.275000 0.247000
1.012000 1.275000 0.247200
1.087000 1.275000 0.247300
1.163000 1.275000 0.247500
1.238000 1.275000 0.247600
1.313000 1.275000 0.247600
1.388000 1.275000 0.247600
1.463000 1.275000 0.247500
1.538000 1.275000 0.247400
1.613000 1.275000 0.247300
1.688000 1.275000 0.247000
1.763000 1.275000 0.246800
1.838000 1.275000 0.246400
1.913000 1.275000 0.246000
1.988000 1.275000 0.245600
2.063000 1.275000 0.245000
2.138000 1.275000 0.244500
2.213000 1.275000 0.243900
2.288000 1.275000 0.243200
2.363000 1.275000 0.242500
2.438000 1.275000 0.241800
2.513000 1.275000 0.241100
2.588000 1.275000 0.240400
2.663000 1.275000 0.239600
2.738000 1.275000 0.238900
2.813000 1.275000 0.238100
2.888000 1.275000 0.237400
2.963000 1.275000 0.236700
3.038000 1.275000 0.236000
3.113000 1.275000 0.235400
3.188000 1.275000 0.234800
3.263000 1.275000 0.234200
3.338000 1.275000 0.233700
3.413000 1.275000 0.233300
3.488000 1.275000 0.232900
3.563000 1.275000 0.232600
3.638000 1.275000 0.232400
3.713000 1.275000 0.232300
3.788000 1.275000 0.232200
3.863000 1.275000 0.000000
-0.037500 1.425000 0.000000
0.037500 1.425000 0.255100
0.112500 1.425000 0.255200
0.187500 1.425000 0.255200
0.262500 1.425000 0.255300
0.337500 1.425000 0.255500
0.412500 1.425000 0.255600
0.487500 1.425000 0.255800
0.562500 1.425000 0.256000
0.637500 1.425000 0.256300
0.712500 1.425000 0.256500
0.787500 1.425000 0.256700
0.862500 1.425000 0.257000
0.937500 1.425000 0.257200
1.012000 1.425000 0.257400
1.087000 1.425000 0.257500
1.163000 1.425000 0.257700
1.238000 1.425000 0.257800
1.313000 1.425000 0.257800
1.388000 1.425000 0.257800
1.463000 1.425000 0.257800
1.538000 1.425000 0.257600
1.613000 1.425000 0.257500
1.688000 1.425000 0.257200
1.763000 1.425000 0.256900
1.838000 1.425000 0.256600
1.913000 1.425000 0.256100
1.988000 1.425000 0.255700
2.063000 1.425000 0.255100
2.138000 1.425000 0.254500
2.213000 1.425000 0.253900
2.288000 1.425000 0.253200
2.363000 1.425000 0.252500
2.438000 1.425000 0.251700
2.513000 1.425000 0.250900
2.588000 1.425000 0.250100
2.663000 1.425000 0.249300
2.738000 1.425000 0.248500
2.813000 1.425000 0.247700
2.888000 1.425000 0.247000
2.963000 1.425000 0.246200
3.038000 1.425000 0.245500
3.113000 1.425000 0.244800
3.188000 1.425000 0.244200
3.263000 1.425000 0.243600
3.338000 1.425000 0.243100
3.413000 1.425000 0.242700
3.488000 1.425000 0.242300
3.563000 1.425000 0.242000
3.638000 1.425000 0.241700
3.713000 1.425000 0.241600
3.788000 1.425000 0.241500
3.863000 1.425000 0.000000
-0.037500 1.575000 0.000000
0.037500 1.575000 0.255800
0.112500 1.575000 0.255900
0.187500 1.575000 0.255900
0.262500 1.575000 0.256100
0.337500 1.575000 0.256200
0.412500 1.575000 0.256400
0.487500 1.575000 0.256500
0.562500 1.575000 0.256700
0.637500 1.575000 0.257000
0.712500 1.575000 0.257200
0.787500 1.575000 0.257400
0.862500 1.575000 0.257600
0.937500 1.575000 0.257800
1.012000 1.575000 0.258000
1.087000 1.575000 0.258200
1.163000 1.575000 0.258300
1.238000 1.575000 0.258400
1.313000 1.575000 0.258400
1.388000 1.575000 0.258400
1.463000 1.575000 0.258300
1.538000 1.575000 0.258200
1.613000 1.575000 0.258000
1.688000 1.575000 0.257800
1.763000 1.575000 0.257500
1.838000 1.575000 0.257100
1.913000 1.575000 0.256700
1.988000 1.575000 0.256200
2.063000 1.575000 0.255700
2.138000 1.575000 0.255100
2.213000 1.575000 0.254400
2.288000 1.575000 0.253700
2.363000 1.575000 0.253000
2.438000 1.575000 0.252300
2.513000 1.575000 0.251500
2.588000 1.575000 0.250700
2.663000 1.575000 0.249900
2.738000 1.575000 0.249100
2.813000 1.575000 0.248300
2.888000 1.575000 0.247500
2.963000 1.575000 0.246800
3.038000 1.575000 0.246100
3.113000 1.575000 0.245400
3.188000 1.575000 0.244800
3.263000 1.575000 0.244200
3.338000 1.575000 0.243700
3.413000 1.575000 0.243200
3.488000 1.575000 0.242900
3.563000 1.575000 0.242500
3.638000 1.575000 0.242300
3.713000 1.575000 0.242200
3.788000 1.575000 0.242100
3.863000 1.575000 0.000000
-0.037500 1.725000 0.000000
0.037500 1.725000 0.248600
0.112500 1.725000 0.248600
0.187500 1.725000 0.248700
0.262500 1.725000 0.248800
0.337500 1.725000 0.248900
0.412500 1.725000 0.249100
0.487500 1.725000 0.249200
0.562500 1.725000 0.249400
0.637500 1.725000 0.249600
0.712500 1.725000 0.249800
0.787500 1.725000 0.250000
0.862500 1.725000 0.250200
0.937500 1.725000 0.250400
1.012000 1.725000 0.250500
1.087000 1.725000 0.250700
1.163000 1.725000 0.250800
1.238000 1.725000 0.250800
1.313000 1.725000 0.250800
1.388000 1.725000 0.250800
1.463000 1.725000 0.250700
1.538000 1.725000 0.250600
1.613000 1.725000 0.250400
1.688000 1.725000 0.250200
1.763000 1.725000 0.249900
1.838000 1.725000 0.249500
1.913000 1.725000 0.249100
1.988000 1.725000 0.248600
2.063000 1.725000 0.248100
2.138000 1.725000 0.247500
2.213000 1.725000 0.246900
2.288000 1.725000 0.246300
2.363000 1.725000 0.245600
2.438000 1.725000 0.244800
2.513000 1.725000 0.244100
2.588000 1.725000 0.243400
2.663000 1.725000 0.242600
2.738000 1.725000 0.241800
2.813000 1.725000 0.241100
2.888000 1.725000 0.240400
2.963000 1.725000 0.239700
3.038000 1.725000 0.239000
3.113000 1.725000 0.238300
3.188000 1.725000 0.237800
3.263000 1.725000 0.237200
3.338000 1.725000 0.236700
3.413000 1.725000 0.236300
3.488000 1.725000 0.236000
3.563000 1.725000 0.235700
3.638000 1.725000 0.235500
3.713000 1.725000 0.235300
3.788000 1.725000 0.235300
3.863000 1.725000 0.000000
-0.037500 1.875000 0.000000
0.037500 1.875000 0.235100
0.112500 1.875000 0.235100
0.187500 1.875000 0.235200
0.262500 1.875000 0.235200
0.337500 1.875000 0.235300
0.412500 1.875000 0.235500
0.487500 1.875000 0.235600
0.562500 1.875000 0.235700
0.637500 1.875000 0.235900
0.712500 1.875000 0.236100
0.787500 1.875000 0.236200
0.862500 1.875000 0.236400
0.937500 1.875000 0.236500
1.012000 1.875000 0.236600
1.087000 1.875000 0.236700
1.163000 1.875000 0.236800
1.238000 1.875000 0.236800
1.313000 1.875000 0.236800
1.388000 1.875000 0.236800
1.463000 1.875000 0.236700
1.538000 1.875000 0.236500
1.613000 1.875000 0.236300
1.688000 1.875000 0.236100
1.763000 1.875000 0.235800
1.838000 1.875000 0.235500
1.913000 1.875000 0.235100
1.988000 1.875000 0.234600
2.063000 1.875000 0.234100
2.138000 1.875000 0.233600
2.213000 1.875000 0.233000
2.288000 1.875000 0.232400
2.363000 1.875000 0.231800
2.438000 1.875000 0.231200
2.513000 1.875000 0.230500
2.588000 1.875000 0.229800
2.663000 1.875000 0.229100
2.738000 1.875000 0.228400
2.813000 1.875000 0.227800
2.888000 1.875000 0.227100
2.963000 1.875000 0.226500
3.038000 1.875000 0.225900
3.113000 1.875000 0.225300
3.188000 1.875000 0.224800
3.263000 1.875000 0.224300
3.338000 1.875000 0.223900
3.413000 1.875000 0.223500
3.488000 1.875000 0.223200
3.563000 1.875000 0.222900
3.638000 1.875000 0.222800
3.713000 1.875000 0.222600
3.788000 1.875000 0.222600
3.863000 1.875000 0.000000
-0.037500 2.025000 0.000000
0.037500 2.025000 0.217000
0.112500 2.025000 0.217000
0.187500 2.025000 0.217100
0.262500 2.025000 0.217100
0.337500 2.025000 0.217200
0.412500 2.025000 0.217300
0.487500 2.025000 0.217400
0.562500 2.025000 0.217500
0.637500 2.025000 0.217600
0.712500 2.025000 0.217700
0.787500 2.025000 0.217800
0.862500 2.025000 0.217900
0.937500 2.025000 0.218000
1.012000 2.025000 0.218000
1.087000 2.025000 0.218100
1.163000 2.025000 0.218100
1.238000 2.025000 0.218100
1.313000 2.025000 0.218100
1.388000 2.025000 0.218000
1.463000 2.025000 0.217900
1.538000 2.025000 0.217700
1.613000 2.025000 0.217500
1.688000 2.025000 0.217300
1.763000 2.025000 0.217000
1.838000 2.025000 0.216700
1.913000 2.025000 0.216400
1.988000 2.025000 0.216000
2.063000 2.025000 0.215500
2.138000 2.025000 0.215100
2.213000 2.025000 0.214600
2.288000 2.025000 0.214000
2.363000 2.025000 0.213500
2.438000 2.025000 0.212900
2.513000 2.025000 0.212400
2.588000 2.025000 0.211800
2.663000 2.025000 0.211200
2.738000 2.025000 0.210600
2.813000 2.025000 0.210000
2.888000 2.025000 0.209500
2.963000 2.025000 0.208900
3.038000 2.025000 0.208400
3.113000 2.025000 0.208000
3.188000 2.025000 0.207500
3.263000 2.025000 0.207100
3.338000 2.025000 0.206700
3.413000 2.025000 0.206400
3.488000 2.025000 0.206200
3.563000 2.025000 0.206000
3.638000 2.025000 0.205800
3.713000 2.025000 0.205700
3.788000 2.025000 0.205600
3.863000 2.025000 0.000000
-0.037500 2.175000 0.000000
0.037500 2.175000 0.196100
0.112500 2.175000 0.196100
0.187500 2.175000 0.196100
0.262500 2.175000 0.196100
0.337500 2.175000 0.196200
0.412500 2.175000 0.196200
0.487500 2.175000 0.196300
0.562500 2.175000 0.196300
0.637500 2.175000 0.196400
0.712500 2.175000 0.196400
0.787500 2.175000 0.196400
0.862500 2.175000 0.196500
0.937500 2.175000 0.196500
1.012000 2.175000 0.196500
1.087000 2.175000 0.196500
1.163000 2.175000 0.196500
1.238000 2.175000 0.196400
1.313000 2.175000 0.196400
1.388000 2.175000 0.196300
1.463000 2.175000 0.196100
1.538000 2.175000 0.196000
1.613000 2.175000 0.195800
1.688000 2.175000 0.195600
1.763000 2.175000 0.195300
1.838000 2.175000 0.195000
1.913000 2.175000 0.194700
1.988000 2.175000 0.194400
2.063000 2.175000 0.194000
2.138000 2.175000 0.193600
2.213000 2.175000 0.193200
2.288000 2.175000 0.192800
2.363000 2.175000 0.192300
2.438000 2.175000 0.191900
2.513000 2.175000 0.191400
2.588000 2.175000 0.190900
2.663000 2.175000 0.190500
2.738000 2.175000 0.190000
2.813000 2.175000 0.189500
2.888000 2.175000 0.189100
2.963000 2.175000 0.188700
3.038000 2.175000 0.188300
3.113000 2.175000 0.187900
3.188000 2.175000 0.187500
3.263000 2.175000 0.187200
3.338000 2.175000 0.186900
3.413000 2.175000 0.186700
3.488000 2.175000 0.186500
3.563000 2.175000 0.186300
3.638000 2.175000 0.186200
3.713000 2.175000 0.186100
3.788000 2.175000 0.186100
3.863000 2.175000 0.000000
-0.037500 2.325000 0.000000
0.037500 2.325000 0.181200
0.112500 2.325000 0.181200
0.187500 2.325000 0.181300
0.262500 2.325000 0.181300
0.337500 2.325000 0.181300
0.412500 2.325000 0.181300
0.487500 2.325000 0.181300
0.562500 2.325000 0.181300
0.637500 2.325000 0.181300
0.712500 2.325000 0.181400
0.787500 2.325000 0.181400
0.862500 2.325000 0.181300
0.937500 2.325000 0.181300
1.012000 2.325000 0.181300
1.087000 2.325000 0.181300
1.163000 2.325000 0.181200
1.238000 2.325000 0.181100
1.313000 2.325000 0.181000
1.388000 2.325000 0.180900
1.463000 2.325000 0.180800
1.538000 2.325000 0.180600
1.613000 2.325000 0.180400
1.688000 2.325000 0.180200
1.763000 2.325000 0.180000
1.838000 2.325000 0.179700
1.913000 2.325000 0.179400
1.988000 2.325000 0.179100
2.063000 2.325000 0.178800
2.138000 2.325000 0.178500
2.213000 2.325000 0.178100
2.288000 2.325000 0.177700
2.363000 2.325000 0.177400
2.438000 2.325000 0.177000
2.513000 2.325000 0.176600
2.588000 2.325000 0.176200
2.663000 2.325000 0.175800
2.738000 2.325000 0.175500
2.813000 2.325000 0.175100
2.888000 2.325000 0.174700
2.963000 2.325000 0.174400
3.038000 2.325000 0.174100
3.113000 2.325000 0.173700
3.188000 2.325000 0.173500
3.263000 2.325000 0.173200
3.338000 2.325000 0.173000
3.413000 2.325000 0.172800
3.488000 2.325000 0.172600
3.563000 2.325000 0.172500
3.638000 2.325000 0.172400
3.713000 2.325000 0.172300
3.788000 2.325000 0.172300
3.863000 2.325000 0.000000
-0.037500 2.475000 0.000000
0.037500 2.475000 0.173700
0.112500 2.475000 0.173700
0.187500 2.475000 0.173700
0.262500 2.475000 0.173700
0.337500 2.475000 0.173700
0.412500 2.475000 0.173700
0.487500 2.475000 0.173700
0.562500 2.475000 0.173700
0.637500 2.475000 0.173700
0.712500 2.475000 0.173700
0.787500 2.475000 0.173700
0.862500 2.475000 0.173700
0.937500 2.475000 0.173700
1.012000 2.475000 0.173600
1.087000 2.475000 0.173600
1.163000 2.475000 0.173500
1.238000 2.475000 0.173400
1.313000 2.475000 0.173300
1.388000 2.475000 0.173200
1.463000 2.475000 0.173000
1.538000 2.475000 0.172900
1.613000 2.475000 0.172700
1.688000 2.475000 0.172500
1.763000 2.475000 0.172300
1.838000 2.475000 0.172000
1.913000 2.475000 0.171700
1.988000 2.475000 0.171500
2.063000 2.475000 0.171200
2.138000 2.475000 0.170900
2.213000 2.475000 0.170500
2.288000 2.475000 0.170200
2.363000 2.475000 0.169800
2.438000 2.475000 0.169500
2.513000 2.475000 0.169100
2.588000 2.475000 0.168800
2.663000 2.475000 0.168400
2.738000 2.475000 0.168100
2.813000 2.475000 0.167800
2.888000 2.475000 0.167400
2.963000 2.475000 0.167100
3.038000 2.475000 0.166800
3.113000 2.475000 0.166500
3.188000 2.475000 0.166300
3.263000 2.475000 0.166100
3.338000 2.475000 0.165900
3.413000 2.475000 0.165700
3.488000 2.475000 0.165500
3.563000 2.475000 0.165400
3.638000 2.475000 0.165300
3.713000 2.475000 0.165300
3.788000 2.475000 0.165200
3.863000 2.475000 0.000000
-0.037500 2.625000 0.000000
0.037500 2.625000 0.166200
0.112500 2.625000 0.166200
0.187500 2.625000 0.166200
0.262500 2.625000 0.166200
0.337500 2.625000 0.166200
0.412500 2.625000 0.166200
0.487500 2.625000 0.166200
0.562500 2.625000 0.166200
0.637500 2.625000 0.166200
0.712500 2.625000 0.166200
0.787500 2.625000 0.166200
0.862500 2.625000 0.166100
0.937500 2.625000 0.166100
1.012000 2.625000 0.166000
1.087000 2.625000 0.166000
1.163000 2.625000 0.165900
1.238000 2.625000 0.165800
1.313000 2.625000 0.165700
1.388000 2.625000 0.165600
1.463000 2.625000 0.165400
1.538000 2.625000 0.165300
1.613000 2.625000 0.165100
1.688000 2.625000 0.164900
1.763000 2.625000 0.164700
1.838000 2.625000 0.164400
1.913000 2.625000 0.164200
1.988000 2.625000 0.163900
2.063000 2.625000 0.163600
2.138000 2.625000 0.163300
2.213000 2.625000 0.163000
2.288000 2.625000 0.162700
2.363000 2.625000 0.162400
2.438000 2.625000 0.162100
2.513000 2.625000 0.161700
2.588000 2.625000 0.161400
2.663000 2.625000 0.161100
2.738000 2.625000 0.160800
2.813000 2.625000 0.160500
2.888000 2.625000 0.160200
2.963000 2.625000 0.159900
3.038000 2.625000 0.159600
3.113000 2.625000 0.159300
3.188000 2.625000 0.159100
3.263000 2.625000 0.158900
3.338000 2.625000 0.158700
3.413000 2.625000 0.158500
3.488000 2.625000 0.158400
3.563000 2.625000 0.158300
3.638000 2.625000 0.158200
3.713000 2.625000 0.158200
3.788000 2.625000 0.158100
3.863000 2.625000 0.000000
-0.037500 2.775000 0.000000
0.037500 2.775000 0.158800
0.112500 2.775000 0.158800
0.187500 2.775000 0.158800
0.262500 2.775000 0.158800
0.337500 2.775000 0.158800
0.412500 2.775000 0.158800
0.487500 2.775000 0.158800
0.562500 2.775000 0.158800
0.637500 2.775000 0.158800
0.712500 2.775000 0.158800
0.787500 2.775000 0.158700
0.862500 2.775000 0.158700
0.937500 2.775000 0.158700
1.012000 2.775000 0.158600
1.087000 2.775000 0.158500
1.163000 2.775000 0.158500
1.238000 2.775000 0.158400
1.313000 2.775000 0.158300
1.388000 2.775000 0.158100
1.463000 2.775000 0.158000
1.538000 2.775000 0.157900
1.613000 2.775000 0.157700
1.688000 2.775000 0.157500
1.763000 2.775000 0.157300
1.838000 2.775000 0.157100
1.913000 2.775000 0.156800
1.988000 2.775000 0.156600
2.063000 2.775000 0.156300
2.138000 2.775000 0.156000
2.213000 2.775000 0.155700
2.288000 2.775000 0.155400
2.363000 2.775000 0.155100
2.438000 2.775000 0.154800
2.513000 2.775000 0.154500
2.588000 2.775000 0.154200
2.663000 2.775000 0.153900
2.738000 2.775000 0.153600
2.813000 2.775000 0.153300
2.888000 2.775000 0.153000
2.963000 2.775000 0.152800
3.038000 2.775000 0.152500
3.113000 2.775000 0.152300
3.188000 2.775000 0.152000
3.263000 2.775000 0.151800
3.338000 2.775000 0.151700
3.413000 2.775000 0.151500
3.488000 2.775000 0.151400
3.563000 2.775000 0.151300
3.638000 2.775000 0.151200
3.713000 2.775000 0.151100
3.788000 2.775000 0.151100
3.863000 2.775000 0.000000
-0.037500 2.925000 0.000000
0.037500 2.925000 0.144500
0.112500 2.925000 0.144500
0.187500 2.925000 0.144500
0.262500 2.925000 0.144500
0.337500 2.925000 0.144500
0.412500 2.925000 0.144500
0.487500 2.925000 0.144500
0.562500 2.925000 0.144500
0.637500 2.925000 0.144500
0.712500 2.925000 0.144500
0.787500 2.925000 0.144400
0.862500 2.925000 0.144400
0.937500 2.925000 0.144400
1.012000 2.925000 0.144300
1.087000 2.925000 0.144300
1.163000 2.925000 0.144200
1.238000 2.925000 0.144100
1.313000 2.925000 0.144000
1.388000 2.925000 0.143900
1.463000 2.925000 0.143800
1.538000 2.925000 0.143600
1.613000 2.925000 0.143500
1.688000 2.925000 0.143300
1.763000 2.925000 0.143100
1.838000 2.925000 0.142900
1.913000 2.925000 0.142700
1.988000 2.925000 0.142400
2.063000 2.925000 0.142200
2.138000 2.925000 0.141900
2.213000 2.925000 0.141700
2.288000 2.925000 0.141400
2.363000 2.925000 0.141100
2.438000 2.925000 0.140800
2.513000 2.925000 0.140600
2.588000 2.925000 0.140300
2.663000 2.925000 0.140000
2.738000 2.925000 0.139700
2.813000 2.925000 0.139500
2.888000 2.925000 0.139200
2.963000 2.925000 0.138900
3.038000 2.925000 0.138700
3.113000 2.925000 0.138500
3.188000 2.925000 0.138300
3.263000 2.925000 0.138100
3.338000 2.925000 0.137900
3.413000 2.925000 0.137800
3.488000 2.925000 0.137700
3.563000 2.925000 0.137600
3.638000 2.925000 0.137500
3.713000 2.925000 0.137500
3.788000 2.925000 0.137400
3.863000 2.925000 0.000000
-0.037500 3.075000 0.000000
0.037500 3.075000 0.124200
0.112500 3.075000 0.124200
0.187500 3.075000 0.124200
0.262500 3.075000 0.124200
0.337500 3.075000 0.124200
0.412500 3.075000 0.124200
0.487500 3.075000 0.124200
0.562500 3.075000 0.124200
0.637500 3.075000 0.124100
0.712500 3.075000 0.124100
0.787500 3.075000 0.124100
0.862500 3.075000 0.124100
0.937500 3.075000 0.124100
1.012000 3.075000 0.124000
1.087000 3.075000 0.124000
1.163000 3.075000 0.123900
1.238000 3.075000 0.123800
1.313000 3.075000 0.123700
1.388000 3.075000 0.123600
1.463000 3.075000 0.123500
1.538000 3.075000 0.123400
1.613000 3.075000 0.123300
1.688000 3.075000 0.123100
1.763000 3.075000 0.122900
1.838000 3.075000 0.122800
1.913000 3.075000 0.122600
1.988000 3.075000 0.122400
2.063000 3.075000 0.122200
2.138000 3.075000 0.121900
2.213000 3.075000 0.121700
2.288000 3.075000 0.121500
2.363000 3.075000 0.121200
2.438000 3.075000 0.121000
2.513000 3.075000 0.120700
2.588000 3.075000 0.120500
2.663000 3.075000 0.120200
2.738000 3.075000 0.120000
2.813000 3.075000 0.119800
2.888000 3.075000 0.119500
2.963000 3.075000 0.119300
3.038000 3.075000 0.119100
3.113000 3.075000 0.118900
3.188000 3.075000 0.118800
3.263000 3.075000 0.118600
3.338000 3.075000 0.118500
3.413000 3.075000 0.118300
3.488000 3.075000 0.118200
3.563000 3.075000 0.118200
3.638000 3.075000 0.118100
3.713000 3.075000 0.118100
3.788000 3.075000 0.118000
3.863000 3.075000 0.000000
-0.037500 3.225000 0.000000
0.037500 3.225000 0.105400
0.112500 3.225000 0.105400
0.187500 3.225000 0.105400
0.262500 3.225000 0.105400
0.337500 3.225000 0.105400
0.412500 3.225000 0.105400
0.487500 3.225000 0.105400
0.562500 3.225000 0.105400
0.637500 3.225000 0.105400
0.712500 3.225000 0.105400
0.787500 3.225000 0.105300
0.862500 3.225000 0.105300
0.937500 3.225000 0.105300
1.012000 3.225000 0.105200
1.087000 3.225000 0.105200
1.163000 3.225000 0.105100
1.238000 3.225000 0.105100
1.313000 3.225000 0.105000
1.388000 3.225000 0.104900
1.463000 3.225000 0.104800
1.538000 3.225000 0.104700
1.613000 3.225000 0.104600
1.688000 3.225000 0.104500
1.763000 3.225000 0.104300
1.838000 3.225000 0.104200
1.913000 3.225000 0.104000
1.988000 3.225000 0.103800
2.063000 3.225000 0.103700
2.138000 3.225000 0.103500
2.213000 3.225000 0.103300
2.288000 3.225000 0.103100
2.363000 3.225000 0.102900
2.438000 3.225000 0.102700
2.513000 3.225000 0.102400
2.588000 3.225000 0.102200
2.663000 3.225000 0.102000
2.738000 3.225000 0.101800
2.813000 3.225000 0.101600
2.888000 3.225000 0.101400
2.963000 3.225000 0.101200
3.038000 3.225000 0.101100
3.113000 3.225000 0.100900
3.188000 3.225000 0.100800
3.263000 3.225000 0.100600
3.338000 3.225000 0.100500
3.413000 3.225000 0.100400
3.488000 3.225000 0.100300
3.563000 3.225000 0.100200
3.638000 3.225000 0.100200
3.713000 3.225000 0.100200
3.788000 3.225000 0.100100
3.863000 3.225000 0.000000
-0.037500 3.375000 0.000000
0.037500 3.375000 0.088440
0.112500 3.375000 0.088440
0.187500 3.375000 0.088440
0.262500 3.375000 0.088440
0.337500 3.375000 0.088440
0.412500 3.375000 0.088440
0.487500 3.375000 0.088440
0.562500 3.375000 0.088430
0.637500 3.375000 0.088420
0.712500 3.375000 0.088410
0.787500 3.375000 0.088390
0.862500 3.375000 0.088370
0.937500 3.375000 0.088350
1.012000 3.375000 0.088310
1.087000 3.375000 0.088270
1.163000 3.375000 0.088230
1.238000 3.375000 0.088170
1.313000 3.375000 0.088110
1.388000 3.375000 0.088030
1.463000 3.375000 0.087950
1.538000 3.375000 0.087860
1.613000 3.375000 0.087760
1.688000 3.375000 0.087650
1.763000 3.375000 0.087530
1.838000 3.375000 0.087400
1.913000 3.375000 0.087260
1.988000 3.375000 0.087120
2.063000 3.375000 0.086960
2.138000 3.375000 0.086800
2.213000 3.375000 0.086640
2.288000 3.375000 0.086470
2.363000 3.375000 0.086290
2.438000 3.375000 0.086120
2.513000 3.375000 0.085940
2.588000 3.375000 0.085760
2.663000 3.375000 0.085590
2.738000 3.375000 0.085420
2.813000 3.375000 0.085250
2.888000 3.375000 0.085090
2.963000 3.375000 0.084940
3.038000 3.375000 0.084790
3.113000 3.375000 0.084650
3.188000 3.375000 0.084530
3.263000 3.375000 0.084410
3.338000 3.375000 0.084310
3.413000 3.375000 0.084220
3.488000 3.375000 0.084150
3.563000 3.375000 0.084090
3.638000 3.375000 0.084040
3.713000 3.375000 0.084010
3.788000 3.375000 0.084000
3.863000 3.375000 0.000000
-0.037500 3.525000 0.000000
0.037500 3.525000 0.073440
0.112500 3.525000 0.073440
0.187500 3.525000 0.073440
0.262500 3.525000 0.073440
0.337500 3.525000 0.073440
0.412500 3.525000 0.073440
0.487500 3.525000 0.073430
0.562500 3.525000 0.073430
0.637500 3.525000 0.073420
0.712500 3.525000 0.073410
0.787500 3.525000 0.073390
0.862500 3.525000 0.073380
0.937500 3.525000 0.073350
1.012000 3.525000 0.073320
1.087000 3.525000 0.073290
1.163000 3.525000 0.073250
1.238000 3.525000 0.073200
1.313000 3.525000 0.073150
1.388000 3.525000 0.073090
1.463000 3.525000 0.073020
1.538000 3.525000 0.072940
1.613000 3.525000 0.072860
1.688000 3.525000 0.072760
1.763000 3.525000 0.072660
1.838000 3.525000 0.072550
1.913000 3.525000 0.072440
1.988000 3.525000 0.072320
2.063000 3.525000 0.072190
2.138000 3.525000 0.072060
2.213000 3.525000 0.071920
2.288000 3.525000 0.071780
2.363000 3.525000 0.071630
2.438000 3.525000 0.071490
2.513000 3.525000 0.071340
2.588000 3.525000 0.071200
2.663000 3.525000 0.071050
2.738000 3.525000 0.070910
2.813000 3.525000 0.070770
2.888000 3.525000 0.070640
2.963000 3.525000 0.070510
3.038000 3.525000 0.070390
3.113000 3.525000 0.070270
3.188000 3.525000 0.070170
3.263000 3.525000 0.070070
3.338000 3.525000 0.069990
3.413000 3.525000 0.069910
3.488000 3.525000 0.069850
3.563000 3.525000 0.069800
3.638000 3.525000 0.069760
3.713000 3.525000 0.069730
3.788000 3.525000 0.069720
3.863000 3.525000 0.000000
-0.037500 3.675000 0.000000
0.037500 3.675000 0.060400
0.112500 3.675000 0.060400
0.187500 3.675000 0.060400
0.262500 3.675000 0.060400
0.337500 3.675000 0.060400
0.412500 3.675000 0.060400
0.487500 3.675000 0.060390
0.562500 3.675000 0.060390
0.637500 3.675000 0.060380
0.712500 3.675000 0.060370
0.787500 3.675000 0.060360
0.862500 3.675000 0.060340
0.937500 3.675000 0.060320
1.012000 3.675000 0.060300
1.087000 3.675000 0.060270
1.163000 3.675000 0.060230
1.238000 3.675000 0.060190
1.313000 3.675000 0.060150
1.388000 3.675000 0.060100
1.463000 3.675000 0.060040
1.538000 3.675000 0.059970
1.613000 3.675000 0.059900
1.688000 3.675000 0.059830
1.763000 3.675000 0.059740
1.838000 3.675000 0.059650
1.913000 3.675000 0.059560
1.988000 3.675000 0.059460
2.063000 3.675000 0.059350
2.138000 3.675000 0.059240
2.213000 3.675000 0.059130
2.288000 3.675000 0.059020
2.363000 3.675000 0.058900
2.438000 3.675000 0.058780
2.513000 3.675000 0.058660
2.588000 3.675000 0.058540
2.663000 3.675000 0.058420
2.738000 3.675000 0.058300
2.813000 3.675000 0.058190
2.888000 3.675000 0.058080
2.963000 3.675000 0.057970
3.038000 3.675000 0.057870
3.113000 3.675000 0.057780
3.188000 3.675000 0.057700
3.263000 3.675000 0.057620
3.338000 3.675000 0.057550
3.413000 3.675000 0.057480
3.488000 3.675000 0.057430
3.563000 3.675000 0.057390
3.638000 3.675000 0.057360
3.713000 3.675000 0.057330
3.788000 3.675000 0.057320
3.863000 3.675000 0.000000
-0.037500 3.825000 0.000000
0.037500 3.825000 0.049260
0.112500 3.825000 0.049260
0.187500 3.825000 0.049260
0.262500 3.825000 0.049260
0.337500 3.825000 0.049260
0.412500 3.825000 0.049250
0.487500 3.825000 0.049250
0.562500 3.825000 0.049240
0.637500 3.825000 0.049240
0.712500 3.825000 0.049230
0.787500 3.825000 0.049220
0.862500 3.825000 0.049200
0.937500 3.825000 0.049190
1.012000 3.825000 0.049160
1.087000 3.825000 0.049140
1.163000 3.825000 0.049110
1.238000 3.825000 0.049080
1.313000 3.825000 0.049040
1.388000 3.825000 0.049000
1.463000 3.825000 0.048950
1.538000 3.825000 0.048900
1.613000 3.825000 0.048840
1.688000 3.825000 0.048780
1.763000 3.825000 0.048710
1.838000 3.825000 0.048630
1.913000 3.825000 0.048560
1.988000 3.825000 0.048470
2.063000 3.825000 0.048390
2.138000 3.825000 0.048300
2.213000 3.825000 0.048210
2.288000 3.825000 0.048110
2.363000 3.825000 0.048020
2.438000 3.825000 0.047920
2.513000 3.825000 0.047820
2.588000 3.825000 0.047720
2.663000 3.825000 0.047630
2.738000 3.825000 0.047530
2.813000 3.825000 0.047440
2.888000 3.825000 0.047350
2.963000 3.825000 0.047270
3.038000 3.825000 0.047190
3.113000 3.825000 0.047110
3.188000 3.825000 0.047040
3.263000 3.825000 0.046980
3.338000 3.825000 0.046920
3.413000 3.825000 0.046870
3.488000 3.825000 0.046830
3.563000 3.825000 0.046790
3.638000 3.825000 0.046760
3.713000 3.825000 0.046740
3.788000 3.825000 0.046740
3.863000 3.825000 0.000000
-0.037500 3.975000 0.000000
0.037500 3.975000 0.039900
0.112500 3.975000 0.039900
0.187500 3.975000 0.039900
0.262500 3.975000 0.039900
0.337500 3.975000 0.039890
0.412500 3.975000 0.039890
0.487500 3.975000 0.039890
0.562500 3.975000 0.039880
0.637500 3.975000 0.039880
0.712500 3.975000 0.039870
0.787500 3.975000 0.039860
0.862500 3.975000 0.039840
0.937500 3.975000 0.039830
1.012000 3.975000 0.039810
1.087000 3.975000 0.039790
1.163000 3.975000 0.039770
1.238000 3.975000 0.039740
1.313000 3.975000 0.039710
1.388000 3.975000 0.039670
1.463000 3.975000 0.039630
1.538000 3.975000 0.039590
1.613000 3.975000 0.039540
1.688000 3.975000 0.039490
1.763000 3.975000 0.039440
1.838000 3.975000 0.039380
1.913000 3.975000 0.039310
1.988000 3.975000 0.039250
2.063000 3.975000 0.039180
2.138000 3.975000 0.039110
2.213000 3.975000 0.039030
2.288000 3.975000 0.038960
2.363000 3.975000 0.038880
2.438000 3.975000 0.038800
2.513000 3.975000 0.038720
2.588000 3.975000 0.038640
2.663000 3.975000 0.038570
2.738000 3.975000 0.038490
2.813000 3.975000 0.038410
2.888000 3.975000 0.038340
2.963000 3.975000 0.038270
3.038000 3.975000 0.038210
3.113000 3.975000 0.038150
3.188000 3.975000 0.038090
3.263000 3.975000 0.038040
3.338000 3.975000 0.037990
3.413000 3.975000 0.037950
3.488000 3.975000 0.037920
3.563000 3.975000 0.037890
3.638000 3.975000 0.037870
3.713000 3.975000 0.037850
3.788000 3.975000 0.037850
3.863000 3.975000 0.000000
-0.037500 4.125000 0.000000
0.037500 4.125000 0.032170
0.112500 4.125000 0.032170
0.187500 4.125000 0.032170
0.262500 4.125000 0.032170
0.337500 4.125000 0.032160
0.412500 4.125000 0.032160
0.487500 4.125000 0.032160
0.562500 4.125000 0.032150
0.637500 4.125000 0.032150
0.712500 4.125000 0.032140
0.787500 4.125000 0.032130
0.862500 4.125000 0.032120
0.937500 4.125000 0.032110
1.012000 4.125000 0.032090
1.087000 4.125000 0.032080
1.163000 4.125000 0.032060
1.238000 4.125000 0.032030
1.313000 4.125000 0.032010
1.388000 4.125000 0.031980
1.463000 4.125000 0.031950
1.538000 4.125000 0.031910
1.613000 4.125000 0.031870
1.688000 4.125000 0.031830
1.763000 4.125000 0.031790
1.838000 4.125000 0.031740
1.913000 4.125000 0.031690
1.988000 4.125000 0.031630
2.063000 4.125000 0.031580
2.138000 4.125000 0.031520
2.213000 4.125000 0.031460
2.288000 4.125000 0.031400
2.363000 4.125000 0.031340
2.438000 4.125000 0.031270
2.513000 4.125000 0.031210
2.588000 4.125000 0.031150
2.663000 4.125000 0.031090
2.738000 4.125000 0.031020
2.813000 4.125000 0.030970
2.888000 4.125000 0.030910
2.963000 4.125000 0.030850
3.038000 4.125000 0.030800
3.113000 4.125000 0.030750
3.188000 4.125000 0.030710
3.263000 4.125000 0.030670
3.338000 4.125000 0.030630
3.413000 4.125000 0.030590
3.488000 4.125000 0.030570
3.563000 4.125000 0.030540
3.638000 4.125000 0.030520
3.713000 4.125000 0.030510
3.788000 4.125000 0.030510
3.863000 4.125000 0.000000
-0.037500 4.275000 0.000000
0.037500 4.275000 0.025910
0.112500 4.275000 0.025910
0.187500 4.275000 0.025910
0.262500 4.275000 0.025910
0.337500 4.275000 0.025910
0.412500 4.275000 0.025910
0.487500 4.275000 0.025900
0.562500 4.275000 0.025900
0.637500 4.275000 0.025890
0.712500 4.275000 0.025890
0.787500 4.275000 0.025880
0.862500 4.275000 0.025870
0.937500 4.275000 0.025860
1.012000 4.275000 0.025850
1.087000 4.275000 0.025830
1.163000 4.275000 0.025820
1.238000 4.275000 0.025800
1.313000 4.275000 0.025780
1.388000 4.275000 0.025750
1.463000 4.275000 0.025730
1.538000 4.275000 0.025700
1.613000 4.275000 0.025670
1.688000 4.275000 0.025630
1.763000 4.275000 0.025600
1.838000 4.275000 0.025560
1.913000 4.275000 0.025520
1.988000 4.275000 0.025470
2.063000 4.275000 0.025430
2.138000 4.275000 0.025380
2.213000 4.275000 0.025330
2.288000 4.275000 0.025290
2.363000 4.275000 0.025240
2.438000 4.275000 0.025190
2.513000 4.275000 0.025130
2.588000 4.275000 0.025080
2.663000 4.275000 0.025040
2.738000 4.275000 0.024990
2.813000 4.275000 0.024940
2.888000 4.275000 0.024890
2.963000 4.275000 0.024850
3.038000 4.275000 0.024810
3.113000 4.275000 0.024770
3.188000 4.275000 0.024730
3.263000 4.275000 0.024700
3.338000 4.275000 0.024670
3.413000 4.275000 0.024640
3.488000 4.275000 0.024620
3.563000 4.275000 0.024600
3.638000 4.275000 0.024580
3.713000 4.275000 0.024570
3.788000 4.275000 0.024570
3.863000 4.275000 0.000000
-0.037500 4.425000 0.000000
0.037500 4.425000 0.020970
0.112500 4.425000 0.020970
0.187500 4.425000 0.020970
0.262500 4.425000 0.020970
0.337500 4.425000 0.020970
0.412500 4.425000 0.020970
0.487500 4.425000 0.020970
0.562500 4.425000 0.020960
0.637500 4.425000 0.020960
0.712500 4.425000 0.020950
0.787500 4.425000 0.020940
0.862500 4.425000 0.020940
0.937500 4.425000 0.020930
1.012000 4.425000 0.020920
1.087000 4.425000 0.020910
1.163000 4.425000 0.020890
1.238000 4.425000 0.020880
1.313000 4.425000 0.020860
1.388000 4.425000 0.020840
1.463000 4.425000 0.020820
1.538000 4.425000 0.020790
1.613000 4.425000 0.020770
1.688000 4.425000 0.020740
1.763000 4.425000 0.020710
1.838000 4.425000 0.020680
1.913000 4.425000 0.020650
1.988000 4.425000 0.020610
2.063000 4.425000 0.020580
2.138000 4.425000 0.020540
2.213000 4.425000 0.020500
2.288000 4.425000 0.020460
2.363000 4.425000 0.020420
2.438000 4.425000 0.020380
2.513000 4.425000 0.020340
2.588000 4.425000 0.020300
2.663000 4.425000 0.020260
2.738000 4.425000 0.020220
2.813000 4.425000 0.020180
2.888000 4.425000 0.020150
2.963000 4.425000 0.020110
3.038000 4.425000 0.020080
3.113000 4.425000 0.020050
3.188000 4.425000 0.020020
3.263000 4.425000 0.019990
3.338000 4.425000 0.019970
3.413000 4.425000 0.019950
3.488000 4.425000 0.019930
3.563000 4.425000 0.019910
3.638000 4.425000 0.019900
3.713000 4.425000 0.019890
3.788000 4.425000 0.019890
3.863000 4.425000 0.000000
-0.037500 4.575000 0.000000
0.037500 4.575000 0.017210
0.112500 4.575000 0.017210
0.187500 4.575000 0.017210
0.262500 4.575000 0.017210
0.337500 4.575000 0.017210
0.412500 4.575000 0.017210
0.487500 4.575000 0.017200
0.562500 4.575000 0.017200
0.637500 4.575000 0.017200
0.712500 4.575000 0.017190
0.787500 4.575000 0.017180
0.862500 4.575000 0.017180
0.937500 4.575000 0.017170
1.012000 4.575000 0.017160
1.087000 4.575000 0.017150
1.163000 4.575000 0.017140
1.238000 4.575000 0.017130
1.313000 4.575000 0.017110
1.388000 4.575000 0.017100
1.463000 4.575000 0.017080
1.538000 4.575000 0.017060
1.613000 4.575000 0.017040
1.688000 4.575000 0.017010
1.763000 4.575000 0.016990
1.838000 4.575000 0.016960
1.913000 4.575000 0.016940
1.988000 4.575000 0.016910
2.063000 4.575000 0.016880
2.138000 4.575000 0.016850
2.213000 4.575000 0.016820
2.288000 4.575000 0.016790
2.363000 4.575000 0.016750
2.438000 4.575000 0.016720
2.513000 4.575000 0.016690
2.588000 4.575000 0.016650
2.663000 4.575000 0.016620
2.738000 4.575000 0.016590
2.813000 4.575000 0.016560
2.888000 4.575000 0.016530
2.963000 4.575000 0.016500
3.038000 4.575000 0.016470
3.113000 4.575000 0.016450
3.188000 4.575000 0.016420
3.263000 4.575000 0.016400
3.338000 4.575000 0.016380
3.413000 4.575000 0.016370
3.488000 4.575000 0.016350
3.563000 4.575000 0.016340
3.638000 4.575000 0.016330
3.713000 4.575000 0.016320
3.788000 4.575000 0.016320
3.863000 4.575000 0.000000
-0.037500 4.725000 0.000000
0.037500 4.725000 0.014500
0.112500 4.725000 0.014500
0.187500 4.725000 0.014500
0.262500 4.725000 0.014500
0.337500 4.725000 0.014500
0.412500 4.725000 0.014490
0.487500 4.725000 0.014490
0.562500 4.725000 0.014490
0.637500 4.725000 0.014490
0.712500 4.725000 0.014480
0.787500 4.725000 0.014480
0.862500 4.725000 0.014470
0.937500 4.725000 0.014460
1.012000 4.725000 0.014450
1.087000 4.725000 0.014450
1.163000 4.725000 0.014440
1.238000 4.725000 0.014420
1.313000 4.725000 0.014410
1.388000 4.725000 0.014400
1.463000 4.725000 0.014380
1.538000 4.725000 0.014370
1.613000 4.725000 0.014350
1.688000 4.725000 0.014330
1.763000 4.725000 0.014310
1.838000 4.725000 0.014290
1.913000 4.725000 0.014260
1.988000 4.725000 0.014240
2.063000 4.725000 0.014220
2.138000 4.725000 0.014190
2.213000 4.725000 0.014160
2.288000 4.725000 0.014140
2.363000 4.725000 0.014110
2.438000 4.725000 0.014080
2.513000 4.725000 0.014060
2.588000 4.725000 0.014030
2.663000 4.725000 0.014000
2.738000 4.725000 0.013970
2.813000 4.725000 0.013950
2.888000 4.725000 0.013920
2.963000 4.725000 0.013900
3.038000 4.725000 0.013880
3.113000 4.725000 0.013860
3.188000 4.725000 0.013840
3.263000 4.725000 0.013820
3.338000 4.725000 0.013800
3.413000 4.725000 0.013790
3.488000 4.725000 0.013770
3.563000 4.725000 0.013760
3.638000 4.725000 0.013750
3.713000 4.725000 0.013750
3.788000 4.725000 0.013750
3.863000 4.725000 0.000000
-0.037500 4.875000 0.000000
0.037500 4.875000 0.012750
0.112500 4.875000 0.012750
0.187500 4.875000 0.012750
0.262500 4.875000 0.012740
0.337500 4.875000 0.012740
0.412500 4.875000 0.012740
0.487500 4.875000 0.012740
0.562500 4.875000 0.012730
0.637500 4.875000 0.012730
0.712500 4.875000 0.012730
0.787500 4.875000 0.012720
0.862500 4.875000 0.012720
0.937500 4.875000 0.012710
1.012000 4.875000 0.012700
1.087000 4.875000 0.012690
1.163000 4.875000 0.012680
1.238000 4.875000 0.012670
1.313000 4.875000 0.012660
1.388000 4.875000 0.012650
1.463000 4.875000 0.012640
1.538000 4.875000 0.012620
1.613000 4.875000 0.012610
1.688000 4.875000 0.012590
1.763000 4.875000 0.012570
1.838000 4.875000 0.012550
1.913000 4.875000 0.012530
1.988000 4.875000 0.012510
2.063000 4.875000 0.012490
2.138000 4.875000 0.012470
2.213000 4.875000 0.012450
2.288000 4.875000 0.012420
2.363000 4.875000 0.012400
2.438000 4.875000 0.012370
2.513000 4.875000 0.012350
2.588000 4.875000 0.012330
2.663000 4.875000 0.012300
2.738000 4.875000 0.012280
2.813000 4.875000 0.012260
2.888000 4.875000 0.012240
2.963000 4.875000 0.012220
3.038000 4.875000 0.012200
3.113000 4.875000 0.012180
3.188000 4.875000 0.012160
3.263000 4.875000 0.012140
3.338000 4.875000 0.012130
3.413000 4.875000 0.012120
3.488000 4.875000 0.012110
3.563000 4.875000 0.012100
3.638000 4.875000 0.012090
3.713000 4.875000 0.012080
3.788000 4.875000 0.012080
3.863000 4.875000 0.000000
-0.037500 5.025000 0.000000
0.037500 5.025000 0.011890
0.112500 5.025000 0.011890
0.187500 5.025000 0.011890
0.262500 5.025000 0.011890
0.337500 5.025000 0.011890
0.412500 5.025000 0.011890
0.487500 5.025000 0.011880
0.562500 5.025000 0.011880
0.637500 5.025000 0.011880
0.712500 5.025000 0.011870
0.787500 5.025000 0.011870
0.862500 5.025000 0.011860
0.937500 5.025000 0.011860
1.012000 5.025000 0.011850
1.087000 5.025000 0.011840
1.163000 5.025000 0.011830
1.238000 5.025000 0.011830
1.313000 5.025000 0.011810
1.388000 5.025000 0.011800
1.463000 5.025000 0.011790
1.538000 5.025000 0.011780
1.613000 5.025000 0.011760
1.688000 5.025000 0.011750
1.763000 5.025000 0.011730
1.838000 5.025000 0.011710
1.913000 5.025000 0.011690
1.988000 5.025000 0.011670
2.063000 5.025000 0.011650
2.138000 5.025000 0.011630
2.213000 5.025000 0.011610
2.288000 5.025000 0.011590
2.363000 5.025000 0.011570
2.438000 5.025000 0.011550
2.513000 5.025000 0.011520
2.588000 5.025000 0.011500
2.663000 5.025000 0.011480
2.738000 5.025000 0.011460
2.813000 5.025000 0.011440
2.888000 5.025000 0.011420
2.963000 5.025000 0.011400
3.038000 5.025000 0.011380
3.113000 5.025000 0.011360
3.188000 5.025000 0.011350
3.263000 5.025000 0.011330
3.338000 5.025000 0.011320
3.413000 5.025000 0.011310
3.488000 5.025000 0.011300
3.563000 5.025000 0.011290
3.638000 5.025000 0.011280
3.713000 5.025000 0.011270
3.788000 5.025000 0.011270
3.863000 5.025000 0.000000
-0.037500 5.175000 0.000000
0.037500 5.175000 0.000000
0.112500 5.175000 0.000000
0.187500 5.175000 0.000000
0.262500 5.175000 0.000000
0.337500 5.175000 0.000000
0.412500 5.175000 0.000000
0.487500 5.175000 0.000000
0.562500 5.175000 0.000000
0.637500 5.175000 0.000000
0.712500 5.175000 0.000000
0.787500 5.175000 0.000000
0.862500 5.175000 0.000000
0.937500 5.175000 0.000000
1.012000 5.175000 0.000000
1.087000 5.175000 0.000000
1.163000 5.175000 0.000000
1.238000 5.175000 0.000000
1.313000 5.175000 0.000000
1.388000 5.175000 0.000000
1.463000 5.175000 0.000000
1.538000 5.175000 0.000000
1.613000 5.175000 0.000000
1.688000 5.175000 0.000000
1.763000 5.175000 0.000000
1.838000 5.175000 0.000000
1.913000 5.175000 0.000000
1.988000 5.175000 0.000000
2.063000 5.175000 0.000000
2.138000 5.175000 0.000000
2.213000 5.175000 0.000000
2.288000 5.175000 0.000000
2.363000 5.175000 0.000000
2.438000 5.175000 0.000000
2.513000 5.175000 0.000000
2.588000 5.175000 0.000000
2.663000 5.175000 0.000000
2.738000 5.175000 0.000000
2.813000 5.175000 0.000000
2.888000 5.175000 0.000000
2.963000 5.175000 0.000000
3.038000 5.175000 0.000000
3.113000 5.175000 0.000000
3.188000 5.175000 0.000000
3.263000 5.175000 0.000000
3.338000 5.175000 0.000000
3.413000 5.175000 0.000000
3.488000 5.175000 0.000000
3.563000 5.175000 0.000000
3.638000 5.175000 0.000000
3.713000 5.175000 0.000000
3.788000 5.175000 0.000000
3.863000 5.175000 0.000000
