-0.037500 -0.075000 0.000000
0.037500 -0.075000 0.000000
0.112500 -0.075000 0.000000
0.187500 -0.075000 0.000000
0.262500 -0.075000 0.000000
0.337500 -0.075000 0.000000
0.412500 -0.075000 0.000000
0.487500 -0.075000 0.000000
0.562500 -0.075000 0.000000
0.637500 -0.075000 0.000000
0.712500 -0.075000 0.000000
0.787500 -0.075000 0.000000
0.862500 -0.075000 0.000000
0.937500 -0.075000 0.000000
1.012000 -0.075000 0.000000
1.087000 -0.075000 0.000000
1.163000 -0.075000 0.000000
1.238000 -0.075000 0.000000
1.313000 -0.075000 0.000000
1.388000 -0.075000 0.000000
1.463000 -0.075000 0.000000
1.538000 -0.075000 0.000000
1.613000 -0.075000 0.000000
1.688000 -0.075000 0.000000
1.763000 -0.075000 0.000000
1.838000 -0.075000 0.000000
1.913000 -0.075000 0.000000
1.988000 -0.075000 0.000000
2.063000 -0.075000 0.000000
2.138000 -0.075000 0.000000
2.213000 -0.075000 0.000000
2.288000 -0.075000 0.000000
2.363000 -0.075000 0.000000
2.438000 -0.075000 0.000000
2.513000 -0.075000 0.000000
2.588000 -0.075000 0.000000
2.663000 -0.075000 0.000000
2.738000 -0.075000 0.000000
2.813000 -0.075000 0.000000
2.888000 -0.075000 0.000000
2.963000 -0.075000 0.000000
3.038000 -0.075000 0.000000
3.113000 -0.075000 0.000000
3.188000 -0.075000 0.000000
3.263000 -0.075000 0.000000
3.338000 -0.075000 0.000000
3.413000 -0.075000 0.000000
3.488000 -0.075000 0.000000
3.563000 -0.075000 0.000000
3.638000 -0.075000 0.000000
3.713000 -0.075000 0.000000
3.788000 -0.075000 0.000000
3.863000 -0.075000 0.000000
-0.037500 0.075000 0.000000
0.037500 0.075000 0.016140
0.112500 0.075000 0.032280
0.187500 0.075000 0.048420
0.262500 0.075000 0.064550
0.337500 0.075000 0.080680
0.412500 0.075000 0.096800
0.487500 0.075000 0.112900
0.562500 0.075000 0.129000
0.637500 0.075000 0.145000
0.712500 0.075000 0.160900
0.787500 0.075000 0.176700
0.862500 0.075000 0.192400
0.937500 0.075000 0.207800
1.012000 0.075000 0.223000
1.087000 0.075000 0.237800
1.163000 0.075000 0.252200
1.238000 0.075000 0.266000
1.313000 0.075000 0.279100
1.388000 0.075000 0.291300
1.463000 0.075000 0.302500
1.538000 0.075000 0.312500
1.613000 0.075000 0.321200
1.688000 0.075000 0.328200
1.763000 0.075000 0.333600
1.838000 0.075000 0.337200
1.913000 0.075000 0.338900
1.988000 0.075000 0.338800
2.063000 0.075000 0.336900
2.138000 0.075000 0.333300
2.213000 0.075000 0.328200
2.288000 0.075000 0.321800
2.363000 0.075000 0.314400
2.438000 0.075000 0.306100
2.513000 0.075000 0.297300
2.588000 0.075000 0.288000
2.663000 0.075000 0.278500
2.738000 0.075000 0.268900
2.813000 0.075000 0.259400
2.888000 0.075000 0.249900
2.963000 0.075000 0.240700
3.038000 0.075000 0.231700
3.113000 0.075000 0.222900
3.188000 0.075000 0.214500
3.263000 0.075000 0.206400
3.338000 0.075000 0.198700
3.413000 0.075000 0.191200
3.488000 0.075000 0.184100
3.563000 0.075000 0.177400
3.638000 0.075000 0.170900
3.713000 0.075000 0.164700
3.788000 0.075000 0.158800
3.863000 0.075000 0.000000
-0.037500 0.225000 0.000000
0.037500 0.225000 0.016140
0.112500 0.225000 0.032280
0.187500 0.225000 0.048420
0.262500 0.225000 0.064550
0.337500 0.225000 0.080680
0.412500 0.225000 0.096800
0.487500 0.225000 0.112900
0.562500 0.225000 0.129000
0.637500 0.225000 0.145000
0.712500 0.225000 0.160900
0.787500 0.225000 0.176700
0.862500 0.225000 0.192400
0.937500 0.225000 0.207800
1.012000 0.225000 0.223000
1.087000 0.225000 0.237800
1.163000 0.225000 0.252200
1.238000 0.225000 0.266000
1.313000 0.225000 0.279100
1.388000 0.225000 0.291300
1.463000 0.225000 0.302500
1.538000 0.225000 0.312500
1.613000 0.225000 0.321200
1.688000 0.225000 0.328200
1.763000 0.225000 0.333600
1.838000 0.225000 0.337200
1.913000 0.225000 0.338900
1.988000 0.225000 0.338800
2.063000 0.225000 0.336900
2.138000 0.225000 0.333300
2.213000 0.225000 0.328200
2.288000 0.225000 0.321800
2.363000 0.225000 0.314400
2.438000 0.225000 0.306100
2.513000 0.225000 0.297300
2.588000 0.225000 0.288000
2.663000 0.225000 0.278500
2.738000 0.225000 0.268900
2.813000 0.225000 0.259400
2.888000 0.225000 0.249900
2.963000 0.225000 0.240700
3.038000 0.225000 0.231700
3.113000 0.225000 0.222900
3.188000 0.225000 0.214500
3.263000 0.225000 0.206400
3.338000 0.225000 0.198700
3.413000 0.225000 0.191200
3.488000 0.225000 0.184100
3.563000 0.225000 0.177400
3.638000 0.225000 0.170900
3.713000 0.225000 0.164700
3.788000 0.225000 0.158800
3.863000 0.225000 0.000000
-0.037500 0.375000 0.000000
0.037500 0.375000 0.037730
0.112500 0.375000 0.041520
0.187500 0.375000 0.047370
0.262500 0.375000 0.054490
0.337500 0.375000 0.062420
0.412500 0.375000 0.070860
0.487500 0.375000 0.079650
0.562500 0.375000 0.088650
0.637500 0.375000 0.097790
0.712500 0.375000 0.107000
0.787500 0.375000 0.116200
0.862500 0.375000 0.125300
0.937500 0.375000 0.134400
1.012000 0.375000 0.143300
1.087000 0.375000 0.152000
1.163000 0.375000 0.160400
1.238000 0.375000 0.168400
1.313000 0.375000 0.176000
1.388000 0.375000 0.183000
1.463000 0.375000 0.189400
1.538000 0.375000 0.195100
1.613000 0.375000 0.199900
1.688000 0.375000 0.203900
1.763000 0.375000 0.206900
1.838000 0.375000 0.208800
1.913000 0.375000 0.209800
1.988000 0.375000 0.209700
2.063000 0.375000 0.208600
2.138000 0.375000 0.206500
2.213000 0.375000 0.203600
2.288000 0.375000 0.200000
2.363000 0.375000 0.195800
2.438000 0.375000 0.191000
2.513000 0.375000 0.185900
2.588000 0.375000 0.180500
2.663000 0.375000 0.174900
2.738000 0.375000 0.169200
2.813000 0.375000 0.163500
2.888000 0.375000 0.157900
2.963000 0.375000 0.152300
3.038000 0.375000 0.146900
3.113000 0.375000 0.141600
3.188000 0.375000 0.136500
3.263000 0.375000 0.131600
3.338000 0.375000 0.127000
3.413000 0.375000 0.122600
3.488000 0.375000 0.118500
3.563000 0.375000 0.114700
3.638000 0.375000 0.111400
3.713000 0.375000 0.108700
3.788000 0.375000 0.107100
3.863000 0.375000 0.000000
-0.037500 0.525000 0.000000
0.037500 0.525000 0.035720
0.112500 0.525000 0.036930
0.187500 0.525000 0.039120
0.262500 0.525000 0.042050
0.337500 0.525000 0.045540
0.412500 0.525000 0.049440
0.487500 0.525000 0.053650
0.562500 0.525000 0.058080
0.637500 0.525000 0.062650
0.712500 0.525000 0.067330
0.787500 0.525000 0.072050
0.862500 0.525000 0.076780
0.937500 0.525000 0.081470
1.012000 0.525000 0.086090
1.087000 0.525000 0.090590
1.163000 0.525000 0.094930
1.238000 0.525000 0.099070
1.313000 0.525000 0.103000
1.388000 0.525000 0.106500
1.463000 0.525000 0.109800
1.538000 0.525000 0.112700
1.613000 0.525000 0.115100
1.688000 0.525000 0.117100
1.763000 0.525000 0.118500
1.838000 0.525000 0.119500
1.913000 0.525000 0.119900
1.988000 0.525000 0.119900
2.063000 0.525000 0.119300
2.138000 0.525000 0.118200
2.213000 0.525000 0.116800
2.288000 0.525000 0.114900
2.363000 0.525000 0.112700
2.438000 0.525000 0.110300
2.513000 0.525000 0.107600
2.588000 0.525000 0.104800
2.663000 0.525000 0.101800
2.738000 0.525000 0.098800
2.813000 0.525000 0.095750
2.888000 0.525000 0.092720
2.963000 0.525000 0.089720
3.038000 0.525000 0.086790
3.113000 0.525000 0.083950
3.188000 0.525000 0.081210
3.263000 0.525000 0.078610
3.338000 0.525000 0.076160
3.413000 0.525000 0.073880
3.488000 0.525000 0.071820
3.563000 0.525000 0.070000
3.638000 0.525000 0.068500
3.713000 0.525000 0.067390
3.788000 0.525000 0.066790
3.863000 0.525000 0.000000
-0.037500 0.675000 0.000000
0.037500 0.675000 0.032440
0.112500 0.675000 0.032890
0.187500 0.675000 0.033770
0.262500 0.675000 0.035030
0.337500 0.675000 0.036610
0.412500 0.675000 0.038460
0.487500 0.675000 0.040520
0.562500 0.675000 0.042750
0.637500 0.675000 0.045120
0.712500 0.675000 0.047570
0.787500 0.675000 0.050080
0.862500 0.675000 0.052620
0.937500 0.675000 0.055150
1.012000 0.675000 0.057650
1.087000 0.675000 0.060090
1.163000 0.675000 0.062440
1.238000 0.675000 0.064670
1.313000 0.675000 0.066750
1.388000 0.675000 0.068670
1.463000 0.675000 0.070390
1.538000 0.675000 0.071900
1.613000 0.675000 0.073170
1.688000 0.675000 0.074190
1.763000 0.675000 0.074940
1.838000 0.675000 0.075420
1.913000 0.675000 0.075620
1.988000 0.675000 0.075550
2.063000 0.675000 0.075220
2.138000 0.675000 0.074650
2.213000 0.675000 0.073840
2.288000 0.675000 0.072820
2.363000 0.675000 0.071620
2.438000 0.675000 0.070270
2.513000 0.675000 0.068790
2.588000 0.675000 0.067210
2.663000 0.675000 0.065550
2.738000 0.675000 0.063850
2.813000 0.675000 0.062120
2.888000 0.675000 0.060390
2.963000 0.675000 0.058680
3.038000 0.675000 0.057000
3.113000 0.675000 0.055390
3.188000 0.675000 0.053840
3.263000 0.675000 0.052380
3.338000 0.675000 0.051030
3.413000 0.675000 0.049810
3.488000 0.675000 0.048730
3.563000 0.675000 0.047820
3.638000 0.675000 0.047100
3.713000 0.675000 0.046600
3.788000 0.675000 0.046340
3.863000 0.675000 0.000000
-0.037500 0.825000 0.000000
0.037500 0.825000 0.029180
0.112500 0.825000 0.029460
0.187500 0.825000 0.030010
0.262500 0.825000 0.030820
0.337500 0.825000 0.031850
0.412500 0.825000 0.033070
0.487500 0.825000 0.034470
0.562500 0.825000 0.035990
0.637500 0.825000 0.037620
0.712500 0.825000 0.039330
0.787500 0.825000 0.041090
0.862500 0.825000 0.042880
0.937500 0.825000 0.044670
1.012000 0.825000 0.046430
1.087000 0.825000 0.048160
1.163000 0.825000 0.049820
1.238000 0.825000 0.051400
1.313000 0.825000 0.052870
1.388000 0.825000 0.054220
1.463000 0.825000 0.055430
1.538000 0.825000 0.056480
1.613000 0.825000 0.057360
1.688000 0.825000 0.058070
1.763000 0.825000 0.058580
1.838000 0.825000 0.058910
1.913000 0.825000 0.059040
1.988000 0.825000 0.058980
2.063000 0.825000 0.058730
2.138000 0.825000 0.058310
2.213000 0.825000 0.057730
2.288000 0.825000 0.057000
2.363000 0.825000 0.056140
2.438000 0.825000 0.055160
2.513000 0.825000 0.054090
2.588000 0.825000 0.052940
2.663000 0.825000 0.051740
2.738000 0.825000 0.050500
2.813000 0.825000 0.049240
2.888000 0.825000 0.047970
2.963000 0.825000 0.046720
3.038000 0.825000 0.045500
3.113000 0.825000 0.044320
3.188000 0.825000 0.043200
3.263000 0.825000 0.042150
3.338000 0.825000 0.041190
3.413000 0.825000 0.040320
3.488000 0.825000 0.039580
3.563000 0.825000 0.038950
3.638000 0.825000 0.038470
3.713000 0.825000 0.038140
3.788000 0.825000 0.037970
3.863000 0.825000 0.000000
-0.037500 0.975000 0.000000
0.037500 0.975000 0.025580
0.112500 0.975000 0.025770
0.187500 0.975000 0.026150
0.262500 0.975000 0.026700
0.337500 0.975000 0.027410
0.412500 0.975000 0.028260
0.487500 0.975000 0.029240
0.562500 0.975000 0.030310
0.637500 0.975000 0.031470
0.712500 0.975000 0.032700
0.787500 0.975000 0.033960
0.862500 0.975000 0.035250
0.937500 0.975000 0.036550
1.012000 0.975000 0.037830
1.087000 0.975000 0.039080
1.163000 0.975000 0.040280
1.238000 0.975000 0.041430
1.313000 0.975000 0.042490
1.388000 0.975000 0.043470
1.463000 0.975000 0.044340
1.538000 0.975000 0.045100
1.613000 0.975000 0.045730
1.688000 0.975000 0.046230
1.763000 0.975000 0.046600
1.838000 0.975000 0.046830
1.913000 0.975000 0.046910
1.988000 0.975000 0.046860
2.063000 0.975000 0.046670
2.138000 0.975000 0.046360
2.213000 0.975000 0.045930
2.288000 0.975000 0.045390
2.363000 0.975000 0.044750
2.438000 0.975000 0.044020
2.513000 0.975000 0.043230
2.588000 0.975000 0.042380
2.663000 0.975000 0.041480
2.738000 0.975000 0.040550
2.813000 0.975000 0.039610
2.888000 0.975000 0.038670
2.963000 0.975000 0.037730
3.038000 0.975000 0.036820
3.113000 0.975000 0.035950
3.188000 0.975000 0.035120
3.263000 0.975000 0.034340
3.338000 0.975000 0.033640
3.413000 0.975000 0.033020
3.488000 0.975000 0.032480
3.563000 0.975000 0.032040
3.638000 0.975000 0.031710
3.713000 0.975000 0.031480
3.788000 0.975000 0.031360
3.863000 0.975000 0.000000
-0.037500 1.125000 0.000000
0.037500 1.125000 0.022240
0.112500 1.125000 0.022380
0.187500 1.125000 0.022660
0.262500 1.125000 0.023070
0.337500 1.125000 0.023600
0.412500 1.125000 0.024240
0.487500 1.125000 0.024970
0.562500 1.125000 0.025780
0.637500 1.125000 0.026660
0.712500 1.125000 0.027590
0.787500 1.125000 0.028550
0.862500 1.125000 0.029530
0.937500 1.125000 0.030520
1.012000 1.125000 0.031500
1.087000 1.125000 0.032460
1.163000 1.125000 0.033390
1.238000 1.125000 0.034260
1.313000 1.125000 0.035080
1.388000 1.125000 0.035820
1.463000 1.125000 0.036490
1.538000 1.125000 0.037070
1.613000 1.125000 0.037550
1.688000 1.125000 0.037930
1.763000 1.125000 0.038210
1.838000 1.125000 0.038370
1.913000 1.125000 0.038440
1.988000 1.125000 0.038390
2.063000 1.125000 0.038240
2.138000 1.125000 0.038000
2.213000 1.125000 0.037660
2.288000 1.125000 0.037240
2.363000 1.125000 0.036740
2.438000 1.125000 0.036170
2.513000 1.125000 0.035550
2.588000 1.125000 0.034890
2.663000 1.125000 0.034190
2.738000 1.125000 0.033460
2.813000 1.125000 0.032730
2.888000 1.125000 0.031990
2.963000 1.125000 0.031260
3.038000 1.125000 0.030550
3.113000 1.125000 0.029860
3.188000 1.125000 0.029220
3.263000 1.125000 0.028620
3.338000 1.125000 0.028080
3.413000 1.125000 0.027600
3.488000 1.125000 0.027190
3.563000 1.125000 0.026860
3.638000 1.125000 0.026610
3.713000 1.125000 0.026440
3.788000 1.125000 0.026360
3.863000 1.125000 0.000000
-0.037500 1.275000 0.000000
0.037500 1.275000 0.016510
0.112500 1.275000 0.016610
0.187500 1.275000 0.016790
0.262500 1.275000 0.017070
0.337500 1.275000 0.017430
0.412500 1.275000 0.017860
0.487500 1.275000 0.018350
0.562500 1.275000 0.018900
0.637500 1.275000 0.019500
0.712500 1.275000 0.020130
0.787500 1.275000 0.020790
0.862500 1.275000 0.021460
0.937500 1.275000 0.022140
1.012000 1.275000 0.022810
1.087000 1.275000 0.023470
1.163000 1.275000 0.024100
1.238000 1.275000 0.024700
1.313000 1.275000 0.025260
1.388000 1.275000 0.025770
1.463000 1.275000 0.026220
1.538000 1.275000 0.026620
1.613000 1.275000 0.026950
1.688000 1.275000 0.027210
1.763000 1.275000 0.027390
1.838000 1.275000 0.027510
1.913000 1.275000 0.027550
1.988000 1.275000 0.027510
2.063000 1.275000 0.027410
2.138000 1.275000 0.027240
2.213000 1.275000 0.027000
2.288000 1.275000 0.026710
2.363000 1.275000 0.026360
2.438000 1.275000 0.025970
2.513000 1.275000 0.025540
2.588000 1.275000 0.025080
2.663000 1.275000 0.024600
2.738000 1.275000 0.024090
2.813000 1.275000 0.023580
2.888000 1.275000 0.023070
2.963000 1.275000 0.022560
3.038000 1.275000 0.022070
3.113000 1.275000 0.021600
3.188000 1.275000 0.021150
3.263000 1.275000 0.020740
3.338000 1.275000 0.020370
3.413000 1.275000 0.020040
3.488000 1.275000 0.019760
3.563000 1.275000 0.019540
3.638000 1.275000 0.019370
3.713000 1.275000 0.019260
3.788000 1.275000 0.019200
3.863000 1.275000 0.000000
-0.037500 1.425000 0.000000
0.037500 1.425000 0.010730
0.112500 1.425000 0.010790
0.187500 1.425000 0.010890
0.262500 1.425000 0.011050
0.337500 1.425000 0.011260
0.412500 1.425000 0.011510
0.487500 1.425000 0.011800
0.562500 1.425000 0.012120
0.637500 1.425000 0.012470
0.712500 1.425000 0.012840
0.787500 1.425000 0.013220
0.862500 1.425000 0.013620
0.937500 1.425000 0.014020
1.012000 1.425000 0.014410
1.087000 1.425000 0.014800
1.163000 1.425000 0.015170
1.238000 1.425000 0.015520
1.313000 1.425000 0.015850
1.388000 1.425000 0.016150
1.463000 1.425000 0.016420
1.538000 1.425000 0.016650
1.613000 1.425000 0.016840
1.688000 1.425000 0.016990
1.763000 1.425000 0.017100
1.838000 1.425000 0.017170
1.913000 1.425000 0.017190
1.988000 1.425000 0.017170
2.063000 1.425000 0.017100
2.138000 1.425000 0.017000
2.213000 1.425000 0.016860
2.288000 1.425000 0.016680
2.363000 1.425000 0.016480
2.438000 1.425000 0.016240
2.513000 1.425000 0.015990
2.588000 1.425000 0.015710
2.663000 1.425000 0.015420
2.738000 1.425000 0.015120
2.813000 1.425000 0.014810
2.888000 1.425000 0.014510
2.963000 1.425000 0.014200
3.038000 1.425000 0.013910
3.113000 1.425000 0.013630
3.188000 1.425000 0.013360
3.263000 1.425000 0.013120
3.338000 1.425000 0.012900
3.413000 1.425000 0.012700
3.488000 1.425000 0.012540
3.563000 1.425000 0.012410
3.638000 1.425000 0.012300
3.713000 1.425000 0.012240
3.788000 1.425000 0.012200
3.863000 1.425000 0.000000
-0.037500 1.575000 0.000000
0.037500 1.575000 0.006889
0.112500 1.575000 0.006921
0.187500 1.575000 0.006983
0.262500 1.575000 0.007075
0.337500 1.575000 0.007194
0.412500 1.575000 0.007338
0.487500 1.575000 0.007505
0.562500 1.575000 0.007692
0.637500 1.575000 0.007894
0.712500 1.575000 0.008110
0.787500 1.575000 0.008334
0.862500 1.575000 0.008565
0.937500 1.575000 0.008797
1.012000 1.575000 0.009028
1.087000 1.575000 0.009254
1.163000 1.575000 0.009472
1.238000 1.575000 0.009678
1.313000 1.575000 0.009870
1.388000 1.575000 0.010050
1.463000 1.575000 0.010200
1.538000 1.575000 0.010340
1.613000 1.575000 0.010450
1.688000 1.575000 0.010540
1.763000 1.575000 0.010600
1.838000 1.575000 0.010640
1.913000 1.575000 0.010650
1.988000 1.575000 0.010630
2.063000 1.575000 0.010590
2.138000 1.575000 0.010530
2.213000 1.575000 0.010450
2.288000 1.575000 0.010340
2.363000 1.575000 0.010220
2.438000 1.575000 0.010080
2.513000 1.575000 0.009928
2.588000 1.575000 0.009764
2.663000 1.575000 0.009591
2.738000 1.575000 0.009413
2.813000 1.575000 0.009231
2.888000 1.575000 0.009049
2.963000 1.575000 0.008870
3.038000 1.575000 0.008695
3.113000 1.575000 0.008528
3.188000 1.575000 0.008371
3.263000 1.575000 0.008226
3.338000 1.575000 0.008096
3.413000 1.575000 0.007981
3.488000 1.575000 0.007884
3.563000 1.575000 0.007805
3.638000 1.575000 0.007744
3.713000 1.575000 0.007701
3.788000 1.575000 0.007678
3.863000 1.575000 0.000000
-0.037500 1.725000 0.000000
0.037500 1.725000 0.004362
0.112500 1.725000 0.004379
0.187500 1.725000 0.004415
0.262500 1.725000 0.004467
0.337500 1.725000 0.004535
0.412500 1.725000 0.004618
0.487500 1.725000 0.004714
0.562500 1.725000 0.004821
0.637500 1.725000 0.004938
0.712500 1.725000 0.005062
0.787500 1.725000 0.005192
0.862500 1.725000 0.005326
0.937500 1.725000 0.005460
1.012000 1.725000 0.005594
1.087000 1.725000 0.005725
1.163000 1.725000 0.005851
1.238000 1.725000 0.005971
1.313000 1.725000 0.006082
1.388000 1.725000 0.006184
1.463000 1.725000 0.006274
1.538000 1.725000 0.006352
1.613000 1.725000 0.006417
1.688000 1.725000 0.006467
1.763000 1.725000 0.006503
1.838000 1.725000 0.006524
1.913000 1.725000 0.006530
1.988000 1.725000 0.006521
2.063000 1.725000 0.006498
2.138000 1.725000 0.006461
2.213000 1.725000 0.006411
2.288000 1.725000 0.006349
2.363000 1.725000 0.006276
2.438000 1.725000 0.006194
2.513000 1.725000 0.006104
2.588000 1.725000 0.006007
2.663000 1.725000 0.005905
2.738000 1.725000 0.005800
2.813000 1.725000 0.005693
2.888000 1.725000 0.005587
2.963000 1.725000 0.005481
3.038000 1.725000 0.005379
3.113000 1.725000 0.005281
3.188000 1.725000 0.005189
3.263000 1.725000 0.005104
3.338000 1.725000 0.005027
3.413000 1.725000 0.004960
3.488000 1.725000 0.004902
3.563000 1.725000 0.004855
3.638000 1.725000 0.004818
3.713000 1.725000 0.004792
3.788000 1.725000 0.004777
3.863000 1.725000 0.000000
-0.037500 1.875000 0.000000
0.037500 1.875000 0.002707
0.112500 1.875000 0.002716
0.187500 1.875000 0.002736
0.262500 1.875000 0.002766
0.337500 1.875000 0.002804
0.412500 1.875000 0.002851
0.487500 1.875000 0.002905
0.562500 1.875000 0.002966
0.637500 1.875000 0.003033
0.712500 1.875000 0.003103
0.787500 1.875000 0.003177
0.862500 1.875000 0.003253
0.937500 1.875000 0.003330
1.012000 1.875000 0.003406
1.087000 1.875000 0.003481
1.163000 1.875000 0.003553
1.238000 1.875000 0.003621
1.313000 1.875000 0.003685
1.388000 1.875000 0.003743
1.463000 1.875000 0.003794
1.538000 1.875000 0.003839
1.613000 1.875000 0.003875
1.688000 1.875000 0.003904
1.763000 1.875000 0.003924
1.838000 1.875000 0.003936
1.913000 1.875000 0.003939
1.988000 1.875000 0.003933
2.063000 1.875000 0.003919
2.138000 1.875000 0.003898
2.213000 1.875000 0.003868
2.288000 1.875000 0.003832
2.363000 1.875000 0.003790
2.438000 1.875000 0.003742
2.513000 1.875000 0.003690
2.588000 1.875000 0.003634
2.663000 1.875000 0.003575
2.738000 1.875000 0.003514
2.813000 1.875000 0.003453
2.888000 1.875000 0.003391
2.963000 1.875000 0.003330
3.038000 1.875000 0.003271
3.113000 1.875000 0.003214
3.188000 1.875000 0.003161
3.263000 1.875000 0.003112
3.338000 1.875000 0.003068
3.413000 1.875000 0.003029
3.488000 1.875000 0.002996
3.563000 1.875000 0.002968
3.638000 1.875000 0.002947
3.713000 1.875000 0.002931
3.788000 1.875000 0.002922
3.863000 1.875000 0.000000
-0.037500 2.025000 0.000000
0.037500 2.025000 0.001623
0.112500 2.025000 0.001628
0.187500 2.025000 0.001639
0.262500 2.025000 0.001655
0.337500 2.025000 0.001676
0.412500 2.025000 0.001701
0.487500 2.025000 0.001731
0.562500 2.025000 0.001764
0.637500 2.025000 0.001800
0.712500 2.025000 0.001839
0.787500 2.025000 0.001880
0.862500 2.025000 0.001921
0.937500 2.025000 0.001963
1.012000 2.025000 0.002005
1.087000 2.025000 0.002046
1.163000 2.025000 0.002086
1.238000 2.025000 0.002123
1.313000 2.025000 0.002158
1.388000 2.025000 0.002190
1.463000 2.025000 0.002218
1.538000 2.025000 0.002242
1.613000 2.025000 0.002263
1.688000 2.025000 0.002278
1.763000 2.025000 0.002289
1.838000 2.025000 0.002295
1.913000 2.025000 0.002296
1.988000 2.025000 0.002293
2.063000 2.025000 0.002285
2.138000 2.025000 0.002273
2.213000 2.025000 0.002257
2.288000 2.025000 0.002236
2.363000 2.025000 0.002213
2.438000 2.025000 0.002186
2.513000 2.025000 0.002157
2.588000 2.025000 0.002126
2.663000 2.025000 0.002093
2.738000 2.025000 0.002059
2.813000 2.025000 0.002025
2.888000 2.025000 0.001990
2.963000 2.025000 0.001957
3.038000 2.025000 0.001924
3.113000 2.025000 0.001892
3.188000 2.025000 0.001863
3.263000 2.025000 0.001836
3.338000 2.025000 0.001811
3.413000 2.025000 0.001790
3.488000 2.025000 0.001771
3.563000 2.025000 0.001756
3.638000 2.025000 0.001744
3.713000 2.025000 0.001735
3.788000 2.025000 0.001729
3.863000 2.025000 0.000000
-0.037500 2.175000 0.000000
0.037500 2.175000 0.000900
0.112500 2.175000 0.000903
0.187500 2.175000 0.000908
0.262500 2.175000 0.000915
0.337500 2.175000 0.000926
0.412500 2.175000 0.000938
0.487500 2.175000 0.000952
0.562500 2.175000 0.000968
0.637500 2.175000 0.000986
0.712500 2.175000 0.001005
0.787500 2.175000 0.001025
0.862500 2.175000 0.001045
0.937500 2.175000 0.001065
1.012000 2.175000 0.001086
1.087000 2.175000 0.001106
1.163000 2.175000 0.001125
1.238000 2.175000 0.001143
1.313000 2.175000 0.001160
1.388000 2.175000 0.001175
1.463000 2.175000 0.001189
1.538000 2.175000 0.001201
1.613000 2.175000 0.001210
1.688000 2.175000 0.001218
1.763000 2.175000 0.001223
1.838000 2.175000 0.001226
1.913000 2.175000 0.001226
1.988000 2.175000 0.001224
2.063000 2.175000 0.001220
2.138000 2.175000 0.001214
2.213000 2.175000 0.001206
2.288000 2.175000 0.001196
2.363000 2.175000 0.001184
2.438000 2.175000 0.001171
2.513000 2.175000 0.001156
2.588000 2.175000 0.001141
2.663000 2.175000 0.001124
2.738000 2.175000 0.001107
2.813000 2.175000 0.001090
2.888000 2.175000 0.001073
2.963000 2.175000 0.001056
3.038000 2.175000 0.001040
3.113000 2.175000 0.001025
3.188000 2.175000 0.001010
3.263000 2.175000 0.000997
3.338000 2.175000 0.000985
3.413000 2.175000 0.000974
3.488000 2.175000 0.000965
3.563000 2.175000 0.000957
3.638000 2.175000 0.000951
3.713000 2.175000 0.000947
3.788000 2.175000 0.000944
3.863000 2.175000 0.000000
-0.037500 2.325000 0.000000
0.037500 2.325000 0.000561
0.112500 2.325000 0.000562
0.187500 2.325000 0.000564
0.262500 2.325000 0.000568
0.337500 2.325000 0.000573
0.412500 2.325000 0.000579
0.487500 2.325000 0.000587
0.562500 2.325000 0.000595
0.637500 2.325000 0.000604
0.712500 2.325000 0.000613
0.787500 2.325000 0.000623
0.862500 2.325000 0.000633
0.937500 2.325000 0.000644
1.012000 2.325000 0.000654
1.087000 2.325000 0.000664
1.163000 2.325000 0.000674
1.238000 2.325000 0.000683
1.313000 2.325000 0.000692
1.388000 2.325000 0.000699
1.463000 2.325000 0.000706
1.538000 2.325000 0.000712
1.613000 2.325000 0.000717
1.688000 2.325000 0.000721
1.763000 2.325000 0.000723
1.838000 2.325000 0.000724
1.913000 2.325000 0.000724
1.988000 2.325000 0.000723
2.063000 2.325000 0.000721
2.138000 2.325000 0.000717
2.213000 2.325000 0.000713
2.288000 2.325000 0.000708
2.363000 2.325000 0.000701
2.438000 2.325000 0.000694
2.513000 2.325000 0.000687
2.588000 2.325000 0.000678
2.663000 2.325000 0.000670
2.738000 2.325000 0.000661
2.813000 2.325000 0.000652
2.888000 2.325000 0.000643
2.963000 2.325000 0.000634
3.038000 2.325000 0.000626
3.113000 2.325000 0.000617
3.188000 2.325000 0.000610
3.263000 2.325000 0.000603
3.338000 2.325000 0.000597
3.413000 2.325000 0.000591
3.488000 2.325000 0.000587
3.563000 2.325000 0.000583
3.638000 2.325000 0.000580
3.713000 2.325000 0.000578
3.788000 2.325000 0.000577
3.863000 2.325000 0.000000
-0.037500 2.475000 0.000000
0.037500 2.475000 0.000431
0.112500 2.475000 0.000432
0.187500 2.475000 0.000433
0.262500 2.475000 0.000436
0.337500 2.475000 0.000439
0.412500 2.475000 0.000444
0.487500 2.475000 0.000449
0.562500 2.475000 0.000454
0.637500 2.475000 0.000460
0.712500 2.475000 0.000467
0.787500 2.475000 0.000474
0.862500 2.475000 0.000481
0.937500 2.475000 0.000488
1.012000 2.475000 0.000495
1.087000 2.475000 0.000501
1.163000 2.475000 0.000508
1.238000 2.475000 0.000514
1.313000 2.475000 0.000520
1.388000 2.475000 0.000525
1.463000 2.475000 0.000530
1.538000 2.475000 0.000534
1.613000 2.475000 0.000537
1.688000 2.475000 0.000540
1.763000 2.475000 0.000541
1.838000 2.475000 0.000542
1.913000 2.475000 0.000542
1.988000 2.475000 0.000541
2.063000 2.475000 0.000539
2.138000 2.475000 0.000537
2.213000 2.475000 0.000534
2.288000 2.475000 0.000530
2.363000 2.475000 0.000526
2.438000 2.475000 0.000521
2.513000 2.475000 0.000515
2.588000 2.475000 0.000509
2.663000 2.475000 0.000503
2.738000 2.475000 0.000497
2.813000 2.475000 0.000491
2.888000 2.475000 0.000485
2.963000 2.475000 0.000479
3.038000 2.475000 0.000473
3.113000 2.475000 0.000467
3.188000 2.475000 0.000462
3.263000 2.475000 0.000457
3.338000 2.475000 0.000453
3.413000 2.475000 0.000449
3.488000 2.475000 0.000446
3.563000 2.475000 0.000444
3.638000 2.475000 0.000442
3.713000 2.475000 0.000441
3.788000 2.475000 0.000440
3.863000 2.475000 0.000000
-0.037500 2.625000 0.000000
0.037500 2.625000 0.000335
0.112500 2.625000 0.000336
0.187500 2.625000 0.000337
0.262500 2.625000 0.000339
0.337500 2.625000 0.000341
0.412500 2.625000 0.000344
0.487500 2.625000 0.000348
0.562500 2.625000 0.000352
0.637500 2.625000 0.000356
0.712500 2.625000 0.000360
0.787500 2.625000 0.000365
0.862500 2.625000 0.000370
0.937500 2.625000 0.000375
1.012000 2.625000 0.000380
1.087000 2.625000 0.000385
1.163000 2.625000 0.000389
1.238000 2.625000 0.000394
1.313000 2.625000 0.000398
1.388000 2.625000 0.000401
1.463000 2.625000 0.000404
1.538000 2.625000 0.000407
1.613000 2.625000 0.000410
1.688000 2.625000 0.000411
1.763000 2.625000 0.000412
1.838000 2.625000 0.000413
1.913000 2.625000 0.000413
1.988000 2.625000 0.000412
2.063000 2.625000 0.000411
2.138000 2.625000 0.000409
2.213000 2.625000 0.000407
2.288000 2.625000 0.000404
2.363000 2.625000 0.000401
2.438000 2.625000 0.000397
2.513000 2.625000 0.000393
2.588000 2.625000 0.000389
2.663000 2.625000 0.000385
2.738000 2.625000 0.000381
2.813000 2.625000 0.000376
2.888000 2.625000 0.000372
2.963000 2.625000 0.000368
3.038000 2.625000 0.000363
3.113000 2.625000 0.000359
3.188000 2.625000 0.000356
3.263000 2.625000 0.000352
3.338000 2.625000 0.000349
3.413000 2.625000 0.000347
3.488000 2.625000 0.000345
3.563000 2.625000 0.000343
3.638000 2.625000 0.000342
3.713000 2.625000 0.000341
3.788000 2.625000 0.000341
3.863000 2.625000 0.000000
-0.037500 2.775000 0.000000
0.037500 2.775000 0.000267
0.112500 2.775000 0.000268
0.187500 2.775000 0.000269
0.262500 2.775000 0.000270
0.337500 2.775000 0.000272
0.412500 2.775000 0.000275
0.487500 2.775000 0.000277
0.562500 2.775000 0.000280
0.637500 2.775000 0.000283
0.712500 2.775000 0.000287
0.787500 2.775000 0.000290
0.862500 2.775000 0.000294
0.937500 2.775000 0.000298
1.012000 2.775000 0.000301
1.087000 2.775000 0.000305
1.163000 2.775000 0.000308
1.238000 2.775000 0.000311
1.313000 2.775000 0.000314
1.388000 2.775000 0.000317
1.463000 2.775000 0.000319
1.538000 2.775000 0.000322
1.613000 2.775000 0.000323
1.688000 2.775000 0.000324
1.763000 2.775000 0.000325
1.838000 2.775000 0.000326
1.913000 2.775000 0.000325
1.988000 2.775000 0.000325
2.063000 2.775000 0.000324
2.138000 2.775000 0.000323
2.213000 2.775000 0.000321
2.288000 2.775000 0.000319
2.363000 2.775000 0.000316
2.438000 2.775000 0.000314
2.513000 2.775000 0.000311
2.588000 2.775000 0.000308
2.663000 2.775000 0.000305
2.738000 2.775000 0.000301
2.813000 2.775000 0.000298
2.888000 2.775000 0.000295
2.963000 2.775000 0.000291
3.038000 2.775000 0.000288
3.113000 2.775000 0.000285
3.188000 2.775000 0.000283
3.263000 2.775000 0.000280
3.338000 2.775000 0.000278
3.413000 2.775000 0.000276
3.488000 2.775000 0.000275
3.563000 2.775000 0.000273
3.638000 2.775000 0.000273
3.713000 2.775000 0.000272
3.788000 2.775000 0.000272
3.863000 2.775000 0.000000
-0.037500 2.925000 0.000000
0.037500 2.925000 0.000181
0.112500 2.925000 0.000181
0.187500 2.925000 0.000182
0.262500 2.925000 0.000183
0.337500 2.925000 0.000184
0.412500 2.925000 0.000185
0.487500 2.925000 0.000187
0.562500 2.925000 0.000189
0.637500 2.925000 0.000191
0.712500 2.925000 0.000193
0.787500 2.925000 0.000196
0.862500 2.925000 0.000198
0.937500 2.925000 0.000200
1.012000 2.925000 0.000203
1.087000 2.925000 0.000205
1.163000 2.925000 0.000207
1.238000 2.925000 0.000209
1.313000 2.925000 0.000211
1.388000 2.925000 0.000213
1.463000 2.925000 0.000215
1.538000 2.925000 0.000216
1.613000 2.925000 0.000217
1.688000 2.925000 0.000218
1.763000 2.925000 0.000219
1.838000 2.925000 0.000219
1.913000 2.925000 0.000219
1.988000 2.925000 0.000218
2.063000 2.925000 0.000218
2.138000 2.925000 0.000217
2.213000 2.925000 0.000216
2.288000 2.925000 0.000214
2.363000 2.925000 0.000213
2.438000 2.925000 0.000211
2.513000 2.925000 0.000209
2.588000 2.925000 0.000207
2.663000 2.925000 0.000205
2.738000 2.925000 0.000203
2.813000 2.925000 0.000201
2.888000 2.925000 0.000199
2.963000 2.925000 0.000196
3.038000 2.925000 0.000194
3.113000 2.925000 0.000192
3.188000 2.925000 0.000191
3.263000 2.925000 0.000189
3.338000 2.925000 0.000188
3.413000 2.925000 0.000187
3.488000 2.925000 0.000186
3.563000 2.925000 0.000185
3.638000 2.925000 0.000184
3.713000 2.925000 0.000184
3.788000 2.925000 0.000184
3.863000 2.925000 0.000000
-0.037500 3.075000 0.000000
0.037500 3.075000 0.000104
0.112500 3.075000 0.000104
0.187500 3.075000 0.000105
0.262500 3.075000 0.000105
0.337500 3.075000 0.000106
0.412500 3.075000 0.000107
0.487500 3.075000 0.000108
0.562500 3.075000 0.000109
0.637500 3.075000 0.000110
0.712500 3.075000 0.000111
0.787500 3.075000 0.000112
0.862500 3.075000 0.000114
0.937500 3.075000 0.000115
1.012000 3.075000 0.000116
1.087000 3.075000 0.000118
1.163000 3.075000 0.000119
1.238000 3.075000 0.000120
1.313000 3.075000 0.000121
1.388000 3.075000 0.000122
1.463000 3.075000 0.000123
1.538000 3.075000 0.000124
1.613000 3.075000 0.000124
1.688000 3.075000 0.000125
1.763000 3.075000 0.000125
1.838000 3.075000 0.000125
1.913000 3.075000 0.000125
1.988000 3.075000 0.000125
2.063000 3.075000 0.000125
2.138000 3.075000 0.000124
2.213000 3.075000 0.000124
2.288000 3.075000 0.000123
2.363000 3.075000 0.000122
2.438000 3.075000 0.000121
2.513000 3.075000 0.000120
2.588000 3.075000 0.000119
2.663000 3.075000 0.000118
2.738000 3.075000 0.000116
2.813000 3.075000 0.000115
2.888000 3.075000 0.000114
2.963000 3.075000 0.000113
3.038000 3.075000 0.000112
3.113000 3.075000 0.000111
3.188000 3.075000 0.000110
3.263000 3.075000 0.000109
3.338000 3.075000 0.000108
3.413000 3.075000 0.000108
3.488000 3.075000 0.000107
3.563000 3.075000 0.000107
3.638000 3.075000 0.000106
3.713000 3.075000 0.000106
3.788000 3.075000 0.000106
3.863000 3.075000 0.000000
-0.037500 3.225000 0.000000
0.037500 3.225000 0.000059
0.112500 3.225000 0.000060
0.187500 3.225000 0.000060
0.262500 3.225000 0.000060
0.337500 3.225000 0.000060
0.412500 3.225000 0.000061
0.487500 3.225000 0.000061
0.562500 3.225000 0.000062
0.637500 3.225000 0.000063
0.712500 3.225000 0.000063
0.787500 3.225000 0.000064
0.862500 3.225000 0.000065
0.937500 3.225000 0.000065
1.012000 3.225000 0.000066
1.087000 3.225000 0.000067
1.163000 3.225000 0.000068
1.238000 3.225000 0.000068
1.313000 3.225000 0.000069
1.388000 3.225000 0.000069
1.463000 3.225000 0.000070
1.538000 3.225000 0.000070
1.613000 3.225000 0.000071
1.688000 3.225000 0.000071
1.763000 3.225000 0.000071
1.838000 3.225000 0.000071
1.913000 3.225000 0.000071
1.988000 3.225000 0.000071
2.063000 3.225000 0.000071
2.138000 3.225000 0.000071
2.213000 3.225000 0.000070
2.288000 3.225000 0.000070
2.363000 3.225000 0.000069
2.438000 3.225000 0.000069
2.513000 3.225000 0.000068
2.588000 3.225000 0.000068
2.663000 3.225000 0.000067
2.738000 3.225000 0.000066
2.813000 3.225000 0.000066
2.888000 3.225000 0.000065
2.963000 3.225000 0.000064
3.038000 3.225000 0.000064
3.113000 3.225000 0.000063
3.188000 3.225000 0.000063
3.263000 3.225000 0.000062
3.338000 3.225000 0.000062
3.413000 3.225000 0.000061
3.488000 3.225000 0.000061
3.563000 3.225000 0.000061
3.638000 3.225000 0.000061
3.713000 3.225000 0.000061
3.788000 3.225000 0.000061
3.863000 3.225000 0.000000
-0.037500 3.375000 0.000000
0.037500 3.375000 0.000034
0.112500 3.375000 0.000034
0.187500 3.375000 0.000034
0.262500 3.375000 0.000034
0.337500 3.375000 0.000034
0.412500 3.375000 0.000034
0.487500 3.375000 0.000035
0.562500 3.375000 0.000035
0.637500 3.375000 0.000035
0.712500 3.375000 0.000036
0.787500 3.375000 0.000036
0.862500 3.375000 0.000036
0.937500 3.375000 0.000037
1.012000 3.375000 0.000037
1.087000 3.375000 0.000038
1.163000 3.375000 0.000038
1.238000 3.375000 0.000038
1.313000 3.375000 0.000039
1.388000 3.375000 0.000039
1.463000 3.375000 0.000039
1.538000 3.375000 0.000039
1.613000 3.375000 0.000040
1.688000 3.375000 0.000040
1.763000 3.375000 0.000040
1.838000 3.375000 0.000040
1.913000 3.375000 0.000040
1.988000 3.375000 0.000040
2.063000 3.375000 0.000040
2.138000 3.375000 0.000040
2.213000 3.375000 0.000039
2.288000 3.375000 0.000039
2.363000 3.375000 0.000039
2.438000 3.375000 0.000039
2.513000 3.375000 0.000038
2.588000 3.375000 0.000038
2.663000 3.375000 0.000038
2.738000 3.375000 0.000037
2.813000 3.375000 0.000037
2.888000 3.375000 0.000037
2.963000 3.375000 0.000036
3.038000 3.375000 0.000036
3.113000 3.375000 0.000036
3.188000 3.375000 0.000035
3.263000 3.375000 0.000035
3.338000 3.375000 0.000035
3.413000 3.375000 0.000035
3.488000 3.375000 0.000035
3.563000 3.375000 0.000034
3.638000 3.375000 0.000034
3.713000 3.375000 0.000034
3.788000 3.375000 0.000034
3.863000 3.375000 0.000000
-0.037500 3.525000 0.000000
0.037500 3.525000 0.000019
0.112500 3.525000 0.000019
0.187500 3.525000 0.000019
0.262500 3.525000 0.000019
0.337500 3.525000 0.000019
0.412500 3.525000 0.000019
0.487500 3.525000 0.000019
0.562500 3.525000 0.000019
0.637500 3.525000 0.000020
0.712500 3.525000 0.000020
0.787500 3.525000 0.000020
0.862500 3.525000 0.000020
0.937500 3.525000 0.000020
1.012000 3.525000 0.000021
1.087000 3.525000 0.000021
1.163000 3.525000 0.000021
1.238000 3.525000 0.000021
1.313000 3.525000 0.000021
1.388000 3.525000 0.000022
1.463000 3.525000 0.000022
1.538000 3.525000 0.000022
1.613000 3.525000 0.000022
1.688000 3.525000 0.000022
1.763000 3.525000 0.000022
1.838000 3.525000 0.000022
1.913000 3.525000 0.000022
1.988000 3.525000 0.000022
2.063000 3.525000 0.000022
2.138000 3.525000 0.000022
2.213000 3.525000 0.000022
2.288000 3.525000 0.000022
2.363000 3.525000 0.000022
2.438000 3.525000 0.000022
2.513000 3.525000 0.000021
2.588000 3.525000 0.000021
2.663000 3.525000 0.000021
2.738000 3.525000 0.000021
2.813000 3.525000 0.000021
2.888000 3.525000 0.000020
2.963000 3.525000 0.000020
3.038000 3.525000 0.000020
3.113000 3.525000 0.000020
3.188000 3.525000 0.000020
3.263000 3.525000 0.000020
3.338000 3.525000 0.000020
3.413000 3.525000 0.000019
3.488000 3.525000 0.000019
3.563000 3.525000 0.000019
3.638000 3.525000 0.000019
3.713000 3.525000 0.000019
3.788000 3.525000 0.000019
3.863000 3.525000 0.000000
-0.037500 3.675000 0.000000
0.037500 3.675000 0.000010
0.112500 3.675000 0.000010
0.187500 3.675000 0.000010
0.262500 3.675000 0.000010
0.337500 3.675000 0.000010
0.412500 3.675000 0.000011
0.487500 3.675000 0.000011
0.562500 3.675000 0.000011
0.637500 3.675000 0.000011
0.712500 3.675000 0.000011
0.787500 3.675000 0.000011
0.862500 3.675000 0.000011
0.937500 3.675000 0.000011
1.012000 3.675000 0.000011
1.087000 3.675000 0.000011
1.163000 3.675000 0.000012
1.238000 3.675000 0.000012
1.313000 3.675000 0.000012
1.388000 3.675000 0.000012
1.463000 3.675000 0.000012
1.538000 3.675000 0.000012
1.613000 3.675000 0.000012
1.688000 3.675000 0.000012
1.763000 3.675000 0.000012
1.838000 3.675000 0.000012
1.913000 3.675000 0.000012
1.988000 3.675000 0.000012
2.063000 3.675000 0.000012
2.138000 3.675000 0.000012
2.213000 3.675000 0.000012
2.288000 3.675000 0.000012
2.363000 3.675000 0.000012
2.438000 3.675000 0.000012
2.513000 3.675000 0.000012
2.588000 3.675000 0.000012
2.663000 3.675000 0.000012
2.738000 3.675000 0.000011
2.813000 3.675000 0.000011
2.888000 3.675000 0.000011
2.963000 3.675000 0.000011
3.038000 3.675000 0.000011
3.113000 3.675000 0.000011
3.188000 3.675000 0.000011
3.263000 3.675000 0.000011
3.338000 3.675000 0.000011
3.413000 3.675000 0.000011
3.488000 3.675000 0.000011
3.563000 3.675000 0.000011
3.638000 3.675000 0.000011
3.713000 3.675000 0.000011
3.788000 3.675000 0.000011
3.863000 3.675000 0.000000
-0.037500 3.825000 0.000000
0.037500 3.825000 0.000006
0.112500 3.825000 0.000006
0.187500 3.825000 0.000006
0.262500 3.825000 0.000006
0.337500 3.825000 0.000006
0.412500 3.825000 0.000006
0.487500 3.825000 0.000006
0.562500 3.825000 0.000006
0.637500 3.825000 0.000006
0.712500 3.825000 0.000006
0.787500 3.825000 0.000006
0.862500 3.825000 0.000006
0.937500 3.825000 0.000006
1.012000 3.825000 0.000006
1.087000 3.825000 0.000006
1.163000 3.825000 0.000006
1.238000 3.825000 0.000006
1.313000 3.825000 0.000006
1.388000 3.825000 0.000006
1.463000 3.825000 0.000006
1.538000 3.825000 0.000007
1.613000 3.825000 0.000007
1.688000 3.825000 0.000007
1.763000 3.825000 0.000007
1.838000 3.825000 0.000007
1.913000 3.825000 0.000007
1.988000 3.825000 0.000007
2.063000 3.825000 0.000007
2.138000 3.825000 0.000007
2.213000 3.825000 0.000007
2.288000 3.825000 0.000006
2.363000 3.825000 0.000006
2.438000 3.825000 0.000006
2.513000 3.825000 0.000006
2.588000 3.825000 0.000006
2.663000 3.825000 0.000006
2.738000 3.825000 0.000006
2.813000 3.825000 0.000006
2.888000 3.825000 0.000006
2.963000 3.825000 0.000006
3.038000 3.825000 0.000006
3.113000 3.825000 0.000006
3.188000 3.825000 0.000006
3.263000 3.825000 0.000006
3.338000 3.825000 0.000006
3.413000 3.825000 0.000006
3.488000 3.825000 0.000006
3.563000 3.825000 0.000006
3.638000 3.825000 0.000006
3.713000 3.825000 0.000006
3.788000 3.825000 0.000006
3.863000 3.825000 0.000000
-0.037500 3.975000 0.000000
0.037500 3.975000 0.000003
0.112500 3.975000 0.000003
0.187500 3.975000 0.000003
0.262500 3.975000 0.000003
0.337500 3.975000 0.000003
0.412500 3.975000 0.000003
0.487500 3.975000 0.000003
0.562500 3.975000 0.000003
0.637500 3.975000 0.000003
0.712500 3.975000 0.000003
0.787500 3.975000 0.000003
0.862500 3.975000 0.000003
0.937500 3.975000 0.000003
1.012000 3.975000 0.000003
1.087000 3.975000 0.000003
1.163000 3.975000 0.000003
1.238000 3.975000 0.000003
1.313000 3.975000 0.000003
1.388000 3.975000 0.000003
1.463000 3.975000 0.000003
1.538000 3.975000 0.000004
1.613000 3.975000 0.000004
1.688000 3.975000 0.000004
1.763000 3.975000 0.000004
1.838000 3.975000 0.000004
1.913000 3.975000 0.000004
1.988000 3.975000 0.000004
2.063000 3.975000 0.000004
2.138000 3.975000 0.000004
2.213000 3.975000 0.000004
2.288000 3.975000 0.000003
2.363000 3.975000 0.000003
2.438000 3.975000 0.000003
2.513000 3.975000 0.000003
2.588000 3.975000 0.000003
2.663000 3.975000 0.000003
2.738000 3.975000 0.000003
2.813000 3.975000 0.000003
2.888000 3.975000 0.000003
2.963000 3.975000 0.000003
3.038000 3.975000 0.000003
3.113000 3.975000 0.000003
3.188000 3.975000 0.000003
3.263000 3.975000 0.000003
3.338000 3.975000 0.000003
3.413000 3.975000 0.000003
3.488000 3.975000 0.000003
3.563000 3.975000 0.000003
3.638000 3.975000 0.000003
3.713000 3.975000 0.000003
3.788000 3.975000 0.000003
3.863000 3.975000 0.000000
-0.037500 4.125000 0.000000
0.037500 4.125000 0.000002
0.112500 4.125000 0.000002
0.187500 4.125000 0.000002
0.262500 4.125000 0.000002
0.337500 4.125000 0.000002
0.412500 4.125000 0.000002
0.487500 4.125000 0.000002
0.562500 4.125000 0.000002
0.637500 4.125000 0.000002
0.712500 4.125000 0.000002
0.787500 4.125000 0.000002
0.862500 4.125000 0.000002
0.937500 4.125000 0.000002
1.012000 4.125000 0.000002
1.087000 4.125000 0.000002
1.163000 4.125000 0.000002
1.238000 4.125000 0.000002
1.313000 4.125000 0.000002
1.388000 4.125000 0.000002
1.463000 4.125000 0.000002
1.538000 4.125000 0.000002
1.613000 4.125000 0.000002
1.688000 4.125000 0.000002
1.763000 4.125000 0.000002
1.838000 4.125000 0.000002
1.913000 4.125000 0.000002
1.988000 4.125000 0.000002
2.063000 4.125000 0.000002
2.138000 4.125000 0.000002
2.213000 4.125000 0.000002
2.288000 4.125000 0.000002
2.363000 4.125000 0.000002
2.438000 4.125000 0.000002
2.513000 4.125000 0.000002
2.588000 4.125000 0.000002
2.663000 4.125000 0.000002
2.738000 4.125000 0.000002
2.813000 4.125000 0.000002
2.888000 4.125000 0.000002
2.963000 4.125000 0.000002
3.038000 4.125000 0.000002
3.113000 4.125000 0.000002
3.188000 4.125000 0.000002
3.263000 4.125000 0.000002
3.338000 4.125000 0.000002
3.413000 4.125000 0.000002
3.488000 4.125000 0.000002
3.563000 4.125000 0.000002
3.638000 4.125000 0.000002
3.713000 4.125000 0.000002
3.788000 4.125000 0.000002
3.863000 4.125000 0.000000
-0.037500 4.275000 0.000000
0.037500 4.275000 0.000001
0.112500 4.275000 0.000001
0.187500 4.275000 0.000001
0.262500 4.275000 0.000001
0.337500 4.275000 0.000001
0.412500 4.275000 0.000001
0.487500 4.275000 0.000001
0.562500 4.275000 0.000001
0.637500 4.275000 0.000001
0.712500 4.275000 0.000001
0.787500 4.275000 0.000001
0.862500 4.275000 0.000001
0.937500 4.275000 0.000001
1.012000 4.275000 0.000001
1.087000 4.275000 0.000001
1.163000 4.275000 0.000001
1.238000 4.275000 0.000001
1.313000 4.275000 0.000001
1.388000 4.275000 0.000001
1.463000 4.275000 0.000001
1.538000 4.275000 0.000001
1.613000 4.275000 0.000001
1.688000 4.275000 0.000001
1.763000 4.275000 0.000001
1.838000 4.275000 0.000001
1.913000 4.275000 0.000001
1.988000 4.275000 0.000001
2.063000 4.275000 0.000001
2.138000 4.275000 0.000001
2.213000 4.275000 0.000001
2.288000 4.275000 0.000001
2.363000 4.275000 0.000001
2.438000 4.275000 0.000001
2.513000 4.275000 0.000001
2.588000 4.275000 0.000001
2.663000 4.275000 0.000001
2.738000 4.275000 0.000001
2.813000 4.275000 0.000001
2.888000 4.275000 0.000001
2.963000 4.275000 0.000001
3.038000 4.275000 0.000001
3.113000 4.275000 0.000001
3.188000 4.275000 0.000001
3.263000 4.275000 0.000001
3.338000 4.275000 0.000001
3.413000 4.275000 0.000001
3.488000 4.275000 0.000001
3.563000 4.275000 0.000001
3.638000 4.275000 0.000001
3.713000 4.275000 0.000001
3.788000 4.275000 0.000001
3.863000 4.275000 0.000000
-0.037500 4.425000 0.000000
0.037500 4.425000 0.000000
0.112500 4.425000 0.000000
0.187500 4.425000 0.000000
0.262500 4.425000 0.000000
0.337500 4.425000 0.000000
0.412500 4.425000 0.000000
0.487500 4.425000 0.000000
0.562500 4.425000 0.000000
0.637500 4.425000 0.000000
0.712500 4.425000 0.000000
0.787500 4.425000 0.000000
0.862500 4.425000 0.000000
0.937500 4.425000 0.000000
1.012000 4.425000 0.000000
1.087000 4.425000 0.000000
1.163000 4.425000 0.000000
1.238000 4.425000 0.000000
1.313000 4.425000 0.000000
1.388000 4.425000 0.000000
1.463000 4.425000 0.000001
1.538000 4.425000 0.000001
1.613000 4.425000 0.000001
1.688000 4.425000 0.000001
1.763000 4.425000 0.000001
1.838000 4.425000 0.000001
1.913000 4.425000 0.000001
1.988000 4.425000 0.000001
2.063000 4.425000 0.000001
2.138000 4.425000 0.000001
2.213000 4.425000 0.000001
2.288000 4.425000 0.000001
2.363000 4.425000 0.000001
2.438000 4.425000 0.000001
2.513000 4.425000 0.000000
2.588000 4.425000 0.000000
2.663000 4.425000 0.000000
2.738000 4.425000 0.000000
2.813000 4.425000 0.000000
2.888000 4.425000 0.000000
2.963000 4.425000 0.000000
3.038000 4.425000 0.000000
3.113000 4.425000 0.000000
3.188000 4.425000 0.000000
3.263000 4.425000 0.000000
3.338000 4.425000 0.000000
3.413000 4.425000 0.000000
3.488000 4.425000 0.000000
3.563000 4.425000 0.000000
3.638000 4.425000 0.000000
3.713000 4.425000 0.000000
3.788000 4.425000 0.000000
3.863000 4.425000 0.000000
-0.037500 4.575000 0.000000
0.037500 4.575000 0.000000
0.112500 4.575000 0.000000
0.187500 4.575000 0.000000
0.262500 4.575000 0.000000
0.337500 4.575000 0.000000
0.412500 4.575000 0.000000
0.487500 4.575000 0.000000
0.562500 4.575000 0.000000
0.637500 4.575000 0.000000
0.712500 4.575000 0.000000
0.787500 4.575000 0.000000
0.862500 4.575000 0.000000
0.937500 4.575000 0.000000
1.012000 4.575000 0.000000
1.087000 4.575000 0.000000
1.163000 4.575000 0.000000
1.238000 4.575000 0.000000
1.313000 4.575000 0.000000
1.388000 4.575000 0.000000
1.463000 4.575000 0.000000
1.538000 4.575000 0.000000
1.613000 4.575000 0.000000
1.688000 4.575000 0.000000
1.763000 4.575000 0.000000
1.838000 4.575000 0.000000
1.913000 4.575000 0.000000
1.988000 4.575000 0.000000
2.063000 4.575000 0.000000
2.138000 4.575000 0.000000
2.213000 4.575000 0.000000
2.288000 4.575000 0.000000
2.363000 4.575000 0.000000
2.438000 4.575000 0.000000
2.513000 4.575000 0.000000
2.588000 4.575000 0.000000
2.663000 4.575000 0.000000
2.738000 4.575000 0.000000
2.813000 4.575000 0.000000
2.888000 4.575000 0.000000
2.963000 4.575000 0.000000
3.038000 4.575000 0.000000
3.113000 4.575000 0.000000
3.188000 4.575000 0.000000
3.263000 4.575000 0.000000
3.338000 4.575000 0.000000
3.413000 4.575000 0.000000
3.488000 4.575000 0.000000
3.563000 4.575000 0.000000
3.638000 4.575000 0.000000
3.713000 4.575000 0.000000
3.788000 4.575000 0.000000
3.863000 4.575000 0.000000
-0.037500 4.725000 0.000000
0.037500 4.725000 0.000000
0.112500 4.725000 0.000000
0.187500 4.725000 0.000000
0.262500 4.725000 0.000000
0.337500 4.725000 0.000000
0.412500 4.725000 0.000000
0.487500 4.725000 0.000000
0.562500 4.725000 0.000000
0.637500 4.725000 0.000000
0.712500 4.725000 0.000000
0.787500 4.725000 0.000000
0.862500 4.725000 0.000000
0.937500 4.725000 0.000000
1.012000 4.725000 0.000000
1.087000 4.725000 0.000000
1.163000 4.725000 0.000000
1.238000 4.725000 0.000000
1.313000 4.725000 0.000000
1.388000 4.725000 0.000000
1.463000 4.725000 0.000000
1.538000 4.725000 0.000000
1.613000 4.725000 0.000000
1.688000 4.725000 0.000000
1.763000 4.725000 0.000000
1.838000 4.725000 0.000000
1.913000 4.725000 0.000000
1.988000 4.725000 0.000000
2.063000 4.725000 0.000000
2.138000 4.725000 0.000000
2.213000 4.725000 0.000000
2.288000 4.725000 0.000000
2.363000 4.725000 0.000000
2.438000 4.725000 0.000000
2.513000 4.725000 0.000000
2.588000 4.725000 0.000000
2.663000 4.725000 0.000000
2.738000 4.725000 0.000000
2.813000 4.725000 0.000000
2.888000 4.725000 0.000000
2.963000 4.725000 0.000000
3.038000 4.725000 0.000000
3.113000 4.725000 0.000000
3.188000 4.725000 0.000000
3.263000 4.725000 0.000000
3.338000 4.725000 0.000000
3.413000 4.725000 0.000000
3.488000 4.725000 0.000000
3.563000 4.725000 0.000000
3.638000 4.725000 0.000000
3.713000 4.725000 0.000000
3.788000 4.725000 0.000000
3.863000 4.725000 0.000000
-0.037500 4.875000 0.000000
0.037500 4.875000 0.000000
0.112500 4.875000 0.000000
0.187500 4.875000 0.000000
0.262500 4.875000 0.000000
0.337500 4.875000 0.000000
0.412500 4.875000 0.000000
0.487500 4.875000 0.000000
0.562500 4.875000 0.000000
0.637500 4.875000 0.000000
0.712500 4.875000 0.000000
0.787500 4.875000 0.000000
0.862500 4.875000 0.000000
0.937500 4.875000 0.000000
1.012000 4.875000 0.000000
1.087000 4.875000 0.000000
1.163000 4.875000 0.000000
1.238000 4.875000 0.000000
1.313000 4.875000 0.000000
1.388000 4.875000 0.000000
1.463000 4.875000 0.000000
1.538000 4.875000 0.000000
1.613000 4.875000 0.000000
1.688000 4.875000 0.000000
1.763000 4.875000 0.000000
1.838000 4.875000 0.000000
1.913000 4.875000 0.000000
1.988000 4.875000 0.000000
2.063000 4.875000 0.000000
2.138000 4.875000 0.000000
2.213000 4.875000 0.000000
2.288000 4.875000 0.000000
2.363000 4.875000 0.000000
2.438000 4.875000 0.000000
2.513000 4.875000 0.000000
2.588000 4.875000 0.000000
2.663000 4.875000 0.000000
2.738000 4.875000 0.000000
2.813000 4.875000 0.000000
2.888000 4.875000 0.000000
2.963000 4.875000 0.000000
3.038000 4.875000 0.000000
3.113000 4.875000 0.000000
3.188000 4.875000 0.000000
3.263000 4.875000 0.000000
3.338000 4.875000 0.000000
3.413000 4.875000 0.000000
3.488000 4.875000 0.000000
3.563000 4.875000 0.000000
3.638000 4.875000 0.000000
3.713000 4.875000 0.000000
3.788000 4.875000 0.000000
3.863000 4.875000 0.000000
-0.037500 5.025000 0.000000
0.037500 5.025000 0.000000
0.112500 5.025000 0.000000
0.187500 5.025000 0.000000
0.262500 5.025000 0.000000
0.337500 5.025000 0.000000
0.412500 5.025000 0.000000
0.487500 5.025000 0.000000
0.562500 5.025000 0.000000
0.637500 5.025000 0.000000
0.712500 5.025000 0.000000
0.787500 5.025000 0.000000
0.862500 5.025000 0.000000
0.937500 5.025000 0.000000
1.012000 5.025000 0.000000
1.087000 5.025000 0.000000
1.163000 5.025000 0.000000
1.238000 5.025000 0.000000
1.313000 5.025000 0.000000
1.388000 5.025000 0.000000
1.463000 5.025000 0.000000
1.538000 5.025000 0.000000
1.613000 5.025000 0.000000
1.688000 5.025000 0.000000
1.763000 5.025000 0.000000
1.838000 5.025000 0.000000
1.913000 5.025000 0.000000
1.988000 5.025000 0.000000
2.063000 5.025000 0.000000
2.138000 5.025000 0.000000
2.213000 5.025000 0.000000
2.288000 5.025000 0.000000
2.363000 5.025000 0.000000
2.438000 5.025000 0.000000
2.513000 5.025000 0.000000
2.588000 5.025000 0.000000
2.663000 5.025000 0.000000
2.738000 5.025000 0.000000
2.813000 5.025000 0.000000
2.888000 5.025000 0.000000
2.963000 5.025000 0.000000
3.038000 5.025000 0.000000
3.113000 5.025000 0.000000
3.188000 5.025000 0.000000
3.263000 5.025000 0.000000
3.338000 5.025000 0.000000
3.413000 5.025000 0.000000
3.488000 5.025000 0.000000
3.563000 5.025000 0.000000
3.638000 5.025000 0.000000
3.713000 5.025000 0.000000
3.788000 5.025000 0.000000
3.863000 5.025000 0.000000
-0.037500 5.175000 0.000000
0.037500 5.175000 0.000000
0.112500 5.175000 0.000000
0.187500 5.175000 0.000000
0.262500 5.175000 0.000000
0.337500 5.175000 0.000000
0.412500 5.175000 0.000000
0.487500 5.175000 0.000000
0.562500 5.175000 0.000000
0.637500 5.175000 0.000000
0.712500 5.175000 0.000000
0.787500 5.175000 0.000000
0.862500 5.175000 0.000000
0.937500 5.175000 0.000000
1.012000 5.175000 0.000000
1.087000 5.175000 0.000000
1.163000 5.175000 0.000000
1.238000 5.175000 0.000000
1.313000 5.175000 0.000000
1.388000 5.175000 0.000000
1.463000 5.175000 0.000000
1.538000 5.175000 0.000000
1.613000 5.175000 0.000000
1.688000 5.175000 0.000000
1.763000 5.175000 0.000000
1.838000 5.175000 0.000000
1.913000 5.175000 0.000000
1.988000 5.175000 0.000000
2.063000 5.175000 0.000000
2.138000 5.175000 0.000000
2.213000 5.175000 0.000000
2.288000 5.175000 0.000000
2.363000 5.175000 0.000000
2.438000 5.175000 0.000000
2.513000 5.175000 0.000000
2.588000 5.175000 0.000000
2.663000 5.175000 0.000000
2.738000 5.175000 0.000000
2.813000 5.175000 0.000000
2.888000 5.175000 0.000000
2.963000 5.175000 0.000000
3.038000 5.175000 0.000000
3.113000 5.175000 0.000000
3.188000 5.175000 0.000000
3.263000 5.175000 0.000000
3.338000 5.175000 0.000000
3.413000 5.175000 0.000000
3.488000 5.175000 0.000000
3.563000 5.175000 0.000000
3.638000 5.175000 0.000000
3.713000 5.175000 0.000000
3.788000 5.175000 0.000000
3.863000 5.175000 0.000000
