-0.037500 -0.075000 0.000000
0.037500 -0.075000 0.000000
0.112500 -0.075000 0.000000
0.187500 -0.075000 0.000000
0.262500 -0.075000 0.000000
0.337500 -0.075000 0.000000
0.412500 -0.075000 0.000000
0.487500 -0.075000 0.000000
0.562500 -0.075000 0.000000
0.637500 -0.075000 0.000000
0.712500 -0.075000 0.000000
0.787500 -0.075000 0.000000
0.862500 -0.075000 0.000000
0.937500 -0.075000 0.000000
1.012000 -0.075000 0.000000
1.087000 -0.075000 0.000000
1.163000 -0.075000 0.000000
1.238000 -0.075000 0.000000
1.313000 -0.075000 0.000000
1.388000 -0.075000 0.000000
1.463000 -0.075000 0.000000
1.538000 -0.075000 0.000000
1.613000 -0.075000 0.000000
1.688000 -0.075000 0.000000
1.763000 -0.075000 0.000000
1.838000 -0.075000 0.000000
1.913000 -0.075000 0.000000
1.988000 -0.075000 0.000000
2.063000 -0.075000 0.000000
2.138000 -0.075000 0.000000
2.213000 -0.075000 0.000000
2.288000 -0.075000 0.000000
2.363000 -0.075000 0.000000
2.438000 -0.075000 0.000000
2.513000 -0.075000 0.000000
2.588000 -0.075000 0.000000
2.663000 -0.075000 0.000000
2.738000 -0.075000 0.000000
2.813000 -0.075000 0.000000
2.888000 -0.075000 0.000000
2.963000 -0.075000 0.000000
3.038000 -0.075000 0.000000
3.113000 -0.075000 0.000000
3.188000 -0.075000 0.000000
3.263000 -0.075000 0.000000
3.338000 -0.075000 0.000000
3.413000 -0.075000 0.000000
3.488000 -0.075000 0.000000
3.563000 -0.075000 0.000000
3.638000 -0.075000 0.000000
3.713000 -0.075000 0.000000
3.788000 -0.075000 0.000000
3.863000 -0.075000 0.000000
-0.037500 0.075000 0.000000
0.037500 0.075000 0.019970
0.112500 0.075000 0.039940
0.187500 0.075000 0.059920
0.262500 0.075000 0.079880
0.337500 0.075000 0.099840
0.412500 0.075000 0.119800
0.487500 0.075000 0.139700
0.562500 0.075000 0.159600
0.637500 0.075000 0.179400
0.712500 0.075000 0.199100
0.787500 0.075000 0.218700
0.862500 0.075000 0.238000
0.937500 0.075000 0.257200
1.012000 0.075000 0.276000
1.087000 0.075000 0.294300
1.163000 0.075000 0.312100
1.238000 0.075000 0.329200
1.313000 0.075000 0.345400
1.388000 0.075000 0.360500
1.463000 0.075000 0.374400
1.538000 0.075000 0.386800
1.613000 0.075000 0.397400
1.688000 0.075000 0.406200
1.763000 0.075000 0.412800
1.838000 0.075000 0.417300
1.913000 0.075000 0.419400
1.988000 0.075000 0.419200
2.063000 0.075000 0.416900
2.138000 0.075000 0.412400
2.213000 0.075000 0.406100
2.288000 0.075000 0.398200
2.363000 0.075000 0.389000
2.438000 0.075000 0.378800
2.513000 0.075000 0.367900
2.588000 0.075000 0.356400
2.663000 0.075000 0.344700
2.738000 0.075000 0.332800
2.813000 0.075000 0.320900
2.888000 0.075000 0.309200
2.963000 0.075000 0.297800
3.038000 0.075000 0.286700
3.113000 0.075000 0.275900
3.188000 0.075000 0.265500
3.263000 0.075000 0.255500
3.338000 0.075000 0.245800
3.413000 0.075000 0.236700
3.488000 0.075000 0.227900
3.563000 0.075000 0.219500
3.638000 0.075000 0.211500
3.713000 0.075000 0.203800
3.788000 0.075000 0.196600
3.863000 0.075000 0.000000
-0.037500 0.225000 0.000000
0.037500 0.225000 0.019970
0.112500 0.225000 0.039940
0.187500 0.225000 0.059920
0.262500 0.225000 0.079880
0.337500 0.225000 0.099840
0.412500 0.225000 0.119800
0.487500 0.225000 0.139700
0.562500 0.225000 0.159600
0.637500 0.225000 0.179400
0.712500 0.225000 0.199100
0.787500 0.225000 0.218700
0.862500 0.225000 0.238000
0.937500 0.225000 0.257200
1.012000 0.225000 0.276000
1.087000 0.225000 0.294300
1.163000 0.225000 0.312100
1.238000 0.225000 0.329200
1.313000 0.225000 0.345400
1.388000 0.225000 0.360500
1.463000 0.225000 0.374400
1.538000 0.225000 0.386800
1.613000 0.225000 0.397400
1.688000 0.225000 0.406200
1.763000 0.225000 0.412800
1.838000 0.225000 0.417300
1.913000 0.225000 0.419400
1.988000 0.225000 0.419200
2.063000 0.225000 0.416900
2.138000 0.225000 0.412400
2.213000 0.225000 0.406100
2.288000 0.225000 0.398200
2.363000 0.225000 0.389000
2.438000 0.225000 0.378800
2.513000 0.225000 0.367900
2.588000 0.225000 0.356400
2.663000 0.225000 0.344700
2.738000 0.225000 0.332800
2.813000 0.225000 0.320900
2.888000 0.225000 0.309200
2.963000 0.225000 0.297800
3.038000 0.225000 0.286700
3.113000 0.225000 0.275900
3.188000 0.225000 0.265500
3.263000 0.225000 0.255500
3.338000 0.225000 0.245800
3.413000 0.225000 0.236700
3.488000 0.225000 0.227900
3.563000 0.225000 0.219500
3.638000 0.225000 0.211500
3.713000 0.225000 0.203800
3.788000 0.225000 0.196600
3.863000 0.225000 0.000000
-0.037500 0.375000 0.000000
0.037500 0.375000 0.047780
0.112500 0.375000 0.052490
0.187500 0.375000 0.059780
0.262500 0.375000 0.068640
0.337500 0.375000 0.078510
0.412500 0.375000 0.089040
0.487500 0.375000 0.099990
0.562500 0.375000 0.111200
0.637500 0.375000 0.122600
0.712500 0.375000 0.134100
0.787500 0.375000 0.145600
0.862500 0.375000 0.157000
0.937500 0.375000 0.168300
1.012000 0.375000 0.179400
1.087000 0.375000 0.190200
1.163000 0.375000 0.200700
1.238000 0.375000 0.210700
1.313000 0.375000 0.220100
1.388000 0.375000 0.228900
1.463000 0.375000 0.236900
1.538000 0.375000 0.244000
1.613000 0.375000 0.250000
1.688000 0.375000 0.255000
1.763000 0.375000 0.258700
1.838000 0.375000 0.261200
1.913000 0.375000 0.262300
1.988000 0.375000 0.262200
2.063000 0.375000 0.260800
2.138000 0.375000 0.258300
2.213000 0.375000 0.254700
2.288000 0.375000 0.250200
2.363000 0.375000 0.244900
2.438000 0.375000 0.239000
2.513000 0.375000 0.232600
2.588000 0.375000 0.225800
2.663000 0.375000 0.218800
2.738000 0.375000 0.211700
2.813000 0.375000 0.204600
2.888000 0.375000 0.197600
2.963000 0.375000 0.190600
3.038000 0.375000 0.183800
3.113000 0.375000 0.177200
3.188000 0.375000 0.170900
3.263000 0.375000 0.164800
3.338000 0.375000 0.159000
3.413000 0.375000 0.153500
3.488000 0.375000 0.148400
3.563000 0.375000 0.143700
3.638000 0.375000 0.139600
3.713000 0.375000 0.136200
3.788000 0.375000 0.134100
3.863000 0.375000 0.000000
-0.037500 0.525000 0.000000
0.037500 0.525000 0.045930
0.112500 0.525000 0.047450
0.187500 0.525000 0.050180
0.262500 0.525000 0.053860
0.337500 0.525000 0.058240
0.412500 0.525000 0.063140
0.487500 0.525000 0.068430
0.562500 0.525000 0.073990
0.637500 0.525000 0.079740
0.712500 0.525000 0.085620
0.787500 0.525000 0.091550
0.862500 0.525000 0.097500
0.937500 0.525000 0.103400
1.012000 0.525000 0.109200
1.087000 0.525000 0.114900
1.163000 0.525000 0.120300
1.238000 0.525000 0.125500
1.313000 0.525000 0.130400
1.388000 0.525000 0.134900
1.463000 0.525000 0.139000
1.538000 0.525000 0.142600
1.613000 0.525000 0.145700
1.688000 0.525000 0.148200
1.763000 0.525000 0.150000
1.838000 0.525000 0.151200
1.913000 0.525000 0.151800
1.988000 0.525000 0.151700
2.063000 0.525000 0.151000
2.138000 0.525000 0.149600
2.213000 0.525000 0.147800
2.288000 0.525000 0.145400
2.363000 0.525000 0.142700
2.438000 0.525000 0.139600
2.513000 0.525000 0.136200
2.588000 0.525000 0.132700
2.663000 0.525000 0.128900
2.738000 0.525000 0.125100
2.813000 0.525000 0.121300
2.888000 0.525000 0.117500
2.963000 0.525000 0.113700
3.038000 0.525000 0.110000
3.113000 0.525000 0.106400
3.188000 0.525000 0.103000
3.263000 0.525000 0.099710
3.338000 0.525000 0.096620
3.413000 0.525000 0.093760
3.488000 0.525000 0.091160
3.563000 0.525000 0.088870
3.638000 0.525000 0.086980
3.713000 0.525000 0.085600
3.788000 0.525000 0.084850
3.863000 0.525000 0.000000
-0.037500 0.675000 0.000000
0.037500 0.675000 0.042110
0.112500 0.675000 0.042680
0.187500 0.675000 0.043790
0.262500 0.675000 0.045380
0.337500 0.675000 0.047380
0.412500 0.675000 0.049710
0.487500 0.675000 0.052320
0.562500 0.675000 0.055150
0.637500 0.675000 0.058140
0.712500 0.675000 0.061250
0.787500 0.675000 0.064430
0.862500 0.675000 0.067640
0.937500 0.675000 0.070850
1.012000 0.675000 0.074010
1.087000 0.675000 0.077100
1.163000 0.675000 0.080070
1.238000 0.675000 0.082900
1.313000 0.675000 0.085540
1.388000 0.675000 0.087960
1.463000 0.675000 0.090150
1.538000 0.675000 0.092050
1.613000 0.675000 0.093660
1.688000 0.675000 0.094940
1.763000 0.675000 0.095890
1.838000 0.675000 0.096500
1.913000 0.675000 0.096750
1.988000 0.675000 0.096670
2.063000 0.675000 0.096250
2.138000 0.675000 0.095510
2.213000 0.675000 0.094480
2.288000 0.675000 0.093190
2.363000 0.675000 0.091670
2.438000 0.675000 0.089950
2.513000 0.675000 0.088070
2.588000 0.675000 0.086060
2.663000 0.675000 0.083960
2.738000 0.675000 0.081800
2.813000 0.675000 0.079600
2.888000 0.675000 0.077400
2.963000 0.675000 0.075230
3.038000 0.675000 0.073100
3.113000 0.675000 0.071050
3.188000 0.675000 0.069080
3.263000 0.675000 0.067240
3.338000 0.675000 0.065520
3.413000 0.675000 0.063970
3.488000 0.675000 0.062610
3.563000 0.675000 0.061450
3.638000 0.675000 0.060540
3.713000 0.675000 0.059910
3.788000 0.675000 0.059580
3.863000 0.675000 0.000000
-0.037500 0.825000 0.000000
0.037500 0.825000 0.038100
0.112500 0.825000 0.038450
0.187500 0.825000 0.039150
0.262500 0.825000 0.040170
0.337500 0.825000 0.041480
0.412500 0.825000 0.043040
0.487500 0.825000 0.044810
0.562500 0.825000 0.046750
0.637500 0.825000 0.048820
0.712500 0.825000 0.051000
0.787500 0.825000 0.053240
0.862500 0.825000 0.055510
0.937500 0.825000 0.057780
1.012000 0.825000 0.060030
1.087000 0.825000 0.062230
1.163000 0.825000 0.064340
1.238000 0.825000 0.066350
1.313000 0.825000 0.068220
1.388000 0.825000 0.069940
1.463000 0.825000 0.071480
1.538000 0.825000 0.072820
1.613000 0.825000 0.073940
1.688000 0.825000 0.074830
1.763000 0.825000 0.075490
1.838000 0.825000 0.075900
1.913000 0.825000 0.076060
1.988000 0.825000 0.075980
2.063000 0.825000 0.075670
2.138000 0.825000 0.075130
2.213000 0.825000 0.074380
2.288000 0.825000 0.073450
2.363000 0.825000 0.072350
2.438000 0.825000 0.071100
2.513000 0.825000 0.069730
2.588000 0.825000 0.068270
2.663000 0.825000 0.066730
2.738000 0.825000 0.065150
2.813000 0.825000 0.063530
2.888000 0.825000 0.061920
2.963000 0.825000 0.060320
3.038000 0.825000 0.058760
3.113000 0.825000 0.057250
3.188000 0.825000 0.055820
3.263000 0.825000 0.054480
3.338000 0.825000 0.053250
3.413000 0.825000 0.052150
3.488000 0.825000 0.051200
3.563000 0.825000 0.050410
3.638000 0.825000 0.049790
3.713000 0.825000 0.049370
3.788000 0.825000 0.049150
3.863000 0.825000 0.000000
-0.037500 0.975000 0.000000
0.037500 0.975000 0.033590
0.112500 0.975000 0.033840
0.187500 0.975000 0.034310
0.262500 0.975000 0.035020
0.337500 0.975000 0.035920
0.412500 0.975000 0.037010
0.487500 0.975000 0.038260
0.562500 0.975000 0.039630
0.637500 0.975000 0.041120
0.712500 0.975000 0.042680
0.787500 0.975000 0.044300
0.862500 0.975000 0.045940
0.937500 0.975000 0.047600
1.012000 0.975000 0.049240
1.087000 0.975000 0.050840
1.163000 0.975000 0.052380
1.238000 0.975000 0.053840
1.313000 0.975000 0.055210
1.388000 0.975000 0.056450
1.463000 0.975000 0.057570
1.538000 0.975000 0.058530
1.613000 0.975000 0.059340
1.688000 0.975000 0.059980
1.763000 0.975000 0.060450
1.838000 0.975000 0.060740
1.913000 0.975000 0.060840
1.988000 0.975000 0.060770
2.063000 0.975000 0.060530
2.138000 0.975000 0.060130
2.213000 0.975000 0.059570
2.288000 0.975000 0.058870
2.363000 0.975000 0.058050
2.438000 0.975000 0.057120
2.513000 0.975000 0.056100
2.588000 0.975000 0.055010
2.663000 0.975000 0.053860
2.738000 0.975000 0.052670
2.813000 0.975000 0.051460
2.888000 0.975000 0.050250
2.963000 0.975000 0.049050
3.038000 0.975000 0.047880
3.113000 0.975000 0.046750
3.188000 0.975000 0.045680
3.263000 0.975000 0.044690
3.338000 0.975000 0.043790
3.413000 0.975000 0.042990
3.488000 0.975000 0.042300
3.563000 0.975000 0.041740
3.638000 0.975000 0.041310
3.713000 0.975000 0.041010
3.788000 0.975000 0.040860
3.863000 0.975000 0.000000
-0.037500 1.125000 0.000000
0.037500 1.125000 0.029360
0.112500 1.125000 0.029540
0.187500 1.125000 0.029900
0.262500 1.125000 0.030420
0.337500 1.125000 0.031100
0.412500 1.125000 0.031910
0.487500 1.125000 0.032850
0.562500 1.125000 0.033890
0.637500 1.125000 0.035020
0.712500 1.125000 0.036210
0.787500 1.125000 0.037450
0.862500 1.125000 0.038710
0.937500 1.125000 0.039980
1.012000 1.125000 0.041240
1.087000 1.125000 0.042480
1.163000 1.125000 0.043660
1.238000 1.125000 0.044790
1.313000 1.125000 0.045840
1.388000 1.125000 0.046790
1.463000 1.125000 0.047650
1.538000 1.125000 0.048390
1.613000 1.125000 0.049000
1.688000 1.125000 0.049490
1.763000 1.125000 0.049840
1.838000 1.125000 0.050060
1.913000 1.125000 0.050130
1.988000 1.125000 0.050070
2.063000 1.125000 0.049880
2.138000 1.125000 0.049560
2.213000 1.125000 0.049120
2.288000 1.125000 0.048580
2.363000 1.125000 0.047930
2.438000 1.125000 0.047200
2.513000 1.125000 0.046400
2.588000 1.125000 0.045540
2.663000 1.125000 0.044640
2.738000 1.125000 0.043710
2.813000 1.125000 0.042760
2.888000 1.125000 0.041800
2.963000 1.125000 0.040860
3.038000 1.125000 0.039940
3.113000 1.125000 0.039060
3.188000 1.125000 0.038230
3.263000 1.125000 0.037450
3.338000 1.125000 0.036750
3.413000 1.125000 0.036140
3.488000 1.125000 0.035610
3.563000 1.125000 0.035190
3.638000 1.125000 0.034860
3.713000 1.125000 0.034640
3.788000 1.125000 0.034530
3.863000 1.125000 0.000000
-0.037500 1.275000 0.000000
0.037500 1.275000 0.021990
0.112500 1.275000 0.022110
0.187500 1.275000 0.022350
0.262500 1.275000 0.022710
0.337500 1.275000 0.023170
0.412500 1.275000 0.023730
0.487500 1.275000 0.024370
0.562500 1.275000 0.025080
0.637500 1.275000 0.025850
0.712500 1.275000 0.026670
0.787500 1.275000 0.027520
0.862500 1.275000 0.028390
0.937500 1.275000 0.029270
1.012000 1.275000 0.030130
1.087000 1.275000 0.030980
1.163000 1.275000 0.031800
1.238000 1.275000 0.032580
1.313000 1.275000 0.033300
1.388000 1.275000 0.033960
1.463000 1.275000 0.034550
1.538000 1.275000 0.035060
1.613000 1.275000 0.035480
1.688000 1.275000 0.035820
1.763000 1.275000 0.036060
1.838000 1.275000 0.036200
1.913000 1.275000 0.036250
1.988000 1.275000 0.036210
2.063000 1.275000 0.036070
2.138000 1.275000 0.035840
2.213000 1.275000 0.035540
2.288000 1.275000 0.035150
2.363000 1.275000 0.034700
2.438000 1.275000 0.034200
2.513000 1.275000 0.033640
2.588000 1.275000 0.033030
2.663000 1.275000 0.032400
2.738000 1.275000 0.031750
2.813000 1.275000 0.031080
2.888000 1.275000 0.030420
2.963000 1.275000 0.029760
3.038000 1.275000 0.029120
3.113000 1.275000 0.028500
3.188000 1.275000 0.027920
3.263000 1.275000 0.027380
3.338000 1.275000 0.026900
3.413000 1.275000 0.026470
3.488000 1.275000 0.026110
3.563000 1.275000 0.025820
3.638000 1.275000 0.025600
3.713000 1.275000 0.025450
3.788000 1.275000 0.025370
3.863000 1.275000 0.000000
-0.037500 1.425000 0.000000
0.037500 1.425000 0.014460
0.112500 1.425000 0.014540
0.187500 1.425000 0.014680
0.262500 1.425000 0.014890
0.337500 1.425000 0.015150
0.412500 1.425000 0.015480
0.487500 1.425000 0.015860
0.562500 1.425000 0.016280
0.637500 1.425000 0.016730
0.712500 1.425000 0.017210
0.787500 1.425000 0.017720
0.862500 1.425000 0.018230
0.937500 1.425000 0.018750
1.012000 1.425000 0.019270
1.087000 1.425000 0.019770
1.163000 1.425000 0.020260
1.238000 1.425000 0.020720
1.313000 1.425000 0.021150
1.388000 1.425000 0.021540
1.463000 1.425000 0.021890
1.538000 1.425000 0.022190
1.613000 1.425000 0.022440
1.688000 1.425000 0.022640
1.763000 1.425000 0.022780
1.838000 1.425000 0.022860
1.913000 1.425000 0.022890
1.988000 1.425000 0.022860
2.063000 1.425000 0.022770
2.138000 1.425000 0.022630
2.213000 1.425000 0.022450
2.288000 1.425000 0.022220
2.363000 1.425000 0.021940
2.438000 1.425000 0.021640
2.513000 1.425000 0.021300
2.588000 1.425000 0.020930
2.663000 1.425000 0.020550
2.738000 1.425000 0.020160
2.813000 1.425000 0.019750
2.888000 1.425000 0.019350
2.963000 1.425000 0.018950
3.038000 1.425000 0.018570
3.113000 1.425000 0.018190
3.188000 1.425000 0.017850
3.263000 1.425000 0.017520
3.338000 1.425000 0.017230
3.413000 1.425000 0.016980
3.488000 1.425000 0.016760
3.563000 1.425000 0.016590
3.638000 1.425000 0.016450
3.713000 1.425000 0.016360
3.788000 1.425000 0.016310
3.863000 1.425000 0.000000
-0.037500 1.575000 0.000000
0.037500 1.575000 0.009398
0.112500 1.575000 0.009440
0.187500 1.575000 0.009522
0.262500 1.575000 0.009643
0.337500 1.575000 0.009799
0.412500 1.575000 0.009990
0.487500 1.575000 0.010210
0.562500 1.575000 0.010450
0.637500 1.575000 0.010720
0.712500 1.575000 0.011010
0.787500 1.575000 0.011300
0.862500 1.575000 0.011610
0.937500 1.575000 0.011910
1.012000 1.575000 0.012220
1.087000 1.575000 0.012510
1.163000 1.575000 0.012800
1.238000 1.575000 0.013070
1.313000 1.575000 0.013330
1.388000 1.575000 0.013560
1.463000 1.575000 0.013760
1.538000 1.575000 0.013940
1.613000 1.575000 0.014090
1.688000 1.575000 0.014200
1.763000 1.575000 0.014280
1.838000 1.575000 0.014330
1.913000 1.575000 0.014340
1.988000 1.575000 0.014330
2.063000 1.575000 0.014270
2.138000 1.575000 0.014190
2.213000 1.575000 0.014080
2.288000 1.575000 0.013940
2.363000 1.575000 0.013770
2.438000 1.575000 0.013590
2.513000 1.575000 0.013380
2.588000 1.575000 0.013170
2.663000 1.575000 0.012940
2.738000 1.575000 0.012700
2.813000 1.575000 0.012460
2.888000 1.575000 0.012210
2.963000 1.575000 0.011980
3.038000 1.575000 0.011740
3.113000 1.575000 0.011520
3.188000 1.575000 0.011310
3.263000 1.575000 0.011120
3.338000 1.575000 0.010950
3.413000 1.575000 0.010790
3.488000 1.575000 0.010660
3.563000 1.575000 0.010560
3.638000 1.575000 0.010480
3.713000 1.575000 0.010420
3.788000 1.575000 0.010390
3.863000 1.575000 0.000000
-0.037500 1.725000 0.000000
0.037500 1.725000 0.006022
0.112500 1.725000 0.006045
0.187500 1.725000 0.006092
0.262500 1.725000 0.006162
0.337500 1.725000 0.006252
0.412500 1.725000 0.006362
0.487500 1.725000 0.006490
0.562500 1.725000 0.006633
0.637500 1.725000 0.006788
0.712500 1.725000 0.006954
0.787500 1.725000 0.007126
0.862500 1.725000 0.007304
0.937500 1.725000 0.007483
1.012000 1.725000 0.007661
1.087000 1.725000 0.007835
1.163000 1.725000 0.008003
1.238000 1.725000 0.008162
1.313000 1.725000 0.008310
1.388000 1.725000 0.008445
1.463000 1.725000 0.008565
1.538000 1.725000 0.008668
1.613000 1.725000 0.008754
1.688000 1.725000 0.008820
1.763000 1.725000 0.008867
1.838000 1.725000 0.008894
1.913000 1.725000 0.008901
1.988000 1.725000 0.008889
2.063000 1.725000 0.008857
2.138000 1.725000 0.008806
2.213000 1.725000 0.008739
2.288000 1.725000 0.008655
2.363000 1.725000 0.008557
2.438000 1.725000 0.008447
2.513000 1.725000 0.008325
2.588000 1.725000 0.008195
2.663000 1.725000 0.008058
2.738000 1.725000 0.007917
2.813000 1.725000 0.007773
2.888000 1.725000 0.007630
2.963000 1.725000 0.007488
3.038000 1.725000 0.007350
3.113000 1.725000 0.007218
3.188000 1.725000 0.007094
3.263000 1.725000 0.006980
3.338000 1.725000 0.006876
3.413000 1.725000 0.006785
3.488000 1.725000 0.006708
3.563000 1.725000 0.006644
3.638000 1.725000 0.006595
3.713000 1.725000 0.006559
3.788000 1.725000 0.006540
3.863000 1.725000 0.000000
-0.037500 1.875000 0.000000
0.037500 1.875000 0.003782
0.112500 1.875000 0.003795
0.187500 1.875000 0.003822
0.262500 1.875000 0.003861
0.337500 1.875000 0.003912
0.412500 1.875000 0.003975
0.487500 1.875000 0.004048
0.562500 1.875000 0.004130
0.637500 1.875000 0.004219
0.712500 1.875000 0.004314
0.787500 1.875000 0.004413
0.862500 1.875000 0.004515
0.937500 1.875000 0.004618
1.012000 1.875000 0.004721
1.087000 1.875000 0.004821
1.163000 1.875000 0.004918
1.238000 1.875000 0.005009
1.313000 1.875000 0.005094
1.388000 1.875000 0.005172
1.463000 1.875000 0.005241
1.538000 1.875000 0.005300
1.613000 1.875000 0.005349
1.688000 1.875000 0.005387
1.763000 1.875000 0.005413
1.838000 1.875000 0.005428
1.913000 1.875000 0.005432
1.988000 1.875000 0.005424
2.063000 1.875000 0.005405
2.138000 1.875000 0.005375
2.213000 1.875000 0.005335
2.288000 1.875000 0.005286
2.363000 1.875000 0.005228
2.438000 1.875000 0.005163
2.513000 1.875000 0.005092
2.588000 1.875000 0.005016
2.663000 1.875000 0.004936
2.738000 1.875000 0.004853
2.813000 1.875000 0.004769
2.888000 1.875000 0.004685
2.963000 1.875000 0.004603
3.038000 1.875000 0.004522
3.113000 1.875000 0.004445
3.188000 1.875000 0.004373
3.263000 1.875000 0.004306
3.338000 1.875000 0.004246
3.413000 1.875000 0.004193
3.488000 1.875000 0.004147
3.563000 1.875000 0.004110
3.638000 1.875000 0.004080
3.713000 1.875000 0.004059
3.788000 1.875000 0.004047
3.863000 1.875000 0.000000
-0.037500 2.025000 0.000000
0.037500 2.025000 0.002296
0.112500 2.025000 0.002303
0.187500 2.025000 0.002317
0.262500 2.025000 0.002339
0.337500 2.025000 0.002367
0.412500 2.025000 0.002401
0.487500 2.025000 0.002442
0.562500 2.025000 0.002487
0.637500 2.025000 0.002536
0.712500 2.025000 0.002588
0.787500 2.025000 0.002643
0.862500 2.025000 0.002700
0.937500 2.025000 0.002757
1.012000 2.025000 0.002813
1.087000 2.025000 0.002869
1.163000 2.025000 0.002922
1.238000 2.025000 0.002973
1.313000 2.025000 0.003020
1.388000 2.025000 0.003063
1.463000 2.025000 0.003101
1.538000 2.025000 0.003133
1.613000 2.025000 0.003160
1.688000 2.025000 0.003181
1.763000 2.025000 0.003196
1.838000 2.025000 0.003204
1.913000 2.025000 0.003205
1.988000 2.025000 0.003200
2.063000 2.025000 0.003189
2.138000 2.025000 0.003172
2.213000 2.025000 0.003149
2.288000 2.025000 0.003121
2.363000 2.025000 0.003089
2.438000 2.025000 0.003052
2.513000 2.025000 0.003012
2.588000 2.025000 0.002969
2.663000 2.025000 0.002924
2.738000 2.025000 0.002878
2.813000 2.025000 0.002830
2.888000 2.025000 0.002783
2.963000 2.025000 0.002737
3.038000 2.025000 0.002691
3.113000 2.025000 0.002648
3.188000 2.025000 0.002608
3.263000 2.025000 0.002570
3.338000 2.025000 0.002536
3.413000 2.025000 0.002507
3.488000 2.025000 0.002481
3.563000 2.025000 0.002460
3.638000 2.025000 0.002443
3.713000 2.025000 0.002431
3.788000 2.025000 0.002424
3.863000 2.025000 0.000000
-0.037500 2.175000 0.000000
0.037500 2.175000 0.001292
0.112500 2.175000 0.001296
0.187500 2.175000 0.001302
0.262500 2.175000 0.001313
0.337500 2.175000 0.001327
0.412500 2.175000 0.001343
0.487500 2.175000 0.001363
0.562500 2.175000 0.001385
0.637500 2.175000 0.001409
0.712500 2.175000 0.001435
0.787500 2.175000 0.001462
0.862500 2.175000 0.001489
0.937500 2.175000 0.001517
1.012000 2.175000 0.001545
1.087000 2.175000 0.001572
1.163000 2.175000 0.001598
1.238000 2.175000 0.001623
1.313000 2.175000 0.001646
1.388000 2.175000 0.001667
1.463000 2.175000 0.001686
1.538000 2.175000 0.001702
1.613000 2.175000 0.001715
1.688000 2.175000 0.001725
1.763000 2.175000 0.001732
1.838000 2.175000 0.001735
1.913000 2.175000 0.001736
1.988000 2.175000 0.001733
2.063000 2.175000 0.001727
2.138000 2.175000 0.001718
2.213000 2.175000 0.001707
2.288000 2.175000 0.001693
2.363000 2.175000 0.001676
2.438000 2.175000 0.001658
2.513000 2.175000 0.001637
2.588000 2.175000 0.001616
2.663000 2.175000 0.001593
2.738000 2.175000 0.001570
2.813000 2.175000 0.001546
2.888000 2.175000 0.001522
2.963000 2.175000 0.001499
3.038000 2.175000 0.001476
3.113000 2.175000 0.001454
3.188000 2.175000 0.001434
3.263000 2.175000 0.001415
3.338000 2.175000 0.001399
3.413000 2.175000 0.001384
3.488000 2.175000 0.001371
3.563000 2.175000 0.001361
3.638000 2.175000 0.001352
3.713000 2.175000 0.001346
3.788000 2.175000 0.001342
3.863000 2.175000 0.000000
-0.037500 2.325000 0.000000
0.037500 2.325000 0.000816
0.112500 2.325000 0.000817
0.187500 2.325000 0.000821
0.262500 2.325000 0.000826
0.337500 2.325000 0.000833
0.412500 2.325000 0.000842
0.487500 2.325000 0.000852
0.562500 2.325000 0.000863
0.637500 2.325000 0.000875
0.712500 2.325000 0.000888
0.787500 2.325000 0.000902
0.862500 2.325000 0.000916
0.937500 2.325000 0.000930
1.012000 2.325000 0.000944
1.087000 2.325000 0.000958
1.163000 2.325000 0.000972
1.238000 2.325000 0.000984
1.313000 2.325000 0.000996
1.388000 2.325000 0.001007
1.463000 2.325000 0.001016
1.538000 2.325000 0.001024
1.613000 2.325000 0.001030
1.688000 2.325000 0.001035
1.763000 2.325000 0.001039
1.838000 2.325000 0.001040
1.913000 2.325000 0.001040
1.988000 2.325000 0.001038
2.063000 2.325000 0.001035
2.138000 2.325000 0.001030
2.213000 2.325000 0.001024
2.288000 2.325000 0.001016
2.363000 2.325000 0.001007
2.438000 2.325000 0.000997
2.513000 2.325000 0.000986
2.588000 2.325000 0.000975
2.663000 2.325000 0.000963
2.738000 2.325000 0.000950
2.813000 2.325000 0.000937
2.888000 2.325000 0.000925
2.963000 2.325000 0.000913
3.038000 2.325000 0.000900
3.113000 2.325000 0.000889
3.188000 2.325000 0.000878
3.263000 2.325000 0.000868
3.338000 2.325000 0.000860
3.413000 2.325000 0.000852
3.488000 2.325000 0.000845
3.563000 2.325000 0.000840
3.638000 2.325000 0.000836
3.713000 2.325000 0.000833
3.788000 2.325000 0.000831
3.863000 2.325000 0.000000
-0.037500 2.475000 0.000000
0.037500 2.475000 0.000633
0.112500 2.475000 0.000634
0.187500 2.475000 0.000636
0.262500 2.475000 0.000640
0.337500 2.475000 0.000645
0.412500 2.475000 0.000651
0.487500 2.475000 0.000658
0.562500 2.475000 0.000665
0.637500 2.475000 0.000674
0.712500 2.475000 0.000683
0.787500 2.475000 0.000692
0.862500 2.475000 0.000701
0.937500 2.475000 0.000711
1.012000 2.475000 0.000721
1.087000 2.475000 0.000730
1.163000 2.475000 0.000739
1.238000 2.475000 0.000748
1.313000 2.475000 0.000756
1.388000 2.475000 0.000763
1.463000 2.475000 0.000770
1.538000 2.475000 0.000775
1.613000 2.475000 0.000779
1.688000 2.475000 0.000783
1.763000 2.475000 0.000785
1.838000 2.475000 0.000786
1.913000 2.475000 0.000785
1.988000 2.475000 0.000784
2.063000 2.475000 0.000782
2.138000 2.475000 0.000778
2.213000 2.475000 0.000774
2.288000 2.475000 0.000768
2.363000 2.475000 0.000762
2.438000 2.475000 0.000755
2.513000 2.475000 0.000747
2.588000 2.475000 0.000739
2.663000 2.475000 0.000730
2.738000 2.475000 0.000722
2.813000 2.475000 0.000713
2.888000 2.475000 0.000704
2.963000 2.475000 0.000695
3.038000 2.475000 0.000687
3.113000 2.475000 0.000679
3.188000 2.475000 0.000672
3.263000 2.475000 0.000665
3.338000 2.475000 0.000659
3.413000 2.475000 0.000654
3.488000 2.475000 0.000649
3.563000 2.475000 0.000646
3.638000 2.475000 0.000643
3.713000 2.475000 0.000641
3.788000 2.475000 0.000640
3.863000 2.475000 0.000000
-0.037500 2.625000 0.000000
0.037500 2.625000 0.000497
0.112500 2.625000 0.000498
0.187500 2.625000 0.000499
0.262500 2.625000 0.000502
0.337500 2.625000 0.000505
0.412500 2.625000 0.000509
0.487500 2.625000 0.000514
0.562500 2.625000 0.000520
0.637500 2.625000 0.000526
0.712500 2.625000 0.000532
0.787500 2.625000 0.000539
0.862500 2.625000 0.000545
0.937500 2.625000 0.000552
1.012000 2.625000 0.000559
1.087000 2.625000 0.000566
1.163000 2.625000 0.000572
1.238000 2.625000 0.000578
1.313000 2.625000 0.000584
1.388000 2.625000 0.000589
1.463000 2.625000 0.000593
1.538000 2.625000 0.000597
1.613000 2.625000 0.000600
1.688000 2.625000 0.000602
1.763000 2.625000 0.000603
1.838000 2.625000 0.000604
1.913000 2.625000 0.000604
1.988000 2.625000 0.000603
2.063000 2.625000 0.000601
2.138000 2.625000 0.000598
2.213000 2.625000 0.000595
2.288000 2.625000 0.000591
2.363000 2.625000 0.000586
2.438000 2.625000 0.000581
2.513000 2.625000 0.000576
2.588000 2.625000 0.000570
2.663000 2.625000 0.000564
2.738000 2.625000 0.000558
2.813000 2.625000 0.000551
2.888000 2.625000 0.000545
2.963000 2.625000 0.000539
3.038000 2.625000 0.000533
3.113000 2.625000 0.000527
3.188000 2.625000 0.000522
3.263000 2.625000 0.000517
3.338000 2.625000 0.000513
3.413000 2.625000 0.000509
3.488000 2.625000 0.000506
3.563000 2.625000 0.000504
3.638000 2.625000 0.000502
3.713000 2.625000 0.000501
3.788000 2.625000 0.000500
3.863000 2.625000 0.000000
-0.037500 2.775000 0.000000
0.037500 2.775000 0.000400
0.112500 2.775000 0.000401
0.187500 2.775000 0.000402
0.262500 2.775000 0.000404
0.337500 2.775000 0.000407
0.412500 2.775000 0.000410
0.487500 2.775000 0.000414
0.562500 2.775000 0.000418
0.637500 2.775000 0.000422
0.712500 2.775000 0.000427
0.787500 2.775000 0.000432
0.862500 2.775000 0.000437
0.937500 2.775000 0.000442
1.012000 2.775000 0.000447
1.087000 2.775000 0.000452
1.163000 2.775000 0.000457
1.238000 2.775000 0.000461
1.313000 2.775000 0.000465
1.388000 2.775000 0.000469
1.463000 2.775000 0.000472
1.538000 2.775000 0.000475
1.613000 2.775000 0.000477
1.688000 2.775000 0.000479
1.763000 2.775000 0.000480
1.838000 2.775000 0.000480
1.913000 2.775000 0.000480
1.988000 2.775000 0.000479
2.063000 2.775000 0.000478
2.138000 2.775000 0.000476
2.213000 2.775000 0.000473
2.288000 2.775000 0.000470
2.363000 2.775000 0.000467
2.438000 2.775000 0.000463
2.513000 2.775000 0.000459
2.588000 2.775000 0.000454
2.663000 2.775000 0.000450
2.738000 2.775000 0.000445
2.813000 2.775000 0.000440
2.888000 2.775000 0.000435
2.963000 2.775000 0.000431
3.038000 2.775000 0.000426
3.113000 2.775000 0.000422
3.188000 2.775000 0.000418
3.263000 2.775000 0.000414
3.338000 2.775000 0.000411
3.413000 2.775000 0.000408
3.488000 2.775000 0.000406
3.563000 2.775000 0.000405
3.638000 2.775000 0.000403
3.713000 2.775000 0.000403
3.788000 2.775000 0.000402
3.863000 2.775000 0.000000
-0.037500 2.925000 0.000000
0.037500 2.925000 0.000274
0.112500 2.925000 0.000274
0.187500 2.925000 0.000275
0.262500 2.925000 0.000277
0.337500 2.925000 0.000278
0.412500 2.925000 0.000280
0.487500 2.925000 0.000283
0.562500 2.925000 0.000286
0.637500 2.925000 0.000289
0.712500 2.925000 0.000292
0.787500 2.925000 0.000295
0.862500 2.925000 0.000298
0.937500 2.925000 0.000302
1.012000 2.925000 0.000305
1.087000 2.925000 0.000308
1.163000 2.925000 0.000311
1.238000 2.925000 0.000314
1.313000 2.925000 0.000317
1.388000 2.925000 0.000320
1.463000 2.925000 0.000322
1.538000 2.925000 0.000324
1.613000 2.925000 0.000325
1.688000 2.925000 0.000326
1.763000 2.925000 0.000327
1.838000 2.925000 0.000327
1.913000 2.925000 0.000327
1.988000 2.925000 0.000326
2.063000 2.925000 0.000325
2.138000 2.925000 0.000324
2.213000 2.925000 0.000322
2.288000 2.925000 0.000320
2.363000 2.925000 0.000318
2.438000 2.925000 0.000316
2.513000 2.925000 0.000313
2.588000 2.925000 0.000310
2.663000 2.925000 0.000307
2.738000 2.925000 0.000304
2.813000 2.925000 0.000300
2.888000 2.925000 0.000297
2.963000 2.925000 0.000294
3.038000 2.925000 0.000291
3.113000 2.925000 0.000289
3.188000 2.925000 0.000286
3.263000 2.925000 0.000284
3.338000 2.925000 0.000281
3.413000 2.925000 0.000280
3.488000 2.925000 0.000278
3.563000 2.925000 0.000277
3.638000 2.925000 0.000277
3.713000 2.925000 0.000276
3.788000 2.925000 0.000276
3.863000 2.925000 0.000000
-0.037500 3.075000 0.000000
0.037500 3.075000 0.000161
0.112500 3.075000 0.000161
0.187500 3.075000 0.000162
0.262500 3.075000 0.000162
0.337500 3.075000 0.000163
0.412500 3.075000 0.000165
0.487500 3.075000 0.000166
0.562500 3.075000 0.000167
0.637500 3.075000 0.000169
0.712500 3.075000 0.000171
0.787500 3.075000 0.000173
0.862500 3.075000 0.000175
0.937500 3.075000 0.000177
1.012000 3.075000 0.000178
1.087000 3.075000 0.000180
1.163000 3.075000 0.000182
1.238000 3.075000 0.000184
1.313000 3.075000 0.000185
1.388000 3.075000 0.000187
1.463000 3.075000 0.000188
1.538000 3.075000 0.000189
1.613000 3.075000 0.000190
1.688000 3.075000 0.000190
1.763000 3.075000 0.000191
1.838000 3.075000 0.000191
1.913000 3.075000 0.000191
1.988000 3.075000 0.000190
2.063000 3.075000 0.000190
2.138000 3.075000 0.000189
2.213000 3.075000 0.000188
2.288000 3.075000 0.000187
2.363000 3.075000 0.000186
2.438000 3.075000 0.000184
2.513000 3.075000 0.000183
2.588000 3.075000 0.000181
2.663000 3.075000 0.000179
2.738000 3.075000 0.000178
2.813000 3.075000 0.000176
2.888000 3.075000 0.000174
2.963000 3.075000 0.000172
3.038000 3.075000 0.000171
3.113000 3.075000 0.000169
3.188000 3.075000 0.000168
3.263000 3.075000 0.000166
3.338000 3.075000 0.000165
3.413000 3.075000 0.000164
3.488000 3.075000 0.000163
3.563000 3.075000 0.000163
3.638000 3.075000 0.000162
3.713000 3.075000 0.000162
3.788000 3.075000 0.000162
3.863000 3.075000 0.000000
-0.037500 3.225000 0.000000
0.037500 3.225000 0.000094
0.112500 3.225000 0.000094
0.187500 3.225000 0.000094
0.262500 3.225000 0.000095
0.337500 3.225000 0.000095
0.412500 3.225000 0.000096
0.487500 3.225000 0.000096
0.562500 3.225000 0.000097
0.637500 3.225000 0.000098
0.712500 3.225000 0.000099
0.787500 3.225000 0.000100
0.862500 3.225000 0.000101
0.937500 3.225000 0.000102
1.012000 3.225000 0.000103
1.087000 3.225000 0.000105
1.163000 3.225000 0.000106
1.238000 3.225000 0.000106
1.313000 3.225000 0.000107
1.388000 3.225000 0.000108
1.463000 3.225000 0.000109
1.538000 3.225000 0.000109
1.613000 3.225000 0.000110
1.688000 3.225000 0.000110
1.763000 3.225000 0.000110
1.838000 3.225000 0.000110
1.913000 3.225000 0.000110
1.988000 3.225000 0.000110
2.063000 3.225000 0.000110
2.138000 3.225000 0.000109
2.213000 3.225000 0.000109
2.288000 3.225000 0.000108
2.363000 3.225000 0.000108
2.438000 3.225000 0.000107
2.513000 3.225000 0.000106
2.588000 3.225000 0.000105
2.663000 3.225000 0.000104
2.738000 3.225000 0.000103
2.813000 3.225000 0.000102
2.888000 3.225000 0.000101
2.963000 3.225000 0.000100
3.038000 3.225000 0.000099
3.113000 3.225000 0.000098
3.188000 3.225000 0.000098
3.263000 3.225000 0.000097
3.338000 3.225000 0.000096
3.413000 3.225000 0.000096
3.488000 3.225000 0.000095
3.563000 3.225000 0.000095
3.638000 3.225000 0.000095
3.713000 3.225000 0.000094
3.788000 3.225000 0.000094
3.863000 3.225000 0.000000
-0.037500 3.375000 0.000000
0.037500 3.375000 0.000054
0.112500 3.375000 0.000054
0.187500 3.375000 0.000054
0.262500 3.375000 0.000054
0.337500 3.375000 0.000055
0.412500 3.375000 0.000055
0.487500 3.375000 0.000056
0.562500 3.375000 0.000056
0.637500 3.375000 0.000057
0.712500 3.375000 0.000057
0.787500 3.375000 0.000058
0.862500 3.375000 0.000058
0.937500 3.375000 0.000059
1.012000 3.375000 0.000059
1.087000 3.375000 0.000060
1.163000 3.375000 0.000061
1.238000 3.375000 0.000061
1.313000 3.375000 0.000062
1.388000 3.375000 0.000062
1.463000 3.375000 0.000062
1.538000 3.375000 0.000063
1.613000 3.375000 0.000063
1.688000 3.375000 0.000063
1.763000 3.375000 0.000063
1.838000 3.375000 0.000063
1.913000 3.375000 0.000063
1.988000 3.375000 0.000063
2.063000 3.375000 0.000063
2.138000 3.375000 0.000063
2.213000 3.375000 0.000062
2.288000 3.375000 0.000062
2.363000 3.375000 0.000062
2.438000 3.375000 0.000061
2.513000 3.375000 0.000061
2.588000 3.375000 0.000060
2.663000 3.375000 0.000060
2.738000 3.375000 0.000059
2.813000 3.375000 0.000059
2.888000 3.375000 0.000058
2.963000 3.375000 0.000058
3.038000 3.375000 0.000057
3.113000 3.375000 0.000057
3.188000 3.375000 0.000056
3.263000 3.375000 0.000056
3.338000 3.375000 0.000055
3.413000 3.375000 0.000055
3.488000 3.375000 0.000055
3.563000 3.375000 0.000055
3.638000 3.375000 0.000054
3.713000 3.375000 0.000054
3.788000 3.375000 0.000054
3.863000 3.375000 0.000000
-0.037500 3.525000 0.000000
0.037500 3.525000 0.000031
0.112500 3.525000 0.000031
0.187500 3.525000 0.000031
0.262500 3.525000 0.000031
0.337500 3.525000 0.000031
0.412500 3.525000 0.000031
0.487500 3.525000 0.000032
0.562500 3.525000 0.000032
0.637500 3.525000 0.000032
0.712500 3.525000 0.000032
0.787500 3.525000 0.000033
0.862500 3.525000 0.000033
0.937500 3.525000 0.000033
1.012000 3.525000 0.000034
1.087000 3.525000 0.000034
1.163000 3.525000 0.000034
1.238000 3.525000 0.000035
1.313000 3.525000 0.000035
1.388000 3.525000 0.000035
1.463000 3.525000 0.000035
1.538000 3.525000 0.000036
1.613000 3.525000 0.000036
1.688000 3.525000 0.000036
1.763000 3.525000 0.000036
1.838000 3.525000 0.000036
1.913000 3.525000 0.000036
1.988000 3.525000 0.000036
2.063000 3.525000 0.000036
2.138000 3.525000 0.000036
2.213000 3.525000 0.000035
2.288000 3.525000 0.000035
2.363000 3.525000 0.000035
2.438000 3.525000 0.000035
2.513000 3.525000 0.000035
2.588000 3.525000 0.000034
2.663000 3.525000 0.000034
2.738000 3.525000 0.000034
2.813000 3.525000 0.000033
2.888000 3.525000 0.000033
2.963000 3.525000 0.000033
3.038000 3.525000 0.000033
3.113000 3.525000 0.000032
3.188000 3.525000 0.000032
3.263000 3.525000 0.000032
3.338000 3.525000 0.000032
3.413000 3.525000 0.000031
3.488000 3.525000 0.000031
3.563000 3.525000 0.000031
3.638000 3.525000 0.000031
3.713000 3.525000 0.000031
3.788000 3.525000 0.000031
3.863000 3.525000 0.000000
-0.037500 3.675000 0.000000
0.037500 3.675000 0.000017
0.112500 3.675000 0.000017
0.187500 3.675000 0.000017
0.262500 3.675000 0.000018
0.337500 3.675000 0.000018
0.412500 3.675000 0.000018
0.487500 3.675000 0.000018
0.562500 3.675000 0.000018
0.637500 3.675000 0.000018
0.712500 3.675000 0.000018
0.787500 3.675000 0.000018
0.862500 3.675000 0.000019
0.937500 3.675000 0.000019
1.012000 3.675000 0.000019
1.087000 3.675000 0.000019
1.163000 3.675000 0.000019
1.238000 3.675000 0.000019
1.313000 3.675000 0.000020
1.388000 3.675000 0.000020
1.463000 3.675000 0.000020
1.538000 3.675000 0.000020
1.613000 3.675000 0.000020
1.688000 3.675000 0.000020
1.763000 3.675000 0.000020
1.838000 3.675000 0.000020
1.913000 3.675000 0.000020
1.988000 3.675000 0.000020
2.063000 3.675000 0.000020
2.138000 3.675000 0.000020
2.213000 3.675000 0.000020
2.288000 3.675000 0.000020
2.363000 3.675000 0.000020
2.438000 3.675000 0.000020
2.513000 3.675000 0.000019
2.588000 3.675000 0.000019
2.663000 3.675000 0.000019
2.738000 3.675000 0.000019
2.813000 3.675000 0.000019
2.888000 3.675000 0.000019
2.963000 3.675000 0.000018
3.038000 3.675000 0.000018
3.113000 3.675000 0.000018
3.188000 3.675000 0.000018
3.263000 3.675000 0.000018
3.338000 3.675000 0.000018
3.413000 3.675000 0.000018
3.488000 3.675000 0.000018
3.563000 3.675000 0.000018
3.638000 3.675000 0.000018
3.713000 3.675000 0.000017
3.788000 3.675000 0.000017
3.863000 3.675000 0.000000
-0.037500 3.825000 0.000000
0.037500 3.825000 0.000010
0.112500 3.825000 0.000010
0.187500 3.825000 0.000010
0.262500 3.825000 0.000010
0.337500 3.825000 0.000010
0.412500 3.825000 0.000010
0.487500 3.825000 0.000010
0.562500 3.825000 0.000010
0.637500 3.825000 0.000010
0.712500 3.825000 0.000010
0.787500 3.825000 0.000010
0.862500 3.825000 0.000010
0.937500 3.825000 0.000010
1.012000 3.825000 0.000011
1.087000 3.825000 0.000011
1.163000 3.825000 0.000011
1.238000 3.825000 0.000011
1.313000 3.825000 0.000011
1.388000 3.825000 0.000011
1.463000 3.825000 0.000011
1.538000 3.825000 0.000011
1.613000 3.825000 0.000011
1.688000 3.825000 0.000011
1.763000 3.825000 0.000011
1.838000 3.825000 0.000011
1.913000 3.825000 0.000011
1.988000 3.825000 0.000011
2.063000 3.825000 0.000011
2.138000 3.825000 0.000011
2.213000 3.825000 0.000011
2.288000 3.825000 0.000011
2.363000 3.825000 0.000011
2.438000 3.825000 0.000011
2.513000 3.825000 0.000011
2.588000 3.825000 0.000011
2.663000 3.825000 0.000011
2.738000 3.825000 0.000011
2.813000 3.825000 0.000010
2.888000 3.825000 0.000010
2.963000 3.825000 0.000010
3.038000 3.825000 0.000010
3.113000 3.825000 0.000010
3.188000 3.825000 0.000010
3.263000 3.825000 0.000010
3.338000 3.825000 0.000010
3.413000 3.825000 0.000010
3.488000 3.825000 0.000010
3.563000 3.825000 0.000010
3.638000 3.825000 0.000010
3.713000 3.825000 0.000010
3.788000 3.825000 0.000010
3.863000 3.825000 0.000000
-0.037500 3.975000 0.000000
0.037500 3.975000 0.000005
0.112500 3.975000 0.000005
0.187500 3.975000 0.000005
0.262500 3.975000 0.000005
0.337500 3.975000 0.000005
0.412500 3.975000 0.000005
0.487500 3.975000 0.000005
0.562500 3.975000 0.000006
0.637500 3.975000 0.000006
0.712500 3.975000 0.000006
0.787500 3.975000 0.000006
0.862500 3.975000 0.000006
0.937500 3.975000 0.000006
1.012000 3.975000 0.000006
1.087000 3.975000 0.000006
1.163000 3.975000 0.000006
1.238000 3.975000 0.000006
1.313000 3.975000 0.000006
1.388000 3.975000 0.000006
1.463000 3.975000 0.000006
1.538000 3.975000 0.000006
1.613000 3.975000 0.000006
1.688000 3.975000 0.000006
1.763000 3.975000 0.000006
1.838000 3.975000 0.000006
1.913000 3.975000 0.000006
1.988000 3.975000 0.000006
2.063000 3.975000 0.000006
2.138000 3.975000 0.000006
2.213000 3.975000 0.000006
2.288000 3.975000 0.000006
2.363000 3.975000 0.000006
2.438000 3.975000 0.000006
2.513000 3.975000 0.000006
2.588000 3.975000 0.000006
2.663000 3.975000 0.000006
2.738000 3.975000 0.000006
2.813000 3.975000 0.000006
2.888000 3.975000 0.000006
2.963000 3.975000 0.000006
3.038000 3.975000 0.000006
3.113000 3.975000 0.000006
3.188000 3.975000 0.000006
3.263000 3.975000 0.000006
3.338000 3.975000 0.000005
3.413000 3.975000 0.000005
3.488000 3.975000 0.000005
3.563000 3.975000 0.000005
3.638000 3.975000 0.000005
3.713000 3.975000 0.000005
3.788000 3.975000 0.000005
3.863000 3.975000 0.000000
-0.037500 4.125000 0.000000
0.037500 4.125000 0.000003
0.112500 4.125000 0.000003
0.187500 4.125000 0.000003
0.262500 4.125000 0.000003
0.337500 4.125000 0.000003
0.412500 4.125000 0.000003
0.487500 4.125000 0.000003
0.562500 4.125000 0.000003
0.637500 4.125000 0.000003
0.712500 4.125000 0.000003
0.787500 4.125000 0.000003
0.862500 4.125000 0.000003
0.937500 4.125000 0.000003
1.012000 4.125000 0.000003
1.087000 4.125000 0.000003
1.163000 4.125000 0.000003
1.238000 4.125000 0.000003
1.313000 4.125000 0.000003
1.388000 4.125000 0.000003
1.463000 4.125000 0.000003
1.538000 4.125000 0.000003
1.613000 4.125000 0.000003
1.688000 4.125000 0.000003
1.763000 4.125000 0.000003
1.838000 4.125000 0.000003
1.913000 4.125000 0.000003
1.988000 4.125000 0.000003
2.063000 4.125000 0.000003
2.138000 4.125000 0.000003
2.213000 4.125000 0.000003
2.288000 4.125000 0.000003
2.363000 4.125000 0.000003
2.438000 4.125000 0.000003
2.513000 4.125000 0.000003
2.588000 4.125000 0.000003
2.663000 4.125000 0.000003
2.738000 4.125000 0.000003
2.813000 4.125000 0.000003
2.888000 4.125000 0.000003
2.963000 4.125000 0.000003
3.038000 4.125000 0.000003
3.113000 4.125000 0.000003
3.188000 4.125000 0.000003
3.263000 4.125000 0.000003
3.338000 4.125000 0.000003
3.413000 4.125000 0.000003
3.488000 4.125000 0.000003
3.563000 4.125000 0.000003
3.638000 4.125000 0.000003
3.713000 4.125000 0.000003
3.788000 4.125000 0.000003
3.863000 4.125000 0.000000
-0.037500 4.275000 0.000000
0.037500 4.275000 0.000002
0.112500 4.275000 0.000002
0.187500 4.275000 0.000002
0.262500 4.275000 0.000002
0.337500 4.275000 0.000002
0.412500 4.275000 0.000002
0.487500 4.275000 0.000002
0.562500 4.275000 0.000002
0.637500 4.275000 0.000002
0.712500 4.275000 0.000002
0.787500 4.275000 0.000002
0.862500 4.275000 0.000002
0.937500 4.275000 0.000002
1.012000 4.275000 0.000002
1.087000 4.275000 0.000002
1.163000 4.275000 0.000002
1.238000 4.275000 0.000002
1.313000 4.275000 0.000002
1.388000 4.275000 0.000002
1.463000 4.275000 0.000002
1.538000 4.275000 0.000002
1.613000 4.275000 0.000002
1.688000 4.275000 0.000002
1.763000 4.275000 0.000002
1.838000 4.275000 0.000002
1.913000 4.275000 0.000002
1.988000 4.275000 0.000002
2.063000 4.275000 0.000002
2.138000 4.275000 0.000002
2.213000 4.275000 0.000002
2.288000 4.275000 0.000002
2.363000 4.275000 0.000002
2.438000 4.275000 0.000002
2.513000 4.275000 0.000002
2.588000 4.275000 0.000002
2.663000 4.275000 0.000002
2.738000 4.275000 0.000002
2.813000 4.275000 0.000002
2.888000 4.275000 0.000002
2.963000 4.275000 0.000002
3.038000 4.275000 0.000002
3.113000 4.275000 0.000002
3.188000 4.275000 0.000002
3.263000 4.275000 0.000002
3.338000 4.275000 0.000002
3.413000 4.275000 0.000002
3.488000 4.275000 0.000002
3.563000 4.275000 0.000002
3.638000 4.275000 0.000002
3.713000 4.275000 0.000002
3.788000 4.275000 0.000002
3.863000 4.275000 0.000000
-0.037500 4.425000 0.000000
0.037500 4.425000 0.000001
0.112500 4.425000 0.000001
0.187500 4.425000 0.000001
0.262500 4.425000 0.000001
0.337500 4.425000 0.000001
0.412500 4.425000 0.000001
0.487500 4.425000 0.000001
0.562500 4.425000 0.000001
0.637500 4.425000 0.000001
0.712500 4.425000 0.000001
0.787500 4.425000 0.000001
0.862500 4.425000 0.000001
0.937500 4.425000 0.000001
1.012000 4.425000 0.000001
1.087000 4.425000 0.000001
1.163000 4.425000 0.000001
1.238000 4.425000 0.000001
1.313000 4.425000 0.000001
1.388000 4.425000 0.000001
1.463000 4.425000 0.000001
1.538000 4.425000 0.000001
1.613000 4.425000 0.000001
1.688000 4.425000 0.000001
1.763000 4.425000 0.000001
1.838000 4.425000 0.000001
1.913000 4.425000 0.000001
1.988000 4.425000 0.000001
2.063000 4.425000 0.000001
2.138000 4.425000 0.000001
2.213000 4.425000 0.000001
2.288000 4.425000 0.000001
2.363000 4.425000 0.000001
2.438000 4.425000 0.000001
2.513000 4.425000 0.000001
2.588000 4.425000 0.000001
2.663000 4.425000 0.000001
2.738000 4.425000 0.000001
2.813000 4.425000 0.000001
2.888000 4.425000 0.000001
2.963000 4.425000 0.000001
3.038000 4.425000 0.000001
3.113000 4.425000 0.000001
3.188000 4.425000 0.000001
3.263000 4.425000 0.000001
3.338000 4.425000 0.000001
3.413000 4.425000 0.000001
3.488000 4.425000 0.000001
3.563000 4.425000 0.000001
3.638000 4.425000 0.000001
3.713000 4.425000 0.000001
3.788000 4.425000 0.000001
3.863000 4.425000 0.000000
-0.037500 4.575000 0.000000
0.037500 4.575000 0.000000
0.112500 4.575000 0.000000
0.187500 4.575000 0.000000
0.262500 4.575000 0.000000
0.337500 4.575000 0.000000
0.412500 4.575000 0.000000
0.487500 4.575000 0.000000
0.562500 4.575000 0.000000
0.637500 4.575000 0.000000
0.712500 4.575000 0.000000
0.787500 4.575000 0.000000
0.862500 4.575000 0.000000
0.937500 4.575000 0.000000
1.012000 4.575000 0.000000
1.087000 4.575000 0.000000
1.163000 4.575000 0.000000
1.238000 4.575000 0.000000
1.313000 4.575000 0.000000
1.388000 4.575000 0.000000
1.463000 4.575000 0.000000
1.538000 4.575000 0.000001
1.613000 4.575000 0.000001
1.688000 4.575000 0.000001
1.763000 4.575000 0.000001
1.838000 4.575000 0.000001
1.913000 4.575000 0.000001
1.988000 4.575000 0.000001
2.063000 4.575000 0.000001
2.138000 4.575000 0.000001
2.213000 4.575000 0.000001
2.288000 4.575000 0.000000
2.363000 4.575000 0.000000
2.438000 4.575000 0.000000
2.513000 4.575000 0.000000
2.588000 4.575000 0.000000
2.663000 4.575000 0.000000
2.738000 4.575000 0.000000
2.813000 4.575000 0.000000
2.888000 4.575000 0.000000
2.963000 4.575000 0.000000
3.038000 4.575000 0.000000
3.113000 4.575000 0.000000
3.188000 4.575000 0.000000
3.263000 4.575000 0.000000
3.338000 4.575000 0.000000
3.413000 4.575000 0.000000
3.488000 4.575000 0.000000
3.563000 4.575000 0.000000
3.638000 4.575000 0.000000
3.713000 4.575000 0.000000
3.788000 4.575000 0.000000
3.863000 4.575000 0.000000
-0.037500 4.725000 0.000000
0.037500 4.725000 0.000000
0.112500 4.725000 0.000000
0.187500 4.725000 0.000000
0.262500 4.725000 0.000000
0.337500 4.725000 0.000000
0.412500 4.725000 0.000000
0.487500 4.725000 0.000000
0.562500 4.725000 0.000000
0.637500 4.725000 0.000000
0.712500 4.725000 0.000000
0.787500 4.725000 0.000000
0.862500 4.725000 0.000000
0.937500 4.725000 0.000000
1.012000 4.725000 0.000000
1.087000 4.725000 0.000000
1.163000 4.725000 0.000000
1.238000 4.725000 0.000000
1.313000 4.725000 0.000000
1.388000 4.725000 0.000000
1.463000 4.725000 0.000000
1.538000 4.725000 0.000000
1.613000 4.725000 0.000000
1.688000 4.725000 0.000000
1.763000 4.725000 0.000000
1.838000 4.725000 0.000000
1.913000 4.725000 0.000000
1.988000 4.725000 0.000000
2.063000 4.725000 0.000000
2.138000 4.725000 0.000000
2.213000 4.725000 0.000000
2.288000 4.725000 0.000000
2.363000 4.725000 0.000000
2.438000 4.725000 0.000000
2.513000 4.725000 0.000000
2.588000 4.725000 0.000000
2.663000 4.725000 0.000000
2.738000 4.725000 0.000000
2.813000 4.725000 0.000000
2.888000 4.725000 0.000000
2.963000 4.725000 0.000000
3.038000 4.725000 0.000000
3.113000 4.725000 0.000000
3.188000 4.725000 0.000000
3.263000 4.725000 0.000000
3.338000 4.725000 0.000000
3.413000 4.725000 0.000000
3.488000 4.725000 0.000000
3.563000 4.725000 0.000000
3.638000 4.725000 0.000000
3.713000 4.725000 0.000000
3.788000 4.725000 0.000000
3.863000 4.725000 0.000000
-0.037500 4.875000 0.000000
0.037500 4.875000 0.000000
0.112500 4.875000 0.000000
0.187500 4.875000 0.000000
0.262500 4.875000 0.000000
0.337500 4.875000 0.000000
0.412500 4.875000 0.000000
0.487500 4.875000 0.000000
0.562500 4.875000 0.000000
0.637500 4.875000 0.000000
0.712500 4.875000 0.000000
0.787500 4.875000 0.000000
0.862500 4.875000 0.000000
0.937500 4.875000 0.000000
1.012000 4.875000 0.000000
1.087000 4.875000 0.000000
1.163000 4.875000 0.000000
1.238000 4.875000 0.000000
1.313000 4.875000 0.000000
1.388000 4.875000 0.000000
1.463000 4.875000 0.000000
1.538000 4.875000 0.000000
1.613000 4.875000 0.000000
1.688000 4.875000 0.000000
1.763000 4.875000 0.000000
1.838000 4.875000 0.000000
1.913000 4.875000 0.000000
1.988000 4.875000 0.000000
2.063000 4.875000 0.000000
2.138000 4.875000 0.000000
2.213000 4.875000 0.000000
2.288000 4.875000 0.000000
2.363000 4.875000 0.000000
2.438000 4.875000 0.000000
2.513000 4.875000 0.000000
2.588000 4.875000 0.000000
2.663000 4.875000 0.000000
2.738000 4.875000 0.000000
2.813000 4.875000 0.000000
2.888000 4.875000 0.000000
2.963000 4.875000 0.000000
3.038000 4.875000 0.000000
3.113000 4.875000 0.000000
3.188000 4.875000 0.000000
3.263000 4.875000 0.000000
3.338000 4.875000 0.000000
3.413000 4.875000 0.000000
3.488000 4.875000 0.000000
3.563000 4.875000 0.000000
3.638000 4.875000 0.000000
3.713000 4.875000 0.000000
3.788000 4.875000 0.000000
3.863000 4.875000 0.000000
-0.037500 5.025000 0.000000
0.037500 5.025000 0.000000
0.112500 5.025000 0.000000
0.187500 5.025000 0.000000
0.262500 5.025000 0.000000
0.337500 5.025000 0.000000
0.412500 5.025000 0.000000
0.487500 5.025000 0.000000
0.562500 5.025000 0.000000
0.637500 5.025000 0.000000
0.712500 5.025000 0.000000
0.787500 5.025000 0.000000
0.862500 5.025000 0.000000
0.937500 5.025000 0.000000
1.012000 5.025000 0.000000
1.087000 5.025000 0.000000
1.163000 5.025000 0.000000
1.238000 5.025000 0.000000
1.313000 5.025000 0.000000
1.388000 5.025000 0.000000
1.463000 5.025000 0.000000
1.538000 5.025000 0.000000
1.613000 5.025000 0.000000
1.688000 5.025000 0.000000
1.763000 5.025000 0.000000
1.838000 5.025000 0.000000
1.913000 5.025000 0.000000
1.988000 5.025000 0.000000
2.063000 5.025000 0.000000
2.138000 5.025000 0.000000
2.213000 5.025000 0.000000
2.288000 5.025000 0.000000
2.363000 5.025000 0.000000
2.438000 5.025000 0.000000
2.513000 5.025000 0.000000
2.588000 5.025000 0.000000
2.663000 5.025000 0.000000
2.738000 5.025000 0.000000
2.813000 5.025000 0.000000
2.888000 5.025000 0.000000
2.963000 5.025000 0.000000
3.038000 5.025000 0.000000
3.113000 5.025000 0.000000
3.188000 5.025000 0.000000
3.263000 5.025000 0.000000
3.338000 5.025000 0.000000
3.413000 5.025000 0.000000
3.488000 5.025000 0.000000
3.563000 5.025000 0.000000
3.638000 5.025000 0.000000
3.713000 5.025000 0.000000
3.788000 5.025000 0.000000
3.863000 5.025000 0.000000
-0.037500 5.175000 0.000000
0.037500 5.175000 0.000000
0.112500 5.175000 0.000000
0.187500 5.175000 0.000000
0.262500 5.175000 0.000000
0.337500 5.175000 0.000000
0.412500 5.175000 0.000000
0.487500 5.175000 0.000000
0.562500 5.175000 0.000000
0.637500 5.175000 0.000000
0.712500 5.175000 0.000000
0.787500 5.175000 0.000000
0.862500 5.175000 0.000000
0.937500 5.175000 0.000000
1.012000 5.175000 0.000000
1.087000 5.175000 0.000000
1.163000 5.175000 0.000000
1.238000 5.175000 0.000000
1.313000 5.175000 0.000000
1.388000 5.175000 0.000000
1.463000 5.175000 0.000000
1.538000 5.175000 0.000000
1.613000 5.175000 0.000000
1.688000 5.175000 0.000000
1.763000 5.175000 0.000000
1.838000 5.175000 0.000000
1.913000 5.175000 0.000000
1.988000 5.175000 0.000000
2.063000 5.175000 0.000000
2.138000 5.175000 0.000000
2.213000 5.175000 0.000000
2.288000 5.175000 0.000000
2.363000 5.175000 0.000000
2.438000 5.175000 0.000000
2.513000 5.175000 0.000000
2.588000 5.175000 0.000000
2.663000 5.175000 0.000000
2.738000 5.175000 0.000000
2.813000 5.175000 0.000000
2.888000 5.175000 0.000000
2.963000 5.175000 0.000000
3.038000 5.175000 0.000000
3.113000 5.175000 0.000000
3.188000 5.175000 0.000000
3.263000 5.175000 0.000000
3.338000 5.175000 0.000000
3.413000 5.175000 0.000000
3.488000 5.175000 0.000000
3.563000 5.175000 0.000000
3.638000 5.175000 0.000000
3.713000 5.175000 0.000000
3.788000 5.175000 0.000000
3.863000 5.175000 0.000000
