-0.037500 -0.075000 0.000000
0.037500 -0.075000 0.000000
0.112500 -0.075000 0.000000
0.187500 -0.075000 0.000000
0.262500 -0.075000 0.000000
0.337500 -0.075000 0.000000
0.412500 -0.075000 0.000000
0.487500 -0.075000 0.000000
0.562500 -0.075000 0.000000
0.637500 -0.075000 0.000000
0.712500 -0.075000 0.000000
0.787500 -0.075000 0.000000
0.862500 -0.075000 0.000000
0.937500 -0.075000 0.000000
1.012000 -0.075000 0.000000
1.087000 -0.075000 0.000000
1.163000 -0.075000 0.000000
1.238000 -0.075000 0.000000
1.313000 -0.075000 0.000000
1.388000 -0.075000 0.000000
1.463000 -0.075000 0.000000
1.538000 -0.075000 0.000000
1.613000 -0.075000 0.000000
1.688000 -0.075000 0.000000
1.763000 -0.075000 0.000000
1.838000 -0.075000 0.000000
1.913000 -0.075000 0.000000
1.988000 -0.075000 0.000000
2.063000 -0.075000 0.000000
2.138000 -0.075000 0.000000
2.213000 -0.075000 0.000000
2.288000 -0.075000 0.000000
2.363000 -0.075000 0.000000
2.438000 -0.075000 0.000000
2.513000 -0.075000 0.000000
2.588000 -0.075000 0.000000
2.663000 -0.075000 0.000000
2.738000 -0.075000 0.000000
2.813000 -0.075000 0.000000
2.888000 -0.075000 0.000000
2.963000 -0.075000 0.000000
3.038000 -0.075000 0.000000
3.113000 -0.075000 0.000000
3.188000 -0.075000 0.000000
3.263000 -0.075000 0.000000
3.338000 -0.075000 0.000000
3.413000 -0.075000 0.000000
3.488000 -0.075000 0.000000
3.563000 -0.075000 0.000000
3.638000 -0.075000 0.000000
3.713000 -0.075000 0.000000
3.788000 -0.075000 0.000000
3.863000 -0.075000 0.000000
-0.037500 0.075000 0.000000
0.037500 0.075000 0.083200
0.112500 0.075000 0.166400
0.187500 0.075000 0.249600
0.262500 0.075000 0.332800
0.337500 0.075000 0.415900
0.412500 0.075000 0.499000
0.487500 0.075000 0.582000
0.562500 0.075000 0.664800
0.637500 0.075000 0.747300
0.712500 0.075000 0.829400
0.787500 0.075000 0.911000
0.862500 0.075000 0.991700
0.937500 0.075000 1.071000
1.012000 0.075000 1.150000
1.087000 0.075000 1.226000
1.163000 0.075000 1.300000
1.238000 0.075000 1.371000
1.313000 0.075000 1.439000
1.388000 0.075000 1.502000
1.463000 0.075000 1.560000
1.538000 0.075000 1.611000
1.613000 0.075000 1.656000
1.688000 0.075000 1.692000
1.763000 0.075000 1.720000
1.838000 0.075000 1.738000
1.913000 0.075000 1.747000
1.988000 0.075000 1.747000
2.063000 0.075000 1.737000
2.138000 0.075000 1.718000
2.213000 0.075000 1.692000
2.288000 0.075000 1.659000
2.363000 0.075000 1.621000
2.438000 0.075000 1.578000
2.513000 0.075000 1.533000
2.588000 0.075000 1.485000
2.663000 0.075000 1.436000
2.738000 0.075000 1.386000
2.813000 0.075000 1.337000
2.888000 0.075000 1.288000
2.963000 0.075000 1.241000
3.038000 0.075000 1.194000
3.113000 0.075000 1.149000
3.188000 0.075000 1.106000
3.263000 0.075000 1.064000
3.338000 0.075000 1.024000
3.413000 0.075000 0.985900
3.488000 0.075000 0.949300
3.563000 0.075000 0.914300
3.638000 0.075000 0.881000
3.713000 0.075000 0.849200
3.788000 0.075000 0.818800
3.863000 0.075000 0.000000
-0.037500 0.225000 0.000000
0.037500 0.225000 0.083200
0.112500 0.225000 0.166400
0.187500 0.225000 0.249600
0.262500 0.225000 0.332800
0.337500 0.225000 0.415900
0.412500 0.225000 0.499000
0.487500 0.225000 0.582000
0.562500 0.225000 0.664800
0.637500 0.225000 0.747300
0.712500 0.225000 0.829400
0.787500 0.225000 0.911000
0.862500 0.225000 0.991700
0.937500 0.225000 1.071000
1.012000 0.225000 1.150000
1.087000 0.225000 1.226000
1.163000 0.225000 1.300000
1.238000 0.225000 1.371000
1.313000 0.225000 1.439000
1.388000 0.225000 1.502000
1.463000 0.225000 1.560000
1.538000 0.225000 1.611000
1.613000 0.225000 1.656000
1.688000 0.225000 1.692000
1.763000 0.225000 1.720000
1.838000 0.225000 1.738000
1.913000 0.225000 1.747000
1.988000 0.225000 1.747000
2.063000 0.225000 1.737000
2.138000 0.225000 1.718000
2.213000 0.225000 1.692000
2.288000 0.225000 1.659000
2.363000 0.225000 1.621000
2.438000 0.225000 1.578000
2.513000 0.225000 1.533000
2.588000 0.225000 1.485000
2.663000 0.225000 1.436000
2.738000 0.225000 1.386000
2.813000 0.225000 1.337000
2.888000 0.225000 1.288000
2.963000 0.225000 1.241000
3.038000 0.225000 1.194000
3.113000 0.225000 1.149000
3.188000 0.225000 1.106000
3.263000 0.225000 1.064000
3.338000 0.225000 1.024000
3.413000 0.225000 0.985900
3.488000 0.225000 0.949300
3.563000 0.225000 0.914300
3.638000 0.225000 0.881000
3.713000 0.225000 0.849200
3.788000 0.225000 0.818800
3.863000 0.225000 0.000000
-0.037500 0.375000 0.000000
0.037500 0.375000 0.293500
0.112500 0.375000 0.314500
0.187500 0.375000 0.347300
0.262500 0.375000 0.387700
0.337500 0.375000 0.433000
0.412500 0.375000 0.481600
0.487500 0.375000 0.532500
0.562500 0.375000 0.584900
0.637500 0.375000 0.638200
0.712500 0.375000 0.692000
0.787500 0.375000 0.746000
0.862500 0.375000 0.799800
0.937500 0.375000 0.853000
1.012000 0.375000 0.905300
1.087000 0.375000 0.956300
1.163000 0.375000 1.006000
1.238000 0.375000 1.053000
1.313000 0.375000 1.097000
1.388000 0.375000 1.138000
1.463000 0.375000 1.176000
1.538000 0.375000 1.209000
1.613000 0.375000 1.237000
1.688000 0.375000 1.260000
1.763000 0.375000 1.278000
1.838000 0.375000 1.289000
1.913000 0.375000 1.294000
1.988000 0.375000 1.293000
2.063000 0.375000 1.287000
2.138000 0.375000 1.275000
2.213000 0.375000 1.258000
2.288000 0.375000 1.236000
2.363000 0.375000 1.211000
2.438000 0.375000 1.183000
2.513000 0.375000 1.153000
2.588000 0.375000 1.121000
2.663000 0.375000 1.088000
2.738000 0.375000 1.054000
2.813000 0.375000 1.020000
2.888000 0.375000 0.986400
2.963000 0.375000 0.953200
3.038000 0.375000 0.920900
3.113000 0.375000 0.889500
3.188000 0.375000 0.859200
3.263000 0.375000 0.830200
3.338000 0.375000 0.802700
3.413000 0.375000 0.776800
3.488000 0.375000 0.752700
3.563000 0.375000 0.730800
3.638000 0.375000 0.711700
3.713000 0.375000 0.696500
3.788000 0.375000 0.687100
3.863000 0.375000 0.000000
-0.037500 0.525000 0.000000
0.037500 0.525000 0.350000
0.112500 0.525000 0.357500
0.187500 0.525000 0.371200
0.262500 0.525000 0.389700
0.337500 0.525000 0.412000
0.412500 0.525000 0.437100
0.487500 0.525000 0.464500
0.562500 0.525000 0.493400
0.637500 0.525000 0.523500
0.712500 0.525000 0.554400
0.787500 0.525000 0.585700
0.862500 0.525000 0.617200
0.937500 0.525000 0.648400
1.012000 0.525000 0.679200
1.087000 0.525000 0.709200
1.163000 0.525000 0.738100
1.238000 0.525000 0.765600
1.313000 0.525000 0.791400
1.388000 0.525000 0.815300
1.463000 0.525000 0.836800
1.538000 0.525000 0.855600
1.613000 0.525000 0.871600
1.688000 0.525000 0.884500
1.763000 0.525000 0.894000
1.838000 0.525000 0.900100
1.913000 0.525000 0.902800
1.988000 0.525000 0.902000
2.063000 0.525000 0.897900
2.138000 0.525000 0.890600
2.213000 0.525000 0.880500
2.288000 0.525000 0.867800
2.363000 0.525000 0.852900
2.438000 0.525000 0.836100
2.513000 0.525000 0.817900
2.588000 0.525000 0.798500
2.663000 0.525000 0.778300
2.738000 0.525000 0.757600
2.813000 0.525000 0.736700
2.888000 0.525000 0.715800
2.963000 0.525000 0.695200
3.038000 0.525000 0.675000
3.113000 0.525000 0.655500
3.188000 0.525000 0.636800
3.263000 0.525000 0.619100
3.338000 0.525000 0.602400
3.413000 0.525000 0.587100
3.488000 0.525000 0.573300
3.563000 0.525000 0.561300
3.638000 0.525000 0.551500
3.713000 0.525000 0.544400
3.788000 0.525000 0.540500
3.863000 0.525000 0.000000
-0.037500 0.675000 0.000000
0.037500 0.675000 0.362300
0.112500 0.675000 0.365500
0.187500 0.675000 0.371700
0.262500 0.675000 0.380600
0.337500 0.675000 0.391900
0.412500 0.675000 0.405100
0.487500 0.675000 0.420000
0.562500 0.675000 0.436300
0.637500 0.675000 0.453500
0.712500 0.675000 0.471500
0.787500 0.675000 0.490000
0.862500 0.675000 0.508700
0.937500 0.675000 0.527400
1.012000 0.675000 0.545900
1.087000 0.675000 0.564000
1.163000 0.675000 0.581300
1.238000 0.675000 0.597800
1.313000 0.675000 0.613200
1.388000 0.675000 0.627300
1.463000 0.675000 0.639900
1.538000 0.675000 0.650900
1.613000 0.675000 0.660100
1.688000 0.675000 0.667400
1.763000 0.675000 0.672700
1.838000 0.675000 0.676000
1.913000 0.675000 0.677200
1.988000 0.675000 0.676400
2.063000 0.675000 0.673600
2.138000 0.675000 0.669000
2.213000 0.675000 0.662600
2.288000 0.675000 0.654600
2.363000 0.675000 0.645300
2.438000 0.675000 0.634800
2.513000 0.675000 0.623300
2.588000 0.675000 0.611000
2.663000 0.675000 0.598100
2.738000 0.675000 0.584800
2.813000 0.675000 0.571400
2.888000 0.675000 0.557900
2.963000 0.675000 0.544600
3.038000 0.675000 0.531600
3.113000 0.675000 0.519000
3.188000 0.675000 0.507100
3.263000 0.675000 0.495900
3.338000 0.675000 0.485500
3.413000 0.675000 0.476200
3.488000 0.675000 0.468100
3.563000 0.675000 0.461300
3.638000 0.675000 0.455900
3.713000 0.675000 0.452300
3.788000 0.675000 0.450400
3.863000 0.675000 0.000000
-0.037500 0.825000 0.000000
0.037500 0.825000 0.351100
0.112500 0.825000 0.353200
0.187500 0.825000 0.357400
0.262500 0.825000 0.363600
0.337500 0.825000 0.371600
0.412500 0.825000 0.381100
0.487500 0.825000 0.391900
0.562500 0.825000 0.403800
0.637500 0.825000 0.416600
0.712500 0.825000 0.430100
0.787500 0.825000 0.444000
0.862500 0.825000 0.458100
0.937500 0.825000 0.472300
1.012000 0.825000 0.486300
1.087000 0.825000 0.500000
1.163000 0.825000 0.513200
1.238000 0.825000 0.525700
1.313000 0.825000 0.537300
1.388000 0.825000 0.547900
1.463000 0.825000 0.557400
1.538000 0.825000 0.565600
1.613000 0.825000 0.572500
1.688000 0.825000 0.577800
1.763000 0.825000 0.581700
1.838000 0.825000 0.584000
1.913000 0.825000 0.584700
1.988000 0.825000 0.583900
2.063000 0.825000 0.581600
2.138000 0.825000 0.577900
2.213000 0.825000 0.572900
2.288000 0.825000 0.566600
2.363000 0.825000 0.559300
2.438000 0.825000 0.551000
2.513000 0.825000 0.542000
2.588000 0.825000 0.532300
2.663000 0.825000 0.522100
2.738000 0.825000 0.511600
2.813000 0.825000 0.501000
2.888000 0.825000 0.490300
2.963000 0.825000 0.479800
3.038000 0.825000 0.469500
3.113000 0.825000 0.459600
3.188000 0.825000 0.450200
3.263000 0.825000 0.441400
3.338000 0.825000 0.433400
3.413000 0.825000 0.426200
3.488000 0.825000 0.420000
3.563000 0.825000 0.414900
3.638000 0.825000 0.411000
3.713000 0.825000 0.408300
3.788000 0.825000 0.407000
3.863000 0.825000 0.000000
-0.037500 0.975000 0.000000
0.037500 0.975000 0.331000
0.112500 0.975000 0.332600
0.187500 0.975000 0.335700
0.262500 0.975000 0.340300
0.337500 0.975000 0.346200
0.412500 0.975000 0.353300
0.487500 0.975000 0.361500
0.562500 0.975000 0.370500
0.637500 0.975000 0.380300
0.712500 0.975000 0.390700
0.787500 0.975000 0.401400
0.862500 0.975000 0.412400
0.937500 0.975000 0.423400
1.012000 0.975000 0.434400
1.087000 0.975000 0.445000
1.163000 0.975000 0.455300
1.238000 0.975000 0.465000
1.313000 0.975000 0.474000
1.388000 0.975000 0.482300
1.463000 0.975000 0.489600
1.538000 0.975000 0.495900
1.613000 0.975000 0.501200
1.688000 0.975000 0.505200
1.763000 0.975000 0.508100
1.838000 0.975000 0.509800
1.913000 0.975000 0.510200
1.988000 0.975000 0.509500
2.063000 0.975000 0.507500
2.138000 0.975000 0.504500
2.213000 0.975000 0.500400
2.288000 0.975000 0.495300
2.363000 0.975000 0.489400
2.438000 0.975000 0.482700
2.513000 0.975000 0.475400
2.588000 0.975000 0.467600
2.663000 0.975000 0.459300
2.738000 0.975000 0.450900
2.813000 0.975000 0.442300
2.888000 0.975000 0.433600
2.963000 0.975000 0.425100
3.038000 0.975000 0.416800
3.113000 0.975000 0.408800
3.188000 0.975000 0.401200
3.263000 0.975000 0.394200
3.338000 0.975000 0.387800
3.413000 0.975000 0.382200
3.488000 0.975000 0.377300
3.563000 0.975000 0.373300
3.638000 0.975000 0.370300
3.713000 0.975000 0.368300
3.788000 0.975000 0.367200
3.863000 0.975000 0.000000
-0.037500 1.125000 0.000000
0.037500 1.125000 0.306700
0.112500 1.125000 0.308000
0.187500 1.125000 0.310500
0.262500 1.125000 0.314100
0.337500 1.125000 0.318800
0.412500 1.125000 0.324500
0.487500 1.125000 0.331100
0.562500 1.125000 0.338400
0.637500 1.125000 0.346300
0.712500 1.125000 0.354700
0.787500 1.125000 0.363500
0.862500 1.125000 0.372400
0.937500 1.125000 0.381400
1.012000 1.125000 0.390300
1.087000 1.125000 0.399000
1.163000 1.125000 0.407400
1.238000 1.125000 0.415300
1.313000 1.125000 0.422700
1.388000 1.125000 0.429400
1.463000 1.125000 0.435400
1.538000 1.125000 0.440500
1.613000 1.125000 0.444700
1.688000 1.125000 0.448000
1.763000 1.125000 0.450300
1.838000 1.125000 0.451500
1.913000 1.125000 0.451800
1.988000 1.125000 0.451100
2.063000 1.125000 0.449400
2.138000 1.125000 0.446800
2.213000 1.125000 0.443300
2.288000 1.125000 0.439100
2.363000 1.125000 0.434100
2.438000 1.125000 0.428500
2.513000 1.125000 0.422300
2.588000 1.125000 0.415800
2.663000 1.125000 0.408900
2.738000 1.125000 0.401800
2.813000 1.125000 0.394500
2.888000 1.125000 0.387300
2.963000 1.125000 0.380100
3.038000 1.125000 0.373100
3.113000 1.125000 0.366400
3.188000 1.125000 0.360100
3.263000 1.125000 0.354300
3.338000 1.125000 0.349000
3.413000 1.125000 0.344300
3.488000 1.125000 0.340300
3.563000 1.125000 0.337000
3.638000 1.125000 0.334500
3.713000 1.125000 0.332900
3.788000 1.125000 0.332000
3.863000 1.125000 0.000000
-0.037500 1.275000 0.000000
0.037500 1.275000 0.254900
0.112500 1.275000 0.255800
0.187500 1.275000 0.257700
0.262500 1.275000 0.260400
0.337500 1.275000 0.264000
0.412500 1.275000 0.268200
0.487500 1.275000 0.273200
0.562500 1.275000 0.278700
0.637500 1.275000 0.284700
0.712500 1.275000 0.291000
0.787500 1.275000 0.297600
0.862500 1.275000 0.304400
0.937500 1.275000 0.311200
1.012000 1.275000 0.318000
1.087000 1.275000 0.324600
1.163000 1.275000 0.331000
1.238000 1.275000 0.337000
1.313000 1.275000 0.342600
1.388000 1.275000 0.347700
1.463000 1.275000 0.352200
1.538000 1.275000 0.356000
1.613000 1.275000 0.359200
1.688000 1.275000 0.361700
1.763000 1.275000 0.363400
1.838000 1.275000 0.364300
1.913000 1.275000 0.364400
1.988000 1.275000 0.363800
2.063000 1.275000 0.362500
2.138000 1.275000 0.360400
2.213000 1.275000 0.357700
2.288000 1.275000 0.354400
2.363000 1.275000 0.350500
2.438000 1.275000 0.346200
2.513000 1.275000 0.341400
2.588000 1.275000 0.336300
2.663000 1.275000 0.331000
2.738000 1.275000 0.325400
2.813000 1.275000 0.319800
2.888000 1.275000 0.314200
2.963000 1.275000 0.308700
3.038000 1.275000 0.303300
3.113000 1.275000 0.298100
3.188000 1.275000 0.293200
3.263000 1.275000 0.288700
3.338000 1.275000 0.284600
3.413000 1.275000 0.281000
3.488000 1.275000 0.277900
3.563000 1.275000 0.275400
3.638000 1.275000 0.273500
3.713000 1.275000 0.272200
3.788000 1.275000 0.271600
3.863000 1.275000 0.000000
-0.037500 1.425000 0.000000
0.037500 1.425000 0.191700
0.112500 1.425000 0.192300
0.187500 1.425000 0.193600
0.262500 1.425000 0.195400
0.337500 1.425000 0.197700
0.412500 1.425000 0.200500
0.487500 1.425000 0.203800
0.562500 1.425000 0.207500
0.637500 1.425000 0.211500
0.712500 1.425000 0.215700
0.787500 1.425000 0.220100
0.862500 1.425000 0.224700
0.937500 1.425000 0.229200
1.012000 1.425000 0.233800
1.087000 1.425000 0.238200
1.163000 1.425000 0.242500
1.238000 1.425000 0.246500
1.313000 1.425000 0.250200
1.388000 1.425000 0.253600
1.463000 1.425000 0.256600
1.538000 1.425000 0.259200
1.613000 1.425000 0.261300
1.688000 1.425000 0.262900
1.763000 1.425000 0.264000
1.838000 1.425000 0.264600
1.913000 1.425000 0.264600
1.988000 1.425000 0.264200
2.063000 1.425000 0.263200
2.138000 1.425000 0.261800
2.213000 1.425000 0.259900
2.288000 1.425000 0.257600
2.363000 1.425000 0.254900
2.438000 1.425000 0.251900
2.513000 1.425000 0.248600
2.588000 1.425000 0.245100
2.663000 1.425000 0.241400
2.738000 1.425000 0.237600
2.813000 1.425000 0.233700
2.888000 1.425000 0.229800
2.963000 1.425000 0.226000
3.038000 1.425000 0.222300
3.113000 1.425000 0.218700
3.188000 1.425000 0.215400
3.263000 1.425000 0.212300
3.338000 1.425000 0.209500
3.413000 1.425000 0.207000
3.488000 1.425000 0.204900
3.563000 1.425000 0.203200
3.638000 1.425000 0.201900
3.713000 1.425000 0.201000
3.788000 1.425000 0.200600
3.863000 1.425000 0.000000
-0.037500 1.575000 0.000000
0.037500 1.575000 0.141700
0.112500 1.575000 0.142100
0.187500 1.575000 0.142900
0.262500 1.575000 0.144100
0.337500 1.575000 0.145600
0.412500 1.575000 0.147500
0.487500 1.575000 0.149600
0.562500 1.575000 0.152000
0.637500 1.575000 0.154700
0.712500 1.575000 0.157500
0.787500 1.575000 0.160400
0.862500 1.575000 0.163400
0.937500 1.575000 0.166400
1.012000 1.575000 0.169400
1.087000 1.575000 0.172300
1.163000 1.575000 0.175100
1.238000 1.575000 0.177800
1.313000 1.575000 0.180300
1.388000 1.575000 0.182500
1.463000 1.575000 0.184500
1.538000 1.575000 0.186200
1.613000 1.575000 0.187600
1.688000 1.575000 0.188600
1.763000 1.575000 0.189300
1.838000 1.575000 0.189700
1.913000 1.575000 0.189700
1.988000 1.575000 0.189300
2.063000 1.575000 0.188600
2.138000 1.575000 0.187600
2.213000 1.575000 0.186300
2.288000 1.575000 0.184700
2.363000 1.575000 0.182900
2.438000 1.575000 0.180800
2.513000 1.575000 0.178600
2.588000 1.575000 0.176200
2.663000 1.575000 0.173700
2.738000 1.575000 0.171100
2.813000 1.575000 0.168400
2.888000 1.575000 0.165800
2.963000 1.575000 0.163200
3.038000 1.575000 0.160700
3.113000 1.575000 0.158300
3.188000 1.575000 0.156000
3.263000 1.575000 0.153900
3.338000 1.575000 0.152000
3.413000 1.575000 0.150300
3.488000 1.575000 0.148900
3.563000 1.575000 0.147700
3.638000 1.575000 0.146800
3.713000 1.575000 0.146200
3.788000 1.575000 0.145900
3.863000 1.575000 0.000000
-0.037500 1.725000 0.000000
0.037500 1.725000 0.102800
0.112500 1.725000 0.103000
0.187500 1.725000 0.103500
0.262500 1.725000 0.104300
0.337500 1.725000 0.105300
0.412500 1.725000 0.106500
0.487500 1.725000 0.107900
0.562500 1.725000 0.109500
0.637500 1.725000 0.111200
0.712500 1.725000 0.113000
0.787500 1.725000 0.114900
0.862500 1.725000 0.116900
0.937500 1.725000 0.118800
1.012000 1.725000 0.120800
1.087000 1.725000 0.122700
1.163000 1.725000 0.124500
1.238000 1.725000 0.126300
1.313000 1.725000 0.127900
1.388000 1.725000 0.129300
1.463000 1.725000 0.130600
1.538000 1.725000 0.131700
1.613000 1.725000 0.132600
1.688000 1.725000 0.133300
1.763000 1.725000 0.133700
1.838000 1.725000 0.133900
1.913000 1.725000 0.133900
1.988000 1.725000 0.133600
2.063000 1.725000 0.133100
2.138000 1.725000 0.132500
2.213000 1.725000 0.131600
2.288000 1.725000 0.130500
2.363000 1.725000 0.129200
2.438000 1.725000 0.127900
2.513000 1.725000 0.126300
2.588000 1.725000 0.124700
2.663000 1.725000 0.123000
2.738000 1.725000 0.121300
2.813000 1.725000 0.119500
2.888000 1.725000 0.117800
2.963000 1.725000 0.116000
3.038000 1.725000 0.114300
3.113000 1.725000 0.112700
3.188000 1.725000 0.111200
3.263000 1.725000 0.109800
3.338000 1.725000 0.108500
3.413000 1.725000 0.107400
3.488000 1.725000 0.106400
3.563000 1.725000 0.105700
3.638000 1.725000 0.105100
3.713000 1.725000 0.104600
3.788000 1.725000 0.104400
3.863000 1.725000 0.000000
-0.037500 1.875000 0.000000
0.037500 1.875000 0.072880
0.112500 1.875000 0.073040
0.187500 1.875000 0.073370
0.262500 1.875000 0.073850
0.337500 1.875000 0.074480
0.412500 1.875000 0.075240
0.487500 1.875000 0.076130
0.562500 1.875000 0.077130
0.637500 1.875000 0.078210
0.712500 1.875000 0.079370
0.787500 1.875000 0.080580
0.862500 1.875000 0.081820
0.937500 1.875000 0.083080
1.012000 1.875000 0.084320
1.087000 1.875000 0.085540
1.163000 1.875000 0.086710
1.238000 1.875000 0.087810
1.313000 1.875000 0.088830
1.388000 1.875000 0.089750
1.463000 1.875000 0.090560
1.538000 1.875000 0.091250
1.613000 1.875000 0.091800
1.688000 1.875000 0.092210
1.763000 1.875000 0.092480
1.838000 1.875000 0.092590
1.913000 1.875000 0.092560
1.988000 1.875000 0.092380
2.063000 1.875000 0.092050
2.138000 1.875000 0.091590
2.213000 1.875000 0.091000
2.288000 1.875000 0.090280
2.363000 1.875000 0.089460
2.438000 1.875000 0.088550
2.513000 1.875000 0.087550
2.588000 1.875000 0.086490
2.663000 1.875000 0.085380
2.738000 1.875000 0.084240
2.813000 1.875000 0.083080
2.888000 1.875000 0.081930
2.963000 1.875000 0.080790
3.038000 1.875000 0.079680
3.113000 1.875000 0.078620
3.188000 1.875000 0.077630
3.263000 1.875000 0.076710
3.338000 1.875000 0.075880
3.413000 1.875000 0.075150
3.488000 1.875000 0.074520
3.563000 1.875000 0.074010
3.638000 1.875000 0.073620
3.713000 1.875000 0.073340
3.788000 1.875000 0.073200
3.863000 1.875000 0.000000
-0.037500 2.025000 0.000000
0.037500 2.025000 0.050040
0.112500 2.025000 0.050140
0.187500 2.025000 0.050340
0.262500 2.025000 0.050630
0.337500 2.025000 0.051000
0.412500 2.025000 0.051470
0.487500 2.025000 0.052010
0.562500 2.025000 0.052610
0.637500 2.025000 0.053270
0.712500 2.025000 0.053970
0.787500 2.025000 0.054700
0.862500 2.025000 0.055460
0.937500 2.025000 0.056220
1.012000 2.025000 0.056970
1.087000 2.025000 0.057710
1.163000 2.025000 0.058420
1.238000 2.025000 0.059080
1.313000 2.025000 0.059700
1.388000 2.025000 0.060260
1.463000 2.025000 0.060740
1.538000 2.025000 0.061150
1.613000 2.025000 0.061480
1.688000 2.025000 0.061720
1.763000 2.025000 0.061870
1.838000 2.025000 0.061930
1.913000 2.025000 0.061890
1.988000 2.025000 0.061770
2.063000 2.025000 0.061550
2.138000 2.025000 0.061250
2.213000 2.025000 0.060870
2.288000 2.025000 0.060420
2.363000 2.025000 0.059900
2.438000 2.025000 0.059320
2.513000 2.025000 0.058700
2.588000 2.025000 0.058030
2.663000 2.025000 0.057330
2.738000 2.025000 0.056610
2.813000 2.025000 0.055890
2.888000 2.025000 0.055160
2.963000 2.025000 0.054450
3.038000 2.025000 0.053760
3.113000 2.025000 0.053090
3.188000 2.025000 0.052470
3.263000 2.025000 0.051900
3.338000 2.025000 0.051380
3.413000 2.025000 0.050920
3.488000 2.025000 0.050530
3.563000 2.025000 0.050210
3.638000 2.025000 0.049970
3.713000 2.025000 0.049790
3.788000 2.025000 0.049700
3.863000 2.025000 0.000000
-0.037500 2.175000 0.000000
0.037500 2.175000 0.032510
0.112500 2.175000 0.032560
0.187500 2.175000 0.032670
0.262500 2.175000 0.032820
0.337500 2.175000 0.033020
0.412500 2.175000 0.033270
0.487500 2.175000 0.033560
0.562500 2.175000 0.033880
0.637500 2.175000 0.034230
0.712500 2.175000 0.034610
0.787500 2.175000 0.035000
0.862500 2.175000 0.035410
0.937500 2.175000 0.035810
1.012000 2.175000 0.036220
1.087000 2.175000 0.036610
1.163000 2.175000 0.036990
1.238000 2.175000 0.037340
1.313000 2.175000 0.037670
1.388000 2.175000 0.037960
1.463000 2.175000 0.038220
1.538000 2.175000 0.038430
1.613000 2.175000 0.038600
1.688000 2.175000 0.038720
1.763000 2.175000 0.038790
1.838000 2.175000 0.038800
1.913000 2.175000 0.038770
1.988000 2.175000 0.038690
2.063000 2.175000 0.038560
2.138000 2.175000 0.038380
2.213000 2.175000 0.038160
2.288000 2.175000 0.037900
2.363000 2.175000 0.037600
2.438000 2.175000 0.037270
2.513000 2.175000 0.036910
2.588000 2.175000 0.036530
2.663000 2.175000 0.036140
2.738000 2.175000 0.035730
2.813000 2.175000 0.035320
2.888000 2.175000 0.034910
2.963000 2.175000 0.034510
3.038000 2.175000 0.034120
3.113000 2.175000 0.033750
3.188000 2.175000 0.033400
3.263000 2.175000 0.033080
3.338000 2.175000 0.032790
3.413000 2.175000 0.032530
3.488000 2.175000 0.032320
3.563000 2.175000 0.032140
3.638000 2.175000 0.032000
3.713000 2.175000 0.031900
3.788000 2.175000 0.031850
3.863000 2.175000 0.000000
-0.037500 2.325000 0.000000
0.037500 2.325000 0.023350
0.112500 2.325000 0.023380
0.187500 2.325000 0.023430
0.262500 2.325000 0.023520
0.337500 2.325000 0.023630
0.412500 2.325000 0.023760
0.487500 2.325000 0.023920
0.562500 2.325000 0.024100
0.637500 2.325000 0.024290
0.712500 2.325000 0.024500
0.787500 2.325000 0.024720
0.862500 2.325000 0.024940
0.937500 2.325000 0.025160
1.012000 2.325000 0.025380
1.087000 2.325000 0.025600
1.163000 2.325000 0.025800
1.238000 2.325000 0.025990
1.313000 2.325000 0.026170
1.388000 2.325000 0.026330
1.463000 2.325000 0.026460
1.538000 2.325000 0.026570
1.613000 2.325000 0.026650
1.688000 2.325000 0.026710
1.763000 2.325000 0.026740
1.838000 2.325000 0.026740
1.913000 2.325000 0.026710
1.988000 2.325000 0.026650
2.063000 2.325000 0.026560
2.138000 2.325000 0.026450
2.213000 2.325000 0.026310
2.288000 2.325000 0.026150
2.363000 2.325000 0.025960
2.438000 2.325000 0.025760
2.513000 2.325000 0.025550
2.588000 2.325000 0.025320
2.663000 2.325000 0.025080
2.738000 2.325000 0.024840
2.813000 2.325000 0.024590
2.888000 2.325000 0.024350
2.963000 2.325000 0.024110
3.038000 2.325000 0.023880
3.113000 2.325000 0.023660
3.188000 2.325000 0.023450
3.263000 2.325000 0.023270
3.338000 2.325000 0.023100
3.413000 2.325000 0.022950
3.488000 2.325000 0.022820
3.563000 2.325000 0.022720
3.638000 2.325000 0.022640
3.713000 2.325000 0.022580
3.788000 2.325000 0.022560
3.863000 2.325000 0.000000
-0.037500 2.475000 0.000000
0.037500 2.475000 0.019590
0.112500 2.475000 0.019610
0.187500 2.475000 0.019650
0.262500 2.475000 0.019710
0.337500 2.475000 0.019790
0.412500 2.475000 0.019890
0.487500 2.475000 0.020010
0.562500 2.475000 0.020130
0.637500 2.475000 0.020270
0.712500 2.475000 0.020420
0.787500 2.475000 0.020580
0.862500 2.475000 0.020740
0.937500 2.475000 0.020900
1.012000 2.475000 0.021060
1.087000 2.475000 0.021210
1.163000 2.475000 0.021360
1.238000 2.475000 0.021490
1.313000 2.475000 0.021620
1.388000 2.475000 0.021730
1.463000 2.475000 0.021820
1.538000 2.475000 0.021890
1.613000 2.475000 0.021950
1.688000 2.475000 0.021990
1.763000 2.475000 0.022000
1.838000 2.475000 0.021990
1.913000 2.475000 0.021970
1.988000 2.475000 0.021920
2.063000 2.475000 0.021850
2.138000 2.475000 0.021760
2.213000 2.475000 0.021650
2.288000 2.475000 0.021520
2.363000 2.475000 0.021380
2.438000 2.475000 0.021230
2.513000 2.475000 0.021060
2.588000 2.475000 0.020890
2.663000 2.475000 0.020710
2.738000 2.475000 0.020520
2.813000 2.475000 0.020340
2.888000 2.475000 0.020160
2.963000 2.475000 0.019970
3.038000 2.475000 0.019800
3.113000 2.475000 0.019640
3.188000 2.475000 0.019480
3.263000 2.475000 0.019340
3.338000 2.475000 0.019210
3.413000 2.475000 0.019100
3.488000 2.475000 0.019010
3.563000 2.475000 0.018930
3.638000 2.475000 0.018870
3.713000 2.475000 0.018830
3.788000 2.475000 0.018810
3.863000 2.475000 0.000000
-0.037500 2.625000 0.000000
0.037500 2.625000 0.016590
0.112500 2.625000 0.016600
0.187500 2.625000 0.016630
0.262500 2.625000 0.016680
0.337500 2.625000 0.016740
0.412500 2.625000 0.016810
0.487500 2.625000 0.016900
0.562500 2.625000 0.016990
0.637500 2.625000 0.017100
0.712500 2.625000 0.017210
0.787500 2.625000 0.017320
0.862500 2.625000 0.017440
0.937500 2.625000 0.017560
1.012000 2.625000 0.017680
1.087000 2.625000 0.017790
1.163000 2.625000 0.017900
1.238000 2.625000 0.018000
1.313000 2.625000 0.018090
1.388000 2.625000 0.018170
1.463000 2.625000 0.018230
1.538000 2.625000 0.018290
1.613000 2.625000 0.018330
1.688000 2.625000 0.018350
1.763000 2.625000 0.018360
1.838000 2.625000 0.018350
1.913000 2.625000 0.018320
1.988000 2.625000 0.018280
2.063000 2.625000 0.018220
2.138000 2.625000 0.018150
2.213000 2.625000 0.018060
2.288000 2.625000 0.017960
2.363000 2.625000 0.017850
2.438000 2.625000 0.017730
2.513000 2.625000 0.017600
2.588000 2.625000 0.017470
2.663000 2.625000 0.017330
2.738000 2.625000 0.017180
2.813000 2.625000 0.017040
2.888000 2.625000 0.016900
2.963000 2.625000 0.016760
3.038000 2.625000 0.016620
3.113000 2.625000 0.016490
3.188000 2.625000 0.016370
3.263000 2.625000 0.016270
3.338000 2.625000 0.016170
3.413000 2.625000 0.016080
3.488000 2.625000 0.016010
3.563000 2.625000 0.015960
3.638000 2.625000 0.015910
3.713000 2.625000 0.015880
3.788000 2.625000 0.015870
3.863000 2.625000 0.000000
-0.037500 2.775000 0.000000
0.037500 2.775000 0.014260
0.112500 2.775000 0.014270
0.187500 2.775000 0.014300
0.262500 2.775000 0.014340
0.337500 2.775000 0.014380
0.412500 2.775000 0.014440
0.487500 2.775000 0.014510
0.562500 2.775000 0.014590
0.637500 2.775000 0.014670
0.712500 2.775000 0.014760
0.787500 2.775000 0.014850
0.862500 2.775000 0.014940
0.937500 2.775000 0.015030
1.012000 2.775000 0.015120
1.087000 2.775000 0.015210
1.163000 2.775000 0.015290
1.238000 2.775000 0.015370
1.313000 2.775000 0.015440
1.388000 2.775000 0.015500
1.463000 2.775000 0.015550
1.538000 2.775000 0.015590
1.613000 2.775000 0.015620
1.688000 2.775000 0.015640
1.763000 2.775000 0.015640
1.838000 2.775000 0.015630
1.913000 2.775000 0.015610
1.988000 2.775000 0.015570
2.063000 2.775000 0.015520
2.138000 2.775000 0.015460
2.213000 2.775000 0.015390
2.288000 2.775000 0.015310
2.363000 2.775000 0.015220
2.438000 2.775000 0.015120
2.513000 2.775000 0.015020
2.588000 2.775000 0.014900
2.663000 2.775000 0.014790
2.738000 2.775000 0.014670
2.813000 2.775000 0.014560
2.888000 2.775000 0.014440
2.963000 2.775000 0.014330
3.038000 2.775000 0.014220
3.113000 2.775000 0.014120
3.188000 2.775000 0.014020
3.263000 2.775000 0.013930
3.338000 2.775000 0.013860
3.413000 2.775000 0.013790
3.488000 2.775000 0.013730
3.563000 2.775000 0.013690
3.638000 2.775000 0.013650
3.713000 2.775000 0.013630
3.788000 2.775000 0.013620
3.863000 2.775000 0.000000
-0.037500 2.925000 0.000000
0.037500 2.925000 0.010850
0.112500 2.925000 0.010860
0.187500 2.925000 0.010880
0.262500 2.925000 0.010910
0.337500 2.925000 0.010940
0.412500 2.925000 0.010990
0.487500 2.925000 0.011030
0.562500 2.925000 0.011090
0.637500 2.925000 0.011150
0.712500 2.925000 0.011210
0.787500 2.925000 0.011280
0.862500 2.925000 0.011340
0.937500 2.925000 0.011410
1.012000 2.925000 0.011470
1.087000 2.925000 0.011540
1.163000 2.925000 0.011600
1.238000 2.925000 0.011650
1.313000 2.925000 0.011700
1.388000 2.925000 0.011750
1.463000 2.925000 0.011780
1.538000 2.925000 0.011810
1.613000 2.925000 0.011830
1.688000 2.925000 0.011840
1.763000 2.925000 0.011840
1.838000 2.925000 0.011830
1.913000 2.925000 0.011810
1.988000 2.925000 0.011790
2.063000 2.925000 0.011750
2.138000 2.925000 0.011710
2.213000 2.925000 0.011650
2.288000 2.925000 0.011590
2.363000 2.925000 0.011530
2.438000 2.925000 0.011450
2.513000 2.925000 0.011370
2.588000 2.925000 0.011290
2.663000 2.925000 0.011210
2.738000 2.925000 0.011120
2.813000 2.925000 0.011040
2.888000 2.925000 0.010950
2.963000 2.925000 0.010870
3.038000 2.925000 0.010790
3.113000 2.925000 0.010710
3.188000 2.925000 0.010640
3.263000 2.925000 0.010580
3.338000 2.925000 0.010520
3.413000 2.925000 0.010470
3.488000 2.925000 0.010430
3.563000 2.925000 0.010400
3.638000 2.925000 0.010380
3.713000 2.925000 0.010360
3.788000 2.925000 0.010350
3.863000 2.925000 0.000000
-0.037500 3.075000 0.000000
0.037500 3.075000 0.007327
0.112500 3.075000 0.007334
0.187500 3.075000 0.007346
0.262500 3.075000 0.007363
0.337500 3.075000 0.007386
0.412500 3.075000 0.007412
0.487500 3.075000 0.007443
0.562500 3.075000 0.007477
0.637500 3.075000 0.007514
0.712500 3.075000 0.007553
0.787500 3.075000 0.007594
0.862500 3.075000 0.007635
0.937500 3.075000 0.007677
1.012000 3.075000 0.007717
1.087000 3.075000 0.007757
1.163000 3.075000 0.007794
1.238000 3.075000 0.007828
1.313000 3.075000 0.007859
1.388000 3.075000 0.007886
1.463000 3.075000 0.007908
1.538000 3.075000 0.007925
1.613000 3.075000 0.007936
1.688000 3.075000 0.007942
1.763000 3.075000 0.007942
1.838000 3.075000 0.007936
1.913000 3.075000 0.007923
1.988000 3.075000 0.007905
2.063000 3.075000 0.007881
2.138000 3.075000 0.007851
2.213000 3.075000 0.007816
2.288000 3.075000 0.007777
2.363000 3.075000 0.007733
2.438000 3.075000 0.007686
2.513000 3.075000 0.007636
2.588000 3.075000 0.007583
2.663000 3.075000 0.007529
2.738000 3.075000 0.007473
2.813000 3.075000 0.007418
2.888000 3.075000 0.007363
2.963000 3.075000 0.007310
3.038000 3.075000 0.007258
3.113000 3.075000 0.007209
3.188000 3.075000 0.007164
3.263000 3.075000 0.007123
3.338000 3.075000 0.007086
3.413000 3.075000 0.007054
3.488000 3.075000 0.007027
3.563000 3.075000 0.007006
3.638000 3.075000 0.006990
3.713000 3.075000 0.006978
3.788000 3.075000 0.006972
3.863000 3.075000 0.000000
-0.037500 3.225000 0.000000
0.037500 3.225000 0.004914
0.112500 3.225000 0.004918
0.187500 3.225000 0.004926
0.262500 3.225000 0.004936
0.337500 3.225000 0.004950
0.412500 3.225000 0.004966
0.487500 3.225000 0.004985
0.562500 3.225000 0.005006
0.637500 3.225000 0.005029
0.712500 3.225000 0.005054
0.787500 3.225000 0.005079
0.862500 3.225000 0.005105
0.937500 3.225000 0.005130
1.012000 3.225000 0.005156
1.087000 3.225000 0.005180
1.163000 3.225000 0.005203
1.238000 3.225000 0.005224
1.313000 3.225000 0.005243
1.388000 3.225000 0.005259
1.463000 3.225000 0.005273
1.538000 3.225000 0.005283
1.613000 3.225000 0.005289
1.688000 3.225000 0.005292
1.763000 3.225000 0.005292
1.838000 3.225000 0.005287
1.913000 3.225000 0.005279
1.988000 3.225000 0.005266
2.063000 3.225000 0.005250
2.138000 3.225000 0.005231
2.213000 3.225000 0.005209
2.288000 3.225000 0.005183
2.363000 3.225000 0.005155
2.438000 3.225000 0.005124
2.513000 3.225000 0.005092
2.588000 3.225000 0.005058
2.663000 3.225000 0.005023
2.738000 3.225000 0.004988
2.813000 3.225000 0.004952
2.888000 3.225000 0.004917
2.963000 3.225000 0.004883
3.038000 3.225000 0.004850
3.113000 3.225000 0.004818
3.188000 3.225000 0.004789
3.263000 3.225000 0.004763
3.338000 3.225000 0.004739
3.413000 3.225000 0.004718
3.488000 3.225000 0.004701
3.563000 3.225000 0.004687
3.638000 3.225000 0.004675
3.713000 3.225000 0.004667
3.788000 3.225000 0.004663
3.863000 3.225000 0.000000
-0.037500 3.375000 0.000000
0.037500 3.375000 0.003273
0.112500 3.375000 0.003275
0.187500 3.375000 0.003279
0.262500 3.375000 0.003286
0.337500 3.375000 0.003294
0.412500 3.375000 0.003304
0.487500 3.375000 0.003316
0.562500 3.375000 0.003329
0.637500 3.375000 0.003343
0.712500 3.375000 0.003358
0.787500 3.375000 0.003373
0.862500 3.375000 0.003389
0.937500 3.375000 0.003405
1.012000 3.375000 0.003421
1.087000 3.375000 0.003436
1.163000 3.375000 0.003450
1.238000 3.375000 0.003463
1.313000 3.375000 0.003474
1.388000 3.375000 0.003484
1.463000 3.375000 0.003492
1.538000 3.375000 0.003498
1.613000 3.375000 0.003502
1.688000 3.375000 0.003503
1.763000 3.375000 0.003502
1.838000 3.375000 0.003499
1.913000 3.375000 0.003493
1.988000 3.375000 0.003485
2.063000 3.375000 0.003475
2.138000 3.375000 0.003462
2.213000 3.375000 0.003448
2.288000 3.375000 0.003431
2.363000 3.375000 0.003413
2.438000 3.375000 0.003394
2.513000 3.375000 0.003373
2.588000 3.375000 0.003351
2.663000 3.375000 0.003329
2.738000 3.375000 0.003306
2.813000 3.375000 0.003284
2.888000 3.375000 0.003261
2.963000 3.375000 0.003239
3.038000 3.375000 0.003218
3.113000 3.375000 0.003198
3.188000 3.375000 0.003180
3.263000 3.375000 0.003163
3.338000 3.375000 0.003148
3.413000 3.375000 0.003134
3.488000 3.375000 0.003123
3.563000 3.375000 0.003113
3.638000 3.375000 0.003106
3.713000 3.375000 0.003100
3.788000 3.375000 0.003097
3.863000 3.375000 0.000000
-0.037500 3.525000 0.000000
0.037500 3.525000 0.002163
0.112500 3.525000 0.002164
0.187500 3.525000 0.002167
0.262500 3.525000 0.002171
0.337500 3.525000 0.002175
0.412500 3.525000 0.002182
0.487500 3.525000 0.002189
0.562500 3.525000 0.002197
0.637500 3.525000 0.002205
0.712500 3.525000 0.002215
0.787500 3.525000 0.002224
0.862500 3.525000 0.002234
0.937500 3.525000 0.002244
1.012000 3.525000 0.002253
1.087000 3.525000 0.002262
1.163000 3.525000 0.002271
1.238000 3.525000 0.002279
1.313000 3.525000 0.002286
1.388000 3.525000 0.002292
1.463000 3.525000 0.002296
1.538000 3.525000 0.002300
1.613000 3.525000 0.002302
1.688000 3.525000 0.002303
1.763000 3.525000 0.002302
1.838000 3.525000 0.002300
1.913000 3.525000 0.002296
1.988000 3.525000 0.002290
2.063000 3.525000 0.002284
2.138000 3.525000 0.002276
2.213000 3.525000 0.002266
2.288000 3.525000 0.002256
2.363000 3.525000 0.002244
2.438000 3.525000 0.002232
2.513000 3.525000 0.002218
2.588000 3.525000 0.002205
2.663000 3.525000 0.002190
2.738000 3.525000 0.002176
2.813000 3.525000 0.002162
2.888000 3.525000 0.002148
2.963000 3.525000 0.002134
3.038000 3.525000 0.002120
3.113000 3.525000 0.002108
3.188000 3.525000 0.002096
3.263000 3.525000 0.002085
3.338000 3.525000 0.002076
3.413000 3.525000 0.002067
3.488000 3.525000 0.002060
3.563000 3.525000 0.002054
3.638000 3.525000 0.002048
3.713000 3.525000 0.002044
3.788000 3.525000 0.002042
3.863000 3.525000 0.000000
-0.037500 3.675000 0.000000
0.037500 3.675000 0.001419
0.112500 3.675000 0.001419
0.187500 3.675000 0.001421
0.262500 3.675000 0.001423
0.337500 3.675000 0.001426
0.412500 3.675000 0.001430
0.487500 3.675000 0.001434
0.562500 3.675000 0.001439
0.637500 3.675000 0.001444
0.712500 3.675000 0.001450
0.787500 3.675000 0.001456
0.862500 3.675000 0.001462
0.937500 3.675000 0.001468
1.012000 3.675000 0.001474
1.087000 3.675000 0.001479
1.163000 3.675000 0.001484
1.238000 3.675000 0.001489
1.313000 3.675000 0.001493
1.388000 3.675000 0.001497
1.463000 3.675000 0.001500
1.538000 3.675000 0.001502
1.613000 3.675000 0.001503
1.688000 3.675000 0.001503
1.763000 3.675000 0.001502
1.838000 3.675000 0.001501
1.913000 3.675000 0.001498
1.988000 3.675000 0.001495
2.063000 3.675000 0.001490
2.138000 3.675000 0.001485
2.213000 3.675000 0.001479
2.288000 3.675000 0.001472
2.363000 3.675000 0.001465
2.438000 3.675000 0.001457
2.513000 3.675000 0.001449
2.588000 3.675000 0.001440
2.663000 3.675000 0.001431
2.738000 3.675000 0.001422
2.813000 3.675000 0.001413
2.888000 3.675000 0.001404
2.963000 3.675000 0.001396
3.038000 3.675000 0.001387
3.113000 3.675000 0.001379
3.188000 3.675000 0.001372
3.263000 3.675000 0.001365
3.338000 3.675000 0.001359
3.413000 3.675000 0.001354
3.488000 3.675000 0.001349
3.563000 3.675000 0.001345
3.638000 3.675000 0.001342
3.713000 3.675000 0.001339
3.788000 3.675000 0.001338
3.863000 3.675000 0.000000
-0.037500 3.825000 0.000000
0.037500 3.825000 0.000924
0.112500 3.825000 0.000924
0.187500 3.825000 0.000925
0.262500 3.825000 0.000927
0.337500 3.825000 0.000928
0.412500 3.825000 0.000931
0.487500 3.825000 0.000933
0.562500 3.825000 0.000936
0.637500 3.825000 0.000939
0.712500 3.825000 0.000943
0.787500 3.825000 0.000946
0.862500 3.825000 0.000950
0.937500 3.825000 0.000954
1.012000 3.825000 0.000957
1.087000 3.825000 0.000960
1.163000 3.825000 0.000964
1.238000 3.825000 0.000966
1.313000 3.825000 0.000969
1.388000 3.825000 0.000971
1.463000 3.825000 0.000973
1.538000 3.825000 0.000974
1.613000 3.825000 0.000974
1.688000 3.825000 0.000975
1.763000 3.825000 0.000974
1.838000 3.825000 0.000973
1.913000 3.825000 0.000971
1.988000 3.825000 0.000969
2.063000 3.825000 0.000966
2.138000 3.825000 0.000963
2.213000 3.825000 0.000959
2.288000 3.825000 0.000955
2.363000 3.825000 0.000950
2.438000 3.825000 0.000945
2.513000 3.825000 0.000940
2.588000 3.825000 0.000935
2.663000 3.825000 0.000929
2.738000 3.825000 0.000923
2.813000 3.825000 0.000918
2.888000 3.825000 0.000912
2.963000 3.825000 0.000907
3.038000 3.825000 0.000901
3.113000 3.825000 0.000897
3.188000 3.825000 0.000892
3.263000 3.825000 0.000888
3.338000 3.825000 0.000884
3.413000 3.825000 0.000880
3.488000 3.825000 0.000877
3.563000 3.825000 0.000875
3.638000 3.825000 0.000873
3.713000 3.825000 0.000871
3.788000 3.825000 0.000870
3.863000 3.825000 0.000000
-0.037500 3.975000 0.000000
0.037500 3.975000 0.000598
0.112500 3.975000 0.000598
0.187500 3.975000 0.000598
0.262500 3.975000 0.000599
0.337500 3.975000 0.000600
0.412500 3.975000 0.000602
0.487500 3.975000 0.000603
0.562500 3.975000 0.000605
0.637500 3.975000 0.000607
0.712500 3.975000 0.000609
0.787500 3.975000 0.000611
0.862500 3.975000 0.000613
0.937500 3.975000 0.000615
1.012000 3.975000 0.000618
1.087000 3.975000 0.000620
1.163000 3.975000 0.000622
1.238000 3.975000 0.000623
1.313000 3.975000 0.000625
1.388000 3.975000 0.000626
1.463000 3.975000 0.000627
1.538000 3.975000 0.000628
1.613000 3.975000 0.000628
1.688000 3.975000 0.000628
1.763000 3.975000 0.000628
1.838000 3.975000 0.000627
1.913000 3.975000 0.000626
1.988000 3.975000 0.000624
2.063000 3.975000 0.000623
2.138000 3.975000 0.000620
2.213000 3.975000 0.000618
2.288000 3.975000 0.000615
2.363000 3.975000 0.000612
2.438000 3.975000 0.000609
2.513000 3.975000 0.000606
2.588000 3.975000 0.000603
2.663000 3.975000 0.000599
2.738000 3.975000 0.000596
2.813000 3.975000 0.000592
2.888000 3.975000 0.000589
2.963000 3.975000 0.000585
3.038000 3.975000 0.000582
3.113000 3.975000 0.000579
3.188000 3.975000 0.000576
3.263000 3.975000 0.000573
3.338000 3.975000 0.000571
3.413000 3.975000 0.000569
3.488000 3.975000 0.000567
3.563000 3.975000 0.000565
3.638000 3.975000 0.000564
3.713000 3.975000 0.000563
3.788000 3.975000 0.000562
3.863000 3.975000 0.000000
-0.037500 4.125000 0.000000
0.037500 4.125000 0.000384
0.112500 4.125000 0.000384
0.187500 4.125000 0.000385
0.262500 4.125000 0.000385
0.337500 4.125000 0.000386
0.412500 4.125000 0.000387
0.487500 4.125000 0.000388
0.562500 4.125000 0.000389
0.637500 4.125000 0.000390
0.712500 4.125000 0.000391
0.787500 4.125000 0.000392
0.862500 4.125000 0.000394
0.937500 4.125000 0.000395
1.012000 4.125000 0.000396
1.087000 4.125000 0.000397
1.163000 4.125000 0.000399
1.238000 4.125000 0.000399
1.313000 4.125000 0.000400
1.388000 4.125000 0.000401
1.463000 4.125000 0.000402
1.538000 4.125000 0.000402
1.613000 4.125000 0.000402
1.688000 4.125000 0.000402
1.763000 4.125000 0.000402
1.838000 4.125000 0.000401
1.913000 4.125000 0.000401
1.988000 4.125000 0.000400
2.063000 4.125000 0.000399
2.138000 4.125000 0.000397
2.213000 4.125000 0.000396
2.288000 4.125000 0.000394
2.363000 4.125000 0.000392
2.438000 4.125000 0.000391
2.513000 4.125000 0.000388
2.588000 4.125000 0.000386
2.663000 4.125000 0.000384
2.738000 4.125000 0.000382
2.813000 4.125000 0.000380
2.888000 4.125000 0.000378
2.963000 4.125000 0.000376
3.038000 4.125000 0.000374
3.113000 4.125000 0.000372
3.188000 4.125000 0.000370
3.263000 4.125000 0.000368
3.338000 4.125000 0.000367
3.413000 4.125000 0.000365
3.488000 4.125000 0.000364
3.563000 4.125000 0.000363
3.638000 4.125000 0.000362
3.713000 4.125000 0.000362
3.788000 4.125000 0.000361
3.863000 4.125000 0.000000
-0.037500 4.275000 0.000000
0.037500 4.275000 0.000246
0.112500 4.275000 0.000246
0.187500 4.275000 0.000246
0.262500 4.275000 0.000246
0.337500 4.275000 0.000247
0.412500 4.275000 0.000247
0.487500 4.275000 0.000248
0.562500 4.275000 0.000249
0.637500 4.275000 0.000249
0.712500 4.275000 0.000250
0.787500 4.275000 0.000251
0.862500 4.275000 0.000251
0.937500 4.275000 0.000252
1.012000 4.275000 0.000253
1.087000 4.275000 0.000254
1.163000 4.275000 0.000254
1.238000 4.275000 0.000255
1.313000 4.275000 0.000255
1.388000 4.275000 0.000256
1.463000 4.275000 0.000256
1.538000 4.275000 0.000256
1.613000 4.275000 0.000257
1.688000 4.275000 0.000256
1.763000 4.275000 0.000256
1.838000 4.275000 0.000256
1.913000 4.275000 0.000255
1.988000 4.275000 0.000255
2.063000 4.275000 0.000254
2.138000 4.275000 0.000253
2.213000 4.275000 0.000252
2.288000 4.275000 0.000251
2.363000 4.275000 0.000250
2.438000 4.275000 0.000249
2.513000 4.275000 0.000248
2.588000 4.275000 0.000247
2.663000 4.275000 0.000245
2.738000 4.275000 0.000244
2.813000 4.275000 0.000242
2.888000 4.275000 0.000241
2.963000 4.275000 0.000240
3.038000 4.275000 0.000239
3.113000 4.275000 0.000238
3.188000 4.275000 0.000236
3.263000 4.275000 0.000235
3.338000 4.275000 0.000234
3.413000 4.275000 0.000234
3.488000 4.275000 0.000233
3.563000 4.275000 0.000232
3.638000 4.275000 0.000232
3.713000 4.275000 0.000231
3.788000 4.275000 0.000231
3.863000 4.275000 0.000000
-0.037500 4.425000 0.000000
0.037500 4.425000 0.000157
0.112500 4.425000 0.000157
0.187500 4.425000 0.000157
0.262500 4.425000 0.000157
0.337500 4.425000 0.000158
0.412500 4.425000 0.000158
0.487500 4.425000 0.000158
0.562500 4.425000 0.000159
0.637500 4.425000 0.000159
0.712500 4.425000 0.000159
0.787500 4.425000 0.000160
0.862500 4.425000 0.000160
0.937500 4.425000 0.000161
1.012000 4.425000 0.000161
1.087000 4.425000 0.000162
1.163000 4.425000 0.000162
1.238000 4.425000 0.000162
1.313000 4.425000 0.000163
1.388000 4.425000 0.000163
1.463000 4.425000 0.000163
1.538000 4.425000 0.000163
1.613000 4.425000 0.000163
1.688000 4.425000 0.000163
1.763000 4.425000 0.000163
1.838000 4.425000 0.000163
1.913000 4.425000 0.000163
1.988000 4.425000 0.000162
2.063000 4.425000 0.000162
2.138000 4.425000 0.000161
2.213000 4.425000 0.000161
2.288000 4.425000 0.000160
2.363000 4.425000 0.000159
2.438000 4.425000 0.000159
2.513000 4.425000 0.000158
2.588000 4.425000 0.000157
2.663000 4.425000 0.000156
2.738000 4.425000 0.000155
2.813000 4.425000 0.000155
2.888000 4.425000 0.000154
2.963000 4.425000 0.000153
3.038000 4.425000 0.000152
3.113000 4.425000 0.000152
3.188000 4.425000 0.000151
3.263000 4.425000 0.000150
3.338000 4.425000 0.000150
3.413000 4.425000 0.000149
3.488000 4.425000 0.000149
3.563000 4.425000 0.000148
3.638000 4.425000 0.000148
3.713000 4.425000 0.000148
3.788000 4.425000 0.000148
3.863000 4.425000 0.000000
-0.037500 4.575000 0.000000
0.037500 4.575000 0.000101
0.112500 4.575000 0.000101
0.187500 4.575000 0.000101
0.262500 4.575000 0.000101
0.337500 4.575000 0.000101
0.412500 4.575000 0.000101
0.487500 4.575000 0.000102
0.562500 4.575000 0.000102
0.637500 4.575000 0.000102
0.712500 4.575000 0.000102
0.787500 4.575000 0.000103
0.862500 4.575000 0.000103
0.937500 4.575000 0.000103
1.012000 4.575000 0.000103
1.087000 4.575000 0.000104
1.163000 4.575000 0.000104
1.238000 4.575000 0.000104
1.313000 4.575000 0.000104
1.388000 4.575000 0.000104
1.463000 4.575000 0.000105
1.538000 4.575000 0.000105
1.613000 4.575000 0.000105
1.688000 4.575000 0.000105
1.763000 4.575000 0.000104
1.838000 4.575000 0.000104
1.913000 4.575000 0.000104
1.988000 4.575000 0.000104
2.063000 4.575000 0.000104
2.138000 4.575000 0.000103
2.213000 4.575000 0.000103
2.288000 4.575000 0.000103
2.363000 4.575000 0.000102
2.438000 4.575000 0.000102
2.513000 4.575000 0.000101
2.588000 4.575000 0.000101
2.663000 4.575000 0.000100
2.738000 4.575000 0.000100
2.813000 4.575000 0.000099
2.888000 4.575000 0.000099
2.963000 4.575000 0.000098
3.038000 4.575000 0.000098
3.113000 4.575000 0.000097
3.188000 4.575000 0.000097
3.263000 4.575000 0.000096
3.338000 4.575000 0.000096
3.413000 4.575000 0.000096
3.488000 4.575000 0.000095
3.563000 4.575000 0.000095
3.638000 4.575000 0.000095
3.713000 4.575000 0.000095
3.788000 4.575000 0.000095
3.863000 4.575000 0.000000
-0.037500 4.725000 0.000000
0.037500 4.725000 0.000066
0.112500 4.725000 0.000066
0.187500 4.725000 0.000066
0.262500 4.725000 0.000066
0.337500 4.725000 0.000067
0.412500 4.725000 0.000067
0.487500 4.725000 0.000067
0.562500 4.725000 0.000067
0.637500 4.725000 0.000067
0.712500 4.725000 0.000067
0.787500 4.725000 0.000067
0.862500 4.725000 0.000068
0.937500 4.725000 0.000068
1.012000 4.725000 0.000068
1.087000 4.725000 0.000068
1.163000 4.725000 0.000068
1.238000 4.725000 0.000068
1.313000 4.725000 0.000068
1.388000 4.725000 0.000069
1.463000 4.725000 0.000069
1.538000 4.725000 0.000069
1.613000 4.725000 0.000069
1.688000 4.725000 0.000069
1.763000 4.725000 0.000069
1.838000 4.725000 0.000068
1.913000 4.725000 0.000068
1.988000 4.725000 0.000068
2.063000 4.725000 0.000068
2.138000 4.725000 0.000068
2.213000 4.725000 0.000068
2.288000 4.725000 0.000067
2.363000 4.725000 0.000067
2.438000 4.725000 0.000067
2.513000 4.725000 0.000066
2.588000 4.725000 0.000066
2.663000 4.725000 0.000066
2.738000 4.725000 0.000065
2.813000 4.725000 0.000065
2.888000 4.725000 0.000065
2.963000 4.725000 0.000065
3.038000 4.725000 0.000064
3.113000 4.725000 0.000064
3.188000 4.725000 0.000064
3.263000 4.725000 0.000063
3.338000 4.725000 0.000063
3.413000 4.725000 0.000063
3.488000 4.725000 0.000063
3.563000 4.725000 0.000063
3.638000 4.725000 0.000063
3.713000 4.725000 0.000062
3.788000 4.725000 0.000062
3.863000 4.725000 0.000000
-0.037500 4.875000 0.000000
0.037500 4.875000 0.000047
0.112500 4.875000 0.000047
0.187500 4.875000 0.000047
0.262500 4.875000 0.000047
0.337500 4.875000 0.000047
0.412500 4.875000 0.000047
0.487500 4.875000 0.000047
0.562500 4.875000 0.000047
0.637500 4.875000 0.000047
0.712500 4.875000 0.000047
0.787500 4.875000 0.000047
0.862500 4.875000 0.000047
0.937500 4.875000 0.000048
1.012000 4.875000 0.000048
1.087000 4.875000 0.000048
1.163000 4.875000 0.000048
1.238000 4.875000 0.000048
1.313000 4.875000 0.000048
1.388000 4.875000 0.000048
1.463000 4.875000 0.000048
1.538000 4.875000 0.000048
1.613000 4.875000 0.000048
1.688000 4.875000 0.000048
1.763000 4.875000 0.000048
1.838000 4.875000 0.000048
1.913000 4.875000 0.000048
1.988000 4.875000 0.000048
2.063000 4.875000 0.000048
2.138000 4.875000 0.000048
2.213000 4.875000 0.000047
2.288000 4.875000 0.000047
2.363000 4.875000 0.000047
2.438000 4.875000 0.000047
2.513000 4.875000 0.000047
2.588000 4.875000 0.000046
2.663000 4.875000 0.000046
2.738000 4.875000 0.000046
2.813000 4.875000 0.000046
2.888000 4.875000 0.000046
2.963000 4.875000 0.000045
3.038000 4.875000 0.000045
3.113000 4.875000 0.000045
3.188000 4.875000 0.000045
3.263000 4.875000 0.000045
3.338000 4.875000 0.000044
3.413000 4.875000 0.000044
3.488000 4.875000 0.000044
3.563000 4.875000 0.000044
3.638000 4.875000 0.000044
3.713000 4.875000 0.000044
3.788000 4.875000 0.000044
3.863000 4.875000 0.000000
-0.037500 5.025000 0.000000
0.037500 5.025000 0.000038
0.112500 5.025000 0.000038
0.187500 5.025000 0.000038
0.262500 5.025000 0.000038
0.337500 5.025000 0.000038
0.412500 5.025000 0.000038
0.487500 5.025000 0.000038
0.562500 5.025000 0.000038
0.637500 5.025000 0.000038
0.712500 5.025000 0.000038
0.787500 5.025000 0.000038
0.862500 5.025000 0.000038
0.937500 5.025000 0.000038
1.012000 5.025000 0.000039
1.087000 5.025000 0.000039
1.163000 5.025000 0.000039
1.238000 5.025000 0.000039
1.313000 5.025000 0.000039
1.388000 5.025000 0.000039
1.463000 5.025000 0.000039
1.538000 5.025000 0.000039
1.613000 5.025000 0.000039
1.688000 5.025000 0.000039
1.763000 5.025000 0.000039
1.838000 5.025000 0.000039
1.913000 5.025000 0.000039
1.988000 5.025000 0.000039
2.063000 5.025000 0.000039
2.138000 5.025000 0.000038
2.213000 5.025000 0.000038
2.288000 5.025000 0.000038
2.363000 5.025000 0.000038
2.438000 5.025000 0.000038
2.513000 5.025000 0.000038
2.588000 5.025000 0.000038
2.663000 5.025000 0.000037
2.738000 5.025000 0.000037
2.813000 5.025000 0.000037
2.888000 5.025000 0.000037
2.963000 5.025000 0.000037
3.038000 5.025000 0.000036
3.113000 5.025000 0.000036
3.188000 5.025000 0.000036
3.263000 5.025000 0.000036
3.338000 5.025000 0.000036
3.413000 5.025000 0.000036
3.488000 5.025000 0.000036
3.563000 5.025000 0.000036
3.638000 5.025000 0.000036
3.713000 5.025000 0.000036
3.788000 5.025000 0.000035
3.863000 5.025000 0.000000
-0.037500 5.175000 0.000000
0.037500 5.175000 0.000000
0.112500 5.175000 0.000000
0.187500 5.175000 0.000000
0.262500 5.175000 0.000000
0.337500 5.175000 0.000000
0.412500 5.175000 0.000000
0.487500 5.175000 0.000000
0.562500 5.175000 0.000000
0.637500 5.175000 0.000000
0.712500 5.175000 0.000000
0.787500 5.175000 0.000000
0.862500 5.175000 0.000000
0.937500 5.175000 0.000000
1.012000 5.175000 0.000000
1.087000 5.175000 0.000000
1.163000 5.175000 0.000000
1.238000 5.175000 0.000000
1.313000 5.175000 0.000000
1.388000 5.175000 0.000000
1.463000 5.175000 0.000000
1.538000 5.175000 0.000000
1.613000 5.175000 0.000000
1.688000 5.175000 0.000000
1.763000 5.175000 0.000000
1.838000 5.175000 0.000000
1.913000 5.175000 0.000000
1.988000 5.175000 0.000000
2.063000 5.175000 0.000000
2.138000 5.175000 0.000000
2.213000 5.175000 0.000000
2.288000 5.175000 0.000000
2.363000 5.175000 0.000000
2.438000 5.175000 0.000000
2.513000 5.175000 0.000000
2.588000 5.175000 0.000000
2.663000 5.175000 0.000000
2.738000 5.175000 0.000000
2.813000 5.175000 0.000000
2.888000 5.175000 0.000000
2.963000 5.175000 0.000000
3.038000 5.175000 0.000000
3.113000 5.175000 0.000000
3.188000 5.175000 0.000000
3.263000 5.175000 0.000000
3.338000 5.175000 0.000000
3.413000 5.175000 0.000000
3.488000 5.175000 0.000000
3.563000 5.175000 0.000000
3.638000 5.175000 0.000000
3.713000 5.175000 0.000000
3.788000 5.175000 0.000000
3.863000 5.175000 0.000000
