-0.037500 -0.075000 0.000000
0.037500 -0.075000 0.000000
0.112500 -0.075000 0.000000
0.187500 -0.075000 0.000000
0.262500 -0.075000 0.000000
0.337500 -0.075000 0.000000
0.412500 -0.075000 0.000000
0.487500 -0.075000 0.000000
0.562500 -0.075000 0.000000
0.637500 -0.075000 0.000000
0.712500 -0.075000 0.000000
0.787500 -0.075000 0.000000
0.862500 -0.075000 0.000000
0.937500 -0.075000 0.000000
1.012000 -0.075000 0.000000
1.087000 -0.075000 0.000000
1.163000 -0.075000 0.000000
1.238000 -0.075000 0.000000
1.313000 -0.075000 0.000000
1.388000 -0.075000 0.000000
1.463000 -0.075000 0.000000
1.538000 -0.075000 0.000000
1.613000 -0.075000 0.000000
1.688000 -0.075000 0.000000
1.763000 -0.075000 0.000000
1.838000 -0.075000 0.000000
1.913000 -0.075000 0.000000
1.988000 -0.075000 0.000000
2.063000 -0.075000 0.000000
2.138000 -0.075000 0.000000
2.213000 -0.075000 0.000000
2.288000 -0.075000 0.000000
2.363000 -0.075000 0.000000
2.438000 -0.075000 0.000000
2.513000 -0.075000 0.000000
2.588000 -0.075000 0.000000
2.663000 -0.075000 0.000000
2.738000 -0.075000 0.000000
2.813000 -0.075000 0.000000
2.888000 -0.075000 0.000000
2.963000 -0.075000 0.000000
3.038000 -0.075000 0.000000
3.113000 -0.075000 0.000000
3.188000 -0.075000 0.000000
3.263000 -0.075000 0.000000
3.338000 -0.075000 0.000000
3.413000 -0.075000 0.000000
3.488000 -0.075000 0.000000
3.563000 -0.075000 0.000000
3.638000 -0.075000 0.000000
3.713000 -0.075000 0.000000
3.788000 -0.075000 0.000000
3.863000 -0.075000 0.000000
-0.037500 0.075000 0.000000
0.037500 0.075000 0.027570
0.112500 0.075000 0.055140
0.187500 0.075000 0.082710
0.262500 0.075000 0.110300
0.337500 0.075000 0.137800
0.412500 0.075000 0.165400
0.487500 0.075000 0.192900
0.562500 0.075000 0.220300
0.637500 0.075000 0.247600
0.712500 0.075000 0.274900
0.787500 0.075000 0.301900
0.862500 0.075000 0.328600
0.937500 0.075000 0.355000
1.012000 0.075000 0.381000
1.087000 0.075000 0.406300
1.163000 0.075000 0.430800
1.238000 0.075000 0.454400
1.313000 0.075000 0.476800
1.388000 0.075000 0.497700
1.463000 0.075000 0.516800
1.538000 0.075000 0.533900
1.613000 0.075000 0.548700
1.688000 0.075000 0.560700
1.763000 0.075000 0.569900
1.838000 0.075000 0.576000
1.913000 0.075000 0.579000
1.988000 0.075000 0.578800
2.063000 0.075000 0.575500
2.138000 0.075000 0.569300
2.213000 0.075000 0.560600
2.288000 0.075000 0.549800
2.363000 0.075000 0.537100
2.438000 0.075000 0.523000
2.513000 0.075000 0.507800
2.588000 0.075000 0.492000
2.663000 0.075000 0.475800
2.738000 0.075000 0.459400
2.813000 0.075000 0.443100
2.888000 0.075000 0.426900
2.963000 0.075000 0.411100
3.038000 0.075000 0.395700
3.113000 0.075000 0.380800
3.188000 0.075000 0.366500
3.263000 0.075000 0.352700
3.338000 0.075000 0.339400
3.413000 0.075000 0.326700
3.488000 0.075000 0.314600
3.563000 0.075000 0.303000
3.638000 0.075000 0.291900
3.713000 0.075000 0.281400
3.788000 0.075000 0.271300
3.863000 0.075000 0.000000
-0.037500 0.225000 0.000000
0.037500 0.225000 0.027570
0.112500 0.225000 0.055140
0.187500 0.225000 0.082710
0.262500 0.225000 0.110300
0.337500 0.225000 0.137800
0.412500 0.225000 0.165400
0.487500 0.225000 0.192900
0.562500 0.225000 0.220300
0.637500 0.225000 0.247600
0.712500 0.225000 0.274900
0.787500 0.225000 0.301900
0.862500 0.225000 0.328600
0.937500 0.225000 0.355000
1.012000 0.225000 0.381000
1.087000 0.225000 0.406300
1.163000 0.225000 0.430800
1.238000 0.225000 0.454400
1.313000 0.225000 0.476800
1.388000 0.225000 0.497700
1.463000 0.225000 0.516800
1.538000 0.225000 0.533900
1.613000 0.225000 0.548700
1.688000 0.225000 0.560700
1.763000 0.225000 0.569900
1.838000 0.225000 0.576000
1.913000 0.225000 0.579000
1.988000 0.225000 0.578800
2.063000 0.225000 0.575500
2.138000 0.225000 0.569300
2.213000 0.225000 0.560600
2.288000 0.225000 0.549800
2.363000 0.225000 0.537100
2.438000 0.225000 0.523000
2.513000 0.225000 0.507800
2.588000 0.225000 0.492000
2.663000 0.225000 0.475800
2.738000 0.225000 0.459400
2.813000 0.225000 0.443100
2.888000 0.225000 0.426900
2.963000 0.225000 0.411100
3.038000 0.225000 0.395700
3.113000 0.225000 0.380800
3.188000 0.225000 0.366500
3.263000 0.225000 0.352700
3.338000 0.225000 0.339400
3.413000 0.225000 0.326700
3.488000 0.225000 0.314600
3.563000 0.225000 0.303000
3.638000 0.225000 0.291900
3.713000 0.225000 0.281400
3.788000 0.225000 0.271300
3.863000 0.225000 0.000000
-0.037500 0.375000 0.000000
0.037500 0.375000 0.068640
0.112500 0.375000 0.075190
0.187500 0.375000 0.085340
0.262500 0.375000 0.097710
0.337500 0.375000 0.111500
0.412500 0.375000 0.126200
0.487500 0.375000 0.141500
0.562500 0.375000 0.157200
0.637500 0.375000 0.173200
0.712500 0.375000 0.189200
0.787500 0.375000 0.205300
0.862500 0.375000 0.221300
0.937500 0.375000 0.237100
1.012000 0.375000 0.252700
1.087000 0.375000 0.267800
1.163000 0.375000 0.282500
1.238000 0.375000 0.296500
1.313000 0.375000 0.309700
1.388000 0.375000 0.322000
1.463000 0.375000 0.333200
1.538000 0.375000 0.343100
1.613000 0.375000 0.351600
1.688000 0.375000 0.358500
1.763000 0.375000 0.363700
1.838000 0.375000 0.367100
1.913000 0.375000 0.368700
1.988000 0.375000 0.368600
2.063000 0.375000 0.366600
2.138000 0.375000 0.363100
2.213000 0.375000 0.358000
2.288000 0.375000 0.351700
2.363000 0.375000 0.344300
2.438000 0.375000 0.336000
2.513000 0.375000 0.327000
2.588000 0.375000 0.317600
2.663000 0.375000 0.307800
2.738000 0.375000 0.297900
2.813000 0.375000 0.287900
2.888000 0.375000 0.278000
2.963000 0.375000 0.268300
3.038000 0.375000 0.258700
3.113000 0.375000 0.249500
3.188000 0.375000 0.240600
3.263000 0.375000 0.232100
3.338000 0.375000 0.223900
3.413000 0.375000 0.216200
3.488000 0.375000 0.209100
3.563000 0.375000 0.202500
3.638000 0.375000 0.196700
3.713000 0.375000 0.192100
3.788000 0.375000 0.189200
3.863000 0.375000 0.000000
-0.037500 0.525000 0.000000
0.037500 0.525000 0.067690
0.112500 0.525000 0.069820
0.187500 0.525000 0.073680
0.262500 0.525000 0.078870
0.337500 0.525000 0.085060
0.412500 0.525000 0.092000
0.487500 0.525000 0.099480
0.562500 0.525000 0.107400
0.637500 0.525000 0.115500
0.712500 0.525000 0.123900
0.787500 0.525000 0.132300
0.862500 0.525000 0.140700
0.937500 0.525000 0.149100
1.012000 0.525000 0.157300
1.087000 0.525000 0.165400
1.163000 0.525000 0.173100
1.238000 0.525000 0.180500
1.313000 0.525000 0.187500
1.388000 0.525000 0.193900
1.463000 0.525000 0.199700
1.538000 0.525000 0.204800
1.613000 0.525000 0.209100
1.688000 0.525000 0.212600
1.763000 0.525000 0.215300
1.838000 0.525000 0.217000
1.913000 0.525000 0.217700
1.988000 0.525000 0.217600
2.063000 0.525000 0.216500
2.138000 0.525000 0.214700
2.213000 0.525000 0.212000
2.288000 0.525000 0.208700
2.363000 0.525000 0.204800
2.438000 0.525000 0.200400
2.513000 0.525000 0.195600
2.588000 0.525000 0.190500
2.663000 0.525000 0.185200
2.738000 0.525000 0.179800
2.813000 0.525000 0.174400
2.888000 0.525000 0.168900
2.963000 0.525000 0.163500
3.038000 0.525000 0.158300
3.113000 0.525000 0.153200
3.188000 0.525000 0.148300
3.263000 0.525000 0.143600
3.338000 0.525000 0.139200
3.413000 0.525000 0.135200
3.488000 0.525000 0.131500
3.563000 0.525000 0.128200
3.638000 0.525000 0.125600
3.713000 0.525000 0.123600
3.788000 0.525000 0.122500
3.863000 0.525000 0.000000
-0.037500 0.675000 0.000000
0.037500 0.675000 0.062980
0.112500 0.675000 0.063800
0.187500 0.675000 0.065390
0.262500 0.675000 0.067660
0.337500 0.675000 0.070520
0.412500 0.675000 0.073860
0.487500 0.675000 0.077590
0.562500 0.675000 0.081640
0.637500 0.675000 0.085920
0.712500 0.675000 0.090370
0.787500 0.675000 0.094930
0.862500 0.675000 0.099540
0.937500 0.675000 0.104100
1.012000 0.675000 0.108700
1.087000 0.675000 0.113100
1.163000 0.675000 0.117400
1.238000 0.675000 0.121400
1.313000 0.675000 0.125200
1.388000 0.675000 0.128700
1.463000 0.675000 0.131800
1.538000 0.675000 0.134600
1.613000 0.675000 0.136900
1.688000 0.675000 0.138700
1.763000 0.675000 0.140100
1.838000 0.675000 0.140900
1.913000 0.675000 0.141300
1.988000 0.675000 0.141200
2.063000 0.675000 0.140500
2.138000 0.675000 0.139500
2.213000 0.675000 0.138000
2.288000 0.675000 0.136100
2.363000 0.675000 0.133900
2.438000 0.675000 0.131500
2.513000 0.675000 0.128800
2.588000 0.675000 0.125900
2.663000 0.675000 0.122800
2.738000 0.675000 0.119700
2.813000 0.675000 0.116600
2.888000 0.675000 0.113400
2.963000 0.675000 0.110200
3.038000 0.675000 0.107200
3.113000 0.675000 0.104200
3.188000 0.675000 0.101400
3.263000 0.675000 0.098730
3.338000 0.675000 0.096260
3.413000 0.675000 0.094030
3.488000 0.675000 0.092070
3.563000 0.675000 0.090410
3.638000 0.675000 0.089110
3.713000 0.675000 0.088210
3.788000 0.675000 0.087750
3.863000 0.675000 0.000000
-0.037500 0.825000 0.000000
0.037500 0.825000 0.057540
0.112500 0.825000 0.058060
0.187500 0.825000 0.059080
0.262500 0.825000 0.060550
0.337500 0.825000 0.062440
0.412500 0.825000 0.064690
0.487500 0.825000 0.067240
0.562500 0.825000 0.070040
0.637500 0.825000 0.073040
0.712500 0.825000 0.076180
0.787500 0.825000 0.079410
0.862500 0.825000 0.082700
0.937500 0.825000 0.085990
1.012000 0.825000 0.089250
1.087000 0.825000 0.092420
1.163000 0.825000 0.095480
1.238000 0.825000 0.098380
1.313000 0.825000 0.101100
1.388000 0.825000 0.103600
1.463000 0.825000 0.105800
1.538000 0.825000 0.107700
1.613000 0.825000 0.109300
1.688000 0.825000 0.110600
1.763000 0.825000 0.111600
1.838000 0.825000 0.112200
1.913000 0.825000 0.112400
1.988000 0.825000 0.112300
2.063000 0.825000 0.111800
2.138000 0.825000 0.111000
2.213000 0.825000 0.109900
2.288000 0.825000 0.108600
2.363000 0.825000 0.107000
2.438000 0.825000 0.105200
2.513000 0.825000 0.103200
2.588000 0.825000 0.101000
2.663000 0.825000 0.098800
2.738000 0.825000 0.096490
2.813000 0.825000 0.094150
2.888000 0.825000 0.091800
2.963000 0.825000 0.089470
3.038000 0.825000 0.087200
3.113000 0.825000 0.085010
3.188000 0.825000 0.082920
3.263000 0.825000 0.080970
3.338000 0.825000 0.079180
3.413000 0.825000 0.077580
3.488000 0.825000 0.076190
3.563000 0.825000 0.075040
3.638000 0.825000 0.074140
3.713000 0.825000 0.073540
3.788000 0.825000 0.073230
3.863000 0.825000 0.000000
-0.037500 0.975000 0.000000
0.037500 0.975000 0.051250
0.112500 0.975000 0.051600
0.187500 0.975000 0.052300
0.262500 0.975000 0.053320
0.337500 0.975000 0.054640
0.412500 0.975000 0.056220
0.487500 0.975000 0.058040
0.562500 0.975000 0.060040
0.637500 0.975000 0.062210
0.712500 0.975000 0.064490
0.787500 0.975000 0.066850
0.862500 0.975000 0.069250
0.937500 0.975000 0.071670
1.012000 0.975000 0.074060
1.087000 0.975000 0.076400
1.163000 0.975000 0.078650
1.238000 0.975000 0.080780
1.313000 0.975000 0.082770
1.388000 0.975000 0.084590
1.463000 0.975000 0.086210
1.538000 0.975000 0.087620
1.613000 0.975000 0.088800
1.688000 0.975000 0.089730
1.763000 0.975000 0.090400
1.838000 0.975000 0.090820
1.913000 0.975000 0.090970
1.988000 0.975000 0.090860
2.063000 0.975000 0.090500
2.138000 0.975000 0.089900
2.213000 0.975000 0.089080
2.288000 0.975000 0.088050
2.363000 0.975000 0.086840
2.438000 0.975000 0.085470
2.513000 0.975000 0.083970
2.588000 0.975000 0.082360
2.663000 0.975000 0.080670
2.738000 0.975000 0.078920
2.813000 0.975000 0.077140
2.888000 0.975000 0.075360
2.963000 0.975000 0.073590
3.038000 0.975000 0.071870
3.113000 0.975000 0.070210
3.188000 0.975000 0.068650
3.263000 0.975000 0.067190
3.338000 0.975000 0.065860
3.413000 0.975000 0.064670
3.488000 0.975000 0.063650
3.563000 0.975000 0.062820
3.638000 0.975000 0.062180
3.713000 0.975000 0.061750
3.788000 0.975000 0.061530
3.863000 0.975000 0.000000
-0.037500 1.125000 0.000000
0.037500 1.125000 0.045170
0.112500 1.125000 0.045430
0.187500 1.125000 0.045950
0.262500 1.125000 0.046720
0.337500 1.125000 0.047710
0.412500 1.125000 0.048910
0.487500 1.125000 0.050290
0.562500 1.125000 0.051820
0.637500 1.125000 0.053470
0.712500 1.125000 0.055230
0.787500 1.125000 0.057050
0.862500 1.125000 0.058910
0.937500 1.125000 0.060780
1.012000 1.125000 0.062630
1.087000 1.125000 0.064440
1.163000 1.125000 0.066190
1.238000 1.125000 0.067840
1.313000 1.125000 0.069380
1.388000 1.125000 0.070790
1.463000 1.125000 0.072050
1.538000 1.125000 0.073130
1.613000 1.125000 0.074040
1.688000 1.125000 0.074750
1.763000 1.125000 0.075260
1.838000 1.125000 0.075570
1.913000 1.125000 0.075680
1.988000 1.125000 0.075580
2.063000 1.125000 0.075290
2.138000 1.125000 0.074810
2.213000 1.125000 0.074160
2.288000 1.125000 0.073350
2.363000 1.125000 0.072390
2.438000 1.125000 0.071310
2.513000 1.125000 0.070120
2.588000 1.125000 0.068840
2.663000 1.125000 0.067500
2.738000 1.125000 0.066110
2.813000 1.125000 0.064700
2.888000 1.125000 0.063290
2.963000 1.125000 0.061890
3.038000 1.125000 0.060530
3.113000 1.125000 0.059220
3.188000 1.125000 0.057980
3.263000 1.125000 0.056840
3.338000 1.125000 0.055790
3.413000 1.125000 0.054870
3.488000 1.125000 0.054090
3.563000 1.125000 0.053440
3.638000 1.125000 0.052950
3.713000 1.125000 0.052620
3.788000 1.125000 0.052460
3.863000 1.125000 0.000000
-0.037500 1.275000 0.000000
0.037500 1.275000 0.034290
0.112500 1.275000 0.034470
0.187500 1.275000 0.034830
0.262500 1.275000 0.035360
0.337500 1.275000 0.036040
0.412500 1.275000 0.036860
0.487500 1.275000 0.037820
0.562500 1.275000 0.038870
0.637500 1.275000 0.040020
0.712500 1.275000 0.041240
0.787500 1.275000 0.042500
0.862500 1.275000 0.043800
0.937500 1.275000 0.045100
1.012000 1.275000 0.046400
1.087000 1.275000 0.047660
1.163000 1.275000 0.048880
1.238000 1.275000 0.050030
1.313000 1.275000 0.051110
1.388000 1.275000 0.052090
1.463000 1.275000 0.052960
1.538000 1.275000 0.053720
1.613000 1.275000 0.054350
1.688000 1.275000 0.054840
1.763000 1.275000 0.055190
1.838000 1.275000 0.055410
1.913000 1.275000 0.055470
1.988000 1.275000 0.055400
2.063000 1.275000 0.055190
2.138000 1.275000 0.054850
2.213000 1.275000 0.054390
2.288000 1.275000 0.053810
2.363000 1.275000 0.053130
2.438000 1.275000 0.052370
2.513000 1.275000 0.051520
2.588000 1.275000 0.050620
2.663000 1.275000 0.049670
2.738000 1.275000 0.048690
2.813000 1.275000 0.047690
2.888000 1.275000 0.046690
2.963000 1.275000 0.045700
3.038000 1.275000 0.044730
3.113000 1.275000 0.043810
3.188000 1.275000 0.042940
3.263000 1.275000 0.042130
3.338000 1.275000 0.041400
3.413000 1.275000 0.040760
3.488000 1.275000 0.040210
3.563000 1.275000 0.039760
3.638000 1.275000 0.039430
3.713000 1.275000 0.039200
3.788000 1.275000 0.039080
3.863000 1.275000 0.000000
-0.037500 1.425000 0.000000
0.037500 1.425000 0.022950
0.112500 1.425000 0.023060
0.187500 1.425000 0.023280
0.262500 1.425000 0.023590
0.337500 1.425000 0.023990
0.412500 1.425000 0.024480
0.487500 1.425000 0.025050
0.562500 1.425000 0.025680
0.637500 1.425000 0.026370
0.712500 1.425000 0.027100
0.787500 1.425000 0.027860
0.862500 1.425000 0.028640
0.937500 1.425000 0.029420
1.012000 1.425000 0.030200
1.087000 1.425000 0.030960
1.163000 1.425000 0.031700
1.238000 1.425000 0.032390
1.313000 1.425000 0.033040
1.388000 1.425000 0.033630
1.463000 1.425000 0.034150
1.538000 1.425000 0.034610
1.613000 1.425000 0.034980
1.688000 1.425000 0.035280
1.763000 1.425000 0.035490
1.838000 1.425000 0.035610
1.913000 1.425000 0.035650
1.988000 1.425000 0.035600
2.063000 1.425000 0.035470
2.138000 1.425000 0.035260
2.213000 1.425000 0.034970
2.288000 1.425000 0.034610
2.363000 1.425000 0.034200
2.438000 1.425000 0.033720
2.513000 1.425000 0.033210
2.588000 1.425000 0.032650
2.663000 1.425000 0.032070
2.738000 1.425000 0.031460
2.813000 1.425000 0.030850
2.888000 1.425000 0.030230
2.963000 1.425000 0.029630
3.038000 1.425000 0.029040
3.113000 1.425000 0.028470
3.188000 1.425000 0.027940
3.263000 1.425000 0.027440
3.338000 1.425000 0.027000
3.413000 1.425000 0.026610
3.488000 1.425000 0.026270
3.563000 1.425000 0.026000
3.638000 1.425000 0.025800
3.713000 1.425000 0.025660
3.788000 1.425000 0.025590
3.863000 1.425000 0.000000
-0.037500 1.575000 0.000000
0.037500 1.575000 0.015180
0.112500 1.575000 0.015240
0.187500 1.575000 0.015370
0.262500 1.575000 0.015550
0.337500 1.575000 0.015790
0.412500 1.575000 0.016080
0.487500 1.575000 0.016420
0.562500 1.575000 0.016800
0.637500 1.575000 0.017200
0.712500 1.575000 0.017640
0.787500 1.575000 0.018090
0.862500 1.575000 0.018560
0.937500 1.575000 0.019030
1.012000 1.575000 0.019490
1.087000 1.575000 0.019950
1.163000 1.575000 0.020390
1.238000 1.575000 0.020800
1.313000 1.575000 0.021190
1.388000 1.575000 0.021540
1.463000 1.575000 0.021860
1.538000 1.575000 0.022130
1.613000 1.575000 0.022350
1.688000 1.575000 0.022530
1.763000 1.575000 0.022650
1.838000 1.575000 0.022720
1.913000 1.575000 0.022740
1.988000 1.575000 0.022710
2.063000 1.575000 0.022620
2.138000 1.575000 0.022490
2.213000 1.575000 0.022320
2.288000 1.575000 0.022100
2.363000 1.575000 0.021840
2.438000 1.575000 0.021560
2.513000 1.575000 0.021240
2.588000 1.575000 0.020900
2.663000 1.575000 0.020540
2.738000 1.575000 0.020170
2.813000 1.575000 0.019800
2.888000 1.575000 0.019420
2.963000 1.575000 0.019050
3.038000 1.575000 0.018690
3.113000 1.575000 0.018350
3.188000 1.575000 0.018020
3.263000 1.575000 0.017720
3.338000 1.575000 0.017450
3.413000 1.575000 0.017220
3.488000 1.575000 0.017010
3.563000 1.575000 0.016850
3.638000 1.575000 0.016720
3.713000 1.575000 0.016640
3.788000 1.575000 0.016590
3.863000 1.575000 0.000000
-0.037500 1.725000 0.000000
0.037500 1.725000 0.009899
0.112500 1.725000 0.009936
0.187500 1.725000 0.010010
0.262500 1.725000 0.010120
0.337500 1.725000 0.010260
0.412500 1.725000 0.010430
0.487500 1.725000 0.010630
0.562500 1.725000 0.010850
0.637500 1.725000 0.011090
0.712500 1.725000 0.011350
0.787500 1.725000 0.011620
0.862500 1.725000 0.011890
0.937500 1.725000 0.012170
1.012000 1.725000 0.012450
1.087000 1.725000 0.012720
1.163000 1.725000 0.012980
1.238000 1.725000 0.013220
1.313000 1.725000 0.013450
1.388000 1.725000 0.013660
1.463000 1.725000 0.013850
1.538000 1.725000 0.014010
1.613000 1.725000 0.014140
1.688000 1.725000 0.014240
1.763000 1.725000 0.014310
1.838000 1.725000 0.014350
1.913000 1.725000 0.014360
1.988000 1.725000 0.014340
2.063000 1.725000 0.014290
2.138000 1.725000 0.014210
2.213000 1.725000 0.014100
2.288000 1.725000 0.013970
2.363000 1.725000 0.013810
2.438000 1.725000 0.013640
2.513000 1.725000 0.013450
2.588000 1.725000 0.013240
2.663000 1.725000 0.013030
2.738000 1.725000 0.012800
2.813000 1.725000 0.012580
2.888000 1.725000 0.012350
2.963000 1.725000 0.012130
3.038000 1.725000 0.011910
3.113000 1.725000 0.011700
3.188000 1.725000 0.011500
3.263000 1.725000 0.011320
3.338000 1.725000 0.011160
3.413000 1.725000 0.011020
3.488000 1.725000 0.010890
3.563000 1.725000 0.010790
3.638000 1.725000 0.010720
3.713000 1.725000 0.010660
3.788000 1.725000 0.010640
3.863000 1.725000 0.000000
-0.037500 1.875000 0.000000
0.037500 1.875000 0.006331
0.112500 1.875000 0.006352
0.187500 1.875000 0.006394
0.262500 1.875000 0.006456
0.337500 1.875000 0.006537
0.412500 1.875000 0.006636
0.487500 1.875000 0.006751
0.562500 1.875000 0.006880
0.637500 1.875000 0.007020
0.712500 1.875000 0.007170
0.787500 1.875000 0.007326
0.862500 1.875000 0.007487
0.937500 1.875000 0.007649
1.012000 1.875000 0.007810
1.087000 1.875000 0.007968
1.163000 1.875000 0.008120
1.238000 1.875000 0.008264
1.313000 1.875000 0.008397
1.388000 1.875000 0.008519
1.463000 1.875000 0.008627
1.538000 1.875000 0.008720
1.613000 1.875000 0.008796
1.688000 1.875000 0.008855
1.763000 1.875000 0.008896
1.838000 1.875000 0.008919
1.913000 1.875000 0.008923
1.988000 1.875000 0.008909
2.063000 1.875000 0.008877
2.138000 1.875000 0.008829
2.213000 1.875000 0.008764
2.288000 1.875000 0.008685
2.363000 1.875000 0.008592
2.438000 1.875000 0.008488
2.513000 1.875000 0.008374
2.588000 1.875000 0.008251
2.663000 1.875000 0.008123
2.738000 1.875000 0.007990
2.813000 1.875000 0.007856
2.888000 1.875000 0.007721
2.963000 1.875000 0.007588
3.038000 1.875000 0.007459
3.113000 1.875000 0.007336
3.188000 1.875000 0.007220
3.263000 1.875000 0.007112
3.338000 1.875000 0.007015
3.413000 1.875000 0.006930
3.488000 1.875000 0.006857
3.563000 1.875000 0.006797
3.638000 1.875000 0.006750
3.713000 1.875000 0.006718
3.788000 1.875000 0.006701
3.863000 1.875000 0.000000
-0.037500 2.025000 0.000000
0.037500 2.025000 0.003916
0.112500 2.025000 0.003928
0.187500 2.025000 0.003951
0.262500 2.025000 0.003986
0.337500 2.025000 0.004031
0.412500 2.025000 0.004086
0.487500 2.025000 0.004150
0.562500 2.025000 0.004222
0.637500 2.025000 0.004300
0.712500 2.025000 0.004384
0.787500 2.025000 0.004472
0.862500 2.025000 0.004562
0.937500 2.025000 0.004652
1.012000 2.025000 0.004743
1.087000 2.025000 0.004831
1.163000 2.025000 0.004916
1.238000 2.025000 0.004997
1.313000 2.025000 0.005072
1.388000 2.025000 0.005140
1.463000 2.025000 0.005200
1.538000 2.025000 0.005252
1.613000 2.025000 0.005294
1.688000 2.025000 0.005327
1.763000 2.025000 0.005349
1.838000 2.025000 0.005361
1.913000 2.025000 0.005363
1.988000 2.025000 0.005354
2.063000 2.025000 0.005335
2.138000 2.025000 0.005307
2.213000 2.025000 0.005270
2.288000 2.025000 0.005224
2.363000 2.025000 0.005171
2.438000 2.025000 0.005111
2.513000 2.025000 0.005045
2.588000 2.025000 0.004975
2.663000 2.025000 0.004902
2.738000 2.025000 0.004826
2.813000 2.025000 0.004749
2.888000 2.025000 0.004672
2.963000 2.025000 0.004596
3.038000 2.025000 0.004522
3.113000 2.025000 0.004452
3.188000 2.025000 0.004386
3.263000 2.025000 0.004325
3.338000 2.025000 0.004269
3.413000 2.025000 0.004220
3.488000 2.025000 0.004179
3.563000 2.025000 0.004144
3.638000 2.025000 0.004117
3.713000 2.025000 0.004098
3.788000 2.025000 0.004089
3.863000 2.025000 0.000000
-0.037500 2.175000 0.000000
0.037500 2.175000 0.002254
0.112500 2.175000 0.002260
0.187500 2.175000 0.002271
0.262500 2.175000 0.002288
0.337500 2.175000 0.002311
0.412500 2.175000 0.002338
0.487500 2.175000 0.002370
0.562500 2.175000 0.002405
0.637500 2.175000 0.002444
0.712500 2.175000 0.002486
0.787500 2.175000 0.002529
0.862500 2.175000 0.002574
0.937500 2.175000 0.002619
1.012000 2.175000 0.002664
1.087000 2.175000 0.002708
1.163000 2.175000 0.002750
1.238000 2.175000 0.002790
1.313000 2.175000 0.002827
1.388000 2.175000 0.002861
1.463000 2.175000 0.002891
1.538000 2.175000 0.002916
1.613000 2.175000 0.002937
1.688000 2.175000 0.002952
1.763000 2.175000 0.002963
1.838000 2.175000 0.002968
1.913000 2.175000 0.002969
1.988000 2.175000 0.002964
2.063000 2.175000 0.002953
2.138000 2.175000 0.002938
2.213000 2.175000 0.002919
2.288000 2.175000 0.002895
2.363000 2.175000 0.002868
2.438000 2.175000 0.002837
2.513000 2.175000 0.002803
2.588000 2.175000 0.002767
2.663000 2.175000 0.002730
2.738000 2.175000 0.002691
2.813000 2.175000 0.002651
2.888000 2.175000 0.002612
2.963000 2.175000 0.002573
3.038000 2.175000 0.002536
3.113000 2.175000 0.002500
3.188000 2.175000 0.002466
3.263000 2.175000 0.002435
3.338000 2.175000 0.002407
3.413000 2.175000 0.002382
3.488000 2.175000 0.002361
3.563000 2.175000 0.002343
3.638000 2.175000 0.002330
3.713000 2.175000 0.002320
3.788000 2.175000 0.002315
3.863000 2.175000 0.000000
-0.037500 2.325000 0.000000
0.037500 2.325000 0.001454
0.112500 2.325000 0.001457
0.187500 2.325000 0.001463
0.262500 2.325000 0.001472
0.337500 2.325000 0.001483
0.412500 2.325000 0.001497
0.487500 2.325000 0.001514
0.562500 2.325000 0.001532
0.637500 2.325000 0.001552
0.712500 2.325000 0.001574
0.787500 2.325000 0.001596
0.862500 2.325000 0.001619
0.937500 2.325000 0.001642
1.012000 2.325000 0.001665
1.087000 2.325000 0.001688
1.163000 2.325000 0.001710
1.238000 2.325000 0.001730
1.313000 2.325000 0.001749
1.388000 2.325000 0.001766
1.463000 2.325000 0.001782
1.538000 2.325000 0.001794
1.613000 2.325000 0.001805
1.688000 2.325000 0.001812
1.763000 2.325000 0.001817
1.838000 2.325000 0.001820
1.913000 2.325000 0.001819
1.988000 2.325000 0.001816
2.063000 2.325000 0.001810
2.138000 2.325000 0.001801
2.213000 2.325000 0.001790
2.288000 2.325000 0.001777
2.363000 2.325000 0.001762
2.438000 2.325000 0.001745
2.513000 2.325000 0.001727
2.588000 2.325000 0.001707
2.663000 2.325000 0.001687
2.738000 2.325000 0.001666
2.813000 2.325000 0.001644
2.888000 2.325000 0.001623
2.963000 2.325000 0.001602
3.038000 2.325000 0.001582
3.113000 2.325000 0.001562
3.188000 2.325000 0.001544
3.263000 2.325000 0.001528
3.338000 2.325000 0.001512
3.413000 2.325000 0.001499
3.488000 2.325000 0.001488
3.563000 2.325000 0.001479
3.638000 2.325000 0.001472
3.713000 2.325000 0.001467
3.788000 2.325000 0.001465
3.863000 2.325000 0.000000
-0.037500 2.475000 0.000000
0.037500 2.475000 0.001145
0.112500 2.475000 0.001147
0.187500 2.475000 0.001151
0.262500 2.475000 0.001157
0.337500 2.475000 0.001165
0.412500 2.475000 0.001174
0.487500 2.475000 0.001186
0.562500 2.475000 0.001198
0.637500 2.475000 0.001212
0.712500 2.475000 0.001227
0.787500 2.475000 0.001242
0.862500 2.475000 0.001258
0.937500 2.475000 0.001274
1.012000 2.475000 0.001290
1.087000 2.475000 0.001306
1.163000 2.475000 0.001321
1.238000 2.475000 0.001335
1.313000 2.475000 0.001348
1.388000 2.475000 0.001360
1.463000 2.475000 0.001370
1.538000 2.475000 0.001379
1.613000 2.475000 0.001386
1.688000 2.475000 0.001391
1.763000 2.475000 0.001394
1.838000 2.475000 0.001395
1.913000 2.475000 0.001395
1.988000 2.475000 0.001392
2.063000 2.475000 0.001388
2.138000 2.475000 0.001381
2.213000 2.475000 0.001373
2.288000 2.475000 0.001364
2.363000 2.475000 0.001353
2.438000 2.475000 0.001341
2.513000 2.475000 0.001328
2.588000 2.475000 0.001314
2.663000 2.475000 0.001299
2.738000 2.475000 0.001284
2.813000 2.475000 0.001269
2.888000 2.475000 0.001254
2.963000 2.475000 0.001239
3.038000 2.475000 0.001225
3.113000 2.475000 0.001211
3.188000 2.475000 0.001198
3.263000 2.475000 0.001186
3.338000 2.475000 0.001176
3.413000 2.475000 0.001167
3.488000 2.475000 0.001159
3.563000 2.475000 0.001152
3.638000 2.475000 0.001148
3.713000 2.475000 0.001144
3.788000 2.475000 0.001143
3.863000 2.475000 0.000000
-0.037500 2.625000 0.000000
0.037500 2.625000 0.000912
0.112500 2.625000 0.000913
0.187500 2.625000 0.000916
0.262500 2.625000 0.000920
0.337500 2.625000 0.000926
0.412500 2.625000 0.000933
0.487500 2.625000 0.000941
0.562500 2.625000 0.000950
0.637500 2.625000 0.000960
0.712500 2.625000 0.000970
0.787500 2.625000 0.000981
0.862500 2.625000 0.000992
0.937500 2.625000 0.001004
1.012000 2.625000 0.001015
1.087000 2.625000 0.001026
1.163000 2.625000 0.001037
1.238000 2.625000 0.001047
1.313000 2.625000 0.001056
1.388000 2.625000 0.001064
1.463000 2.625000 0.001071
1.538000 2.625000 0.001077
1.613000 2.625000 0.001082
1.688000 2.625000 0.001086
1.763000 2.625000 0.001088
1.838000 2.625000 0.001089
1.913000 2.625000 0.001088
1.988000 2.625000 0.001086
2.063000 2.625000 0.001082
2.138000 2.625000 0.001078
2.213000 2.625000 0.001072
2.288000 2.625000 0.001065
2.363000 2.625000 0.001057
2.438000 2.625000 0.001048
2.513000 2.625000 0.001038
2.588000 2.625000 0.001028
2.663000 2.625000 0.001017
2.738000 2.625000 0.001006
2.813000 2.625000 0.000995
2.888000 2.625000 0.000984
2.963000 2.625000 0.000974
3.038000 2.625000 0.000963
3.113000 2.625000 0.000953
3.188000 2.625000 0.000944
3.263000 2.625000 0.000936
3.338000 2.625000 0.000928
3.413000 2.625000 0.000922
3.488000 2.625000 0.000916
3.563000 2.625000 0.000912
3.638000 2.625000 0.000908
3.713000 2.625000 0.000906
3.788000 2.625000 0.000905
3.863000 2.625000 0.000000
-0.037500 2.775000 0.000000
0.037500 2.775000 0.000744
0.112500 2.775000 0.000745
0.187500 2.775000 0.000747
0.262500 2.775000 0.000750
0.337500 2.775000 0.000754
0.412500 2.775000 0.000760
0.487500 2.775000 0.000766
0.562500 2.775000 0.000773
0.637500 2.775000 0.000780
0.712500 2.775000 0.000788
0.787500 2.775000 0.000796
0.862500 2.775000 0.000805
0.937500 2.775000 0.000813
1.012000 2.775000 0.000822
1.087000 2.775000 0.000830
1.163000 2.775000 0.000838
1.238000 2.775000 0.000845
1.313000 2.775000 0.000852
1.388000 2.775000 0.000859
1.463000 2.775000 0.000864
1.538000 2.775000 0.000868
1.613000 2.775000 0.000872
1.688000 2.775000 0.000875
1.763000 2.775000 0.000876
1.838000 2.775000 0.000876
1.913000 2.775000 0.000876
1.988000 2.775000 0.000874
2.063000 2.775000 0.000872
2.138000 2.775000 0.000868
2.213000 2.775000 0.000863
2.288000 2.775000 0.000858
2.363000 2.775000 0.000852
2.438000 2.775000 0.000845
2.513000 2.775000 0.000837
2.588000 2.775000 0.000829
2.663000 2.775000 0.000821
2.738000 2.775000 0.000813
2.813000 2.775000 0.000805
2.888000 2.775000 0.000796
2.963000 2.775000 0.000788
3.038000 2.775000 0.000780
3.113000 2.775000 0.000772
3.188000 2.775000 0.000765
3.263000 2.775000 0.000759
3.338000 2.775000 0.000753
3.413000 2.775000 0.000748
3.488000 2.775000 0.000744
3.563000 2.775000 0.000741
3.638000 2.775000 0.000739
3.713000 2.775000 0.000737
3.788000 2.775000 0.000736
3.863000 2.775000 0.000000
-0.037500 2.925000 0.000000
0.037500 2.925000 0.000518
0.112500 2.925000 0.000519
0.187500 2.925000 0.000521
0.262500 2.925000 0.000523
0.337500 2.925000 0.000526
0.412500 2.925000 0.000529
0.487500 2.925000 0.000533
0.562500 2.925000 0.000538
0.637500 2.925000 0.000543
0.712500 2.925000 0.000548
0.787500 2.925000 0.000554
0.862500 2.925000 0.000560
0.937500 2.925000 0.000565
1.012000 2.925000 0.000571
1.087000 2.925000 0.000577
1.163000 2.925000 0.000582
1.238000 2.925000 0.000587
1.313000 2.925000 0.000592
1.388000 2.925000 0.000596
1.463000 2.925000 0.000599
1.538000 2.925000 0.000602
1.613000 2.925000 0.000605
1.688000 2.925000 0.000606
1.763000 2.925000 0.000607
1.838000 2.925000 0.000608
1.913000 2.925000 0.000607
1.988000 2.925000 0.000606
2.063000 2.925000 0.000604
2.138000 2.925000 0.000602
2.213000 2.925000 0.000599
2.288000 2.925000 0.000595
2.363000 2.925000 0.000591
2.438000 2.925000 0.000586
2.513000 2.925000 0.000581
2.588000 2.925000 0.000576
2.663000 2.925000 0.000570
2.738000 2.925000 0.000565
2.813000 2.925000 0.000559
2.888000 2.925000 0.000553
2.963000 2.925000 0.000548
3.038000 2.925000 0.000543
3.113000 2.925000 0.000538
3.188000 2.925000 0.000533
3.263000 2.925000 0.000529
3.338000 2.925000 0.000525
3.413000 2.925000 0.000522
3.488000 2.925000 0.000519
3.563000 2.925000 0.000517
3.638000 2.925000 0.000515
3.713000 2.925000 0.000514
3.788000 2.925000 0.000514
3.863000 2.925000 0.000000
-0.037500 3.075000 0.000000
0.037500 3.075000 0.000312
0.112500 3.075000 0.000312
0.187500 3.075000 0.000313
0.262500 3.075000 0.000315
0.337500 3.075000 0.000316
0.412500 3.075000 0.000318
0.487500 3.075000 0.000321
0.562500 3.075000 0.000323
0.637500 3.075000 0.000326
0.712500 3.075000 0.000329
0.787500 3.075000 0.000332
0.862500 3.075000 0.000336
0.937500 3.075000 0.000339
1.012000 3.075000 0.000342
1.087000 3.075000 0.000345
1.163000 3.075000 0.000348
1.238000 3.075000 0.000351
1.313000 3.075000 0.000354
1.388000 3.075000 0.000356
1.463000 3.075000 0.000358
1.538000 3.075000 0.000360
1.613000 3.075000 0.000361
1.688000 3.075000 0.000362
1.763000 3.075000 0.000363
1.838000 3.075000 0.000363
1.913000 3.075000 0.000363
1.988000 3.075000 0.000362
2.063000 3.075000 0.000361
2.138000 3.075000 0.000360
2.213000 3.075000 0.000358
2.288000 3.075000 0.000356
2.363000 3.075000 0.000353
2.438000 3.075000 0.000351
2.513000 3.075000 0.000348
2.588000 3.075000 0.000345
2.663000 3.075000 0.000342
2.738000 3.075000 0.000338
2.813000 3.075000 0.000335
2.888000 3.075000 0.000332
2.963000 3.075000 0.000329
3.038000 3.075000 0.000326
3.113000 3.075000 0.000323
3.188000 3.075000 0.000320
3.263000 3.075000 0.000318
3.338000 3.075000 0.000315
3.413000 3.075000 0.000314
3.488000 3.075000 0.000312
3.563000 3.075000 0.000311
3.638000 3.075000 0.000310
3.713000 3.075000 0.000309
3.788000 3.075000 0.000309
3.863000 3.075000 0.000000
-0.037500 3.225000 0.000000
0.037500 3.225000 0.000186
0.112500 3.225000 0.000187
0.187500 3.225000 0.000187
0.262500 3.225000 0.000188
0.337500 3.225000 0.000189
0.412500 3.225000 0.000190
0.487500 3.225000 0.000191
0.562500 3.225000 0.000193
0.637500 3.225000 0.000194
0.712500 3.225000 0.000196
0.787500 3.225000 0.000198
0.862500 3.225000 0.000200
0.937500 3.225000 0.000202
1.012000 3.225000 0.000204
1.087000 3.225000 0.000205
1.163000 3.225000 0.000207
1.238000 3.225000 0.000209
1.313000 3.225000 0.000210
1.388000 3.225000 0.000212
1.463000 3.225000 0.000213
1.538000 3.225000 0.000214
1.613000 3.225000 0.000215
1.688000 3.225000 0.000215
1.763000 3.225000 0.000215
1.838000 3.225000 0.000215
1.913000 3.225000 0.000215
1.988000 3.225000 0.000215
2.063000 3.225000 0.000214
2.138000 3.225000 0.000213
2.213000 3.225000 0.000212
2.288000 3.225000 0.000211
2.363000 3.225000 0.000210
2.438000 3.225000 0.000208
2.513000 3.225000 0.000207
2.588000 3.225000 0.000205
2.663000 3.225000 0.000203
2.738000 3.225000 0.000201
2.813000 3.225000 0.000199
2.888000 3.225000 0.000198
2.963000 3.225000 0.000196
3.038000 3.225000 0.000194
3.113000 3.225000 0.000192
3.188000 3.225000 0.000191
3.263000 3.225000 0.000190
3.338000 3.225000 0.000188
3.413000 3.225000 0.000187
3.488000 3.225000 0.000186
3.563000 3.225000 0.000186
3.638000 3.225000 0.000185
3.713000 3.225000 0.000185
3.788000 3.225000 0.000185
3.863000 3.225000 0.000000
-0.037500 3.375000 0.000000
0.037500 3.375000 0.000110
0.112500 3.375000 0.000111
0.187500 3.375000 0.000111
0.262500 3.375000 0.000111
0.337500 3.375000 0.000112
0.412500 3.375000 0.000113
0.487500 3.375000 0.000113
0.562500 3.375000 0.000114
0.637500 3.375000 0.000115
0.712500 3.375000 0.000116
0.787500 3.375000 0.000117
0.862500 3.375000 0.000118
0.937500 3.375000 0.000119
1.012000 3.375000 0.000120
1.087000 3.375000 0.000121
1.163000 3.375000 0.000122
1.238000 3.375000 0.000123
1.313000 3.375000 0.000124
1.388000 3.375000 0.000125
1.463000 3.375000 0.000125
1.538000 3.375000 0.000126
1.613000 3.375000 0.000126
1.688000 3.375000 0.000127
1.763000 3.375000 0.000127
1.838000 3.375000 0.000127
1.913000 3.375000 0.000127
1.988000 3.375000 0.000127
2.063000 3.375000 0.000126
2.138000 3.375000 0.000126
2.213000 3.375000 0.000125
2.288000 3.375000 0.000125
2.363000 3.375000 0.000124
2.438000 3.375000 0.000123
2.513000 3.375000 0.000122
2.588000 3.375000 0.000121
2.663000 3.375000 0.000120
2.738000 3.375000 0.000119
2.813000 3.375000 0.000118
2.888000 3.375000 0.000117
2.963000 3.375000 0.000116
3.038000 3.375000 0.000115
3.113000 3.375000 0.000114
3.188000 3.375000 0.000113
3.263000 3.375000 0.000112
3.338000 3.375000 0.000111
3.413000 3.375000 0.000111
3.488000 3.375000 0.000110
3.563000 3.375000 0.000110
3.638000 3.375000 0.000110
3.713000 3.375000 0.000109
3.788000 3.375000 0.000109
3.863000 3.375000 0.000000
-0.037500 3.525000 0.000000
0.037500 3.525000 0.000065
0.112500 3.525000 0.000065
0.187500 3.525000 0.000065
0.262500 3.525000 0.000065
0.337500 3.525000 0.000066
0.412500 3.525000 0.000066
0.487500 3.525000 0.000066
0.562500 3.525000 0.000067
0.637500 3.525000 0.000067
0.712500 3.525000 0.000068
0.787500 3.525000 0.000069
0.862500 3.525000 0.000069
0.937500 3.525000 0.000070
1.012000 3.525000 0.000070
1.087000 3.525000 0.000071
1.163000 3.525000 0.000072
1.238000 3.525000 0.000072
1.313000 3.525000 0.000072
1.388000 3.525000 0.000073
1.463000 3.525000 0.000073
1.538000 3.525000 0.000074
1.613000 3.525000 0.000074
1.688000 3.525000 0.000074
1.763000 3.525000 0.000074
1.838000 3.525000 0.000074
1.913000 3.525000 0.000074
1.988000 3.525000 0.000074
2.063000 3.525000 0.000074
2.138000 3.525000 0.000073
2.213000 3.525000 0.000073
2.288000 3.525000 0.000073
2.363000 3.525000 0.000072
2.438000 3.525000 0.000072
2.513000 3.525000 0.000071
2.588000 3.525000 0.000071
2.663000 3.525000 0.000070
2.738000 3.525000 0.000070
2.813000 3.525000 0.000069
2.888000 3.525000 0.000068
2.963000 3.525000 0.000068
3.038000 3.525000 0.000067
3.113000 3.525000 0.000067
3.188000 3.525000 0.000066
3.263000 3.525000 0.000066
3.338000 3.525000 0.000065
3.413000 3.525000 0.000065
3.488000 3.525000 0.000065
3.563000 3.525000 0.000065
3.638000 3.525000 0.000064
3.713000 3.525000 0.000064
3.788000 3.525000 0.000064
3.863000 3.525000 0.000000
-0.037500 3.675000 0.000000
0.037500 3.675000 0.000038
0.112500 3.675000 0.000038
0.187500 3.675000 0.000038
0.262500 3.675000 0.000038
0.337500 3.675000 0.000038
0.412500 3.675000 0.000038
0.487500 3.675000 0.000039
0.562500 3.675000 0.000039
0.637500 3.675000 0.000039
0.712500 3.675000 0.000039
0.787500 3.675000 0.000040
0.862500 3.675000 0.000040
0.937500 3.675000 0.000040
1.012000 3.675000 0.000041
1.087000 3.675000 0.000041
1.163000 3.675000 0.000041
1.238000 3.675000 0.000042
1.313000 3.675000 0.000042
1.388000 3.675000 0.000042
1.463000 3.675000 0.000042
1.538000 3.675000 0.000043
1.613000 3.675000 0.000043
1.688000 3.675000 0.000043
1.763000 3.675000 0.000043
1.838000 3.675000 0.000043
1.913000 3.675000 0.000043
1.988000 3.675000 0.000043
2.063000 3.675000 0.000043
2.138000 3.675000 0.000043
2.213000 3.675000 0.000042
2.288000 3.675000 0.000042
2.363000 3.675000 0.000042
2.438000 3.675000 0.000042
2.513000 3.675000 0.000041
2.588000 3.675000 0.000041
2.663000 3.675000 0.000041
2.738000 3.675000 0.000040
2.813000 3.675000 0.000040
2.888000 3.675000 0.000040
2.963000 3.675000 0.000039
3.038000 3.675000 0.000039
3.113000 3.675000 0.000039
3.188000 3.675000 0.000039
3.263000 3.675000 0.000038
3.338000 3.675000 0.000038
3.413000 3.675000 0.000038
3.488000 3.675000 0.000038
3.563000 3.675000 0.000038
3.638000 3.675000 0.000037
3.713000 3.675000 0.000037
3.788000 3.675000 0.000037
3.863000 3.675000 0.000000
-0.037500 3.825000 0.000000
0.037500 3.825000 0.000022
0.112500 3.825000 0.000022
0.187500 3.825000 0.000022
0.262500 3.825000 0.000022
0.337500 3.825000 0.000022
0.412500 3.825000 0.000022
0.487500 3.825000 0.000022
0.562500 3.825000 0.000022
0.637500 3.825000 0.000023
0.712500 3.825000 0.000023
0.787500 3.825000 0.000023
0.862500 3.825000 0.000023
0.937500 3.825000 0.000023
1.012000 3.825000 0.000023
1.087000 3.825000 0.000024
1.163000 3.825000 0.000024
1.238000 3.825000 0.000024
1.313000 3.825000 0.000024
1.388000 3.825000 0.000024
1.463000 3.825000 0.000024
1.538000 3.825000 0.000024
1.613000 3.825000 0.000025
1.688000 3.825000 0.000025
1.763000 3.825000 0.000025
1.838000 3.825000 0.000025
1.913000 3.825000 0.000025
1.988000 3.825000 0.000025
2.063000 3.825000 0.000024
2.138000 3.825000 0.000024
2.213000 3.825000 0.000024
2.288000 3.825000 0.000024
2.363000 3.825000 0.000024
2.438000 3.825000 0.000024
2.513000 3.825000 0.000024
2.588000 3.825000 0.000024
2.663000 3.825000 0.000023
2.738000 3.825000 0.000023
2.813000 3.825000 0.000023
2.888000 3.825000 0.000023
2.963000 3.825000 0.000023
3.038000 3.825000 0.000022
3.113000 3.825000 0.000022
3.188000 3.825000 0.000022
3.263000 3.825000 0.000022
3.338000 3.825000 0.000022
3.413000 3.825000 0.000022
3.488000 3.825000 0.000022
3.563000 3.825000 0.000022
3.638000 3.825000 0.000022
3.713000 3.825000 0.000022
3.788000 3.825000 0.000021
3.863000 3.825000 0.000000
-0.037500 3.975000 0.000000
0.037500 3.975000 0.000012
0.112500 3.975000 0.000012
0.187500 3.975000 0.000012
0.262500 3.975000 0.000012
0.337500 3.975000 0.000013
0.412500 3.975000 0.000013
0.487500 3.975000 0.000013
0.562500 3.975000 0.000013
0.637500 3.975000 0.000013
0.712500 3.975000 0.000013
0.787500 3.975000 0.000013
0.862500 3.975000 0.000013
0.937500 3.975000 0.000013
1.012000 3.975000 0.000013
1.087000 3.975000 0.000013
1.163000 3.975000 0.000014
1.238000 3.975000 0.000014
1.313000 3.975000 0.000014
1.388000 3.975000 0.000014
1.463000 3.975000 0.000014
1.538000 3.975000 0.000014
1.613000 3.975000 0.000014
1.688000 3.975000 0.000014
1.763000 3.975000 0.000014
1.838000 3.975000 0.000014
1.913000 3.975000 0.000014
1.988000 3.975000 0.000014
2.063000 3.975000 0.000014
2.138000 3.975000 0.000014
2.213000 3.975000 0.000014
2.288000 3.975000 0.000014
2.363000 3.975000 0.000014
2.438000 3.975000 0.000014
2.513000 3.975000 0.000013
2.588000 3.975000 0.000013
2.663000 3.975000 0.000013
2.738000 3.975000 0.000013
2.813000 3.975000 0.000013
2.888000 3.975000 0.000013
2.963000 3.975000 0.000013
3.038000 3.975000 0.000013
3.113000 3.975000 0.000013
3.188000 3.975000 0.000013
3.263000 3.975000 0.000013
3.338000 3.975000 0.000012
3.413000 3.975000 0.000012
3.488000 3.975000 0.000012
3.563000 3.975000 0.000012
3.638000 3.975000 0.000012
3.713000 3.975000 0.000012
3.788000 3.975000 0.000012
3.863000 3.975000 0.000000
-0.037500 4.125000 0.000000
0.037500 4.125000 0.000007
0.112500 4.125000 0.000007
0.187500 4.125000 0.000007
0.262500 4.125000 0.000007
0.337500 4.125000 0.000007
0.412500 4.125000 0.000007
0.487500 4.125000 0.000007
0.562500 4.125000 0.000007
0.637500 4.125000 0.000007
0.712500 4.125000 0.000007
0.787500 4.125000 0.000007
0.862500 4.125000 0.000007
0.937500 4.125000 0.000007
1.012000 4.125000 0.000007
1.087000 4.125000 0.000008
1.163000 4.125000 0.000008
1.238000 4.125000 0.000008
1.313000 4.125000 0.000008
1.388000 4.125000 0.000008
1.463000 4.125000 0.000008
1.538000 4.125000 0.000008
1.613000 4.125000 0.000008
1.688000 4.125000 0.000008
1.763000 4.125000 0.000008
1.838000 4.125000 0.000008
1.913000 4.125000 0.000008
1.988000 4.125000 0.000008
2.063000 4.125000 0.000008
2.138000 4.125000 0.000008
2.213000 4.125000 0.000008
2.288000 4.125000 0.000008
2.363000 4.125000 0.000008
2.438000 4.125000 0.000008
2.513000 4.125000 0.000008
2.588000 4.125000 0.000008
2.663000 4.125000 0.000007
2.738000 4.125000 0.000007
2.813000 4.125000 0.000007
2.888000 4.125000 0.000007
2.963000 4.125000 0.000007
3.038000 4.125000 0.000007
3.113000 4.125000 0.000007
3.188000 4.125000 0.000007
3.263000 4.125000 0.000007
3.338000 4.125000 0.000007
3.413000 4.125000 0.000007
3.488000 4.125000 0.000007
3.563000 4.125000 0.000007
3.638000 4.125000 0.000007
3.713000 4.125000 0.000007
3.788000 4.125000 0.000007
3.863000 4.125000 0.000000
-0.037500 4.275000 0.000000
0.037500 4.275000 0.000004
0.112500 4.275000 0.000004
0.187500 4.275000 0.000004
0.262500 4.275000 0.000004
0.337500 4.275000 0.000004
0.412500 4.275000 0.000004
0.487500 4.275000 0.000004
0.562500 4.275000 0.000004
0.637500 4.275000 0.000004
0.712500 4.275000 0.000004
0.787500 4.275000 0.000004
0.862500 4.275000 0.000004
0.937500 4.275000 0.000004
1.012000 4.275000 0.000004
1.087000 4.275000 0.000004
1.163000 4.275000 0.000004
1.238000 4.275000 0.000004
1.313000 4.275000 0.000004
1.388000 4.275000 0.000004
1.463000 4.275000 0.000004
1.538000 4.275000 0.000004
1.613000 4.275000 0.000004
1.688000 4.275000 0.000004
1.763000 4.275000 0.000004
1.838000 4.275000 0.000004
1.913000 4.275000 0.000004
1.988000 4.275000 0.000004
2.063000 4.275000 0.000004
2.138000 4.275000 0.000004
2.213000 4.275000 0.000004
2.288000 4.275000 0.000004
2.363000 4.275000 0.000004
2.438000 4.275000 0.000004
2.513000 4.275000 0.000004
2.588000 4.275000 0.000004
2.663000 4.275000 0.000004
2.738000 4.275000 0.000004
2.813000 4.275000 0.000004
2.888000 4.275000 0.000004
2.963000 4.275000 0.000004
3.038000 4.275000 0.000004
3.113000 4.275000 0.000004
3.188000 4.275000 0.000004
3.263000 4.275000 0.000004
3.338000 4.275000 0.000004
3.413000 4.275000 0.000004
3.488000 4.275000 0.000004
3.563000 4.275000 0.000004
3.638000 4.275000 0.000004
3.713000 4.275000 0.000004
3.788000 4.275000 0.000004
3.863000 4.275000 0.000000
-0.037500 4.425000 0.000000
0.037500 4.425000 0.000002
0.112500 4.425000 0.000002
0.187500 4.425000 0.000002
0.262500 4.425000 0.000002
0.337500 4.425000 0.000002
0.412500 4.425000 0.000002
0.487500 4.425000 0.000002
0.562500 4.425000 0.000002
0.637500 4.425000 0.000002
0.712500 4.425000 0.000002
0.787500 4.425000 0.000002
0.862500 4.425000 0.000002
0.937500 4.425000 0.000002
1.012000 4.425000 0.000002
1.087000 4.425000 0.000002
1.163000 4.425000 0.000002
1.238000 4.425000 0.000002
1.313000 4.425000 0.000002
1.388000 4.425000 0.000002
1.463000 4.425000 0.000002
1.538000 4.425000 0.000002
1.613000 4.425000 0.000002
1.688000 4.425000 0.000002
1.763000 4.425000 0.000002
1.838000 4.425000 0.000002
1.913000 4.425000 0.000002
1.988000 4.425000 0.000002
2.063000 4.425000 0.000002
2.138000 4.425000 0.000002
2.213000 4.425000 0.000002
2.288000 4.425000 0.000002
2.363000 4.425000 0.000002
2.438000 4.425000 0.000002
2.513000 4.425000 0.000002
2.588000 4.425000 0.000002
2.663000 4.425000 0.000002
2.738000 4.425000 0.000002
2.813000 4.425000 0.000002
2.888000 4.425000 0.000002
2.963000 4.425000 0.000002
3.038000 4.425000 0.000002
3.113000 4.425000 0.000002
3.188000 4.425000 0.000002
3.263000 4.425000 0.000002
3.338000 4.425000 0.000002
3.413000 4.425000 0.000002
3.488000 4.425000 0.000002
3.563000 4.425000 0.000002
3.638000 4.425000 0.000002
3.713000 4.425000 0.000002
3.788000 4.425000 0.000002
3.863000 4.425000 0.000000
-0.037500 4.575000 0.000000
0.037500 4.575000 0.000001
0.112500 4.575000 0.000001
0.187500 4.575000 0.000001
0.262500 4.575000 0.000001
0.337500 4.575000 0.000001
0.412500 4.575000 0.000001
0.487500 4.575000 0.000001
0.562500 4.575000 0.000001
0.637500 4.575000 0.000001
0.712500 4.575000 0.000001
0.787500 4.575000 0.000001
0.862500 4.575000 0.000001
0.937500 4.575000 0.000001
1.012000 4.575000 0.000001
1.087000 4.575000 0.000001
1.163000 4.575000 0.000001
1.238000 4.575000 0.000001
1.313000 4.575000 0.000001
1.388000 4.575000 0.000001
1.463000 4.575000 0.000001
1.538000 4.575000 0.000001
1.613000 4.575000 0.000001
1.688000 4.575000 0.000001
1.763000 4.575000 0.000001
1.838000 4.575000 0.000001
1.913000 4.575000 0.000001
1.988000 4.575000 0.000001
2.063000 4.575000 0.000001
2.138000 4.575000 0.000001
2.213000 4.575000 0.000001
2.288000 4.575000 0.000001
2.363000 4.575000 0.000001
2.438000 4.575000 0.000001
2.513000 4.575000 0.000001
2.588000 4.575000 0.000001
2.663000 4.575000 0.000001
2.738000 4.575000 0.000001
2.813000 4.575000 0.000001
2.888000 4.575000 0.000001
2.963000 4.575000 0.000001
3.038000 4.575000 0.000001
3.113000 4.575000 0.000001
3.188000 4.575000 0.000001
3.263000 4.575000 0.000001
3.338000 4.575000 0.000001
3.413000 4.575000 0.000001
3.488000 4.575000 0.000001
3.563000 4.575000 0.000001
3.638000 4.575000 0.000001
3.713000 4.575000 0.000001
3.788000 4.575000 0.000001
3.863000 4.575000 0.000000
-0.037500 4.725000 0.000000
0.037500 4.725000 0.000001
0.112500 4.725000 0.000001
0.187500 4.725000 0.000001
0.262500 4.725000 0.000001
0.337500 4.725000 0.000001
0.412500 4.725000 0.000001
0.487500 4.725000 0.000001
0.562500 4.725000 0.000001
0.637500 4.725000 0.000001
0.712500 4.725000 0.000001
0.787500 4.725000 0.000001
0.862500 4.725000 0.000001
0.937500 4.725000 0.000001
1.012000 4.725000 0.000001
1.087000 4.725000 0.000001
1.163000 4.725000 0.000001
1.238000 4.725000 0.000001
1.313000 4.725000 0.000001
1.388000 4.725000 0.000001
1.463000 4.725000 0.000001
1.538000 4.725000 0.000001
1.613000 4.725000 0.000001
1.688000 4.725000 0.000001
1.763000 4.725000 0.000001
1.838000 4.725000 0.000001
1.913000 4.725000 0.000001
1.988000 4.725000 0.000001
2.063000 4.725000 0.000001
2.138000 4.725000 0.000001
2.213000 4.725000 0.000001
2.288000 4.725000 0.000001
2.363000 4.725000 0.000001
2.438000 4.725000 0.000001
2.513000 4.725000 0.000001
2.588000 4.725000 0.000001
2.663000 4.725000 0.000001
2.738000 4.725000 0.000001
2.813000 4.725000 0.000001
2.888000 4.725000 0.000001
2.963000 4.725000 0.000001
3.038000 4.725000 0.000001
3.113000 4.725000 0.000001
3.188000 4.725000 0.000001
3.263000 4.725000 0.000001
3.338000 4.725000 0.000001
3.413000 4.725000 0.000001
3.488000 4.725000 0.000001
3.563000 4.725000 0.000001
3.638000 4.725000 0.000001
3.713000 4.725000 0.000001
3.788000 4.725000 0.000001
3.863000 4.725000 0.000000
-0.037500 4.875000 0.000000
0.037500 4.875000 0.000000
0.112500 4.875000 0.000000
0.187500 4.875000 0.000000
0.262500 4.875000 0.000000
0.337500 4.875000 0.000000
0.412500 4.875000 0.000000
0.487500 4.875000 0.000000
0.562500 4.875000 0.000000
0.637500 4.875000 0.000000
0.712500 4.875000 0.000000
0.787500 4.875000 0.000000
0.862500 4.875000 0.000000
0.937500 4.875000 0.000000
1.012000 4.875000 0.000000
1.087000 4.875000 0.000000
1.163000 4.875000 0.000000
1.238000 4.875000 0.000000
1.313000 4.875000 0.000000
1.388000 4.875000 0.000000
1.463000 4.875000 0.000000
1.538000 4.875000 0.000000
1.613000 4.875000 0.000000
1.688000 4.875000 0.000000
1.763000 4.875000 0.000000
1.838000 4.875000 0.000000
1.913000 4.875000 0.000000
1.988000 4.875000 0.000000
2.063000 4.875000 0.000000
2.138000 4.875000 0.000000
2.213000 4.875000 0.000000
2.288000 4.875000 0.000000
2.363000 4.875000 0.000000
2.438000 4.875000 0.000000
2.513000 4.875000 0.000000
2.588000 4.875000 0.000000
2.663000 4.875000 0.000000
2.738000 4.875000 0.000000
2.813000 4.875000 0.000000
2.888000 4.875000 0.000000
2.963000 4.875000 0.000000
3.038000 4.875000 0.000000
3.113000 4.875000 0.000000
3.188000 4.875000 0.000000
3.263000 4.875000 0.000000
3.338000 4.875000 0.000000
3.413000 4.875000 0.000000
3.488000 4.875000 0.000000
3.563000 4.875000 0.000000
3.638000 4.875000 0.000000
3.713000 4.875000 0.000000
3.788000 4.875000 0.000000
3.863000 4.875000 0.000000
-0.037500 5.025000 0.000000
0.037500 5.025000 0.000000
0.112500 5.025000 0.000000
0.187500 5.025000 0.000000
0.262500 5.025000 0.000000
0.337500 5.025000 0.000000
0.412500 5.025000 0.000000
0.487500 5.025000 0.000000
0.562500 5.025000 0.000000
0.637500 5.025000 0.000000
0.712500 5.025000 0.000000
0.787500 5.025000 0.000000
0.862500 5.025000 0.000000
0.937500 5.025000 0.000000
1.012000 5.025000 0.000000
1.087000 5.025000 0.000000
1.163000 5.025000 0.000000
1.238000 5.025000 0.000000
1.313000 5.025000 0.000000
1.388000 5.025000 0.000000
1.463000 5.025000 0.000000
1.538000 5.025000 0.000000
1.613000 5.025000 0.000000
1.688000 5.025000 0.000000
1.763000 5.025000 0.000000
1.838000 5.025000 0.000000
1.913000 5.025000 0.000000
1.988000 5.025000 0.000000
2.063000 5.025000 0.000000
2.138000 5.025000 0.000000
2.213000 5.025000 0.000000
2.288000 5.025000 0.000000
2.363000 5.025000 0.000000
2.438000 5.025000 0.000000
2.513000 5.025000 0.000000
2.588000 5.025000 0.000000
2.663000 5.025000 0.000000
2.738000 5.025000 0.000000
2.813000 5.025000 0.000000
2.888000 5.025000 0.000000
2.963000 5.025000 0.000000
3.038000 5.025000 0.000000
3.113000 5.025000 0.000000
3.188000 5.025000 0.000000
3.263000 5.025000 0.000000
3.338000 5.025000 0.000000
3.413000 5.025000 0.000000
3.488000 5.025000 0.000000
3.563000 5.025000 0.000000
3.638000 5.025000 0.000000
3.713000 5.025000 0.000000
3.788000 5.025000 0.000000
3.863000 5.025000 0.000000
-0.037500 5.175000 0.000000
0.037500 5.175000 0.000000
0.112500 5.175000 0.000000
0.187500 5.175000 0.000000
0.262500 5.175000 0.000000
0.337500 5.175000 0.000000
0.412500 5.175000 0.000000
0.487500 5.175000 0.000000
0.562500 5.175000 0.000000
0.637500 5.175000 0.000000
0.712500 5.175000 0.000000
0.787500 5.175000 0.000000
0.862500 5.175000 0.000000
0.937500 5.175000 0.000000
1.012000 5.175000 0.000000
1.087000 5.175000 0.000000
1.163000 5.175000 0.000000
1.238000 5.175000 0.000000
1.313000 5.175000 0.000000
1.388000 5.175000 0.000000
1.463000 5.175000 0.000000
1.538000 5.175000 0.000000
1.613000 5.175000 0.000000
1.688000 5.175000 0.000000
1.763000 5.175000 0.000000
1.838000 5.175000 0.000000
1.913000 5.175000 0.000000
1.988000 5.175000 0.000000
2.063000 5.175000 0.000000
2.138000 5.175000 0.000000
2.213000 5.175000 0.000000
2.288000 5.175000 0.000000
2.363000 5.175000 0.000000
2.438000 5.175000 0.000000
2.513000 5.175000 0.000000
2.588000 5.175000 0.000000
2.663000 5.175000 0.000000
2.738000 5.175000 0.000000
2.813000 5.175000 0.000000
2.888000 5.175000 0.000000
2.963000 5.175000 0.000000
3.038000 5.175000 0.000000
3.113000 5.175000 0.000000
3.188000 5.175000 0.000000
3.263000 5.175000 0.000000
3.338000 5.175000 0.000000
3.413000 5.175000 0.000000
3.488000 5.175000 0.000000
3.563000 5.175000 0.000000
3.638000 5.175000 0.000000
3.713000 5.175000 0.000000
3.788000 5.175000 0.000000
3.863000 5.175000 0.000000
