-0.037500 -0.075000 0.000000
0.037500 -0.075000 0.000000
0.112500 -0.075000 0.000000
0.187500 -0.075000 0.000000
0.262500 -0.075000 0.000000
0.337500 -0.075000 0.000000
0.412500 -0.075000 0.000000
0.487500 -0.075000 0.000000
0.562500 -0.075000 0.000000
0.637500 -0.075000 0.000000
0.712500 -0.075000 0.000000
0.787500 -0.075000 0.000000
0.862500 -0.075000 0.000000
0.937500 -0.075000 0.000000
1.012000 -0.075000 0.000000
1.087000 -0.075000 0.000000
1.163000 -0.075000 0.000000
1.238000 -0.075000 0.000000
1.313000 -0.075000 0.000000
1.388000 -0.075000 0.000000
1.463000 -0.075000 0.000000
1.538000 -0.075000 0.000000
1.613000 -0.075000 0.000000
1.688000 -0.075000 0.000000
1.763000 -0.075000 0.000000
1.838000 -0.075000 0.000000
1.913000 -0.075000 0.000000
1.988000 -0.075000 0.000000
2.063000 -0.075000 0.000000
2.138000 -0.075000 0.000000
2.213000 -0.075000 0.000000
2.288000 -0.075000 0.000000
2.363000 -0.075000 0.000000
2.438000 -0.075000 0.000000
2.513000 -0.075000 0.000000
2.588000 -0.075000 0.000000
2.663000 -0.075000 0.000000
2.738000 -0.075000 0.000000
2.813000 -0.075000 0.000000
2.888000 -0.075000 0.000000
2.963000 -0.075000 0.000000
3.038000 -0.075000 0.000000
3.113000 -0.075000 0.000000
3.188000 -0.075000 0.000000
3.263000 -0.075000 0.000000
3.338000 -0.075000 0.000000
3.413000 -0.075000 0.000000
3.488000 -0.075000 0.000000
3.563000 -0.075000 0.000000
3.638000 -0.075000 0.000000
3.713000 -0.075000 0.000000
3.788000 -0.075000 0.000000
3.863000 -0.075000 0.000000
-0.037500 0.075000 0.000000
0.037500 0.075000 0.048550
0.112500 0.075000 0.097090
0.187500 0.075000 0.145600
0.262500 0.075000 0.194200
0.337500 0.075000 0.242700
0.412500 0.075000 0.291200
0.487500 0.075000 0.339600
0.562500 0.075000 0.387900
0.637500 0.075000 0.436000
0.712500 0.075000 0.483900
0.787500 0.075000 0.531500
0.862500 0.075000 0.578600
0.937500 0.075000 0.625100
1.012000 0.075000 0.670800
1.087000 0.075000 0.715300
1.163000 0.075000 0.758600
1.238000 0.075000 0.800100
1.313000 0.075000 0.839500
1.388000 0.075000 0.876300
1.463000 0.075000 0.910000
1.538000 0.075000 0.940100
1.613000 0.075000 0.966000
1.688000 0.075000 0.987300
1.763000 0.075000 1.003000
1.838000 0.075000 1.014000
1.913000 0.075000 1.019000
1.988000 0.075000 1.019000
2.063000 0.075000 1.013000
2.138000 0.075000 1.002000
2.213000 0.075000 0.987100
2.288000 0.075000 0.968000
2.363000 0.075000 0.945600
2.438000 0.075000 0.920800
2.513000 0.075000 0.894200
2.588000 0.075000 0.866300
2.663000 0.075000 0.837700
2.738000 0.075000 0.808900
2.813000 0.075000 0.780100
2.888000 0.075000 0.751700
2.963000 0.075000 0.723900
3.038000 0.075000 0.696800
3.113000 0.075000 0.670600
3.188000 0.075000 0.645300
3.263000 0.075000 0.620900
3.338000 0.075000 0.597600
3.413000 0.075000 0.575200
3.488000 0.075000 0.553900
3.563000 0.075000 0.533500
3.638000 0.075000 0.514000
3.713000 0.075000 0.495500
3.788000 0.075000 0.477800
3.863000 0.075000 0.000000
-0.037500 0.225000 0.000000
0.037500 0.225000 0.048550
0.112500 0.225000 0.097090
0.187500 0.225000 0.145600
0.262500 0.225000 0.194200
0.337500 0.225000 0.242700
0.412500 0.225000 0.291200
0.487500 0.225000 0.339600
0.562500 0.225000 0.387900
0.637500 0.225000 0.436000
0.712500 0.225000 0.483900
0.787500 0.225000 0.531500
0.862500 0.225000 0.578600
0.937500 0.225000 0.625100
1.012000 0.225000 0.670800
1.087000 0.225000 0.715300
1.163000 0.225000 0.758600
1.238000 0.225000 0.800100
1.313000 0.225000 0.839500
1.388000 0.225000 0.876300
1.463000 0.225000 0.910000
1.538000 0.225000 0.940100
1.613000 0.225000 0.966000
1.688000 0.225000 0.987300
1.763000 0.225000 1.003000
1.838000 0.225000 1.014000
1.913000 0.225000 1.019000
1.988000 0.225000 1.019000
2.063000 0.225000 1.013000
2.138000 0.225000 1.002000
2.213000 0.225000 0.987100
2.288000 0.225000 0.968000
2.363000 0.225000 0.945600
2.438000 0.225000 0.920800
2.513000 0.225000 0.894200
2.588000 0.225000 0.866300
2.663000 0.225000 0.837700
2.738000 0.225000 0.808900
2.813000 0.225000 0.780100
2.888000 0.225000 0.751700
2.963000 0.225000 0.723900
3.038000 0.225000 0.696800
3.113000 0.225000 0.670600
3.188000 0.225000 0.645300
3.263000 0.225000 0.620900
3.338000 0.225000 0.597600
3.413000 0.225000 0.575200
3.488000 0.225000 0.553900
3.563000 0.225000 0.533500
3.638000 0.225000 0.514000
3.713000 0.225000 0.495500
3.788000 0.225000 0.477800
3.863000 0.225000 0.000000
-0.037500 0.375000 0.000000
0.037500 0.375000 0.133100
0.112500 0.375000 0.144900
0.187500 0.375000 0.163100
0.262500 0.375000 0.185400
0.337500 0.375000 0.210400
0.412500 0.375000 0.237000
0.487500 0.375000 0.264800
0.562500 0.375000 0.293300
0.637500 0.375000 0.322300
0.712500 0.375000 0.351500
0.787500 0.375000 0.380700
0.862500 0.375000 0.409800
0.937500 0.375000 0.438600
1.012000 0.375000 0.466900
1.087000 0.375000 0.494500
1.163000 0.375000 0.521200
1.238000 0.375000 0.546700
1.313000 0.375000 0.570700
1.388000 0.375000 0.593100
1.463000 0.375000 0.613400
1.538000 0.375000 0.631400
1.613000 0.375000 0.646800
1.688000 0.375000 0.659300
1.763000 0.375000 0.668800
1.838000 0.375000 0.675000
1.913000 0.375000 0.677900
1.988000 0.375000 0.677600
2.063000 0.375000 0.674100
2.138000 0.375000 0.667600
2.213000 0.375000 0.658400
2.288000 0.375000 0.646900
2.363000 0.375000 0.633400
2.438000 0.375000 0.618300
2.513000 0.375000 0.601900
2.588000 0.375000 0.584700
2.663000 0.375000 0.566900
2.738000 0.375000 0.548700
2.813000 0.375000 0.530500
2.888000 0.375000 0.512500
2.963000 0.375000 0.494700
3.038000 0.375000 0.477300
3.113000 0.375000 0.460400
3.188000 0.375000 0.444200
3.263000 0.375000 0.428600
3.338000 0.375000 0.413800
3.413000 0.375000 0.399800
3.488000 0.375000 0.386700
3.563000 0.375000 0.374800
3.638000 0.375000 0.364400
3.713000 0.375000 0.356000
3.788000 0.375000 0.350800
3.863000 0.375000 0.000000
-0.037500 0.525000 0.000000
0.037500 0.525000 0.139200
0.112500 0.525000 0.143100
0.187500 0.525000 0.150200
0.262500 0.525000 0.159900
0.337500 0.525000 0.171400
0.412500 0.525000 0.184300
0.487500 0.525000 0.198300
0.562500 0.525000 0.213000
0.637500 0.525000 0.228300
0.712500 0.525000 0.243900
0.787500 0.525000 0.259700
0.862500 0.525000 0.275500
0.937500 0.525000 0.291300
1.012000 0.525000 0.306800
1.087000 0.525000 0.321900
1.163000 0.525000 0.336400
1.238000 0.525000 0.350300
1.313000 0.525000 0.363300
1.388000 0.525000 0.375400
1.463000 0.525000 0.386200
1.538000 0.525000 0.395800
1.613000 0.525000 0.403900
1.688000 0.525000 0.410500
1.763000 0.525000 0.415400
1.838000 0.525000 0.418600
1.913000 0.525000 0.420000
1.988000 0.525000 0.419700
2.063000 0.525000 0.417700
2.138000 0.525000 0.414100
2.213000 0.525000 0.409100
2.288000 0.525000 0.402900
2.363000 0.525000 0.395500
2.438000 0.525000 0.387200
2.513000 0.525000 0.378100
2.588000 0.525000 0.368500
2.663000 0.525000 0.358500
2.738000 0.525000 0.348300
2.813000 0.525000 0.338000
2.888000 0.525000 0.327700
2.963000 0.525000 0.317500
3.038000 0.525000 0.307500
3.113000 0.525000 0.297900
3.188000 0.525000 0.288600
3.263000 0.525000 0.279800
3.338000 0.525000 0.271500
3.413000 0.525000 0.263900
3.488000 0.525000 0.256900
3.563000 0.525000 0.250900
3.638000 0.525000 0.245900
3.713000 0.525000 0.242200
3.788000 0.525000 0.240200
3.863000 0.525000 0.000000
-0.037500 0.675000 0.000000
0.037500 0.675000 0.134000
0.112500 0.675000 0.135600
0.187500 0.675000 0.138600
0.262500 0.675000 0.143000
0.337500 0.675000 0.148400
0.412500 0.675000 0.154800
0.487500 0.675000 0.162000
0.562500 0.675000 0.169700
0.637500 0.675000 0.178000
0.712500 0.675000 0.186500
0.787500 0.675000 0.195300
0.862500 0.675000 0.204200
0.937500 0.675000 0.213100
1.012000 0.675000 0.221800
1.087000 0.675000 0.230400
1.163000 0.675000 0.238600
1.238000 0.675000 0.246400
1.313000 0.675000 0.253700
1.388000 0.675000 0.260400
1.463000 0.675000 0.266400
1.538000 0.675000 0.271700
1.613000 0.675000 0.276100
1.688000 0.675000 0.279600
1.763000 0.675000 0.282200
1.838000 0.675000 0.283800
1.913000 0.675000 0.284500
1.988000 0.675000 0.284200
2.063000 0.675000 0.283000
2.138000 0.675000 0.280900
2.213000 0.675000 0.278000
2.288000 0.675000 0.274400
2.363000 0.675000 0.270100
2.438000 0.675000 0.265300
2.513000 0.675000 0.260000
2.588000 0.675000 0.254400
2.663000 0.675000 0.248400
2.738000 0.675000 0.242400
2.813000 0.675000 0.236200
2.888000 0.675000 0.230000
2.963000 0.675000 0.223900
3.038000 0.675000 0.217900
3.113000 0.675000 0.212100
3.188000 0.675000 0.206600
3.263000 0.675000 0.201400
3.338000 0.675000 0.196600
3.413000 0.675000 0.192200
3.488000 0.675000 0.188400
3.563000 0.675000 0.185200
3.638000 0.675000 0.182700
3.713000 0.675000 0.181000
3.788000 0.675000 0.180100
3.863000 0.675000 0.000000
-0.037500 0.825000 0.000000
0.037500 0.825000 0.124900
0.112500 0.825000 0.125900
0.187500 0.825000 0.127900
0.262500 0.825000 0.130800
0.337500 0.825000 0.134500
0.412500 0.825000 0.138800
0.487500 0.825000 0.143800
0.562500 0.825000 0.149300
0.637500 0.825000 0.155200
0.712500 0.825000 0.161300
0.787500 0.825000 0.167700
0.862500 0.825000 0.174100
0.937500 0.825000 0.180600
1.012000 0.825000 0.187000
1.087000 0.825000 0.193200
1.163000 0.825000 0.199200
1.238000 0.825000 0.204900
1.313000 0.825000 0.210200
1.388000 0.825000 0.215100
1.463000 0.825000 0.219400
1.538000 0.825000 0.223200
1.613000 0.825000 0.226400
1.688000 0.825000 0.228900
1.763000 0.825000 0.230700
1.838000 0.825000 0.231800
1.913000 0.825000 0.232200
1.988000 0.825000 0.232000
2.063000 0.825000 0.231000
2.138000 0.825000 0.229400
2.213000 0.825000 0.227300
2.288000 0.825000 0.224500
2.363000 0.825000 0.221300
2.438000 0.825000 0.217700
2.513000 0.825000 0.213800
2.588000 0.825000 0.209500
2.663000 0.825000 0.205100
2.738000 0.825000 0.200500
2.813000 0.825000 0.195800
2.888000 0.825000 0.191100
2.963000 0.825000 0.186500
3.038000 0.825000 0.181900
3.113000 0.825000 0.177600
3.188000 0.825000 0.173400
3.263000 0.825000 0.169500
3.338000 0.825000 0.166000
3.413000 0.825000 0.162800
3.488000 0.825000 0.160000
3.563000 0.825000 0.157700
3.638000 0.825000 0.155900
3.713000 0.825000 0.154700
3.788000 0.825000 0.154100
3.863000 0.825000 0.000000
-0.037500 0.975000 0.000000
0.037500 0.975000 0.113500
0.112500 0.975000 0.114200
0.187500 0.975000 0.115500
0.262500 0.975000 0.117600
0.337500 0.975000 0.120200
0.412500 0.975000 0.123300
0.487500 0.975000 0.127000
0.562500 0.975000 0.131000
0.637500 0.975000 0.135300
0.712500 0.975000 0.139800
0.787500 0.975000 0.144500
0.862500 0.975000 0.149300
0.937500 0.975000 0.154200
1.012000 0.975000 0.158900
1.087000 0.975000 0.163600
1.163000 0.975000 0.168100
1.238000 0.975000 0.172400
1.313000 0.975000 0.176300
1.388000 0.975000 0.180000
1.463000 0.975000 0.183200
1.538000 0.975000 0.186000
1.613000 0.975000 0.188300
1.688000 0.975000 0.190200
1.763000 0.975000 0.191500
1.838000 0.975000 0.192300
1.913000 0.975000 0.192600
1.988000 0.975000 0.192300
2.063000 0.975000 0.191600
2.138000 0.975000 0.190300
2.213000 0.975000 0.188700
2.288000 0.975000 0.186600
2.363000 0.975000 0.184100
2.438000 0.975000 0.181300
2.513000 0.975000 0.178200
2.588000 0.975000 0.175000
2.663000 0.975000 0.171500
2.738000 0.975000 0.167900
2.813000 0.975000 0.164300
2.888000 0.975000 0.160700
2.963000 0.975000 0.157100
3.038000 0.975000 0.153600
3.113000 0.975000 0.150200
3.188000 0.975000 0.147000
3.263000 0.975000 0.144100
3.338000 0.975000 0.141300
3.413000 0.975000 0.138900
3.488000 0.975000 0.136800
3.563000 0.975000 0.135100
3.638000 0.975000 0.133800
3.713000 0.975000 0.133000
3.788000 0.975000 0.132500
3.863000 0.975000 0.000000
-0.037500 1.125000 0.000000
0.037500 1.125000 0.101700
0.112500 1.125000 0.102300
0.187500 1.125000 0.103300
0.262500 1.125000 0.104900
0.337500 1.125000 0.106900
0.412500 1.125000 0.109300
0.487500 1.125000 0.112100
0.562500 1.125000 0.115200
0.637500 1.125000 0.118500
0.712500 1.125000 0.122100
0.787500 1.125000 0.125800
0.862500 1.125000 0.129600
0.937500 1.125000 0.133400
1.012000 1.125000 0.137100
1.087000 1.125000 0.140800
1.163000 1.125000 0.144400
1.238000 1.125000 0.147700
1.313000 1.125000 0.150900
1.388000 1.125000 0.153700
1.463000 1.125000 0.156300
1.538000 1.125000 0.158500
1.613000 1.125000 0.160300
1.688000 1.125000 0.161700
1.763000 1.125000 0.162700
1.838000 1.125000 0.163300
1.913000 1.125000 0.163500
1.988000 1.125000 0.163300
2.063000 1.125000 0.162700
2.138000 1.125000 0.161700
2.213000 1.125000 0.160300
2.288000 1.125000 0.158600
2.363000 1.125000 0.156600
2.438000 1.125000 0.154300
2.513000 1.125000 0.151900
2.588000 1.125000 0.149200
2.663000 1.125000 0.146400
2.738000 1.125000 0.143600
2.813000 1.125000 0.140600
2.888000 1.125000 0.137700
2.963000 1.125000 0.134800
3.038000 1.125000 0.132000
3.113000 1.125000 0.129300
3.188000 1.125000 0.126700
3.263000 1.125000 0.124300
3.338000 1.125000 0.122100
3.413000 1.125000 0.120200
3.488000 1.125000 0.118600
3.563000 1.125000 0.117200
3.638000 1.125000 0.116200
3.713000 1.125000 0.115500
3.788000 1.125000 0.115100
3.863000 1.125000 0.000000
-0.037500 1.275000 0.000000
0.037500 1.275000 0.079550
0.112500 1.275000 0.079920
0.187500 1.275000 0.080660
0.262500 1.275000 0.081760
0.337500 1.275000 0.083170
0.412500 1.275000 0.084890
0.487500 1.275000 0.086870
0.562500 1.275000 0.089070
0.637500 1.275000 0.091470
0.712500 1.275000 0.094000
0.787500 1.275000 0.096650
0.862500 1.275000 0.099350
0.937500 1.275000 0.102100
1.012000 1.275000 0.104800
1.087000 1.275000 0.107400
1.163000 1.275000 0.110000
1.238000 1.275000 0.112400
1.313000 1.275000 0.114600
1.388000 1.275000 0.116600
1.463000 1.275000 0.118500
1.538000 1.275000 0.120000
1.613000 1.275000 0.121300
1.688000 1.275000 0.122300
1.763000 1.275000 0.123100
1.838000 1.275000 0.123500
1.913000 1.275000 0.123600
1.988000 1.275000 0.123400
2.063000 1.275000 0.123000
2.138000 1.275000 0.122200
2.213000 1.275000 0.121200
2.288000 1.275000 0.120000
2.363000 1.275000 0.118500
2.438000 1.275000 0.116900
2.513000 1.275000 0.115100
2.588000 1.275000 0.113100
2.663000 1.275000 0.111100
2.738000 1.275000 0.109000
2.813000 1.275000 0.106900
2.888000 1.275000 0.104700
2.963000 1.275000 0.102600
3.038000 1.275000 0.100600
3.113000 1.275000 0.098580
3.188000 1.275000 0.096710
3.263000 1.275000 0.094980
3.338000 1.275000 0.093410
3.413000 1.275000 0.092020
3.488000 1.275000 0.090840
3.563000 1.275000 0.089870
3.638000 1.275000 0.089130
3.713000 1.275000 0.088630
3.788000 1.275000 0.088390
3.863000 1.275000 0.000000
-0.037500 1.425000 0.000000
0.037500 1.425000 0.055270
0.112500 1.425000 0.055500
0.187500 1.425000 0.055950
0.262500 1.425000 0.056620
0.337500 1.425000 0.057490
0.412500 1.425000 0.058550
0.487500 1.425000 0.059770
0.562500 1.425000 0.061130
0.637500 1.425000 0.062610
0.712500 1.425000 0.064180
0.787500 1.425000 0.065820
0.862500 1.425000 0.067500
0.937500 1.425000 0.069190
1.012000 1.425000 0.070870
1.087000 1.425000 0.072520
1.163000 1.425000 0.074100
1.238000 1.425000 0.075600
1.313000 1.425000 0.076990
1.388000 1.425000 0.078260
1.463000 1.425000 0.079390
1.538000 1.425000 0.080360
1.613000 1.425000 0.081160
1.688000 1.425000 0.081790
1.763000 1.425000 0.082230
1.838000 1.425000 0.082480
1.913000 1.425000 0.082540
1.988000 1.425000 0.082410
2.063000 1.425000 0.082100
2.138000 1.425000 0.081620
2.213000 1.425000 0.080980
2.288000 1.425000 0.080190
2.363000 1.425000 0.079260
2.438000 1.425000 0.078210
2.513000 1.425000 0.077060
2.588000 1.425000 0.075830
2.663000 1.425000 0.074530
2.738000 1.425000 0.073200
2.813000 1.425000 0.071840
2.888000 1.425000 0.070480
2.963000 1.425000 0.069130
3.038000 1.425000 0.067820
3.113000 1.425000 0.066560
3.188000 1.425000 0.065380
3.263000 1.425000 0.064280
3.338000 1.425000 0.063290
3.413000 1.425000 0.062410
3.488000 1.425000 0.061670
3.563000 1.425000 0.061060
3.638000 1.425000 0.060590
3.713000 1.425000 0.060280
3.788000 1.425000 0.060130
3.863000 1.425000 0.000000
-0.037500 1.575000 0.000000
0.037500 1.575000 0.037850
0.112500 1.575000 0.037990
0.187500 1.575000 0.038270
0.262500 1.575000 0.038680
0.337500 1.575000 0.039210
0.412500 1.575000 0.039860
0.487500 1.575000 0.040600
0.562500 1.575000 0.041440
0.637500 1.575000 0.042350
0.712500 1.575000 0.043320
0.787500 1.575000 0.044320
0.862500 1.575000 0.045360
0.937500 1.575000 0.046400
1.012000 1.575000 0.047440
1.087000 1.575000 0.048460
1.163000 1.575000 0.049430
1.238000 1.575000 0.050360
1.313000 1.575000 0.051220
1.388000 1.575000 0.052000
1.463000 1.575000 0.052690
1.538000 1.575000 0.053290
1.613000 1.575000 0.053780
1.688000 1.575000 0.054160
1.763000 1.575000 0.054430
1.838000 1.575000 0.054570
1.913000 1.575000 0.054600
1.988000 1.575000 0.054510
2.063000 1.575000 0.054310
2.138000 1.575000 0.054010
2.213000 1.575000 0.053600
2.288000 1.575000 0.053090
2.363000 1.575000 0.052500
2.438000 1.575000 0.051840
2.513000 1.575000 0.051110
2.588000 1.575000 0.050330
2.663000 1.575000 0.049520
2.738000 1.575000 0.048670
2.813000 1.575000 0.047810
2.888000 1.575000 0.046950
2.963000 1.575000 0.046110
3.038000 1.575000 0.045280
3.113000 1.575000 0.044490
3.188000 1.575000 0.043740
3.263000 1.575000 0.043050
3.338000 1.575000 0.042430
3.413000 1.575000 0.041880
3.488000 1.575000 0.041410
3.563000 1.575000 0.041030
3.638000 1.575000 0.040740
3.713000 1.575000 0.040550
3.788000 1.575000 0.040450
3.863000 1.575000 0.000000
-0.037500 1.725000 0.000000
0.037500 1.725000 0.025530
0.112500 1.725000 0.025620
0.187500 1.725000 0.025780
0.262500 1.725000 0.026030
0.337500 1.725000 0.026350
0.412500 1.725000 0.026740
0.487500 1.725000 0.027200
0.562500 1.725000 0.027710
0.637500 1.725000 0.028260
0.712500 1.725000 0.028850
0.787500 1.725000 0.029460
0.862500 1.725000 0.030090
0.937500 1.725000 0.030730
1.012000 1.725000 0.031370
1.087000 1.725000 0.031980
1.163000 1.725000 0.032580
1.238000 1.725000 0.033150
1.313000 1.725000 0.033670
1.388000 1.725000 0.034150
1.463000 1.725000 0.034570
1.538000 1.725000 0.034930
1.613000 1.725000 0.035230
1.688000 1.725000 0.035460
1.763000 1.725000 0.035610
1.838000 1.725000 0.035700
1.913000 1.725000 0.035710
1.988000 1.725000 0.035650
2.063000 1.725000 0.035520
2.138000 1.725000 0.035330
2.213000 1.725000 0.035070
2.288000 1.725000 0.034750
2.363000 1.725000 0.034380
2.438000 1.725000 0.033970
2.513000 1.725000 0.033510
2.588000 1.725000 0.033030
2.663000 1.725000 0.032510
2.738000 1.725000 0.031990
2.813000 1.725000 0.031450
2.888000 1.725000 0.030910
2.963000 1.725000 0.030390
3.038000 1.725000 0.029870
3.113000 1.725000 0.029380
3.188000 1.725000 0.028910
3.263000 1.725000 0.028490
3.338000 1.725000 0.028100
3.413000 1.725000 0.027760
3.488000 1.725000 0.027470
3.563000 1.725000 0.027230
3.638000 1.725000 0.027050
3.713000 1.725000 0.026930
3.788000 1.725000 0.026870
3.863000 1.725000 0.000000
-0.037500 1.875000 0.000000
0.037500 1.875000 0.016890
0.112500 1.875000 0.016940
0.187500 1.875000 0.017040
0.262500 1.875000 0.017180
0.337500 1.875000 0.017380
0.412500 1.875000 0.017610
0.487500 1.875000 0.017880
0.562500 1.875000 0.018180
0.637500 1.875000 0.018510
0.712500 1.875000 0.018870
0.787500 1.875000 0.019230
0.862500 1.875000 0.019610
0.937500 1.875000 0.019990
1.012000 1.875000 0.020370
1.087000 1.875000 0.020750
1.163000 1.875000 0.021100
1.238000 1.875000 0.021440
1.313000 1.875000 0.021750
1.388000 1.875000 0.022040
1.463000 1.875000 0.022290
1.538000 1.875000 0.022510
1.613000 1.875000 0.022680
1.688000 1.875000 0.022820
1.763000 1.875000 0.022910
1.838000 1.875000 0.022960
1.913000 1.875000 0.022960
1.988000 1.875000 0.022920
2.063000 1.875000 0.022840
2.138000 1.875000 0.022720
2.213000 1.875000 0.022560
2.288000 1.875000 0.022360
2.363000 1.875000 0.022130
2.438000 1.875000 0.021880
2.513000 1.875000 0.021600
2.588000 1.875000 0.021300
2.663000 1.875000 0.020990
2.738000 1.875000 0.020660
2.813000 1.875000 0.020330
2.888000 1.875000 0.020010
2.963000 1.875000 0.019680
3.038000 1.875000 0.019370
3.113000 1.875000 0.019060
3.188000 1.875000 0.018780
3.263000 1.875000 0.018520
3.338000 1.875000 0.018280
3.413000 1.875000 0.018070
3.488000 1.875000 0.017900
3.563000 1.875000 0.017750
3.638000 1.875000 0.017640
3.713000 1.875000 0.017570
3.788000 1.875000 0.017530
3.863000 1.875000 0.000000
-0.037500 2.025000 0.000000
0.037500 2.025000 0.010820
0.112500 2.025000 0.010850
0.187500 2.025000 0.010910
0.262500 2.025000 0.010990
0.337500 2.025000 0.011100
0.412500 2.025000 0.011230
0.487500 2.025000 0.011390
0.562500 2.025000 0.011560
0.637500 2.025000 0.011750
0.712500 2.025000 0.011950
0.787500 2.025000 0.012170
0.862500 2.025000 0.012380
0.937500 2.025000 0.012600
1.012000 2.025000 0.012820
1.087000 2.025000 0.013030
1.163000 2.025000 0.013240
1.238000 2.025000 0.013430
1.313000 2.025000 0.013610
1.388000 2.025000 0.013780
1.463000 2.025000 0.013920
1.538000 2.025000 0.014040
1.613000 2.025000 0.014140
1.688000 2.025000 0.014220
1.763000 2.025000 0.014270
1.838000 2.025000 0.014300
1.913000 2.025000 0.014300
1.988000 2.025000 0.014270
2.063000 2.025000 0.014220
2.138000 2.025000 0.014150
2.213000 2.025000 0.014050
2.288000 2.025000 0.013930
2.363000 2.025000 0.013800
2.438000 2.025000 0.013650
2.513000 2.025000 0.013480
2.588000 2.025000 0.013300
2.663000 2.025000 0.013120
2.738000 2.025000 0.012930
2.813000 2.025000 0.012740
2.888000 2.025000 0.012540
2.963000 2.025000 0.012350
3.038000 2.025000 0.012170
3.113000 2.025000 0.011990
3.188000 2.025000 0.011820
3.263000 2.025000 0.011670
3.338000 2.025000 0.011530
3.413000 2.025000 0.011410
3.488000 2.025000 0.011300
3.563000 2.025000 0.011220
3.638000 2.025000 0.011150
3.713000 2.025000 0.011110
3.788000 2.025000 0.011090
3.863000 2.025000 0.000000
-0.037500 2.175000 0.000000
0.037500 2.175000 0.006502
0.112500 2.175000 0.006517
0.187500 2.175000 0.006545
0.262500 2.175000 0.006588
0.337500 2.175000 0.006644
0.412500 2.175000 0.006712
0.487500 2.175000 0.006791
0.562500 2.175000 0.006879
0.637500 2.175000 0.006976
0.712500 2.175000 0.007079
0.787500 2.175000 0.007187
0.862500 2.175000 0.007297
0.937500 2.175000 0.007409
1.012000 2.175000 0.007520
1.087000 2.175000 0.007628
1.163000 2.175000 0.007733
1.238000 2.175000 0.007831
1.313000 2.175000 0.007922
1.388000 2.175000 0.008005
1.463000 2.175000 0.008077
1.538000 2.175000 0.008139
1.613000 2.175000 0.008189
1.688000 2.175000 0.008226
1.763000 2.175000 0.008250
1.838000 2.175000 0.008261
1.913000 2.175000 0.008258
1.988000 2.175000 0.008243
2.063000 2.175000 0.008214
2.138000 2.175000 0.008174
2.213000 2.175000 0.008122
2.288000 2.175000 0.008059
2.363000 2.175000 0.007986
2.438000 2.175000 0.007905
2.513000 2.175000 0.007817
2.588000 2.175000 0.007724
2.663000 2.175000 0.007625
2.738000 2.175000 0.007524
2.813000 2.175000 0.007422
2.888000 2.175000 0.007319
2.963000 2.175000 0.007219
3.038000 2.175000 0.007121
3.113000 2.175000 0.007027
3.188000 2.175000 0.006940
3.263000 2.175000 0.006858
3.338000 2.175000 0.006785
3.413000 2.175000 0.006721
3.488000 2.175000 0.006666
3.563000 2.175000 0.006621
3.638000 2.175000 0.006587
3.713000 2.175000 0.006564
3.788000 2.175000 0.006553
3.863000 2.175000 0.000000
-0.037500 2.325000 0.000000
0.037500 2.325000 0.004370
0.112500 2.325000 0.004378
0.187500 2.325000 0.004393
0.262500 2.325000 0.004416
0.337500 2.325000 0.004445
0.412500 2.325000 0.004481
0.487500 2.325000 0.004522
0.562500 2.325000 0.004569
0.637500 2.325000 0.004620
0.712500 2.325000 0.004674
0.787500 2.325000 0.004731
0.862500 2.325000 0.004789
0.937500 2.325000 0.004848
1.012000 2.325000 0.004906
1.087000 2.325000 0.004963
1.163000 2.325000 0.005018
1.238000 2.325000 0.005070
1.313000 2.325000 0.005117
1.388000 2.325000 0.005160
1.463000 2.325000 0.005197
1.538000 2.325000 0.005229
1.613000 2.325000 0.005253
1.688000 2.325000 0.005272
1.763000 2.325000 0.005283
1.838000 2.325000 0.005286
1.913000 2.325000 0.005283
1.988000 2.325000 0.005272
2.063000 2.325000 0.005255
2.138000 2.325000 0.005231
2.213000 2.325000 0.005200
2.288000 2.325000 0.005164
2.363000 2.325000 0.005122
2.438000 2.325000 0.005076
2.513000 2.325000 0.005026
2.588000 2.325000 0.004973
2.663000 2.325000 0.004918
2.738000 2.325000 0.004861
2.813000 2.325000 0.004803
2.888000 2.325000 0.004746
2.963000 2.325000 0.004689
3.038000 2.325000 0.004635
3.113000 2.325000 0.004583
3.188000 2.325000 0.004534
3.263000 2.325000 0.004489
3.338000 2.325000 0.004448
3.413000 2.325000 0.004412
3.488000 2.325000 0.004382
3.563000 2.325000 0.004357
3.638000 2.325000 0.004338
3.713000 2.325000 0.004326
3.788000 2.325000 0.004319
3.863000 2.325000 0.000000
-0.037500 2.475000 0.000000
0.037500 2.475000 0.003530
0.112500 2.475000 0.003536
0.187500 2.475000 0.003546
0.262500 2.475000 0.003562
0.337500 2.475000 0.003582
0.412500 2.475000 0.003607
0.487500 2.475000 0.003636
0.562500 2.475000 0.003669
0.637500 2.475000 0.003705
0.712500 2.475000 0.003743
0.787500 2.475000 0.003782
0.862500 2.475000 0.003823
0.937500 2.475000 0.003864
1.012000 2.475000 0.003905
1.087000 2.475000 0.003945
1.163000 2.475000 0.003983
1.238000 2.475000 0.004019
1.313000 2.475000 0.004052
1.388000 2.475000 0.004081
1.463000 2.475000 0.004107
1.538000 2.475000 0.004128
1.613000 2.475000 0.004145
1.688000 2.475000 0.004157
1.763000 2.475000 0.004164
1.838000 2.475000 0.004166
1.913000 2.475000 0.004162
1.988000 2.475000 0.004153
2.063000 2.475000 0.004140
2.138000 2.475000 0.004122
2.213000 2.475000 0.004099
2.288000 2.475000 0.004072
2.363000 2.475000 0.004041
2.438000 2.475000 0.004007
2.513000 2.475000 0.003971
2.588000 2.475000 0.003932
2.663000 2.475000 0.003891
2.738000 2.475000 0.003850
2.813000 2.475000 0.003808
2.888000 2.475000 0.003766
2.963000 2.475000 0.003725
3.038000 2.475000 0.003685
3.113000 2.475000 0.003648
3.188000 2.475000 0.003612
3.263000 2.475000 0.003579
3.338000 2.475000 0.003550
3.413000 2.475000 0.003524
3.488000 2.475000 0.003502
3.563000 2.475000 0.003485
3.638000 2.475000 0.003471
3.713000 2.475000 0.003462
3.788000 2.475000 0.003457
3.863000 2.475000 0.000000
-0.037500 2.625000 0.000000
0.037500 2.625000 0.002884
0.112500 2.625000 0.002887
0.187500 2.625000 0.002895
0.262500 2.625000 0.002906
0.337500 2.625000 0.002921
0.412500 2.625000 0.002939
0.487500 2.625000 0.002960
0.562500 2.625000 0.002984
0.637500 2.625000 0.003010
0.712500 2.625000 0.003037
0.787500 2.625000 0.003066
0.862500 2.625000 0.003095
0.937500 2.625000 0.003125
1.012000 2.625000 0.003154
1.087000 2.625000 0.003182
1.163000 2.625000 0.003210
1.238000 2.625000 0.003235
1.313000 2.625000 0.003259
1.388000 2.625000 0.003280
1.463000 2.625000 0.003298
1.538000 2.625000 0.003313
1.613000 2.625000 0.003325
1.688000 2.625000 0.003333
1.763000 2.625000 0.003337
1.838000 2.625000 0.003338
1.913000 2.625000 0.003335
1.988000 2.625000 0.003327
2.063000 2.625000 0.003317
2.138000 2.625000 0.003303
2.213000 2.625000 0.003285
2.288000 2.625000 0.003265
2.363000 2.625000 0.003242
2.438000 2.625000 0.003216
2.513000 2.625000 0.003188
2.588000 2.625000 0.003159
2.663000 2.625000 0.003129
2.738000 2.625000 0.003098
2.813000 2.625000 0.003066
2.888000 2.625000 0.003035
2.963000 2.625000 0.003005
3.038000 2.625000 0.002975
3.113000 2.625000 0.002947
3.188000 2.625000 0.002920
3.263000 2.625000 0.002896
3.338000 2.625000 0.002874
3.413000 2.625000 0.002855
3.488000 2.625000 0.002839
3.563000 2.625000 0.002826
3.638000 2.625000 0.002816
3.713000 2.625000 0.002810
3.788000 2.625000 0.002806
3.863000 2.625000 0.000000
-0.037500 2.775000 0.000000
0.037500 2.775000 0.002405
0.112500 2.775000 0.002408
0.187500 2.775000 0.002413
0.262500 2.775000 0.002422
0.337500 2.775000 0.002434
0.412500 2.775000 0.002447
0.487500 2.775000 0.002464
0.562500 2.775000 0.002482
0.637500 2.775000 0.002501
0.712500 2.775000 0.002522
0.787500 2.775000 0.002544
0.862500 2.775000 0.002566
0.937500 2.775000 0.002589
1.012000 2.775000 0.002611
1.087000 2.775000 0.002633
1.163000 2.775000 0.002654
1.238000 2.775000 0.002673
1.313000 2.775000 0.002691
1.388000 2.775000 0.002707
1.463000 2.775000 0.002721
1.538000 2.775000 0.002732
1.613000 2.775000 0.002741
1.688000 2.775000 0.002747
1.763000 2.775000 0.002750
1.838000 2.775000 0.002750
1.913000 2.775000 0.002747
1.988000 2.775000 0.002741
2.063000 2.775000 0.002732
2.138000 2.775000 0.002721
2.213000 2.775000 0.002707
2.288000 2.775000 0.002691
2.363000 2.775000 0.002672
2.438000 2.775000 0.002652
2.513000 2.775000 0.002630
2.588000 2.775000 0.002607
2.663000 2.775000 0.002583
2.738000 2.775000 0.002559
2.813000 2.775000 0.002534
2.888000 2.775000 0.002510
2.963000 2.775000 0.002486
3.038000 2.775000 0.002463
3.113000 2.775000 0.002441
3.188000 2.775000 0.002420
3.263000 2.775000 0.002401
3.338000 2.775000 0.002385
3.413000 2.775000 0.002370
3.488000 2.775000 0.002357
3.563000 2.775000 0.002347
3.638000 2.775000 0.002339
3.713000 2.775000 0.002334
3.788000 2.775000 0.002331
3.863000 2.775000 0.000000
-0.037500 2.925000 0.000000
0.037500 2.925000 0.001736
0.112500 2.925000 0.001738
0.187500 2.925000 0.001743
0.262500 2.925000 0.001749
0.337500 2.925000 0.001757
0.412500 2.925000 0.001766
0.487500 2.925000 0.001777
0.562500 2.925000 0.001790
0.637500 2.925000 0.001803
0.712500 2.925000 0.001818
0.787500 2.925000 0.001833
0.862500 2.925000 0.001848
0.937500 2.925000 0.001864
1.012000 2.925000 0.001879
1.087000 2.925000 0.001894
1.163000 2.925000 0.001908
1.238000 2.925000 0.001921
1.313000 2.925000 0.001934
1.388000 2.925000 0.001945
1.463000 2.925000 0.001954
1.538000 2.925000 0.001962
1.613000 2.925000 0.001967
1.688000 2.925000 0.001971
1.763000 2.925000 0.001973
1.838000 2.925000 0.001973
1.913000 2.925000 0.001971
1.988000 2.925000 0.001967
2.063000 2.925000 0.001961
2.138000 2.925000 0.001952
2.213000 2.925000 0.001943
2.288000 2.925000 0.001931
2.363000 2.925000 0.001919
2.438000 2.925000 0.001904
2.513000 2.925000 0.001889
2.588000 2.925000 0.001873
2.663000 2.925000 0.001857
2.738000 2.925000 0.001840
2.813000 2.925000 0.001823
2.888000 2.925000 0.001805
2.963000 2.925000 0.001789
3.038000 2.925000 0.001773
3.113000 2.925000 0.001757
3.188000 2.925000 0.001743
3.263000 2.925000 0.001730
3.338000 2.925000 0.001718
3.413000 2.925000 0.001708
3.488000 2.925000 0.001700
3.563000 2.925000 0.001693
3.638000 2.925000 0.001687
3.713000 2.925000 0.001684
3.788000 2.925000 0.001682
3.863000 2.925000 0.000000
-0.037500 3.075000 0.000000
0.037500 3.075000 0.001092
0.112500 3.075000 0.001094
0.187500 3.075000 0.001096
0.262500 3.075000 0.001100
0.337500 3.075000 0.001105
0.412500 3.075000 0.001110
0.487500 3.075000 0.001117
0.562500 3.075000 0.001124
0.637500 3.075000 0.001132
0.712500 3.075000 0.001141
0.787500 3.075000 0.001150
0.862500 3.075000 0.001159
0.937500 3.075000 0.001168
1.012000 3.075000 0.001177
1.087000 3.075000 0.001186
1.163000 3.075000 0.001194
1.238000 3.075000 0.001202
1.313000 3.075000 0.001209
1.388000 3.075000 0.001216
1.463000 3.075000 0.001221
1.538000 3.075000 0.001226
1.613000 3.075000 0.001229
1.688000 3.075000 0.001231
1.763000 3.075000 0.001232
1.838000 3.075000 0.001232
1.913000 3.075000 0.001231
1.988000 3.075000 0.001228
2.063000 3.075000 0.001224
2.138000 3.075000 0.001219
2.213000 3.075000 0.001213
2.288000 3.075000 0.001206
2.363000 3.075000 0.001199
2.438000 3.075000 0.001190
2.513000 3.075000 0.001181
2.588000 3.075000 0.001171
2.663000 3.075000 0.001161
2.738000 3.075000 0.001151
2.813000 3.075000 0.001141
2.888000 3.075000 0.001131
2.963000 3.075000 0.001121
3.038000 3.075000 0.001111
3.113000 3.075000 0.001102
3.188000 3.075000 0.001093
3.263000 3.075000 0.001086
3.338000 3.075000 0.001079
3.413000 3.075000 0.001073
3.488000 3.075000 0.001067
3.563000 3.075000 0.001063
3.638000 3.075000 0.001060
3.713000 3.075000 0.001058
3.788000 3.075000 0.001057
3.863000 3.075000 0.000000
-0.037500 3.225000 0.000000
0.037500 3.225000 0.000682
0.112500 3.225000 0.000683
0.187500 3.225000 0.000684
0.262500 3.225000 0.000686
0.337500 3.225000 0.000689
0.412500 3.225000 0.000692
0.487500 3.225000 0.000696
0.562500 3.225000 0.000701
0.637500 3.225000 0.000705
0.712500 3.225000 0.000710
0.787500 3.225000 0.000716
0.862500 3.225000 0.000721
0.937500 3.225000 0.000726
1.012000 3.225000 0.000732
1.087000 3.225000 0.000737
1.163000 3.225000 0.000742
1.238000 3.225000 0.000746
1.313000 3.225000 0.000751
1.388000 3.225000 0.000754
1.463000 3.225000 0.000758
1.538000 3.225000 0.000760
1.613000 3.225000 0.000762
1.688000 3.225000 0.000763
1.763000 3.225000 0.000764
1.838000 3.225000 0.000764
1.913000 3.225000 0.000763
1.988000 3.225000 0.000761
2.063000 3.225000 0.000759
2.138000 3.225000 0.000756
2.213000 3.225000 0.000752
2.288000 3.225000 0.000748
2.363000 3.225000 0.000744
2.438000 3.225000 0.000738
2.513000 3.225000 0.000733
2.588000 3.225000 0.000727
2.663000 3.225000 0.000721
2.738000 3.225000 0.000715
2.813000 3.225000 0.000709
2.888000 3.225000 0.000703
2.963000 3.225000 0.000697
3.038000 3.225000 0.000691
3.113000 3.225000 0.000686
3.188000 3.225000 0.000681
3.263000 3.225000 0.000676
3.338000 3.225000 0.000672
3.413000 3.225000 0.000668
3.488000 3.225000 0.000665
3.563000 3.225000 0.000663
3.638000 3.225000 0.000661
3.713000 3.225000 0.000660
3.788000 3.225000 0.000659
3.863000 3.225000 0.000000
-0.037500 3.375000 0.000000
0.037500 3.375000 0.000423
0.112500 3.375000 0.000423
0.187500 3.375000 0.000424
0.262500 3.375000 0.000425
0.337500 3.375000 0.000427
0.412500 3.375000 0.000429
0.487500 3.375000 0.000431
0.562500 3.375000 0.000434
0.637500 3.375000 0.000436
0.712500 3.375000 0.000439
0.787500 3.375000 0.000442
0.862500 3.375000 0.000445
0.937500 3.375000 0.000449
1.012000 3.375000 0.000452
1.087000 3.375000 0.000455
1.163000 3.375000 0.000457
1.238000 3.375000 0.000460
1.313000 3.375000 0.000463
1.388000 3.375000 0.000465
1.463000 3.375000 0.000467
1.538000 3.375000 0.000468
1.613000 3.375000 0.000469
1.688000 3.375000 0.000470
1.763000 3.375000 0.000470
1.838000 3.375000 0.000470
1.913000 3.375000 0.000469
1.988000 3.375000 0.000469
2.063000 3.375000 0.000467
2.138000 3.375000 0.000465
2.213000 3.375000 0.000463
2.288000 3.375000 0.000461
2.363000 3.375000 0.000458
2.438000 3.375000 0.000455
2.513000 3.375000 0.000452
2.588000 3.375000 0.000448
2.663000 3.375000 0.000445
2.738000 3.375000 0.000441
2.813000 3.375000 0.000438
2.888000 3.375000 0.000434
2.963000 3.375000 0.000430
3.038000 3.375000 0.000427
3.113000 3.375000 0.000424
3.188000 3.375000 0.000421
3.263000 3.375000 0.000418
3.338000 3.375000 0.000416
3.413000 3.375000 0.000414
3.488000 3.375000 0.000412
3.563000 3.375000 0.000410
3.638000 3.375000 0.000409
3.713000 3.375000 0.000408
3.788000 3.375000 0.000408
3.863000 3.375000 0.000000
-0.037500 3.525000 0.000000
0.037500 3.525000 0.000260
0.112500 3.525000 0.000260
0.187500 3.525000 0.000261
0.262500 3.525000 0.000261
0.337500 3.525000 0.000262
0.412500 3.525000 0.000263
0.487500 3.525000 0.000265
0.562500 3.525000 0.000266
0.637500 3.525000 0.000268
0.712500 3.525000 0.000269
0.787500 3.525000 0.000271
0.862500 3.525000 0.000273
0.937500 3.525000 0.000275
1.012000 3.525000 0.000277
1.087000 3.525000 0.000278
1.163000 3.525000 0.000280
1.238000 3.525000 0.000282
1.313000 3.525000 0.000283
1.388000 3.525000 0.000284
1.463000 3.525000 0.000285
1.538000 3.525000 0.000286
1.613000 3.525000 0.000287
1.688000 3.525000 0.000287
1.763000 3.525000 0.000287
1.838000 3.525000 0.000287
1.913000 3.525000 0.000287
1.988000 3.525000 0.000286
2.063000 3.525000 0.000286
2.138000 3.525000 0.000285
2.213000 3.525000 0.000283
2.288000 3.525000 0.000282
2.363000 3.525000 0.000280
2.438000 3.525000 0.000278
2.513000 3.525000 0.000276
2.588000 3.525000 0.000274
2.663000 3.525000 0.000272
2.738000 3.525000 0.000270
2.813000 3.525000 0.000268
2.888000 3.525000 0.000266
2.963000 3.525000 0.000264
3.038000 3.525000 0.000262
3.113000 3.525000 0.000260
3.188000 3.525000 0.000258
3.263000 3.525000 0.000257
3.338000 3.525000 0.000255
3.413000 3.525000 0.000254
3.488000 3.525000 0.000253
3.563000 3.525000 0.000252
3.638000 3.525000 0.000251
3.713000 3.525000 0.000251
3.788000 3.525000 0.000251
3.863000 3.525000 0.000000
-0.037500 3.675000 0.000000
0.037500 3.675000 0.000158
0.112500 3.675000 0.000159
0.187500 3.675000 0.000159
0.262500 3.675000 0.000159
0.337500 3.675000 0.000160
0.412500 3.675000 0.000161
0.487500 3.675000 0.000161
0.562500 3.675000 0.000162
0.637500 3.675000 0.000163
0.712500 3.675000 0.000164
0.787500 3.675000 0.000165
0.862500 3.675000 0.000166
0.937500 3.675000 0.000167
1.012000 3.675000 0.000168
1.087000 3.675000 0.000169
1.163000 3.675000 0.000170
1.238000 3.675000 0.000171
1.313000 3.675000 0.000172
1.388000 3.675000 0.000173
1.463000 3.675000 0.000173
1.538000 3.675000 0.000174
1.613000 3.675000 0.000174
1.688000 3.675000 0.000174
1.763000 3.675000 0.000174
1.838000 3.675000 0.000174
1.913000 3.675000 0.000174
1.988000 3.675000 0.000174
2.063000 3.675000 0.000173
2.138000 3.675000 0.000173
2.213000 3.675000 0.000172
2.288000 3.675000 0.000171
2.363000 3.675000 0.000170
2.438000 3.675000 0.000169
2.513000 3.675000 0.000168
2.588000 3.675000 0.000167
2.663000 3.675000 0.000165
2.738000 3.675000 0.000164
2.813000 3.675000 0.000163
2.888000 3.675000 0.000162
2.963000 3.675000 0.000161
3.038000 3.675000 0.000159
3.113000 3.675000 0.000158
3.188000 3.675000 0.000157
3.263000 3.675000 0.000156
3.338000 3.675000 0.000156
3.413000 3.675000 0.000155
3.488000 3.675000 0.000154
3.563000 3.675000 0.000154
3.638000 3.675000 0.000153
3.713000 3.675000 0.000153
3.788000 3.675000 0.000153
3.863000 3.675000 0.000000
-0.037500 3.825000 0.000000
0.037500 3.825000 0.000096
0.112500 3.825000 0.000096
0.187500 3.825000 0.000096
0.262500 3.825000 0.000096
0.337500 3.825000 0.000097
0.412500 3.825000 0.000097
0.487500 3.825000 0.000098
0.562500 3.825000 0.000098
0.637500 3.825000 0.000099
0.712500 3.825000 0.000099
0.787500 3.825000 0.000100
0.862500 3.825000 0.000100
0.937500 3.825000 0.000101
1.012000 3.825000 0.000102
1.087000 3.825000 0.000102
1.163000 3.825000 0.000103
1.238000 3.825000 0.000103
1.313000 3.825000 0.000104
1.388000 3.825000 0.000104
1.463000 3.825000 0.000104
1.538000 3.825000 0.000105
1.613000 3.825000 0.000105
1.688000 3.825000 0.000105
1.763000 3.825000 0.000105
1.838000 3.825000 0.000105
1.913000 3.825000 0.000105
1.988000 3.825000 0.000105
2.063000 3.825000 0.000104
2.138000 3.825000 0.000104
2.213000 3.825000 0.000104
2.288000 3.825000 0.000103
2.363000 3.825000 0.000103
2.438000 3.825000 0.000102
2.513000 3.825000 0.000101
2.588000 3.825000 0.000101
2.663000 3.825000 0.000100
2.738000 3.825000 0.000099
2.813000 3.825000 0.000098
2.888000 3.825000 0.000098
2.963000 3.825000 0.000097
3.038000 3.825000 0.000096
3.113000 3.825000 0.000096
3.188000 3.825000 0.000095
3.263000 3.825000 0.000095
3.338000 3.825000 0.000094
3.413000 3.825000 0.000094
3.488000 3.825000 0.000093
3.563000 3.825000 0.000093
3.638000 3.825000 0.000093
3.713000 3.825000 0.000093
3.788000 3.825000 0.000092
3.863000 3.825000 0.000000
-0.037500 3.975000 0.000000
0.037500 3.975000 0.000058
0.112500 3.975000 0.000058
0.187500 3.975000 0.000058
0.262500 3.975000 0.000058
0.337500 3.975000 0.000058
0.412500 3.975000 0.000058
0.487500 3.975000 0.000059
0.562500 3.975000 0.000059
0.637500 3.975000 0.000059
0.712500 3.975000 0.000059
0.787500 3.975000 0.000060
0.862500 3.975000 0.000060
0.937500 3.975000 0.000060
1.012000 3.975000 0.000061
1.087000 3.975000 0.000061
1.163000 3.975000 0.000061
1.238000 3.975000 0.000062
1.313000 3.975000 0.000062
1.388000 3.975000 0.000062
1.463000 3.975000 0.000062
1.538000 3.975000 0.000063
1.613000 3.975000 0.000063
1.688000 3.975000 0.000063
1.763000 3.975000 0.000063
1.838000 3.975000 0.000063
1.913000 3.975000 0.000063
1.988000 3.975000 0.000063
2.063000 3.975000 0.000062
2.138000 3.975000 0.000062
2.213000 3.975000 0.000062
2.288000 3.975000 0.000062
2.363000 3.975000 0.000061
2.438000 3.975000 0.000061
2.513000 3.975000 0.000061
2.588000 3.975000 0.000060
2.663000 3.975000 0.000060
2.738000 3.975000 0.000059
2.813000 3.975000 0.000059
2.888000 3.975000 0.000059
2.963000 3.975000 0.000058
3.038000 3.975000 0.000058
3.113000 3.975000 0.000057
3.188000 3.975000 0.000057
3.263000 3.975000 0.000057
3.338000 3.975000 0.000056
3.413000 3.975000 0.000056
3.488000 3.975000 0.000056
3.563000 3.975000 0.000056
3.638000 3.975000 0.000056
3.713000 3.975000 0.000056
3.788000 3.975000 0.000056
3.863000 3.975000 0.000000
-0.037500 4.125000 0.000000
0.037500 4.125000 0.000034
0.112500 4.125000 0.000034
0.187500 4.125000 0.000034
0.262500 4.125000 0.000035
0.337500 4.125000 0.000035
0.412500 4.125000 0.000035
0.487500 4.125000 0.000035
0.562500 4.125000 0.000035
0.637500 4.125000 0.000035
0.712500 4.125000 0.000035
0.787500 4.125000 0.000036
0.862500 4.125000 0.000036
0.937500 4.125000 0.000036
1.012000 4.125000 0.000036
1.087000 4.125000 0.000036
1.163000 4.125000 0.000037
1.238000 4.125000 0.000037
1.313000 4.125000 0.000037
1.388000 4.125000 0.000037
1.463000 4.125000 0.000037
1.538000 4.125000 0.000037
1.613000 4.125000 0.000037
1.688000 4.125000 0.000037
1.763000 4.125000 0.000037
1.838000 4.125000 0.000037
1.913000 4.125000 0.000037
1.988000 4.125000 0.000037
2.063000 4.125000 0.000037
2.138000 4.125000 0.000037
2.213000 4.125000 0.000037
2.288000 4.125000 0.000037
2.363000 4.125000 0.000036
2.438000 4.125000 0.000036
2.513000 4.125000 0.000036
2.588000 4.125000 0.000036
2.663000 4.125000 0.000036
2.738000 4.125000 0.000035
2.813000 4.125000 0.000035
2.888000 4.125000 0.000035
2.963000 4.125000 0.000035
3.038000 4.125000 0.000034
3.113000 4.125000 0.000034
3.188000 4.125000 0.000034
3.263000 4.125000 0.000034
3.338000 4.125000 0.000034
3.413000 4.125000 0.000034
3.488000 4.125000 0.000033
3.563000 4.125000 0.000033
3.638000 4.125000 0.000033
3.713000 4.125000 0.000033
3.788000 4.125000 0.000033
3.863000 4.125000 0.000000
-0.037500 4.275000 0.000000
0.037500 4.275000 0.000020
0.112500 4.275000 0.000020
0.187500 4.275000 0.000020
0.262500 4.275000 0.000020
0.337500 4.275000 0.000020
0.412500 4.275000 0.000021
0.487500 4.275000 0.000021
0.562500 4.275000 0.000021
0.637500 4.275000 0.000021
0.712500 4.275000 0.000021
0.787500 4.275000 0.000021
0.862500 4.275000 0.000021
0.937500 4.275000 0.000021
1.012000 4.275000 0.000021
1.087000 4.275000 0.000021
1.163000 4.275000 0.000022
1.238000 4.275000 0.000022
1.313000 4.275000 0.000022
1.388000 4.275000 0.000022
1.463000 4.275000 0.000022
1.538000 4.275000 0.000022
1.613000 4.275000 0.000022
1.688000 4.275000 0.000022
1.763000 4.275000 0.000022
1.838000 4.275000 0.000022
1.913000 4.275000 0.000022
1.988000 4.275000 0.000022
2.063000 4.275000 0.000022
2.138000 4.275000 0.000022
2.213000 4.275000 0.000022
2.288000 4.275000 0.000022
2.363000 4.275000 0.000022
2.438000 4.275000 0.000021
2.513000 4.275000 0.000021
2.588000 4.275000 0.000021
2.663000 4.275000 0.000021
2.738000 4.275000 0.000021
2.813000 4.275000 0.000021
2.888000 4.275000 0.000021
2.963000 4.275000 0.000020
3.038000 4.275000 0.000020
3.113000 4.275000 0.000020
3.188000 4.275000 0.000020
3.263000 4.275000 0.000020
3.338000 4.275000 0.000020
3.413000 4.275000 0.000020
3.488000 4.275000 0.000020
3.563000 4.275000 0.000020
3.638000 4.275000 0.000020
3.713000 4.275000 0.000020
3.788000 4.275000 0.000020
3.863000 4.275000 0.000000
-0.037500 4.425000 0.000000
0.037500 4.425000 0.000012
0.112500 4.425000 0.000012
0.187500 4.425000 0.000012
0.262500 4.425000 0.000012
0.337500 4.425000 0.000012
0.412500 4.425000 0.000012
0.487500 4.425000 0.000012
0.562500 4.425000 0.000012
0.637500 4.425000 0.000012
0.712500 4.425000 0.000012
0.787500 4.425000 0.000012
0.862500 4.425000 0.000012
0.937500 4.425000 0.000012
1.012000 4.425000 0.000013
1.087000 4.425000 0.000013
1.163000 4.425000 0.000013
1.238000 4.425000 0.000013
1.313000 4.425000 0.000013
1.388000 4.425000 0.000013
1.463000 4.425000 0.000013
1.538000 4.425000 0.000013
1.613000 4.425000 0.000013
1.688000 4.425000 0.000013
1.763000 4.425000 0.000013
1.838000 4.425000 0.000013
1.913000 4.425000 0.000013
1.988000 4.425000 0.000013
2.063000 4.425000 0.000013
2.138000 4.425000 0.000013
2.213000 4.425000 0.000013
2.288000 4.425000 0.000013
2.363000 4.425000 0.000013
2.438000 4.425000 0.000013
2.513000 4.425000 0.000012
2.588000 4.425000 0.000012
2.663000 4.425000 0.000012
2.738000 4.425000 0.000012
2.813000 4.425000 0.000012
2.888000 4.425000 0.000012
2.963000 4.425000 0.000012
3.038000 4.425000 0.000012
3.113000 4.425000 0.000012
3.188000 4.425000 0.000012
3.263000 4.425000 0.000012
3.338000 4.425000 0.000012
3.413000 4.425000 0.000012
3.488000 4.425000 0.000012
3.563000 4.425000 0.000012
3.638000 4.425000 0.000012
3.713000 4.425000 0.000012
3.788000 4.425000 0.000012
3.863000 4.425000 0.000000
-0.037500 4.575000 0.000000
0.037500 4.575000 0.000007
0.112500 4.575000 0.000007
0.187500 4.575000 0.000007
0.262500 4.575000 0.000007
0.337500 4.575000 0.000007
0.412500 4.575000 0.000007
0.487500 4.575000 0.000007
0.562500 4.575000 0.000007
0.637500 4.575000 0.000007
0.712500 4.575000 0.000007
0.787500 4.575000 0.000007
0.862500 4.575000 0.000007
0.937500 4.575000 0.000007
1.012000 4.575000 0.000007
1.087000 4.575000 0.000007
1.163000 4.575000 0.000007
1.238000 4.575000 0.000007
1.313000 4.575000 0.000007
1.388000 4.575000 0.000008
1.463000 4.575000 0.000008
1.538000 4.575000 0.000008
1.613000 4.575000 0.000008
1.688000 4.575000 0.000008
1.763000 4.575000 0.000008
1.838000 4.575000 0.000008
1.913000 4.575000 0.000008
1.988000 4.575000 0.000008
2.063000 4.575000 0.000008
2.138000 4.575000 0.000008
2.213000 4.575000 0.000007
2.288000 4.575000 0.000007
2.363000 4.575000 0.000007
2.438000 4.575000 0.000007
2.513000 4.575000 0.000007
2.588000 4.575000 0.000007
2.663000 4.575000 0.000007
2.738000 4.575000 0.000007
2.813000 4.575000 0.000007
2.888000 4.575000 0.000007
2.963000 4.575000 0.000007
3.038000 4.575000 0.000007
3.113000 4.575000 0.000007
3.188000 4.575000 0.000007
3.263000 4.575000 0.000007
3.338000 4.575000 0.000007
3.413000 4.575000 0.000007
3.488000 4.575000 0.000007
3.563000 4.575000 0.000007
3.638000 4.575000 0.000007
3.713000 4.575000 0.000007
3.788000 4.575000 0.000007
3.863000 4.575000 0.000000
-0.037500 4.725000 0.000000
0.037500 4.725000 0.000004
0.112500 4.725000 0.000004
0.187500 4.725000 0.000004
0.262500 4.725000 0.000004
0.337500 4.725000 0.000004
0.412500 4.725000 0.000004
0.487500 4.725000 0.000004
0.562500 4.725000 0.000004
0.637500 4.725000 0.000004
0.712500 4.725000 0.000004
0.787500 4.725000 0.000004
0.862500 4.725000 0.000004
0.937500 4.725000 0.000004
1.012000 4.725000 0.000004
1.087000 4.725000 0.000004
1.163000 4.725000 0.000004
1.238000 4.725000 0.000004
1.313000 4.725000 0.000004
1.388000 4.725000 0.000004
1.463000 4.725000 0.000005
1.538000 4.725000 0.000005
1.613000 4.725000 0.000005
1.688000 4.725000 0.000005
1.763000 4.725000 0.000005
1.838000 4.725000 0.000005
1.913000 4.725000 0.000005
1.988000 4.725000 0.000005
2.063000 4.725000 0.000004
2.138000 4.725000 0.000004
2.213000 4.725000 0.000004
2.288000 4.725000 0.000004
2.363000 4.725000 0.000004
2.438000 4.725000 0.000004
2.513000 4.725000 0.000004
2.588000 4.725000 0.000004
2.663000 4.725000 0.000004
2.738000 4.725000 0.000004
2.813000 4.725000 0.000004
2.888000 4.725000 0.000004
2.963000 4.725000 0.000004
3.038000 4.725000 0.000004
3.113000 4.725000 0.000004
3.188000 4.725000 0.000004
3.263000 4.725000 0.000004
3.338000 4.725000 0.000004
3.413000 4.725000 0.000004
3.488000 4.725000 0.000004
3.563000 4.725000 0.000004
3.638000 4.725000 0.000004
3.713000 4.725000 0.000004
3.788000 4.725000 0.000004
3.863000 4.725000 0.000000
-0.037500 4.875000 0.000000
0.037500 4.875000 0.000003
0.112500 4.875000 0.000003
0.187500 4.875000 0.000003
0.262500 4.875000 0.000003
0.337500 4.875000 0.000003
0.412500 4.875000 0.000003
0.487500 4.875000 0.000003
0.562500 4.875000 0.000003
0.637500 4.875000 0.000003
0.712500 4.875000 0.000003
0.787500 4.875000 0.000003
0.862500 4.875000 0.000003
0.937500 4.875000 0.000003
1.012000 4.875000 0.000003
1.087000 4.875000 0.000003
1.163000 4.875000 0.000003
1.238000 4.875000 0.000003
1.313000 4.875000 0.000003
1.388000 4.875000 0.000003
1.463000 4.875000 0.000003
1.538000 4.875000 0.000003
1.613000 4.875000 0.000003
1.688000 4.875000 0.000003
1.763000 4.875000 0.000003
1.838000 4.875000 0.000003
1.913000 4.875000 0.000003
1.988000 4.875000 0.000003
2.063000 4.875000 0.000003
2.138000 4.875000 0.000003
2.213000 4.875000 0.000003
2.288000 4.875000 0.000003
2.363000 4.875000 0.000003
2.438000 4.875000 0.000003
2.513000 4.875000 0.000003
2.588000 4.875000 0.000003
2.663000 4.875000 0.000003
2.738000 4.875000 0.000003
2.813000 4.875000 0.000003
2.888000 4.875000 0.000003
2.963000 4.875000 0.000003
3.038000 4.875000 0.000003
3.113000 4.875000 0.000003
3.188000 4.875000 0.000003
3.263000 4.875000 0.000003
3.338000 4.875000 0.000003
3.413000 4.875000 0.000003
3.488000 4.875000 0.000003
3.563000 4.875000 0.000003
3.638000 4.875000 0.000003
3.713000 4.875000 0.000003
3.788000 4.875000 0.000003
3.863000 4.875000 0.000000
-0.037500 5.025000 0.000000
0.037500 5.025000 0.000002
0.112500 5.025000 0.000002
0.187500 5.025000 0.000002
0.262500 5.025000 0.000002
0.337500 5.025000 0.000002
0.412500 5.025000 0.000002
0.487500 5.025000 0.000002
0.562500 5.025000 0.000002
0.637500 5.025000 0.000002
0.712500 5.025000 0.000002
0.787500 5.025000 0.000002
0.862500 5.025000 0.000002
0.937500 5.025000 0.000002
1.012000 5.025000 0.000002
1.087000 5.025000 0.000002
1.163000 5.025000 0.000002
1.238000 5.025000 0.000002
1.313000 5.025000 0.000002
1.388000 5.025000 0.000002
1.463000 5.025000 0.000002
1.538000 5.025000 0.000002
1.613000 5.025000 0.000002
1.688000 5.025000 0.000002
1.763000 5.025000 0.000002
1.838000 5.025000 0.000002
1.913000 5.025000 0.000002
1.988000 5.025000 0.000002
2.063000 5.025000 0.000002
2.138000 5.025000 0.000002
2.213000 5.025000 0.000002
2.288000 5.025000 0.000002
2.363000 5.025000 0.000002
2.438000 5.025000 0.000002
2.513000 5.025000 0.000002
2.588000 5.025000 0.000002
2.663000 5.025000 0.000002
2.738000 5.025000 0.000002
2.813000 5.025000 0.000002
2.888000 5.025000 0.000002
2.963000 5.025000 0.000002
3.038000 5.025000 0.000002
3.113000 5.025000 0.000002
3.188000 5.025000 0.000002
3.263000 5.025000 0.000002
3.338000 5.025000 0.000002
3.413000 5.025000 0.000002
3.488000 5.025000 0.000002
3.563000 5.025000 0.000002
3.638000 5.025000 0.000002
3.713000 5.025000 0.000002
3.788000 5.025000 0.000002
3.863000 5.025000 0.000000
-0.037500 5.175000 0.000000
0.037500 5.175000 0.000000
0.112500 5.175000 0.000000
0.187500 5.175000 0.000000
0.262500 5.175000 0.000000
0.337500 5.175000 0.000000
0.412500 5.175000 0.000000
0.487500 5.175000 0.000000
0.562500 5.175000 0.000000
0.637500 5.175000 0.000000
0.712500 5.175000 0.000000
0.787500 5.175000 0.000000
0.862500 5.175000 0.000000
0.937500 5.175000 0.000000
1.012000 5.175000 0.000000
1.087000 5.175000 0.000000
1.163000 5.175000 0.000000
1.238000 5.175000 0.000000
1.313000 5.175000 0.000000
1.388000 5.175000 0.000000
1.463000 5.175000 0.000000
1.538000 5.175000 0.000000
1.613000 5.175000 0.000000
1.688000 5.175000 0.000000
1.763000 5.175000 0.000000
1.838000 5.175000 0.000000
1.913000 5.175000 0.000000
1.988000 5.175000 0.000000
2.063000 5.175000 0.000000
2.138000 5.175000 0.000000
2.213000 5.175000 0.000000
2.288000 5.175000 0.000000
2.363000 5.175000 0.000000
2.438000 5.175000 0.000000
2.513000 5.175000 0.000000
2.588000 5.175000 0.000000
2.663000 5.175000 0.000000
2.738000 5.175000 0.000000
2.813000 5.175000 0.000000
2.888000 5.175000 0.000000
2.963000 5.175000 0.000000
3.038000 5.175000 0.000000
3.113000 5.175000 0.000000
3.188000 5.175000 0.000000
3.263000 5.175000 0.000000
3.338000 5.175000 0.000000
3.413000 5.175000 0.000000
3.488000 5.175000 0.000000
3.563000 5.175000 0.000000
3.638000 5.175000 0.000000
3.713000 5.175000 0.000000
3.788000 5.175000 0.000000
3.863000 5.175000 0.000000
