-0.037500 -0.075000 0.000000
0.037500 -0.075000 0.000000
0.112500 -0.075000 0.000000
0.187500 -0.075000 0.000000
0.262500 -0.075000 0.000000
0.337500 -0.075000 0.000000
0.412500 -0.075000 0.000000
0.487500 -0.075000 0.000000
0.562500 -0.075000 0.000000
0.637500 -0.075000 0.000000
0.712500 -0.075000 0.000000
0.787500 -0.075000 0.000000
0.862500 -0.075000 0.000000
0.937500 -0.075000 0.000000
1.012000 -0.075000 0.000000
1.087000 -0.075000 0.000000
1.163000 -0.075000 0.000000
1.238000 -0.075000 0.000000
1.313000 -0.075000 0.000000
1.388000 -0.075000 0.000000
1.463000 -0.075000 0.000000
1.538000 -0.075000 0.000000
1.613000 -0.075000 0.000000
1.688000 -0.075000 0.000000
1.763000 -0.075000 0.000000
1.838000 -0.075000 0.000000
1.913000 -0.075000 0.000000
1.988000 -0.075000 0.000000
2.063000 -0.075000 0.000000
2.138000 -0.075000 0.000000
2.213000 -0.075000 0.000000
2.288000 -0.075000 0.000000
2.363000 -0.075000 0.000000
2.438000 -0.075000 0.000000
2.513000 -0.075000 0.000000
2.588000 -0.075000 0.000000
2.663000 -0.075000 0.000000
2.738000 -0.075000 0.000000
2.813000 -0.075000 0.000000
2.888000 -0.075000 0.000000
2.963000 -0.075000 0.000000
3.038000 -0.075000 0.000000
3.113000 -0.075000 0.000000
3.188000 -0.075000 0.000000
3.263000 -0.075000 0.000000
3.338000 -0.075000 0.000000
3.413000 -0.075000 0.000000
3.488000 -0.075000 0.000000
3.563000 -0.075000 0.000000
3.638000 -0.075000 0.000000
3.713000 -0.075000 0.000000
3.788000 -0.075000 0.000000
3.863000 -0.075000 0.000000
-0.037500 0.075000 0.000000
0.037500 0.075000 0.054740
0.112500 0.075000 0.109500
0.187500 0.075000 0.164200
0.262500 0.075000 0.218900
0.337500 0.075000 0.273600
0.412500 0.075000 0.328300
0.487500 0.075000 0.382900
0.562500 0.075000 0.437300
0.637500 0.075000 0.491600
0.712500 0.075000 0.545700
0.787500 0.075000 0.599300
0.862500 0.075000 0.652400
0.937500 0.075000 0.704800
1.012000 0.075000 0.756300
1.087000 0.075000 0.806600
1.163000 0.075000 0.855300
1.238000 0.075000 0.902100
1.313000 0.075000 0.946500
1.388000 0.075000 0.988000
1.463000 0.075000 1.026000
1.538000 0.075000 1.060000
1.613000 0.075000 1.089000
1.688000 0.075000 1.113000
1.763000 0.075000 1.131000
1.838000 0.075000 1.144000
1.913000 0.075000 1.149000
1.988000 0.075000 1.149000
2.063000 0.075000 1.142000
2.138000 0.075000 1.130000
2.213000 0.075000 1.113000
2.288000 0.075000 1.091000
2.363000 0.075000 1.066000
2.438000 0.075000 1.038000
2.513000 0.075000 1.008000
2.588000 0.075000 0.976800
2.663000 0.075000 0.944500
2.738000 0.075000 0.912000
2.813000 0.075000 0.879600
2.888000 0.075000 0.847500
2.963000 0.075000 0.816200
3.038000 0.075000 0.785600
3.113000 0.075000 0.756000
3.188000 0.075000 0.727500
3.263000 0.075000 0.700100
3.338000 0.075000 0.673800
3.413000 0.075000 0.648600
3.488000 0.075000 0.624500
3.563000 0.075000 0.601500
3.638000 0.075000 0.579600
3.713000 0.075000 0.558600
3.788000 0.075000 0.538700
3.863000 0.075000 0.000000
-0.037500 0.225000 0.000000
0.037500 0.225000 0.054740
0.112500 0.225000 0.109500
0.187500 0.225000 0.164200
0.262500 0.225000 0.218900
0.337500 0.225000 0.273600
0.412500 0.225000 0.328300
0.487500 0.225000 0.382900
0.562500 0.225000 0.437300
0.637500 0.225000 0.491600
0.712500 0.225000 0.545700
0.787500 0.225000 0.599300
0.862500 0.225000 0.652400
0.937500 0.225000 0.704800
1.012000 0.225000 0.756300
1.087000 0.225000 0.806600
1.163000 0.225000 0.855300
1.238000 0.225000 0.902100
1.313000 0.225000 0.946500
1.388000 0.225000 0.988000
1.463000 0.225000 1.026000
1.538000 0.225000 1.060000
1.613000 0.225000 1.089000
1.688000 0.225000 1.113000
1.763000 0.225000 1.131000
1.838000 0.225000 1.144000
1.913000 0.225000 1.149000
1.988000 0.225000 1.149000
2.063000 0.225000 1.142000
2.138000 0.225000 1.130000
2.213000 0.225000 1.113000
2.288000 0.225000 1.091000
2.363000 0.225000 1.066000
2.438000 0.225000 1.038000
2.513000 0.225000 1.008000
2.588000 0.225000 0.976800
2.663000 0.225000 0.944500
2.738000 0.225000 0.912000
2.813000 0.225000 0.879600
2.888000 0.225000 0.847500
2.963000 0.225000 0.816200
3.038000 0.225000 0.785600
3.113000 0.225000 0.756000
3.188000 0.225000 0.727500
3.263000 0.225000 0.700100
3.338000 0.225000 0.673800
3.413000 0.225000 0.648600
3.488000 0.225000 0.624500
3.563000 0.225000 0.601500
3.638000 0.225000 0.579600
3.713000 0.225000 0.558600
3.788000 0.225000 0.538700
3.863000 0.225000 0.000000
-0.037500 0.375000 0.000000
0.037500 0.375000 0.324100
0.112500 0.375000 0.338800
0.187500 0.375000 0.362000
0.262500 0.375000 0.390800
0.337500 0.375000 0.423400
0.412500 0.375000 0.458600
0.487500 0.375000 0.495600
0.562500 0.375000 0.533900
0.637500 0.375000 0.573000
0.712500 0.375000 0.612600
0.787500 0.375000 0.652400
0.862500 0.375000 0.692100
0.937500 0.375000 0.731400
1.012000 0.375000 0.770000
1.087000 0.375000 0.807700
1.163000 0.375000 0.844100
1.238000 0.375000 0.878900
1.313000 0.375000 0.911600
1.388000 0.375000 0.941900
1.463000 0.375000 0.969400
1.538000 0.375000 0.993700
1.613000 0.375000 1.014000
1.688000 0.375000 1.031000
1.763000 0.375000 1.044000
1.838000 0.375000 1.052000
1.913000 0.375000 1.056000
1.988000 0.375000 1.055000
2.063000 0.375000 1.050000
2.138000 0.375000 1.040000
2.213000 0.375000 1.028000
2.288000 0.375000 1.011000
2.363000 0.375000 0.992700
2.438000 0.375000 0.971600
2.513000 0.375000 0.948800
2.588000 0.375000 0.924700
2.663000 0.375000 0.899800
2.738000 0.375000 0.874400
2.813000 0.375000 0.848800
2.888000 0.375000 0.823400
2.963000 0.375000 0.798400
3.038000 0.375000 0.774000
3.113000 0.375000 0.750300
3.188000 0.375000 0.727500
3.263000 0.375000 0.705800
3.338000 0.375000 0.685200
3.413000 0.375000 0.665800
3.488000 0.375000 0.648000
3.563000 0.375000 0.631900
3.638000 0.375000 0.618000
3.713000 0.375000 0.607100
3.788000 0.375000 0.600400
3.863000 0.375000 0.000000
-0.037500 0.525000 0.000000
0.037500 0.525000 0.468400
0.112500 0.525000 0.474200
0.187500 0.525000 0.484800
0.262500 0.525000 0.499400
0.337500 0.525000 0.517100
0.412500 0.525000 0.537300
0.487500 0.525000 0.559300
0.562500 0.525000 0.582800
0.637500 0.525000 0.607400
0.712500 0.525000 0.632700
0.787500 0.525000 0.658400
0.862500 0.525000 0.684300
0.937500 0.525000 0.710000
1.012000 0.525000 0.735400
1.087000 0.525000 0.760200
1.163000 0.525000 0.784000
1.238000 0.525000 0.806600
1.313000 0.525000 0.827900
1.388000 0.525000 0.847400
1.463000 0.525000 0.864900
1.538000 0.525000 0.880200
1.613000 0.525000 0.893100
1.688000 0.525000 0.903400
1.763000 0.525000 0.910900
1.838000 0.525000 0.915500
1.913000 0.525000 0.917300
1.988000 0.525000 0.916200
2.063000 0.525000 0.912300
2.138000 0.525000 0.905800
2.213000 0.525000 0.897000
2.288000 0.525000 0.885900
2.363000 0.525000 0.873000
2.438000 0.525000 0.858500
2.513000 0.525000 0.842800
2.588000 0.525000 0.826000
2.663000 0.525000 0.808600
2.738000 0.525000 0.790700
2.813000 0.525000 0.772600
2.888000 0.525000 0.754600
2.963000 0.525000 0.736800
3.038000 0.525000 0.719400
3.113000 0.525000 0.702600
3.188000 0.525000 0.686500
3.263000 0.525000 0.671300
3.338000 0.525000 0.657100
3.413000 0.525000 0.644200
3.488000 0.525000 0.632600
3.563000 0.525000 0.622600
3.638000 0.525000 0.614600
3.713000 0.525000 0.608800
3.788000 0.525000 0.605700
3.863000 0.525000 0.000000
-0.037500 0.675000 0.000000
0.037500 0.675000 0.531500
0.112500 0.675000 0.534200
0.187500 0.675000 0.539600
0.262500 0.675000 0.547400
0.337500 0.675000 0.557300
0.412500 0.675000 0.568900
0.487500 0.675000 0.582100
0.562500 0.675000 0.596600
0.637500 0.675000 0.612000
0.712500 0.675000 0.628200
0.787500 0.675000 0.644800
0.862500 0.675000 0.661700
0.937500 0.675000 0.678500
1.012000 0.675000 0.695200
1.087000 0.675000 0.711500
1.163000 0.675000 0.727100
1.238000 0.675000 0.742000
1.313000 0.675000 0.755700
1.388000 0.675000 0.768300
1.463000 0.675000 0.779500
1.538000 0.675000 0.789200
1.613000 0.675000 0.797200
1.688000 0.675000 0.803500
1.763000 0.675000 0.807900
1.838000 0.675000 0.810400
1.913000 0.675000 0.811000
1.988000 0.675000 0.809800
2.063000 0.675000 0.806700
2.138000 0.675000 0.801900
2.213000 0.675000 0.795500
2.288000 0.675000 0.787700
2.363000 0.675000 0.778500
2.438000 0.675000 0.768200
2.513000 0.675000 0.757000
2.588000 0.675000 0.745100
2.663000 0.675000 0.732600
2.738000 0.675000 0.719800
2.813000 0.675000 0.706700
2.888000 0.675000 0.693700
2.963000 0.675000 0.680800
3.038000 0.675000 0.668300
3.113000 0.675000 0.656200
3.188000 0.675000 0.644700
3.263000 0.675000 0.634000
3.338000 0.675000 0.624100
3.413000 0.675000 0.615300
3.488000 0.675000 0.607600
3.563000 0.675000 0.601300
3.638000 0.675000 0.596400
3.713000 0.675000 0.593000
3.788000 0.675000 0.591300
3.863000 0.675000 0.000000
-0.037500 0.825000 0.000000
0.037500 0.825000 0.541000
0.112500 0.825000 0.543000
0.187500 0.825000 0.546900
0.262500 0.825000 0.552700
0.337500 0.825000 0.560100
0.412500 0.825000 0.569100
0.487500 0.825000 0.579300
0.562500 0.825000 0.590500
0.637500 0.825000 0.602700
0.712500 0.825000 0.615500
0.787500 0.825000 0.628700
0.862500 0.825000 0.642200
0.937500 0.825000 0.655700
1.012000 0.825000 0.669100
1.087000 0.825000 0.682200
1.163000 0.825000 0.694800
1.238000 0.825000 0.706600
1.313000 0.825000 0.717700
1.388000 0.825000 0.727700
1.463000 0.825000 0.736500
1.538000 0.825000 0.744200
1.613000 0.825000 0.750400
1.688000 0.825000 0.755200
1.763000 0.825000 0.758500
1.838000 0.825000 0.760300
1.913000 0.825000 0.760500
1.988000 0.825000 0.759200
2.063000 0.825000 0.756500
2.138000 0.825000 0.752300
2.213000 0.825000 0.746800
2.288000 0.825000 0.740100
2.363000 0.825000 0.732400
2.438000 0.825000 0.723700
2.513000 0.825000 0.714200
2.588000 0.825000 0.704100
2.663000 0.825000 0.693600
2.738000 0.825000 0.682700
2.813000 0.825000 0.671700
2.888000 0.825000 0.660600
2.963000 0.825000 0.649700
3.038000 0.825000 0.639100
3.113000 0.825000 0.628900
3.188000 0.825000 0.619200
3.263000 0.825000 0.610300
3.338000 0.825000 0.602100
3.413000 0.825000 0.594800
3.488000 0.825000 0.588500
3.563000 0.825000 0.583400
3.638000 0.825000 0.579500
3.713000 0.825000 0.576800
3.788000 0.825000 0.575500
3.863000 0.825000 0.000000
-0.037500 0.975000 0.000000
0.037500 0.975000 0.535200
0.112500 0.975000 0.536700
0.187500 0.975000 0.539800
0.262500 0.975000 0.544400
0.337500 0.975000 0.550300
0.412500 0.975000 0.557400
0.487500 0.975000 0.565600
0.562500 0.975000 0.574700
0.637500 0.975000 0.584600
0.712500 0.975000 0.595000
0.787500 0.975000 0.605900
0.862500 0.975000 0.617000
0.937500 0.975000 0.628100
1.012000 0.975000 0.639200
1.087000 0.975000 0.649900
1.163000 0.975000 0.660300
1.238000 0.975000 0.670000
1.313000 0.975000 0.679100
1.388000 0.975000 0.687300
1.463000 0.975000 0.694500
1.538000 0.975000 0.700700
1.613000 0.975000 0.705700
1.688000 0.975000 0.709500
1.763000 0.975000 0.712000
1.838000 0.975000 0.713300
1.913000 0.975000 0.713300
1.988000 0.975000 0.712000
2.063000 0.975000 0.709500
2.138000 0.975000 0.705800
2.213000 0.975000 0.701000
2.288000 0.975000 0.695100
2.363000 0.975000 0.688400
2.438000 0.975000 0.680900
2.513000 0.975000 0.672700
2.588000 0.975000 0.664000
2.663000 0.975000 0.654900
2.738000 0.975000 0.645500
2.813000 0.975000 0.635900
2.888000 0.975000 0.626400
2.963000 0.975000 0.617000
3.038000 0.975000 0.607900
3.113000 0.975000 0.599100
3.188000 0.975000 0.590800
3.263000 0.975000 0.583100
3.338000 0.975000 0.576100
3.413000 0.975000 0.570000
3.488000 0.975000 0.564700
3.563000 0.975000 0.560400
3.638000 0.975000 0.557100
3.713000 0.975000 0.554900
3.788000 0.975000 0.553800
3.863000 0.975000 0.000000
-0.037500 1.125000 0.000000
0.037500 1.125000 0.518200
0.112500 1.125000 0.519500
0.187500 1.125000 0.522100
0.262500 1.125000 0.525900
0.337500 1.125000 0.530900
0.412500 1.125000 0.536900
0.487500 1.125000 0.543900
0.562500 1.125000 0.551700
0.637500 1.125000 0.560100
0.712500 1.125000 0.569000
0.787500 1.125000 0.578300
0.862500 1.125000 0.587800
0.937500 1.125000 0.597400
1.012000 1.125000 0.606900
1.087000 1.125000 0.616100
1.163000 1.125000 0.625000
1.238000 1.125000 0.633400
1.313000 1.125000 0.641200
1.388000 1.125000 0.648200
1.463000 1.125000 0.654300
1.538000 1.125000 0.659600
1.613000 1.125000 0.663800
1.688000 1.125000 0.667000
1.763000 1.125000 0.669100
1.838000 1.125000 0.670000
1.913000 1.125000 0.669900
1.988000 1.125000 0.668600
2.063000 1.125000 0.666300
2.138000 1.125000 0.662900
2.213000 1.125000 0.658600
2.288000 1.125000 0.653400
2.363000 1.125000 0.647400
2.438000 1.125000 0.640700
2.513000 1.125000 0.633400
2.588000 1.125000 0.625600
2.663000 1.125000 0.617500
2.738000 1.125000 0.609100
2.813000 1.125000 0.600700
2.888000 1.125000 0.592200
2.963000 1.125000 0.583800
3.038000 1.125000 0.575700
3.113000 1.125000 0.567900
3.188000 1.125000 0.560600
3.263000 1.125000 0.553800
3.338000 1.125000 0.547700
3.413000 1.125000 0.542300
3.488000 1.125000 0.537600
3.563000 1.125000 0.533900
3.638000 1.125000 0.531000
3.713000 1.125000 0.529100
3.788000 1.125000 0.528100
3.863000 1.125000 0.000000
-0.037500 1.275000 0.000000
0.037500 1.275000 0.467300
0.112500 1.275000 0.468300
0.187500 1.275000 0.470500
0.262500 1.275000 0.473600
0.337500 1.275000 0.477700
0.412500 1.275000 0.482600
0.487500 1.275000 0.488300
0.562500 1.275000 0.494700
0.637500 1.275000 0.501600
0.712500 1.275000 0.509000
0.787500 1.275000 0.516700
0.862500 1.275000 0.524500
0.937500 1.275000 0.532400
1.012000 1.275000 0.540300
1.087000 1.275000 0.547900
1.163000 1.275000 0.555200
1.238000 1.275000 0.562200
1.313000 1.275000 0.568600
1.388000 1.275000 0.574300
1.463000 1.275000 0.579400
1.538000 1.275000 0.583700
1.613000 1.275000 0.587100
1.688000 1.275000 0.589700
1.763000 1.275000 0.591300
1.838000 1.275000 0.592000
1.913000 1.275000 0.591800
1.988000 1.275000 0.590700
2.063000 1.275000 0.588600
2.138000 1.275000 0.585700
2.213000 1.275000 0.582000
2.288000 1.275000 0.577600
2.363000 1.275000 0.572400
2.438000 1.275000 0.566700
2.513000 1.275000 0.560500
2.588000 1.275000 0.553900
2.663000 1.275000 0.547000
2.738000 1.275000 0.540000
2.813000 1.275000 0.532800
2.888000 1.275000 0.525600
2.963000 1.275000 0.518500
3.038000 1.275000 0.511600
3.113000 1.275000 0.505000
3.188000 1.275000 0.498800
3.263000 1.275000 0.493100
3.338000 1.275000 0.487900
3.413000 1.275000 0.483300
3.488000 1.275000 0.479500
3.563000 1.275000 0.476300
3.638000 1.275000 0.473900
3.713000 1.275000 0.472300
3.788000 1.275000 0.471400
3.863000 1.275000 0.000000
-0.037500 1.425000 0.000000
0.037500 1.425000 0.391000
0.112500 1.425000 0.391800
0.187500 1.425000 0.393300
0.262500 1.425000 0.395700
0.337500 1.425000 0.398700
0.412500 1.425000 0.402300
0.487500 1.425000 0.406600
0.562500 1.425000 0.411300
0.637500 1.425000 0.416400
0.712500 1.425000 0.421900
0.787500 1.425000 0.427600
0.862500 1.425000 0.433500
0.937500 1.425000 0.439400
1.012000 1.425000 0.445200
1.087000 1.425000 0.450900
1.163000 1.425000 0.456400
1.238000 1.425000 0.461500
1.313000 1.425000 0.466300
1.388000 1.425000 0.470500
1.463000 1.425000 0.474300
1.538000 1.425000 0.477400
1.613000 1.425000 0.480000
1.688000 1.425000 0.481800
1.763000 1.425000 0.482900
1.838000 1.425000 0.483400
1.913000 1.425000 0.483100
1.988000 1.425000 0.482200
2.063000 1.425000 0.480500
2.138000 1.425000 0.478200
2.213000 1.425000 0.475300
2.288000 1.425000 0.471800
2.363000 1.425000 0.467800
2.438000 1.425000 0.463400
2.513000 1.425000 0.458600
2.588000 1.425000 0.453500
2.663000 1.425000 0.448100
2.738000 1.425000 0.442700
2.813000 1.425000 0.437100
2.888000 1.425000 0.431500
2.963000 1.425000 0.426100
3.038000 1.425000 0.420800
3.113000 1.425000 0.415700
3.188000 1.425000 0.410900
3.263000 1.425000 0.406500
3.338000 1.425000 0.402600
3.413000 1.425000 0.399100
3.488000 1.425000 0.396100
3.563000 1.425000 0.393600
3.638000 1.425000 0.391800
3.713000 1.425000 0.390600
3.788000 1.425000 0.389900
3.863000 1.425000 0.000000
-0.037500 1.575000 0.000000
0.037500 1.575000 0.319300
0.112500 1.575000 0.319800
0.187500 1.575000 0.321000
0.262500 1.575000 0.322700
0.337500 1.575000 0.324800
0.412500 1.575000 0.327500
0.487500 1.575000 0.330600
0.562500 1.575000 0.334000
0.637500 1.575000 0.337800
0.712500 1.575000 0.341800
0.787500 1.575000 0.346000
0.862500 1.575000 0.350200
0.937500 1.575000 0.354500
1.012000 1.575000 0.358800
1.087000 1.575000 0.363000
1.163000 1.575000 0.366900
1.238000 1.575000 0.370700
1.313000 1.575000 0.374100
1.388000 1.575000 0.377300
1.463000 1.575000 0.380000
1.538000 1.575000 0.382200
1.613000 1.575000 0.384000
1.688000 1.575000 0.385300
1.763000 1.575000 0.386100
1.838000 1.575000 0.386300
1.913000 1.575000 0.386100
1.988000 1.575000 0.385300
2.063000 1.575000 0.384000
2.138000 1.575000 0.382200
2.213000 1.575000 0.379900
2.288000 1.575000 0.377300
2.363000 1.575000 0.374200
2.438000 1.575000 0.370800
2.513000 1.575000 0.367200
2.588000 1.575000 0.363300
2.663000 1.575000 0.359300
2.738000 1.575000 0.355100
2.813000 1.575000 0.350900
2.888000 1.575000 0.346700
2.963000 1.575000 0.342600
3.038000 1.575000 0.338600
3.113000 1.575000 0.334700
3.188000 1.575000 0.331200
3.263000 1.575000 0.327800
3.338000 1.575000 0.324800
3.413000 1.575000 0.322200
3.488000 1.575000 0.320000
3.563000 1.575000 0.318100
3.638000 1.575000 0.316700
3.713000 1.575000 0.315800
3.788000 1.575000 0.315300
3.863000 1.575000 0.000000
-0.037500 1.725000 0.000000
0.037500 1.725000 0.254500
0.112500 1.725000 0.254900
0.187500 1.725000 0.255700
0.262500 1.725000 0.256900
0.337500 1.725000 0.258400
0.412500 1.725000 0.260300
0.487500 1.725000 0.262500
0.562500 1.725000 0.265000
0.637500 1.725000 0.267700
0.712500 1.725000 0.270500
0.787500 1.725000 0.273500
0.862500 1.725000 0.276500
0.937500 1.725000 0.279600
1.012000 1.725000 0.282700
1.087000 1.725000 0.285600
1.163000 1.725000 0.288500
1.238000 1.725000 0.291100
1.313000 1.725000 0.293600
1.388000 1.725000 0.295800
1.463000 1.725000 0.297700
1.538000 1.725000 0.299300
1.613000 1.725000 0.300500
1.688000 1.725000 0.301400
1.763000 1.725000 0.301900
1.838000 1.725000 0.302000
1.913000 1.725000 0.301800
1.988000 1.725000 0.301100
2.063000 1.725000 0.300100
2.138000 1.725000 0.298800
2.213000 1.725000 0.297100
2.288000 1.725000 0.295100
2.363000 1.725000 0.292800
2.438000 1.725000 0.290300
2.513000 1.725000 0.287600
2.588000 1.725000 0.284700
2.663000 1.725000 0.281700
2.738000 1.725000 0.278600
2.813000 1.725000 0.275500
2.888000 1.725000 0.272400
2.963000 1.725000 0.269400
3.038000 1.725000 0.266400
3.113000 1.725000 0.263600
3.188000 1.725000 0.260900
3.263000 1.725000 0.258500
3.338000 1.725000 0.256300
3.413000 1.725000 0.254300
3.488000 1.725000 0.252700
3.563000 1.725000 0.251300
3.638000 1.725000 0.250300
3.713000 1.725000 0.249600
3.788000 1.725000 0.249300
3.863000 1.725000 0.000000
-0.037500 1.875000 0.000000
0.037500 1.875000 0.197600
0.112500 1.875000 0.197900
0.187500 1.875000 0.198400
0.262500 1.875000 0.199200
0.337500 1.875000 0.200300
0.412500 1.875000 0.201600
0.487500 1.875000 0.203100
0.562500 1.875000 0.204800
0.637500 1.875000 0.206700
0.712500 1.875000 0.208600
0.787500 1.875000 0.210700
0.862500 1.875000 0.212800
0.937500 1.875000 0.214900
1.012000 1.875000 0.217000
1.087000 1.875000 0.219100
1.163000 1.875000 0.221000
1.238000 1.875000 0.222900
1.313000 1.875000 0.224500
1.388000 1.875000 0.226000
1.463000 1.875000 0.227300
1.538000 1.875000 0.228400
1.613000 1.875000 0.229200
1.688000 1.875000 0.229800
1.763000 1.875000 0.230100
1.838000 1.875000 0.230200
1.913000 1.875000 0.229900
1.988000 1.875000 0.229400
2.063000 1.875000 0.228700
2.138000 1.875000 0.227700
2.213000 1.875000 0.226400
2.288000 1.875000 0.225000
2.363000 1.875000 0.223300
2.438000 1.875000 0.221500
2.513000 1.875000 0.219600
2.588000 1.875000 0.217500
2.663000 1.875000 0.215300
2.738000 1.875000 0.213100
2.813000 1.875000 0.210900
2.888000 1.875000 0.208700
2.963000 1.875000 0.206500
3.038000 1.875000 0.204400
3.113000 1.875000 0.202300
3.188000 1.875000 0.200400
3.263000 1.875000 0.198700
3.338000 1.875000 0.197100
3.413000 1.875000 0.195700
3.488000 1.875000 0.194600
3.563000 1.875000 0.193600
3.638000 1.875000 0.192900
3.713000 1.875000 0.192400
3.788000 1.875000 0.192100
3.863000 1.875000 0.000000
-0.037500 2.025000 0.000000
0.037500 2.025000 0.148600
0.112500 2.025000 0.148800
0.187500 2.025000 0.149100
0.262500 2.025000 0.149700
0.337500 2.025000 0.150400
0.412500 2.025000 0.151200
0.487500 2.025000 0.152200
0.562500 2.025000 0.153300
0.637500 2.025000 0.154500
0.712500 2.025000 0.155800
0.787500 2.025000 0.157100
0.862500 2.025000 0.158500
0.937500 2.025000 0.159900
1.012000 2.025000 0.161200
1.087000 2.025000 0.162600
1.163000 2.025000 0.163800
1.238000 2.025000 0.165000
1.313000 2.025000 0.166100
1.388000 2.025000 0.167100
1.463000 2.025000 0.167900
1.538000 2.025000 0.168600
1.613000 2.025000 0.169100
1.688000 2.025000 0.169400
1.763000 2.025000 0.169600
1.838000 2.025000 0.169600
1.913000 2.025000 0.169400
1.988000 2.025000 0.169000
2.063000 2.025000 0.168500
2.138000 2.025000 0.167700
2.213000 2.025000 0.166900
2.288000 2.025000 0.165900
2.363000 2.025000 0.164700
2.438000 2.025000 0.163500
2.513000 2.025000 0.162100
2.588000 2.025000 0.160700
2.663000 2.025000 0.159200
2.738000 2.025000 0.157700
2.813000 2.025000 0.156200
2.888000 2.025000 0.154700
2.963000 2.025000 0.153200
3.038000 2.025000 0.151800
3.113000 2.025000 0.150400
3.188000 2.025000 0.149100
3.263000 2.025000 0.147900
3.338000 2.025000 0.146900
3.413000 2.025000 0.145900
3.488000 2.025000 0.145100
3.563000 2.025000 0.144500
3.638000 2.025000 0.144000
3.713000 2.025000 0.143600
3.788000 2.025000 0.143400
3.863000 2.025000 0.000000
-0.037500 2.175000 0.000000
0.037500 2.175000 0.106900
0.112500 2.175000 0.107000
0.187500 2.175000 0.107200
0.262500 2.175000 0.107500
0.337500 2.175000 0.107900
0.412500 2.175000 0.108400
0.487500 2.175000 0.109000
0.562500 2.175000 0.109600
0.637500 2.175000 0.110300
0.712500 2.175000 0.111000
0.787500 2.175000 0.111800
0.862500 2.175000 0.112600
0.937500 2.175000 0.113400
1.012000 2.175000 0.114100
1.087000 2.175000 0.114900
1.163000 2.175000 0.115600
1.238000 2.175000 0.116300
1.313000 2.175000 0.116900
1.388000 2.175000 0.117400
1.463000 2.175000 0.117900
1.538000 2.175000 0.118200
1.613000 2.175000 0.118500
1.688000 2.175000 0.118600
1.763000 2.175000 0.118700
1.838000 2.175000 0.118600
1.913000 2.175000 0.118500
1.988000 2.175000 0.118200
2.063000 2.175000 0.117800
2.138000 2.175000 0.117400
2.213000 2.175000 0.116800
2.288000 2.175000 0.116200
2.363000 2.175000 0.115500
2.438000 2.175000 0.114700
2.513000 2.175000 0.113800
2.588000 2.175000 0.112900
2.663000 2.175000 0.112000
2.738000 2.175000 0.111100
2.813000 2.175000 0.110200
2.888000 2.175000 0.109200
2.963000 2.175000 0.108300
3.038000 2.175000 0.107400
3.113000 2.175000 0.106600
3.188000 2.175000 0.105800
3.263000 2.175000 0.105100
3.338000 2.175000 0.104400
3.413000 2.175000 0.103900
3.488000 2.175000 0.103400
3.563000 2.175000 0.103000
3.638000 2.175000 0.102700
3.713000 2.175000 0.102500
3.788000 2.175000 0.102400
3.863000 2.175000 0.000000
-0.037500 2.325000 0.000000
0.037500 2.325000 0.083420
0.112500 2.325000 0.083470
0.187500 2.325000 0.083590
0.262500 2.325000 0.083770
0.337500 2.325000 0.084000
0.412500 2.325000 0.084280
0.487500 2.325000 0.084600
0.562500 2.325000 0.084970
0.637500 2.325000 0.085370
0.712500 2.325000 0.085800
0.787500 2.325000 0.086240
0.862500 2.325000 0.086690
0.937500 2.325000 0.087140
1.012000 2.325000 0.087580
1.087000 2.325000 0.088010
1.163000 2.325000 0.088410
1.238000 2.325000 0.088780
1.313000 2.325000 0.089120
1.388000 2.325000 0.089400
1.463000 2.325000 0.089640
1.538000 2.325000 0.089820
1.613000 2.325000 0.089940
1.688000 2.325000 0.090000
1.763000 2.325000 0.089990
1.838000 2.325000 0.089920
1.913000 2.325000 0.089780
1.988000 2.325000 0.089570
2.063000 2.325000 0.089300
2.138000 2.325000 0.088980
2.213000 2.325000 0.088590
2.288000 2.325000 0.088160
2.363000 2.325000 0.087680
2.438000 2.325000 0.087150
2.513000 2.325000 0.086600
2.588000 2.325000 0.086020
2.663000 2.325000 0.085430
2.738000 2.325000 0.084820
2.813000 2.325000 0.084210
2.888000 2.325000 0.083610
2.963000 2.325000 0.083020
3.038000 2.325000 0.082450
3.113000 2.325000 0.081910
3.188000 2.325000 0.081410
3.263000 2.325000 0.080950
3.338000 2.325000 0.080540
3.413000 2.325000 0.080180
3.488000 2.325000 0.079870
3.563000 2.325000 0.079630
3.638000 2.325000 0.079440
3.713000 2.325000 0.079320
3.788000 2.325000 0.079250
3.863000 2.325000 0.000000
-0.037500 2.475000 0.000000
0.037500 2.475000 0.073270
0.112500 2.475000 0.073310
0.187500 2.475000 0.073400
0.262500 2.475000 0.073530
0.337500 2.475000 0.073700
0.412500 2.475000 0.073910
0.487500 2.475000 0.074160
0.562500 2.475000 0.074430
0.637500 2.475000 0.074730
0.712500 2.475000 0.075050
0.787500 2.475000 0.075380
0.862500 2.475000 0.075710
0.937500 2.475000 0.076040
1.012000 2.475000 0.076370
1.087000 2.475000 0.076680
1.163000 2.475000 0.076980
1.238000 2.475000 0.077250
1.313000 2.475000 0.077490
1.388000 2.475000 0.077690
1.463000 2.475000 0.077850
1.538000 2.475000 0.077970
1.613000 2.475000 0.078050
1.688000 2.475000 0.078070
1.763000 2.475000 0.078050
1.838000 2.475000 0.077970
1.913000 2.475000 0.077840
1.988000 2.475000 0.077660
2.063000 2.475000 0.077440
2.138000 2.475000 0.077160
2.213000 2.475000 0.076850
2.288000 2.475000 0.076490
2.363000 2.475000 0.076100
2.438000 2.475000 0.075680
2.513000 2.475000 0.075230
2.588000 2.475000 0.074770
2.663000 2.475000 0.074290
2.738000 2.475000 0.073810
2.813000 2.475000 0.073320
2.888000 2.475000 0.072840
2.963000 2.475000 0.072370
3.038000 2.475000 0.071920
3.113000 2.475000 0.071500
3.188000 2.475000 0.071100
3.263000 2.475000 0.070740
3.338000 2.475000 0.070420
3.413000 2.475000 0.070130
3.488000 2.475000 0.069900
3.563000 2.475000 0.069710
3.638000 2.475000 0.069570
3.713000 2.475000 0.069470
3.788000 2.475000 0.069430
3.863000 2.475000 0.000000
-0.037500 2.625000 0.000000
0.037500 2.625000 0.064730
0.112500 2.625000 0.064760
0.187500 2.625000 0.064830
0.262500 2.625000 0.064930
0.337500 2.625000 0.065070
0.412500 2.625000 0.065230
0.487500 2.625000 0.065420
0.562500 2.625000 0.065630
0.637500 2.625000 0.065860
0.712500 2.625000 0.066110
0.787500 2.625000 0.066360
0.862500 2.625000 0.066610
0.937500 2.625000 0.066870
1.012000 2.625000 0.067120
1.087000 2.625000 0.067350
1.163000 2.625000 0.067580
1.238000 2.625000 0.067780
1.313000 2.625000 0.067950
1.388000 2.625000 0.068100
1.463000 2.625000 0.068220
1.538000 2.625000 0.068300
1.613000 2.625000 0.068340
1.688000 2.625000 0.068350
1.763000 2.625000 0.068310
1.838000 2.625000 0.068240
1.913000 2.625000 0.068120
1.988000 2.625000 0.067970
2.063000 2.625000 0.067770
2.138000 2.625000 0.067540
2.213000 2.625000 0.067270
2.288000 2.625000 0.066980
2.363000 2.625000 0.066650
2.438000 2.625000 0.066300
2.513000 2.625000 0.065940
2.588000 2.625000 0.065560
2.663000 2.625000 0.065160
2.738000 2.625000 0.064770
2.813000 2.625000 0.064370
2.888000 2.625000 0.063980
2.963000 2.625000 0.063600
3.038000 2.625000 0.063240
3.113000 2.625000 0.062890
3.188000 2.625000 0.062570
3.263000 2.625000 0.062280
3.338000 2.625000 0.062020
3.413000 2.625000 0.061790
3.488000 2.625000 0.061600
3.563000 2.625000 0.061450
3.638000 2.625000 0.061340
3.713000 2.625000 0.061270
3.788000 2.625000 0.061240
3.863000 2.625000 0.000000
-0.037500 2.775000 0.000000
0.037500 2.775000 0.057730
0.112500 2.775000 0.057760
0.187500 2.775000 0.057820
0.262500 2.775000 0.057900
0.337500 2.775000 0.058020
0.412500 2.775000 0.058150
0.487500 2.775000 0.058310
0.562500 2.775000 0.058480
0.637500 2.775000 0.058670
0.712500 2.775000 0.058860
0.787500 2.775000 0.059070
0.862500 2.775000 0.059270
0.937500 2.775000 0.059480
1.012000 2.775000 0.059680
1.087000 2.775000 0.059870
1.163000 2.775000 0.060050
1.238000 2.775000 0.060210
1.313000 2.775000 0.060350
1.388000 2.775000 0.060460
1.463000 2.775000 0.060550
1.538000 2.775000 0.060610
1.613000 2.775000 0.060640
1.688000 2.775000 0.060630
1.763000 2.775000 0.060600
1.838000 2.775000 0.060520
1.913000 2.775000 0.060420
1.988000 2.775000 0.060280
2.063000 2.775000 0.060110
2.138000 2.775000 0.059910
2.213000 2.775000 0.059680
2.288000 2.775000 0.059420
2.363000 2.775000 0.059150
2.438000 2.775000 0.058850
2.513000 2.775000 0.058540
2.588000 2.775000 0.058210
2.663000 2.775000 0.057880
2.738000 2.775000 0.057540
2.813000 2.775000 0.057210
2.888000 2.775000 0.056880
2.963000 2.775000 0.056550
3.038000 2.775000 0.056250
3.113000 2.775000 0.055960
3.188000 2.775000 0.055690
3.263000 2.775000 0.055440
3.338000 2.775000 0.055220
3.413000 2.775000 0.055040
3.488000 2.775000 0.054880
3.563000 2.775000 0.054760
3.638000 2.775000 0.054670
3.713000 2.775000 0.054610
3.788000 2.775000 0.054580
3.863000 2.775000 0.000000
-0.037500 2.925000 0.000000
0.037500 2.925000 0.046660
0.112500 2.925000 0.046690
0.187500 2.925000 0.046740
0.262500 2.925000 0.046810
0.337500 2.925000 0.046890
0.412500 2.925000 0.047000
0.487500 2.925000 0.047120
0.562500 2.925000 0.047250
0.637500 2.925000 0.047390
0.712500 2.925000 0.047540
0.787500 2.925000 0.047700
0.862500 2.925000 0.047860
0.937500 2.925000 0.048020
1.012000 2.925000 0.048170
1.087000 2.925000 0.048310
1.163000 2.925000 0.048450
1.238000 2.925000 0.048570
1.313000 2.925000 0.048670
1.388000 2.925000 0.048760
1.463000 2.925000 0.048820
1.538000 2.925000 0.048860
1.613000 2.925000 0.048880
1.688000 2.925000 0.048870
1.763000 2.925000 0.048840
1.838000 2.925000 0.048780
1.913000 2.925000 0.048690
1.988000 2.925000 0.048580
2.063000 2.925000 0.048440
2.138000 2.925000 0.048280
2.213000 2.925000 0.048100
2.288000 2.925000 0.047900
2.363000 2.925000 0.047680
2.438000 2.925000 0.047450
2.513000 2.925000 0.047200
2.588000 2.925000 0.046940
2.663000 2.925000 0.046680
2.738000 2.925000 0.046420
2.813000 2.925000 0.046160
2.888000 2.925000 0.045900
2.963000 2.925000 0.045640
3.038000 2.925000 0.045400
3.113000 2.925000 0.045170
3.188000 2.925000 0.044960
3.263000 2.925000 0.044770
3.338000 2.925000 0.044600
3.413000 2.925000 0.044460
3.488000 2.925000 0.044330
3.563000 2.925000 0.044240
3.638000 2.925000 0.044170
3.713000 2.925000 0.044120
3.788000 2.925000 0.044100
3.863000 2.925000 0.000000
-0.037500 3.075000 0.000000
0.037500 3.075000 0.034130
0.112500 3.075000 0.034150
0.187500 3.075000 0.034180
0.262500 3.075000 0.034230
0.337500 3.075000 0.034290
0.412500 3.075000 0.034360
0.487500 3.075000 0.034440
0.562500 3.075000 0.034530
0.637500 3.075000 0.034630
0.712500 3.075000 0.034730
0.787500 3.075000 0.034840
0.862500 3.075000 0.034940
0.937500 3.075000 0.035050
1.012000 3.075000 0.035150
1.087000 3.075000 0.035250
1.163000 3.075000 0.035340
1.238000 3.075000 0.035420
1.313000 3.075000 0.035480
1.388000 3.075000 0.035540
1.463000 3.075000 0.035580
1.538000 3.075000 0.035610
1.613000 3.075000 0.035610
1.688000 3.075000 0.035600
1.763000 3.075000 0.035580
1.838000 3.075000 0.035530
1.913000 3.075000 0.035470
1.988000 3.075000 0.035390
2.063000 3.075000 0.035290
2.138000 3.075000 0.035170
2.213000 3.075000 0.035040
2.288000 3.075000 0.034900
2.363000 3.075000 0.034740
2.438000 3.075000 0.034580
2.513000 3.075000 0.034400
2.588000 3.075000 0.034220
2.663000 3.075000 0.034040
2.738000 3.075000 0.033850
2.813000 3.075000 0.033670
2.888000 3.075000 0.033490
2.963000 3.075000 0.033310
3.038000 3.075000 0.033140
3.113000 3.075000 0.032980
3.188000 3.075000 0.032830
3.263000 3.075000 0.032700
3.338000 3.075000 0.032580
3.413000 3.075000 0.032470
3.488000 3.075000 0.032390
3.563000 3.075000 0.032320
3.638000 3.075000 0.032270
3.713000 3.075000 0.032230
3.788000 3.075000 0.032210
3.863000 3.075000 0.000000
-0.037500 3.225000 0.000000
0.037500 3.225000 0.024750
0.112500 3.225000 0.024770
0.187500 3.225000 0.024790
0.262500 3.225000 0.024820
0.337500 3.225000 0.024860
0.412500 3.225000 0.024900
0.487500 3.225000 0.024960
0.562500 3.225000 0.025020
0.637500 3.225000 0.025080
0.712500 3.225000 0.025150
0.787500 3.225000 0.025220
0.862500 3.225000 0.025290
0.937500 3.225000 0.025360
1.012000 3.225000 0.025430
1.087000 3.225000 0.025500
1.163000 3.225000 0.025550
1.238000 3.225000 0.025610
1.313000 3.225000 0.025650
1.388000 3.225000 0.025690
1.463000 3.225000 0.025710
1.538000 3.225000 0.025730
1.613000 3.225000 0.025730
1.688000 3.225000 0.025720
1.763000 3.225000 0.025700
1.838000 3.225000 0.025660
1.913000 3.225000 0.025620
1.988000 3.225000 0.025560
2.063000 3.225000 0.025490
2.138000 3.225000 0.025410
2.213000 3.225000 0.025310
2.288000 3.225000 0.025210
2.363000 3.225000 0.025100
2.438000 3.225000 0.024990
2.513000 3.225000 0.024860
2.588000 3.225000 0.024740
2.663000 3.225000 0.024610
2.738000 3.225000 0.024480
2.813000 3.225000 0.024350
2.888000 3.225000 0.024220
2.963000 3.225000 0.024100
3.038000 3.225000 0.023980
3.113000 3.225000 0.023870
3.188000 3.225000 0.023770
3.263000 3.225000 0.023670
3.338000 3.225000 0.023590
3.413000 3.225000 0.023510
3.488000 3.225000 0.023450
3.563000 3.225000 0.023400
3.638000 3.225000 0.023360
3.713000 3.225000 0.023340
3.788000 3.225000 0.023320
3.863000 3.225000 0.000000
-0.037500 3.375000 0.000000
0.037500 3.375000 0.017800
0.112500 3.375000 0.017810
0.187500 3.375000 0.017820
0.262500 3.375000 0.017840
0.337500 3.375000 0.017870
0.412500 3.375000 0.017900
0.487500 3.375000 0.017930
0.562500 3.375000 0.017970
0.637500 3.375000 0.018020
0.712500 3.375000 0.018060
0.787500 3.375000 0.018110
0.862500 3.375000 0.018150
0.937500 3.375000 0.018200
1.012000 3.375000 0.018250
1.087000 3.375000 0.018290
1.163000 3.375000 0.018330
1.238000 3.375000 0.018360
1.313000 3.375000 0.018390
1.388000 3.375000 0.018410
1.463000 3.375000 0.018420
1.538000 3.375000 0.018430
1.613000 3.375000 0.018430
1.688000 3.375000 0.018420
1.763000 3.375000 0.018410
1.838000 3.375000 0.018380
1.913000 3.375000 0.018350
1.988000 3.375000 0.018310
2.063000 3.375000 0.018260
2.138000 3.375000 0.018200
2.213000 3.375000 0.018130
2.288000 3.375000 0.018060
2.363000 3.375000 0.017990
2.438000 3.375000 0.017900
2.513000 3.375000 0.017820
2.588000 3.375000 0.017730
2.663000 3.375000 0.017640
2.738000 3.375000 0.017550
2.813000 3.375000 0.017460
2.888000 3.375000 0.017380
2.963000 3.375000 0.017290
3.038000 3.375000 0.017210
3.113000 3.375000 0.017130
3.188000 3.375000 0.017060
3.263000 3.375000 0.016990
3.338000 3.375000 0.016930
3.413000 3.375000 0.016880
3.488000 3.375000 0.016840
3.563000 3.375000 0.016800
3.638000 3.375000 0.016780
3.713000 3.375000 0.016750
3.788000 3.375000 0.016740
3.863000 3.375000 0.000000
-0.037500 3.525000 0.000000
0.037500 3.525000 0.012690
0.112500 3.525000 0.012700
0.187500 3.525000 0.012700
0.262500 3.525000 0.012720
0.337500 3.525000 0.012730
0.412500 3.525000 0.012750
0.487500 3.525000 0.012780
0.562500 3.525000 0.012800
0.637500 3.525000 0.012830
0.712500 3.525000 0.012860
0.787500 3.525000 0.012890
0.862500 3.525000 0.012920
0.937500 3.525000 0.012950
1.012000 3.525000 0.012980
1.087000 3.525000 0.013010
1.163000 3.525000 0.013030
1.238000 3.525000 0.013060
1.313000 3.525000 0.013070
1.388000 3.525000 0.013090
1.463000 3.525000 0.013100
1.538000 3.525000 0.013100
1.613000 3.525000 0.013100
1.688000 3.525000 0.013090
1.763000 3.525000 0.013080
1.838000 3.525000 0.013060
1.913000 3.525000 0.013040
1.988000 3.525000 0.013010
2.063000 3.525000 0.012970
2.138000 3.525000 0.012930
2.213000 3.525000 0.012880
2.288000 3.525000 0.012840
2.363000 3.525000 0.012780
2.438000 3.525000 0.012730
2.513000 3.525000 0.012670
2.588000 3.525000 0.012610
2.663000 3.525000 0.012550
2.738000 3.525000 0.012480
2.813000 3.525000 0.012420
2.888000 3.525000 0.012360
2.963000 3.525000 0.012300
3.038000 3.525000 0.012250
3.113000 3.525000 0.012190
3.188000 3.525000 0.012140
3.263000 3.525000 0.012100
3.338000 3.525000 0.012060
3.413000 3.525000 0.012020
3.488000 3.525000 0.011990
3.563000 3.525000 0.011970
3.638000 3.525000 0.011940
3.713000 3.525000 0.011930
3.788000 3.525000 0.011920
3.863000 3.525000 0.000000
-0.037500 3.675000 0.000000
0.037500 3.675000 0.008976
0.112500 3.675000 0.008979
0.187500 3.675000 0.008985
0.262500 3.675000 0.008993
0.337500 3.675000 0.009003
0.412500 3.675000 0.009017
0.487500 3.675000 0.009032
0.562500 3.675000 0.009049
0.637500 3.675000 0.009067
0.712500 3.675000 0.009086
0.787500 3.675000 0.009106
0.862500 3.675000 0.009126
0.937500 3.675000 0.009145
1.012000 3.675000 0.009164
1.087000 3.675000 0.009181
1.163000 3.675000 0.009197
1.238000 3.675000 0.009210
1.313000 3.675000 0.009222
1.388000 3.675000 0.009230
1.463000 3.675000 0.009235
1.538000 3.675000 0.009236
1.613000 3.675000 0.009234
1.688000 3.675000 0.009229
1.763000 3.675000 0.009219
1.838000 3.675000 0.009206
1.913000 3.675000 0.009189
1.988000 3.675000 0.009168
2.063000 3.675000 0.009143
2.138000 3.675000 0.009115
2.213000 3.675000 0.009084
2.288000 3.675000 0.009050
2.363000 3.675000 0.009013
2.438000 3.675000 0.008975
2.513000 3.675000 0.008934
2.588000 3.675000 0.008893
2.663000 3.675000 0.008851
2.738000 3.675000 0.008808
2.813000 3.675000 0.008766
2.888000 3.675000 0.008725
2.963000 3.675000 0.008685
3.038000 3.675000 0.008646
3.113000 3.675000 0.008610
3.188000 3.675000 0.008576
3.263000 3.675000 0.008544
3.338000 3.675000 0.008516
3.413000 3.675000 0.008492
3.488000 3.675000 0.008471
3.563000 3.675000 0.008453
3.638000 3.675000 0.008439
3.713000 3.675000 0.008428
3.788000 3.675000 0.008421
3.863000 3.675000 0.000000
-0.037500 3.825000 0.000000
0.037500 3.825000 0.006301
0.112500 3.825000 0.006302
0.187500 3.825000 0.006306
0.262500 3.825000 0.006311
0.337500 3.825000 0.006318
0.412500 3.825000 0.006327
0.487500 3.825000 0.006336
0.562500 3.825000 0.006347
0.637500 3.825000 0.006359
0.712500 3.825000 0.006371
0.787500 3.825000 0.006384
0.862500 3.825000 0.006397
0.937500 3.825000 0.006409
1.012000 3.825000 0.006421
1.087000 3.825000 0.006432
1.163000 3.825000 0.006442
1.238000 3.825000 0.006450
1.313000 3.825000 0.006457
1.388000 3.825000 0.006462
1.463000 3.825000 0.006465
1.538000 3.825000 0.006465
1.613000 3.825000 0.006463
1.688000 3.825000 0.006459
1.763000 3.825000 0.006452
1.838000 3.825000 0.006442
1.913000 3.825000 0.006430
1.988000 3.825000 0.006415
2.063000 3.825000 0.006398
2.138000 3.825000 0.006379
2.213000 3.825000 0.006357
2.288000 3.825000 0.006334
2.363000 3.825000 0.006309
2.438000 3.825000 0.006283
2.513000 3.825000 0.006256
2.588000 3.825000 0.006227
2.663000 3.825000 0.006199
2.738000 3.825000 0.006170
2.813000 3.825000 0.006141
2.888000 3.825000 0.006113
2.963000 3.825000 0.006086
3.038000 3.825000 0.006060
3.113000 3.825000 0.006035
3.188000 3.825000 0.006012
3.263000 3.825000 0.005990
3.338000 3.825000 0.005971
3.413000 3.825000 0.005954
3.488000 3.825000 0.005940
3.563000 3.825000 0.005928
3.638000 3.825000 0.005918
3.713000 3.825000 0.005910
3.788000 3.825000 0.005905
3.863000 3.825000 0.000000
-0.037500 3.975000 0.000000
0.037500 3.975000 0.004392
0.112500 3.975000 0.004393
0.187500 3.975000 0.004396
0.262500 3.975000 0.004399
0.337500 3.975000 0.004403
0.412500 3.975000 0.004409
0.487500 3.975000 0.004415
0.562500 3.975000 0.004422
0.637500 3.975000 0.004430
0.712500 3.975000 0.004437
0.787500 3.975000 0.004446
0.862500 3.975000 0.004454
0.937500 3.975000 0.004461
1.012000 3.975000 0.004469
1.087000 3.975000 0.004476
1.163000 3.975000 0.004482
1.238000 3.975000 0.004487
1.313000 3.975000 0.004491
1.388000 3.975000 0.004494
1.463000 3.975000 0.004495
1.538000 3.975000 0.004495
1.613000 3.975000 0.004493
1.688000 3.975000 0.004490
1.763000 3.975000 0.004485
1.838000 3.975000 0.004478
1.913000 3.975000 0.004470
1.988000 3.975000 0.004459
2.063000 3.975000 0.004448
2.138000 3.975000 0.004435
2.213000 3.975000 0.004420
2.288000 3.975000 0.004404
2.363000 3.975000 0.004387
2.438000 3.975000 0.004369
2.513000 3.975000 0.004351
2.588000 3.975000 0.004332
2.663000 3.975000 0.004312
2.738000 3.975000 0.004293
2.813000 3.975000 0.004274
2.888000 3.975000 0.004255
2.963000 3.975000 0.004236
3.038000 3.975000 0.004218
3.113000 3.975000 0.004202
3.188000 3.975000 0.004186
3.263000 3.975000 0.004172
3.338000 3.975000 0.004159
3.413000 3.975000 0.004147
3.488000 3.975000 0.004137
3.563000 3.975000 0.004129
3.638000 3.975000 0.004122
3.713000 3.975000 0.004117
3.788000 3.975000 0.004113
3.863000 3.975000 0.000000
-0.037500 4.125000 0.000000
0.037500 4.125000 0.003044
0.112500 4.125000 0.003045
0.187500 4.125000 0.003046
0.262500 4.125000 0.003049
0.337500 4.125000 0.003051
0.412500 4.125000 0.003055
0.487500 4.125000 0.003059
0.562500 4.125000 0.003063
0.637500 4.125000 0.003068
0.712500 4.125000 0.003073
0.787500 4.125000 0.003078
0.862500 4.125000 0.003083
0.937500 4.125000 0.003088
1.012000 4.125000 0.003093
1.087000 4.125000 0.003097
1.163000 4.125000 0.003101
1.238000 4.125000 0.003104
1.313000 4.125000 0.003106
1.388000 4.125000 0.003108
1.463000 4.125000 0.003108
1.538000 4.125000 0.003108
1.613000 4.125000 0.003107
1.688000 4.125000 0.003104
1.763000 4.125000 0.003100
1.838000 4.125000 0.003096
1.913000 4.125000 0.003090
1.988000 4.125000 0.003083
2.063000 4.125000 0.003075
2.138000 4.125000 0.003066
2.213000 4.125000 0.003056
2.288000 4.125000 0.003045
2.363000 4.125000 0.003034
2.438000 4.125000 0.003022
2.513000 4.125000 0.003009
2.588000 4.125000 0.002996
2.663000 4.125000 0.002983
2.738000 4.125000 0.002970
2.813000 4.125000 0.002957
2.888000 4.125000 0.002944
2.963000 4.125000 0.002932
3.038000 4.125000 0.002920
3.113000 4.125000 0.002909
3.188000 4.125000 0.002898
3.263000 4.125000 0.002889
3.338000 4.125000 0.002880
3.413000 4.125000 0.002872
3.488000 4.125000 0.002865
3.563000 4.125000 0.002860
3.638000 4.125000 0.002855
3.713000 4.125000 0.002851
3.788000 4.125000 0.002849
3.863000 4.125000 0.000000
-0.037500 4.275000 0.000000
0.037500 4.275000 0.002102
0.112500 4.275000 0.002103
0.187500 4.275000 0.002104
0.262500 4.275000 0.002105
0.337500 4.275000 0.002107
0.412500 4.275000 0.002109
0.487500 4.275000 0.002111
0.562500 4.275000 0.002114
0.637500 4.275000 0.002117
0.712500 4.275000 0.002120
0.787500 4.275000 0.002123
0.862500 4.275000 0.002127
0.937500 4.275000 0.002130
1.012000 4.275000 0.002133
1.087000 4.275000 0.002135
1.163000 4.275000 0.002138
1.238000 4.275000 0.002139
1.313000 4.275000 0.002141
1.388000 4.275000 0.002142
1.463000 4.275000 0.002142
1.538000 4.275000 0.002141
1.613000 4.275000 0.002140
1.688000 4.275000 0.002138
1.763000 4.275000 0.002136
1.838000 4.275000 0.002132
1.913000 4.275000 0.002128
1.988000 4.275000 0.002123
2.063000 4.275000 0.002118
2.138000 4.275000 0.002112
2.213000 4.275000 0.002105
2.288000 4.275000 0.002098
2.363000 4.275000 0.002090
2.438000 4.275000 0.002082
2.513000 4.275000 0.002074
2.588000 4.275000 0.002065
2.663000 4.275000 0.002056
2.738000 4.275000 0.002048
2.813000 4.275000 0.002039
2.888000 4.275000 0.002030
2.963000 4.275000 0.002022
3.038000 4.275000 0.002014
3.113000 4.275000 0.002007
3.188000 4.275000 0.002000
3.263000 4.275000 0.001993
3.338000 4.275000 0.001987
3.413000 4.275000 0.001982
3.488000 4.275000 0.001977
3.563000 4.275000 0.001973
3.638000 4.275000 0.001970
3.713000 4.275000 0.001968
3.788000 4.275000 0.001966
3.863000 4.275000 0.000000
-0.037500 4.425000 0.000000
0.037500 4.425000 0.001453
0.112500 4.425000 0.001453
0.187500 4.425000 0.001453
0.262500 4.425000 0.001454
0.337500 4.425000 0.001455
0.412500 4.425000 0.001457
0.487500 4.425000 0.001458
0.562500 4.425000 0.001460
0.637500 4.425000 0.001462
0.712500 4.425000 0.001464
0.787500 4.425000 0.001466
0.862500 4.425000 0.001468
0.937500 4.425000 0.001470
1.012000 4.425000 0.001472
1.087000 4.425000 0.001473
1.163000 4.425000 0.001475
1.238000 4.425000 0.001476
1.313000 4.425000 0.001476
1.388000 4.425000 0.001477
1.463000 4.425000 0.001477
1.538000 4.425000 0.001476
1.613000 4.425000 0.001475
1.688000 4.425000 0.001474
1.763000 4.425000 0.001472
1.838000 4.425000 0.001470
1.913000 4.425000 0.001467
1.988000 4.425000 0.001464
2.063000 4.425000 0.001460
2.138000 4.425000 0.001456
2.213000 4.425000 0.001451
2.288000 4.425000 0.001446
2.363000 4.425000 0.001441
2.438000 4.425000 0.001436
2.513000 4.425000 0.001430
2.588000 4.425000 0.001424
2.663000 4.425000 0.001419
2.738000 4.425000 0.001413
2.813000 4.425000 0.001407
2.888000 4.425000 0.001401
2.963000 4.425000 0.001396
3.038000 4.425000 0.001390
3.113000 4.425000 0.001385
3.188000 4.425000 0.001381
3.263000 4.425000 0.001376
3.338000 4.425000 0.001372
3.413000 4.425000 0.001369
3.488000 4.425000 0.001366
3.563000 4.425000 0.001363
3.638000 4.425000 0.001361
3.713000 4.425000 0.001359
3.788000 4.425000 0.001358
3.863000 4.425000 0.000000
-0.037500 4.575000 0.000000
0.037500 4.575000 0.001014
0.112500 4.575000 0.001014
0.187500 4.575000 0.001014
0.262500 4.575000 0.001015
0.337500 4.575000 0.001015
0.412500 4.575000 0.001016
0.487500 4.575000 0.001017
0.562500 4.575000 0.001018
0.637500 4.575000 0.001020
0.712500 4.575000 0.001021
0.787500 4.575000 0.001022
0.862500 4.575000 0.001023
0.937500 4.575000 0.001024
1.012000 4.575000 0.001026
1.087000 4.575000 0.001027
1.163000 4.575000 0.001027
1.238000 4.575000 0.001028
1.313000 4.575000 0.001028
1.388000 4.575000 0.001029
1.463000 4.575000 0.001028
1.538000 4.575000 0.001028
1.613000 4.575000 0.001027
1.688000 4.575000 0.001026
1.763000 4.575000 0.001025
1.838000 4.575000 0.001023
1.913000 4.575000 0.001021
1.988000 4.575000 0.001019
2.063000 4.575000 0.001017
2.138000 4.575000 0.001014
2.213000 4.575000 0.001011
2.288000 4.575000 0.001007
2.363000 4.575000 0.001004
2.438000 4.575000 0.001000
2.513000 4.575000 0.000996
2.588000 4.575000 0.000992
2.663000 4.575000 0.000988
2.738000 4.575000 0.000985
2.813000 4.575000 0.000981
2.888000 4.575000 0.000977
2.963000 4.575000 0.000973
3.038000 4.575000 0.000969
3.113000 4.575000 0.000966
3.188000 4.575000 0.000963
3.263000 4.575000 0.000960
3.338000 4.575000 0.000957
3.413000 4.575000 0.000955
3.488000 4.575000 0.000952
3.563000 4.575000 0.000951
3.638000 4.575000 0.000949
3.713000 4.575000 0.000948
3.788000 4.575000 0.000947
3.863000 4.575000 0.000000
-0.037500 4.725000 0.000000
0.037500 4.725000 0.000728
0.112500 4.725000 0.000728
0.187500 4.725000 0.000728
0.262500 4.725000 0.000729
0.337500 4.725000 0.000729
0.412500 4.725000 0.000730
0.487500 4.725000 0.000730
0.562500 4.725000 0.000731
0.637500 4.725000 0.000732
0.712500 4.725000 0.000732
0.787500 4.725000 0.000733
0.862500 4.725000 0.000734
0.937500 4.725000 0.000735
1.012000 4.725000 0.000736
1.087000 4.725000 0.000736
1.163000 4.725000 0.000737
1.238000 4.725000 0.000737
1.313000 4.725000 0.000737
1.388000 4.725000 0.000737
1.463000 4.725000 0.000737
1.538000 4.725000 0.000737
1.613000 4.725000 0.000736
1.688000 4.725000 0.000736
1.763000 4.725000 0.000735
1.838000 4.725000 0.000733
1.913000 4.725000 0.000732
1.988000 4.725000 0.000730
2.063000 4.725000 0.000729
2.138000 4.725000 0.000727
2.213000 4.725000 0.000724
2.288000 4.725000 0.000722
2.363000 4.725000 0.000720
2.438000 4.725000 0.000717
2.513000 4.725000 0.000714
2.588000 4.725000 0.000712
2.663000 4.725000 0.000709
2.738000 4.725000 0.000706
2.813000 4.725000 0.000703
2.888000 4.725000 0.000701
2.963000 4.725000 0.000698
3.038000 4.725000 0.000695
3.113000 4.725000 0.000693
3.188000 4.725000 0.000691
3.263000 4.725000 0.000689
3.338000 4.725000 0.000687
3.413000 4.725000 0.000685
3.488000 4.725000 0.000684
3.563000 4.725000 0.000683
3.638000 4.725000 0.000682
3.713000 4.725000 0.000681
3.788000 4.725000 0.000680
3.863000 4.725000 0.000000
-0.037500 4.875000 0.000000
0.037500 4.875000 0.000557
0.112500 4.875000 0.000557
0.187500 4.875000 0.000557
0.262500 4.875000 0.000557
0.337500 4.875000 0.000557
0.412500 4.875000 0.000558
0.487500 4.875000 0.000558
0.562500 4.875000 0.000559
0.637500 4.875000 0.000559
0.712500 4.875000 0.000560
0.787500 4.875000 0.000560
0.862500 4.875000 0.000561
0.937500 4.875000 0.000561
1.012000 4.875000 0.000562
1.087000 4.875000 0.000562
1.163000 4.875000 0.000563
1.238000 4.875000 0.000563
1.313000 4.875000 0.000563
1.388000 4.875000 0.000563
1.463000 4.875000 0.000563
1.538000 4.875000 0.000562
1.613000 4.875000 0.000562
1.688000 4.875000 0.000561
1.763000 4.875000 0.000561
1.838000 4.875000 0.000560
1.913000 4.875000 0.000559
1.988000 4.875000 0.000557
2.063000 4.875000 0.000556
2.138000 4.875000 0.000554
2.213000 4.875000 0.000553
2.288000 4.875000 0.000551
2.363000 4.875000 0.000549
2.438000 4.875000 0.000547
2.513000 4.875000 0.000545
2.588000 4.875000 0.000543
2.663000 4.875000 0.000541
2.738000 4.875000 0.000539
2.813000 4.875000 0.000537
2.888000 4.875000 0.000535
2.963000 4.875000 0.000533
3.038000 4.875000 0.000531
3.113000 4.875000 0.000530
3.188000 4.875000 0.000528
3.263000 4.875000 0.000526
3.338000 4.875000 0.000525
3.413000 4.875000 0.000524
3.488000 4.875000 0.000523
3.563000 4.875000 0.000522
3.638000 4.875000 0.000521
3.713000 4.875000 0.000520
3.788000 4.875000 0.000520
3.863000 4.875000 0.000000
-0.037500 5.025000 0.000000
0.037500 5.025000 0.000477
0.112500 5.025000 0.000477
0.187500 5.025000 0.000477
0.262500 5.025000 0.000477
0.337500 5.025000 0.000477
0.412500 5.025000 0.000477
0.487500 5.025000 0.000478
0.562500 5.025000 0.000478
0.637500 5.025000 0.000479
0.712500 5.025000 0.000479
0.787500 5.025000 0.000480
0.862500 5.025000 0.000480
0.937500 5.025000 0.000480
1.012000 5.025000 0.000481
1.087000 5.025000 0.000481
1.163000 5.025000 0.000481
1.238000 5.025000 0.000481
1.313000 5.025000 0.000481
1.388000 5.025000 0.000481
1.463000 5.025000 0.000481
1.538000 5.025000 0.000481
1.613000 5.025000 0.000480
1.688000 5.025000 0.000480
1.763000 5.025000 0.000479
1.838000 5.025000 0.000479
1.913000 5.025000 0.000478
1.988000 5.025000 0.000477
2.063000 5.025000 0.000475
2.138000 5.025000 0.000474
2.213000 5.025000 0.000473
2.288000 5.025000 0.000471
2.363000 5.025000 0.000470
2.438000 5.025000 0.000468
2.513000 5.025000 0.000467
2.588000 5.025000 0.000465
2.663000 5.025000 0.000463
2.738000 5.025000 0.000461
2.813000 5.025000 0.000460
2.888000 5.025000 0.000458
2.963000 5.025000 0.000456
3.038000 5.025000 0.000455
3.113000 5.025000 0.000453
3.188000 5.025000 0.000452
3.263000 5.025000 0.000451
3.338000 5.025000 0.000449
3.413000 5.025000 0.000448
3.488000 5.025000 0.000447
3.563000 5.025000 0.000447
3.638000 5.025000 0.000446
3.713000 5.025000 0.000445
3.788000 5.025000 0.000445
3.863000 5.025000 0.000000
-0.037500 5.175000 0.000000
0.037500 5.175000 0.000000
0.112500 5.175000 0.000000
0.187500 5.175000 0.000000
0.262500 5.175000 0.000000
0.337500 5.175000 0.000000
0.412500 5.175000 0.000000
0.487500 5.175000 0.000000
0.562500 5.175000 0.000000
0.637500 5.175000 0.000000
0.712500 5.175000 0.000000
0.787500 5.175000 0.000000
0.862500 5.175000 0.000000
0.937500 5.175000 0.000000
1.012000 5.175000 0.000000
1.087000 5.175000 0.000000
1.163000 5.175000 0.000000
1.238000 5.175000 0.000000
1.313000 5.175000 0.000000
1.388000 5.175000 0.000000
1.463000 5.175000 0.000000
1.538000 5.175000 0.000000
1.613000 5.175000 0.000000
1.688000 5.175000 0.000000
1.763000 5.175000 0.000000
1.838000 5.175000 0.000000
1.913000 5.175000 0.000000
1.988000 5.175000 0.000000
2.063000 5.175000 0.000000
2.138000 5.175000 0.000000
2.213000 5.175000 0.000000
2.288000 5.175000 0.000000
2.363000 5.175000 0.000000
2.438000 5.175000 0.000000
2.513000 5.175000 0.000000
2.588000 5.175000 0.000000
2.663000 5.175000 0.000000
2.738000 5.175000 0.000000
2.813000 5.175000 0.000000
2.888000 5.175000 0.000000
2.963000 5.175000 0.000000
3.038000 5.175000 0.000000
3.113000 5.175000 0.000000
3.188000 5.175000 0.000000
3.263000 5.175000 0.000000
3.338000 5.175000 0.000000
3.413000 5.175000 0.000000
3.488000 5.175000 0.000000
3.563000 5.175000 0.000000
3.638000 5.175000 0.000000
3.713000 5.175000 0.000000
3.788000 5.175000 0.000000
3.863000 5.175000 0.000000
