-0.037500 -0.075000 0.000000
0.037500 -0.075000 0.000000
0.112500 -0.075000 0.000000
0.187500 -0.075000 0.000000
0.262500 -0.075000 0.000000
0.337500 -0.075000 0.000000
0.412500 -0.075000 0.000000
0.487500 -0.075000 0.000000
0.562500 -0.075000 0.000000
0.637500 -0.075000 0.000000
0.712500 -0.075000 0.000000
0.787500 -0.075000 0.000000
0.862500 -0.075000 0.000000
0.937500 -0.075000 0.000000
1.012000 -0.075000 0.000000
1.087000 -0.075000 0.000000
1.163000 -0.075000 0.000000
1.238000 -0.075000 0.000000
1.313000 -0.075000 0.000000
1.388000 -0.075000 0.000000
1.463000 -0.075000 0.000000
1.538000 -0.075000 0.000000
1.613000 -0.075000 0.000000
1.688000 -0.075000 0.000000
1.763000 -0.075000 0.000000
1.838000 -0.075000 0.000000
1.913000 -0.075000 0.000000
1.988000 -0.075000 0.000000
2.063000 -0.075000 0.000000
2.138000 -0.075000 0.000000
2.213000 -0.075000 0.000000
2.288000 -0.075000 0.000000
2.363000 -0.075000 0.000000
2.438000 -0.075000 0.000000
2.513000 -0.075000 0.000000
2.588000 -0.075000 0.000000
2.663000 -0.075000 0.000000
2.738000 -0.075000 0.000000
2.813000 -0.075000 0.000000
2.888000 -0.075000 0.000000
2.963000 -0.075000 0.000000
3.038000 -0.075000 0.000000
3.113000 -0.075000 0.000000
3.188000 -0.075000 0.000000
3.263000 -0.075000 0.000000
3.338000 -0.075000 0.000000
3.413000 -0.075000 0.000000
3.488000 -0.075000 0.000000
3.563000 -0.075000 0.000000
3.638000 -0.075000 0.000000
3.713000 -0.075000 0.000000
3.788000 -0.075000 0.000000
3.863000 -0.075000 0.000000
-0.037500 0.075000 0.000000
0.037500 0.075000 0.013890
0.112500 0.075000 0.027780
0.187500 0.075000 0.041670
0.262500 0.075000 0.055550
0.337500 0.075000 0.069430
0.412500 0.075000 0.083300
0.487500 0.075000 0.097150
0.562500 0.075000 0.111000
0.637500 0.075000 0.124800
0.712500 0.075000 0.138400
0.787500 0.075000 0.152100
0.862500 0.075000 0.165500
0.937500 0.075000 0.178800
1.012000 0.075000 0.191900
1.087000 0.075000 0.204700
1.163000 0.075000 0.217000
1.238000 0.075000 0.228900
1.313000 0.075000 0.240200
1.388000 0.075000 0.250700
1.463000 0.075000 0.260300
1.538000 0.075000 0.268900
1.613000 0.075000 0.276400
1.688000 0.075000 0.282500
1.763000 0.075000 0.287100
1.838000 0.075000 0.290200
1.913000 0.075000 0.291700
1.988000 0.075000 0.291500
2.063000 0.075000 0.289900
2.138000 0.075000 0.286800
2.213000 0.075000 0.282400
2.288000 0.075000 0.276900
2.363000 0.075000 0.270500
2.438000 0.075000 0.263400
2.513000 0.075000 0.255800
2.588000 0.075000 0.247900
2.663000 0.075000 0.239700
2.738000 0.075000 0.231400
2.813000 0.075000 0.223200
2.888000 0.075000 0.215100
2.963000 0.075000 0.207100
3.038000 0.075000 0.199300
3.113000 0.075000 0.191800
3.188000 0.075000 0.184600
3.263000 0.075000 0.177600
3.338000 0.075000 0.171000
3.413000 0.075000 0.164600
3.488000 0.075000 0.158500
3.563000 0.075000 0.152600
3.638000 0.075000 0.147100
3.713000 0.075000 0.141700
3.788000 0.075000 0.136700
3.863000 0.075000 0.000000
-0.037500 0.225000 0.000000
0.037500 0.225000 0.013890
0.112500 0.225000 0.027780
0.187500 0.225000 0.041670
0.262500 0.225000 0.055550
0.337500 0.225000 0.069430
0.412500 0.225000 0.083300
0.487500 0.225000 0.097150
0.562500 0.225000 0.111000
0.637500 0.225000 0.124800
0.712500 0.225000 0.138400
0.787500 0.225000 0.152100
0.862500 0.225000 0.165500
0.937500 0.225000 0.178800
1.012000 0.225000 0.191900
1.087000 0.225000 0.204700
1.163000 0.225000 0.217000
1.238000 0.225000 0.228900
1.313000 0.225000 0.240200
1.388000 0.225000 0.250700
1.463000 0.225000 0.260300
1.538000 0.225000 0.268900
1.613000 0.225000 0.276400
1.688000 0.225000 0.282500
1.763000 0.225000 0.287100
1.838000 0.225000 0.290200
1.913000 0.225000 0.291700
1.988000 0.225000 0.291500
2.063000 0.225000 0.289900
2.138000 0.225000 0.286800
2.213000 0.225000 0.282400
2.288000 0.225000 0.276900
2.363000 0.225000 0.270500
2.438000 0.225000 0.263400
2.513000 0.225000 0.255800
2.588000 0.225000 0.247900
2.663000 0.225000 0.239700
2.738000 0.225000 0.231400
2.813000 0.225000 0.223200
2.888000 0.225000 0.215100
2.963000 0.225000 0.207100
3.038000 0.225000 0.199300
3.113000 0.225000 0.191800
3.188000 0.225000 0.184600
3.263000 0.225000 0.177600
3.338000 0.225000 0.171000
3.413000 0.225000 0.164600
3.488000 0.225000 0.158500
3.563000 0.225000 0.152600
3.638000 0.225000 0.147100
3.713000 0.225000 0.141700
3.788000 0.225000 0.136700
3.863000 0.225000 0.000000
-0.037500 0.375000 0.000000
0.037500 0.375000 0.031980
0.112500 0.375000 0.035230
0.187500 0.375000 0.040250
0.262500 0.375000 0.046350
0.337500 0.375000 0.053140
0.412500 0.375000 0.060370
0.487500 0.375000 0.067890
0.562500 0.375000 0.075600
0.637500 0.375000 0.083420
0.712500 0.375000 0.091300
0.787500 0.375000 0.099180
0.862500 0.375000 0.107000
0.937500 0.375000 0.114800
1.012000 0.375000 0.122400
1.087000 0.375000 0.129800
1.163000 0.375000 0.137000
1.238000 0.375000 0.143800
1.313000 0.375000 0.150300
1.388000 0.375000 0.156300
1.463000 0.375000 0.161800
1.538000 0.375000 0.166700
1.613000 0.375000 0.170800
1.688000 0.375000 0.174200
1.763000 0.375000 0.176800
1.838000 0.375000 0.178500
1.913000 0.375000 0.179300
1.988000 0.375000 0.179200
2.063000 0.375000 0.178200
2.138000 0.375000 0.176500
2.213000 0.375000 0.174000
2.288000 0.375000 0.170900
2.363000 0.375000 0.167300
2.438000 0.375000 0.163300
2.513000 0.375000 0.158900
2.588000 0.375000 0.154200
2.663000 0.375000 0.149500
2.738000 0.375000 0.144600
2.813000 0.375000 0.139700
2.888000 0.375000 0.134900
2.963000 0.375000 0.130100
3.038000 0.375000 0.125500
3.113000 0.375000 0.121000
3.188000 0.375000 0.116600
3.263000 0.375000 0.112400
3.338000 0.375000 0.108500
3.413000 0.375000 0.104700
3.488000 0.375000 0.101200
3.563000 0.375000 0.097960
3.638000 0.375000 0.095120
3.713000 0.375000 0.092830
3.788000 0.375000 0.091390
3.863000 0.375000 0.000000
-0.037500 0.525000 0.000000
0.037500 0.525000 0.029970
0.112500 0.525000 0.031000
0.187500 0.525000 0.032860
0.262500 0.525000 0.035360
0.337500 0.525000 0.038340
0.412500 0.525000 0.041670
0.487500 0.525000 0.045250
0.562500 0.525000 0.049030
0.637500 0.525000 0.052920
0.712500 0.525000 0.056900
0.787500 0.525000 0.060930
0.862500 0.525000 0.064950
0.937500 0.525000 0.068950
1.012000 0.525000 0.072880
1.087000 0.525000 0.076710
1.163000 0.525000 0.080400
1.238000 0.525000 0.083930
1.313000 0.525000 0.087240
1.388000 0.525000 0.090300
1.463000 0.525000 0.093070
1.538000 0.525000 0.095510
1.613000 0.525000 0.097580
1.688000 0.525000 0.099260
1.763000 0.525000 0.100500
1.838000 0.525000 0.101300
1.913000 0.525000 0.101700
1.988000 0.525000 0.101600
2.063000 0.525000 0.101200
2.138000 0.525000 0.100300
2.213000 0.525000 0.099010
2.288000 0.525000 0.097430
2.363000 0.525000 0.095570
2.438000 0.525000 0.093480
2.513000 0.525000 0.091210
2.588000 0.525000 0.088800
2.663000 0.525000 0.086290
2.738000 0.525000 0.083720
2.813000 0.525000 0.081130
2.888000 0.525000 0.078550
2.963000 0.525000 0.076000
3.038000 0.525000 0.073510
3.113000 0.525000 0.071090
3.188000 0.525000 0.068770
3.263000 0.525000 0.066560
3.338000 0.525000 0.064470
3.413000 0.525000 0.062530
3.488000 0.525000 0.060780
3.563000 0.525000 0.059230
3.638000 0.525000 0.057950
3.713000 0.525000 0.057000
3.788000 0.525000 0.056490
3.863000 0.525000 0.000000
-0.037500 0.675000 0.000000
0.037500 0.675000 0.027030
0.112500 0.675000 0.027420
0.187500 0.675000 0.028160
0.262500 0.675000 0.029230
0.337500 0.675000 0.030570
0.412500 0.675000 0.032140
0.487500 0.675000 0.033890
0.562500 0.675000 0.035790
0.637500 0.675000 0.037790
0.712500 0.675000 0.039870
0.787500 0.675000 0.042000
0.862500 0.675000 0.044150
0.937500 0.675000 0.046300
1.012000 0.675000 0.048420
1.087000 0.675000 0.050480
1.163000 0.675000 0.052470
1.238000 0.675000 0.054360
1.313000 0.675000 0.056130
1.388000 0.675000 0.057750
1.463000 0.675000 0.059210
1.538000 0.675000 0.060490
1.613000 0.675000 0.061570
1.688000 0.675000 0.062430
1.763000 0.675000 0.063070
1.838000 0.675000 0.063480
1.913000 0.675000 0.063650
1.988000 0.675000 0.063590
2.063000 0.675000 0.063320
2.138000 0.675000 0.062830
2.213000 0.675000 0.062140
2.288000 0.675000 0.061290
2.363000 0.675000 0.060270
2.438000 0.675000 0.059130
2.513000 0.675000 0.057870
2.588000 0.675000 0.056540
2.663000 0.675000 0.055140
2.738000 0.675000 0.053690
2.813000 0.675000 0.052230
2.888000 0.675000 0.050770
2.963000 0.675000 0.049320
3.038000 0.675000 0.047910
3.113000 0.675000 0.046540
3.188000 0.675000 0.045230
3.263000 0.675000 0.044000
3.338000 0.675000 0.042860
3.413000 0.675000 0.041820
3.488000 0.675000 0.040910
3.563000 0.675000 0.040140
3.638000 0.675000 0.039530
3.713000 0.675000 0.039100
3.788000 0.675000 0.038880
3.863000 0.675000 0.000000
-0.037500 0.825000 0.000000
0.037500 0.825000 0.024220
0.112500 0.825000 0.024450
0.187500 0.825000 0.024920
0.262500 0.825000 0.025600
0.337500 0.825000 0.026480
0.412500 0.825000 0.027510
0.487500 0.825000 0.028690
0.562500 0.825000 0.029980
0.637500 0.825000 0.031360
0.712500 0.825000 0.032800
0.787500 0.825000 0.034290
0.862500 0.825000 0.035800
0.937500 0.825000 0.037310
1.012000 0.825000 0.038800
1.087000 0.825000 0.040260
1.163000 0.825000 0.041670
1.238000 0.825000 0.043000
1.313000 0.825000 0.044240
1.388000 0.825000 0.045380
1.463000 0.825000 0.046400
1.538000 0.825000 0.047290
1.613000 0.825000 0.048040
1.688000 0.825000 0.048640
1.763000 0.825000 0.049070
1.838000 0.825000 0.049350
1.913000 0.825000 0.049460
1.988000 0.825000 0.049410
2.063000 0.825000 0.049210
2.138000 0.825000 0.048850
2.213000 0.825000 0.048360
2.288000 0.825000 0.047750
2.363000 0.825000 0.047020
2.438000 0.825000 0.046200
2.513000 0.825000 0.045290
2.588000 0.825000 0.044330
2.663000 0.825000 0.043310
2.738000 0.825000 0.042270
2.813000 0.825000 0.041200
2.888000 0.825000 0.040140
2.963000 0.825000 0.039080
3.038000 0.825000 0.038050
3.113000 0.825000 0.037060
3.188000 0.825000 0.036110
3.263000 0.825000 0.035230
3.338000 0.825000 0.034420
3.413000 0.825000 0.033690
3.488000 0.825000 0.033060
3.563000 0.825000 0.032540
3.638000 0.825000 0.032130
3.713000 0.825000 0.031850
3.788000 0.825000 0.031700
3.863000 0.825000 0.000000
-0.037500 0.975000 0.000000
0.037500 0.975000 0.021150
0.112500 0.975000 0.021310
0.187500 0.975000 0.021630
0.262500 0.975000 0.022090
0.337500 0.975000 0.022690
0.412500 0.975000 0.023410
0.487500 0.975000 0.024230
0.562500 0.975000 0.025140
0.637500 0.975000 0.026110
0.712500 0.975000 0.027140
0.787500 0.975000 0.028210
0.862500 0.975000 0.029290
0.937500 0.975000 0.030380
1.012000 0.975000 0.031460
1.087000 0.975000 0.032520
1.163000 0.975000 0.033530
1.238000 0.975000 0.034500
1.313000 0.975000 0.035390
1.388000 0.975000 0.036220
1.463000 0.975000 0.036950
1.538000 0.975000 0.037590
1.613000 0.975000 0.038120
1.688000 0.975000 0.038550
1.763000 0.975000 0.038860
1.838000 0.975000 0.039050
1.913000 0.975000 0.039120
1.988000 0.975000 0.039080
2.063000 0.975000 0.038920
2.138000 0.975000 0.038660
2.213000 0.975000 0.038300
2.288000 0.975000 0.037840
2.363000 0.975000 0.037310
2.438000 0.975000 0.036700
2.513000 0.975000 0.036030
2.588000 0.975000 0.035320
2.663000 0.975000 0.034560
2.738000 0.975000 0.033790
2.813000 0.975000 0.033000
2.888000 0.975000 0.032200
2.963000 0.975000 0.031420
3.038000 0.975000 0.030660
3.113000 0.975000 0.029920
3.188000 0.975000 0.029220
3.263000 0.975000 0.028570
3.338000 0.975000 0.027980
3.413000 0.975000 0.027460
3.488000 0.975000 0.027010
3.563000 0.975000 0.026640
3.638000 0.975000 0.026360
3.713000 0.975000 0.026170
3.788000 0.975000 0.026070
3.863000 0.975000 0.000000
-0.037500 1.125000 0.000000
0.037500 1.125000 0.018320
0.112500 1.125000 0.018440
0.187500 1.125000 0.018680
0.262500 1.125000 0.019020
0.337500 1.125000 0.019460
0.412500 1.125000 0.020000
0.487500 1.125000 0.020610
0.562500 1.125000 0.021290
0.637500 1.125000 0.022030
0.712500 1.125000 0.022810
0.787500 1.125000 0.023620
0.862500 1.125000 0.024440
0.937500 1.125000 0.025280
1.012000 1.125000 0.026100
1.087000 1.125000 0.026900
1.163000 1.125000 0.027680
1.238000 1.125000 0.028420
1.313000 1.125000 0.029100
1.388000 1.125000 0.029730
1.463000 1.125000 0.030290
1.538000 1.125000 0.030770
1.613000 1.125000 0.031180
1.688000 1.125000 0.031500
1.763000 1.125000 0.031730
1.838000 1.125000 0.031870
1.913000 1.125000 0.031920
1.988000 1.125000 0.031890
2.063000 1.125000 0.031760
2.138000 1.125000 0.031560
2.213000 1.125000 0.031280
2.288000 1.125000 0.030920
2.363000 1.125000 0.030510
2.438000 1.125000 0.030040
2.513000 1.125000 0.029520
2.588000 1.125000 0.028960
2.663000 1.125000 0.028370
2.738000 1.125000 0.027770
2.813000 1.125000 0.027150
2.888000 1.125000 0.026540
2.963000 1.125000 0.025920
3.038000 1.125000 0.025330
3.113000 1.125000 0.024760
3.188000 1.125000 0.024220
3.263000 1.125000 0.023720
3.338000 1.125000 0.023260
3.413000 1.125000 0.022870
3.488000 1.125000 0.022530
3.563000 1.125000 0.022250
3.638000 1.125000 0.022040
3.713000 1.125000 0.021900
3.788000 1.125000 0.021830
3.863000 1.125000 0.000000
-0.037500 1.275000 0.000000
0.037500 1.275000 0.013510
0.112500 1.275000 0.013590
0.187500 1.275000 0.013750
0.262500 1.275000 0.013980
0.337500 1.275000 0.014280
0.412500 1.275000 0.014640
0.487500 1.275000 0.015050
0.562500 1.275000 0.015510
0.637500 1.275000 0.016010
0.712500 1.275000 0.016540
0.787500 1.275000 0.017090
0.862500 1.275000 0.017650
0.937500 1.275000 0.018220
1.012000 1.275000 0.018780
1.087000 1.275000 0.019330
1.163000 1.275000 0.019850
1.238000 1.275000 0.020360
1.313000 1.275000 0.020820
1.388000 1.275000 0.021250
1.463000 1.275000 0.021630
1.538000 1.275000 0.021960
1.613000 1.275000 0.022230
1.688000 1.275000 0.022450
1.763000 1.275000 0.022610
1.838000 1.275000 0.022700
1.913000 1.275000 0.022740
1.988000 1.275000 0.022710
2.063000 1.275000 0.022630
2.138000 1.275000 0.022480
2.213000 1.275000 0.022290
2.288000 1.275000 0.022040
2.363000 1.275000 0.021760
2.438000 1.275000 0.021430
2.513000 1.275000 0.021080
2.588000 1.275000 0.020690
2.663000 1.275000 0.020290
2.738000 1.275000 0.019870
2.813000 1.275000 0.019450
2.888000 1.275000 0.019020
2.963000 1.275000 0.018600
3.038000 1.275000 0.018190
3.113000 1.275000 0.017790
3.188000 1.275000 0.017420
3.263000 1.275000 0.017080
3.338000 1.275000 0.016770
3.413000 1.275000 0.016500
3.488000 1.275000 0.016270
3.563000 1.275000 0.016090
3.638000 1.275000 0.015950
3.713000 1.275000 0.015850
3.788000 1.275000 0.015800
3.863000 1.275000 0.000000
-0.037500 1.425000 0.000000
0.037500 1.425000 0.008706
0.112500 1.425000 0.008753
0.187500 1.425000 0.008844
0.262500 1.425000 0.008976
0.337500 1.425000 0.009148
0.412500 1.425000 0.009355
0.487500 1.425000 0.009594
0.562500 1.425000 0.009861
0.637500 1.425000 0.010150
0.712500 1.425000 0.010460
0.787500 1.425000 0.010780
0.862500 1.425000 0.011100
0.937500 1.425000 0.011430
1.012000 1.425000 0.011760
1.087000 1.425000 0.012080
1.163000 1.425000 0.012390
1.238000 1.425000 0.012690
1.313000 1.425000 0.012960
1.388000 1.425000 0.013210
1.463000 1.425000 0.013430
1.538000 1.425000 0.013620
1.613000 1.425000 0.013780
1.688000 1.425000 0.013910
1.763000 1.425000 0.014000
1.838000 1.425000 0.014050
1.913000 1.425000 0.014070
1.988000 1.425000 0.014050
2.063000 1.425000 0.014000
2.138000 1.425000 0.013920
2.213000 1.425000 0.013800
2.288000 1.425000 0.013660
2.363000 1.425000 0.013490
2.438000 1.425000 0.013290
2.513000 1.425000 0.013080
2.588000 1.425000 0.012850
2.663000 1.425000 0.012610
2.738000 1.425000 0.012370
2.813000 1.425000 0.012110
2.888000 1.425000 0.011860
2.963000 1.425000 0.011610
3.038000 1.425000 0.011370
3.113000 1.425000 0.011140
3.188000 1.425000 0.010920
3.263000 1.425000 0.010710
3.338000 1.425000 0.010530
3.413000 1.425000 0.010370
3.488000 1.425000 0.010240
3.563000 1.425000 0.010130
3.638000 1.425000 0.010050
3.713000 1.425000 0.009989
3.788000 1.425000 0.009959
3.863000 1.425000 0.000000
-0.037500 1.575000 0.000000
0.037500 1.575000 0.005543
0.112500 1.575000 0.005569
0.187500 1.575000 0.005620
0.262500 1.575000 0.005696
0.337500 1.575000 0.005794
0.412500 1.575000 0.005913
0.487500 1.575000 0.006051
0.562500 1.575000 0.006205
0.637500 1.575000 0.006372
0.712500 1.575000 0.006549
0.787500 1.575000 0.006735
0.862500 1.575000 0.006925
0.937500 1.575000 0.007116
1.012000 1.575000 0.007307
1.087000 1.575000 0.007493
1.163000 1.575000 0.007673
1.238000 1.575000 0.007843
1.313000 1.575000 0.008001
1.388000 1.575000 0.008146
1.463000 1.575000 0.008275
1.538000 1.575000 0.008387
1.613000 1.575000 0.008479
1.688000 1.575000 0.008552
1.763000 1.575000 0.008604
1.838000 1.575000 0.008635
1.913000 1.575000 0.008645
1.988000 1.575000 0.008634
2.063000 1.575000 0.008602
2.138000 1.575000 0.008552
2.213000 1.575000 0.008483
2.288000 1.575000 0.008397
2.363000 1.575000 0.008297
2.438000 1.575000 0.008183
2.513000 1.575000 0.008057
2.588000 1.575000 0.007923
2.663000 1.575000 0.007781
2.738000 1.575000 0.007635
2.813000 1.575000 0.007487
2.888000 1.575000 0.007338
2.963000 1.575000 0.007191
3.038000 1.575000 0.007048
3.113000 1.575000 0.006911
3.188000 1.575000 0.006783
3.263000 1.575000 0.006664
3.338000 1.575000 0.006558
3.413000 1.575000 0.006464
3.488000 1.575000 0.006385
3.563000 1.575000 0.006320
3.638000 1.575000 0.006271
3.713000 1.575000 0.006236
3.788000 1.575000 0.006217
3.863000 1.575000 0.000000
-0.037500 1.725000 0.000000
0.037500 1.725000 0.003480
0.112500 1.725000 0.003494
0.187500 1.725000 0.003523
0.262500 1.725000 0.003566
0.337500 1.725000 0.003622
0.412500 1.725000 0.003690
0.487500 1.725000 0.003768
0.562500 1.725000 0.003856
0.637500 1.725000 0.003952
0.712500 1.725000 0.004054
0.787500 1.725000 0.004161
0.862500 1.725000 0.004270
0.937500 1.725000 0.004380
1.012000 1.725000 0.004490
1.087000 1.725000 0.004597
1.163000 1.725000 0.004701
1.238000 1.725000 0.004799
1.313000 1.725000 0.004890
1.388000 1.725000 0.004973
1.463000 1.725000 0.005047
1.538000 1.725000 0.005111
1.613000 1.725000 0.005165
1.688000 1.725000 0.005206
1.763000 1.725000 0.005236
1.838000 1.725000 0.005253
1.913000 1.725000 0.005258
1.988000 1.725000 0.005251
2.063000 1.725000 0.005233
2.138000 1.725000 0.005203
2.213000 1.725000 0.005162
2.288000 1.725000 0.005112
2.363000 1.725000 0.005053
2.438000 1.725000 0.004986
2.513000 1.725000 0.004913
2.588000 1.725000 0.004835
2.663000 1.725000 0.004752
2.738000 1.725000 0.004667
2.813000 1.725000 0.004580
2.888000 1.725000 0.004493
2.963000 1.725000 0.004407
3.038000 1.725000 0.004324
3.113000 1.725000 0.004245
3.188000 1.725000 0.004170
3.263000 1.725000 0.004101
3.338000 1.725000 0.004039
3.413000 1.725000 0.003985
3.488000 1.725000 0.003938
3.563000 1.725000 0.003900
3.638000 1.725000 0.003870
3.713000 1.725000 0.003849
3.788000 1.725000 0.003837
3.863000 1.725000 0.000000
-0.037500 1.875000 0.000000
0.037500 1.875000 0.002141
0.112500 1.875000 0.002149
0.187500 1.875000 0.002165
0.262500 1.875000 0.002189
0.337500 1.875000 0.002221
0.412500 1.875000 0.002259
0.487500 1.875000 0.002303
0.562500 1.875000 0.002353
0.637500 1.875000 0.002407
0.712500 1.875000 0.002464
0.787500 1.875000 0.002525
0.862500 1.875000 0.002587
0.937500 1.875000 0.002649
1.012000 1.875000 0.002711
1.087000 1.875000 0.002772
1.163000 1.875000 0.002831
1.238000 1.875000 0.002886
1.313000 1.875000 0.002938
1.388000 1.875000 0.002985
1.463000 1.875000 0.003027
1.538000 1.875000 0.003064
1.613000 1.875000 0.003094
1.688000 1.875000 0.003117
1.763000 1.875000 0.003134
1.838000 1.875000 0.003143
1.913000 1.875000 0.003146
1.988000 1.875000 0.003142
2.063000 1.875000 0.003131
2.138000 1.875000 0.003113
2.213000 1.875000 0.003090
2.288000 1.875000 0.003061
2.363000 1.875000 0.003027
2.438000 1.875000 0.002989
2.513000 1.875000 0.002946
2.588000 1.875000 0.002901
2.663000 1.875000 0.002854
2.738000 1.875000 0.002805
2.813000 1.875000 0.002755
2.888000 1.875000 0.002705
2.963000 1.875000 0.002656
3.038000 1.875000 0.002608
3.113000 1.875000 0.002563
3.188000 1.875000 0.002520
3.263000 1.875000 0.002481
3.338000 1.875000 0.002445
3.413000 1.875000 0.002414
3.488000 1.875000 0.002387
3.563000 1.875000 0.002365
3.638000 1.875000 0.002348
3.713000 1.875000 0.002335
3.788000 1.875000 0.002328
3.863000 1.875000 0.000000
-0.037500 2.025000 0.000000
0.037500 2.025000 0.001273
0.112500 2.025000 0.001277
0.187500 2.025000 0.001286
0.262500 2.025000 0.001299
0.337500 2.025000 0.001316
0.412500 2.025000 0.001336
0.487500 2.025000 0.001360
0.562500 2.025000 0.001387
0.637500 2.025000 0.001417
0.712500 2.025000 0.001448
0.787500 2.025000 0.001481
0.862500 2.025000 0.001515
0.937500 2.025000 0.001549
1.012000 2.025000 0.001583
1.087000 2.025000 0.001616
1.163000 2.025000 0.001648
1.238000 2.025000 0.001678
1.313000 2.025000 0.001706
1.388000 2.025000 0.001732
1.463000 2.025000 0.001755
1.538000 2.025000 0.001775
1.613000 2.025000 0.001791
1.688000 2.025000 0.001804
1.763000 2.025000 0.001813
1.838000 2.025000 0.001818
1.913000 2.025000 0.001819
1.988000 2.025000 0.001817
2.063000 2.025000 0.001810
2.138000 2.025000 0.001801
2.213000 2.025000 0.001788
2.288000 2.025000 0.001772
2.363000 2.025000 0.001753
2.438000 2.025000 0.001731
2.513000 2.025000 0.001708
2.588000 2.025000 0.001683
2.663000 2.025000 0.001657
2.738000 2.025000 0.001630
2.813000 2.025000 0.001602
2.888000 2.025000 0.001575
2.963000 2.025000 0.001548
3.038000 2.025000 0.001521
3.113000 2.025000 0.001496
3.188000 2.025000 0.001473
3.263000 2.025000 0.001451
3.338000 2.025000 0.001432
3.413000 2.025000 0.001414
3.488000 2.025000 0.001400
3.563000 2.025000 0.001387
3.638000 2.025000 0.001378
3.713000 2.025000 0.001371
3.788000 2.025000 0.001366
3.863000 2.025000 0.000000
-0.037500 2.175000 0.000000
0.037500 2.175000 0.000699
0.112500 2.175000 0.000701
0.187500 2.175000 0.000705
0.262500 2.175000 0.000711
0.337500 2.175000 0.000719
0.412500 2.175000 0.000729
0.487500 2.175000 0.000741
0.562500 2.175000 0.000754
0.637500 2.175000 0.000768
0.712500 2.175000 0.000783
0.787500 2.175000 0.000799
0.862500 2.175000 0.000815
0.937500 2.175000 0.000832
1.012000 2.175000 0.000848
1.087000 2.175000 0.000864
1.163000 2.175000 0.000880
1.238000 2.175000 0.000894
1.313000 2.175000 0.000908
1.388000 2.175000 0.000920
1.463000 2.175000 0.000931
1.538000 2.175000 0.000941
1.613000 2.175000 0.000949
1.688000 2.175000 0.000955
1.763000 2.175000 0.000959
1.838000 2.175000 0.000961
1.913000 2.175000 0.000962
1.988000 2.175000 0.000960
2.063000 2.175000 0.000957
2.138000 2.175000 0.000952
2.213000 2.175000 0.000946
2.288000 2.175000 0.000938
2.363000 2.175000 0.000929
2.438000 2.175000 0.000918
2.513000 2.175000 0.000906
2.588000 2.175000 0.000894
2.663000 2.175000 0.000881
2.738000 2.175000 0.000868
2.813000 2.175000 0.000854
2.888000 2.175000 0.000841
2.963000 2.175000 0.000827
3.038000 2.175000 0.000814
3.113000 2.175000 0.000802
3.188000 2.175000 0.000791
3.263000 2.175000 0.000780
3.338000 2.175000 0.000770
3.413000 2.175000 0.000762
3.488000 2.175000 0.000755
3.563000 2.175000 0.000749
3.638000 2.175000 0.000744
3.713000 2.175000 0.000741
3.788000 2.175000 0.000739
3.863000 2.175000 0.000000
-0.037500 2.325000 0.000000
0.037500 2.325000 0.000431
0.112500 2.325000 0.000432
0.187500 2.325000 0.000434
0.262500 2.325000 0.000437
0.337500 2.325000 0.000441
0.412500 2.325000 0.000446
0.487500 2.325000 0.000452
0.562500 2.325000 0.000458
0.637500 2.325000 0.000465
0.712500 2.325000 0.000473
0.787500 2.325000 0.000481
0.862500 2.325000 0.000489
0.937500 2.325000 0.000497
1.012000 2.325000 0.000506
1.087000 2.325000 0.000514
1.163000 2.325000 0.000522
1.238000 2.325000 0.000529
1.313000 2.325000 0.000536
1.388000 2.325000 0.000542
1.463000 2.325000 0.000547
1.538000 2.325000 0.000552
1.613000 2.325000 0.000556
1.688000 2.325000 0.000559
1.763000 2.325000 0.000561
1.838000 2.325000 0.000562
1.913000 2.325000 0.000562
1.988000 2.325000 0.000561
2.063000 2.325000 0.000560
2.138000 2.325000 0.000557
2.213000 2.325000 0.000554
2.288000 2.325000 0.000549
2.363000 2.325000 0.000544
2.438000 2.325000 0.000539
2.513000 2.325000 0.000533
2.588000 2.325000 0.000526
2.663000 2.325000 0.000519
2.738000 2.325000 0.000513
2.813000 2.325000 0.000506
2.888000 2.325000 0.000498
2.963000 2.325000 0.000492
3.038000 2.325000 0.000485
3.113000 2.325000 0.000478
3.188000 2.325000 0.000472
3.263000 2.325000 0.000467
3.338000 2.325000 0.000462
3.413000 2.325000 0.000458
3.488000 2.325000 0.000454
3.563000 2.325000 0.000451
3.638000 2.325000 0.000449
3.713000 2.325000 0.000447
3.788000 2.325000 0.000446
3.863000 2.325000 0.000000
-0.037500 2.475000 0.000000
0.037500 2.475000 0.000329
0.112500 2.475000 0.000329
0.187500 2.475000 0.000331
0.262500 2.475000 0.000333
0.337500 2.475000 0.000336
0.412500 2.475000 0.000339
0.487500 2.475000 0.000343
0.562500 2.475000 0.000347
0.637500 2.475000 0.000352
0.712500 2.475000 0.000357
0.787500 2.475000 0.000363
0.862500 2.475000 0.000368
0.937500 2.475000 0.000374
1.012000 2.475000 0.000380
1.087000 2.475000 0.000385
1.163000 2.475000 0.000390
1.238000 2.475000 0.000395
1.313000 2.475000 0.000400
1.388000 2.475000 0.000404
1.463000 2.475000 0.000408
1.538000 2.475000 0.000411
1.613000 2.475000 0.000414
1.688000 2.475000 0.000416
1.763000 2.475000 0.000417
1.838000 2.475000 0.000418
1.913000 2.475000 0.000418
1.988000 2.475000 0.000417
2.063000 2.475000 0.000416
2.138000 2.475000 0.000414
2.213000 2.475000 0.000411
2.288000 2.475000 0.000408
2.363000 2.475000 0.000405
2.438000 2.475000 0.000401
2.513000 2.475000 0.000397
2.588000 2.475000 0.000393
2.663000 2.475000 0.000388
2.738000 2.475000 0.000383
2.813000 2.475000 0.000378
2.888000 2.475000 0.000373
2.963000 2.475000 0.000369
3.038000 2.475000 0.000364
3.113000 2.475000 0.000360
3.188000 2.475000 0.000356
3.263000 2.475000 0.000352
3.338000 2.475000 0.000348
3.413000 2.475000 0.000346
3.488000 2.475000 0.000343
3.563000 2.475000 0.000341
3.638000 2.475000 0.000340
3.713000 2.475000 0.000339
3.788000 2.475000 0.000338
3.863000 2.475000 0.000000
-0.037500 2.625000 0.000000
0.037500 2.625000 0.000254
0.112500 2.625000 0.000254
0.187500 2.625000 0.000255
0.262500 2.625000 0.000257
0.337500 2.625000 0.000259
0.412500 2.625000 0.000261
0.487500 2.625000 0.000264
0.562500 2.625000 0.000267
0.637500 2.625000 0.000270
0.712500 2.625000 0.000274
0.787500 2.625000 0.000278
0.862500 2.625000 0.000282
0.937500 2.625000 0.000286
1.012000 2.625000 0.000289
1.087000 2.625000 0.000293
1.163000 2.625000 0.000297
1.238000 2.625000 0.000300
1.313000 2.625000 0.000304
1.388000 2.625000 0.000307
1.463000 2.625000 0.000309
1.538000 2.625000 0.000311
1.613000 2.625000 0.000313
1.688000 2.625000 0.000315
1.763000 2.625000 0.000315
1.838000 2.625000 0.000316
1.913000 2.625000 0.000316
1.988000 2.625000 0.000315
2.063000 2.625000 0.000314
2.138000 2.625000 0.000313
2.213000 2.625000 0.000311
2.288000 2.625000 0.000309
2.363000 2.625000 0.000307
2.438000 2.625000 0.000304
2.513000 2.625000 0.000301
2.588000 2.625000 0.000298
2.663000 2.625000 0.000295
2.738000 2.625000 0.000291
2.813000 2.625000 0.000288
2.888000 2.625000 0.000284
2.963000 2.625000 0.000281
3.038000 2.625000 0.000278
3.113000 2.625000 0.000275
3.188000 2.625000 0.000272
3.263000 2.625000 0.000269
3.338000 2.625000 0.000267
3.413000 2.625000 0.000265
3.488000 2.625000 0.000263
3.563000 2.625000 0.000262
3.638000 2.625000 0.000261
3.713000 2.625000 0.000260
3.788000 2.625000 0.000260
3.863000 2.625000 0.000000
-0.037500 2.775000 0.000000
0.037500 2.775000 0.000201
0.112500 2.775000 0.000202
0.187500 2.775000 0.000203
0.262500 2.775000 0.000204
0.337500 2.775000 0.000205
0.412500 2.775000 0.000207
0.487500 2.775000 0.000209
0.562500 2.775000 0.000211
0.637500 2.775000 0.000214
0.712500 2.775000 0.000217
0.787500 2.775000 0.000219
0.862500 2.775000 0.000222
0.937500 2.775000 0.000225
1.012000 2.775000 0.000228
1.087000 2.775000 0.000231
1.163000 2.775000 0.000234
1.238000 2.775000 0.000236
1.313000 2.775000 0.000238
1.388000 2.775000 0.000241
1.463000 2.775000 0.000243
1.538000 2.775000 0.000244
1.613000 2.775000 0.000246
1.688000 2.775000 0.000247
1.763000 2.775000 0.000247
1.838000 2.775000 0.000247
1.913000 2.775000 0.000247
1.988000 2.775000 0.000247
2.063000 2.775000 0.000246
2.138000 2.775000 0.000245
2.213000 2.775000 0.000244
2.288000 2.775000 0.000242
2.363000 2.775000 0.000241
2.438000 2.775000 0.000239
2.513000 2.775000 0.000236
2.588000 2.775000 0.000234
2.663000 2.775000 0.000232
2.738000 2.775000 0.000229
2.813000 2.775000 0.000226
2.888000 2.775000 0.000224
2.963000 2.775000 0.000221
3.038000 2.775000 0.000219
3.113000 2.775000 0.000217
3.188000 2.775000 0.000215
3.263000 2.775000 0.000213
3.338000 2.775000 0.000211
3.413000 2.775000 0.000210
3.488000 2.775000 0.000208
3.563000 2.775000 0.000207
3.638000 2.775000 0.000207
3.713000 2.775000 0.000207
3.788000 2.775000 0.000206
3.863000 2.775000 0.000000
-0.037500 2.925000 0.000000
0.037500 2.925000 0.000134
0.112500 2.925000 0.000135
0.187500 2.925000 0.000135
0.262500 2.925000 0.000136
0.337500 2.925000 0.000137
0.412500 2.925000 0.000138
0.487500 2.925000 0.000140
0.562500 2.925000 0.000141
0.637500 2.925000 0.000143
0.712500 2.925000 0.000144
0.787500 2.925000 0.000146
0.862500 2.925000 0.000148
0.937500 2.925000 0.000150
1.012000 2.925000 0.000152
1.087000 2.925000 0.000154
1.163000 2.925000 0.000156
1.238000 2.925000 0.000157
1.313000 2.925000 0.000159
1.388000 2.925000 0.000160
1.463000 2.925000 0.000161
1.538000 2.925000 0.000162
1.613000 2.925000 0.000163
1.688000 2.925000 0.000164
1.763000 2.925000 0.000164
1.838000 2.925000 0.000165
1.913000 2.925000 0.000165
1.988000 2.925000 0.000164
2.063000 2.925000 0.000164
2.138000 2.925000 0.000163
2.213000 2.925000 0.000162
2.288000 2.925000 0.000161
2.363000 2.925000 0.000160
2.438000 2.925000 0.000159
2.513000 2.925000 0.000157
2.588000 2.925000 0.000156
2.663000 2.925000 0.000154
2.738000 2.925000 0.000153
2.813000 2.925000 0.000151
2.888000 2.925000 0.000149
2.963000 2.925000 0.000148
3.038000 2.925000 0.000146
3.113000 2.925000 0.000145
3.188000 2.925000 0.000143
3.263000 2.925000 0.000142
3.338000 2.925000 0.000141
3.413000 2.925000 0.000140
3.488000 2.925000 0.000139
3.563000 2.925000 0.000139
3.638000 2.925000 0.000139
3.713000 2.925000 0.000138
3.788000 2.925000 0.000138
3.863000 2.925000 0.000000
-0.037500 3.075000 0.000000
0.037500 3.075000 0.000076
0.112500 3.075000 0.000077
0.187500 3.075000 0.000077
0.262500 3.075000 0.000077
0.337500 3.075000 0.000078
0.412500 3.075000 0.000078
0.487500 3.075000 0.000079
0.562500 3.075000 0.000080
0.637500 3.075000 0.000081
0.712500 3.075000 0.000082
0.787500 3.075000 0.000083
0.862500 3.075000 0.000084
0.937500 3.075000 0.000085
1.012000 3.075000 0.000086
1.087000 3.075000 0.000087
1.163000 3.075000 0.000088
1.238000 3.075000 0.000089
1.313000 3.075000 0.000090
1.388000 3.075000 0.000090
1.463000 3.075000 0.000091
1.538000 3.075000 0.000092
1.613000 3.075000 0.000092
1.688000 3.075000 0.000093
1.763000 3.075000 0.000093
1.838000 3.075000 0.000093
1.913000 3.075000 0.000093
1.988000 3.075000 0.000093
2.063000 3.075000 0.000093
2.138000 3.075000 0.000092
2.213000 3.075000 0.000092
2.288000 3.075000 0.000091
2.363000 3.075000 0.000091
2.438000 3.075000 0.000090
2.513000 3.075000 0.000089
2.588000 3.075000 0.000088
2.663000 3.075000 0.000087
2.738000 3.075000 0.000086
2.813000 3.075000 0.000086
2.888000 3.075000 0.000085
2.963000 3.075000 0.000084
3.038000 3.075000 0.000083
3.113000 3.075000 0.000082
3.188000 3.075000 0.000081
3.263000 3.075000 0.000081
3.338000 3.075000 0.000080
3.413000 3.075000 0.000080
3.488000 3.075000 0.000079
3.563000 3.075000 0.000079
3.638000 3.075000 0.000079
3.713000 3.075000 0.000079
3.788000 3.075000 0.000079
3.863000 3.075000 0.000000
-0.037500 3.225000 0.000000
0.037500 3.225000 0.000043
0.112500 3.225000 0.000043
0.187500 3.225000 0.000043
0.262500 3.225000 0.000043
0.337500 3.225000 0.000044
0.412500 3.225000 0.000044
0.487500 3.225000 0.000044
0.562500 3.225000 0.000045
0.637500 3.225000 0.000045
0.712500 3.225000 0.000046
0.787500 3.225000 0.000046
0.862500 3.225000 0.000047
0.937500 3.225000 0.000048
1.012000 3.225000 0.000048
1.087000 3.225000 0.000049
1.163000 3.225000 0.000049
1.238000 3.225000 0.000050
1.313000 3.225000 0.000050
1.388000 3.225000 0.000051
1.463000 3.225000 0.000051
1.538000 3.225000 0.000051
1.613000 3.225000 0.000052
1.688000 3.225000 0.000052
1.763000 3.225000 0.000052
1.838000 3.225000 0.000052
1.913000 3.225000 0.000052
1.988000 3.225000 0.000052
2.063000 3.225000 0.000052
2.138000 3.225000 0.000052
2.213000 3.225000 0.000051
2.288000 3.225000 0.000051
2.363000 3.225000 0.000051
2.438000 3.225000 0.000050
2.513000 3.225000 0.000050
2.588000 3.225000 0.000049
2.663000 3.225000 0.000049
2.738000 3.225000 0.000048
2.813000 3.225000 0.000048
2.888000 3.225000 0.000047
2.963000 3.225000 0.000047
3.038000 3.225000 0.000047
3.113000 3.225000 0.000046
3.188000 3.225000 0.000046
3.263000 3.225000 0.000045
3.338000 3.225000 0.000045
3.413000 3.225000 0.000045
3.488000 3.225000 0.000045
3.563000 3.225000 0.000045
3.638000 3.225000 0.000044
3.713000 3.225000 0.000044
3.788000 3.225000 0.000044
3.863000 3.225000 0.000000
-0.037500 3.375000 0.000000
0.037500 3.375000 0.000024
0.112500 3.375000 0.000024
0.187500 3.375000 0.000024
0.262500 3.375000 0.000024
0.337500 3.375000 0.000024
0.412500 3.375000 0.000024
0.487500 3.375000 0.000025
0.562500 3.375000 0.000025
0.637500 3.375000 0.000025
0.712500 3.375000 0.000025
0.787500 3.375000 0.000026
0.862500 3.375000 0.000026
0.937500 3.375000 0.000026
1.012000 3.375000 0.000027
1.087000 3.375000 0.000027
1.163000 3.375000 0.000027
1.238000 3.375000 0.000028
1.313000 3.375000 0.000028
1.388000 3.375000 0.000028
1.463000 3.375000 0.000028
1.538000 3.375000 0.000028
1.613000 3.375000 0.000029
1.688000 3.375000 0.000029
1.763000 3.375000 0.000029
1.838000 3.375000 0.000029
1.913000 3.375000 0.000029
1.988000 3.375000 0.000029
2.063000 3.375000 0.000029
2.138000 3.375000 0.000029
2.213000 3.375000 0.000028
2.288000 3.375000 0.000028
2.363000 3.375000 0.000028
2.438000 3.375000 0.000028
2.513000 3.375000 0.000028
2.588000 3.375000 0.000027
2.663000 3.375000 0.000027
2.738000 3.375000 0.000027
2.813000 3.375000 0.000027
2.888000 3.375000 0.000026
2.963000 3.375000 0.000026
3.038000 3.375000 0.000026
3.113000 3.375000 0.000026
3.188000 3.375000 0.000025
3.263000 3.375000 0.000025
3.338000 3.375000 0.000025
3.413000 3.375000 0.000025
3.488000 3.375000 0.000025
3.563000 3.375000 0.000025
3.638000 3.375000 0.000025
3.713000 3.375000 0.000025
3.788000 3.375000 0.000025
3.863000 3.375000 0.000000
-0.037500 3.525000 0.000000
0.037500 3.525000 0.000013
0.112500 3.525000 0.000013
0.187500 3.525000 0.000013
0.262500 3.525000 0.000013
0.337500 3.525000 0.000013
0.412500 3.525000 0.000013
0.487500 3.525000 0.000014
0.562500 3.525000 0.000014
0.637500 3.525000 0.000014
0.712500 3.525000 0.000014
0.787500 3.525000 0.000014
0.862500 3.525000 0.000014
0.937500 3.525000 0.000014
1.012000 3.525000 0.000015
1.087000 3.525000 0.000015
1.163000 3.525000 0.000015
1.238000 3.525000 0.000015
1.313000 3.525000 0.000015
1.388000 3.525000 0.000015
1.463000 3.525000 0.000015
1.538000 3.525000 0.000015
1.613000 3.525000 0.000016
1.688000 3.525000 0.000016
1.763000 3.525000 0.000016
1.838000 3.525000 0.000016
1.913000 3.525000 0.000016
1.988000 3.525000 0.000016
2.063000 3.525000 0.000016
2.138000 3.525000 0.000016
2.213000 3.525000 0.000016
2.288000 3.525000 0.000015
2.363000 3.525000 0.000015
2.438000 3.525000 0.000015
2.513000 3.525000 0.000015
2.588000 3.525000 0.000015
2.663000 3.525000 0.000015
2.738000 3.525000 0.000015
2.813000 3.525000 0.000015
2.888000 3.525000 0.000014
2.963000 3.525000 0.000014
3.038000 3.525000 0.000014
3.113000 3.525000 0.000014
3.188000 3.525000 0.000014
3.263000 3.525000 0.000014
3.338000 3.525000 0.000014
3.413000 3.525000 0.000014
3.488000 3.525000 0.000014
3.563000 3.525000 0.000014
3.638000 3.525000 0.000014
3.713000 3.525000 0.000014
3.788000 3.525000 0.000014
3.863000 3.525000 0.000000
-0.037500 3.675000 0.000000
0.037500 3.675000 0.000007
0.112500 3.675000 0.000007
0.187500 3.675000 0.000007
0.262500 3.675000 0.000007
0.337500 3.675000 0.000007
0.412500 3.675000 0.000007
0.487500 3.675000 0.000007
0.562500 3.675000 0.000007
0.637500 3.675000 0.000007
0.712500 3.675000 0.000008
0.787500 3.675000 0.000008
0.862500 3.675000 0.000008
0.937500 3.675000 0.000008
1.012000 3.675000 0.000008
1.087000 3.675000 0.000008
1.163000 3.675000 0.000008
1.238000 3.675000 0.000008
1.313000 3.675000 0.000008
1.388000 3.675000 0.000008
1.463000 3.675000 0.000008
1.538000 3.675000 0.000008
1.613000 3.675000 0.000008
1.688000 3.675000 0.000008
1.763000 3.675000 0.000008
1.838000 3.675000 0.000008
1.913000 3.675000 0.000008
1.988000 3.675000 0.000008
2.063000 3.675000 0.000008
2.138000 3.675000 0.000008
2.213000 3.675000 0.000008
2.288000 3.675000 0.000008
2.363000 3.675000 0.000008
2.438000 3.675000 0.000008
2.513000 3.675000 0.000008
2.588000 3.675000 0.000008
2.663000 3.675000 0.000008
2.738000 3.675000 0.000008
2.813000 3.675000 0.000008
2.888000 3.675000 0.000008
2.963000 3.675000 0.000008
3.038000 3.675000 0.000008
3.113000 3.675000 0.000008
3.188000 3.675000 0.000008
3.263000 3.675000 0.000008
3.338000 3.675000 0.000007
3.413000 3.675000 0.000007
3.488000 3.675000 0.000007
3.563000 3.675000 0.000007
3.638000 3.675000 0.000007
3.713000 3.675000 0.000007
3.788000 3.675000 0.000007
3.863000 3.675000 0.000000
-0.037500 3.825000 0.000000
0.037500 3.825000 0.000004
0.112500 3.825000 0.000004
0.187500 3.825000 0.000004
0.262500 3.825000 0.000004
0.337500 3.825000 0.000004
0.412500 3.825000 0.000004
0.487500 3.825000 0.000004
0.562500 3.825000 0.000004
0.637500 3.825000 0.000004
0.712500 3.825000 0.000004
0.787500 3.825000 0.000004
0.862500 3.825000 0.000004
0.937500 3.825000 0.000004
1.012000 3.825000 0.000004
1.087000 3.825000 0.000004
1.163000 3.825000 0.000004
1.238000 3.825000 0.000004
1.313000 3.825000 0.000004
1.388000 3.825000 0.000004
1.463000 3.825000 0.000004
1.538000 3.825000 0.000004
1.613000 3.825000 0.000004
1.688000 3.825000 0.000004
1.763000 3.825000 0.000005
1.838000 3.825000 0.000005
1.913000 3.825000 0.000005
1.988000 3.825000 0.000005
2.063000 3.825000 0.000005
2.138000 3.825000 0.000004
2.213000 3.825000 0.000004
2.288000 3.825000 0.000004
2.363000 3.825000 0.000004
2.438000 3.825000 0.000004
2.513000 3.825000 0.000004
2.588000 3.825000 0.000004
2.663000 3.825000 0.000004
2.738000 3.825000 0.000004
2.813000 3.825000 0.000004
2.888000 3.825000 0.000004
2.963000 3.825000 0.000004
3.038000 3.825000 0.000004
3.113000 3.825000 0.000004
3.188000 3.825000 0.000004
3.263000 3.825000 0.000004
3.338000 3.825000 0.000004
3.413000 3.825000 0.000004
3.488000 3.825000 0.000004
3.563000 3.825000 0.000004
3.638000 3.825000 0.000004
3.713000 3.825000 0.000004
3.788000 3.825000 0.000004
3.863000 3.825000 0.000000
-0.037500 3.975000 0.000000
0.037500 3.975000 0.000002
0.112500 3.975000 0.000002
0.187500 3.975000 0.000002
0.262500 3.975000 0.000002
0.337500 3.975000 0.000002
0.412500 3.975000 0.000002
0.487500 3.975000 0.000002
0.562500 3.975000 0.000002
0.637500 3.975000 0.000002
0.712500 3.975000 0.000002
0.787500 3.975000 0.000002
0.862500 3.975000 0.000002
0.937500 3.975000 0.000002
1.012000 3.975000 0.000002
1.087000 3.975000 0.000002
1.163000 3.975000 0.000002
1.238000 3.975000 0.000002
1.313000 3.975000 0.000002
1.388000 3.975000 0.000002
1.463000 3.975000 0.000002
1.538000 3.975000 0.000002
1.613000 3.975000 0.000002
1.688000 3.975000 0.000002
1.763000 3.975000 0.000002
1.838000 3.975000 0.000002
1.913000 3.975000 0.000002
1.988000 3.975000 0.000002
2.063000 3.975000 0.000002
2.138000 3.975000 0.000002
2.213000 3.975000 0.000002
2.288000 3.975000 0.000002
2.363000 3.975000 0.000002
2.438000 3.975000 0.000002
2.513000 3.975000 0.000002
2.588000 3.975000 0.000002
2.663000 3.975000 0.000002
2.738000 3.975000 0.000002
2.813000 3.975000 0.000002
2.888000 3.975000 0.000002
2.963000 3.975000 0.000002
3.038000 3.975000 0.000002
3.113000 3.975000 0.000002
3.188000 3.975000 0.000002
3.263000 3.975000 0.000002
3.338000 3.975000 0.000002
3.413000 3.975000 0.000002
3.488000 3.975000 0.000002
3.563000 3.975000 0.000002
3.638000 3.975000 0.000002
3.713000 3.975000 0.000002
3.788000 3.975000 0.000002
3.863000 3.975000 0.000000
-0.037500 4.125000 0.000000
0.037500 4.125000 0.000001
0.112500 4.125000 0.000001
0.187500 4.125000 0.000001
0.262500 4.125000 0.000001
0.337500 4.125000 0.000001
0.412500 4.125000 0.000001
0.487500 4.125000 0.000001
0.562500 4.125000 0.000001
0.637500 4.125000 0.000001
0.712500 4.125000 0.000001
0.787500 4.125000 0.000001
0.862500 4.125000 0.000001
0.937500 4.125000 0.000001
1.012000 4.125000 0.000001
1.087000 4.125000 0.000001
1.163000 4.125000 0.000001
1.238000 4.125000 0.000001
1.313000 4.125000 0.000001
1.388000 4.125000 0.000001
1.463000 4.125000 0.000001
1.538000 4.125000 0.000001
1.613000 4.125000 0.000001
1.688000 4.125000 0.000001
1.763000 4.125000 0.000001
1.838000 4.125000 0.000001
1.913000 4.125000 0.000001
1.988000 4.125000 0.000001
2.063000 4.125000 0.000001
2.138000 4.125000 0.000001
2.213000 4.125000 0.000001
2.288000 4.125000 0.000001
2.363000 4.125000 0.000001
2.438000 4.125000 0.000001
2.513000 4.125000 0.000001
2.588000 4.125000 0.000001
2.663000 4.125000 0.000001
2.738000 4.125000 0.000001
2.813000 4.125000 0.000001
2.888000 4.125000 0.000001
2.963000 4.125000 0.000001
3.038000 4.125000 0.000001
3.113000 4.125000 0.000001
3.188000 4.125000 0.000001
3.263000 4.125000 0.000001
3.338000 4.125000 0.000001
3.413000 4.125000 0.000001
3.488000 4.125000 0.000001
3.563000 4.125000 0.000001
3.638000 4.125000 0.000001
3.713000 4.125000 0.000001
3.788000 4.125000 0.000001
3.863000 4.125000 0.000000
-0.037500 4.275000 0.000000
0.037500 4.275000 0.000001
0.112500 4.275000 0.000001
0.187500 4.275000 0.000001
0.262500 4.275000 0.000001
0.337500 4.275000 0.000001
0.412500 4.275000 0.000001
0.487500 4.275000 0.000001
0.562500 4.275000 0.000001
0.637500 4.275000 0.000001
0.712500 4.275000 0.000001
0.787500 4.275000 0.000001
0.862500 4.275000 0.000001
0.937500 4.275000 0.000001
1.012000 4.275000 0.000001
1.087000 4.275000 0.000001
1.163000 4.275000 0.000001
1.238000 4.275000 0.000001
1.313000 4.275000 0.000001
1.388000 4.275000 0.000001
1.463000 4.275000 0.000001
1.538000 4.275000 0.000001
1.613000 4.275000 0.000001
1.688000 4.275000 0.000001
1.763000 4.275000 0.000001
1.838000 4.275000 0.000001
1.913000 4.275000 0.000001
1.988000 4.275000 0.000001
2.063000 4.275000 0.000001
2.138000 4.275000 0.000001
2.213000 4.275000 0.000001
2.288000 4.275000 0.000001
2.363000 4.275000 0.000001
2.438000 4.275000 0.000001
2.513000 4.275000 0.000001
2.588000 4.275000 0.000001
2.663000 4.275000 0.000001
2.738000 4.275000 0.000001
2.813000 4.275000 0.000001
2.888000 4.275000 0.000001
2.963000 4.275000 0.000001
3.038000 4.275000 0.000001
3.113000 4.275000 0.000001
3.188000 4.275000 0.000001
3.263000 4.275000 0.000001
3.338000 4.275000 0.000001
3.413000 4.275000 0.000001
3.488000 4.275000 0.000001
3.563000 4.275000 0.000001
3.638000 4.275000 0.000001
3.713000 4.275000 0.000001
3.788000 4.275000 0.000001
3.863000 4.275000 0.000000
-0.037500 4.425000 0.000000
0.037500 4.425000 0.000000
0.112500 4.425000 0.000000
0.187500 4.425000 0.000000
0.262500 4.425000 0.000000
0.337500 4.425000 0.000000
0.412500 4.425000 0.000000
0.487500 4.425000 0.000000
0.562500 4.425000 0.000000
0.637500 4.425000 0.000000
0.712500 4.425000 0.000000
0.787500 4.425000 0.000000
0.862500 4.425000 0.000000
0.937500 4.425000 0.000000
1.012000 4.425000 0.000000
1.087000 4.425000 0.000000
1.163000 4.425000 0.000000
1.238000 4.425000 0.000000
1.313000 4.425000 0.000000
1.388000 4.425000 0.000000
1.463000 4.425000 0.000000
1.538000 4.425000 0.000000
1.613000 4.425000 0.000000
1.688000 4.425000 0.000000
1.763000 4.425000 0.000000
1.838000 4.425000 0.000000
1.913000 4.425000 0.000000
1.988000 4.425000 0.000000
2.063000 4.425000 0.000000
2.138000 4.425000 0.000000
2.213000 4.425000 0.000000
2.288000 4.425000 0.000000
2.363000 4.425000 0.000000
2.438000 4.425000 0.000000
2.513000 4.425000 0.000000
2.588000 4.425000 0.000000
2.663000 4.425000 0.000000
2.738000 4.425000 0.000000
2.813000 4.425000 0.000000
2.888000 4.425000 0.000000
2.963000 4.425000 0.000000
3.038000 4.425000 0.000000
3.113000 4.425000 0.000000
3.188000 4.425000 0.000000
3.263000 4.425000 0.000000
3.338000 4.425000 0.000000
3.413000 4.425000 0.000000
3.488000 4.425000 0.000000
3.563000 4.425000 0.000000
3.638000 4.425000 0.000000
3.713000 4.425000 0.000000
3.788000 4.425000 0.000000
3.863000 4.425000 0.000000
-0.037500 4.575000 0.000000
0.037500 4.575000 0.000000
0.112500 4.575000 0.000000
0.187500 4.575000 0.000000
0.262500 4.575000 0.000000
0.337500 4.575000 0.000000
0.412500 4.575000 0.000000
0.487500 4.575000 0.000000
0.562500 4.575000 0.000000
0.637500 4.575000 0.000000
0.712500 4.575000 0.000000
0.787500 4.575000 0.000000
0.862500 4.575000 0.000000
0.937500 4.575000 0.000000
1.012000 4.575000 0.000000
1.087000 4.575000 0.000000
1.163000 4.575000 0.000000
1.238000 4.575000 0.000000
1.313000 4.575000 0.000000
1.388000 4.575000 0.000000
1.463000 4.575000 0.000000
1.538000 4.575000 0.000000
1.613000 4.575000 0.000000
1.688000 4.575000 0.000000
1.763000 4.575000 0.000000
1.838000 4.575000 0.000000
1.913000 4.575000 0.000000
1.988000 4.575000 0.000000
2.063000 4.575000 0.000000
2.138000 4.575000 0.000000
2.213000 4.575000 0.000000
2.288000 4.575000 0.000000
2.363000 4.575000 0.000000
2.438000 4.575000 0.000000
2.513000 4.575000 0.000000
2.588000 4.575000 0.000000
2.663000 4.575000 0.000000
2.738000 4.575000 0.000000
2.813000 4.575000 0.000000
2.888000 4.575000 0.000000
2.963000 4.575000 0.000000
3.038000 4.575000 0.000000
3.113000 4.575000 0.000000
3.188000 4.575000 0.000000
3.263000 4.575000 0.000000
3.338000 4.575000 0.000000
3.413000 4.575000 0.000000
3.488000 4.575000 0.000000
3.563000 4.575000 0.000000
3.638000 4.575000 0.000000
3.713000 4.575000 0.000000
3.788000 4.575000 0.000000
3.863000 4.575000 0.000000
-0.037500 4.725000 0.000000
0.037500 4.725000 0.000000
0.112500 4.725000 0.000000
0.187500 4.725000 0.000000
0.262500 4.725000 0.000000
0.337500 4.725000 0.000000
0.412500 4.725000 0.000000
0.487500 4.725000 0.000000
0.562500 4.725000 0.000000
0.637500 4.725000 0.000000
0.712500 4.725000 0.000000
0.787500 4.725000 0.000000
0.862500 4.725000 0.000000
0.937500 4.725000 0.000000
1.012000 4.725000 0.000000
1.087000 4.725000 0.000000
1.163000 4.725000 0.000000
1.238000 4.725000 0.000000
1.313000 4.725000 0.000000
1.388000 4.725000 0.000000
1.463000 4.725000 0.000000
1.538000 4.725000 0.000000
1.613000 4.725000 0.000000
1.688000 4.725000 0.000000
1.763000 4.725000 0.000000
1.838000 4.725000 0.000000
1.913000 4.725000 0.000000
1.988000 4.725000 0.000000
2.063000 4.725000 0.000000
2.138000 4.725000 0.000000
2.213000 4.725000 0.000000
2.288000 4.725000 0.000000
2.363000 4.725000 0.000000
2.438000 4.725000 0.000000
2.513000 4.725000 0.000000
2.588000 4.725000 0.000000
2.663000 4.725000 0.000000
2.738000 4.725000 0.000000
2.813000 4.725000 0.000000
2.888000 4.725000 0.000000
2.963000 4.725000 0.000000
3.038000 4.725000 0.000000
3.113000 4.725000 0.000000
3.188000 4.725000 0.000000
3.263000 4.725000 0.000000
3.338000 4.725000 0.000000
3.413000 4.725000 0.000000
3.488000 4.725000 0.000000
3.563000 4.725000 0.000000
3.638000 4.725000 0.000000
3.713000 4.725000 0.000000
3.788000 4.725000 0.000000
3.863000 4.725000 0.000000
-0.037500 4.875000 0.000000
0.037500 4.875000 0.000000
0.112500 4.875000 0.000000
0.187500 4.875000 0.000000
0.262500 4.875000 0.000000
0.337500 4.875000 0.000000
0.412500 4.875000 0.000000
0.487500 4.875000 0.000000
0.562500 4.875000 0.000000
0.637500 4.875000 0.000000
0.712500 4.875000 0.000000
0.787500 4.875000 0.000000
0.862500 4.875000 0.000000
0.937500 4.875000 0.000000
1.012000 4.875000 0.000000
1.087000 4.875000 0.000000
1.163000 4.875000 0.000000
1.238000 4.875000 0.000000
1.313000 4.875000 0.000000
1.388000 4.875000 0.000000
1.463000 4.875000 0.000000
1.538000 4.875000 0.000000
1.613000 4.875000 0.000000
1.688000 4.875000 0.000000
1.763000 4.875000 0.000000
1.838000 4.875000 0.000000
1.913000 4.875000 0.000000
1.988000 4.875000 0.000000
2.063000 4.875000 0.000000
2.138000 4.875000 0.000000
2.213000 4.875000 0.000000
2.288000 4.875000 0.000000
2.363000 4.875000 0.000000
2.438000 4.875000 0.000000
2.513000 4.875000 0.000000
2.588000 4.875000 0.000000
2.663000 4.875000 0.000000
2.738000 4.875000 0.000000
2.813000 4.875000 0.000000
2.888000 4.875000 0.000000
2.963000 4.875000 0.000000
3.038000 4.875000 0.000000
3.113000 4.875000 0.000000
3.188000 4.875000 0.000000
3.263000 4.875000 0.000000
3.338000 4.875000 0.000000
3.413000 4.875000 0.000000
3.488000 4.875000 0.000000
3.563000 4.875000 0.000000
3.638000 4.875000 0.000000
3.713000 4.875000 0.000000
3.788000 4.875000 0.000000
3.863000 4.875000 0.000000
-0.037500 5.025000 0.000000
0.037500 5.025000 0.000000
0.112500 5.025000 0.000000
0.187500 5.025000 0.000000
0.262500 5.025000 0.000000
0.337500 5.025000 0.000000
0.412500 5.025000 0.000000
0.487500 5.025000 0.000000
0.562500 5.025000 0.000000
0.637500 5.025000 0.000000
0.712500 5.025000 0.000000
0.787500 5.025000 0.000000
0.862500 5.025000 0.000000
0.937500 5.025000 0.000000
1.012000 5.025000 0.000000
1.087000 5.025000 0.000000
1.163000 5.025000 0.000000
1.238000 5.025000 0.000000
1.313000 5.025000 0.000000
1.388000 5.025000 0.000000
1.463000 5.025000 0.000000
1.538000 5.025000 0.000000
1.613000 5.025000 0.000000
1.688000 5.025000 0.000000
1.763000 5.025000 0.000000
1.838000 5.025000 0.000000
1.913000 5.025000 0.000000
1.988000 5.025000 0.000000
2.063000 5.025000 0.000000
2.138000 5.025000 0.000000
2.213000 5.025000 0.000000
2.288000 5.025000 0.000000
2.363000 5.025000 0.000000
2.438000 5.025000 0.000000
2.513000 5.025000 0.000000
2.588000 5.025000 0.000000
2.663000 5.025000 0.000000
2.738000 5.025000 0.000000
2.813000 5.025000 0.000000
2.888000 5.025000 0.000000
2.963000 5.025000 0.000000
3.038000 5.025000 0.000000
3.113000 5.025000 0.000000
3.188000 5.025000 0.000000
3.263000 5.025000 0.000000
3.338000 5.025000 0.000000
3.413000 5.025000 0.000000
3.488000 5.025000 0.000000
3.563000 5.025000 0.000000
3.638000 5.025000 0.000000
3.713000 5.025000 0.000000
3.788000 5.025000 0.000000
3.863000 5.025000 0.000000
-0.037500 5.175000 0.000000
0.037500 5.175000 0.000000
0.112500 5.175000 0.000000
0.187500 5.175000 0.000000
0.262500 5.175000 0.000000
0.337500 5.175000 0.000000
0.412500 5.175000 0.000000
0.487500 5.175000 0.000000
0.562500 5.175000 0.000000
0.637500 5.175000 0.000000
0.712500 5.175000 0.000000
0.787500 5.175000 0.000000
0.862500 5.175000 0.000000
0.937500 5.175000 0.000000
1.012000 5.175000 0.000000
1.087000 5.175000 0.000000
1.163000 5.175000 0.000000
1.238000 5.175000 0.000000
1.313000 5.175000 0.000000
1.388000 5.175000 0.000000
1.463000 5.175000 0.000000
1.538000 5.175000 0.000000
1.613000 5.175000 0.000000
1.688000 5.175000 0.000000
1.763000 5.175000 0.000000
1.838000 5.175000 0.000000
1.913000 5.175000 0.000000
1.988000 5.175000 0.000000
2.063000 5.175000 0.000000
2.138000 5.175000 0.000000
2.213000 5.175000 0.000000
2.288000 5.175000 0.000000
2.363000 5.175000 0.000000
2.438000 5.175000 0.000000
2.513000 5.175000 0.000000
2.588000 5.175000 0.000000
2.663000 5.175000 0.000000
2.738000 5.175000 0.000000
2.813000 5.175000 0.000000
2.888000 5.175000 0.000000
2.963000 5.175000 0.000000
3.038000 5.175000 0.000000
3.113000 5.175000 0.000000
3.188000 5.175000 0.000000
3.263000 5.175000 0.000000
3.338000 5.175000 0.000000
3.413000 5.175000 0.000000
3.488000 5.175000 0.000000
3.563000 5.175000 0.000000
3.638000 5.175000 0.000000
3.713000 5.175000 0.000000
3.788000 5.175000 0.000000
3.863000 5.175000 0.000000
