-0.037500 -0.075000 0.000000
0.037500 -0.075000 0.000000
0.112500 -0.075000 0.000000
0.187500 -0.075000 0.000000
0.262500 -0.075000 0.000000
0.337500 -0.075000 0.000000
0.412500 -0.075000 0.000000
0.487500 -0.075000 0.000000
0.562500 -0.075000 0.000000
0.637500 -0.075000 0.000000
0.712500 -0.075000 0.000000
0.787500 -0.075000 0.000000
0.862500 -0.075000 0.000000
0.937500 -0.075000 0.000000
1.012000 -0.075000 0.000000
1.087000 -0.075000 0.000000
1.163000 -0.075000 0.000000
1.238000 -0.075000 0.000000
1.313000 -0.075000 0.000000
1.388000 -0.075000 0.000000
1.463000 -0.075000 0.000000
1.538000 -0.075000 0.000000
1.613000 -0.075000 0.000000
1.688000 -0.075000 0.000000
1.763000 -0.075000 0.000000
1.838000 -0.075000 0.000000
1.913000 -0.075000 0.000000
1.988000 -0.075000 0.000000
2.063000 -0.075000 0.000000
2.138000 -0.075000 0.000000
2.213000 -0.075000 0.000000
2.288000 -0.075000 0.000000
2.363000 -0.075000 0.000000
2.438000 -0.075000 0.000000
2.513000 -0.075000 0.000000
2.588000 -0.075000 0.000000
2.663000 -0.075000 0.000000
2.738000 -0.075000 0.000000
2.813000 -0.075000 0.000000
2.888000 -0.075000 0.000000
2.963000 -0.075000 0.000000
3.038000 -0.075000 0.000000
3.113000 -0.075000 0.000000
3.188000 -0.075000 0.000000
3.263000 -0.075000 0.000000
3.338000 -0.075000 0.000000
3.413000 -0.075000 0.000000
3.488000 -0.075000 0.000000
3.563000 -0.075000 0.000000
3.638000 -0.075000 0.000000
3.713000 -0.075000 0.000000
3.788000 -0.075000 0.000000
3.863000 -0.075000 0.000000
-0.037500 0.075000 0.000000
0.037500 0.075000 0.042430
0.112500 0.075000 0.084860
0.187500 0.075000 0.127300
0.262500 0.075000 0.169700
0.337500 0.075000 0.212100
0.412500 0.075000 0.254500
0.487500 0.075000 0.296800
0.562500 0.075000 0.339000
0.637500 0.075000 0.381100
0.712500 0.075000 0.423000
0.787500 0.075000 0.464500
0.862500 0.075000 0.505700
0.937500 0.075000 0.546300
1.012000 0.075000 0.586200
1.087000 0.075000 0.625200
1.163000 0.075000 0.663000
1.238000 0.075000 0.699200
1.313000 0.075000 0.733700
1.388000 0.075000 0.765800
1.463000 0.075000 0.795300
1.538000 0.075000 0.821600
1.613000 0.075000 0.844300
1.688000 0.075000 0.862900
1.763000 0.075000 0.877000
1.838000 0.075000 0.886400
1.913000 0.075000 0.891000
1.988000 0.075000 0.890600
2.063000 0.075000 0.885500
2.138000 0.075000 0.876100
2.213000 0.075000 0.862700
2.288000 0.075000 0.846000
2.363000 0.075000 0.826500
2.438000 0.075000 0.804800
2.513000 0.075000 0.781500
2.588000 0.075000 0.757100
2.663000 0.075000 0.732200
2.738000 0.075000 0.706900
2.813000 0.075000 0.681800
2.888000 0.075000 0.657000
2.963000 0.075000 0.632700
3.038000 0.075000 0.609000
3.113000 0.075000 0.586000
3.188000 0.075000 0.563900
3.263000 0.075000 0.542700
3.338000 0.075000 0.522300
3.413000 0.075000 0.502700
3.488000 0.075000 0.484100
3.563000 0.075000 0.466300
3.638000 0.075000 0.449200
3.713000 0.075000 0.433000
3.788000 0.075000 0.417600
3.863000 0.075000 0.000000
-0.037500 0.225000 0.000000
0.037500 0.225000 0.042430
0.112500 0.225000 0.084860
0.187500 0.225000 0.127300
0.262500 0.225000 0.169700
0.337500 0.225000 0.212100
0.412500 0.225000 0.254500
0.487500 0.225000 0.296800
0.562500 0.225000 0.339000
0.637500 0.225000 0.381100
0.712500 0.225000 0.423000
0.787500 0.225000 0.464500
0.862500 0.225000 0.505700
0.937500 0.225000 0.546300
1.012000 0.225000 0.586200
1.087000 0.225000 0.625200
1.163000 0.225000 0.663000
1.238000 0.225000 0.699200
1.313000 0.225000 0.733700
1.388000 0.225000 0.765800
1.463000 0.225000 0.795300
1.538000 0.225000 0.821600
1.613000 0.225000 0.844300
1.688000 0.225000 0.862900
1.763000 0.225000 0.877000
1.838000 0.225000 0.886400
1.913000 0.225000 0.891000
1.988000 0.225000 0.890600
2.063000 0.225000 0.885500
2.138000 0.225000 0.876100
2.213000 0.225000 0.862700
2.288000 0.225000 0.846000
2.363000 0.225000 0.826500
2.438000 0.225000 0.804800
2.513000 0.225000 0.781500
2.588000 0.225000 0.757100
2.663000 0.225000 0.732200
2.738000 0.225000 0.706900
2.813000 0.225000 0.681800
2.888000 0.225000 0.657000
2.963000 0.225000 0.632700
3.038000 0.225000 0.609000
3.113000 0.225000 0.586000
3.188000 0.225000 0.563900
3.263000 0.225000 0.542700
3.338000 0.225000 0.522300
3.413000 0.225000 0.502700
3.488000 0.225000 0.484100
3.563000 0.225000 0.466300
3.638000 0.225000 0.449200
3.713000 0.225000 0.433000
3.788000 0.225000 0.417600
3.863000 0.225000 0.000000
-0.037500 0.375000 0.000000
0.037500 0.375000 0.113200
0.112500 0.375000 0.123400
0.187500 0.375000 0.139200
0.262500 0.375000 0.158600
0.337500 0.375000 0.180200
0.412500 0.375000 0.203300
0.487500 0.375000 0.227400
0.562500 0.375000 0.252100
0.637500 0.375000 0.277200
0.712500 0.375000 0.302500
0.787500 0.375000 0.327800
0.862500 0.375000 0.353000
0.937500 0.375000 0.378000
1.012000 0.375000 0.402500
1.087000 0.375000 0.426400
1.163000 0.375000 0.449500
1.238000 0.375000 0.471500
1.313000 0.375000 0.492400
1.388000 0.375000 0.511700
1.463000 0.375000 0.529300
1.538000 0.375000 0.544900
1.613000 0.375000 0.558300
1.688000 0.375000 0.569100
1.763000 0.375000 0.577300
1.838000 0.375000 0.582700
1.913000 0.375000 0.585200
1.988000 0.375000 0.584900
2.063000 0.375000 0.581900
2.138000 0.375000 0.576300
2.213000 0.375000 0.568300
2.288000 0.375000 0.558400
2.363000 0.375000 0.546700
2.438000 0.375000 0.533600
2.513000 0.375000 0.519500
2.588000 0.375000 0.504500
2.663000 0.375000 0.489100
2.738000 0.375000 0.473400
2.813000 0.375000 0.457700
2.888000 0.375000 0.442000
2.963000 0.375000 0.426700
3.038000 0.375000 0.411600
3.113000 0.375000 0.397000
3.188000 0.375000 0.383000
3.263000 0.375000 0.369500
3.338000 0.375000 0.356700
3.413000 0.375000 0.344500
3.488000 0.375000 0.333200
3.563000 0.375000 0.322900
3.638000 0.375000 0.313900
3.713000 0.375000 0.306600
3.788000 0.375000 0.302000
3.863000 0.375000 0.000000
-0.037500 0.525000 0.000000
0.037500 0.525000 0.116400
0.112500 0.525000 0.119800
0.187500 0.525000 0.125900
0.262500 0.525000 0.134200
0.337500 0.525000 0.144100
0.412500 0.525000 0.155200
0.487500 0.525000 0.167200
0.562500 0.525000 0.179900
0.637500 0.525000 0.193000
0.712500 0.525000 0.206400
0.787500 0.525000 0.220000
0.862500 0.525000 0.233600
0.937500 0.525000 0.247100
1.012000 0.525000 0.260400
1.087000 0.525000 0.273400
1.163000 0.525000 0.285900
1.238000 0.525000 0.297800
1.313000 0.525000 0.309000
1.388000 0.525000 0.319300
1.463000 0.525000 0.328600
1.538000 0.525000 0.336900
1.613000 0.525000 0.343800
1.688000 0.525000 0.349500
1.763000 0.525000 0.353700
1.838000 0.525000 0.356400
1.913000 0.525000 0.357600
1.988000 0.525000 0.357400
2.063000 0.525000 0.355700
2.138000 0.525000 0.352600
2.213000 0.525000 0.348400
2.288000 0.525000 0.343000
2.363000 0.525000 0.336600
2.438000 0.525000 0.329500
2.513000 0.525000 0.321800
2.588000 0.525000 0.313500
2.663000 0.525000 0.305000
2.738000 0.525000 0.296200
2.813000 0.525000 0.287400
2.888000 0.525000 0.278500
2.963000 0.525000 0.269800
3.038000 0.525000 0.261300
3.113000 0.525000 0.253100
3.188000 0.525000 0.245100
3.263000 0.525000 0.237600
3.338000 0.525000 0.230500
3.413000 0.525000 0.223900
3.488000 0.525000 0.217900
3.563000 0.525000 0.212700
3.638000 0.525000 0.208400
3.713000 0.525000 0.205300
3.788000 0.525000 0.203600
3.863000 0.525000 0.000000
-0.037500 0.675000 0.000000
0.037500 0.675000 0.111000
0.112500 0.675000 0.112400
0.187500 0.675000 0.115000
0.262500 0.675000 0.118700
0.337500 0.675000 0.123300
0.412500 0.675000 0.128800
0.487500 0.675000 0.134900
0.562500 0.675000 0.141500
0.637500 0.675000 0.148500
0.712500 0.675000 0.155800
0.787500 0.675000 0.163300
0.862500 0.675000 0.170900
0.937500 0.675000 0.178400
1.012000 0.675000 0.185900
1.087000 0.675000 0.193200
1.163000 0.675000 0.200200
1.238000 0.675000 0.206800
1.313000 0.675000 0.213000
1.388000 0.675000 0.218800
1.463000 0.675000 0.223900
1.538000 0.675000 0.228400
1.613000 0.675000 0.232100
1.688000 0.675000 0.235100
1.763000 0.675000 0.237400
1.838000 0.675000 0.238800
1.913000 0.675000 0.239300
1.988000 0.675000 0.239100
2.063000 0.675000 0.238100
2.138000 0.675000 0.236300
2.213000 0.675000 0.233800
2.288000 0.675000 0.230800
2.363000 0.675000 0.227100
2.438000 0.675000 0.223000
2.513000 0.675000 0.218500
2.588000 0.675000 0.213800
2.663000 0.675000 0.208700
2.738000 0.675000 0.203600
2.813000 0.675000 0.198300
2.888000 0.675000 0.193100
2.963000 0.675000 0.187900
3.038000 0.675000 0.182800
3.113000 0.675000 0.177900
3.188000 0.675000 0.173200
3.263000 0.675000 0.168800
3.338000 0.675000 0.164700
3.413000 0.675000 0.161000
3.488000 0.675000 0.157800
3.563000 0.675000 0.155000
3.638000 0.675000 0.152900
3.713000 0.675000 0.151400
3.788000 0.675000 0.150700
3.863000 0.675000 0.000000
-0.037500 0.825000 0.000000
0.037500 0.825000 0.103000
0.112500 0.825000 0.103800
0.187500 0.825000 0.105500
0.262500 0.825000 0.107900
0.337500 0.825000 0.111100
0.412500 0.825000 0.114800
0.487500 0.825000 0.119000
0.562500 0.825000 0.123600
0.637500 0.825000 0.128600
0.712500 0.825000 0.133800
0.787500 0.825000 0.139200
0.862500 0.825000 0.144700
0.937500 0.825000 0.150200
1.012000 0.825000 0.155600
1.087000 0.825000 0.160900
1.163000 0.825000 0.165900
1.238000 0.825000 0.170800
1.313000 0.825000 0.175300
1.388000 0.825000 0.179400
1.463000 0.825000 0.183100
1.538000 0.825000 0.186300
1.613000 0.825000 0.189000
1.688000 0.825000 0.191100
1.763000 0.825000 0.192700
1.838000 0.825000 0.193600
1.913000 0.825000 0.194000
1.988000 0.825000 0.193800
2.063000 0.825000 0.193000
2.138000 0.825000 0.191600
2.213000 0.825000 0.189800
2.288000 0.825000 0.187500
2.363000 0.825000 0.184800
2.438000 0.825000 0.181800
2.513000 0.825000 0.178400
2.588000 0.825000 0.174800
2.663000 0.825000 0.171100
2.738000 0.825000 0.167200
2.813000 0.825000 0.163200
2.888000 0.825000 0.159300
2.963000 0.825000 0.155400
3.038000 0.825000 0.151500
3.113000 0.825000 0.147900
3.188000 0.825000 0.144300
3.263000 0.825000 0.141100
3.338000 0.825000 0.138100
3.413000 0.825000 0.135400
3.488000 0.825000 0.133000
3.563000 0.825000 0.131100
3.638000 0.825000 0.129600
3.713000 0.825000 0.128600
3.788000 0.825000 0.128100
3.863000 0.825000 0.000000
-0.037500 0.975000 0.000000
0.037500 0.975000 0.093030
0.112500 0.975000 0.093620
0.187500 0.975000 0.094790
0.262500 0.975000 0.096500
0.337500 0.975000 0.098720
0.412500 0.975000 0.101400
0.487500 0.975000 0.104400
0.562500 0.975000 0.107800
0.637500 0.975000 0.111400
0.712500 0.975000 0.115300
0.787500 0.975000 0.119300
0.862500 0.975000 0.123300
0.937500 0.975000 0.127400
1.012000 0.975000 0.131400
1.087000 0.975000 0.135400
1.163000 0.975000 0.139200
1.238000 0.975000 0.142700
1.313000 0.975000 0.146100
1.388000 0.975000 0.149200
1.463000 0.975000 0.151900
1.538000 0.975000 0.154300
1.613000 0.975000 0.156200
1.688000 0.975000 0.157800
1.763000 0.975000 0.158900
1.838000 0.975000 0.159600
1.913000 0.975000 0.159800
1.988000 0.975000 0.159600
2.063000 0.975000 0.159000
2.138000 0.975000 0.158000
2.213000 0.975000 0.156500
2.288000 0.975000 0.154800
2.363000 0.975000 0.152700
2.438000 0.975000 0.150400
2.513000 0.975000 0.147800
2.588000 0.975000 0.145100
2.663000 0.975000 0.142200
2.738000 0.975000 0.139200
2.813000 0.975000 0.136100
2.888000 0.975000 0.133100
2.963000 0.975000 0.130100
3.038000 0.975000 0.127100
3.113000 0.975000 0.124300
3.188000 0.975000 0.121600
3.263000 0.975000 0.119100
3.338000 0.975000 0.116800
3.413000 0.975000 0.114800
3.488000 0.975000 0.113100
3.563000 0.975000 0.111600
3.638000 0.975000 0.110500
3.713000 0.975000 0.109800
3.788000 0.975000 0.109400
3.863000 0.975000 0.000000
-0.037500 1.125000 0.000000
0.037500 1.125000 0.083040
0.112500 1.125000 0.083480
0.187500 1.125000 0.084370
0.262500 1.125000 0.085670
0.337500 1.125000 0.087360
0.412500 1.125000 0.089390
0.487500 1.125000 0.091740
0.562500 1.125000 0.094350
0.637500 1.125000 0.097170
0.712500 1.125000 0.100200
0.787500 1.125000 0.103300
0.862500 1.125000 0.106400
0.937500 1.125000 0.109600
1.012000 1.125000 0.112800
1.087000 1.125000 0.115900
1.163000 1.125000 0.118900
1.238000 1.125000 0.121700
1.313000 1.125000 0.124300
1.388000 1.125000 0.126700
1.463000 1.125000 0.128800
1.538000 1.125000 0.130700
1.613000 1.125000 0.132200
1.688000 1.125000 0.133400
1.763000 1.125000 0.134300
1.838000 1.125000 0.134800
1.913000 1.125000 0.135000
1.988000 1.125000 0.134800
2.063000 1.125000 0.134300
2.138000 1.125000 0.133400
2.213000 1.125000 0.132300
2.288000 1.125000 0.130900
2.363000 1.125000 0.129200
2.438000 1.125000 0.127300
2.513000 1.125000 0.125300
2.588000 1.125000 0.123100
2.663000 1.125000 0.120700
2.738000 1.125000 0.118300
2.813000 1.125000 0.115900
2.888000 1.125000 0.113400
2.963000 1.125000 0.111000
3.038000 1.125000 0.108600
3.113000 1.125000 0.106400
3.188000 1.125000 0.104200
3.263000 1.125000 0.102200
3.338000 1.125000 0.100400
3.413000 1.125000 0.098810
3.488000 1.125000 0.097430
3.563000 1.125000 0.096310
3.638000 1.125000 0.095450
3.713000 1.125000 0.094870
3.788000 1.125000 0.094580
3.863000 1.125000 0.000000
-0.037500 1.275000 0.000000
0.037500 1.275000 0.064410
0.112500 1.275000 0.064730
0.187500 1.275000 0.065350
0.262500 1.275000 0.066260
0.337500 1.275000 0.067440
0.412500 1.275000 0.068870
0.487500 1.275000 0.070520
0.562500 1.275000 0.072360
0.637500 1.275000 0.074360
0.712500 1.275000 0.076470
0.787500 1.275000 0.078680
0.862500 1.275000 0.080930
0.937500 1.275000 0.083200
1.012000 1.275000 0.085450
1.087000 1.275000 0.087650
1.163000 1.275000 0.089770
1.238000 1.275000 0.091780
1.313000 1.275000 0.093640
1.388000 1.275000 0.095350
1.463000 1.275000 0.096860
1.538000 1.275000 0.098170
1.613000 1.275000 0.099260
1.688000 1.275000 0.100100
1.763000 1.275000 0.100700
1.838000 1.275000 0.101100
1.913000 1.275000 0.101200
1.988000 1.275000 0.101000
2.063000 1.275000 0.100600
2.138000 1.275000 0.100000
2.213000 1.275000 0.099200
2.288000 1.275000 0.098180
2.363000 1.275000 0.096970
2.438000 1.275000 0.095610
2.513000 1.275000 0.094120
2.588000 1.275000 0.092520
2.663000 1.275000 0.090840
2.738000 1.275000 0.089100
2.813000 1.275000 0.087330
2.888000 1.275000 0.085560
2.963000 1.275000 0.083800
3.038000 1.275000 0.082100
3.113000 1.275000 0.080460
3.188000 1.275000 0.078910
3.263000 1.275000 0.077480
3.338000 1.275000 0.076170
3.413000 1.275000 0.075020
3.488000 1.275000 0.074040
3.563000 1.275000 0.073240
3.638000 1.275000 0.072630
3.713000 1.275000 0.072210
3.788000 1.275000 0.072010
3.863000 1.275000 0.000000
-0.037500 1.425000 0.000000
0.037500 1.425000 0.044290
0.112500 1.425000 0.044480
0.187500 1.425000 0.044860
0.262500 1.425000 0.045410
0.337500 1.425000 0.046130
0.412500 1.425000 0.047000
0.487500 1.425000 0.048010
0.562500 1.425000 0.049140
0.637500 1.425000 0.050360
0.712500 1.425000 0.051660
0.787500 1.425000 0.053010
0.862500 1.425000 0.054400
0.937500 1.425000 0.055800
1.012000 1.425000 0.057180
1.087000 1.425000 0.058540
1.163000 1.425000 0.059850
1.238000 1.425000 0.061090
1.313000 1.425000 0.062240
1.388000 1.425000 0.063290
1.463000 1.425000 0.064220
1.538000 1.425000 0.065020
1.613000 1.425000 0.065690
1.688000 1.425000 0.066210
1.763000 1.425000 0.066570
1.838000 1.425000 0.066780
1.913000 1.425000 0.066840
1.988000 1.425000 0.066740
2.063000 1.425000 0.066490
2.138000 1.425000 0.066100
2.213000 1.425000 0.065570
2.288000 1.425000 0.064920
2.363000 1.425000 0.064160
2.438000 1.425000 0.063300
2.513000 1.425000 0.062360
2.588000 1.425000 0.061350
2.663000 1.425000 0.060290
2.738000 1.425000 0.059190
2.813000 1.425000 0.058080
2.888000 1.425000 0.056960
2.963000 1.425000 0.055860
3.038000 1.425000 0.054780
3.113000 1.425000 0.053750
3.188000 1.425000 0.052780
3.263000 1.425000 0.051880
3.338000 1.425000 0.051060
3.413000 1.425000 0.050350
3.488000 1.425000 0.049730
3.563000 1.425000 0.049230
3.638000 1.425000 0.048850
3.713000 1.425000 0.048600
3.788000 1.425000 0.048470
3.863000 1.425000 0.000000
-0.037500 1.575000 0.000000
0.037500 1.575000 0.030030
0.112500 1.575000 0.030150
0.187500 1.575000 0.030380
0.262500 1.575000 0.030710
0.337500 1.575000 0.031150
0.412500 1.575000 0.031680
0.487500 1.575000 0.032290
0.562500 1.575000 0.032970
0.637500 1.575000 0.033720
0.712500 1.575000 0.034510
0.787500 1.575000 0.035330
0.862500 1.575000 0.036180
0.937500 1.575000 0.037040
1.012000 1.575000 0.037880
1.087000 1.575000 0.038720
1.163000 1.575000 0.039520
1.238000 1.575000 0.040270
1.313000 1.575000 0.040980
1.388000 1.575000 0.041620
1.463000 1.575000 0.042190
1.538000 1.575000 0.042680
1.613000 1.575000 0.043080
1.688000 1.575000 0.043390
1.763000 1.575000 0.043610
1.838000 1.575000 0.043730
1.913000 1.575000 0.043760
1.988000 1.575000 0.043690
2.063000 1.575000 0.043530
2.138000 1.575000 0.043280
2.213000 1.575000 0.042950
2.288000 1.575000 0.042540
2.363000 1.575000 0.042070
2.438000 1.575000 0.041530
2.513000 1.575000 0.040940
2.588000 1.575000 0.040310
2.663000 1.575000 0.039640
2.738000 1.575000 0.038960
2.813000 1.575000 0.038260
2.888000 1.575000 0.037560
2.963000 1.575000 0.036870
3.038000 1.575000 0.036200
3.113000 1.575000 0.035560
3.188000 1.575000 0.034950
3.263000 1.575000 0.034390
3.338000 1.575000 0.033890
3.413000 1.575000 0.033440
3.488000 1.575000 0.033060
3.563000 1.575000 0.032750
3.638000 1.575000 0.032520
3.713000 1.575000 0.032360
3.788000 1.575000 0.032280
3.863000 1.575000 0.000000
-0.037500 1.725000 0.000000
0.037500 1.725000 0.020060
0.112500 1.725000 0.020130
0.187500 1.725000 0.020270
0.262500 1.725000 0.020470
0.337500 1.725000 0.020730
0.412500 1.725000 0.021050
0.487500 1.725000 0.021420
0.562500 1.725000 0.021830
0.637500 1.725000 0.022280
0.712500 1.725000 0.022760
0.787500 1.725000 0.023260
0.862500 1.725000 0.023770
0.937500 1.725000 0.024290
1.012000 1.725000 0.024800
1.087000 1.725000 0.025300
1.163000 1.725000 0.025790
1.238000 1.725000 0.026250
1.313000 1.725000 0.026670
1.388000 1.725000 0.027060
1.463000 1.725000 0.027400
1.538000 1.725000 0.027700
1.613000 1.725000 0.027940
1.688000 1.725000 0.028130
1.763000 1.725000 0.028260
1.838000 1.725000 0.028330
1.913000 1.725000 0.028340
1.988000 1.725000 0.028290
2.063000 1.725000 0.028190
2.138000 1.725000 0.028040
2.213000 1.725000 0.027830
2.288000 1.725000 0.027570
2.363000 1.725000 0.027280
2.438000 1.725000 0.026940
2.513000 1.725000 0.026580
2.588000 1.725000 0.026190
2.663000 1.725000 0.025770
2.738000 1.725000 0.025350
2.813000 1.725000 0.024920
2.888000 1.725000 0.024490
2.963000 1.725000 0.024060
3.038000 1.725000 0.023650
3.113000 1.725000 0.023250
3.188000 1.725000 0.022880
3.263000 1.725000 0.022530
3.338000 1.725000 0.022220
3.413000 1.725000 0.021950
3.488000 1.725000 0.021710
3.563000 1.725000 0.021520
3.638000 1.725000 0.021380
3.713000 1.725000 0.021280
3.788000 1.725000 0.021230
3.863000 1.725000 0.000000
-0.037500 1.875000 0.000000
0.037500 1.875000 0.013150
0.112500 1.875000 0.013190
0.187500 1.875000 0.013270
0.262500 1.875000 0.013390
0.337500 1.875000 0.013540
0.412500 1.875000 0.013730
0.487500 1.875000 0.013950
0.562500 1.875000 0.014190
0.637500 1.875000 0.014460
0.712500 1.875000 0.014740
0.787500 1.875000 0.015040
0.862500 1.875000 0.015340
0.937500 1.875000 0.015650
1.012000 1.875000 0.015960
1.087000 1.875000 0.016260
1.163000 1.875000 0.016540
1.238000 1.875000 0.016820
1.313000 1.875000 0.017070
1.388000 1.875000 0.017300
1.463000 1.875000 0.017500
1.538000 1.875000 0.017680
1.613000 1.875000 0.017820
1.688000 1.875000 0.017930
1.763000 1.875000 0.018010
1.838000 1.875000 0.018050
1.913000 1.875000 0.018050
1.988000 1.875000 0.018020
2.063000 1.875000 0.017950
2.138000 1.875000 0.017860
2.213000 1.875000 0.017730
2.288000 1.875000 0.017570
2.363000 1.875000 0.017390
2.438000 1.875000 0.017190
2.513000 1.875000 0.016970
2.588000 1.875000 0.016730
2.663000 1.875000 0.016480
2.738000 1.875000 0.016220
2.813000 1.875000 0.015960
2.888000 1.875000 0.015700
2.963000 1.875000 0.015440
3.038000 1.875000 0.015190
3.113000 1.875000 0.014950
3.188000 1.875000 0.014720
3.263000 1.875000 0.014510
3.338000 1.875000 0.014320
3.413000 1.875000 0.014150
3.488000 1.875000 0.014010
3.563000 1.875000 0.013900
3.638000 1.875000 0.013810
3.713000 1.875000 0.013750
3.788000 1.875000 0.013720
3.863000 1.875000 0.000000
-0.037500 2.025000 0.000000
0.037500 2.025000 0.008347
0.112500 2.025000 0.008370
0.187500 2.025000 0.008415
0.262500 2.025000 0.008482
0.337500 2.025000 0.008570
0.412500 2.025000 0.008677
0.487500 2.025000 0.008801
0.562500 2.025000 0.008940
0.637500 2.025000 0.009092
0.712500 2.025000 0.009254
0.787500 2.025000 0.009423
0.862500 2.025000 0.009597
0.937500 2.025000 0.009773
1.012000 2.025000 0.009947
1.087000 2.025000 0.010120
1.163000 2.025000 0.010280
1.238000 2.025000 0.010440
1.313000 2.025000 0.010580
1.388000 2.025000 0.010710
1.463000 2.025000 0.010830
1.538000 2.025000 0.010930
1.613000 2.025000 0.011010
1.688000 2.025000 0.011070
1.763000 2.025000 0.011110
1.838000 2.025000 0.011130
1.913000 2.025000 0.011130
1.988000 2.025000 0.011110
2.063000 2.025000 0.011070
2.138000 2.025000 0.011020
2.213000 2.025000 0.010940
2.288000 2.025000 0.010850
2.363000 2.025000 0.010740
2.438000 2.025000 0.010620
2.513000 2.025000 0.010490
2.588000 2.025000 0.010350
2.663000 2.025000 0.010210
2.738000 2.025000 0.010050
2.813000 2.025000 0.009901
2.888000 2.025000 0.009748
2.963000 2.025000 0.009597
3.038000 2.025000 0.009450
3.113000 2.025000 0.009310
3.188000 2.025000 0.009178
3.263000 2.025000 0.009056
3.338000 2.025000 0.008946
3.413000 2.025000 0.008849
3.488000 2.025000 0.008766
3.563000 2.025000 0.008699
3.638000 2.025000 0.008647
3.713000 2.025000 0.008613
3.788000 2.025000 0.008596
3.863000 2.025000 0.000000
-0.037500 2.175000 0.000000
0.037500 2.175000 0.004962
0.112500 2.175000 0.004973
0.187500 2.175000 0.004996
0.262500 2.175000 0.005030
0.337500 2.175000 0.005074
0.412500 2.175000 0.005128
0.487500 2.175000 0.005191
0.562500 2.175000 0.005261
0.637500 2.175000 0.005338
0.712500 2.175000 0.005420
0.787500 2.175000 0.005505
0.862500 2.175000 0.005593
0.937500 2.175000 0.005682
1.012000 2.175000 0.005770
1.087000 2.175000 0.005856
1.163000 2.175000 0.005939
1.238000 2.175000 0.006018
1.313000 2.175000 0.006090
1.388000 2.175000 0.006156
1.463000 2.175000 0.006214
1.538000 2.175000 0.006263
1.613000 2.175000 0.006303
1.688000 2.175000 0.006333
1.763000 2.175000 0.006353
1.838000 2.175000 0.006362
1.913000 2.175000 0.006361
1.988000 2.175000 0.006349
2.063000 2.175000 0.006327
2.138000 2.175000 0.006295
2.213000 2.175000 0.006255
2.288000 2.175000 0.006206
2.363000 2.175000 0.006149
2.438000 2.175000 0.006086
2.513000 2.175000 0.006017
2.588000 2.175000 0.005943
2.663000 2.175000 0.005866
2.738000 2.175000 0.005787
2.813000 2.175000 0.005707
2.888000 2.175000 0.005626
2.963000 2.175000 0.005547
3.038000 2.175000 0.005471
3.113000 2.175000 0.005397
3.188000 2.175000 0.005328
3.263000 2.175000 0.005265
3.338000 2.175000 0.005207
3.413000 2.175000 0.005157
3.488000 2.175000 0.005113
3.563000 2.175000 0.005078
3.638000 2.175000 0.005051
3.713000 2.175000 0.005034
3.788000 2.175000 0.005025
3.863000 2.175000 0.000000
-0.037500 2.325000 0.000000
0.037500 2.325000 0.003303
0.112500 2.325000 0.003309
0.187500 2.325000 0.003321
0.262500 2.325000 0.003338
0.337500 2.325000 0.003361
0.412500 2.325000 0.003390
0.487500 2.325000 0.003423
0.562500 2.325000 0.003459
0.637500 2.325000 0.003500
0.712500 2.325000 0.003542
0.787500 2.325000 0.003587
0.862500 2.325000 0.003633
0.937500 2.325000 0.003680
1.012000 2.325000 0.003726
1.087000 2.325000 0.003771
1.163000 2.325000 0.003814
1.238000 2.325000 0.003855
1.313000 2.325000 0.003893
1.388000 2.325000 0.003927
1.463000 2.325000 0.003957
1.538000 2.325000 0.003982
1.613000 2.325000 0.004001
1.688000 2.325000 0.004016
1.763000 2.325000 0.004025
1.838000 2.325000 0.004029
1.913000 2.325000 0.004026
1.988000 2.325000 0.004018
2.063000 2.325000 0.004005
2.138000 2.325000 0.003986
2.213000 2.325000 0.003963
2.288000 2.325000 0.003935
2.363000 2.325000 0.003903
2.438000 2.325000 0.003867
2.513000 2.325000 0.003828
2.588000 2.325000 0.003787
2.663000 2.325000 0.003744
2.738000 2.325000 0.003700
2.813000 2.325000 0.003655
2.888000 2.325000 0.003610
2.963000 2.325000 0.003566
3.038000 2.325000 0.003524
3.113000 2.325000 0.003483
3.188000 2.325000 0.003445
3.263000 2.325000 0.003410
3.338000 2.325000 0.003378
3.413000 2.325000 0.003350
3.488000 2.325000 0.003327
3.563000 2.325000 0.003307
3.638000 2.325000 0.003293
3.713000 2.325000 0.003283
3.788000 2.325000 0.003278
3.863000 2.325000 0.000000
-0.037500 2.475000 0.000000
0.037500 2.475000 0.002652
0.112500 2.475000 0.002656
0.187500 2.475000 0.002664
0.262500 2.475000 0.002677
0.337500 2.475000 0.002693
0.412500 2.475000 0.002713
0.487500 2.475000 0.002735
0.562500 2.475000 0.002761
0.637500 2.475000 0.002789
0.712500 2.475000 0.002819
0.787500 2.475000 0.002850
0.862500 2.475000 0.002882
0.937500 2.475000 0.002915
1.012000 2.475000 0.002947
1.087000 2.475000 0.002978
1.163000 2.475000 0.003008
1.238000 2.475000 0.003037
1.313000 2.475000 0.003063
1.388000 2.475000 0.003086
1.463000 2.475000 0.003106
1.538000 2.475000 0.003124
1.613000 2.475000 0.003137
1.688000 2.475000 0.003147
1.763000 2.475000 0.003152
1.838000 2.475000 0.003154
1.913000 2.475000 0.003152
1.988000 2.475000 0.003145
2.063000 2.475000 0.003135
2.138000 2.475000 0.003121
2.213000 2.475000 0.003104
2.288000 2.475000 0.003083
2.363000 2.475000 0.003059
2.438000 2.475000 0.003033
2.513000 2.475000 0.003005
2.588000 2.475000 0.002975
2.663000 2.475000 0.002944
2.738000 2.475000 0.002911
2.813000 2.475000 0.002879
2.888000 2.475000 0.002847
2.963000 2.475000 0.002815
3.038000 2.475000 0.002784
3.113000 2.475000 0.002755
3.188000 2.475000 0.002727
3.263000 2.475000 0.002702
3.338000 2.475000 0.002679
3.413000 2.475000 0.002659
3.488000 2.475000 0.002643
3.563000 2.475000 0.002629
3.638000 2.475000 0.002618
3.713000 2.475000 0.002611
3.788000 2.475000 0.002608
3.863000 2.475000 0.000000
-0.037500 2.625000 0.000000
0.037500 2.625000 0.002154
0.112500 2.625000 0.002157
0.187500 2.625000 0.002163
0.262500 2.625000 0.002172
0.337500 2.625000 0.002183
0.412500 2.625000 0.002197
0.487500 2.625000 0.002214
0.562500 2.625000 0.002232
0.637500 2.625000 0.002252
0.712500 2.625000 0.002274
0.787500 2.625000 0.002296
0.862500 2.625000 0.002319
0.937500 2.625000 0.002343
1.012000 2.625000 0.002366
1.087000 2.625000 0.002388
1.163000 2.625000 0.002410
1.238000 2.625000 0.002430
1.313000 2.625000 0.002448
1.388000 2.625000 0.002465
1.463000 2.625000 0.002479
1.538000 2.625000 0.002491
1.613000 2.625000 0.002501
1.688000 2.625000 0.002507
1.763000 2.625000 0.002511
1.838000 2.625000 0.002512
1.913000 2.625000 0.002509
1.988000 2.625000 0.002504
2.063000 2.625000 0.002496
2.138000 2.625000 0.002485
2.213000 2.625000 0.002472
2.288000 2.625000 0.002456
2.363000 2.625000 0.002439
2.438000 2.625000 0.002419
2.513000 2.625000 0.002398
2.588000 2.625000 0.002376
2.663000 2.625000 0.002352
2.738000 2.625000 0.002328
2.813000 2.625000 0.002304
2.888000 2.625000 0.002280
2.963000 2.625000 0.002257
3.038000 2.625000 0.002234
3.113000 2.625000 0.002212
3.188000 2.625000 0.002192
3.263000 2.625000 0.002173
3.338000 2.625000 0.002157
3.413000 2.625000 0.002142
3.488000 2.625000 0.002130
3.563000 2.625000 0.002119
3.638000 2.625000 0.002112
3.713000 2.625000 0.002107
3.788000 2.625000 0.002104
3.863000 2.625000 0.000000
-0.037500 2.775000 0.000000
0.037500 2.775000 0.001787
0.112500 2.775000 0.001789
0.187500 2.775000 0.001794
0.262500 2.775000 0.001801
0.337500 2.775000 0.001810
0.412500 2.775000 0.001820
0.487500 2.775000 0.001833
0.562500 2.775000 0.001847
0.637500 2.775000 0.001862
0.712500 2.775000 0.001879
0.787500 2.775000 0.001896
0.862500 2.775000 0.001913
0.937500 2.775000 0.001931
1.012000 2.775000 0.001949
1.087000 2.775000 0.001966
1.163000 2.775000 0.001982
1.238000 2.775000 0.001997
1.313000 2.775000 0.002011
1.388000 2.775000 0.002024
1.463000 2.775000 0.002035
1.538000 2.775000 0.002044
1.613000 2.775000 0.002050
1.688000 2.775000 0.002055
1.763000 2.775000 0.002058
1.838000 2.775000 0.002058
1.913000 2.775000 0.002056
1.988000 2.775000 0.002052
2.063000 2.775000 0.002045
2.138000 2.775000 0.002037
2.213000 2.775000 0.002026
2.288000 2.775000 0.002014
2.363000 2.775000 0.002000
2.438000 2.775000 0.001984
2.513000 2.775000 0.001968
2.588000 2.775000 0.001950
2.663000 2.775000 0.001932
2.738000 2.775000 0.001913
2.813000 2.775000 0.001895
2.888000 2.775000 0.001876
2.963000 2.775000 0.001858
3.038000 2.775000 0.001840
3.113000 2.775000 0.001823
3.188000 2.775000 0.001807
3.263000 2.775000 0.001793
3.338000 2.775000 0.001780
3.413000 2.775000 0.001769
3.488000 2.775000 0.001759
3.563000 2.775000 0.001751
3.638000 2.775000 0.001745
3.713000 2.775000 0.001741
3.788000 2.775000 0.001739
3.863000 2.775000 0.000000
-0.037500 2.925000 0.000000
0.037500 2.925000 0.001279
0.112500 2.925000 0.001281
0.187500 2.925000 0.001284
0.262500 2.925000 0.001289
0.337500 2.925000 0.001295
0.412500 2.925000 0.001303
0.487500 2.925000 0.001311
0.562500 2.925000 0.001321
0.637500 2.925000 0.001331
0.712500 2.925000 0.001343
0.787500 2.925000 0.001354
0.862500 2.925000 0.001366
0.937500 2.925000 0.001378
1.012000 2.925000 0.001390
1.087000 2.925000 0.001402
1.163000 2.925000 0.001413
1.238000 2.925000 0.001423
1.313000 2.925000 0.001433
1.388000 2.925000 0.001441
1.463000 2.925000 0.001449
1.538000 2.925000 0.001455
1.613000 2.925000 0.001459
1.688000 2.925000 0.001463
1.763000 2.925000 0.001464
1.838000 2.925000 0.001464
1.913000 2.925000 0.001463
1.988000 2.925000 0.001460
2.063000 2.925000 0.001455
2.138000 2.925000 0.001449
2.213000 2.925000 0.001442
2.288000 2.925000 0.001433
2.363000 2.925000 0.001424
2.438000 2.925000 0.001413
2.513000 2.925000 0.001402
2.588000 2.925000 0.001390
2.663000 2.925000 0.001377
2.738000 2.925000 0.001364
2.813000 2.925000 0.001351
2.888000 2.925000 0.001338
2.963000 2.925000 0.001326
3.038000 2.925000 0.001313
3.113000 2.925000 0.001302
3.188000 2.925000 0.001291
3.263000 2.925000 0.001281
3.338000 2.925000 0.001272
3.413000 2.925000 0.001264
3.488000 2.925000 0.001258
3.563000 2.925000 0.001253
3.638000 2.925000 0.001249
3.713000 2.925000 0.001246
3.788000 2.925000 0.001245
3.863000 2.925000 0.000000
-0.037500 3.075000 0.000000
0.037500 3.075000 0.000796
0.112500 3.075000 0.000797
0.187500 3.075000 0.000799
0.262500 3.075000 0.000802
0.337500 3.075000 0.000805
0.412500 3.075000 0.000810
0.487500 3.075000 0.000815
0.562500 3.075000 0.000820
0.637500 3.075000 0.000827
0.712500 3.075000 0.000833
0.787500 3.075000 0.000840
0.862500 3.075000 0.000847
0.937500 3.075000 0.000854
1.012000 3.075000 0.000861
1.087000 3.075000 0.000868
1.163000 3.075000 0.000874
1.238000 3.075000 0.000880
1.313000 3.075000 0.000886
1.388000 3.075000 0.000891
1.463000 3.075000 0.000895
1.538000 3.075000 0.000899
1.613000 3.075000 0.000901
1.688000 3.075000 0.000903
1.763000 3.075000 0.000904
1.838000 3.075000 0.000904
1.913000 3.075000 0.000903
1.988000 3.075000 0.000901
2.063000 3.075000 0.000898
2.138000 3.075000 0.000895
2.213000 3.075000 0.000891
2.288000 3.075000 0.000885
2.363000 3.075000 0.000880
2.438000 3.075000 0.000873
2.513000 3.075000 0.000867
2.588000 3.075000 0.000859
2.663000 3.075000 0.000852
2.738000 3.075000 0.000844
2.813000 3.075000 0.000836
2.888000 3.075000 0.000829
2.963000 3.075000 0.000821
3.038000 3.075000 0.000814
3.113000 3.075000 0.000807
3.188000 3.075000 0.000801
3.263000 3.075000 0.000795
3.338000 3.075000 0.000790
3.413000 3.075000 0.000785
3.488000 3.075000 0.000781
3.563000 3.075000 0.000778
3.638000 3.075000 0.000776
3.713000 3.075000 0.000774
3.788000 3.075000 0.000774
3.863000 3.075000 0.000000
-0.037500 3.225000 0.000000
0.037500 3.225000 0.000491
0.112500 3.225000 0.000492
0.187500 3.225000 0.000493
0.262500 3.225000 0.000495
0.337500 3.225000 0.000497
0.412500 3.225000 0.000499
0.487500 3.225000 0.000502
0.562500 3.225000 0.000506
0.637500 3.225000 0.000509
0.712500 3.225000 0.000513
0.787500 3.225000 0.000517
0.862500 3.225000 0.000521
0.937500 3.225000 0.000525
1.012000 3.225000 0.000529
1.087000 3.225000 0.000533
1.163000 3.225000 0.000537
1.238000 3.225000 0.000540
1.313000 3.225000 0.000544
1.388000 3.225000 0.000547
1.463000 3.225000 0.000549
1.538000 3.225000 0.000551
1.613000 3.225000 0.000553
1.688000 3.225000 0.000554
1.763000 3.225000 0.000554
1.838000 3.225000 0.000554
1.913000 3.225000 0.000554
1.988000 3.225000 0.000552
2.063000 3.225000 0.000551
2.138000 3.225000 0.000549
2.213000 3.225000 0.000546
2.288000 3.225000 0.000543
2.363000 3.225000 0.000539
2.438000 3.225000 0.000536
2.513000 3.225000 0.000532
2.588000 3.225000 0.000527
2.663000 3.225000 0.000523
2.738000 3.225000 0.000518
2.813000 3.225000 0.000514
2.888000 3.225000 0.000509
2.963000 3.225000 0.000505
3.038000 3.225000 0.000501
3.113000 3.225000 0.000497
3.188000 3.225000 0.000493
3.263000 3.225000 0.000490
3.338000 3.225000 0.000487
3.413000 3.225000 0.000484
3.488000 3.225000 0.000482
3.563000 3.225000 0.000480
3.638000 3.225000 0.000478
3.713000 3.225000 0.000477
3.788000 3.225000 0.000477
3.863000 3.225000 0.000000
-0.037500 3.375000 0.000000
0.037500 3.375000 0.000301
0.112500 3.375000 0.000301
0.187500 3.375000 0.000302
0.262500 3.375000 0.000303
0.337500 3.375000 0.000304
0.412500 3.375000 0.000305
0.487500 3.375000 0.000307
0.562500 3.375000 0.000309
0.637500 3.375000 0.000311
0.712500 3.375000 0.000313
0.787500 3.375000 0.000316
0.862500 3.375000 0.000318
0.937500 3.375000 0.000320
1.012000 3.375000 0.000323
1.087000 3.375000 0.000325
1.163000 3.375000 0.000327
1.238000 3.375000 0.000329
1.313000 3.375000 0.000331
1.388000 3.375000 0.000333
1.463000 3.375000 0.000334
1.538000 3.375000 0.000335
1.613000 3.375000 0.000336
1.688000 3.375000 0.000337
1.763000 3.375000 0.000337
1.838000 3.375000 0.000337
1.913000 3.375000 0.000337
1.988000 3.375000 0.000336
2.063000 3.375000 0.000335
2.138000 3.375000 0.000334
2.213000 3.375000 0.000332
2.288000 3.375000 0.000331
2.363000 3.375000 0.000328
2.438000 3.375000 0.000326
2.513000 3.375000 0.000324
2.588000 3.375000 0.000321
2.663000 3.375000 0.000319
2.738000 3.375000 0.000316
2.813000 3.375000 0.000314
2.888000 3.375000 0.000311
2.963000 3.375000 0.000308
3.038000 3.375000 0.000306
3.113000 3.375000 0.000304
3.188000 3.375000 0.000301
3.263000 3.375000 0.000299
3.338000 3.375000 0.000297
3.413000 3.375000 0.000296
3.488000 3.375000 0.000295
3.563000 3.375000 0.000293
3.638000 3.375000 0.000293
3.713000 3.375000 0.000292
3.788000 3.375000 0.000292
3.863000 3.375000 0.000000
-0.037500 3.525000 0.000000
0.037500 3.525000 0.000183
0.112500 3.525000 0.000183
0.187500 3.525000 0.000183
0.262500 3.525000 0.000184
0.337500 3.525000 0.000185
0.412500 3.525000 0.000186
0.487500 3.525000 0.000186
0.562500 3.525000 0.000188
0.637500 3.525000 0.000189
0.712500 3.525000 0.000190
0.787500 3.525000 0.000191
0.862500 3.525000 0.000193
0.937500 3.525000 0.000194
1.012000 3.525000 0.000196
1.087000 3.525000 0.000197
1.163000 3.525000 0.000198
1.238000 3.525000 0.000199
1.313000 3.525000 0.000200
1.388000 3.525000 0.000201
1.463000 3.525000 0.000202
1.538000 3.525000 0.000203
1.613000 3.525000 0.000203
1.688000 3.525000 0.000204
1.763000 3.525000 0.000204
1.838000 3.525000 0.000204
1.913000 3.525000 0.000203
1.988000 3.525000 0.000203
2.063000 3.525000 0.000202
2.138000 3.525000 0.000202
2.213000 3.525000 0.000201
2.288000 3.525000 0.000200
2.363000 3.525000 0.000199
2.438000 3.525000 0.000197
2.513000 3.525000 0.000196
2.588000 3.525000 0.000194
2.663000 3.525000 0.000193
2.738000 3.525000 0.000191
2.813000 3.525000 0.000190
2.888000 3.525000 0.000188
2.963000 3.525000 0.000187
3.038000 3.525000 0.000185
3.113000 3.525000 0.000184
3.188000 3.525000 0.000183
3.263000 3.525000 0.000182
3.338000 3.525000 0.000181
3.413000 3.525000 0.000180
3.488000 3.525000 0.000179
3.563000 3.525000 0.000178
3.638000 3.525000 0.000178
3.713000 3.525000 0.000177
3.788000 3.525000 0.000177
3.863000 3.525000 0.000000
-0.037500 3.675000 0.000000
0.037500 3.675000 0.000110
0.112500 3.675000 0.000110
0.187500 3.675000 0.000110
0.262500 3.675000 0.000111
0.337500 3.675000 0.000111
0.412500 3.675000 0.000112
0.487500 3.675000 0.000112
0.562500 3.675000 0.000113
0.637500 3.675000 0.000114
0.712500 3.675000 0.000114
0.787500 3.675000 0.000115
0.862500 3.675000 0.000116
0.937500 3.675000 0.000117
1.012000 3.675000 0.000117
1.087000 3.675000 0.000118
1.163000 3.675000 0.000119
1.238000 3.675000 0.000120
1.313000 3.675000 0.000120
1.388000 3.675000 0.000121
1.463000 3.675000 0.000121
1.538000 3.675000 0.000122
1.613000 3.675000 0.000122
1.688000 3.675000 0.000122
1.763000 3.675000 0.000122
1.838000 3.675000 0.000122
1.913000 3.675000 0.000122
1.988000 3.675000 0.000122
2.063000 3.675000 0.000121
2.138000 3.675000 0.000121
2.213000 3.675000 0.000121
2.288000 3.675000 0.000120
2.363000 3.675000 0.000119
2.438000 3.675000 0.000118
2.513000 3.675000 0.000118
2.588000 3.675000 0.000117
2.663000 3.675000 0.000116
2.738000 3.675000 0.000115
2.813000 3.675000 0.000114
2.888000 3.675000 0.000113
2.963000 3.675000 0.000112
3.038000 3.675000 0.000112
3.113000 3.675000 0.000111
3.188000 3.675000 0.000110
3.263000 3.675000 0.000109
3.338000 3.675000 0.000109
3.413000 3.675000 0.000108
3.488000 3.675000 0.000108
3.563000 3.675000 0.000107
3.638000 3.675000 0.000107
3.713000 3.675000 0.000107
3.788000 3.675000 0.000107
3.863000 3.675000 0.000000
-0.037500 3.825000 0.000000
0.037500 3.825000 0.000066
0.112500 3.825000 0.000066
0.187500 3.825000 0.000066
0.262500 3.825000 0.000066
0.337500 3.825000 0.000066
0.412500 3.825000 0.000067
0.487500 3.825000 0.000067
0.562500 3.825000 0.000067
0.637500 3.825000 0.000068
0.712500 3.825000 0.000068
0.787500 3.825000 0.000069
0.862500 3.825000 0.000069
0.937500 3.825000 0.000070
1.012000 3.825000 0.000070
1.087000 3.825000 0.000070
1.163000 3.825000 0.000071
1.238000 3.825000 0.000071
1.313000 3.825000 0.000072
1.388000 3.825000 0.000072
1.463000 3.825000 0.000072
1.538000 3.825000 0.000072
1.613000 3.825000 0.000073
1.688000 3.825000 0.000073
1.763000 3.825000 0.000073
1.838000 3.825000 0.000073
1.913000 3.825000 0.000073
1.988000 3.825000 0.000072
2.063000 3.825000 0.000072
2.138000 3.825000 0.000072
2.213000 3.825000 0.000072
2.288000 3.825000 0.000071
2.363000 3.825000 0.000071
2.438000 3.825000 0.000071
2.513000 3.825000 0.000070
2.588000 3.825000 0.000070
2.663000 3.825000 0.000069
2.738000 3.825000 0.000069
2.813000 3.825000 0.000068
2.888000 3.825000 0.000068
2.963000 3.825000 0.000067
3.038000 3.825000 0.000067
3.113000 3.825000 0.000066
3.188000 3.825000 0.000066
3.263000 3.825000 0.000065
3.338000 3.825000 0.000065
3.413000 3.825000 0.000065
3.488000 3.825000 0.000064
3.563000 3.825000 0.000064
3.638000 3.825000 0.000064
3.713000 3.825000 0.000064
3.788000 3.825000 0.000064
3.863000 3.825000 0.000000
-0.037500 3.975000 0.000000
0.037500 3.975000 0.000039
0.112500 3.975000 0.000039
0.187500 3.975000 0.000039
0.262500 3.975000 0.000039
0.337500 3.975000 0.000039
0.412500 3.975000 0.000040
0.487500 3.975000 0.000040
0.562500 3.975000 0.000040
0.637500 3.975000 0.000040
0.712500 3.975000 0.000040
0.787500 3.975000 0.000041
0.862500 3.975000 0.000041
0.937500 3.975000 0.000041
1.012000 3.975000 0.000041
1.087000 3.975000 0.000042
1.163000 3.975000 0.000042
1.238000 3.975000 0.000042
1.313000 3.975000 0.000042
1.388000 3.975000 0.000043
1.463000 3.975000 0.000043
1.538000 3.975000 0.000043
1.613000 3.975000 0.000043
1.688000 3.975000 0.000043
1.763000 3.975000 0.000043
1.838000 3.975000 0.000043
1.913000 3.975000 0.000043
1.988000 3.975000 0.000043
2.063000 3.975000 0.000043
2.138000 3.975000 0.000043
2.213000 3.975000 0.000042
2.288000 3.975000 0.000042
2.363000 3.975000 0.000042
2.438000 3.975000 0.000042
2.513000 3.975000 0.000041
2.588000 3.975000 0.000041
2.663000 3.975000 0.000041
2.738000 3.975000 0.000041
2.813000 3.975000 0.000040
2.888000 3.975000 0.000040
2.963000 3.975000 0.000040
3.038000 3.975000 0.000039
3.113000 3.975000 0.000039
3.188000 3.975000 0.000039
3.263000 3.975000 0.000039
3.338000 3.975000 0.000039
3.413000 3.975000 0.000038
3.488000 3.975000 0.000038
3.563000 3.975000 0.000038
3.638000 3.975000 0.000038
3.713000 3.975000 0.000038
3.788000 3.975000 0.000038
3.863000 3.975000 0.000000
-0.037500 4.125000 0.000000
0.037500 4.125000 0.000023
0.112500 4.125000 0.000023
0.187500 4.125000 0.000023
0.262500 4.125000 0.000023
0.337500 4.125000 0.000023
0.412500 4.125000 0.000023
0.487500 4.125000 0.000023
0.562500 4.125000 0.000024
0.637500 4.125000 0.000024
0.712500 4.125000 0.000024
0.787500 4.125000 0.000024
0.862500 4.125000 0.000024
0.937500 4.125000 0.000024
1.012000 4.125000 0.000024
1.087000 4.125000 0.000024
1.163000 4.125000 0.000025
1.238000 4.125000 0.000025
1.313000 4.125000 0.000025
1.388000 4.125000 0.000025
1.463000 4.125000 0.000025
1.538000 4.125000 0.000025
1.613000 4.125000 0.000025
1.688000 4.125000 0.000025
1.763000 4.125000 0.000025
1.838000 4.125000 0.000025
1.913000 4.125000 0.000025
1.988000 4.125000 0.000025
2.063000 4.125000 0.000025
2.138000 4.125000 0.000025
2.213000 4.125000 0.000025
2.288000 4.125000 0.000025
2.363000 4.125000 0.000025
2.438000 4.125000 0.000024
2.513000 4.125000 0.000024
2.588000 4.125000 0.000024
2.663000 4.125000 0.000024
2.738000 4.125000 0.000024
2.813000 4.125000 0.000024
2.888000 4.125000 0.000024
2.963000 4.125000 0.000023
3.038000 4.125000 0.000023
3.113000 4.125000 0.000023
3.188000 4.125000 0.000023
3.263000 4.125000 0.000023
3.338000 4.125000 0.000023
3.413000 4.125000 0.000023
3.488000 4.125000 0.000022
3.563000 4.125000 0.000022
3.638000 4.125000 0.000022
3.713000 4.125000 0.000022
3.788000 4.125000 0.000022
3.863000 4.125000 0.000000
-0.037500 4.275000 0.000000
0.037500 4.275000 0.000013
0.112500 4.275000 0.000013
0.187500 4.275000 0.000013
0.262500 4.275000 0.000014
0.337500 4.275000 0.000014
0.412500 4.275000 0.000014
0.487500 4.275000 0.000014
0.562500 4.275000 0.000014
0.637500 4.275000 0.000014
0.712500 4.275000 0.000014
0.787500 4.275000 0.000014
0.862500 4.275000 0.000014
0.937500 4.275000 0.000014
1.012000 4.275000 0.000014
1.087000 4.275000 0.000014
1.163000 4.275000 0.000014
1.238000 4.275000 0.000014
1.313000 4.275000 0.000014
1.388000 4.275000 0.000015
1.463000 4.275000 0.000015
1.538000 4.275000 0.000015
1.613000 4.275000 0.000015
1.688000 4.275000 0.000015
1.763000 4.275000 0.000015
1.838000 4.275000 0.000015
1.913000 4.275000 0.000015
1.988000 4.275000 0.000015
2.063000 4.275000 0.000015
2.138000 4.275000 0.000015
2.213000 4.275000 0.000014
2.288000 4.275000 0.000014
2.363000 4.275000 0.000014
2.438000 4.275000 0.000014
2.513000 4.275000 0.000014
2.588000 4.275000 0.000014
2.663000 4.275000 0.000014
2.738000 4.275000 0.000014
2.813000 4.275000 0.000014
2.888000 4.275000 0.000014
2.963000 4.275000 0.000014
3.038000 4.275000 0.000014
3.113000 4.275000 0.000013
3.188000 4.275000 0.000013
3.263000 4.275000 0.000013
3.338000 4.275000 0.000013
3.413000 4.275000 0.000013
3.488000 4.275000 0.000013
3.563000 4.275000 0.000013
3.638000 4.275000 0.000013
3.713000 4.275000 0.000013
3.788000 4.275000 0.000013
3.863000 4.275000 0.000000
-0.037500 4.425000 0.000000
0.037500 4.425000 0.000008
0.112500 4.425000 0.000008
0.187500 4.425000 0.000008
0.262500 4.425000 0.000008
0.337500 4.425000 0.000008
0.412500 4.425000 0.000008
0.487500 4.425000 0.000008
0.562500 4.425000 0.000008
0.637500 4.425000 0.000008
0.712500 4.425000 0.000008
0.787500 4.425000 0.000008
0.862500 4.425000 0.000008
0.937500 4.425000 0.000008
1.012000 4.425000 0.000008
1.087000 4.425000 0.000008
1.163000 4.425000 0.000008
1.238000 4.425000 0.000008
1.313000 4.425000 0.000008
1.388000 4.425000 0.000008
1.463000 4.425000 0.000008
1.538000 4.425000 0.000008
1.613000 4.425000 0.000008
1.688000 4.425000 0.000008
1.763000 4.425000 0.000008
1.838000 4.425000 0.000008
1.913000 4.425000 0.000008
1.988000 4.425000 0.000008
2.063000 4.425000 0.000008
2.138000 4.425000 0.000008
2.213000 4.425000 0.000008
2.288000 4.425000 0.000008
2.363000 4.425000 0.000008
2.438000 4.425000 0.000008
2.513000 4.425000 0.000008
2.588000 4.425000 0.000008
2.663000 4.425000 0.000008
2.738000 4.425000 0.000008
2.813000 4.425000 0.000008
2.888000 4.425000 0.000008
2.963000 4.425000 0.000008
3.038000 4.425000 0.000008
3.113000 4.425000 0.000008
3.188000 4.425000 0.000008
3.263000 4.425000 0.000008
3.338000 4.425000 0.000008
3.413000 4.425000 0.000008
3.488000 4.425000 0.000008
3.563000 4.425000 0.000008
3.638000 4.425000 0.000008
3.713000 4.425000 0.000008
3.788000 4.425000 0.000008
3.863000 4.425000 0.000000
-0.037500 4.575000 0.000000
0.037500 4.575000 0.000005
0.112500 4.575000 0.000005
0.187500 4.575000 0.000005
0.262500 4.575000 0.000005
0.337500 4.575000 0.000005
0.412500 4.575000 0.000005
0.487500 4.575000 0.000005
0.562500 4.575000 0.000005
0.637500 4.575000 0.000005
0.712500 4.575000 0.000005
0.787500 4.575000 0.000005
0.862500 4.575000 0.000005
0.937500 4.575000 0.000005
1.012000 4.575000 0.000005
1.087000 4.575000 0.000005
1.163000 4.575000 0.000005
1.238000 4.575000 0.000005
1.313000 4.575000 0.000005
1.388000 4.575000 0.000005
1.463000 4.575000 0.000005
1.538000 4.575000 0.000005
1.613000 4.575000 0.000005
1.688000 4.575000 0.000005
1.763000 4.575000 0.000005
1.838000 4.575000 0.000005
1.913000 4.575000 0.000005
1.988000 4.575000 0.000005
2.063000 4.575000 0.000005
2.138000 4.575000 0.000005
2.213000 4.575000 0.000005
2.288000 4.575000 0.000005
2.363000 4.575000 0.000005
2.438000 4.575000 0.000005
2.513000 4.575000 0.000005
2.588000 4.575000 0.000005
2.663000 4.575000 0.000005
2.738000 4.575000 0.000005
2.813000 4.575000 0.000005
2.888000 4.575000 0.000005
2.963000 4.575000 0.000005
3.038000 4.575000 0.000005
3.113000 4.575000 0.000005
3.188000 4.575000 0.000005
3.263000 4.575000 0.000004
3.338000 4.575000 0.000004
3.413000 4.575000 0.000004
3.488000 4.575000 0.000004
3.563000 4.575000 0.000004
3.638000 4.575000 0.000004
3.713000 4.575000 0.000004
3.788000 4.575000 0.000004
3.863000 4.575000 0.000000
-0.037500 4.725000 0.000000
0.037500 4.725000 0.000003
0.112500 4.725000 0.000003
0.187500 4.725000 0.000003
0.262500 4.725000 0.000003
0.337500 4.725000 0.000003
0.412500 4.725000 0.000003
0.487500 4.725000 0.000003
0.562500 4.725000 0.000003
0.637500 4.725000 0.000003
0.712500 4.725000 0.000003
0.787500 4.725000 0.000003
0.862500 4.725000 0.000003
0.937500 4.725000 0.000003
1.012000 4.725000 0.000003
1.087000 4.725000 0.000003
1.163000 4.725000 0.000003
1.238000 4.725000 0.000003
1.313000 4.725000 0.000003
1.388000 4.725000 0.000003
1.463000 4.725000 0.000003
1.538000 4.725000 0.000003
1.613000 4.725000 0.000003
1.688000 4.725000 0.000003
1.763000 4.725000 0.000003
1.838000 4.725000 0.000003
1.913000 4.725000 0.000003
1.988000 4.725000 0.000003
2.063000 4.725000 0.000003
2.138000 4.725000 0.000003
2.213000 4.725000 0.000003
2.288000 4.725000 0.000003
2.363000 4.725000 0.000003
2.438000 4.725000 0.000003
2.513000 4.725000 0.000003
2.588000 4.725000 0.000003
2.663000 4.725000 0.000003
2.738000 4.725000 0.000003
2.813000 4.725000 0.000003
2.888000 4.725000 0.000003
2.963000 4.725000 0.000003
3.038000 4.725000 0.000003
3.113000 4.725000 0.000003
3.188000 4.725000 0.000003
3.263000 4.725000 0.000003
3.338000 4.725000 0.000003
3.413000 4.725000 0.000003
3.488000 4.725000 0.000003
3.563000 4.725000 0.000003
3.638000 4.725000 0.000003
3.713000 4.725000 0.000003
3.788000 4.725000 0.000003
3.863000 4.725000 0.000000
-0.037500 4.875000 0.000000
0.037500 4.875000 0.000002
0.112500 4.875000 0.000002
0.187500 4.875000 0.000002
0.262500 4.875000 0.000002
0.337500 4.875000 0.000002
0.412500 4.875000 0.000002
0.487500 4.875000 0.000002
0.562500 4.875000 0.000002
0.637500 4.875000 0.000002
0.712500 4.875000 0.000002
0.787500 4.875000 0.000002
0.862500 4.875000 0.000002
0.937500 4.875000 0.000002
1.012000 4.875000 0.000002
1.087000 4.875000 0.000002
1.163000 4.875000 0.000002
1.238000 4.875000 0.000002
1.313000 4.875000 0.000002
1.388000 4.875000 0.000002
1.463000 4.875000 0.000002
1.538000 4.875000 0.000002
1.613000 4.875000 0.000002
1.688000 4.875000 0.000002
1.763000 4.875000 0.000002
1.838000 4.875000 0.000002
1.913000 4.875000 0.000002
1.988000 4.875000 0.000002
2.063000 4.875000 0.000002
2.138000 4.875000 0.000002
2.213000 4.875000 0.000002
2.288000 4.875000 0.000002
2.363000 4.875000 0.000002
2.438000 4.875000 0.000002
2.513000 4.875000 0.000002
2.588000 4.875000 0.000002
2.663000 4.875000 0.000002
2.738000 4.875000 0.000002
2.813000 4.875000 0.000002
2.888000 4.875000 0.000002
2.963000 4.875000 0.000002
3.038000 4.875000 0.000002
3.113000 4.875000 0.000002
3.188000 4.875000 0.000002
3.263000 4.875000 0.000002
3.338000 4.875000 0.000002
3.413000 4.875000 0.000002
3.488000 4.875000 0.000002
3.563000 4.875000 0.000002
3.638000 4.875000 0.000002
3.713000 4.875000 0.000002
3.788000 4.875000 0.000002
3.863000 4.875000 0.000000
-0.037500 5.025000 0.000000
0.037500 5.025000 0.000001
0.112500 5.025000 0.000001
0.187500 5.025000 0.000001
0.262500 5.025000 0.000001
0.337500 5.025000 0.000001
0.412500 5.025000 0.000001
0.487500 5.025000 0.000001
0.562500 5.025000 0.000001
0.637500 5.025000 0.000001
0.712500 5.025000 0.000001
0.787500 5.025000 0.000001
0.862500 5.025000 0.000001
0.937500 5.025000 0.000001
1.012000 5.025000 0.000001
1.087000 5.025000 0.000001
1.163000 5.025000 0.000001
1.238000 5.025000 0.000001
1.313000 5.025000 0.000001
1.388000 5.025000 0.000001
1.463000 5.025000 0.000001
1.538000 5.025000 0.000001
1.613000 5.025000 0.000001
1.688000 5.025000 0.000001
1.763000 5.025000 0.000001
1.838000 5.025000 0.000001
1.913000 5.025000 0.000001
1.988000 5.025000 0.000001
2.063000 5.025000 0.000001
2.138000 5.025000 0.000001
2.213000 5.025000 0.000001
2.288000 5.025000 0.000001
2.363000 5.025000 0.000001
2.438000 5.025000 0.000001
2.513000 5.025000 0.000001
2.588000 5.025000 0.000001
2.663000 5.025000 0.000001
2.738000 5.025000 0.000001
2.813000 5.025000 0.000001
2.888000 5.025000 0.000001
2.963000 5.025000 0.000001
3.038000 5.025000 0.000001
3.113000 5.025000 0.000001
3.188000 5.025000 0.000001
3.263000 5.025000 0.000001
3.338000 5.025000 0.000001
3.413000 5.025000 0.000001
3.488000 5.025000 0.000001
3.563000 5.025000 0.000001
3.638000 5.025000 0.000001
3.713000 5.025000 0.000001
3.788000 5.025000 0.000001
3.863000 5.025000 0.000000
-0.037500 5.175000 0.000000
0.037500 5.175000 0.000000
0.112500 5.175000 0.000000
0.187500 5.175000 0.000000
0.262500 5.175000 0.000000
0.337500 5.175000 0.000000
0.412500 5.175000 0.000000
0.487500 5.175000 0.000000
0.562500 5.175000 0.000000
0.637500 5.175000 0.000000
0.712500 5.175000 0.000000
0.787500 5.175000 0.000000
0.862500 5.175000 0.000000
0.937500 5.175000 0.000000
1.012000 5.175000 0.000000
1.087000 5.175000 0.000000
1.163000 5.175000 0.000000
1.238000 5.175000 0.000000
1.313000 5.175000 0.000000
1.388000 5.175000 0.000000
1.463000 5.175000 0.000000
1.538000 5.175000 0.000000
1.613000 5.175000 0.000000
1.688000 5.175000 0.000000
1.763000 5.175000 0.000000
1.838000 5.175000 0.000000
1.913000 5.175000 0.000000
1.988000 5.175000 0.000000
2.063000 5.175000 0.000000
2.138000 5.175000 0.000000
2.213000 5.175000 0.000000
2.288000 5.175000 0.000000
2.363000 5.175000 0.000000
2.438000 5.175000 0.000000
2.513000 5.175000 0.000000
2.588000 5.175000 0.000000
2.663000 5.175000 0.000000
2.738000 5.175000 0.000000
2.813000 5.175000 0.000000
2.888000 5.175000 0.000000
2.963000 5.175000 0.000000
3.038000 5.175000 0.000000
3.113000 5.175000 0.000000
3.188000 5.175000 0.000000
3.263000 5.175000 0.000000
3.338000 5.175000 0.000000
3.413000 5.175000 0.000000
3.488000 5.175000 0.000000
3.563000 5.175000 0.000000
3.638000 5.175000 0.000000
3.713000 5.175000 0.000000
3.788000 5.175000 0.000000
3.863000 5.175000 0.000000
