-0.037500 -0.075000 0.000000
0.037500 -0.075000 0.000000
0.112500 -0.075000 0.000000
0.187500 -0.075000 0.000000
0.262500 -0.075000 0.000000
0.337500 -0.075000 0.000000
0.412500 -0.075000 0.000000
0.487500 -0.075000 0.000000
0.562500 -0.075000 0.000000
0.637500 -0.075000 0.000000
0.712500 -0.075000 0.000000
0.787500 -0.075000 0.000000
0.862500 -0.075000 0.000000
0.937500 -0.075000 0.000000
1.012000 -0.075000 0.000000
1.087000 -0.075000 0.000000
1.163000 -0.075000 0.000000
1.238000 -0.075000 0.000000
1.313000 -0.075000 0.000000
1.388000 -0.075000 0.000000
1.463000 -0.075000 0.000000
1.538000 -0.075000 0.000000
1.613000 -0.075000 0.000000
1.688000 -0.075000 0.000000
1.763000 -0.075000 0.000000
1.838000 -0.075000 0.000000
1.913000 -0.075000 0.000000
1.988000 -0.075000 0.000000
2.063000 -0.075000 0.000000
2.138000 -0.075000 0.000000
2.213000 -0.075000 0.000000
2.288000 -0.075000 0.000000
2.363000 -0.075000 0.000000
2.438000 -0.075000 0.000000
2.513000 -0.075000 0.000000
2.588000 -0.075000 0.000000
2.663000 -0.075000 0.000000
2.738000 -0.075000 0.000000
2.813000 -0.075000 0.000000
2.888000 -0.075000 0.000000
2.963000 -0.075000 0.000000
3.038000 -0.075000 0.000000
3.113000 -0.075000 0.000000
3.188000 -0.075000 0.000000
3.263000 -0.075000 0.000000
3.338000 -0.075000 0.000000
3.413000 -0.075000 0.000000
3.488000 -0.075000 0.000000
3.563000 -0.075000 0.000000
3.638000 -0.075000 0.000000
3.713000 -0.075000 0.000000
3.788000 -0.075000 0.000000
3.863000 -0.075000 0.000000
-0.037500 0.075000 0.000000
0.037500 0.075000 0.001090
0.112500 0.075000 0.002180
0.187500 0.075000 0.003260
0.262500 0.075000 0.004350
0.337500 0.075000 0.005440
0.412500 0.075000 0.006520
0.487500 0.075000 0.007610
0.562500 0.075000 0.008690
0.637500 0.075000 0.009770
0.712500 0.075000 0.010840
0.787500 0.075000 0.011910
0.862500 0.075000 0.012970
0.937500 0.075000 0.014010
1.012000 0.075000 0.015030
1.087000 0.075000 0.016030
1.163000 0.075000 0.017000
1.238000 0.075000 0.017930
1.313000 0.075000 0.018810
1.388000 0.075000 0.019630
1.463000 0.075000 0.020390
1.538000 0.075000 0.021060
1.613000 0.075000 0.021650
1.688000 0.075000 0.022120
1.763000 0.075000 0.022490
1.838000 0.075000 0.022730
1.913000 0.075000 0.022840
1.988000 0.075000 0.022830
2.063000 0.075000 0.022700
2.138000 0.075000 0.022460
2.213000 0.075000 0.022120
2.288000 0.075000 0.021690
2.363000 0.075000 0.021190
2.438000 0.075000 0.020630
2.513000 0.075000 0.020040
2.588000 0.075000 0.019410
2.663000 0.075000 0.018770
2.738000 0.075000 0.018120
2.813000 0.075000 0.017480
2.888000 0.075000 0.016840
2.963000 0.075000 0.016220
3.038000 0.075000 0.015610
3.113000 0.075000 0.015030
3.188000 0.075000 0.014460
3.263000 0.075000 0.013910
3.338000 0.075000 0.013390
3.413000 0.075000 0.012890
3.488000 0.075000 0.012410
3.563000 0.075000 0.011950
3.638000 0.075000 0.011520
3.713000 0.075000 0.011100
3.788000 0.075000 0.010710
3.863000 0.075000 0.000000
-0.037500 0.225000 0.000000
0.037500 0.225000 0.001090
0.112500 0.225000 0.002180
0.187500 0.225000 0.003260
0.262500 0.225000 0.004350
0.337500 0.225000 0.005440
0.412500 0.225000 0.006520
0.487500 0.225000 0.007610
0.562500 0.225000 0.008690
0.637500 0.225000 0.009770
0.712500 0.225000 0.010840
0.787500 0.225000 0.011910
0.862500 0.225000 0.012970
0.937500 0.225000 0.014010
1.012000 0.225000 0.015030
1.087000 0.225000 0.016030
1.163000 0.225000 0.017000
1.238000 0.225000 0.017930
1.313000 0.225000 0.018810
1.388000 0.225000 0.019630
1.463000 0.225000 0.020390
1.538000 0.225000 0.021060
1.613000 0.225000 0.021650
1.688000 0.225000 0.022120
1.763000 0.225000 0.022490
1.838000 0.225000 0.022730
1.913000 0.225000 0.022840
1.988000 0.225000 0.022830
2.063000 0.225000 0.022700
2.138000 0.225000 0.022460
2.213000 0.225000 0.022120
2.288000 0.225000 0.021690
2.363000 0.225000 0.021190
2.438000 0.225000 0.020630
2.513000 0.225000 0.020040
2.588000 0.225000 0.019410
2.663000 0.225000 0.018770
2.738000 0.225000 0.018120
2.813000 0.225000 0.017480
2.888000 0.225000 0.016840
2.963000 0.225000 0.016220
3.038000 0.225000 0.015610
3.113000 0.225000 0.015030
3.188000 0.225000 0.014460
3.263000 0.225000 0.013910
3.338000 0.225000 0.013390
3.413000 0.225000 0.012890
3.488000 0.225000 0.012410
3.563000 0.225000 0.011950
3.638000 0.225000 0.011520
3.713000 0.225000 0.011100
3.788000 0.225000 0.010710
3.863000 0.225000 0.000000
-0.037500 0.375000 0.000000
0.037500 0.375000 0.099290
0.112500 0.375000 0.099640
0.187500 0.375000 0.100200
0.262500 0.375000 0.101000
0.337500 0.375000 0.101800
0.412500 0.375000 0.102800
0.487500 0.375000 0.103800
0.562500 0.375000 0.104800
0.637500 0.375000 0.105900
0.712500 0.375000 0.107000
0.787500 0.375000 0.108100
0.862500 0.375000 0.109300
0.937500 0.375000 0.110400
1.012000 0.375000 0.111500
1.087000 0.375000 0.112500
1.163000 0.375000 0.113500
1.238000 0.375000 0.114400
1.313000 0.375000 0.115300
1.388000 0.375000 0.116100
1.463000 0.375000 0.116800
1.538000 0.375000 0.117400
1.613000 0.375000 0.117900
1.688000 0.375000 0.118200
1.763000 0.375000 0.118400
1.838000 0.375000 0.118500
1.913000 0.375000 0.118400
1.988000 0.375000 0.118200
2.063000 0.375000 0.117900
2.138000 0.375000 0.117400
2.213000 0.375000 0.116800
2.288000 0.375000 0.116200
2.363000 0.375000 0.115400
2.438000 0.375000 0.114600
2.513000 0.375000 0.113700
2.588000 0.375000 0.112700
2.663000 0.375000 0.111800
2.738000 0.375000 0.110800
2.813000 0.375000 0.109800
2.888000 0.375000 0.108800
2.963000 0.375000 0.107900
3.038000 0.375000 0.107000
3.113000 0.375000 0.106100
3.188000 0.375000 0.105200
3.263000 0.375000 0.104400
3.338000 0.375000 0.103700
3.413000 0.375000 0.103000
3.488000 0.375000 0.102400
3.563000 0.375000 0.101900
3.638000 0.375000 0.101400
3.713000 0.375000 0.101100
3.788000 0.375000 0.100900
3.863000 0.375000 0.000000
-0.037500 0.525000 0.000000
0.037500 0.525000 0.188900
0.112500 0.525000 0.189100
0.187500 0.525000 0.189500
0.262500 0.525000 0.190000
0.337500 0.525000 0.190600
0.412500 0.525000 0.191300
0.487500 0.525000 0.192100
0.562500 0.525000 0.193000
0.637500 0.525000 0.193900
0.712500 0.525000 0.194900
0.787500 0.525000 0.195900
0.862500 0.525000 0.196800
0.937500 0.525000 0.197800
1.012000 0.525000 0.198800
1.087000 0.525000 0.199700
1.163000 0.525000 0.200500
1.238000 0.525000 0.201300
1.313000 0.525000 0.202000
1.388000 0.525000 0.202600
1.463000 0.525000 0.203200
1.538000 0.525000 0.203600
1.613000 0.525000 0.203800
1.688000 0.525000 0.204000
1.763000 0.525000 0.204000
1.838000 0.525000 0.203900
1.913000 0.525000 0.203600
1.988000 0.525000 0.203300
2.063000 0.525000 0.202700
2.138000 0.525000 0.202100
2.213000 0.525000 0.201400
2.288000 0.525000 0.200500
2.363000 0.525000 0.199600
2.438000 0.525000 0.198600
2.513000 0.525000 0.197500
2.588000 0.525000 0.196400
2.663000 0.525000 0.195200
2.738000 0.525000 0.194100
2.813000 0.525000 0.192900
2.888000 0.525000 0.191800
2.963000 0.525000 0.190600
3.038000 0.525000 0.189600
3.113000 0.525000 0.188500
3.188000 0.525000 0.187500
3.263000 0.525000 0.186600
3.338000 0.525000 0.185800
3.413000 0.525000 0.185000
3.488000 0.525000 0.184400
3.563000 0.525000 0.183900
3.638000 0.525000 0.183400
3.713000 0.525000 0.183100
3.788000 0.525000 0.183000
3.863000 0.525000 0.000000
-0.037500 0.675000 0.000000
0.037500 0.675000 0.240900
0.112500 0.675000 0.241000
0.187500 0.675000 0.241200
0.262500 0.675000 0.241600
0.337500 0.675000 0.242000
0.412500 0.675000 0.242600
0.487500 0.675000 0.243200
0.562500 0.675000 0.243900
0.637500 0.675000 0.244600
0.712500 0.675000 0.245400
0.787500 0.675000 0.246200
0.862500 0.675000 0.246900
0.937500 0.675000 0.247700
1.012000 0.675000 0.248500
1.087000 0.675000 0.249200
1.163000 0.675000 0.249800
1.238000 0.675000 0.250400
1.313000 0.675000 0.251000
1.388000 0.675000 0.251400
1.463000 0.675000 0.251700
1.538000 0.675000 0.252000
1.613000 0.675000 0.252100
1.688000 0.675000 0.252100
1.763000 0.675000 0.252000
1.838000 0.675000 0.251700
1.913000 0.675000 0.251300
1.988000 0.675000 0.250900
2.063000 0.675000 0.250200
2.138000 0.675000 0.249500
2.213000 0.675000 0.248700
2.288000 0.675000 0.247800
2.363000 0.675000 0.246800
2.438000 0.675000 0.245800
2.513000 0.675000 0.244700
2.588000 0.675000 0.243500
2.663000 0.675000 0.242400
2.738000 0.675000 0.241200
2.813000 0.675000 0.240000
2.888000 0.675000 0.238800
2.963000 0.675000 0.237700
3.038000 0.675000 0.236600
3.113000 0.675000 0.235500
3.188000 0.675000 0.234500
3.263000 0.675000 0.233600
3.338000 0.675000 0.232800
3.413000 0.675000 0.232100
3.488000 0.675000 0.231500
3.563000 0.675000 0.231000
3.638000 0.675000 0.230600
3.713000 0.675000 0.230300
3.788000 0.675000 0.230200
3.863000 0.675000 0.000000
-0.037500 0.825000 0.000000
0.037500 0.825000 0.261800
0.112500 0.825000 0.261900
0.187500 0.825000 0.262100
0.262500 0.825000 0.262400
0.337500 0.825000 0.262800
0.412500 0.825000 0.263300
0.487500 0.825000 0.263800
0.562500 0.825000 0.264400
0.637500 0.825000 0.265100
0.712500 0.825000 0.265800
0.787500 0.825000 0.266500
0.862500 0.825000 0.267200
0.937500 0.825000 0.267900
1.012000 0.825000 0.268600
1.087000 0.825000 0.269200
1.163000 0.825000 0.269800
1.238000 0.825000 0.270300
1.313000 0.825000 0.270800
1.388000 0.825000 0.271100
1.463000 0.825000 0.271400
1.538000 0.825000 0.271600
1.613000 0.825000 0.271600
1.688000 0.825000 0.271600
1.763000 0.825000 0.271400
1.838000 0.825000 0.271100
1.913000 0.825000 0.270700
1.988000 0.825000 0.270100
2.063000 0.825000 0.269500
2.138000 0.825000 0.268800
2.213000 0.825000 0.267900
2.288000 0.825000 0.267000
2.363000 0.825000 0.266000
2.438000 0.825000 0.264900
2.513000 0.825000 0.263800
2.588000 0.825000 0.262600
2.663000 0.825000 0.261400
2.738000 0.825000 0.260200
2.813000 0.825000 0.259000
2.888000 0.825000 0.257800
2.963000 0.825000 0.256700
3.038000 0.825000 0.255600
3.113000 0.825000 0.254500
3.188000 0.825000 0.253500
3.263000 0.825000 0.252600
3.338000 0.825000 0.251800
3.413000 0.825000 0.251100
3.488000 0.825000 0.250500
3.563000 0.825000 0.250000
3.638000 0.825000 0.249600
3.713000 0.825000 0.249300
3.788000 0.825000 0.249200
3.863000 0.825000 0.000000
-0.037500 0.975000 0.000000
0.037500 0.975000 0.277500
0.112500 0.975000 0.277600
0.187500 0.975000 0.277800
0.262500 0.975000 0.278100
0.337500 0.975000 0.278400
0.412500 0.975000 0.278900
0.487500 0.975000 0.279400
0.562500 0.975000 0.280000
0.637500 0.975000 0.280600
0.712500 0.975000 0.281200
0.787500 0.975000 0.281900
0.862500 0.975000 0.282500
0.937500 0.975000 0.283200
1.012000 0.975000 0.283800
1.087000 0.975000 0.284400
1.163000 0.975000 0.284900
1.238000 0.975000 0.285400
1.313000 0.975000 0.285800
1.388000 0.975000 0.286100
1.463000 0.975000 0.286300
1.538000 0.975000 0.286400
1.613000 0.975000 0.286500
1.688000 0.975000 0.286400
1.763000 0.975000 0.286100
1.838000 0.975000 0.285800
1.913000 0.975000 0.285300
1.988000 0.975000 0.284800
2.063000 0.975000 0.284100
2.138000 0.975000 0.283300
2.213000 0.975000 0.282500
2.288000 0.975000 0.281500
2.363000 0.975000 0.280500
2.438000 0.975000 0.279400
2.513000 0.975000 0.278200
2.588000 0.975000 0.277100
2.663000 0.975000 0.275900
2.738000 0.975000 0.274600
2.813000 0.975000 0.273400
2.888000 0.975000 0.272200
2.963000 0.975000 0.271100
3.038000 0.975000 0.269900
3.113000 0.975000 0.268900
3.188000 0.975000 0.267900
3.263000 0.975000 0.266900
3.338000 0.975000 0.266100
3.413000 0.975000 0.265400
3.488000 0.975000 0.264800
3.563000 0.975000 0.264300
3.638000 0.975000 0.263900
3.713000 0.975000 0.263600
3.788000 0.975000 0.263500
3.863000 0.975000 0.000000
-0.037500 1.125000 0.000000
0.037500 1.125000 0.288000
0.112500 1.125000 0.288100
0.187500 1.125000 0.288300
0.262500 1.125000 0.288600
0.337500 1.125000 0.288900
0.412500 1.125000 0.289400
0.487500 1.125000 0.289900
0.562500 1.125000 0.290400
0.637500 1.125000 0.291000
0.712500 1.125000 0.291600
0.787500 1.125000 0.292300
0.862500 1.125000 0.292900
0.937500 1.125000 0.293600
1.012000 1.125000 0.294200
1.087000 1.125000 0.294700
1.163000 1.125000 0.295200
1.238000 1.125000 0.295700
1.313000 1.125000 0.296100
1.388000 1.125000 0.296400
1.463000 1.125000 0.296600
1.538000 1.125000 0.296700
1.613000 1.125000 0.296600
1.688000 1.125000 0.296500
1.763000 1.125000 0.296300
1.838000 1.125000 0.295900
1.913000 1.125000 0.295400
1.988000 1.125000 0.294800
2.063000 1.125000 0.294200
2.138000 1.125000 0.293400
2.213000 1.125000 0.292500
2.288000 1.125000 0.291500
2.363000 1.125000 0.290400
2.438000 1.125000 0.289300
2.513000 1.125000 0.288100
2.588000 1.125000 0.286900
2.663000 1.125000 0.285700
2.738000 1.125000 0.284500
2.813000 1.125000 0.283200
2.888000 1.125000 0.282000
2.963000 1.125000 0.280800
3.038000 1.125000 0.279700
3.113000 1.125000 0.278600
3.188000 1.125000 0.277600
3.263000 1.125000 0.276600
3.338000 1.125000 0.275800
3.413000 1.125000 0.275000
3.488000 1.125000 0.274400
3.563000 1.125000 0.273900
3.638000 1.125000 0.273500
3.713000 1.125000 0.273300
3.788000 1.125000 0.273100
3.863000 1.125000 0.000000
-0.037500 1.275000 0.000000
0.037500 1.275000 0.298800
0.112500 1.275000 0.298900
0.187500 1.275000 0.299100
0.262500 1.275000 0.299400
0.337500 1.275000 0.299800
0.412500 1.275000 0.300200
0.487500 1.275000 0.300700
0.562500 1.275000 0.301300
0.637500 1.275000 0.301900
0.712500 1.275000 0.302600
0.787500 1.275000 0.303200
0.862500 1.275000 0.303900
0.937500 1.275000 0.304600
1.012000 1.275000 0.305200
1.087000 1.275000 0.305800
1.163000 1.275000 0.306300
1.238000 1.275000 0.306800
1.313000 1.275000 0.307200
1.388000 1.275000 0.307500
1.463000 1.275000 0.307700
1.538000 1.275000 0.307800
1.613000 1.275000 0.307800
1.688000 1.275000 0.307600
1.763000 1.275000 0.307400
1.838000 1.275000 0.307000
1.913000 1.275000 0.306500
1.988000 1.275000 0.305900
2.063000 1.275000 0.305100
2.138000 1.275000 0.304300
2.213000 1.275000 0.303300
2.288000 1.275000 0.302300
2.363000 1.275000 0.301200
2.438000 1.275000 0.300000
2.513000 1.275000 0.298800
2.588000 1.275000 0.297500
2.663000 1.275000 0.296200
2.738000 1.275000 0.294900
2.813000 1.275000 0.293600
2.888000 1.275000 0.292300
2.963000 1.275000 0.291100
3.038000 1.275000 0.289900
3.113000 1.275000 0.288700
3.188000 1.275000 0.287700
3.263000 1.275000 0.286700
3.338000 1.275000 0.285800
3.413000 1.275000 0.285000
3.488000 1.275000 0.284400
3.563000 1.275000 0.283800
3.638000 1.275000 0.283400
3.713000 1.275000 0.283200
3.788000 1.275000 0.283100
3.863000 1.275000 0.000000
-0.037500 1.425000 0.000000
0.037500 1.425000 0.302200
0.112500 1.425000 0.302200
0.187500 1.425000 0.302400
0.262500 1.425000 0.302700
0.337500 1.425000 0.303100
0.412500 1.425000 0.303500
0.487500 1.425000 0.304000
0.562500 1.425000 0.304600
0.637500 1.425000 0.305200
0.712500 1.425000 0.305800
0.787500 1.425000 0.306400
0.862500 1.425000 0.307100
0.937500 1.425000 0.307700
1.012000 1.425000 0.308400
1.087000 1.425000 0.308900
1.163000 1.425000 0.309400
1.238000 1.425000 0.309900
1.313000 1.425000 0.310300
1.388000 1.425000 0.310600
1.463000 1.425000 0.310800
1.538000 1.425000 0.310800
1.613000 1.425000 0.310800
1.688000 1.425000 0.310600
1.763000 1.425000 0.310400
1.838000 1.425000 0.310000
1.913000 1.425000 0.309500
1.988000 1.425000 0.308800
2.063000 1.425000 0.308100
2.138000 1.425000 0.307200
2.213000 1.425000 0.306300
2.288000 1.425000 0.305200
2.363000 1.425000 0.304100
2.438000 1.425000 0.302900
2.513000 1.425000 0.301700
2.588000 1.425000 0.300400
2.663000 1.425000 0.299100
2.738000 1.425000 0.297700
2.813000 1.425000 0.296400
2.888000 1.425000 0.295100
2.963000 1.425000 0.293900
3.038000 1.425000 0.292700
3.113000 1.425000 0.291500
3.188000 1.425000 0.290400
3.263000 1.425000 0.289500
3.338000 1.425000 0.288600
3.413000 1.425000 0.287800
3.488000 1.425000 0.287200
3.563000 1.425000 0.286600
3.638000 1.425000 0.286200
3.713000 1.425000 0.286000
3.788000 1.425000 0.285800
3.863000 1.425000 0.000000
-0.037500 1.575000 0.000000
0.037500 1.575000 0.294500
0.112500 1.575000 0.294500
0.187500 1.575000 0.294700
0.262500 1.575000 0.295000
0.337500 1.575000 0.295300
0.412500 1.575000 0.295700
0.487500 1.575000 0.296200
0.562500 1.575000 0.296700
0.637500 1.575000 0.297200
0.712500 1.575000 0.297800
0.787500 1.575000 0.298400
0.862500 1.575000 0.299000
0.937500 1.575000 0.299600
1.012000 1.575000 0.300100
1.087000 1.575000 0.300700
1.163000 1.575000 0.301100
1.238000 1.575000 0.301500
1.313000 1.575000 0.301900
1.388000 1.575000 0.302100
1.463000 1.575000 0.302300
1.538000 1.575000 0.302300
1.613000 1.575000 0.302300
1.688000 1.575000 0.302100
1.763000 1.575000 0.301800
1.838000 1.575000 0.301400
1.913000 1.575000 0.300900
1.988000 1.575000 0.300300
2.063000 1.575000 0.299600
2.138000 1.575000 0.298700
2.213000 1.575000 0.297800
2.288000 1.575000 0.296800
2.363000 1.575000 0.295700
2.438000 1.575000 0.294600
2.513000 1.575000 0.293400
2.588000 1.575000 0.292200
2.663000 1.575000 0.290900
2.738000 1.575000 0.289600
2.813000 1.575000 0.288400
2.888000 1.575000 0.287100
2.963000 1.575000 0.286000
3.038000 1.575000 0.284800
3.113000 1.575000 0.283700
3.188000 1.575000 0.282700
3.263000 1.575000 0.281800
3.338000 1.575000 0.280900
3.413000 1.575000 0.280200
3.488000 1.575000 0.279600
3.563000 1.575000 0.279100
3.638000 1.575000 0.278700
3.713000 1.575000 0.278500
3.788000 1.575000 0.278300
3.863000 1.575000 0.000000
-0.037500 1.725000 0.000000
0.037500 1.725000 0.278000
0.112500 1.725000 0.278100
0.187500 1.725000 0.278300
0.262500 1.725000 0.278500
0.337500 1.725000 0.278800
0.412500 1.725000 0.279100
0.487500 1.725000 0.279500
0.562500 1.725000 0.280000
0.637500 1.725000 0.280400
0.712500 1.725000 0.280900
0.787500 1.725000 0.281400
0.862500 1.725000 0.281900
0.937500 1.725000 0.282400
1.012000 1.725000 0.282900
1.087000 1.725000 0.283400
1.163000 1.725000 0.283800
1.238000 1.725000 0.284100
1.313000 1.725000 0.284400
1.388000 1.725000 0.284500
1.463000 1.725000 0.284700
1.538000 1.725000 0.284700
1.613000 1.725000 0.284600
1.688000 1.725000 0.284400
1.763000 1.725000 0.284100
1.838000 1.725000 0.283700
1.913000 1.725000 0.283300
1.988000 1.725000 0.282700
2.063000 1.725000 0.282000
2.138000 1.725000 0.281200
2.213000 1.725000 0.280400
2.288000 1.725000 0.279400
2.363000 1.725000 0.278500
2.438000 1.725000 0.277400
2.513000 1.725000 0.276300
2.588000 1.725000 0.275200
2.663000 1.725000 0.274100
2.738000 1.725000 0.272900
2.813000 1.725000 0.271800
2.888000 1.725000 0.270700
2.963000 1.725000 0.269600
3.038000 1.725000 0.268500
3.113000 1.725000 0.267500
3.188000 1.725000 0.266600
3.263000 1.725000 0.265800
3.338000 1.725000 0.265000
3.413000 1.725000 0.264400
3.488000 1.725000 0.263800
3.563000 1.725000 0.263400
3.638000 1.725000 0.263000
3.713000 1.725000 0.262800
3.788000 1.725000 0.262700
3.863000 1.725000 0.000000
-0.037500 1.875000 0.000000
0.037500 1.875000 0.255300
0.112500 1.875000 0.255300
0.187500 1.875000 0.255400
0.262500 1.875000 0.255600
0.337500 1.875000 0.255800
0.412500 1.875000 0.256100
0.487500 1.875000 0.256400
0.562500 1.875000 0.256800
0.637500 1.875000 0.257200
0.712500 1.875000 0.257600
0.787500 1.875000 0.258000
0.862500 1.875000 0.258400
0.937500 1.875000 0.258800
1.012000 1.875000 0.259200
1.087000 1.875000 0.259500
1.163000 1.875000 0.259800
1.238000 1.875000 0.260000
1.313000 1.875000 0.260200
1.388000 1.875000 0.260400
1.463000 1.875000 0.260400
1.538000 1.875000 0.260400
1.613000 1.875000 0.260300
1.688000 1.875000 0.260100
1.763000 1.875000 0.259800
1.838000 1.875000 0.259500
1.913000 1.875000 0.259000
1.988000 1.875000 0.258500
2.063000 1.875000 0.257900
2.138000 1.875000 0.257200
2.213000 1.875000 0.256400
2.288000 1.875000 0.255600
2.363000 1.875000 0.254800
2.438000 1.875000 0.253800
2.513000 1.875000 0.252900
2.588000 1.875000 0.251900
2.663000 1.875000 0.250900
2.738000 1.875000 0.249900
2.813000 1.875000 0.249000
2.888000 1.875000 0.248000
2.963000 1.875000 0.247000
3.038000 1.875000 0.246100
3.113000 1.875000 0.245300
3.188000 1.875000 0.244500
3.263000 1.875000 0.243800
3.338000 1.875000 0.243100
3.413000 1.875000 0.242600
3.488000 1.875000 0.242100
3.563000 1.875000 0.241700
3.638000 1.875000 0.241400
3.713000 1.875000 0.241200
3.788000 1.875000 0.241200
3.863000 1.875000 0.000000
-0.037500 2.025000 0.000000
0.037500 2.025000 0.228400
0.112500 2.025000 0.228400
0.187500 2.025000 0.228500
0.262500 2.025000 0.228600
0.337500 2.025000 0.228800
0.412500 2.025000 0.229000
0.487500 2.025000 0.229200
0.562500 2.025000 0.229500
0.637500 2.025000 0.229800
0.712500 2.025000 0.230100
0.787500 2.025000 0.230400
0.862500 2.025000 0.230600
0.937500 2.025000 0.230900
1.012000 2.025000 0.231200
1.087000 2.025000 0.231400
1.163000 2.025000 0.231600
1.238000 2.025000 0.231700
1.313000 2.025000 0.231900
1.388000 2.025000 0.231900
1.463000 2.025000 0.231900
1.538000 2.025000 0.231800
1.613000 2.025000 0.231700
1.688000 2.025000 0.231500
1.763000 2.025000 0.231300
1.838000 2.025000 0.230900
1.913000 2.025000 0.230500
1.988000 2.025000 0.230100
2.063000 2.025000 0.229600
2.138000 2.025000 0.229000
2.213000 2.025000 0.228300
2.288000 2.025000 0.227700
2.363000 2.025000 0.226900
2.438000 2.025000 0.226200
2.513000 2.025000 0.225400
2.588000 2.025000 0.224600
2.663000 2.025000 0.223800
2.738000 2.025000 0.223000
2.813000 2.025000 0.222100
2.888000 2.025000 0.221400
2.963000 2.025000 0.220600
3.038000 2.025000 0.219900
3.113000 2.025000 0.219200
3.188000 2.025000 0.218500
3.263000 2.025000 0.217900
3.338000 2.025000 0.217400
3.413000 2.025000 0.217000
3.488000 2.025000 0.216600
3.563000 2.025000 0.216300
3.638000 2.025000 0.216000
3.713000 2.025000 0.215900
3.788000 2.025000 0.215800
3.863000 2.025000 0.000000
-0.037500 2.175000 0.000000
0.037500 2.175000 0.199500
0.112500 2.175000 0.199500
0.187500 2.175000 0.199600
0.262500 2.175000 0.199600
0.337500 2.175000 0.199700
0.412500 2.175000 0.199900
0.487500 2.175000 0.200000
0.562500 2.175000 0.200200
0.637500 2.175000 0.200300
0.712500 2.175000 0.200500
0.787500 2.175000 0.200600
0.862500 2.175000 0.200800
0.937500 2.175000 0.201000
1.012000 2.175000 0.201100
1.087000 2.175000 0.201200
1.163000 2.175000 0.201300
1.238000 2.175000 0.201300
1.313000 2.175000 0.201400
1.388000 2.175000 0.201400
1.463000 2.175000 0.201300
1.538000 2.175000 0.201200
1.613000 2.175000 0.201000
1.688000 2.175000 0.200800
1.763000 2.175000 0.200600
1.838000 2.175000 0.200300
1.913000 2.175000 0.200000
1.988000 2.175000 0.199600
2.063000 2.175000 0.199200
2.138000 2.175000 0.198700
2.213000 2.175000 0.198200
2.288000 2.175000 0.197600
2.363000 2.175000 0.197100
2.438000 2.175000 0.196500
2.513000 2.175000 0.195900
2.588000 2.175000 0.195300
2.663000 2.175000 0.194600
2.738000 2.175000 0.194000
2.813000 2.175000 0.193400
2.888000 2.175000 0.192800
2.963000 2.175000 0.192200
3.038000 2.175000 0.191700
3.113000 2.175000 0.191200
3.188000 2.175000 0.190700
3.263000 2.175000 0.190200
3.338000 2.175000 0.189800
3.413000 2.175000 0.189500
3.488000 2.175000 0.189200
3.563000 2.175000 0.189000
3.638000 2.175000 0.188800
3.713000 2.175000 0.188700
3.788000 2.175000 0.188600
3.863000 2.175000 0.000000
-0.037500 2.325000 0.000000
0.037500 2.325000 0.180100
0.112500 2.325000 0.180100
0.187500 2.325000 0.180100
0.262500 2.325000 0.180200
0.337500 2.325000 0.180200
0.412500 2.325000 0.180300
0.487500 2.325000 0.180400
0.562500 2.325000 0.180500
0.637500 2.325000 0.180500
0.712500 2.325000 0.180600
0.787500 2.325000 0.180700
0.862500 2.325000 0.180800
0.937500 2.325000 0.180800
1.012000 2.325000 0.180900
1.087000 2.325000 0.180900
1.163000 2.325000 0.180900
1.238000 2.325000 0.180900
1.313000 2.325000 0.180900
1.388000 2.325000 0.180800
1.463000 2.325000 0.180700
1.538000 2.325000 0.180600
1.613000 2.325000 0.180400
1.688000 2.325000 0.180200
1.763000 2.325000 0.180000
1.838000 2.325000 0.179700
1.913000 2.325000 0.179400
1.988000 2.325000 0.179100
2.063000 2.325000 0.178700
2.138000 2.325000 0.178400
2.213000 2.325000 0.177900
2.288000 2.325000 0.177500
2.363000 2.325000 0.177000
2.438000 2.325000 0.176600
2.513000 2.325000 0.176100
2.588000 2.325000 0.175600
2.663000 2.325000 0.175100
2.738000 2.325000 0.174600
2.813000 2.325000 0.174100
2.888000 2.325000 0.173700
2.963000 2.325000 0.173200
3.038000 2.325000 0.172800
3.113000 2.325000 0.172400
3.188000 2.325000 0.172000
3.263000 2.325000 0.171700
3.338000 2.325000 0.171400
3.413000 2.325000 0.171100
3.488000 2.325000 0.170900
3.563000 2.325000 0.170700
3.638000 2.325000 0.170600
3.713000 2.325000 0.170500
3.788000 2.325000 0.170500
3.863000 2.325000 0.000000
-0.037500 2.475000 0.000000
0.037500 2.475000 0.170600
0.112500 2.475000 0.170600
0.187500 2.475000 0.170600
0.262500 2.475000 0.170600
0.337500 2.475000 0.170700
0.412500 2.475000 0.170700
0.487500 2.475000 0.170800
0.562500 2.475000 0.170800
0.637500 2.475000 0.170900
0.712500 2.475000 0.171000
0.787500 2.475000 0.171000
0.862500 2.475000 0.171100
0.937500 2.475000 0.171100
1.012000 2.475000 0.171100
1.087000 2.475000 0.171100
1.163000 2.475000 0.171100
1.238000 2.475000 0.171100
1.313000 2.475000 0.171000
1.388000 2.475000 0.170900
1.463000 2.475000 0.170800
1.538000 2.475000 0.170700
1.613000 2.475000 0.170500
1.688000 2.475000 0.170300
1.763000 2.475000 0.170100
1.838000 2.475000 0.169900
1.913000 2.475000 0.169600
1.988000 2.475000 0.169300
2.063000 2.475000 0.168900
2.138000 2.475000 0.168600
2.213000 2.475000 0.168200
2.288000 2.475000 0.167800
2.363000 2.475000 0.167400
2.438000 2.475000 0.166900
2.513000 2.475000 0.166500
2.588000 2.475000 0.166100
2.663000 2.475000 0.165600
2.738000 2.475000 0.165200
2.813000 2.475000 0.164800
2.888000 2.475000 0.164400
2.963000 2.475000 0.164000
3.038000 2.475000 0.163600
3.113000 2.475000 0.163200
3.188000 2.475000 0.162900
3.263000 2.475000 0.162600
3.338000 2.475000 0.162300
3.413000 2.475000 0.162100
3.488000 2.475000 0.161900
3.563000 2.475000 0.161800
3.638000 2.475000 0.161600
3.713000 2.475000 0.161600
3.788000 2.475000 0.161500
3.863000 2.475000 0.000000
-0.037500 2.625000 0.000000
0.037500 2.625000 0.161400
0.112500 2.625000 0.161400
0.187500 2.625000 0.161500
0.262500 2.625000 0.161500
0.337500 2.625000 0.161500
0.412500 2.625000 0.161600
0.487500 2.625000 0.161600
0.562500 2.625000 0.161600
0.637500 2.625000 0.161700
0.712500 2.625000 0.161700
0.787500 2.625000 0.161700
0.862500 2.625000 0.161800
0.937500 2.625000 0.161800
1.012000 2.625000 0.161800
1.087000 2.625000 0.161800
1.163000 2.625000 0.161800
1.238000 2.625000 0.161700
1.313000 2.625000 0.161600
1.388000 2.625000 0.161600
1.463000 2.625000 0.161400
1.538000 2.625000 0.161300
1.613000 2.625000 0.161100
1.688000 2.625000 0.161000
1.763000 2.625000 0.160700
1.838000 2.625000 0.160500
1.913000 2.625000 0.160200
1.988000 2.625000 0.159900
2.063000 2.625000 0.159600
2.138000 2.625000 0.159300
2.213000 2.625000 0.158900
2.288000 2.625000 0.158600
2.363000 2.625000 0.158200
2.438000 2.625000 0.157800
2.513000 2.625000 0.157400
2.588000 2.625000 0.157000
2.663000 2.625000 0.156600
2.738000 2.625000 0.156200
2.813000 2.625000 0.155800
2.888000 2.625000 0.155500
2.963000 2.625000 0.155100
3.038000 2.625000 0.154800
3.113000 2.625000 0.154500
3.188000 2.625000 0.154200
3.263000 2.625000 0.153900
3.338000 2.625000 0.153700
3.413000 2.625000 0.153400
3.488000 2.625000 0.153300
3.563000 2.625000 0.153100
3.638000 2.625000 0.153000
3.713000 2.625000 0.153000
3.788000 2.625000 0.152900
3.863000 2.625000 0.000000
-0.037500 2.775000 0.000000
0.037500 2.775000 0.152800
0.112500 2.775000 0.152800
0.187500 2.775000 0.152800
0.262500 2.775000 0.152800
0.337500 2.775000 0.152800
0.412500 2.775000 0.152900
0.487500 2.775000 0.152900
0.562500 2.775000 0.152900
0.637500 2.775000 0.153000
0.712500 2.775000 0.153000
0.787500 2.775000 0.153000
0.862500 2.775000 0.153000
0.937500 2.775000 0.153000
1.012000 2.775000 0.153000
1.087000 2.775000 0.153000
1.163000 2.775000 0.153000
1.238000 2.775000 0.152900
1.313000 2.775000 0.152900
1.388000 2.775000 0.152800
1.463000 2.775000 0.152700
1.538000 2.775000 0.152500
1.613000 2.775000 0.152400
1.688000 2.775000 0.152200
1.763000 2.775000 0.152000
1.838000 2.775000 0.151800
1.913000 2.775000 0.151500
1.988000 2.775000 0.151200
2.063000 2.775000 0.150900
2.138000 2.775000 0.150600
2.213000 2.775000 0.150300
2.288000 2.775000 0.150000
2.363000 2.775000 0.149600
2.438000 2.775000 0.149200
2.513000 2.775000 0.148900
2.588000 2.775000 0.148500
2.663000 2.775000 0.148100
2.738000 2.775000 0.147800
2.813000 2.775000 0.147400
2.888000 2.775000 0.147100
2.963000 2.775000 0.146800
3.038000 2.775000 0.146400
3.113000 2.775000 0.146100
3.188000 2.775000 0.145900
3.263000 2.775000 0.145600
3.338000 2.775000 0.145400
3.413000 2.775000 0.145200
3.488000 2.775000 0.145100
3.563000 2.775000 0.144900
3.638000 2.775000 0.144800
3.713000 2.775000 0.144800
3.788000 2.775000 0.144700
3.863000 2.775000 0.000000
-0.037500 2.925000 0.000000
0.037500 2.925000 0.136600
0.112500 2.925000 0.136600
0.187500 2.925000 0.136600
0.262500 2.925000 0.136600
0.337500 2.925000 0.136700
0.412500 2.925000 0.136700
0.487500 2.925000 0.136700
0.562500 2.925000 0.136800
0.637500 2.925000 0.136800
0.712500 2.925000 0.136800
0.787500 2.925000 0.136800
0.862500 2.925000 0.136800
0.937500 2.925000 0.136800
1.012000 2.925000 0.136800
1.087000 2.925000 0.136800
1.163000 2.925000 0.136800
1.238000 2.925000 0.136700
1.313000 2.925000 0.136700
1.388000 2.925000 0.136600
1.463000 2.925000 0.136500
1.538000 2.925000 0.136400
1.613000 2.925000 0.136200
1.688000 2.925000 0.136100
1.763000 2.925000 0.135900
1.838000 2.925000 0.135700
1.913000 2.925000 0.135400
1.988000 2.925000 0.135200
2.063000 2.925000 0.134900
2.138000 2.925000 0.134700
2.213000 2.925000 0.134400
2.288000 2.925000 0.134100
2.363000 2.925000 0.133700
2.438000 2.925000 0.133400
2.513000 2.925000 0.133100
2.588000 2.925000 0.132800
2.663000 2.925000 0.132400
2.738000 2.925000 0.132100
2.813000 2.925000 0.131800
2.888000 2.925000 0.131500
2.963000 2.925000 0.131200
3.038000 2.925000 0.130900
3.113000 2.925000 0.130600
3.188000 2.925000 0.130400
3.263000 2.925000 0.130200
3.338000 2.925000 0.130000
3.413000 2.925000 0.129800
3.488000 2.925000 0.129700
3.563000 2.925000 0.129500
3.638000 2.925000 0.129500
3.713000 2.925000 0.129400
3.788000 2.925000 0.129400
3.863000 2.925000 0.000000
-0.037500 3.075000 0.000000
0.037500 3.075000 0.114500
0.112500 3.075000 0.114500
0.187500 3.075000 0.114500
0.262500 3.075000 0.114500
0.337500 3.075000 0.114600
0.412500 3.075000 0.114600
0.487500 3.075000 0.114600
0.562500 3.075000 0.114600
0.637500 3.075000 0.114700
0.712500 3.075000 0.114700
0.787500 3.075000 0.114700
0.862500 3.075000 0.114700
0.937500 3.075000 0.114700
1.012000 3.075000 0.114700
1.087000 3.075000 0.114700
1.163000 3.075000 0.114600
1.238000 3.075000 0.114600
1.313000 3.075000 0.114500
1.388000 3.075000 0.114500
1.463000 3.075000 0.114400
1.538000 3.075000 0.114300
1.613000 3.075000 0.114200
1.688000 3.075000 0.114000
1.763000 3.075000 0.113900
1.838000 3.075000 0.113700
1.913000 3.075000 0.113500
1.988000 3.075000 0.113300
2.063000 3.075000 0.113100
2.138000 3.075000 0.112800
2.213000 3.075000 0.112600
2.288000 3.075000 0.112300
2.363000 3.075000 0.112100
2.438000 3.075000 0.111800
2.513000 3.075000 0.111500
2.588000 3.075000 0.111200
2.663000 3.075000 0.111000
2.738000 3.075000 0.110700
2.813000 3.075000 0.110400
2.888000 3.075000 0.110200
2.963000 3.075000 0.109900
3.038000 3.075000 0.109700
3.113000 3.075000 0.109500
3.188000 3.075000 0.109300
3.263000 3.075000 0.109100
3.338000 3.075000 0.108900
3.413000 3.075000 0.108800
3.488000 3.075000 0.108600
3.563000 3.075000 0.108500
3.638000 3.075000 0.108500
3.713000 3.075000 0.108400
3.788000 3.075000 0.108400
3.863000 3.075000 0.000000
-0.037500 3.225000 0.000000
0.037500 3.225000 0.094850
0.112500 3.225000 0.094860
0.187500 3.225000 0.094870
0.262500 3.225000 0.094880
0.337500 3.225000 0.094890
0.412500 3.225000 0.094910
0.487500 3.225000 0.094920
0.562500 3.225000 0.094940
0.637500 3.225000 0.094950
0.712500 3.225000 0.094970
0.787500 3.225000 0.094980
0.862500 3.225000 0.094980
0.937500 3.225000 0.094980
1.012000 3.225000 0.094970
1.087000 3.225000 0.094960
1.163000 3.225000 0.094930
1.238000 3.225000 0.094890
1.313000 3.225000 0.094840
1.388000 3.225000 0.094780
1.463000 3.225000 0.094710
1.538000 3.225000 0.094620
1.613000 3.225000 0.094520
1.688000 3.225000 0.094400
1.763000 3.225000 0.094270
1.838000 3.225000 0.094120
1.913000 3.225000 0.093960
1.988000 3.225000 0.093790
2.063000 3.225000 0.093610
2.138000 3.225000 0.093410
2.213000 3.225000 0.093210
2.288000 3.225000 0.093000
2.363000 3.225000 0.092780
2.438000 3.225000 0.092550
2.513000 3.225000 0.092330
2.588000 3.225000 0.092100
2.663000 3.225000 0.091870
2.738000 3.225000 0.091650
2.813000 3.225000 0.091430
2.888000 3.225000 0.091210
2.963000 3.225000 0.091010
3.038000 3.225000 0.090810
3.113000 3.225000 0.090630
3.188000 3.225000 0.090460
3.263000 3.225000 0.090310
3.338000 3.225000 0.090180
3.413000 3.225000 0.090060
3.488000 3.225000 0.089960
3.563000 3.225000 0.089870
3.638000 3.225000 0.089810
3.713000 3.225000 0.089770
3.788000 3.225000 0.089750
3.863000 3.225000 0.000000
-0.037500 3.375000 0.000000
0.037500 3.375000 0.077690
0.112500 3.375000 0.077700
0.187500 3.375000 0.077700
0.262500 3.375000 0.077710
0.337500 3.375000 0.077720
0.412500 3.375000 0.077730
0.487500 3.375000 0.077740
0.562500 3.375000 0.077760
0.637500 3.375000 0.077770
0.712500 3.375000 0.077770
0.787500 3.375000 0.077780
0.862500 3.375000 0.077780
0.937500 3.375000 0.077780
1.012000 3.375000 0.077770
1.087000 3.375000 0.077750
1.163000 3.375000 0.077730
1.238000 3.375000 0.077700
1.313000 3.375000 0.077650
1.388000 3.375000 0.077600
1.463000 3.375000 0.077540
1.538000 3.375000 0.077470
1.613000 3.375000 0.077380
1.688000 3.375000 0.077280
1.763000 3.375000 0.077170
1.838000 3.375000 0.077050
1.913000 3.375000 0.076920
1.988000 3.375000 0.076780
2.063000 3.375000 0.076630
2.138000 3.375000 0.076470
2.213000 3.375000 0.076310
2.288000 3.375000 0.076130
2.363000 3.375000 0.075950
2.438000 3.375000 0.075770
2.513000 3.375000 0.075590
2.588000 3.375000 0.075400
2.663000 3.375000 0.075220
2.738000 3.375000 0.075030
2.813000 3.375000 0.074850
2.888000 3.375000 0.074680
2.963000 3.375000 0.074510
3.038000 3.375000 0.074360
3.113000 3.375000 0.074210
3.188000 3.375000 0.074070
3.263000 3.375000 0.073950
3.338000 3.375000 0.073830
3.413000 3.375000 0.073740
3.488000 3.375000 0.073650
3.563000 3.375000 0.073580
3.638000 3.375000 0.073530
3.713000 3.375000 0.073490
3.788000 3.375000 0.073480
3.863000 3.375000 0.000000
-0.037500 3.525000 0.000000
0.037500 3.525000 0.062980
0.112500 3.525000 0.062980
0.187500 3.525000 0.062980
0.262500 3.525000 0.062990
0.337500 3.525000 0.062990
0.412500 3.525000 0.063000
0.487500 3.525000 0.063010
0.562500 3.525000 0.063020
0.637500 3.525000 0.063020
0.712500 3.525000 0.063030
0.787500 3.525000 0.063030
0.862500 3.525000 0.063030
0.937500 3.525000 0.063030
1.012000 3.525000 0.063020
1.087000 3.525000 0.063000
1.163000 3.525000 0.062980
1.238000 3.525000 0.062950
1.313000 3.525000 0.062920
1.388000 3.525000 0.062870
1.463000 3.525000 0.062820
1.538000 3.525000 0.062760
1.613000 3.525000 0.062690
1.688000 3.525000 0.062610
1.763000 3.525000 0.062520
1.838000 3.525000 0.062420
1.913000 3.525000 0.062320
1.988000 3.525000 0.062200
2.063000 3.525000 0.062080
2.138000 3.525000 0.061950
2.213000 3.525000 0.061820
2.288000 3.525000 0.061680
2.363000 3.525000 0.061530
2.438000 3.525000 0.061390
2.513000 3.525000 0.061240
2.588000 3.525000 0.061090
2.663000 3.525000 0.060940
2.738000 3.525000 0.060790
2.813000 3.525000 0.060650
2.888000 3.525000 0.060510
2.963000 3.525000 0.060380
3.038000 3.525000 0.060250
3.113000 3.525000 0.060130
3.188000 3.525000 0.060020
3.263000 3.525000 0.059920
3.338000 3.525000 0.059830
3.413000 3.525000 0.059750
3.488000 3.525000 0.059680
3.563000 3.525000 0.059620
3.638000 3.525000 0.059580
3.713000 3.525000 0.059550
3.788000 3.525000 0.059540
3.863000 3.525000 0.000000
-0.037500 3.675000 0.000000
0.037500 3.675000 0.050560
0.112500 3.675000 0.050560
0.187500 3.675000 0.050560
0.262500 3.675000 0.050560
0.337500 3.675000 0.050570
0.412500 3.675000 0.050570
0.487500 3.675000 0.050580
0.562500 3.675000 0.050580
0.637500 3.675000 0.050590
0.712500 3.675000 0.050590
0.787500 3.675000 0.050590
0.862500 3.675000 0.050590
0.937500 3.675000 0.050580
1.012000 3.675000 0.050570
1.087000 3.675000 0.050560
1.163000 3.675000 0.050540
1.238000 3.675000 0.050520
1.313000 3.675000 0.050490
1.388000 3.675000 0.050450
1.463000 3.675000 0.050410
1.538000 3.675000 0.050360
1.613000 3.675000 0.050300
1.688000 3.675000 0.050240
1.763000 3.675000 0.050160
1.838000 3.675000 0.050090
1.913000 3.675000 0.050000
1.988000 3.675000 0.049910
2.063000 3.675000 0.049810
2.138000 3.675000 0.049710
2.213000 3.675000 0.049600
2.288000 3.675000 0.049490
2.363000 3.675000 0.049370
2.438000 3.675000 0.049260
2.513000 3.675000 0.049140
2.588000 3.675000 0.049020
2.663000 3.675000 0.048900
2.738000 3.675000 0.048780
2.813000 3.675000 0.048670
2.888000 3.675000 0.048560
2.963000 3.675000 0.048450
3.038000 3.675000 0.048350
3.113000 3.675000 0.048260
3.188000 3.675000 0.048170
3.263000 3.675000 0.048090
3.338000 3.675000 0.048020
3.413000 3.675000 0.047950
3.488000 3.675000 0.047900
3.563000 3.675000 0.047850
3.638000 3.675000 0.047820
3.713000 3.675000 0.047790
3.788000 3.675000 0.047780
3.863000 3.675000 0.000000
-0.037500 3.825000 0.000000
0.037500 3.825000 0.040240
0.112500 3.825000 0.040240
0.187500 3.825000 0.040240
0.262500 3.825000 0.040240
0.337500 3.825000 0.040250
0.412500 3.825000 0.040250
0.487500 3.825000 0.040250
0.562500 3.825000 0.040250
0.637500 3.825000 0.040260
0.712500 3.825000 0.040260
0.787500 3.825000 0.040260
0.862500 3.825000 0.040250
0.937500 3.825000 0.040250
1.012000 3.825000 0.040240
1.087000 3.825000 0.040230
1.163000 3.825000 0.040210
1.238000 3.825000 0.040190
1.313000 3.825000 0.040170
1.388000 3.825000 0.040140
1.463000 3.825000 0.040100
1.538000 3.825000 0.040060
1.613000 3.825000 0.040010
1.688000 3.825000 0.039960
1.763000 3.825000 0.039900
1.838000 3.825000 0.039840
1.913000 3.825000 0.039770
1.988000 3.825000 0.039700
2.063000 3.825000 0.039620
2.138000 3.825000 0.039540
2.213000 3.825000 0.039460
2.288000 3.825000 0.039370
2.363000 3.825000 0.039280
2.438000 3.825000 0.039190
2.513000 3.825000 0.039090
2.588000 3.825000 0.039000
2.663000 3.825000 0.038910
2.738000 3.825000 0.038810
2.813000 3.825000 0.038720
2.888000 3.825000 0.038640
2.963000 3.825000 0.038550
3.038000 3.825000 0.038470
3.113000 3.825000 0.038400
3.188000 3.825000 0.038330
3.263000 3.825000 0.038260
3.338000 3.825000 0.038210
3.413000 3.825000 0.038160
3.488000 3.825000 0.038110
3.563000 3.825000 0.038080
3.638000 3.825000 0.038050
3.713000 3.825000 0.038030
3.788000 3.825000 0.038020
3.863000 3.825000 0.000000
-0.037500 3.975000 0.000000
0.037500 3.975000 0.031800
0.112500 3.975000 0.031800
0.187500 3.975000 0.031800
0.262500 3.975000 0.031800
0.337500 3.975000 0.031800
0.412500 3.975000 0.031800
0.487500 3.975000 0.031800
0.562500 3.975000 0.031810
0.637500 3.975000 0.031810
0.712500 3.975000 0.031810
0.787500 3.975000 0.031800
0.862500 3.975000 0.031800
0.937500 3.975000 0.031790
1.012000 3.975000 0.031790
1.087000 3.975000 0.031780
1.163000 3.975000 0.031760
1.238000 3.975000 0.031750
1.313000 3.975000 0.031730
1.388000 3.975000 0.031700
1.463000 3.975000 0.031670
1.538000 3.975000 0.031640
1.613000 3.975000 0.031600
1.688000 3.975000 0.031560
1.763000 3.975000 0.031520
1.838000 3.975000 0.031470
1.913000 3.975000 0.031410
1.988000 3.975000 0.031350
2.063000 3.975000 0.031290
2.138000 3.975000 0.031230
2.213000 3.975000 0.031160
2.288000 3.975000 0.031090
2.363000 3.975000 0.031020
2.438000 3.975000 0.030950
2.513000 3.975000 0.030880
2.588000 3.975000 0.030800
2.663000 3.975000 0.030730
2.738000 3.975000 0.030660
2.813000 3.975000 0.030590
2.888000 3.975000 0.030520
2.963000 3.975000 0.030460
3.038000 3.975000 0.030390
3.113000 3.975000 0.030340
3.188000 3.975000 0.030280
3.263000 3.975000 0.030230
3.338000 3.975000 0.030190
3.413000 3.975000 0.030150
3.488000 3.975000 0.030110
3.563000 3.975000 0.030080
3.638000 3.975000 0.030060
3.713000 3.975000 0.030040
3.788000 3.975000 0.030040
3.863000 3.975000 0.000000
-0.037500 4.125000 0.000000
0.037500 4.125000 0.025000
0.112500 4.125000 0.025000
0.187500 4.125000 0.025000
0.262500 4.125000 0.025000
0.337500 4.125000 0.025000
0.412500 4.125000 0.025000
0.487500 4.125000 0.025000
0.562500 4.125000 0.025000
0.637500 4.125000 0.025000
0.712500 4.125000 0.025000
0.787500 4.125000 0.025000
0.862500 4.125000 0.025000
0.937500 4.125000 0.024990
1.012000 4.125000 0.024980
1.087000 4.125000 0.024970
1.163000 4.125000 0.024960
1.238000 4.125000 0.024950
1.313000 4.125000 0.024930
1.388000 4.125000 0.024910
1.463000 4.125000 0.024890
1.538000 4.125000 0.024860
1.613000 4.125000 0.024830
1.688000 4.125000 0.024800
1.763000 4.125000 0.024760
1.838000 4.125000 0.024730
1.913000 4.125000 0.024680
1.988000 4.125000 0.024640
2.063000 4.125000 0.024590
2.138000 4.125000 0.024540
2.213000 4.125000 0.024490
2.288000 4.125000 0.024430
2.363000 4.125000 0.024380
2.438000 4.125000 0.024320
2.513000 4.125000 0.024270
2.588000 4.125000 0.024210
2.663000 4.125000 0.024150
2.738000 4.125000 0.024100
2.813000 4.125000 0.024040
2.888000 4.125000 0.023990
2.963000 4.125000 0.023940
3.038000 4.125000 0.023890
3.113000 4.125000 0.023850
3.188000 4.125000 0.023800
3.263000 4.125000 0.023760
3.338000 4.125000 0.023730
3.413000 4.125000 0.023700
3.488000 4.125000 0.023670
3.563000 4.125000 0.023650
3.638000 4.125000 0.023630
3.713000 4.125000 0.023620
3.788000 4.125000 0.023610
3.863000 4.125000 0.000000
-0.037500 4.275000 0.000000
0.037500 4.275000 0.019620
0.112500 4.275000 0.019620
0.187500 4.275000 0.019620
0.262500 4.275000 0.019630
0.337500 4.275000 0.019630
0.412500 4.275000 0.019630
0.487500 4.275000 0.019630
0.562500 4.275000 0.019630
0.637500 4.275000 0.019620
0.712500 4.275000 0.019620
0.787500 4.275000 0.019620
0.862500 4.275000 0.019620
0.937500 4.275000 0.019610
1.012000 4.275000 0.019610
1.087000 4.275000 0.019600
1.163000 4.275000 0.019590
1.238000 4.275000 0.019580
1.313000 4.275000 0.019560
1.388000 4.275000 0.019550
1.463000 4.275000 0.019530
1.538000 4.275000 0.019510
1.613000 4.275000 0.019480
1.688000 4.275000 0.019460
1.763000 4.275000 0.019430
1.838000 4.275000 0.019400
1.913000 4.275000 0.019370
1.988000 4.275000 0.019330
2.063000 4.275000 0.019290
2.138000 4.275000 0.019250
2.213000 4.275000 0.019210
2.288000 4.275000 0.019170
2.363000 4.275000 0.019130
2.438000 4.275000 0.019090
2.513000 4.275000 0.019040
2.588000 4.275000 0.019000
2.663000 4.275000 0.018950
2.738000 4.275000 0.018910
2.813000 4.275000 0.018870
2.888000 4.275000 0.018830
2.963000 4.275000 0.018790
3.038000 4.275000 0.018750
3.113000 4.275000 0.018720
3.188000 4.275000 0.018680
3.263000 4.275000 0.018650
3.338000 4.275000 0.018630
3.413000 4.275000 0.018600
3.488000 4.275000 0.018580
3.563000 4.275000 0.018560
3.638000 4.275000 0.018550
3.713000 4.275000 0.018540
3.788000 4.275000 0.018530
3.863000 4.275000 0.000000
-0.037500 4.425000 0.000000
0.037500 4.425000 0.015470
0.112500 4.425000 0.015470
0.187500 4.425000 0.015470
0.262500 4.425000 0.015470
0.337500 4.425000 0.015470
0.412500 4.425000 0.015470
0.487500 4.425000 0.015470
0.562500 4.425000 0.015470
0.637500 4.425000 0.015470
0.712500 4.425000 0.015470
0.787500 4.425000 0.015460
0.862500 4.425000 0.015460
0.937500 4.425000 0.015460
1.012000 4.425000 0.015450
1.087000 4.425000 0.015440
1.163000 4.425000 0.015440
1.238000 4.425000 0.015430
1.313000 4.425000 0.015410
1.388000 4.425000 0.015400
1.463000 4.425000 0.015390
1.538000 4.425000 0.015370
1.613000 4.425000 0.015350
1.688000 4.425000 0.015330
1.763000 4.425000 0.015310
1.838000 4.425000 0.015280
1.913000 4.425000 0.015260
1.988000 4.425000 0.015230
2.063000 4.425000 0.015200
2.138000 4.425000 0.015170
2.213000 4.425000 0.015140
2.288000 4.425000 0.015110
2.363000 4.425000 0.015070
2.438000 4.425000 0.015040
2.513000 4.425000 0.015010
2.588000 4.425000 0.014970
2.663000 4.425000 0.014940
2.738000 4.425000 0.014900
2.813000 4.425000 0.014870
2.888000 4.425000 0.014840
2.963000 4.425000 0.014810
3.038000 4.425000 0.014780
3.113000 4.425000 0.014750
3.188000 4.425000 0.014730
3.263000 4.425000 0.014700
3.338000 4.425000 0.014680
3.413000 4.425000 0.014660
3.488000 4.425000 0.014650
3.563000 4.425000 0.014630
3.638000 4.425000 0.014620
3.713000 4.425000 0.014610
3.788000 4.425000 0.014610
3.863000 4.425000 0.000000
-0.037500 4.575000 0.000000
0.037500 4.575000 0.012360
0.112500 4.575000 0.012360
0.187500 4.575000 0.012360
0.262500 4.575000 0.012360
0.337500 4.575000 0.012360
0.412500 4.575000 0.012360
0.487500 4.575000 0.012360
0.562500 4.575000 0.012360
0.637500 4.575000 0.012360
0.712500 4.575000 0.012350
0.787500 4.575000 0.012350
0.862500 4.575000 0.012350
0.937500 4.575000 0.012350
1.012000 4.575000 0.012340
1.087000 4.575000 0.012340
1.163000 4.575000 0.012330
1.238000 4.575000 0.012320
1.313000 4.575000 0.012310
1.388000 4.575000 0.012300
1.463000 4.575000 0.012290
1.538000 4.575000 0.012270
1.613000 4.575000 0.012260
1.688000 4.575000 0.012240
1.763000 4.575000 0.012220
1.838000 4.575000 0.012210
1.913000 4.575000 0.012180
1.988000 4.575000 0.012160
2.063000 4.575000 0.012140
2.138000 4.575000 0.012120
2.213000 4.575000 0.012090
2.288000 4.575000 0.012060
2.363000 4.575000 0.012040
2.438000 4.575000 0.012010
2.513000 4.575000 0.011990
2.588000 4.575000 0.011960
2.663000 4.575000 0.011930
2.738000 4.575000 0.011910
2.813000 4.575000 0.011880
2.888000 4.575000 0.011850
2.963000 4.575000 0.011830
3.038000 4.575000 0.011810
3.113000 4.575000 0.011790
3.188000 4.575000 0.011770
3.263000 4.575000 0.011750
3.338000 4.575000 0.011730
3.413000 4.575000 0.011720
3.488000 4.575000 0.011700
3.563000 4.575000 0.011690
3.638000 4.575000 0.011680
3.713000 4.575000 0.011680
3.788000 4.575000 0.011670
3.863000 4.575000 0.000000
-0.037500 4.725000 0.000000
0.037500 4.725000 0.010150
0.112500 4.725000 0.010150
0.187500 4.725000 0.010150
0.262500 4.725000 0.010150
0.337500 4.725000 0.010150
0.412500 4.725000 0.010150
0.487500 4.725000 0.010150
0.562500 4.725000 0.010150
0.637500 4.725000 0.010150
0.712500 4.725000 0.010150
0.787500 4.725000 0.010140
0.862500 4.725000 0.010140
0.937500 4.725000 0.010140
1.012000 4.725000 0.010130
1.087000 4.725000 0.010130
1.163000 4.725000 0.010120
1.238000 4.725000 0.010120
1.313000 4.725000 0.010110
1.388000 4.725000 0.010100
1.463000 4.725000 0.010090
1.538000 4.725000 0.010080
1.613000 4.725000 0.010070
1.688000 4.725000 0.010050
1.763000 4.725000 0.010040
1.838000 4.725000 0.010020
1.913000 4.725000 0.010000
1.988000 4.725000 0.009986
2.063000 4.725000 0.009967
2.138000 4.725000 0.009948
2.213000 4.725000 0.009927
2.288000 4.725000 0.009907
2.363000 4.725000 0.009885
2.438000 4.725000 0.009864
2.513000 4.725000 0.009842
2.588000 4.725000 0.009820
2.663000 4.725000 0.009798
2.738000 4.725000 0.009777
2.813000 4.725000 0.009756
2.888000 4.725000 0.009736
2.963000 4.725000 0.009717
3.038000 4.725000 0.009698
3.113000 4.725000 0.009681
3.188000 4.725000 0.009665
3.263000 4.725000 0.009650
3.338000 4.725000 0.009636
3.413000 4.725000 0.009624
3.488000 4.725000 0.009613
3.563000 4.725000 0.009604
3.638000 4.725000 0.009596
3.713000 4.725000 0.009590
3.788000 4.725000 0.009588
3.863000 4.725000 0.000000
-0.037500 4.875000 0.000000
0.037500 4.875000 0.008741
0.112500 4.875000 0.008741
0.187500 4.875000 0.008740
0.262500 4.875000 0.008739
0.337500 4.875000 0.008739
0.412500 4.875000 0.008738
0.487500 4.875000 0.008737
0.562500 4.875000 0.008736
0.637500 4.875000 0.008734
0.712500 4.875000 0.008732
0.787500 4.875000 0.008730
0.862500 4.875000 0.008727
0.937500 4.875000 0.008724
1.012000 4.875000 0.008720
1.087000 4.875000 0.008716
1.163000 4.875000 0.008710
1.238000 4.875000 0.008704
1.313000 4.875000 0.008697
1.388000 4.875000 0.008689
1.463000 4.875000 0.008680
1.538000 4.875000 0.008671
1.613000 4.875000 0.008660
1.688000 4.875000 0.008648
1.763000 4.875000 0.008635
1.838000 4.875000 0.008621
1.913000 4.875000 0.008607
1.988000 4.875000 0.008592
2.063000 4.875000 0.008575
2.138000 4.875000 0.008559
2.213000 4.875000 0.008541
2.288000 4.875000 0.008523
2.363000 4.875000 0.008505
2.438000 4.875000 0.008487
2.513000 4.875000 0.008468
2.588000 4.875000 0.008450
2.663000 4.875000 0.008431
2.738000 4.875000 0.008413
2.813000 4.875000 0.008396
2.888000 4.875000 0.008378
2.963000 4.875000 0.008362
3.038000 4.875000 0.008346
3.113000 4.875000 0.008331
3.188000 4.875000 0.008318
3.263000 4.875000 0.008305
3.338000 4.875000 0.008293
3.413000 4.875000 0.008283
3.488000 4.875000 0.008274
3.563000 4.875000 0.008266
3.638000 4.875000 0.008259
3.713000 4.875000 0.008254
3.788000 4.875000 0.008252
3.863000 4.875000 0.000000
-0.037500 5.025000 0.000000
0.037500 5.025000 0.008054
0.112500 5.025000 0.008054
0.187500 5.025000 0.008054
0.262500 5.025000 0.008053
0.337500 5.025000 0.008053
0.412500 5.025000 0.008052
0.487500 5.025000 0.008051
0.562500 5.025000 0.008050
0.637500 5.025000 0.008048
0.712500 5.025000 0.008047
0.787500 5.025000 0.008044
0.862500 5.025000 0.008042
0.937500 5.025000 0.008039
1.012000 5.025000 0.008035
1.087000 5.025000 0.008031
1.163000 5.025000 0.008026
1.238000 5.025000 0.008020
1.313000 5.025000 0.008013
1.388000 5.025000 0.008006
1.463000 5.025000 0.007998
1.538000 5.025000 0.007989
1.613000 5.025000 0.007978
1.688000 5.025000 0.007968
1.763000 5.025000 0.007956
1.838000 5.025000 0.007943
1.913000 5.025000 0.007930
1.988000 5.025000 0.007916
2.063000 5.025000 0.007901
2.138000 5.025000 0.007886
2.213000 5.025000 0.007870
2.288000 5.025000 0.007853
2.363000 5.025000 0.007837
2.438000 5.025000 0.007820
2.513000 5.025000 0.007803
2.588000 5.025000 0.007786
2.663000 5.025000 0.007769
2.738000 5.025000 0.007753
2.813000 5.025000 0.007736
2.888000 5.025000 0.007721
2.963000 5.025000 0.007706
3.038000 5.025000 0.007691
3.113000 5.025000 0.007678
3.188000 5.025000 0.007665
3.263000 5.025000 0.007653
3.338000 5.025000 0.007643
3.413000 5.025000 0.007633
3.488000 5.025000 0.007625
3.563000 5.025000 0.007617
3.638000 5.025000 0.007611
3.713000 5.025000 0.007606
3.788000 5.025000 0.007604
3.863000 5.025000 0.000000
-0.037500 5.175000 0.000000
0.037500 5.175000 0.000000
0.112500 5.175000 0.000000
0.187500 5.175000 0.000000
0.262500 5.175000 0.000000
0.337500 5.175000 0.000000
0.412500 5.175000 0.000000
0.487500 5.175000 0.000000
0.562500 5.175000 0.000000
0.637500 5.175000 0.000000
0.712500 5.175000 0.000000
0.787500 5.175000 0.000000
0.862500 5.175000 0.000000
0.937500 5.175000 0.000000
1.012000 5.175000 0.000000
1.087000 5.175000 0.000000
1.163000 5.175000 0.000000
1.238000 5.175000 0.000000
1.313000 5.175000 0.000000
1.388000 5.175000 0.000000
1.463000 5.175000 0.000000
1.538000 5.175000 0.000000
1.613000 5.175000 0.000000
1.688000 5.175000 0.000000
1.763000 5.175000 0.000000
1.838000 5.175000 0.000000
1.913000 5.175000 0.000000
1.988000 5.175000 0.000000
2.063000 5.175000 0.000000
2.138000 5.175000 0.000000
2.213000 5.175000 0.000000
2.288000 5.175000 0.000000
2.363000 5.175000 0.000000
2.438000 5.175000 0.000000
2.513000 5.175000 0.000000
2.588000 5.175000 0.000000
2.663000 5.175000 0.000000
2.738000 5.175000 0.000000
2.813000 5.175000 0.000000
2.888000 5.175000 0.000000
2.963000 5.175000 0.000000
3.038000 5.175000 0.000000
3.113000 5.175000 0.000000
3.188000 5.175000 0.000000
3.263000 5.175000 0.000000
3.338000 5.175000 0.000000
3.413000 5.175000 0.000000
3.488000 5.175000 0.000000
3.563000 5.175000 0.000000
3.638000 5.175000 0.000000
3.713000 5.175000 0.000000
3.788000 5.175000 0.000000
3.863000 5.175000 0.000000
