-0.037500 -0.075000 0.000000
0.037500 -0.075000 0.000000
0.112500 -0.075000 0.000000
0.187500 -0.075000 0.000000
0.262500 -0.075000 0.000000
0.337500 -0.075000 0.000000
0.412500 -0.075000 0.000000
0.487500 -0.075000 0.000000
0.562500 -0.075000 0.000000
0.637500 -0.075000 0.000000
0.712500 -0.075000 0.000000
0.787500 -0.075000 0.000000
0.862500 -0.075000 0.000000
0.937500 -0.075000 0.000000
1.012000 -0.075000 0.000000
1.087000 -0.075000 0.000000
1.163000 -0.075000 0.000000
1.238000 -0.075000 0.000000
1.313000 -0.075000 0.000000
1.388000 -0.075000 0.000000
1.463000 -0.075000 0.000000
1.538000 -0.075000 0.000000
1.613000 -0.075000 0.000000
1.688000 -0.075000 0.000000
1.763000 -0.075000 0.000000
1.838000 -0.075000 0.000000
1.913000 -0.075000 0.000000
1.988000 -0.075000 0.000000
2.063000 -0.075000 0.000000
2.138000 -0.075000 0.000000
2.213000 -0.075000 0.000000
2.288000 -0.075000 0.000000
2.363000 -0.075000 0.000000
2.438000 -0.075000 0.000000
2.513000 -0.075000 0.000000
2.588000 -0.075000 0.000000
2.663000 -0.075000 0.000000
2.738000 -0.075000 0.000000
2.813000 -0.075000 0.000000
2.888000 -0.075000 0.000000
2.963000 -0.075000 0.000000
3.038000 -0.075000 0.000000
3.113000 -0.075000 0.000000
3.188000 -0.075000 0.000000
3.263000 -0.075000 0.000000
3.338000 -0.075000 0.000000
3.413000 -0.075000 0.000000
3.488000 -0.075000 0.000000
3.563000 -0.075000 0.000000
3.638000 -0.075000 0.000000
3.713000 -0.075000 0.000000
3.788000 -0.075000 0.000000
3.863000 -0.075000 0.000000
-0.037500 0.075000 0.000000
0.037500 0.075000 0.010090
0.112500 0.075000 0.020170
0.187500 0.075000 0.030260
0.262500 0.075000 0.040340
0.337500 0.075000 0.050420
0.412500 0.075000 0.060490
0.487500 0.075000 0.070550
0.562500 0.075000 0.080580
0.637500 0.075000 0.090590
0.712500 0.075000 0.100500
0.787500 0.075000 0.110400
0.862500 0.075000 0.120200
0.937500 0.075000 0.129900
1.012000 0.075000 0.139300
1.087000 0.075000 0.148600
1.163000 0.075000 0.157600
1.238000 0.075000 0.166200
1.313000 0.075000 0.174400
1.388000 0.075000 0.182000
1.463000 0.075000 0.189100
1.538000 0.075000 0.195300
1.613000 0.075000 0.200700
1.688000 0.075000 0.205100
1.763000 0.075000 0.208500
1.838000 0.075000 0.210700
1.913000 0.075000 0.211800
1.988000 0.075000 0.211700
2.063000 0.075000 0.210500
2.138000 0.075000 0.208300
2.213000 0.075000 0.205100
2.288000 0.075000 0.201100
2.363000 0.075000 0.196500
2.438000 0.075000 0.191300
2.513000 0.075000 0.185800
2.588000 0.075000 0.180000
2.663000 0.075000 0.174000
2.738000 0.075000 0.168000
2.813000 0.075000 0.162100
2.888000 0.075000 0.156200
2.963000 0.075000 0.150400
3.038000 0.075000 0.144800
3.113000 0.075000 0.139300
3.188000 0.075000 0.134000
3.263000 0.075000 0.129000
3.338000 0.075000 0.124200
3.413000 0.075000 0.119500
3.488000 0.075000 0.115100
3.563000 0.075000 0.110800
3.638000 0.075000 0.106800
3.713000 0.075000 0.102900
3.788000 0.075000 0.099260
3.863000 0.075000 0.000000
-0.037500 0.225000 0.000000
0.037500 0.225000 0.010090
0.112500 0.225000 0.020170
0.187500 0.225000 0.030260
0.262500 0.225000 0.040340
0.337500 0.225000 0.050420
0.412500 0.225000 0.060490
0.487500 0.225000 0.070550
0.562500 0.225000 0.080580
0.637500 0.225000 0.090590
0.712500 0.225000 0.100500
0.787500 0.225000 0.110400
0.862500 0.225000 0.120200
0.937500 0.225000 0.129900
1.012000 0.225000 0.139300
1.087000 0.225000 0.148600
1.163000 0.225000 0.157600
1.238000 0.225000 0.166200
1.313000 0.225000 0.174400
1.388000 0.225000 0.182000
1.463000 0.225000 0.189100
1.538000 0.225000 0.195300
1.613000 0.225000 0.200700
1.688000 0.225000 0.205100
1.763000 0.225000 0.208500
1.838000 0.225000 0.210700
1.913000 0.225000 0.211800
1.988000 0.225000 0.211700
2.063000 0.225000 0.210500
2.138000 0.225000 0.208300
2.213000 0.225000 0.205100
2.288000 0.225000 0.201100
2.363000 0.225000 0.196500
2.438000 0.225000 0.191300
2.513000 0.225000 0.185800
2.588000 0.225000 0.180000
2.663000 0.225000 0.174000
2.738000 0.225000 0.168000
2.813000 0.225000 0.162100
2.888000 0.225000 0.156200
2.963000 0.225000 0.150400
3.038000 0.225000 0.144800
3.113000 0.225000 0.139300
3.188000 0.225000 0.134000
3.263000 0.225000 0.129000
3.338000 0.225000 0.124200
3.413000 0.225000 0.119500
3.488000 0.225000 0.115100
3.563000 0.225000 0.110800
3.638000 0.225000 0.106800
3.713000 0.225000 0.102900
3.788000 0.225000 0.099260
3.863000 0.225000 0.000000
-0.037500 0.375000 0.000000
0.037500 0.375000 0.179700
0.112500 0.375000 0.182700
0.187500 0.375000 0.187400
0.262500 0.375000 0.193400
0.337500 0.375000 0.200200
0.412500 0.375000 0.207600
0.487500 0.375000 0.215500
0.562500 0.375000 0.223700
0.637500 0.375000 0.232200
0.712500 0.375000 0.240700
0.787500 0.375000 0.249400
0.862500 0.375000 0.258000
0.937500 0.375000 0.266600
1.012000 0.375000 0.275000
1.087000 0.375000 0.283200
1.163000 0.375000 0.291100
1.238000 0.375000 0.298600
1.313000 0.375000 0.305700
1.388000 0.375000 0.312200
1.463000 0.375000 0.318100
1.538000 0.375000 0.323200
1.613000 0.375000 0.327600
1.688000 0.375000 0.331000
1.763000 0.375000 0.333500
1.838000 0.375000 0.335100
1.913000 0.375000 0.335700
1.988000 0.375000 0.335200
2.063000 0.375000 0.333800
2.138000 0.375000 0.331600
2.213000 0.375000 0.328500
2.288000 0.375000 0.324700
2.363000 0.375000 0.320300
2.438000 0.375000 0.315300
2.513000 0.375000 0.310000
2.588000 0.375000 0.304400
2.663000 0.375000 0.298600
2.738000 0.375000 0.292600
2.813000 0.375000 0.286600
2.888000 0.375000 0.280700
2.963000 0.375000 0.274900
3.038000 0.375000 0.269200
3.113000 0.375000 0.263700
3.188000 0.375000 0.258400
3.263000 0.375000 0.253400
3.338000 0.375000 0.248600
3.413000 0.375000 0.244300
3.488000 0.375000 0.240200
3.563000 0.375000 0.236700
3.638000 0.375000 0.233700
3.713000 0.375000 0.231300
3.788000 0.375000 0.229900
3.863000 0.375000 0.000000
-0.037500 0.525000 0.000000
0.037500 0.525000 0.314800
0.112500 0.525000 0.316100
0.187500 0.525000 0.318600
0.262500 0.525000 0.322100
0.337500 0.525000 0.326400
0.412500 0.525000 0.331300
0.487500 0.525000 0.336700
0.562500 0.525000 0.342600
0.637500 0.525000 0.348700
0.712500 0.525000 0.355100
0.787500 0.525000 0.361600
0.862500 0.525000 0.368100
0.937500 0.525000 0.374600
1.012000 0.525000 0.381000
1.087000 0.525000 0.387300
1.163000 0.525000 0.393300
1.238000 0.525000 0.398900
1.313000 0.525000 0.404200
1.388000 0.525000 0.409000
1.463000 0.525000 0.413200
1.538000 0.525000 0.416900
1.613000 0.525000 0.419900
1.688000 0.525000 0.422200
1.763000 0.525000 0.423700
1.838000 0.525000 0.424500
1.913000 0.525000 0.424600
1.988000 0.525000 0.423800
2.063000 0.525000 0.422400
2.138000 0.525000 0.420200
2.213000 0.525000 0.417400
2.288000 0.525000 0.414000
2.363000 0.525000 0.410200
2.438000 0.525000 0.405900
2.513000 0.525000 0.401200
2.588000 0.525000 0.396300
2.663000 0.525000 0.391200
2.738000 0.525000 0.386000
2.813000 0.525000 0.380700
2.888000 0.525000 0.375500
2.963000 0.525000 0.370300
3.038000 0.525000 0.365300
3.113000 0.525000 0.360400
3.188000 0.525000 0.355800
3.263000 0.525000 0.351500
3.338000 0.525000 0.347500
3.413000 0.525000 0.343900
3.488000 0.525000 0.340700
3.563000 0.525000 0.338000
3.638000 0.525000 0.335800
3.713000 0.525000 0.334300
3.788000 0.525000 0.333500
3.863000 0.525000 0.000000
-0.037500 0.675000 0.000000
0.037500 0.675000 0.387400
0.112500 0.675000 0.388100
0.187500 0.675000 0.389600
0.262500 0.675000 0.391700
0.337500 0.675000 0.394500
0.412500 0.675000 0.397700
0.487500 0.675000 0.401400
0.562500 0.675000 0.405500
0.637500 0.675000 0.409800
0.712500 0.675000 0.414400
0.787500 0.675000 0.419100
0.862500 0.675000 0.423900
0.937500 0.675000 0.428700
1.012000 0.675000 0.433400
1.087000 0.675000 0.438000
1.163000 0.675000 0.442400
1.238000 0.675000 0.446500
1.313000 0.675000 0.450300
1.388000 0.675000 0.453700
1.463000 0.675000 0.456700
1.538000 0.675000 0.459200
1.613000 0.675000 0.461100
1.688000 0.675000 0.462600
1.763000 0.675000 0.463400
1.838000 0.675000 0.463700
1.913000 0.675000 0.463300
1.988000 0.675000 0.462500
2.063000 0.675000 0.461000
2.138000 0.675000 0.459000
2.213000 0.675000 0.456500
2.288000 0.675000 0.453600
2.363000 0.675000 0.450300
2.438000 0.675000 0.446600
2.513000 0.675000 0.442700
2.588000 0.675000 0.438500
2.663000 0.675000 0.434100
2.738000 0.675000 0.429700
2.813000 0.675000 0.425200
2.888000 0.675000 0.420700
2.963000 0.675000 0.416300
3.038000 0.675000 0.412000
3.113000 0.675000 0.407900
3.188000 0.675000 0.404100
3.263000 0.675000 0.400400
3.338000 0.675000 0.397200
3.413000 0.675000 0.394200
3.488000 0.675000 0.391700
3.563000 0.675000 0.389700
3.638000 0.675000 0.388100
3.713000 0.675000 0.387000
3.788000 0.675000 0.386500
3.863000 0.675000 0.000000
-0.037500 0.825000 0.000000
0.037500 0.825000 0.412100
0.112500 0.825000 0.412700
0.187500 0.825000 0.413900
0.262500 0.825000 0.415600
0.337500 0.825000 0.417900
0.412500 0.825000 0.420500
0.487500 0.825000 0.423600
0.562500 0.825000 0.427100
0.637500 0.825000 0.430800
0.712500 0.825000 0.434700
0.787500 0.825000 0.438700
0.862500 0.825000 0.442800
0.937500 0.825000 0.446900
1.012000 0.825000 0.451000
1.087000 0.825000 0.454900
1.163000 0.825000 0.458700
1.238000 0.825000 0.462200
1.313000 0.825000 0.465400
1.388000 0.825000 0.468300
1.463000 0.825000 0.470800
1.538000 0.825000 0.472800
1.613000 0.825000 0.474400
1.688000 0.825000 0.475500
1.763000 0.825000 0.476100
1.838000 0.825000 0.476100
1.913000 0.825000 0.475700
1.988000 0.825000 0.474700
2.063000 0.825000 0.473300
2.138000 0.825000 0.471400
2.213000 0.825000 0.469000
2.288000 0.825000 0.466200
2.363000 0.825000 0.463100
2.438000 0.825000 0.459700
2.513000 0.825000 0.456000
2.588000 0.825000 0.452100
2.663000 0.825000 0.448100
2.738000 0.825000 0.444000
2.813000 0.825000 0.439800
2.888000 0.825000 0.435600
2.963000 0.825000 0.431500
3.038000 0.825000 0.427600
3.113000 0.825000 0.423800
3.188000 0.825000 0.420200
3.263000 0.825000 0.416900
3.338000 0.825000 0.413900
3.413000 0.825000 0.411300
3.488000 0.825000 0.409000
3.563000 0.825000 0.407100
3.638000 0.825000 0.405700
3.713000 0.825000 0.404800
3.788000 0.825000 0.404300
3.863000 0.825000 0.000000
-0.037500 0.975000 0.000000
0.037500 0.975000 0.426400
0.112500 0.975000 0.426900
0.187500 0.975000 0.428000
0.262500 0.975000 0.429400
0.337500 0.975000 0.431400
0.412500 0.975000 0.433700
0.487500 0.975000 0.436400
0.562500 0.975000 0.439400
0.637500 0.975000 0.442600
0.712500 0.975000 0.446000
0.787500 0.975000 0.449600
0.862500 0.975000 0.453200
0.937500 0.975000 0.456800
1.012000 0.975000 0.460400
1.087000 0.975000 0.463900
1.163000 0.975000 0.467200
1.238000 0.975000 0.470300
1.313000 0.975000 0.473100
1.388000 0.975000 0.475500
1.463000 0.975000 0.477700
1.538000 0.975000 0.479400
1.613000 0.975000 0.480700
1.688000 0.975000 0.481600
1.763000 0.975000 0.482000
1.838000 0.975000 0.481900
1.913000 0.975000 0.481400
1.988000 0.975000 0.480400
2.063000 0.975000 0.479000
2.138000 0.975000 0.477100
2.213000 0.975000 0.474800
2.288000 0.975000 0.472200
2.363000 0.975000 0.469200
2.438000 0.975000 0.466000
2.513000 0.975000 0.462500
2.588000 0.975000 0.458800
2.663000 0.975000 0.455000
2.738000 0.975000 0.451100
2.813000 0.975000 0.447200
2.888000 0.975000 0.443300
2.963000 0.975000 0.439500
3.038000 0.975000 0.435800
3.113000 0.975000 0.432200
3.188000 0.975000 0.428900
3.263000 0.975000 0.425800
3.338000 0.975000 0.423000
3.413000 0.975000 0.420600
3.488000 0.975000 0.418500
3.563000 0.975000 0.416700
3.638000 0.975000 0.415400
3.713000 0.975000 0.414600
3.788000 0.975000 0.414100
3.863000 0.975000 0.000000
-0.037500 1.125000 0.000000
0.037500 1.125000 0.431400
0.112500 1.125000 0.431800
0.187500 1.125000 0.432700
0.262500 1.125000 0.434100
0.337500 1.125000 0.435800
0.412500 1.125000 0.437900
0.487500 1.125000 0.440300
0.562500 1.125000 0.443100
0.637500 1.125000 0.446000
0.712500 1.125000 0.449100
0.787500 1.125000 0.452400
0.862500 1.125000 0.455700
0.937500 1.125000 0.459000
1.012000 1.125000 0.462300
1.087000 1.125000 0.465500
1.163000 1.125000 0.468500
1.238000 1.125000 0.471300
1.313000 1.125000 0.473900
1.388000 1.125000 0.476100
1.463000 1.125000 0.478000
1.538000 1.125000 0.479600
1.613000 1.125000 0.480700
1.688000 1.125000 0.481500
1.763000 1.125000 0.481800
1.838000 1.125000 0.481600
1.913000 1.125000 0.481000
1.988000 1.125000 0.480000
2.063000 1.125000 0.478600
2.138000 1.125000 0.476800
2.213000 1.125000 0.474600
2.288000 1.125000 0.472000
2.363000 1.125000 0.469200
2.438000 1.125000 0.466000
2.513000 1.125000 0.462700
2.588000 1.125000 0.459200
2.663000 1.125000 0.455500
2.738000 1.125000 0.451800
2.813000 1.125000 0.448100
2.888000 1.125000 0.444300
2.963000 1.125000 0.440700
3.038000 1.125000 0.437100
3.113000 1.125000 0.433800
3.188000 1.125000 0.430600
3.263000 1.125000 0.427600
3.338000 1.125000 0.425000
3.413000 1.125000 0.422700
3.488000 1.125000 0.420700
3.563000 1.125000 0.419000
3.638000 1.125000 0.417800
3.713000 1.125000 0.417000
3.788000 1.125000 0.416600
3.863000 1.125000 0.000000
-0.037500 1.275000 0.000000
0.037500 1.275000 0.423800
0.112500 1.275000 0.424300
0.187500 1.275000 0.425100
0.262500 1.275000 0.426300
0.337500 1.275000 0.427900
0.412500 1.275000 0.429800
0.487500 1.275000 0.432100
0.562500 1.275000 0.434600
0.637500 1.275000 0.437300
0.712500 1.275000 0.440200
0.787500 1.275000 0.443200
0.862500 1.275000 0.446300
0.937500 1.275000 0.449400
1.012000 1.275000 0.452400
1.087000 1.275000 0.455300
1.163000 1.275000 0.458100
1.238000 1.275000 0.460700
1.313000 1.275000 0.463000
1.388000 1.275000 0.465100
1.463000 1.275000 0.466800
1.538000 1.275000 0.468200
1.613000 1.275000 0.469300
1.688000 1.275000 0.469900
1.763000 1.275000 0.470100
1.838000 1.275000 0.469900
1.913000 1.275000 0.469300
1.988000 1.275000 0.468300
2.063000 1.275000 0.466900
2.138000 1.275000 0.465200
2.213000 1.275000 0.463000
2.288000 1.275000 0.460600
2.363000 1.275000 0.457900
2.438000 1.275000 0.454900
2.513000 1.275000 0.451700
2.588000 1.275000 0.448300
2.663000 1.275000 0.444900
2.738000 1.275000 0.441300
2.813000 1.275000 0.437700
2.888000 1.275000 0.434200
2.963000 1.275000 0.430700
3.038000 1.275000 0.427300
3.113000 1.275000 0.424100
3.188000 1.275000 0.421100
3.263000 1.275000 0.418300
3.338000 1.275000 0.415800
3.413000 1.275000 0.413600
3.488000 1.275000 0.411700
3.563000 1.275000 0.410200
3.638000 1.275000 0.409000
3.713000 1.275000 0.408200
3.788000 1.275000 0.407800
3.863000 1.275000 0.000000
-0.037500 1.425000 0.000000
0.037500 1.425000 0.397400
0.112500 1.425000 0.397800
0.187500 1.425000 0.398500
0.262500 1.425000 0.399500
0.337500 1.425000 0.400900
0.412500 1.425000 0.402500
0.487500 1.425000 0.404400
0.562500 1.425000 0.406600
0.637500 1.425000 0.408900
0.712500 1.425000 0.411400
0.787500 1.425000 0.414000
0.862500 1.425000 0.416600
0.937500 1.425000 0.419200
1.012000 1.425000 0.421800
1.087000 1.425000 0.424300
1.163000 1.425000 0.426700
1.238000 1.425000 0.428900
1.313000 1.425000 0.430900
1.388000 1.425000 0.432600
1.463000 1.425000 0.434100
1.538000 1.425000 0.435200
1.613000 1.425000 0.436100
1.688000 1.425000 0.436600
1.763000 1.425000 0.436700
1.838000 1.425000 0.436500
1.913000 1.425000 0.435900
1.988000 1.425000 0.434900
2.063000 1.425000 0.433600
2.138000 1.425000 0.432000
2.213000 1.425000 0.430100
2.288000 1.425000 0.427900
2.363000 1.425000 0.425400
2.438000 1.425000 0.422700
2.513000 1.425000 0.419800
2.588000 1.425000 0.416800
2.663000 1.425000 0.413700
2.738000 1.425000 0.410600
2.813000 1.425000 0.407400
2.888000 1.425000 0.404200
2.963000 1.425000 0.401100
3.038000 1.425000 0.398100
3.113000 1.425000 0.395200
3.188000 1.425000 0.392500
3.263000 1.425000 0.390000
3.338000 1.425000 0.387800
3.413000 1.425000 0.385900
3.488000 1.425000 0.384200
3.563000 1.425000 0.382800
3.638000 1.425000 0.381800
3.713000 1.425000 0.381100
3.788000 1.425000 0.380800
3.863000 1.425000 0.000000
-0.037500 1.575000 0.000000
0.037500 1.575000 0.360600
0.112500 1.575000 0.360900
0.187500 1.575000 0.361500
0.262500 1.575000 0.362400
0.337500 1.575000 0.363500
0.412500 1.575000 0.364900
0.487500 1.575000 0.366500
0.562500 1.575000 0.368200
0.637500 1.575000 0.370100
0.712500 1.575000 0.372200
0.787500 1.575000 0.374300
0.862500 1.575000 0.376500
0.937500 1.575000 0.378600
1.012000 1.575000 0.380800
1.087000 1.575000 0.382800
1.163000 1.575000 0.384800
1.238000 1.575000 0.386600
1.313000 1.575000 0.388200
1.388000 1.575000 0.389600
1.463000 1.575000 0.390800
1.538000 1.575000 0.391700
1.613000 1.575000 0.392300
1.688000 1.575000 0.392700
1.763000 1.575000 0.392700
1.838000 1.575000 0.392500
1.913000 1.575000 0.391900
1.988000 1.575000 0.391100
2.063000 1.575000 0.389900
2.138000 1.575000 0.388500
2.213000 1.575000 0.386800
2.288000 1.575000 0.384900
2.363000 1.575000 0.382700
2.438000 1.575000 0.380400
2.513000 1.575000 0.377900
2.588000 1.575000 0.375300
2.663000 1.575000 0.372600
2.738000 1.575000 0.369900
2.813000 1.575000 0.367100
2.888000 1.575000 0.364400
2.963000 1.575000 0.361700
3.038000 1.575000 0.359100
3.113000 1.575000 0.356700
3.188000 1.575000 0.354400
3.263000 1.575000 0.352300
3.338000 1.575000 0.350300
3.413000 1.575000 0.348700
3.488000 1.575000 0.347300
3.563000 1.575000 0.346100
3.638000 1.575000 0.345200
3.713000 1.575000 0.344700
3.788000 1.575000 0.344400
3.863000 1.575000 0.000000
-0.037500 1.725000 0.000000
0.037500 1.725000 0.317700
0.112500 1.725000 0.317900
0.187500 1.725000 0.318400
0.262500 1.725000 0.319100
0.337500 1.725000 0.320000
0.412500 1.725000 0.321100
0.487500 1.725000 0.322300
0.562500 1.725000 0.323700
0.637500 1.725000 0.325300
0.712500 1.725000 0.326900
0.787500 1.725000 0.328600
0.862500 1.725000 0.330300
0.937500 1.725000 0.332000
1.012000 1.725000 0.333700
1.087000 1.725000 0.335300
1.163000 1.725000 0.336800
1.238000 1.725000 0.338300
1.313000 1.725000 0.339500
1.388000 1.725000 0.340600
1.463000 1.725000 0.341500
1.538000 1.725000 0.342200
1.613000 1.725000 0.342700
1.688000 1.725000 0.342900
1.763000 1.725000 0.342900
1.838000 1.725000 0.342600
1.913000 1.725000 0.342100
1.988000 1.725000 0.341300
2.063000 1.725000 0.340300
2.138000 1.725000 0.339100
2.213000 1.725000 0.337700
2.288000 1.725000 0.336100
2.363000 1.725000 0.334300
2.438000 1.725000 0.332300
2.513000 1.725000 0.330200
2.588000 1.725000 0.328100
2.663000 1.725000 0.325800
2.738000 1.725000 0.323600
2.813000 1.725000 0.321300
2.888000 1.725000 0.319000
2.963000 1.725000 0.316800
3.038000 1.725000 0.314700
3.113000 1.725000 0.312600
3.188000 1.725000 0.310700
3.263000 1.725000 0.309000
3.338000 1.725000 0.307400
3.413000 1.725000 0.306000
3.488000 1.725000 0.304800
3.563000 1.725000 0.303900
3.638000 1.725000 0.303200
3.713000 1.725000 0.302700
3.788000 1.725000 0.302500
3.863000 1.725000 0.000000
-0.037500 1.875000 0.000000
0.037500 1.875000 0.272000
0.112500 1.875000 0.272200
0.187500 1.875000 0.272600
0.262500 1.875000 0.273100
0.337500 1.875000 0.273800
0.412500 1.875000 0.274600
0.487500 1.875000 0.275500
0.562500 1.875000 0.276600
0.637500 1.875000 0.277700
0.712500 1.875000 0.279000
0.787500 1.875000 0.280200
0.862500 1.875000 0.281500
0.937500 1.875000 0.282800
1.012000 1.875000 0.284100
1.087000 1.875000 0.285300
1.163000 1.875000 0.286500
1.238000 1.875000 0.287500
1.313000 1.875000 0.288400
1.388000 1.875000 0.289200
1.463000 1.875000 0.289900
1.538000 1.875000 0.290400
1.613000 1.875000 0.290700
1.688000 1.875000 0.290800
1.763000 1.875000 0.290700
1.838000 1.875000 0.290500
1.913000 1.875000 0.290000
1.988000 1.875000 0.289400
2.063000 1.875000 0.288500
2.138000 1.875000 0.287500
2.213000 1.875000 0.286400
2.288000 1.875000 0.285000
2.363000 1.875000 0.283600
2.438000 1.875000 0.282000
2.513000 1.875000 0.280400
2.588000 1.875000 0.278600
2.663000 1.875000 0.276800
2.738000 1.875000 0.275000
2.813000 1.875000 0.273200
2.888000 1.875000 0.271400
2.963000 1.875000 0.269600
3.038000 1.875000 0.267900
3.113000 1.875000 0.266300
3.188000 1.875000 0.264800
3.263000 1.875000 0.263400
3.338000 1.875000 0.262200
3.413000 1.875000 0.261100
3.488000 1.875000 0.260200
3.563000 1.875000 0.259400
3.638000 1.875000 0.258900
3.713000 1.875000 0.258500
3.788000 1.875000 0.258300
3.863000 1.875000 0.000000
-0.037500 2.025000 0.000000
0.037500 2.025000 0.226200
0.112500 2.025000 0.226400
0.187500 2.025000 0.226600
0.262500 2.025000 0.227000
0.337500 2.025000 0.227500
0.412500 2.025000 0.228000
0.487500 2.025000 0.228700
0.562500 2.025000 0.229500
0.637500 2.025000 0.230300
0.712500 2.025000 0.231100
0.787500 2.025000 0.232000
0.862500 2.025000 0.232900
0.937500 2.025000 0.233800
1.012000 2.025000 0.234700
1.087000 2.025000 0.235500
1.163000 2.025000 0.236300
1.238000 2.025000 0.237000
1.313000 2.025000 0.237700
1.388000 2.025000 0.238200
1.463000 2.025000 0.238600
1.538000 2.025000 0.238900
1.613000 2.025000 0.239100
1.688000 2.025000 0.239100
1.763000 2.025000 0.239000
1.838000 2.025000 0.238800
1.913000 2.025000 0.238400
1.988000 2.025000 0.237800
2.063000 2.025000 0.237200
2.138000 2.025000 0.236400
2.213000 2.025000 0.235500
2.288000 2.025000 0.234500
2.363000 2.025000 0.233300
2.438000 2.025000 0.232100
2.513000 2.025000 0.230900
2.588000 2.025000 0.229600
2.663000 2.025000 0.228200
2.738000 2.025000 0.226800
2.813000 2.025000 0.225500
2.888000 2.025000 0.224100
2.963000 2.025000 0.222800
3.038000 2.025000 0.221500
3.113000 2.025000 0.220300
3.188000 2.025000 0.219200
3.263000 2.025000 0.218100
3.338000 2.025000 0.217200
3.413000 2.025000 0.216400
3.488000 2.025000 0.215700
3.563000 2.025000 0.215100
3.638000 2.025000 0.214700
3.713000 2.025000 0.214400
3.788000 2.025000 0.214300
3.863000 2.025000 0.000000
-0.037500 2.175000 0.000000
0.037500 2.175000 0.182300
0.112500 2.175000 0.182400
0.187500 2.175000 0.182600
0.262500 2.175000 0.182800
0.337500 2.175000 0.183100
0.412500 2.175000 0.183400
0.487500 2.175000 0.183800
0.562500 2.175000 0.184300
0.637500 2.175000 0.184800
0.712500 2.175000 0.185300
0.787500 2.175000 0.185800
0.862500 2.175000 0.186400
0.937500 2.175000 0.186900
1.012000 2.175000 0.187400
1.087000 2.175000 0.187900
1.163000 2.175000 0.188400
1.238000 2.175000 0.188800
1.313000 2.175000 0.189100
1.388000 2.175000 0.189400
1.463000 2.175000 0.189600
1.538000 2.175000 0.189800
1.613000 2.175000 0.189800
1.688000 2.175000 0.189800
1.763000 2.175000 0.189600
1.838000 2.175000 0.189400
1.913000 2.175000 0.189100
1.988000 2.175000 0.188700
2.063000 2.175000 0.188200
2.138000 2.175000 0.187600
2.213000 2.175000 0.186900
2.288000 2.175000 0.186200
2.363000 2.175000 0.185400
2.438000 2.175000 0.184500
2.513000 2.175000 0.183700
2.588000 2.175000 0.182700
2.663000 2.175000 0.181800
2.738000 2.175000 0.180900
2.813000 2.175000 0.179900
2.888000 2.175000 0.179000
2.963000 2.175000 0.178100
3.038000 2.175000 0.177200
3.113000 2.175000 0.176400
3.188000 2.175000 0.175600
3.263000 2.175000 0.174900
3.338000 2.175000 0.174200
3.413000 2.175000 0.173700
3.488000 2.175000 0.173200
3.563000 2.175000 0.172800
3.638000 2.175000 0.172500
3.713000 2.175000 0.172400
3.788000 2.175000 0.172300
3.863000 2.175000 0.000000
-0.037500 2.325000 0.000000
0.037500 2.325000 0.155300
0.112500 2.325000 0.155300
0.187500 2.325000 0.155400
0.262500 2.325000 0.155500
0.337500 2.325000 0.155700
0.412500 2.325000 0.155900
0.487500 2.325000 0.156200
0.562500 2.325000 0.156400
0.637500 2.325000 0.156700
0.712500 2.325000 0.157100
0.787500 2.325000 0.157400
0.862500 2.325000 0.157700
0.937500 2.325000 0.158000
1.012000 2.325000 0.158300
1.087000 2.325000 0.158600
1.163000 2.325000 0.158800
1.238000 2.325000 0.159000
1.313000 2.325000 0.159200
1.388000 2.325000 0.159300
1.463000 2.325000 0.159400
1.538000 2.325000 0.159400
1.613000 2.325000 0.159400
1.688000 2.325000 0.159300
1.763000 2.325000 0.159100
1.838000 2.325000 0.158900
1.913000 2.325000 0.158600
1.988000 2.325000 0.158300
2.063000 2.325000 0.157900
2.138000 2.325000 0.157500
2.213000 2.325000 0.157000
2.288000 2.325000 0.156400
2.363000 2.325000 0.155800
2.438000 2.325000 0.155200
2.513000 2.325000 0.154500
2.588000 2.325000 0.153900
2.663000 2.325000 0.153200
2.738000 2.325000 0.152500
2.813000 2.325000 0.151800
2.888000 2.325000 0.151200
2.963000 2.325000 0.150500
3.038000 2.325000 0.149900
3.113000 2.325000 0.149300
3.188000 2.325000 0.148800
3.263000 2.325000 0.148300
3.338000 2.325000 0.147800
3.413000 2.325000 0.147400
3.488000 2.325000 0.147100
3.563000 2.325000 0.146800
3.638000 2.325000 0.146600
3.713000 2.325000 0.146500
3.788000 2.325000 0.146400
3.863000 2.325000 0.000000
-0.037500 2.475000 0.000000
0.037500 2.475000 0.142800
0.112500 2.475000 0.142900
0.187500 2.475000 0.142900
0.262500 2.475000 0.143000
0.337500 2.475000 0.143200
0.412500 2.475000 0.143300
0.487500 2.475000 0.143500
0.562500 2.475000 0.143700
0.637500 2.475000 0.143900
0.712500 2.475000 0.144200
0.787500 2.475000 0.144400
0.862500 2.475000 0.144600
0.937500 2.475000 0.144900
1.012000 2.475000 0.145100
1.087000 2.475000 0.145300
1.163000 2.475000 0.145500
1.238000 2.475000 0.145600
1.313000 2.475000 0.145700
1.388000 2.475000 0.145800
1.463000 2.475000 0.145800
1.538000 2.475000 0.145800
1.613000 2.475000 0.145800
1.688000 2.475000 0.145700
1.763000 2.475000 0.145500
1.838000 2.475000 0.145300
1.913000 2.475000 0.145000
1.988000 2.475000 0.144700
2.063000 2.475000 0.144400
2.138000 2.475000 0.144000
2.213000 2.475000 0.143500
2.288000 2.475000 0.143100
2.363000 2.475000 0.142500
2.438000 2.475000 0.142000
2.513000 2.475000 0.141500
2.588000 2.475000 0.140900
2.663000 2.475000 0.140300
2.738000 2.475000 0.139700
2.813000 2.475000 0.139100
2.888000 2.475000 0.138600
2.963000 2.475000 0.138000
3.038000 2.475000 0.137500
3.113000 2.475000 0.137000
3.188000 2.475000 0.136600
3.263000 2.475000 0.136100
3.338000 2.475000 0.135800
3.413000 2.475000 0.135400
3.488000 2.475000 0.135200
3.563000 2.475000 0.134900
3.638000 2.475000 0.134800
3.713000 2.475000 0.134700
3.788000 2.475000 0.134600
3.863000 2.475000 0.000000
-0.037500 2.625000 0.000000
0.037500 2.625000 0.131600
0.112500 2.625000 0.131600
0.187500 2.625000 0.131700
0.262500 2.625000 0.131700
0.337500 2.625000 0.131800
0.412500 2.625000 0.132000
0.487500 2.625000 0.132100
0.562500 2.625000 0.132300
0.637500 2.625000 0.132500
0.712500 2.625000 0.132600
0.787500 2.625000 0.132800
0.862500 2.625000 0.133000
0.937500 2.625000 0.133200
1.012000 2.625000 0.133400
1.087000 2.625000 0.133500
1.163000 2.625000 0.133600
1.238000 2.625000 0.133700
1.313000 2.625000 0.133800
1.388000 2.625000 0.133900
1.463000 2.625000 0.133900
1.538000 2.625000 0.133800
1.613000 2.625000 0.133800
1.688000 2.625000 0.133600
1.763000 2.625000 0.133500
1.838000 2.625000 0.133300
1.913000 2.625000 0.133000
1.988000 2.625000 0.132800
2.063000 2.625000 0.132400
2.138000 2.625000 0.132100
2.213000 2.625000 0.131700
2.288000 2.625000 0.131300
2.363000 2.625000 0.130800
2.438000 2.625000 0.130400
2.513000 2.625000 0.129900
2.588000 2.625000 0.129400
2.663000 2.625000 0.128900
2.738000 2.625000 0.128400
2.813000 2.625000 0.127900
2.888000 2.625000 0.127400
2.963000 2.625000 0.126900
3.038000 2.625000 0.126500
3.113000 2.625000 0.126000
3.188000 2.625000 0.125600
3.263000 2.625000 0.125300
3.338000 2.625000 0.125000
3.413000 2.625000 0.124700
3.488000 2.625000 0.124500
3.563000 2.625000 0.124300
3.638000 2.625000 0.124100
3.713000 2.625000 0.124000
3.788000 2.625000 0.124000
3.863000 2.625000 0.000000
-0.037500 2.775000 0.000000
0.037500 2.775000 0.121600
0.112500 2.775000 0.121600
0.187500 2.775000 0.121700
0.262500 2.775000 0.121800
0.337500 2.775000 0.121800
0.412500 2.775000 0.122000
0.487500 2.775000 0.122100
0.562500 2.775000 0.122200
0.637500 2.775000 0.122400
0.712500 2.775000 0.122500
0.787500 2.775000 0.122700
0.862500 2.775000 0.122800
0.937500 2.775000 0.123000
1.012000 2.775000 0.123100
1.087000 2.775000 0.123200
1.163000 2.775000 0.123300
1.238000 2.775000 0.123400
1.313000 2.775000 0.123400
1.388000 2.775000 0.123500
1.463000 2.775000 0.123500
1.538000 2.775000 0.123400
1.613000 2.775000 0.123300
1.688000 2.775000 0.123200
1.763000 2.775000 0.123100
1.838000 2.775000 0.122900
1.913000 2.775000 0.122700
1.988000 2.775000 0.122400
2.063000 2.775000 0.122100
2.138000 2.775000 0.121800
2.213000 2.775000 0.121400
2.288000 2.775000 0.121100
2.363000 2.775000 0.120700
2.438000 2.775000 0.120300
2.513000 2.775000 0.119800
2.588000 2.775000 0.119400
2.663000 2.775000 0.118900
2.738000 2.775000 0.118500
2.813000 2.775000 0.118000
2.888000 2.775000 0.117600
2.963000 2.775000 0.117200
3.038000 2.775000 0.116800
3.113000 2.775000 0.116400
3.188000 2.775000 0.116100
3.263000 2.775000 0.115700
3.338000 2.775000 0.115400
3.413000 2.775000 0.115200
3.488000 2.775000 0.115000
3.563000 2.775000 0.114800
3.638000 2.775000 0.114700
3.713000 2.775000 0.114600
3.788000 2.775000 0.114600
3.863000 2.775000 0.000000
-0.037500 2.925000 0.000000
0.037500 2.925000 0.104300
0.112500 2.925000 0.104400
0.187500 2.925000 0.104400
0.262500 2.925000 0.104500
0.337500 2.925000 0.104500
0.412500 2.925000 0.104600
0.487500 2.925000 0.104700
0.562500 2.925000 0.104800
0.637500 2.925000 0.105000
0.712500 2.925000 0.105100
0.787500 2.925000 0.105200
0.862500 2.925000 0.105300
0.937500 2.925000 0.105400
1.012000 2.925000 0.105600
1.087000 2.925000 0.105600
1.163000 2.925000 0.105700
1.238000 2.925000 0.105800
1.313000 2.925000 0.105800
1.388000 2.925000 0.105800
1.463000 2.925000 0.105800
1.538000 2.925000 0.105800
1.613000 2.925000 0.105700
1.688000 2.925000 0.105600
1.763000 2.925000 0.105500
1.838000 2.925000 0.105300
1.913000 2.925000 0.105100
1.988000 2.925000 0.104900
2.063000 2.925000 0.104700
2.138000 2.925000 0.104400
2.213000 2.925000 0.104100
2.288000 2.925000 0.103800
2.363000 2.925000 0.103400
2.438000 2.925000 0.103100
2.513000 2.925000 0.102700
2.588000 2.925000 0.102300
2.663000 2.925000 0.102000
2.738000 2.925000 0.101600
2.813000 2.925000 0.101200
2.888000 2.925000 0.100800
2.963000 2.925000 0.100500
3.038000 2.925000 0.100100
3.113000 2.925000 0.099820
3.188000 2.925000 0.099520
3.263000 2.925000 0.099250
3.338000 2.925000 0.099020
3.413000 2.925000 0.098810
3.488000 2.925000 0.098630
3.563000 2.925000 0.098490
3.638000 2.925000 0.098390
3.713000 2.925000 0.098320
3.788000 2.925000 0.098270
3.863000 2.925000 0.000000
-0.037500 3.075000 0.000000
0.037500 3.075000 0.082610
0.112500 3.075000 0.082630
0.187500 3.075000 0.082660
0.262500 3.075000 0.082700
0.337500 3.075000 0.082760
0.412500 3.075000 0.082820
0.487500 3.075000 0.082900
0.562500 3.075000 0.082980
0.637500 3.075000 0.083070
0.712500 3.075000 0.083160
0.787500 3.075000 0.083250
0.862500 3.075000 0.083340
0.937500 3.075000 0.083420
1.012000 3.075000 0.083500
1.087000 3.075000 0.083570
1.163000 3.075000 0.083620
1.238000 3.075000 0.083660
1.313000 3.075000 0.083690
1.388000 3.075000 0.083690
1.463000 3.075000 0.083680
1.538000 3.075000 0.083640
1.613000 3.075000 0.083580
1.688000 3.075000 0.083500
1.763000 3.075000 0.083400
1.838000 3.075000 0.083270
1.913000 3.075000 0.083110
1.988000 3.075000 0.082940
2.063000 3.075000 0.082740
2.138000 3.075000 0.082530
2.213000 3.075000 0.082290
2.288000 3.075000 0.082040
2.363000 3.075000 0.081770
2.438000 3.075000 0.081500
2.513000 3.075000 0.081210
2.588000 3.075000 0.080920
2.663000 3.075000 0.080630
2.738000 3.075000 0.080330
2.813000 3.075000 0.080040
2.888000 3.075000 0.079760
2.963000 3.075000 0.079480
3.038000 3.075000 0.079220
3.113000 3.075000 0.078970
3.188000 3.075000 0.078750
3.263000 3.075000 0.078540
3.338000 3.075000 0.078350
3.413000 3.075000 0.078190
3.488000 3.075000 0.078050
3.563000 3.075000 0.077940
3.638000 3.075000 0.077860
3.713000 3.075000 0.077800
3.788000 3.075000 0.077770
3.863000 3.075000 0.000000
-0.037500 3.225000 0.000000
0.037500 3.225000 0.064690
0.112500 3.225000 0.064710
0.187500 3.225000 0.064730
0.262500 3.225000 0.064760
0.337500 3.225000 0.064800
0.412500 3.225000 0.064850
0.487500 3.225000 0.064900
0.562500 3.225000 0.064960
0.637500 3.225000 0.065020
0.712500 3.225000 0.065090
0.787500 3.225000 0.065150
0.862500 3.225000 0.065220
0.937500 3.225000 0.065280
1.012000 3.225000 0.065330
1.087000 3.225000 0.065380
1.163000 3.225000 0.065420
1.238000 3.225000 0.065440
1.313000 3.225000 0.065450
1.388000 3.225000 0.065450
1.463000 3.225000 0.065440
1.538000 3.225000 0.065410
1.613000 3.225000 0.065360
1.688000 3.225000 0.065290
1.763000 3.225000 0.065210
1.838000 3.225000 0.065100
1.913000 3.225000 0.064990
1.988000 3.225000 0.064850
2.063000 3.225000 0.064700
2.138000 3.225000 0.064530
2.213000 3.225000 0.064350
2.288000 3.225000 0.064150
2.363000 3.225000 0.063950
2.438000 3.225000 0.063730
2.513000 3.225000 0.063520
2.588000 3.225000 0.063290
2.663000 3.225000 0.063070
2.738000 3.225000 0.062840
2.813000 3.225000 0.062620
2.888000 3.225000 0.062400
2.963000 3.225000 0.062190
3.038000 3.225000 0.061990
3.113000 3.225000 0.061800
3.188000 3.225000 0.061630
3.263000 3.225000 0.061470
3.338000 3.225000 0.061330
3.413000 3.225000 0.061200
3.488000 3.225000 0.061100
3.563000 3.225000 0.061010
3.638000 3.225000 0.060940
3.713000 3.225000 0.060900
3.788000 3.225000 0.060870
3.863000 3.225000 0.000000
-0.037500 3.375000 0.000000
0.037500 3.375000 0.050140
0.112500 3.375000 0.050150
0.187500 3.375000 0.050170
0.262500 3.375000 0.050190
0.337500 3.375000 0.050220
0.412500 3.375000 0.050250
0.487500 3.375000 0.050290
0.562500 3.375000 0.050330
0.637500 3.375000 0.050370
0.712500 3.375000 0.050420
0.787500 3.375000 0.050470
0.862500 3.375000 0.050510
0.937500 3.375000 0.050550
1.012000 3.375000 0.050590
1.087000 3.375000 0.050620
1.163000 3.375000 0.050650
1.238000 3.375000 0.050660
1.313000 3.375000 0.050670
1.388000 3.375000 0.050660
1.463000 3.375000 0.050650
1.538000 3.375000 0.050620
1.613000 3.375000 0.050580
1.688000 3.375000 0.050530
1.763000 3.375000 0.050460
1.838000 3.375000 0.050380
1.913000 3.375000 0.050290
1.988000 3.375000 0.050180
2.063000 3.375000 0.050060
2.138000 3.375000 0.049940
2.213000 3.375000 0.049800
2.288000 3.375000 0.049650
2.363000 3.375000 0.049490
2.438000 3.375000 0.049330
2.513000 3.375000 0.049160
2.588000 3.375000 0.049000
2.663000 3.375000 0.048820
2.738000 3.375000 0.048650
2.813000 3.375000 0.048490
2.888000 3.375000 0.048320
2.963000 3.375000 0.048160
3.038000 3.375000 0.048010
3.113000 3.375000 0.047870
3.188000 3.375000 0.047740
3.263000 3.375000 0.047620
3.338000 3.375000 0.047510
3.413000 3.375000 0.047410
3.488000 3.375000 0.047330
3.563000 3.375000 0.047270
3.638000 3.375000 0.047210
3.713000 3.375000 0.047170
3.788000 3.375000 0.047150
3.863000 3.375000 0.000000
-0.037500 3.525000 0.000000
0.037500 3.525000 0.038480
0.112500 3.525000 0.038490
0.187500 3.525000 0.038500
0.262500 3.525000 0.038510
0.337500 3.525000 0.038530
0.412500 3.525000 0.038560
0.487500 3.525000 0.038580
0.562500 3.525000 0.038610
0.637500 3.525000 0.038640
0.712500 3.525000 0.038680
0.787500 3.525000 0.038710
0.862500 3.525000 0.038740
0.937500 3.525000 0.038770
1.012000 3.525000 0.038790
1.087000 3.525000 0.038810
1.163000 3.525000 0.038830
1.238000 3.525000 0.038840
1.313000 3.525000 0.038840
1.388000 3.525000 0.038830
1.463000 3.525000 0.038820
1.538000 3.525000 0.038800
1.613000 3.525000 0.038760
1.688000 3.525000 0.038720
1.763000 3.525000 0.038670
1.838000 3.525000 0.038610
1.913000 3.525000 0.038540
1.988000 3.525000 0.038460
2.063000 3.525000 0.038370
2.138000 3.525000 0.038270
2.213000 3.525000 0.038160
2.288000 3.525000 0.038050
2.363000 3.525000 0.037930
2.438000 3.525000 0.037810
2.513000 3.525000 0.037690
2.588000 3.525000 0.037560
2.663000 3.525000 0.037430
2.738000 3.525000 0.037300
2.813000 3.525000 0.037180
2.888000 3.525000 0.037060
2.963000 3.525000 0.036940
3.038000 3.525000 0.036820
3.113000 3.525000 0.036720
3.188000 3.525000 0.036620
3.263000 3.525000 0.036530
3.338000 3.525000 0.036450
3.413000 3.525000 0.036370
3.488000 3.525000 0.036310
3.563000 3.525000 0.036260
3.638000 3.525000 0.036220
3.713000 3.525000 0.036190
3.788000 3.525000 0.036170
3.863000 3.525000 0.000000
-0.037500 3.675000 0.000000
0.037500 3.675000 0.029270
0.112500 3.675000 0.029270
0.187500 3.675000 0.029280
0.262500 3.675000 0.029290
0.337500 3.675000 0.029300
0.412500 3.675000 0.029320
0.487500 3.675000 0.029340
0.562500 3.675000 0.029360
0.637500 3.675000 0.029380
0.712500 3.675000 0.029400
0.787500 3.675000 0.029420
0.862500 3.675000 0.029440
0.937500 3.675000 0.029460
1.012000 3.675000 0.029480
1.087000 3.675000 0.029490
1.163000 3.675000 0.029500
1.238000 3.675000 0.029510
1.313000 3.675000 0.029510
1.388000 3.675000 0.029500
1.463000 3.675000 0.029490
1.538000 3.675000 0.029470
1.613000 3.675000 0.029440
1.688000 3.675000 0.029410
1.763000 3.675000 0.029370
1.838000 3.675000 0.029320
1.913000 3.675000 0.029270
1.988000 3.675000 0.029210
2.063000 3.675000 0.029140
2.138000 3.675000 0.029060
2.213000 3.675000 0.028990
2.288000 3.675000 0.028900
2.363000 3.675000 0.028810
2.438000 3.675000 0.028720
2.513000 3.675000 0.028630
2.588000 3.675000 0.028540
2.663000 3.675000 0.028440
2.738000 3.675000 0.028340
2.813000 3.675000 0.028250
2.888000 3.675000 0.028160
2.963000 3.675000 0.028070
3.038000 3.675000 0.027990
3.113000 3.675000 0.027910
3.188000 3.675000 0.027830
3.263000 3.675000 0.027770
3.338000 3.675000 0.027710
3.413000 3.675000 0.027650
3.488000 3.675000 0.027610
3.563000 3.675000 0.027570
3.638000 3.675000 0.027540
3.713000 3.675000 0.027520
3.788000 3.675000 0.027500
3.863000 3.675000 0.000000
-0.037500 3.825000 0.000000
0.037500 3.825000 0.022070
0.112500 3.825000 0.022080
0.187500 3.825000 0.022080
0.262500 3.825000 0.022090
0.337500 3.825000 0.022100
0.412500 3.825000 0.022110
0.487500 3.825000 0.022120
0.562500 3.825000 0.022130
0.637500 3.825000 0.022150
0.712500 3.825000 0.022160
0.787500 3.825000 0.022180
0.862500 3.825000 0.022190
0.937500 3.825000 0.022210
1.012000 3.825000 0.022220
1.087000 3.825000 0.022220
1.163000 3.825000 0.022230
1.238000 3.825000 0.022230
1.313000 3.825000 0.022230
1.388000 3.825000 0.022220
1.463000 3.825000 0.022210
1.538000 3.825000 0.022200
1.613000 3.825000 0.022180
1.688000 3.825000 0.022150
1.763000 3.825000 0.022120
1.838000 3.825000 0.022090
1.913000 3.825000 0.022040
1.988000 3.825000 0.022000
2.063000 3.825000 0.021950
2.138000 3.825000 0.021890
2.213000 3.825000 0.021830
2.288000 3.825000 0.021770
2.363000 3.825000 0.021710
2.438000 3.825000 0.021640
2.513000 3.825000 0.021570
2.588000 3.825000 0.021500
2.663000 3.825000 0.021430
2.738000 3.825000 0.021360
2.813000 3.825000 0.021290
2.888000 3.825000 0.021220
2.963000 3.825000 0.021160
3.038000 3.825000 0.021100
3.113000 3.825000 0.021040
3.188000 3.825000 0.020990
3.263000 3.825000 0.020940
3.338000 3.825000 0.020890
3.413000 3.825000 0.020850
3.488000 3.825000 0.020820
3.563000 3.825000 0.020790
3.638000 3.825000 0.020770
3.713000 3.825000 0.020750
3.788000 3.825000 0.020740
3.863000 3.825000 0.000000
-0.037500 3.975000 0.000000
0.037500 3.975000 0.016530
0.112500 3.975000 0.016530
0.187500 3.975000 0.016530
0.262500 3.975000 0.016540
0.337500 3.975000 0.016550
0.412500 3.975000 0.016550
0.487500 3.975000 0.016560
0.562500 3.975000 0.016570
0.637500 3.975000 0.016580
0.712500 3.975000 0.016590
0.787500 3.975000 0.016600
0.862500 3.975000 0.016610
0.937500 3.975000 0.016620
1.012000 3.975000 0.016620
1.087000 3.975000 0.016630
1.163000 3.975000 0.016630
1.238000 3.975000 0.016630
1.313000 3.975000 0.016630
1.388000 3.975000 0.016620
1.463000 3.975000 0.016620
1.538000 3.975000 0.016600
1.613000 3.975000 0.016590
1.688000 3.975000 0.016570
1.763000 3.975000 0.016540
1.838000 3.975000 0.016520
1.913000 3.975000 0.016490
1.988000 3.975000 0.016450
2.063000 3.975000 0.016410
2.138000 3.975000 0.016370
2.213000 3.975000 0.016330
2.288000 3.975000 0.016290
2.363000 3.975000 0.016240
2.438000 3.975000 0.016190
2.513000 3.975000 0.016140
2.588000 3.975000 0.016090
2.663000 3.975000 0.016030
2.738000 3.975000 0.015980
2.813000 3.975000 0.015930
2.888000 3.975000 0.015880
2.963000 3.975000 0.015840
3.038000 3.975000 0.015790
3.113000 3.975000 0.015750
3.188000 3.975000 0.015710
3.263000 3.975000 0.015670
3.338000 3.975000 0.015640
3.413000 3.975000 0.015610
3.488000 3.975000 0.015590
3.563000 3.975000 0.015570
3.638000 3.975000 0.015550
3.713000 3.975000 0.015540
3.788000 3.975000 0.015530
3.863000 3.975000 0.000000
-0.037500 4.125000 0.000000
0.037500 4.125000 0.012310
0.112500 4.125000 0.012310
0.187500 4.125000 0.012310
0.262500 4.125000 0.012320
0.337500 4.125000 0.012320
0.412500 4.125000 0.012330
0.487500 4.125000 0.012330
0.562500 4.125000 0.012340
0.637500 4.125000 0.012340
0.712500 4.125000 0.012350
0.787500 4.125000 0.012360
0.862500 4.125000 0.012360
0.937500 4.125000 0.012370
1.012000 4.125000 0.012370
1.087000 4.125000 0.012370
1.163000 4.125000 0.012380
1.238000 4.125000 0.012370
1.313000 4.125000 0.012370
1.388000 4.125000 0.012370
1.463000 4.125000 0.012360
1.538000 4.125000 0.012350
1.613000 4.125000 0.012340
1.688000 4.125000 0.012320
1.763000 4.125000 0.012310
1.838000 4.125000 0.012290
1.913000 4.125000 0.012260
1.988000 4.125000 0.012240
2.063000 4.125000 0.012210
2.138000 4.125000 0.012180
2.213000 4.125000 0.012150
2.288000 4.125000 0.012110
2.363000 4.125000 0.012080
2.438000 4.125000 0.012040
2.513000 4.125000 0.012010
2.588000 4.125000 0.011970
2.663000 4.125000 0.011930
2.738000 4.125000 0.011890
2.813000 4.125000 0.011860
2.888000 4.125000 0.011820
2.963000 4.125000 0.011790
3.038000 4.125000 0.011760
3.113000 4.125000 0.011720
3.188000 4.125000 0.011700
3.263000 4.125000 0.011670
3.338000 4.125000 0.011650
3.413000 4.125000 0.011630
3.488000 4.125000 0.011610
3.563000 4.125000 0.011590
3.638000 4.125000 0.011580
3.713000 4.125000 0.011570
3.788000 4.125000 0.011560
3.863000 4.125000 0.000000
-0.037500 4.275000 0.000000
0.037500 4.275000 0.009145
0.112500 4.275000 0.009146
0.187500 4.275000 0.009147
0.262500 4.275000 0.009149
0.337500 4.275000 0.009152
0.412500 4.275000 0.009155
0.487500 4.275000 0.009159
0.562500 4.275000 0.009163
0.637500 4.275000 0.009167
0.712500 4.275000 0.009171
0.787500 4.275000 0.009175
0.862500 4.275000 0.009179
0.937500 4.275000 0.009182
1.012000 4.275000 0.009184
1.087000 4.275000 0.009185
1.163000 4.275000 0.009185
1.238000 4.275000 0.009184
1.313000 4.275000 0.009182
1.388000 4.275000 0.009178
1.463000 4.275000 0.009172
1.538000 4.275000 0.009164
1.613000 4.275000 0.009155
1.688000 4.275000 0.009144
1.763000 4.275000 0.009130
1.838000 4.275000 0.009115
1.913000 4.275000 0.009098
1.988000 4.275000 0.009080
2.063000 4.275000 0.009059
2.138000 4.275000 0.009038
2.213000 4.275000 0.009014
2.288000 4.275000 0.008990
2.363000 4.275000 0.008964
2.438000 4.275000 0.008938
2.513000 4.275000 0.008911
2.588000 4.275000 0.008884
2.663000 4.275000 0.008857
2.738000 4.275000 0.008830
2.813000 4.275000 0.008803
2.888000 4.275000 0.008778
2.963000 4.275000 0.008753
3.038000 4.275000 0.008729
3.113000 4.275000 0.008706
3.188000 4.275000 0.008686
3.263000 4.275000 0.008667
3.338000 4.275000 0.008649
3.413000 4.275000 0.008634
3.488000 4.275000 0.008621
3.563000 4.275000 0.008610
3.638000 4.275000 0.008601
3.713000 4.275000 0.008594
3.788000 4.275000 0.008589
3.863000 4.275000 0.000000
-0.037500 4.425000 0.000000
0.037500 4.425000 0.006812
0.112500 4.425000 0.006813
0.187500 4.425000 0.006814
0.262500 4.425000 0.006815
0.337500 4.425000 0.006817
0.412500 4.425000 0.006819
0.487500 4.425000 0.006821
0.562500 4.425000 0.006824
0.637500 4.425000 0.006827
0.712500 4.425000 0.006829
0.787500 4.425000 0.006832
0.862500 4.425000 0.006834
0.937500 4.425000 0.006836
1.012000 4.425000 0.006837
1.087000 4.425000 0.006837
1.163000 4.425000 0.006837
1.238000 4.425000 0.006836
1.313000 4.425000 0.006833
1.388000 4.425000 0.006830
1.463000 4.425000 0.006825
1.538000 4.425000 0.006819
1.613000 4.425000 0.006812
1.688000 4.425000 0.006804
1.763000 4.425000 0.006794
1.838000 4.425000 0.006782
1.913000 4.425000 0.006770
1.988000 4.425000 0.006756
2.063000 4.425000 0.006741
2.138000 4.425000 0.006725
2.213000 4.425000 0.006708
2.288000 4.425000 0.006690
2.363000 4.425000 0.006671
2.438000 4.425000 0.006652
2.513000 4.425000 0.006633
2.588000 4.425000 0.006613
2.663000 4.425000 0.006593
2.738000 4.425000 0.006574
2.813000 4.425000 0.006554
2.888000 4.425000 0.006535
2.963000 4.425000 0.006517
3.038000 4.425000 0.006500
3.113000 4.425000 0.006484
3.188000 4.425000 0.006469
3.263000 4.425000 0.006455
3.338000 4.425000 0.006442
3.413000 4.425000 0.006431
3.488000 4.425000 0.006422
3.563000 4.425000 0.006414
3.638000 4.425000 0.006407
3.713000 4.425000 0.006402
3.788000 4.425000 0.006398
3.863000 4.425000 0.000000
-0.037500 4.575000 0.000000
0.037500 4.575000 0.005139
0.112500 4.575000 0.005139
0.187500 4.575000 0.005140
0.262500 4.575000 0.005141
0.337500 4.575000 0.005142
0.412500 4.575000 0.005143
0.487500 4.575000 0.005145
0.562500 4.575000 0.005147
0.637500 4.575000 0.005148
0.712500 4.575000 0.005150
0.787500 4.575000 0.005151
0.862500 4.575000 0.005153
0.937500 4.575000 0.005154
1.012000 4.575000 0.005154
1.087000 4.575000 0.005154
1.163000 4.575000 0.005154
1.238000 4.575000 0.005152
1.313000 4.575000 0.005150
1.388000 4.575000 0.005147
1.463000 4.575000 0.005144
1.538000 4.575000 0.005139
1.613000 4.575000 0.005133
1.688000 4.575000 0.005127
1.763000 4.575000 0.005119
1.838000 4.575000 0.005111
1.913000 4.575000 0.005101
1.988000 4.575000 0.005091
2.063000 4.575000 0.005080
2.138000 4.575000 0.005068
2.213000 4.575000 0.005055
2.288000 4.575000 0.005042
2.363000 4.575000 0.005028
2.438000 4.575000 0.005014
2.513000 4.575000 0.004999
2.588000 4.575000 0.004985
2.663000 4.575000 0.004970
2.738000 4.575000 0.004956
2.813000 4.575000 0.004942
2.888000 4.575000 0.004928
2.963000 4.575000 0.004915
3.038000 4.575000 0.004902
3.113000 4.575000 0.004890
3.188000 4.575000 0.004879
3.263000 4.575000 0.004869
3.338000 4.575000 0.004860
3.413000 4.575000 0.004851
3.488000 4.575000 0.004844
3.563000 4.575000 0.004838
3.638000 4.575000 0.004833
3.713000 4.575000 0.004829
3.788000 4.575000 0.004826
3.863000 4.575000 0.000000
-0.037500 4.725000 0.000000
0.037500 4.725000 0.003993
0.112500 4.725000 0.003993
0.187500 4.725000 0.003993
0.262500 4.725000 0.003994
0.337500 4.725000 0.003995
0.412500 4.725000 0.003995
0.487500 4.725000 0.003996
0.562500 4.725000 0.003998
0.637500 4.725000 0.003999
0.712500 4.725000 0.004000
0.787500 4.725000 0.004001
0.862500 4.725000 0.004001
0.937500 4.725000 0.004002
1.012000 4.725000 0.004002
1.087000 4.725000 0.004002
1.163000 4.725000 0.004001
1.238000 4.725000 0.004000
1.313000 4.725000 0.003998
1.388000 4.725000 0.003995
1.463000 4.725000 0.003992
1.538000 4.725000 0.003989
1.613000 4.725000 0.003984
1.688000 4.725000 0.003979
1.763000 4.725000 0.003973
1.838000 4.725000 0.003966
1.913000 4.725000 0.003959
1.988000 4.725000 0.003951
2.063000 4.725000 0.003942
2.138000 4.725000 0.003933
2.213000 4.725000 0.003924
2.288000 4.725000 0.003913
2.363000 4.725000 0.003903
2.438000 4.725000 0.003892
2.513000 4.725000 0.003881
2.588000 4.725000 0.003870
2.663000 4.725000 0.003859
2.738000 4.725000 0.003848
2.813000 4.725000 0.003837
2.888000 4.725000 0.003827
2.963000 4.725000 0.003817
3.038000 4.725000 0.003807
3.113000 4.725000 0.003798
3.188000 4.725000 0.003790
3.263000 4.725000 0.003782
3.338000 4.725000 0.003775
3.413000 4.725000 0.003769
3.488000 4.725000 0.003764
3.563000 4.725000 0.003759
3.638000 4.725000 0.003755
3.713000 4.725000 0.003752
3.788000 4.725000 0.003750
3.863000 4.725000 0.000000
-0.037500 4.875000 0.000000
0.037500 4.875000 0.003278
0.112500 4.875000 0.003278
0.187500 4.875000 0.003278
0.262500 4.875000 0.003279
0.337500 4.875000 0.003279
0.412500 4.875000 0.003280
0.487500 4.875000 0.003280
0.562500 4.875000 0.003281
0.637500 4.875000 0.003282
0.712500 4.875000 0.003282
0.787500 4.875000 0.003283
0.862500 4.875000 0.003283
0.937500 4.875000 0.003283
1.012000 4.875000 0.003283
1.087000 4.875000 0.003283
1.163000 4.875000 0.003282
1.238000 4.875000 0.003281
1.313000 4.875000 0.003279
1.388000 4.875000 0.003277
1.463000 4.875000 0.003274
1.538000 4.875000 0.003271
1.613000 4.875000 0.003267
1.688000 4.875000 0.003263
1.763000 4.875000 0.003258
1.838000 4.875000 0.003253
1.913000 4.875000 0.003247
1.988000 4.875000 0.003240
2.063000 4.875000 0.003233
2.138000 4.875000 0.003226
2.213000 4.875000 0.003218
2.288000 4.875000 0.003210
2.363000 4.875000 0.003201
2.438000 4.875000 0.003193
2.513000 4.875000 0.003184
2.588000 4.875000 0.003175
2.663000 4.875000 0.003166
2.738000 4.875000 0.003157
2.813000 4.875000 0.003149
2.888000 4.875000 0.003140
2.963000 4.875000 0.003132
3.038000 4.875000 0.003124
3.113000 4.875000 0.003117
3.188000 4.875000 0.003110
3.263000 4.875000 0.003104
3.338000 4.875000 0.003099
3.413000 4.875000 0.003094
3.488000 4.875000 0.003089
3.563000 4.875000 0.003086
3.638000 4.875000 0.003083
3.713000 4.875000 0.003080
3.788000 4.875000 0.003078
3.863000 4.875000 0.000000
-0.037500 5.025000 0.000000
0.037500 5.025000 0.002935
0.112500 5.025000 0.002935
0.187500 5.025000 0.002935
0.262500 5.025000 0.002935
0.337500 5.025000 0.002936
0.412500 5.025000 0.002936
0.487500 5.025000 0.002937
0.562500 5.025000 0.002937
0.637500 5.025000 0.002938
0.712500 5.025000 0.002938
0.787500 5.025000 0.002938
0.862500 5.025000 0.002939
0.937500 5.025000 0.002939
1.012000 5.025000 0.002939
1.087000 5.025000 0.002938
1.163000 5.025000 0.002937
1.238000 5.025000 0.002936
1.313000 5.025000 0.002935
1.388000 5.025000 0.002933
1.463000 5.025000 0.002930
1.538000 5.025000 0.002927
1.613000 5.025000 0.002924
1.688000 5.025000 0.002920
1.763000 5.025000 0.002915
1.838000 5.025000 0.002911
1.913000 5.025000 0.002905
1.988000 5.025000 0.002899
2.063000 5.025000 0.002893
2.138000 5.025000 0.002887
2.213000 5.025000 0.002880
2.288000 5.025000 0.002872
2.363000 5.025000 0.002865
2.438000 5.025000 0.002857
2.513000 5.025000 0.002849
2.588000 5.025000 0.002841
2.663000 5.025000 0.002834
2.738000 5.025000 0.002826
2.813000 5.025000 0.002818
2.888000 5.025000 0.002811
2.963000 5.025000 0.002804
3.038000 5.025000 0.002797
3.113000 5.025000 0.002790
3.188000 5.025000 0.002784
3.263000 5.025000 0.002779
3.338000 5.025000 0.002774
3.413000 5.025000 0.002770
3.488000 5.025000 0.002766
3.563000 5.025000 0.002763
3.638000 5.025000 0.002760
3.713000 5.025000 0.002757
3.788000 5.025000 0.002756
3.863000 5.025000 0.000000
-0.037500 5.175000 0.000000
0.037500 5.175000 0.000000
0.112500 5.175000 0.000000
0.187500 5.175000 0.000000
0.262500 5.175000 0.000000
0.337500 5.175000 0.000000
0.412500 5.175000 0.000000
0.487500 5.175000 0.000000
0.562500 5.175000 0.000000
0.637500 5.175000 0.000000
0.712500 5.175000 0.000000
0.787500 5.175000 0.000000
0.862500 5.175000 0.000000
0.937500 5.175000 0.000000
1.012000 5.175000 0.000000
1.087000 5.175000 0.000000
1.163000 5.175000 0.000000
1.238000 5.175000 0.000000
1.313000 5.175000 0.000000
1.388000 5.175000 0.000000
1.463000 5.175000 0.000000
1.538000 5.175000 0.000000
1.613000 5.175000 0.000000
1.688000 5.175000 0.000000
1.763000 5.175000 0.000000
1.838000 5.175000 0.000000
1.913000 5.175000 0.000000
1.988000 5.175000 0.000000
2.063000 5.175000 0.000000
2.138000 5.175000 0.000000
2.213000 5.175000 0.000000
2.288000 5.175000 0.000000
2.363000 5.175000 0.000000
2.438000 5.175000 0.000000
2.513000 5.175000 0.000000
2.588000 5.175000 0.000000
2.663000 5.175000 0.000000
2.738000 5.175000 0.000000
2.813000 5.175000 0.000000
2.888000 5.175000 0.000000
2.963000 5.175000 0.000000
3.038000 5.175000 0.000000
3.113000 5.175000 0.000000
3.188000 5.175000 0.000000
3.263000 5.175000 0.000000
3.338000 5.175000 0.000000
3.413000 5.175000 0.000000
3.488000 5.175000 0.000000
3.563000 5.175000 0.000000
3.638000 5.175000 0.000000
3.713000 5.175000 0.000000
3.788000 5.175000 0.000000
3.863000 5.175000 0.000000
