-0.037500 -0.075000 0.000000
0.037500 -0.075000 0.000000
0.112500 -0.075000 0.000000
0.187500 -0.075000 0.000000
0.262500 -0.075000 0.000000
0.337500 -0.075000 0.000000
0.412500 -0.075000 0.000000
0.487500 -0.075000 0.000000
0.562500 -0.075000 0.000000
0.637500 -0.075000 0.000000
0.712500 -0.075000 0.000000
0.787500 -0.075000 0.000000
0.862500 -0.075000 0.000000
0.937500 -0.075000 0.000000
1.012000 -0.075000 0.000000
1.087000 -0.075000 0.000000
1.163000 -0.075000 0.000000
1.238000 -0.075000 0.000000
1.313000 -0.075000 0.000000
1.388000 -0.075000 0.000000
1.463000 -0.075000 0.000000
1.538000 -0.075000 0.000000
1.613000 -0.075000 0.000000
1.688000 -0.075000 0.000000
1.763000 -0.075000 0.000000
1.838000 -0.075000 0.000000
1.913000 -0.075000 0.000000
1.988000 -0.075000 0.000000
2.063000 -0.075000 0.000000
2.138000 -0.075000 0.000000
2.213000 -0.075000 0.000000
2.288000 -0.075000 0.000000
2.363000 -0.075000 0.000000
2.438000 -0.075000 0.000000
2.513000 -0.075000 0.000000
2.588000 -0.075000 0.000000
2.663000 -0.075000 0.000000
2.738000 -0.075000 0.000000
2.813000 -0.075000 0.000000
2.888000 -0.075000 0.000000
2.963000 -0.075000 0.000000
3.038000 -0.075000 0.000000
3.113000 -0.075000 0.000000
3.188000 -0.075000 0.000000
3.263000 -0.075000 0.000000
3.338000 -0.075000 0.000000
3.413000 -0.075000 0.000000
3.488000 -0.075000 0.000000
3.563000 -0.075000 0.000000
3.638000 -0.075000 0.000000
3.713000 -0.075000 0.000000
3.788000 -0.075000 0.000000
3.863000 -0.075000 0.000000
-0.037500 0.075000 0.000000
0.037500 0.075000 0.000670
0.112500 0.075000 0.001330
0.187500 0.075000 0.002000
0.262500 0.075000 0.002670
0.337500 0.075000 0.003330
0.412500 0.075000 0.004000
0.487500 0.075000 0.004660
0.562500 0.075000 0.005330
0.637500 0.075000 0.005990
0.712500 0.075000 0.006640
0.787500 0.075000 0.007300
0.862500 0.075000 0.007940
0.937500 0.075000 0.008580
1.012000 0.075000 0.009210
1.087000 0.075000 0.009820
1.163000 0.075000 0.010420
1.238000 0.075000 0.010990
1.313000 0.075000 0.011530
1.388000 0.075000 0.012030
1.463000 0.075000 0.012490
1.538000 0.075000 0.012910
1.613000 0.075000 0.013260
1.688000 0.075000 0.013560
1.763000 0.075000 0.013780
1.838000 0.075000 0.013930
1.913000 0.075000 0.014000
1.988000 0.075000 0.013990
2.063000 0.075000 0.013910
2.138000 0.075000 0.013760
2.213000 0.075000 0.013550
2.288000 0.075000 0.013290
2.363000 0.075000 0.012980
2.438000 0.075000 0.012640
2.513000 0.075000 0.012280
2.588000 0.075000 0.011890
2.663000 0.075000 0.011500
2.738000 0.075000 0.011110
2.813000 0.075000 0.010710
2.888000 0.075000 0.010320
2.963000 0.075000 0.009940
3.038000 0.075000 0.009570
3.113000 0.075000 0.009210
3.188000 0.075000 0.008860
3.263000 0.075000 0.008530
3.338000 0.075000 0.008200
3.413000 0.075000 0.007900
3.488000 0.075000 0.007600
3.563000 0.075000 0.007320
3.638000 0.075000 0.007060
3.713000 0.075000 0.006800
3.788000 0.075000 0.006560
3.863000 0.075000 0.000000
-0.037500 0.225000 0.000000
0.037500 0.225000 0.000670
0.112500 0.225000 0.001330
0.187500 0.225000 0.002000
0.262500 0.225000 0.002670
0.337500 0.225000 0.003330
0.412500 0.225000 0.004000
0.487500 0.225000 0.004660
0.562500 0.225000 0.005330
0.637500 0.225000 0.005990
0.712500 0.225000 0.006640
0.787500 0.225000 0.007300
0.862500 0.225000 0.007940
0.937500 0.225000 0.008580
1.012000 0.225000 0.009210
1.087000 0.225000 0.009820
1.163000 0.225000 0.010420
1.238000 0.225000 0.010990
1.313000 0.225000 0.011530
1.388000 0.225000 0.012030
1.463000 0.225000 0.012490
1.538000 0.225000 0.012910
1.613000 0.225000 0.013260
1.688000 0.225000 0.013560
1.763000 0.225000 0.013780
1.838000 0.225000 0.013930
1.913000 0.225000 0.014000
1.988000 0.225000 0.013990
2.063000 0.225000 0.013910
2.138000 0.225000 0.013760
2.213000 0.225000 0.013550
2.288000 0.225000 0.013290
2.363000 0.225000 0.012980
2.438000 0.225000 0.012640
2.513000 0.225000 0.012280
2.588000 0.225000 0.011890
2.663000 0.225000 0.011500
2.738000 0.225000 0.011110
2.813000 0.225000 0.010710
2.888000 0.225000 0.010320
2.963000 0.225000 0.009940
3.038000 0.225000 0.009570
3.113000 0.225000 0.009210
3.188000 0.225000 0.008860
3.263000 0.225000 0.008530
3.338000 0.225000 0.008200
3.413000 0.225000 0.007900
3.488000 0.225000 0.007600
3.563000 0.225000 0.007320
3.638000 0.225000 0.007060
3.713000 0.225000 0.006800
3.788000 0.225000 0.006560
3.863000 0.225000 0.000000
-0.037500 0.375000 0.000000
0.037500 0.375000 0.001176
0.112500 0.375000 0.001326
0.187500 0.375000 0.001556
0.262500 0.375000 0.001836
0.337500 0.375000 0.002145
0.412500 0.375000 0.002473
0.487500 0.375000 0.002812
0.562500 0.375000 0.003159
0.637500 0.375000 0.003510
0.712500 0.375000 0.003862
0.787500 0.375000 0.004214
0.862500 0.375000 0.004563
0.937500 0.375000 0.004909
1.012000 0.375000 0.005249
1.087000 0.375000 0.005580
1.163000 0.375000 0.005901
1.238000 0.375000 0.006208
1.313000 0.375000 0.006497
1.388000 0.375000 0.006765
1.463000 0.375000 0.007010
1.538000 0.375000 0.007228
1.613000 0.375000 0.007414
1.688000 0.375000 0.007566
1.763000 0.375000 0.007681
1.838000 0.375000 0.007757
1.913000 0.375000 0.007793
1.988000 0.375000 0.007789
2.063000 0.375000 0.007747
2.138000 0.375000 0.007670
2.213000 0.375000 0.007560
2.288000 0.375000 0.007422
2.363000 0.375000 0.007261
2.438000 0.375000 0.007080
2.513000 0.375000 0.006886
2.588000 0.375000 0.006680
2.663000 0.375000 0.006468
2.738000 0.375000 0.006254
2.813000 0.375000 0.006038
2.888000 0.375000 0.005824
2.963000 0.375000 0.005613
3.038000 0.375000 0.005408
3.113000 0.375000 0.005209
3.188000 0.375000 0.005017
3.263000 0.375000 0.004833
3.338000 0.375000 0.004656
3.413000 0.375000 0.004490
3.488000 0.375000 0.004334
3.563000 0.375000 0.004192
3.638000 0.375000 0.004068
3.713000 0.375000 0.003969
3.788000 0.375000 0.003909
3.863000 0.375000 0.000000
-0.037500 0.525000 0.000000
0.037500 0.525000 0.000772
0.112500 0.525000 0.000813
0.187500 0.525000 0.000888
0.262500 0.525000 0.000987
0.337500 0.525000 0.001105
0.412500 0.525000 0.001236
0.487500 0.525000 0.001375
0.562500 0.525000 0.001521
0.637500 0.525000 0.001670
0.712500 0.525000 0.001822
0.787500 0.525000 0.001974
0.862500 0.525000 0.002126
0.937500 0.525000 0.002277
1.012000 0.525000 0.002426
1.087000 0.525000 0.002571
1.163000 0.525000 0.002710
1.238000 0.525000 0.002844
1.313000 0.525000 0.002969
1.388000 0.525000 0.003085
1.463000 0.525000 0.003191
1.538000 0.525000 0.003284
1.613000 0.525000 0.003364
1.688000 0.525000 0.003429
1.763000 0.525000 0.003478
1.838000 0.525000 0.003511
1.913000 0.525000 0.003527
1.988000 0.525000 0.003526
2.063000 0.525000 0.003509
2.138000 0.525000 0.003477
2.213000 0.525000 0.003431
2.288000 0.525000 0.003373
2.363000 0.525000 0.003304
2.438000 0.525000 0.003227
2.513000 0.525000 0.003143
2.588000 0.525000 0.003054
2.663000 0.525000 0.002961
2.738000 0.525000 0.002867
2.813000 0.525000 0.002772
2.888000 0.525000 0.002677
2.963000 0.525000 0.002584
3.038000 0.525000 0.002493
3.113000 0.525000 0.002405
3.188000 0.525000 0.002320
3.263000 0.525000 0.002239
3.338000 0.525000 0.002163
3.413000 0.525000 0.002093
3.488000 0.525000 0.002030
3.563000 0.525000 0.001976
3.638000 0.525000 0.001934
3.713000 0.525000 0.001909
3.788000 0.525000 0.001910
3.863000 0.525000 0.000000
-0.037500 0.675000 0.000000
0.037500 0.675000 0.000493
0.112500 0.675000 0.000504
0.187500 0.675000 0.000528
0.262500 0.675000 0.000562
0.337500 0.675000 0.000606
0.412500 0.675000 0.000655
0.487500 0.675000 0.000711
0.562500 0.675000 0.000770
0.637500 0.675000 0.000832
0.712500 0.675000 0.000896
0.787500 0.675000 0.000961
0.862500 0.675000 0.001026
0.937500 0.675000 0.001091
1.012000 0.675000 0.001155
1.087000 0.675000 0.001218
1.163000 0.675000 0.001278
1.238000 0.675000 0.001336
1.313000 0.675000 0.001389
1.388000 0.675000 0.001439
1.463000 0.675000 0.001484
1.538000 0.675000 0.001524
1.613000 0.675000 0.001558
1.688000 0.675000 0.001585
1.763000 0.675000 0.001606
1.838000 0.675000 0.001619
1.913000 0.675000 0.001626
1.988000 0.675000 0.001626
2.063000 0.675000 0.001619
2.138000 0.675000 0.001606
2.213000 0.675000 0.001587
2.288000 0.675000 0.001562
2.363000 0.675000 0.001533
2.438000 0.675000 0.001501
2.513000 0.675000 0.001465
2.588000 0.675000 0.001426
2.663000 0.675000 0.001386
2.738000 0.675000 0.001345
2.813000 0.675000 0.001304
2.888000 0.675000 0.001262
2.963000 0.675000 0.001221
3.038000 0.675000 0.001181
3.113000 0.675000 0.001142
3.188000 0.675000 0.001106
3.263000 0.675000 0.001072
3.338000 0.675000 0.001040
3.413000 0.675000 0.001013
3.488000 0.675000 0.000989
3.563000 0.675000 0.000971
3.638000 0.675000 0.000959
3.713000 0.675000 0.000954
3.788000 0.675000 0.000957
3.863000 0.675000 0.000000
-0.037500 0.825000 0.000000
0.037500 0.825000 0.000341
0.112500 0.825000 0.000348
0.187500 0.825000 0.000360
0.262500 0.825000 0.000379
0.337500 0.825000 0.000402
0.412500 0.825000 0.000430
0.487500 0.825000 0.000460
0.562500 0.825000 0.000494
0.637500 0.825000 0.000529
0.712500 0.825000 0.000566
0.787500 0.825000 0.000604
0.862500 0.825000 0.000642
0.937500 0.825000 0.000680
1.012000 0.825000 0.000718
1.087000 0.825000 0.000754
1.163000 0.825000 0.000790
1.238000 0.825000 0.000824
1.313000 0.825000 0.000855
1.388000 0.825000 0.000884
1.463000 0.825000 0.000911
1.538000 0.825000 0.000934
1.613000 0.825000 0.000954
1.688000 0.825000 0.000970
1.763000 0.825000 0.000982
1.838000 0.825000 0.000990
1.913000 0.825000 0.000994
1.988000 0.825000 0.000994
2.063000 0.825000 0.000991
2.138000 0.825000 0.000983
2.213000 0.825000 0.000973
2.288000 0.825000 0.000959
2.363000 0.825000 0.000942
2.438000 0.825000 0.000923
2.513000 0.825000 0.000902
2.588000 0.825000 0.000880
2.663000 0.825000 0.000857
2.738000 0.825000 0.000832
2.813000 0.825000 0.000808
2.888000 0.825000 0.000783
2.963000 0.825000 0.000759
3.038000 0.825000 0.000736
3.113000 0.825000 0.000713
3.188000 0.825000 0.000692
3.263000 0.825000 0.000672
3.338000 0.825000 0.000655
3.413000 0.825000 0.000640
3.488000 0.825000 0.000628
3.563000 0.825000 0.000620
3.638000 0.825000 0.000616
3.713000 0.825000 0.000617
3.788000 0.825000 0.000625
3.863000 0.825000 0.000000
-0.037500 0.975000 0.000000
0.037500 0.975000 0.000233
0.112500 0.975000 0.000237
0.187500 0.975000 0.000244
0.262500 0.975000 0.000255
0.337500 0.975000 0.000268
0.412500 0.975000 0.000284
0.487500 0.975000 0.000302
0.562500 0.975000 0.000321
0.637500 0.975000 0.000342
0.712500 0.975000 0.000364
0.787500 0.975000 0.000386
0.862500 0.975000 0.000409
0.937500 0.975000 0.000432
1.012000 0.975000 0.000455
1.087000 0.975000 0.000477
1.163000 0.975000 0.000498
1.238000 0.975000 0.000518
1.313000 0.975000 0.000537
1.388000 0.975000 0.000555
1.463000 0.975000 0.000571
1.538000 0.975000 0.000585
1.613000 0.975000 0.000597
1.688000 0.975000 0.000606
1.763000 0.975000 0.000614
1.838000 0.975000 0.000618
1.913000 0.975000 0.000621
1.988000 0.975000 0.000621
2.063000 0.975000 0.000619
2.138000 0.975000 0.000615
2.213000 0.975000 0.000609
2.288000 0.975000 0.000601
2.363000 0.975000 0.000591
2.438000 0.975000 0.000580
2.513000 0.975000 0.000568
2.588000 0.975000 0.000554
2.663000 0.975000 0.000540
2.738000 0.975000 0.000526
2.813000 0.975000 0.000511
2.888000 0.975000 0.000496
2.963000 0.975000 0.000482
3.038000 0.975000 0.000468
3.113000 0.975000 0.000455
3.188000 0.975000 0.000442
3.263000 0.975000 0.000431
3.338000 0.975000 0.000421
3.413000 0.975000 0.000413
3.488000 0.975000 0.000408
3.563000 0.975000 0.000404
3.638000 0.975000 0.000403
3.713000 0.975000 0.000406
3.788000 0.975000 0.000412
3.863000 0.975000 0.000000
-0.037500 1.125000 0.000000
0.037500 1.125000 0.000165
0.112500 1.125000 0.000168
0.187500 1.125000 0.000173
0.262500 1.125000 0.000180
0.337500 1.125000 0.000188
0.412500 1.125000 0.000198
0.487500 1.125000 0.000210
0.562500 1.125000 0.000222
0.637500 1.125000 0.000236
0.712500 1.125000 0.000250
0.787500 1.125000 0.000264
0.862500 1.125000 0.000279
0.937500 1.125000 0.000294
1.012000 1.125000 0.000309
1.087000 1.125000 0.000323
1.163000 1.125000 0.000337
1.238000 1.125000 0.000351
1.313000 1.125000 0.000363
1.388000 1.125000 0.000375
1.463000 1.125000 0.000385
1.538000 1.125000 0.000394
1.613000 1.125000 0.000402
1.688000 1.125000 0.000408
1.763000 1.125000 0.000413
1.838000 1.125000 0.000417
1.913000 1.125000 0.000419
1.988000 1.125000 0.000419
2.063000 1.125000 0.000418
2.138000 1.125000 0.000415
2.213000 1.125000 0.000411
2.288000 1.125000 0.000406
2.363000 1.125000 0.000400
2.438000 1.125000 0.000393
2.513000 1.125000 0.000385
2.588000 1.125000 0.000376
2.663000 1.125000 0.000367
2.738000 1.125000 0.000358
2.813000 1.125000 0.000348
2.888000 1.125000 0.000339
2.963000 1.125000 0.000329
3.038000 1.125000 0.000320
3.113000 1.125000 0.000312
3.188000 1.125000 0.000304
3.263000 1.125000 0.000297
3.338000 1.125000 0.000291
3.413000 1.125000 0.000286
3.488000 1.125000 0.000283
3.563000 1.125000 0.000282
3.638000 1.125000 0.000283
3.713000 1.125000 0.000285
3.788000 1.125000 0.000290
3.863000 1.125000 0.000000
-0.037500 1.275000 0.000000
0.037500 1.275000 0.000090
0.112500 1.275000 0.000092
0.187500 1.275000 0.000095
0.262500 1.275000 0.000099
0.337500 1.275000 0.000104
0.412500 1.275000 0.000109
0.487500 1.275000 0.000116
0.562500 1.275000 0.000122
0.637500 1.275000 0.000130
0.712500 1.275000 0.000137
0.787500 1.275000 0.000146
0.862500 1.275000 0.000154
0.937500 1.275000 0.000162
1.012000 1.275000 0.000170
1.087000 1.275000 0.000178
1.163000 1.275000 0.000186
1.238000 1.275000 0.000193
1.313000 1.275000 0.000200
1.388000 1.275000 0.000206
1.463000 1.275000 0.000212
1.538000 1.275000 0.000217
1.613000 1.275000 0.000222
1.688000 1.275000 0.000225
1.763000 1.275000 0.000228
1.838000 1.275000 0.000230
1.913000 1.275000 0.000231
1.988000 1.275000 0.000232
2.063000 1.275000 0.000231
2.138000 1.275000 0.000230
2.213000 1.275000 0.000228
2.288000 1.275000 0.000225
2.363000 1.275000 0.000222
2.438000 1.275000 0.000218
2.513000 1.275000 0.000213
2.588000 1.275000 0.000209
2.663000 1.275000 0.000204
2.738000 1.275000 0.000199
2.813000 1.275000 0.000194
2.888000 1.275000 0.000188
2.963000 1.275000 0.000183
3.038000 1.275000 0.000179
3.113000 1.275000 0.000174
3.188000 1.275000 0.000170
3.263000 1.275000 0.000166
3.338000 1.275000 0.000163
3.413000 1.275000 0.000161
3.488000 1.275000 0.000160
3.563000 1.275000 0.000160
3.638000 1.275000 0.000161
3.713000 1.275000 0.000164
3.788000 1.275000 0.000169
3.863000 1.275000 0.000000
-0.037500 1.425000 0.000000
0.037500 1.425000 0.000041
0.112500 1.425000 0.000041
0.187500 1.425000 0.000043
0.262500 1.425000 0.000044
0.337500 1.425000 0.000047
0.412500 1.425000 0.000049
0.487500 1.425000 0.000052
0.562500 1.425000 0.000055
0.637500 1.425000 0.000058
0.712500 1.425000 0.000062
0.787500 1.425000 0.000065
0.862500 1.425000 0.000069
0.937500 1.425000 0.000073
1.012000 1.425000 0.000076
1.087000 1.425000 0.000080
1.163000 1.425000 0.000083
1.238000 1.425000 0.000086
1.313000 1.425000 0.000090
1.388000 1.425000 0.000092
1.463000 1.425000 0.000095
1.538000 1.425000 0.000097
1.613000 1.425000 0.000099
1.688000 1.425000 0.000101
1.763000 1.425000 0.000102
1.838000 1.425000 0.000103
1.913000 1.425000 0.000104
1.988000 1.425000 0.000104
2.063000 1.425000 0.000104
2.138000 1.425000 0.000103
2.213000 1.425000 0.000103
2.288000 1.425000 0.000101
2.363000 1.425000 0.000100
2.438000 1.425000 0.000098
2.513000 1.425000 0.000096
2.588000 1.425000 0.000094
2.663000 1.425000 0.000092
2.738000 1.425000 0.000090
2.813000 1.425000 0.000088
2.888000 1.425000 0.000086
2.963000 1.425000 0.000083
3.038000 1.425000 0.000081
3.113000 1.425000 0.000079
3.188000 1.425000 0.000078
3.263000 1.425000 0.000076
3.338000 1.425000 0.000075
3.413000 1.425000 0.000074
3.488000 1.425000 0.000074
3.563000 1.425000 0.000074
3.638000 1.425000 0.000075
3.713000 1.425000 0.000077
3.788000 1.425000 0.000079
3.863000 1.425000 0.000000
-0.037500 1.575000 0.000000
0.037500 1.575000 0.000017
0.112500 1.575000 0.000017
0.187500 1.575000 0.000018
0.262500 1.575000 0.000019
0.337500 1.575000 0.000020
0.412500 1.575000 0.000021
0.487500 1.575000 0.000022
0.562500 1.575000 0.000023
0.637500 1.575000 0.000025
0.712500 1.575000 0.000026
0.787500 1.575000 0.000028
0.862500 1.575000 0.000029
0.937500 1.575000 0.000031
1.012000 1.575000 0.000032
1.087000 1.575000 0.000034
1.163000 1.575000 0.000035
1.238000 1.575000 0.000037
1.313000 1.575000 0.000038
1.388000 1.575000 0.000039
1.463000 1.575000 0.000040
1.538000 1.575000 0.000041
1.613000 1.575000 0.000042
1.688000 1.575000 0.000043
1.763000 1.575000 0.000044
1.838000 1.575000 0.000044
1.913000 1.575000 0.000044
1.988000 1.575000 0.000044
2.063000 1.575000 0.000044
2.138000 1.575000 0.000044
2.213000 1.575000 0.000044
2.288000 1.575000 0.000043
2.363000 1.575000 0.000043
2.438000 1.575000 0.000042
2.513000 1.575000 0.000041
2.588000 1.575000 0.000041
2.663000 1.575000 0.000040
2.738000 1.575000 0.000039
2.813000 1.575000 0.000038
2.888000 1.575000 0.000037
2.963000 1.575000 0.000036
3.038000 1.575000 0.000035
3.113000 1.575000 0.000034
3.188000 1.575000 0.000034
3.263000 1.575000 0.000033
3.338000 1.575000 0.000033
3.413000 1.575000 0.000032
3.488000 1.575000 0.000032
3.563000 1.575000 0.000033
3.638000 1.575000 0.000033
3.713000 1.575000 0.000034
3.788000 1.575000 0.000035
3.863000 1.575000 0.000000
-0.037500 1.725000 0.000000
0.037500 1.725000 0.000007
0.112500 1.725000 0.000007
0.187500 1.725000 0.000007
0.262500 1.725000 0.000007
0.337500 1.725000 0.000008
0.412500 1.725000 0.000008
0.487500 1.725000 0.000009
0.562500 1.725000 0.000009
0.637500 1.725000 0.000010
0.712500 1.725000 0.000010
0.787500 1.725000 0.000011
0.862500 1.725000 0.000012
0.937500 1.725000 0.000012
1.012000 1.725000 0.000013
1.087000 1.725000 0.000014
1.163000 1.725000 0.000014
1.238000 1.725000 0.000015
1.313000 1.725000 0.000015
1.388000 1.725000 0.000016
1.463000 1.725000 0.000016
1.538000 1.725000 0.000017
1.613000 1.725000 0.000017
1.688000 1.725000 0.000017
1.763000 1.725000 0.000018
1.838000 1.725000 0.000018
1.913000 1.725000 0.000018
1.988000 1.725000 0.000018
2.063000 1.725000 0.000018
2.138000 1.725000 0.000018
2.213000 1.725000 0.000018
2.288000 1.725000 0.000018
2.363000 1.725000 0.000017
2.438000 1.725000 0.000017
2.513000 1.725000 0.000017
2.588000 1.725000 0.000017
2.663000 1.725000 0.000016
2.738000 1.725000 0.000016
2.813000 1.725000 0.000015
2.888000 1.725000 0.000015
2.963000 1.725000 0.000015
3.038000 1.725000 0.000014
3.113000 1.725000 0.000014
3.188000 1.725000 0.000014
3.263000 1.725000 0.000014
3.338000 1.725000 0.000014
3.413000 1.725000 0.000014
3.488000 1.725000 0.000014
3.563000 1.725000 0.000014
3.638000 1.725000 0.000014
3.713000 1.725000 0.000015
3.788000 1.725000 0.000015
3.863000 1.725000 0.000000
-0.037500 1.875000 0.000000
0.037500 1.875000 0.000003
0.112500 1.875000 0.000003
0.187500 1.875000 0.000003
0.262500 1.875000 0.000003
0.337500 1.875000 0.000003
0.412500 1.875000 0.000003
0.487500 1.875000 0.000003
0.562500 1.875000 0.000004
0.637500 1.875000 0.000004
0.712500 1.875000 0.000004
0.787500 1.875000 0.000004
0.862500 1.875000 0.000004
0.937500 1.875000 0.000005
1.012000 1.875000 0.000005
1.087000 1.875000 0.000005
1.163000 1.875000 0.000005
1.238000 1.875000 0.000006
1.313000 1.875000 0.000006
1.388000 1.875000 0.000006
1.463000 1.875000 0.000006
1.538000 1.875000 0.000006
1.613000 1.875000 0.000007
1.688000 1.875000 0.000007
1.763000 1.875000 0.000007
1.838000 1.875000 0.000007
1.913000 1.875000 0.000007
1.988000 1.875000 0.000007
2.063000 1.875000 0.000007
2.138000 1.875000 0.000007
2.213000 1.875000 0.000007
2.288000 1.875000 0.000007
2.363000 1.875000 0.000007
2.438000 1.875000 0.000007
2.513000 1.875000 0.000007
2.588000 1.875000 0.000006
2.663000 1.875000 0.000006
2.738000 1.875000 0.000006
2.813000 1.875000 0.000006
2.888000 1.875000 0.000006
2.963000 1.875000 0.000006
3.038000 1.875000 0.000006
3.113000 1.875000 0.000006
3.188000 1.875000 0.000005
3.263000 1.875000 0.000005
3.338000 1.875000 0.000005
3.413000 1.875000 0.000005
3.488000 1.875000 0.000005
3.563000 1.875000 0.000006
3.638000 1.875000 0.000006
3.713000 1.875000 0.000006
3.788000 1.875000 0.000006
3.863000 1.875000 0.000000
-0.037500 2.025000 0.000000
0.037500 2.025000 0.000001
0.112500 2.025000 0.000001
0.187500 2.025000 0.000001
0.262500 2.025000 0.000001
0.337500 2.025000 0.000001
0.412500 2.025000 0.000001
0.487500 2.025000 0.000001
0.562500 2.025000 0.000001
0.637500 2.025000 0.000001
0.712500 2.025000 0.000001
0.787500 2.025000 0.000002
0.862500 2.025000 0.000002
0.937500 2.025000 0.000002
1.012000 2.025000 0.000002
1.087000 2.025000 0.000002
1.163000 2.025000 0.000002
1.238000 2.025000 0.000002
1.313000 2.025000 0.000002
1.388000 2.025000 0.000002
1.463000 2.025000 0.000002
1.538000 2.025000 0.000002
1.613000 2.025000 0.000002
1.688000 2.025000 0.000002
1.763000 2.025000 0.000002
1.838000 2.025000 0.000002
1.913000 2.025000 0.000003
1.988000 2.025000 0.000003
2.063000 2.025000 0.000003
2.138000 2.025000 0.000003
2.213000 2.025000 0.000003
2.288000 2.025000 0.000003
2.363000 2.025000 0.000002
2.438000 2.025000 0.000002
2.513000 2.025000 0.000002
2.588000 2.025000 0.000002
2.663000 2.025000 0.000002
2.738000 2.025000 0.000002
2.813000 2.025000 0.000002
2.888000 2.025000 0.000002
2.963000 2.025000 0.000002
3.038000 2.025000 0.000002
3.113000 2.025000 0.000002
3.188000 2.025000 0.000002
3.263000 2.025000 0.000002
3.338000 2.025000 0.000002
3.413000 2.025000 0.000002
3.488000 2.025000 0.000002
3.563000 2.025000 0.000002
3.638000 2.025000 0.000002
3.713000 2.025000 0.000002
3.788000 2.025000 0.000002
3.863000 2.025000 0.000000
-0.037500 2.175000 0.000000
0.037500 2.175000 0.000000
0.112500 2.175000 0.000000
0.187500 2.175000 0.000000
0.262500 2.175000 0.000000
0.337500 2.175000 0.000000
0.412500 2.175000 0.000000
0.487500 2.175000 0.000000
0.562500 2.175000 0.000000
0.637500 2.175000 0.000000
0.712500 2.175000 0.000000
0.787500 2.175000 0.000000
0.862500 2.175000 0.000000
0.937500 2.175000 0.000001
1.012000 2.175000 0.000001
1.087000 2.175000 0.000001
1.163000 2.175000 0.000001
1.238000 2.175000 0.000001
1.313000 2.175000 0.000001
1.388000 2.175000 0.000001
1.463000 2.175000 0.000001
1.538000 2.175000 0.000001
1.613000 2.175000 0.000001
1.688000 2.175000 0.000001
1.763000 2.175000 0.000001
1.838000 2.175000 0.000001
1.913000 2.175000 0.000001
1.988000 2.175000 0.000001
2.063000 2.175000 0.000001
2.138000 2.175000 0.000001
2.213000 2.175000 0.000001
2.288000 2.175000 0.000001
2.363000 2.175000 0.000001
2.438000 2.175000 0.000001
2.513000 2.175000 0.000001
2.588000 2.175000 0.000001
2.663000 2.175000 0.000001
2.738000 2.175000 0.000001
2.813000 2.175000 0.000001
2.888000 2.175000 0.000001
2.963000 2.175000 0.000001
3.038000 2.175000 0.000001
3.113000 2.175000 0.000001
3.188000 2.175000 0.000001
3.263000 2.175000 0.000001
3.338000 2.175000 0.000001
3.413000 2.175000 0.000001
3.488000 2.175000 0.000001
3.563000 2.175000 0.000001
3.638000 2.175000 0.000001
3.713000 2.175000 0.000001
3.788000 2.175000 0.000001
3.863000 2.175000 0.000000
-0.037500 2.325000 0.000000
0.037500 2.325000 0.000000
0.112500 2.325000 0.000000
0.187500 2.325000 0.000000
0.262500 2.325000 0.000000
0.337500 2.325000 0.000000
0.412500 2.325000 0.000000
0.487500 2.325000 0.000000
0.562500 2.325000 0.000000
0.637500 2.325000 0.000000
0.712500 2.325000 0.000000
0.787500 2.325000 0.000000
0.862500 2.325000 0.000000
0.937500 2.325000 0.000000
1.012000 2.325000 0.000000
1.087000 2.325000 0.000000
1.163000 2.325000 0.000000
1.238000 2.325000 0.000000
1.313000 2.325000 0.000000
1.388000 2.325000 0.000000
1.463000 2.325000 0.000000
1.538000 2.325000 0.000000
1.613000 2.325000 0.000000
1.688000 2.325000 0.000000
1.763000 2.325000 0.000000
1.838000 2.325000 0.000000
1.913000 2.325000 0.000000
1.988000 2.325000 0.000000
2.063000 2.325000 0.000000
2.138000 2.325000 0.000000
2.213000 2.325000 0.000000
2.288000 2.325000 0.000000
2.363000 2.325000 0.000000
2.438000 2.325000 0.000000
2.513000 2.325000 0.000000
2.588000 2.325000 0.000000
2.663000 2.325000 0.000000
2.738000 2.325000 0.000000
2.813000 2.325000 0.000000
2.888000 2.325000 0.000000
2.963000 2.325000 0.000000
3.038000 2.325000 0.000000
3.113000 2.325000 0.000000
3.188000 2.325000 0.000000
3.263000 2.325000 0.000000
3.338000 2.325000 0.000000
3.413000 2.325000 0.000000
3.488000 2.325000 0.000000
3.563000 2.325000 0.000000
3.638000 2.325000 0.000000
3.713000 2.325000 0.000000
3.788000 2.325000 0.000000
3.863000 2.325000 0.000000
-0.037500 2.475000 0.000000
0.037500 2.475000 0.000000
0.112500 2.475000 0.000000
0.187500 2.475000 0.000000
0.262500 2.475000 0.000000
0.337500 2.475000 0.000000
0.412500 2.475000 0.000000
0.487500 2.475000 0.000000
0.562500 2.475000 0.000000
0.637500 2.475000 0.000000
0.712500 2.475000 0.000000
0.787500 2.475000 0.000000
0.862500 2.475000 0.000000
0.937500 2.475000 0.000000
1.012000 2.475000 0.000000
1.087000 2.475000 0.000000
1.163000 2.475000 0.000000
1.238000 2.475000 0.000000
1.313000 2.475000 0.000000
1.388000 2.475000 0.000000
1.463000 2.475000 0.000000
1.538000 2.475000 0.000000
1.613000 2.475000 0.000000
1.688000 2.475000 0.000000
1.763000 2.475000 0.000000
1.838000 2.475000 0.000000
1.913000 2.475000 0.000000
1.988000 2.475000 0.000000
2.063000 2.475000 0.000000
2.138000 2.475000 0.000000
2.213000 2.475000 0.000000
2.288000 2.475000 0.000000
2.363000 2.475000 0.000000
2.438000 2.475000 0.000000
2.513000 2.475000 0.000000
2.588000 2.475000 0.000000
2.663000 2.475000 0.000000
2.738000 2.475000 0.000000
2.813000 2.475000 0.000000
2.888000 2.475000 0.000000
2.963000 2.475000 0.000000
3.038000 2.475000 0.000000
3.113000 2.475000 0.000000
3.188000 2.475000 0.000000
3.263000 2.475000 0.000000
3.338000 2.475000 0.000000
3.413000 2.475000 0.000000
3.488000 2.475000 0.000000
3.563000 2.475000 0.000000
3.638000 2.475000 0.000000
3.713000 2.475000 0.000000
3.788000 2.475000 0.000000
3.863000 2.475000 0.000000
-0.037500 2.625000 0.000000
0.037500 2.625000 0.000000
0.112500 2.625000 0.000000
0.187500 2.625000 0.000000
0.262500 2.625000 0.000000
0.337500 2.625000 0.000000
0.412500 2.625000 0.000000
0.487500 2.625000 0.000000
0.562500 2.625000 0.000000
0.637500 2.625000 0.000000
0.712500 2.625000 0.000000
0.787500 2.625000 0.000000
0.862500 2.625000 0.000000
0.937500 2.625000 0.000000
1.012000 2.625000 0.000000
1.087000 2.625000 0.000000
1.163000 2.625000 0.000000
1.238000 2.625000 0.000000
1.313000 2.625000 0.000000
1.388000 2.625000 0.000000
1.463000 2.625000 0.000000
1.538000 2.625000 0.000000
1.613000 2.625000 0.000000
1.688000 2.625000 0.000000
1.763000 2.625000 0.000000
1.838000 2.625000 0.000000
1.913000 2.625000 0.000000
1.988000 2.625000 0.000000
2.063000 2.625000 0.000000
2.138000 2.625000 0.000000
2.213000 2.625000 0.000000
2.288000 2.625000 0.000000
2.363000 2.625000 0.000000
2.438000 2.625000 0.000000
2.513000 2.625000 0.000000
2.588000 2.625000 0.000000
2.663000 2.625000 0.000000
2.738000 2.625000 0.000000
2.813000 2.625000 0.000000
2.888000 2.625000 0.000000
2.963000 2.625000 0.000000
3.038000 2.625000 0.000000
3.113000 2.625000 0.000000
3.188000 2.625000 0.000000
3.263000 2.625000 0.000000
3.338000 2.625000 0.000000
3.413000 2.625000 0.000000
3.488000 2.625000 0.000000
3.563000 2.625000 0.000000
3.638000 2.625000 0.000000
3.713000 2.625000 0.000000
3.788000 2.625000 0.000000
3.863000 2.625000 0.000000
-0.037500 2.775000 0.000000
0.037500 2.775000 0.000000
0.112500 2.775000 0.000000
0.187500 2.775000 0.000000
0.262500 2.775000 0.000000
0.337500 2.775000 0.000000
0.412500 2.775000 0.000000
0.487500 2.775000 0.000000
0.562500 2.775000 0.000000
0.637500 2.775000 0.000000
0.712500 2.775000 0.000000
0.787500 2.775000 0.000000
0.862500 2.775000 0.000000
0.937500 2.775000 0.000000
1.012000 2.775000 0.000000
1.087000 2.775000 0.000000
1.163000 2.775000 0.000000
1.238000 2.775000 0.000000
1.313000 2.775000 0.000000
1.388000 2.775000 0.000000
1.463000 2.775000 0.000000
1.538000 2.775000 0.000000
1.613000 2.775000 0.000000
1.688000 2.775000 0.000000
1.763000 2.775000 0.000000
1.838000 2.775000 0.000000
1.913000 2.775000 0.000000
1.988000 2.775000 0.000000
2.063000 2.775000 0.000000
2.138000 2.775000 0.000000
2.213000 2.775000 0.000000
2.288000 2.775000 0.000000
2.363000 2.775000 0.000000
2.438000 2.775000 0.000000
2.513000 2.775000 0.000000
2.588000 2.775000 0.000000
2.663000 2.775000 0.000000
2.738000 2.775000 0.000000
2.813000 2.775000 0.000000
2.888000 2.775000 0.000000
2.963000 2.775000 0.000000
3.038000 2.775000 0.000000
3.113000 2.775000 0.000000
3.188000 2.775000 0.000000
3.263000 2.775000 0.000000
3.338000 2.775000 0.000000
3.413000 2.775000 0.000000
3.488000 2.775000 0.000000
3.563000 2.775000 0.000000
3.638000 2.775000 0.000000
3.713000 2.775000 0.000000
3.788000 2.775000 0.000000
3.863000 2.775000 0.000000
-0.037500 2.925000 0.000000
0.037500 2.925000 0.000000
0.112500 2.925000 0.000000
0.187500 2.925000 0.000000
0.262500 2.925000 0.000000
0.337500 2.925000 0.000000
0.412500 2.925000 0.000000
0.487500 2.925000 0.000000
0.562500 2.925000 0.000000
0.637500 2.925000 0.000000
0.712500 2.925000 0.000000
0.787500 2.925000 0.000000
0.862500 2.925000 0.000000
0.937500 2.925000 0.000000
1.012000 2.925000 0.000000
1.087000 2.925000 0.000000
1.163000 2.925000 0.000000
1.238000 2.925000 0.000000
1.313000 2.925000 0.000000
1.388000 2.925000 0.000000
1.463000 2.925000 0.000000
1.538000 2.925000 0.000000
1.613000 2.925000 0.000000
1.688000 2.925000 0.000000
1.763000 2.925000 0.000000
1.838000 2.925000 0.000000
1.913000 2.925000 0.000000
1.988000 2.925000 0.000000
2.063000 2.925000 0.000000
2.138000 2.925000 0.000000
2.213000 2.925000 0.000000
2.288000 2.925000 0.000000
2.363000 2.925000 0.000000
2.438000 2.925000 0.000000
2.513000 2.925000 0.000000
2.588000 2.925000 0.000000
2.663000 2.925000 0.000000
2.738000 2.925000 0.000000
2.813000 2.925000 0.000000
2.888000 2.925000 0.000000
2.963000 2.925000 0.000000
3.038000 2.925000 0.000000
3.113000 2.925000 0.000000
3.188000 2.925000 0.000000
3.263000 2.925000 0.000000
3.338000 2.925000 0.000000
3.413000 2.925000 0.000000
3.488000 2.925000 0.000000
3.563000 2.925000 0.000000
3.638000 2.925000 0.000000
3.713000 2.925000 0.000000
3.788000 2.925000 0.000000
3.863000 2.925000 0.000000
-0.037500 3.075000 0.000000
0.037500 3.075000 0.000000
0.112500 3.075000 0.000000
0.187500 3.075000 0.000000
0.262500 3.075000 0.000000
0.337500 3.075000 0.000000
0.412500 3.075000 0.000000
0.487500 3.075000 0.000000
0.562500 3.075000 0.000000
0.637500 3.075000 0.000000
0.712500 3.075000 0.000000
0.787500 3.075000 0.000000
0.862500 3.075000 0.000000
0.937500 3.075000 0.000000
1.012000 3.075000 0.000000
1.087000 3.075000 0.000000
1.163000 3.075000 0.000000
1.238000 3.075000 0.000000
1.313000 3.075000 0.000000
1.388000 3.075000 0.000000
1.463000 3.075000 0.000000
1.538000 3.075000 0.000000
1.613000 3.075000 0.000000
1.688000 3.075000 0.000000
1.763000 3.075000 0.000000
1.838000 3.075000 0.000000
1.913000 3.075000 0.000000
1.988000 3.075000 0.000000
2.063000 3.075000 0.000000
2.138000 3.075000 0.000000
2.213000 3.075000 0.000000
2.288000 3.075000 0.000000
2.363000 3.075000 0.000000
2.438000 3.075000 0.000000
2.513000 3.075000 0.000000
2.588000 3.075000 0.000000
2.663000 3.075000 0.000000
2.738000 3.075000 0.000000
2.813000 3.075000 0.000000
2.888000 3.075000 0.000000
2.963000 3.075000 0.000000
3.038000 3.075000 0.000000
3.113000 3.075000 0.000000
3.188000 3.075000 0.000000
3.263000 3.075000 0.000000
3.338000 3.075000 0.000000
3.413000 3.075000 0.000000
3.488000 3.075000 0.000000
3.563000 3.075000 0.000000
3.638000 3.075000 0.000000
3.713000 3.075000 0.000000
3.788000 3.075000 0.000000
3.863000 3.075000 0.000000
-0.037500 3.225000 0.000000
0.037500 3.225000 0.000000
0.112500 3.225000 0.000000
0.187500 3.225000 0.000000
0.262500 3.225000 0.000000
0.337500 3.225000 0.000000
0.412500 3.225000 0.000000
0.487500 3.225000 0.000000
0.562500 3.225000 0.000000
0.637500 3.225000 0.000000
0.712500 3.225000 0.000000
0.787500 3.225000 0.000000
0.862500 3.225000 0.000000
0.937500 3.225000 0.000000
1.012000 3.225000 0.000000
1.087000 3.225000 0.000000
1.163000 3.225000 0.000000
1.238000 3.225000 0.000000
1.313000 3.225000 0.000000
1.388000 3.225000 0.000000
1.463000 3.225000 0.000000
1.538000 3.225000 0.000000
1.613000 3.225000 0.000000
1.688000 3.225000 0.000000
1.763000 3.225000 0.000000
1.838000 3.225000 0.000000
1.913000 3.225000 0.000000
1.988000 3.225000 0.000000
2.063000 3.225000 0.000000
2.138000 3.225000 0.000000
2.213000 3.225000 0.000000
2.288000 3.225000 0.000000
2.363000 3.225000 0.000000
2.438000 3.225000 0.000000
2.513000 3.225000 0.000000
2.588000 3.225000 0.000000
2.663000 3.225000 0.000000
2.738000 3.225000 0.000000
2.813000 3.225000 0.000000
2.888000 3.225000 0.000000
2.963000 3.225000 0.000000
3.038000 3.225000 0.000000
3.113000 3.225000 0.000000
3.188000 3.225000 0.000000
3.263000 3.225000 0.000000
3.338000 3.225000 0.000000
3.413000 3.225000 0.000000
3.488000 3.225000 0.000000
3.563000 3.225000 0.000000
3.638000 3.225000 0.000000
3.713000 3.225000 0.000000
3.788000 3.225000 0.000000
3.863000 3.225000 0.000000
-0.037500 3.375000 0.000000
0.037500 3.375000 0.000000
0.112500 3.375000 0.000000
0.187500 3.375000 0.000000
0.262500 3.375000 0.000000
0.337500 3.375000 0.000000
0.412500 3.375000 0.000000
0.487500 3.375000 0.000000
0.562500 3.375000 0.000000
0.637500 3.375000 0.000000
0.712500 3.375000 0.000000
0.787500 3.375000 0.000000
0.862500 3.375000 0.000000
0.937500 3.375000 0.000000
1.012000 3.375000 0.000000
1.087000 3.375000 0.000000
1.163000 3.375000 0.000000
1.238000 3.375000 0.000000
1.313000 3.375000 0.000000
1.388000 3.375000 0.000000
1.463000 3.375000 0.000000
1.538000 3.375000 0.000000
1.613000 3.375000 0.000000
1.688000 3.375000 0.000000
1.763000 3.375000 0.000000
1.838000 3.375000 0.000000
1.913000 3.375000 0.000000
1.988000 3.375000 0.000000
2.063000 3.375000 0.000000
2.138000 3.375000 0.000000
2.213000 3.375000 0.000000
2.288000 3.375000 0.000000
2.363000 3.375000 0.000000
2.438000 3.375000 0.000000
2.513000 3.375000 0.000000
2.588000 3.375000 0.000000
2.663000 3.375000 0.000000
2.738000 3.375000 0.000000
2.813000 3.375000 0.000000
2.888000 3.375000 0.000000
2.963000 3.375000 0.000000
3.038000 3.375000 0.000000
3.113000 3.375000 0.000000
3.188000 3.375000 0.000000
3.263000 3.375000 0.000000
3.338000 3.375000 0.000000
3.413000 3.375000 0.000000
3.488000 3.375000 0.000000
3.563000 3.375000 0.000000
3.638000 3.375000 0.000000
3.713000 3.375000 0.000000
3.788000 3.375000 0.000000
3.863000 3.375000 0.000000
-0.037500 3.525000 0.000000
0.037500 3.525000 0.000000
0.112500 3.525000 0.000000
0.187500 3.525000 0.000000
0.262500 3.525000 0.000000
0.337500 3.525000 0.000000
0.412500 3.525000 0.000000
0.487500 3.525000 0.000000
0.562500 3.525000 0.000000
0.637500 3.525000 0.000000
0.712500 3.525000 0.000000
0.787500 3.525000 0.000000
0.862500 3.525000 0.000000
0.937500 3.525000 0.000000
1.012000 3.525000 0.000000
1.087000 3.525000 0.000000
1.163000 3.525000 0.000000
1.238000 3.525000 0.000000
1.313000 3.525000 0.000000
1.388000 3.525000 0.000000
1.463000 3.525000 0.000000
1.538000 3.525000 0.000000
1.613000 3.525000 0.000000
1.688000 3.525000 0.000000
1.763000 3.525000 0.000000
1.838000 3.525000 0.000000
1.913000 3.525000 0.000000
1.988000 3.525000 0.000000
2.063000 3.525000 0.000000
2.138000 3.525000 0.000000
2.213000 3.525000 0.000000
2.288000 3.525000 0.000000
2.363000 3.525000 0.000000
2.438000 3.525000 0.000000
2.513000 3.525000 0.000000
2.588000 3.525000 0.000000
2.663000 3.525000 0.000000
2.738000 3.525000 0.000000
2.813000 3.525000 0.000000
2.888000 3.525000 0.000000
2.963000 3.525000 0.000000
3.038000 3.525000 0.000000
3.113000 3.525000 0.000000
3.188000 3.525000 0.000000
3.263000 3.525000 0.000000
3.338000 3.525000 0.000000
3.413000 3.525000 0.000000
3.488000 3.525000 0.000000
3.563000 3.525000 0.000000
3.638000 3.525000 0.000000
3.713000 3.525000 0.000000
3.788000 3.525000 0.000000
3.863000 3.525000 0.000000
-0.037500 3.675000 0.000000
0.037500 3.675000 0.000000
0.112500 3.675000 0.000000
0.187500 3.675000 0.000000
0.262500 3.675000 0.000000
0.337500 3.675000 0.000000
0.412500 3.675000 0.000000
0.487500 3.675000 0.000000
0.562500 3.675000 0.000000
0.637500 3.675000 0.000000
0.712500 3.675000 0.000000
0.787500 3.675000 0.000000
0.862500 3.675000 0.000000
0.937500 3.675000 0.000000
1.012000 3.675000 0.000000
1.087000 3.675000 0.000000
1.163000 3.675000 0.000000
1.238000 3.675000 0.000000
1.313000 3.675000 0.000000
1.388000 3.675000 0.000000
1.463000 3.675000 0.000000
1.538000 3.675000 0.000000
1.613000 3.675000 0.000000
1.688000 3.675000 0.000000
1.763000 3.675000 0.000000
1.838000 3.675000 0.000000
1.913000 3.675000 0.000000
1.988000 3.675000 0.000000
2.063000 3.675000 0.000000
2.138000 3.675000 0.000000
2.213000 3.675000 0.000000
2.288000 3.675000 0.000000
2.363000 3.675000 0.000000
2.438000 3.675000 0.000000
2.513000 3.675000 0.000000
2.588000 3.675000 0.000000
2.663000 3.675000 0.000000
2.738000 3.675000 0.000000
2.813000 3.675000 0.000000
2.888000 3.675000 0.000000
2.963000 3.675000 0.000000
3.038000 3.675000 0.000000
3.113000 3.675000 0.000000
3.188000 3.675000 0.000000
3.263000 3.675000 0.000000
3.338000 3.675000 0.000000
3.413000 3.675000 0.000000
3.488000 3.675000 0.000000
3.563000 3.675000 0.000000
3.638000 3.675000 0.000000
3.713000 3.675000 0.000000
3.788000 3.675000 0.000000
3.863000 3.675000 0.000000
-0.037500 3.825000 0.000000
0.037500 3.825000 0.000000
0.112500 3.825000 0.000000
0.187500 3.825000 0.000000
0.262500 3.825000 0.000000
0.337500 3.825000 0.000000
0.412500 3.825000 0.000000
0.487500 3.825000 0.000000
0.562500 3.825000 0.000000
0.637500 3.825000 0.000000
0.712500 3.825000 0.000000
0.787500 3.825000 0.000000
0.862500 3.825000 0.000000
0.937500 3.825000 0.000000
1.012000 3.825000 0.000000
1.087000 3.825000 0.000000
1.163000 3.825000 0.000000
1.238000 3.825000 0.000000
1.313000 3.825000 0.000000
1.388000 3.825000 0.000000
1.463000 3.825000 0.000000
1.538000 3.825000 0.000000
1.613000 3.825000 0.000000
1.688000 3.825000 0.000000
1.763000 3.825000 0.000000
1.838000 3.825000 0.000000
1.913000 3.825000 0.000000
1.988000 3.825000 0.000000
2.063000 3.825000 0.000000
2.138000 3.825000 0.000000
2.213000 3.825000 0.000000
2.288000 3.825000 0.000000
2.363000 3.825000 0.000000
2.438000 3.825000 0.000000
2.513000 3.825000 0.000000
2.588000 3.825000 0.000000
2.663000 3.825000 0.000000
2.738000 3.825000 0.000000
2.813000 3.825000 0.000000
2.888000 3.825000 0.000000
2.963000 3.825000 0.000000
3.038000 3.825000 0.000000
3.113000 3.825000 0.000000
3.188000 3.825000 0.000000
3.263000 3.825000 0.000000
3.338000 3.825000 0.000000
3.413000 3.825000 0.000000
3.488000 3.825000 0.000000
3.563000 3.825000 0.000000
3.638000 3.825000 0.000000
3.713000 3.825000 0.000000
3.788000 3.825000 0.000000
3.863000 3.825000 0.000000
-0.037500 3.975000 0.000000
0.037500 3.975000 0.000000
0.112500 3.975000 0.000000
0.187500 3.975000 0.000000
0.262500 3.975000 0.000000
0.337500 3.975000 0.000000
0.412500 3.975000 0.000000
0.487500 3.975000 0.000000
0.562500 3.975000 0.000000
0.637500 3.975000 0.000000
0.712500 3.975000 0.000000
0.787500 3.975000 0.000000
0.862500 3.975000 0.000000
0.937500 3.975000 0.000000
1.012000 3.975000 0.000000
1.087000 3.975000 0.000000
1.163000 3.975000 0.000000
1.238000 3.975000 0.000000
1.313000 3.975000 0.000000
1.388000 3.975000 0.000000
1.463000 3.975000 0.000000
1.538000 3.975000 0.000000
1.613000 3.975000 0.000000
1.688000 3.975000 0.000000
1.763000 3.975000 0.000000
1.838000 3.975000 0.000000
1.913000 3.975000 0.000000
1.988000 3.975000 0.000000
2.063000 3.975000 0.000000
2.138000 3.975000 0.000000
2.213000 3.975000 0.000000
2.288000 3.975000 0.000000
2.363000 3.975000 0.000000
2.438000 3.975000 0.000000
2.513000 3.975000 0.000000
2.588000 3.975000 0.000000
2.663000 3.975000 0.000000
2.738000 3.975000 0.000000
2.813000 3.975000 0.000000
2.888000 3.975000 0.000000
2.963000 3.975000 0.000000
3.038000 3.975000 0.000000
3.113000 3.975000 0.000000
3.188000 3.975000 0.000000
3.263000 3.975000 0.000000
3.338000 3.975000 0.000000
3.413000 3.975000 0.000000
3.488000 3.975000 0.000000
3.563000 3.975000 0.000000
3.638000 3.975000 0.000000
3.713000 3.975000 0.000000
3.788000 3.975000 0.000000
3.863000 3.975000 0.000000
-0.037500 4.125000 0.000000
0.037500 4.125000 0.000000
0.112500 4.125000 0.000000
0.187500 4.125000 0.000000
0.262500 4.125000 0.000000
0.337500 4.125000 0.000000
0.412500 4.125000 0.000000
0.487500 4.125000 0.000000
0.562500 4.125000 0.000000
0.637500 4.125000 0.000000
0.712500 4.125000 0.000000
0.787500 4.125000 0.000000
0.862500 4.125000 0.000000
0.937500 4.125000 0.000000
1.012000 4.125000 0.000000
1.087000 4.125000 0.000000
1.163000 4.125000 0.000000
1.238000 4.125000 0.000000
1.313000 4.125000 0.000000
1.388000 4.125000 0.000000
1.463000 4.125000 0.000000
1.538000 4.125000 0.000000
1.613000 4.125000 0.000000
1.688000 4.125000 0.000000
1.763000 4.125000 0.000000
1.838000 4.125000 0.000000
1.913000 4.125000 0.000000
1.988000 4.125000 0.000000
2.063000 4.125000 0.000000
2.138000 4.125000 0.000000
2.213000 4.125000 0.000000
2.288000 4.125000 0.000000
2.363000 4.125000 0.000000
2.438000 4.125000 0.000000
2.513000 4.125000 0.000000
2.588000 4.125000 0.000000
2.663000 4.125000 0.000000
2.738000 4.125000 0.000000
2.813000 4.125000 0.000000
2.888000 4.125000 0.000000
2.963000 4.125000 0.000000
3.038000 4.125000 0.000000
3.113000 4.125000 0.000000
3.188000 4.125000 0.000000
3.263000 4.125000 0.000000
3.338000 4.125000 0.000000
3.413000 4.125000 0.000000
3.488000 4.125000 0.000000
3.563000 4.125000 0.000000
3.638000 4.125000 0.000000
3.713000 4.125000 0.000000
3.788000 4.125000 0.000000
3.863000 4.125000 0.000000
-0.037500 4.275000 0.000000
0.037500 4.275000 0.000000
0.112500 4.275000 0.000000
0.187500 4.275000 0.000000
0.262500 4.275000 0.000000
0.337500 4.275000 0.000000
0.412500 4.275000 0.000000
0.487500 4.275000 0.000000
0.562500 4.275000 0.000000
0.637500 4.275000 0.000000
0.712500 4.275000 0.000000
0.787500 4.275000 0.000000
0.862500 4.275000 0.000000
0.937500 4.275000 0.000000
1.012000 4.275000 0.000000
1.087000 4.275000 0.000000
1.163000 4.275000 0.000000
1.238000 4.275000 0.000000
1.313000 4.275000 0.000000
1.388000 4.275000 0.000000
1.463000 4.275000 0.000000
1.538000 4.275000 0.000000
1.613000 4.275000 0.000000
1.688000 4.275000 0.000000
1.763000 4.275000 0.000000
1.838000 4.275000 0.000000
1.913000 4.275000 0.000000
1.988000 4.275000 0.000000
2.063000 4.275000 0.000000
2.138000 4.275000 0.000000
2.213000 4.275000 0.000000
2.288000 4.275000 0.000000
2.363000 4.275000 0.000000
2.438000 4.275000 0.000000
2.513000 4.275000 0.000000
2.588000 4.275000 0.000000
2.663000 4.275000 0.000000
2.738000 4.275000 0.000000
2.813000 4.275000 0.000000
2.888000 4.275000 0.000000
2.963000 4.275000 0.000000
3.038000 4.275000 0.000000
3.113000 4.275000 0.000000
3.188000 4.275000 0.000000
3.263000 4.275000 0.000000
3.338000 4.275000 0.000000
3.413000 4.275000 0.000000
3.488000 4.275000 0.000000
3.563000 4.275000 0.000000
3.638000 4.275000 0.000000
3.713000 4.275000 0.000000
3.788000 4.275000 0.000000
3.863000 4.275000 0.000000
-0.037500 4.425000 0.000000
0.037500 4.425000 0.000000
0.112500 4.425000 0.000000
0.187500 4.425000 0.000000
0.262500 4.425000 0.000000
0.337500 4.425000 0.000000
0.412500 4.425000 0.000000
0.487500 4.425000 0.000000
0.562500 4.425000 0.000000
0.637500 4.425000 0.000000
0.712500 4.425000 0.000000
0.787500 4.425000 0.000000
0.862500 4.425000 0.000000
0.937500 4.425000 0.000000
1.012000 4.425000 0.000000
1.087000 4.425000 0.000000
1.163000 4.425000 0.000000
1.238000 4.425000 0.000000
1.313000 4.425000 0.000000
1.388000 4.425000 0.000000
1.463000 4.425000 0.000000
1.538000 4.425000 0.000000
1.613000 4.425000 0.000000
1.688000 4.425000 0.000000
1.763000 4.425000 0.000000
1.838000 4.425000 0.000000
1.913000 4.425000 0.000000
1.988000 4.425000 0.000000
2.063000 4.425000 0.000000
2.138000 4.425000 0.000000
2.213000 4.425000 0.000000
2.288000 4.425000 0.000000
2.363000 4.425000 0.000000
2.438000 4.425000 0.000000
2.513000 4.425000 0.000000
2.588000 4.425000 0.000000
2.663000 4.425000 0.000000
2.738000 4.425000 0.000000
2.813000 4.425000 0.000000
2.888000 4.425000 0.000000
2.963000 4.425000 0.000000
3.038000 4.425000 0.000000
3.113000 4.425000 0.000000
3.188000 4.425000 0.000000
3.263000 4.425000 0.000000
3.338000 4.425000 0.000000
3.413000 4.425000 0.000000
3.488000 4.425000 0.000000
3.563000 4.425000 0.000000
3.638000 4.425000 0.000000
3.713000 4.425000 0.000000
3.788000 4.425000 0.000000
3.863000 4.425000 0.000000
-0.037500 4.575000 0.000000
0.037500 4.575000 0.000000
0.112500 4.575000 0.000000
0.187500 4.575000 0.000000
0.262500 4.575000 0.000000
0.337500 4.575000 0.000000
0.412500 4.575000 0.000000
0.487500 4.575000 0.000000
0.562500 4.575000 0.000000
0.637500 4.575000 0.000000
0.712500 4.575000 0.000000
0.787500 4.575000 0.000000
0.862500 4.575000 0.000000
0.937500 4.575000 0.000000
1.012000 4.575000 0.000000
1.087000 4.575000 0.000000
1.163000 4.575000 0.000000
1.238000 4.575000 0.000000
1.313000 4.575000 0.000000
1.388000 4.575000 0.000000
1.463000 4.575000 0.000000
1.538000 4.575000 0.000000
1.613000 4.575000 0.000000
1.688000 4.575000 0.000000
1.763000 4.575000 0.000000
1.838000 4.575000 0.000000
1.913000 4.575000 0.000000
1.988000 4.575000 0.000000
2.063000 4.575000 0.000000
2.138000 4.575000 0.000000
2.213000 4.575000 0.000000
2.288000 4.575000 0.000000
2.363000 4.575000 0.000000
2.438000 4.575000 0.000000
2.513000 4.575000 0.000000
2.588000 4.575000 0.000000
2.663000 4.575000 0.000000
2.738000 4.575000 0.000000
2.813000 4.575000 0.000000
2.888000 4.575000 0.000000
2.963000 4.575000 0.000000
3.038000 4.575000 0.000000
3.113000 4.575000 0.000000
3.188000 4.575000 0.000000
3.263000 4.575000 0.000000
3.338000 4.575000 0.000000
3.413000 4.575000 0.000000
3.488000 4.575000 0.000000
3.563000 4.575000 0.000000
3.638000 4.575000 0.000000
3.713000 4.575000 0.000000
3.788000 4.575000 0.000000
3.863000 4.575000 0.000000
-0.037500 4.725000 0.000000
0.037500 4.725000 0.000000
0.112500 4.725000 0.000000
0.187500 4.725000 0.000000
0.262500 4.725000 0.000000
0.337500 4.725000 0.000000
0.412500 4.725000 0.000000
0.487500 4.725000 0.000000
0.562500 4.725000 0.000000
0.637500 4.725000 0.000000
0.712500 4.725000 0.000000
0.787500 4.725000 0.000000
0.862500 4.725000 0.000000
0.937500 4.725000 0.000000
1.012000 4.725000 0.000000
1.087000 4.725000 0.000000
1.163000 4.725000 0.000000
1.238000 4.725000 0.000000
1.313000 4.725000 0.000000
1.388000 4.725000 0.000000
1.463000 4.725000 0.000000
1.538000 4.725000 0.000000
1.613000 4.725000 0.000000
1.688000 4.725000 0.000000
1.763000 4.725000 0.000000
1.838000 4.725000 0.000000
1.913000 4.725000 0.000000
1.988000 4.725000 0.000000
2.063000 4.725000 0.000000
2.138000 4.725000 0.000000
2.213000 4.725000 0.000000
2.288000 4.725000 0.000000
2.363000 4.725000 0.000000
2.438000 4.725000 0.000000
2.513000 4.725000 0.000000
2.588000 4.725000 0.000000
2.663000 4.725000 0.000000
2.738000 4.725000 0.000000
2.813000 4.725000 0.000000
2.888000 4.725000 0.000000
2.963000 4.725000 0.000000
3.038000 4.725000 0.000000
3.113000 4.725000 0.000000
3.188000 4.725000 0.000000
3.263000 4.725000 0.000000
3.338000 4.725000 0.000000
3.413000 4.725000 0.000000
3.488000 4.725000 0.000000
3.563000 4.725000 0.000000
3.638000 4.725000 0.000000
3.713000 4.725000 0.000000
3.788000 4.725000 0.000000
3.863000 4.725000 0.000000
-0.037500 4.875000 0.000000
0.037500 4.875000 0.000000
0.112500 4.875000 0.000000
0.187500 4.875000 0.000000
0.262500 4.875000 0.000000
0.337500 4.875000 0.000000
0.412500 4.875000 0.000000
0.487500 4.875000 0.000000
0.562500 4.875000 0.000000
0.637500 4.875000 0.000000
0.712500 4.875000 0.000000
0.787500 4.875000 0.000000
0.862500 4.875000 0.000000
0.937500 4.875000 0.000000
1.012000 4.875000 0.000000
1.087000 4.875000 0.000000
1.163000 4.875000 0.000000
1.238000 4.875000 0.000000
1.313000 4.875000 0.000000
1.388000 4.875000 0.000000
1.463000 4.875000 0.000000
1.538000 4.875000 0.000000
1.613000 4.875000 0.000000
1.688000 4.875000 0.000000
1.763000 4.875000 0.000000
1.838000 4.875000 0.000000
1.913000 4.875000 0.000000
1.988000 4.875000 0.000000
2.063000 4.875000 0.000000
2.138000 4.875000 0.000000
2.213000 4.875000 0.000000
2.288000 4.875000 0.000000
2.363000 4.875000 0.000000
2.438000 4.875000 0.000000
2.513000 4.875000 0.000000
2.588000 4.875000 0.000000
2.663000 4.875000 0.000000
2.738000 4.875000 0.000000
2.813000 4.875000 0.000000
2.888000 4.875000 0.000000
2.963000 4.875000 0.000000
3.038000 4.875000 0.000000
3.113000 4.875000 0.000000
3.188000 4.875000 0.000000
3.263000 4.875000 0.000000
3.338000 4.875000 0.000000
3.413000 4.875000 0.000000
3.488000 4.875000 0.000000
3.563000 4.875000 0.000000
3.638000 4.875000 0.000000
3.713000 4.875000 0.000000
3.788000 4.875000 0.000000
3.863000 4.875000 0.000000
-0.037500 5.025000 0.000000
0.037500 5.025000 0.000000
0.112500 5.025000 0.000000
0.187500 5.025000 0.000000
0.262500 5.025000 0.000000
0.337500 5.025000 0.000000
0.412500 5.025000 0.000000
0.487500 5.025000 0.000000
0.562500 5.025000 0.000000
0.637500 5.025000 0.000000
0.712500 5.025000 0.000000
0.787500 5.025000 0.000000
0.862500 5.025000 0.000000
0.937500 5.025000 0.000000
1.012000 5.025000 0.000000
1.087000 5.025000 0.000000
1.163000 5.025000 0.000000
1.238000 5.025000 0.000000
1.313000 5.025000 0.000000
1.388000 5.025000 0.000000
1.463000 5.025000 0.000000
1.538000 5.025000 0.000000
1.613000 5.025000 0.000000
1.688000 5.025000 0.000000
1.763000 5.025000 0.000000
1.838000 5.025000 0.000000
1.913000 5.025000 0.000000
1.988000 5.025000 0.000000
2.063000 5.025000 0.000000
2.138000 5.025000 0.000000
2.213000 5.025000 0.000000
2.288000 5.025000 0.000000
2.363000 5.025000 0.000000
2.438000 5.025000 0.000000
2.513000 5.025000 0.000000
2.588000 5.025000 0.000000
2.663000 5.025000 0.000000
2.738000 5.025000 0.000000
2.813000 5.025000 0.000000
2.888000 5.025000 0.000000
2.963000 5.025000 0.000000
3.038000 5.025000 0.000000
3.113000 5.025000 0.000000
3.188000 5.025000 0.000000
3.263000 5.025000 0.000000
3.338000 5.025000 0.000000
3.413000 5.025000 0.000000
3.488000 5.025000 0.000000
3.563000 5.025000 0.000000
3.638000 5.025000 0.000000
3.713000 5.025000 0.000000
3.788000 5.025000 0.000000
3.863000 5.025000 0.000000
-0.037500 5.175000 0.000000
0.037500 5.175000 0.000000
0.112500 5.175000 0.000000
0.187500 5.175000 0.000000
0.262500 5.175000 0.000000
0.337500 5.175000 0.000000
0.412500 5.175000 0.000000
0.487500 5.175000 0.000000
0.562500 5.175000 0.000000
0.637500 5.175000 0.000000
0.712500 5.175000 0.000000
0.787500 5.175000 0.000000
0.862500 5.175000 0.000000
0.937500 5.175000 0.000000
1.012000 5.175000 0.000000
1.087000 5.175000 0.000000
1.163000 5.175000 0.000000
1.238000 5.175000 0.000000
1.313000 5.175000 0.000000
1.388000 5.175000 0.000000
1.463000 5.175000 0.000000
1.538000 5.175000 0.000000
1.613000 5.175000 0.000000
1.688000 5.175000 0.000000
1.763000 5.175000 0.000000
1.838000 5.175000 0.000000
1.913000 5.175000 0.000000
1.988000 5.175000 0.000000
2.063000 5.175000 0.000000
2.138000 5.175000 0.000000
2.213000 5.175000 0.000000
2.288000 5.175000 0.000000
2.363000 5.175000 0.000000
2.438000 5.175000 0.000000
2.513000 5.175000 0.000000
2.588000 5.175000 0.000000
2.663000 5.175000 0.000000
2.738000 5.175000 0.000000
2.813000 5.175000 0.000000
2.888000 5.175000 0.000000
2.963000 5.175000 0.000000
3.038000 5.175000 0.000000
3.113000 5.175000 0.000000
3.188000 5.175000 0.000000
3.263000 5.175000 0.000000
3.338000 5.175000 0.000000
3.413000 5.175000 0.000000
3.488000 5.175000 0.000000
3.563000 5.175000 0.000000
3.638000 5.175000 0.000000
3.713000 5.175000 0.000000
3.788000 5.175000 0.000000
3.863000 5.175000 0.000000
