-0.037500 -0.075000 0.000000
0.037500 -0.075000 0.000000
0.112500 -0.075000 0.000000
0.187500 -0.075000 0.000000
0.262500 -0.075000 0.000000
0.337500 -0.075000 0.000000
0.412500 -0.075000 0.000000
0.487500 -0.075000 0.000000
0.562500 -0.075000 0.000000
0.637500 -0.075000 0.000000
0.712500 -0.075000 0.000000
0.787500 -0.075000 0.000000
0.862500 -0.075000 0.000000
0.937500 -0.075000 0.000000
1.012000 -0.075000 0.000000
1.087000 -0.075000 0.000000
1.163000 -0.075000 0.000000
1.238000 -0.075000 0.000000
1.313000 -0.075000 0.000000
1.388000 -0.075000 0.000000
1.463000 -0.075000 0.000000
1.538000 -0.075000 0.000000
1.613000 -0.075000 0.000000
1.688000 -0.075000 0.000000
1.763000 -0.075000 0.000000
1.838000 -0.075000 0.000000
1.913000 -0.075000 0.000000
1.988000 -0.075000 0.000000
2.063000 -0.075000 0.000000
2.138000 -0.075000 0.000000
2.213000 -0.075000 0.000000
2.288000 -0.075000 0.000000
2.363000 -0.075000 0.000000
2.438000 -0.075000 0.000000
2.513000 -0.075000 0.000000
2.588000 -0.075000 0.000000
2.663000 -0.075000 0.000000
2.738000 -0.075000 0.000000
2.813000 -0.075000 0.000000
2.888000 -0.075000 0.000000
2.963000 -0.075000 0.000000
3.038000 -0.075000 0.000000
3.113000 -0.075000 0.000000
3.188000 -0.075000 0.000000
3.263000 -0.075000 0.000000
3.338000 -0.075000 0.000000
3.413000 -0.075000 0.000000
3.488000 -0.075000 0.000000
3.563000 -0.075000 0.000000
3.638000 -0.075000 0.000000
3.713000 -0.075000 0.000000
3.788000 -0.075000 0.000000
3.863000 -0.075000 0.000000
-0.037500 0.075000 0.000000
0.037500 0.075000 0.032810
0.112500 0.075000 0.065620
0.187500 0.075000 0.098420
0.262500 0.075000 0.131200
0.337500 0.075000 0.164000
0.412500 0.075000 0.196800
0.487500 0.075000 0.229500
0.562500 0.075000 0.262100
0.637500 0.075000 0.294700
0.712500 0.075000 0.327100
0.787500 0.075000 0.359200
0.862500 0.075000 0.391000
0.937500 0.075000 0.422500
1.012000 0.075000 0.453300
1.087000 0.075000 0.483400
1.163000 0.075000 0.512700
1.238000 0.075000 0.540700
1.313000 0.075000 0.567300
1.388000 0.075000 0.592200
1.463000 0.075000 0.615000
1.538000 0.075000 0.635300
1.613000 0.075000 0.652800
1.688000 0.075000 0.667200
1.763000 0.075000 0.678200
1.838000 0.075000 0.685500
1.913000 0.075000 0.689000
1.988000 0.075000 0.688700
2.063000 0.075000 0.684800
2.138000 0.075000 0.677400
2.213000 0.075000 0.667100
2.288000 0.075000 0.654200
2.363000 0.075000 0.639100
2.438000 0.075000 0.622300
2.513000 0.075000 0.604300
2.588000 0.075000 0.585500
2.663000 0.075000 0.566200
2.738000 0.075000 0.546600
2.813000 0.075000 0.527200
2.888000 0.075000 0.508000
2.963000 0.075000 0.489200
3.038000 0.075000 0.470900
3.113000 0.075000 0.453200
3.188000 0.075000 0.436100
3.263000 0.075000 0.419600
3.338000 0.075000 0.403900
3.413000 0.075000 0.388800
3.488000 0.075000 0.374300
3.563000 0.075000 0.360500
3.638000 0.075000 0.347400
3.713000 0.075000 0.334800
3.788000 0.075000 0.322900
3.863000 0.075000 0.000000
-0.037500 0.225000 0.000000
0.037500 0.225000 0.032810
0.112500 0.225000 0.065620
0.187500 0.225000 0.098420
0.262500 0.225000 0.131200
0.337500 0.225000 0.164000
0.412500 0.225000 0.196800
0.487500 0.225000 0.229500
0.562500 0.225000 0.262100
0.637500 0.225000 0.294700
0.712500 0.225000 0.327100
0.787500 0.225000 0.359200
0.862500 0.225000 0.391000
0.937500 0.225000 0.422500
1.012000 0.225000 0.453300
1.087000 0.225000 0.483400
1.163000 0.225000 0.512700
1.238000 0.225000 0.540700
1.313000 0.225000 0.567300
1.388000 0.225000 0.592200
1.463000 0.225000 0.615000
1.538000 0.225000 0.635300
1.613000 0.225000 0.652800
1.688000 0.225000 0.667200
1.763000 0.225000 0.678200
1.838000 0.225000 0.685500
1.913000 0.225000 0.689000
1.988000 0.225000 0.688700
2.063000 0.225000 0.684800
2.138000 0.225000 0.677400
2.213000 0.225000 0.667100
2.288000 0.225000 0.654200
2.363000 0.225000 0.639100
2.438000 0.225000 0.622300
2.513000 0.225000 0.604300
2.588000 0.225000 0.585500
2.663000 0.225000 0.566200
2.738000 0.225000 0.546600
2.813000 0.225000 0.527200
2.888000 0.225000 0.508000
2.963000 0.225000 0.489200
3.038000 0.225000 0.470900
3.113000 0.225000 0.453200
3.188000 0.225000 0.436100
3.263000 0.225000 0.419600
3.338000 0.225000 0.403900
3.413000 0.225000 0.388800
3.488000 0.225000 0.374300
3.563000 0.225000 0.360500
3.638000 0.225000 0.347400
3.713000 0.225000 0.334800
3.788000 0.225000 0.322900
3.863000 0.225000 0.000000
-0.037500 0.375000 0.000000
0.037500 0.375000 0.083750
0.112500 0.375000 0.091570
0.187500 0.375000 0.103700
0.262500 0.375000 0.118500
0.337500 0.375000 0.135100
0.412500 0.375000 0.152700
0.487500 0.375000 0.171000
0.562500 0.375000 0.189900
0.637500 0.375000 0.209000
0.712500 0.375000 0.228300
0.787500 0.375000 0.247600
0.862500 0.375000 0.266800
0.937500 0.375000 0.285800
1.012000 0.375000 0.304500
1.087000 0.375000 0.322700
1.163000 0.375000 0.340300
1.238000 0.375000 0.357100
1.313000 0.375000 0.372900
1.388000 0.375000 0.387700
1.463000 0.375000 0.401100
1.538000 0.375000 0.413000
1.613000 0.375000 0.423200
1.688000 0.375000 0.431400
1.763000 0.375000 0.437700
1.838000 0.375000 0.441800
1.913000 0.375000 0.443700
1.988000 0.375000 0.443500
2.063000 0.375000 0.441200
2.138000 0.375000 0.436900
2.213000 0.375000 0.430900
2.288000 0.375000 0.423300
2.363000 0.375000 0.414400
2.438000 0.375000 0.404400
2.513000 0.375000 0.393700
2.588000 0.375000 0.382300
2.663000 0.375000 0.370600
2.738000 0.375000 0.358600
2.813000 0.375000 0.346700
2.888000 0.375000 0.334800
2.963000 0.375000 0.323100
3.038000 0.375000 0.311600
3.113000 0.375000 0.300500
3.188000 0.375000 0.289800
3.263000 0.375000 0.279600
3.338000 0.375000 0.269800
3.413000 0.375000 0.260600
3.488000 0.375000 0.252000
3.563000 0.375000 0.244100
3.638000 0.375000 0.237200
3.713000 0.375000 0.231600
3.788000 0.375000 0.228200
3.863000 0.375000 0.000000
-0.037500 0.525000 0.000000
0.037500 0.525000 0.083870
0.112500 0.525000 0.086440
0.187500 0.525000 0.091090
0.262500 0.525000 0.097360
0.337500 0.525000 0.104800
0.412500 0.525000 0.113200
0.487500 0.525000 0.122300
0.562500 0.525000 0.131800
0.637500 0.525000 0.141600
0.712500 0.525000 0.151700
0.787500 0.525000 0.161900
0.862500 0.525000 0.172100
0.937500 0.525000 0.182300
1.012000 0.525000 0.192300
1.087000 0.525000 0.202000
1.163000 0.525000 0.211400
1.238000 0.525000 0.220300
1.313000 0.525000 0.228700
1.388000 0.525000 0.236500
1.463000 0.525000 0.243500
1.538000 0.525000 0.249700
1.613000 0.525000 0.254900
1.688000 0.525000 0.259200
1.763000 0.525000 0.262300
1.838000 0.525000 0.264400
1.913000 0.525000 0.265300
1.988000 0.525000 0.265100
2.063000 0.525000 0.263900
2.138000 0.525000 0.261600
2.213000 0.525000 0.258400
2.288000 0.525000 0.254400
2.363000 0.525000 0.249600
2.438000 0.525000 0.244300
2.513000 0.525000 0.238500
2.588000 0.525000 0.232300
2.663000 0.525000 0.225900
2.738000 0.525000 0.219300
2.813000 0.525000 0.212700
2.888000 0.525000 0.206100
2.963000 0.525000 0.199600
3.038000 0.525000 0.193200
3.113000 0.525000 0.187000
3.188000 0.525000 0.181100
3.263000 0.525000 0.175400
3.338000 0.525000 0.170100
3.413000 0.525000 0.165200
3.488000 0.525000 0.160700
3.563000 0.525000 0.156800
3.638000 0.525000 0.153600
3.713000 0.525000 0.151200
3.788000 0.525000 0.149900
3.863000 0.525000 0.000000
-0.037500 0.675000 0.000000
0.037500 0.675000 0.078770
0.112500 0.675000 0.079770
0.187500 0.675000 0.081700
0.262500 0.675000 0.084460
0.337500 0.675000 0.087930
0.412500 0.675000 0.091990
0.487500 0.675000 0.096530
0.562500 0.675000 0.101500
0.637500 0.675000 0.106700
0.712500 0.675000 0.112100
0.787500 0.675000 0.117600
0.862500 0.675000 0.123300
0.937500 0.675000 0.128900
1.012000 0.675000 0.134400
1.087000 0.675000 0.139800
1.163000 0.675000 0.145000
1.238000 0.675000 0.149900
1.313000 0.675000 0.154500
1.388000 0.675000 0.158800
1.463000 0.675000 0.162600
1.538000 0.675000 0.165900
1.613000 0.675000 0.168700
1.688000 0.675000 0.171000
1.763000 0.675000 0.172600
1.838000 0.675000 0.173700
1.913000 0.675000 0.174100
1.988000 0.675000 0.173900
2.063000 0.675000 0.173200
2.138000 0.675000 0.171900
2.213000 0.675000 0.170100
2.288000 0.675000 0.167800
2.363000 0.675000 0.165100
2.438000 0.675000 0.162100
2.513000 0.675000 0.158800
2.588000 0.675000 0.155200
2.663000 0.675000 0.151500
2.738000 0.675000 0.147700
2.813000 0.675000 0.143900
2.888000 0.675000 0.140000
2.963000 0.675000 0.136200
3.038000 0.675000 0.132400
3.113000 0.675000 0.128800
3.188000 0.675000 0.125300
3.263000 0.675000 0.122100
3.338000 0.675000 0.119100
3.413000 0.675000 0.116300
3.488000 0.675000 0.113900
3.563000 0.675000 0.111900
3.638000 0.675000 0.110300
3.713000 0.675000 0.109200
3.788000 0.675000 0.108700
3.863000 0.675000 0.000000
-0.037500 0.825000 0.000000
0.037500 0.825000 0.072400
0.112500 0.825000 0.073030
0.187500 0.825000 0.074270
0.262500 0.825000 0.076070
0.337500 0.825000 0.078380
0.412500 0.825000 0.081130
0.487500 0.825000 0.084250
0.562500 0.825000 0.087670
0.637500 0.825000 0.091330
0.712500 0.825000 0.095170
0.787500 0.825000 0.099140
0.862500 0.825000 0.103200
0.937500 0.825000 0.107200
1.012000 0.825000 0.111200
1.087000 0.825000 0.115100
1.163000 0.825000 0.118800
1.238000 0.825000 0.122400
1.313000 0.825000 0.125700
1.388000 0.825000 0.128700
1.463000 0.825000 0.131400
1.538000 0.825000 0.133800
1.613000 0.825000 0.135800
1.688000 0.825000 0.137300
1.763000 0.825000 0.138500
1.838000 0.825000 0.139200
1.913000 0.825000 0.139500
1.988000 0.825000 0.139300
2.063000 0.825000 0.138800
2.138000 0.825000 0.137800
2.213000 0.825000 0.136500
2.288000 0.825000 0.134800
2.363000 0.825000 0.132800
2.438000 0.825000 0.130600
2.513000 0.825000 0.128100
2.588000 0.825000 0.125500
2.663000 0.825000 0.122800
2.738000 0.825000 0.119900
2.813000 0.825000 0.117000
2.888000 0.825000 0.114200
2.963000 0.825000 0.111300
3.038000 0.825000 0.108500
3.113000 0.825000 0.105800
3.188000 0.825000 0.103200
3.263000 0.825000 0.100800
3.338000 0.825000 0.098630
3.413000 0.825000 0.096660
3.488000 0.825000 0.094950
3.563000 0.825000 0.093530
3.638000 0.825000 0.092430
3.713000 0.825000 0.091690
3.788000 0.825000 0.091310
3.863000 0.825000 0.000000
-0.037500 0.975000 0.000000
0.037500 0.975000 0.064860
0.112500 0.975000 0.065290
0.187500 0.975000 0.066150
0.262500 0.975000 0.067400
0.337500 0.975000 0.069020
0.412500 0.975000 0.070970
0.487500 0.975000 0.073200
0.562500 0.975000 0.075660
0.637500 0.975000 0.078320
0.712500 0.975000 0.081130
0.787500 0.975000 0.084030
0.862500 0.975000 0.086990
0.937500 0.975000 0.089960
1.012000 0.975000 0.092910
1.087000 0.975000 0.095790
1.163000 0.975000 0.098550
1.238000 0.975000 0.101200
1.313000 0.975000 0.103600
1.388000 0.975000 0.105900
1.463000 0.975000 0.107900
1.538000 0.975000 0.109600
1.613000 0.975000 0.111000
1.688000 0.975000 0.112200
1.763000 0.975000 0.113000
1.838000 0.975000 0.113500
1.913000 0.975000 0.113700
1.988000 0.975000 0.113500
2.063000 0.975000 0.113100
2.138000 0.975000 0.112400
2.213000 0.975000 0.111300
2.288000 0.975000 0.110100
2.363000 0.975000 0.108600
2.438000 0.975000 0.106900
2.513000 0.975000 0.105000
2.588000 0.975000 0.103000
2.663000 0.975000 0.100900
2.738000 0.975000 0.098760
2.813000 0.975000 0.096560
2.888000 0.975000 0.094360
2.963000 0.975000 0.092170
3.038000 0.975000 0.090040
3.113000 0.975000 0.087990
3.188000 0.975000 0.086050
3.263000 0.975000 0.084240
3.338000 0.975000 0.082590
3.413000 0.975000 0.081120
3.488000 0.975000 0.079850
3.563000 0.975000 0.078810
3.638000 0.975000 0.078020
3.713000 0.975000 0.077480
3.788000 0.975000 0.077210
3.863000 0.975000 0.000000
-0.037500 1.125000 0.000000
0.037500 1.125000 0.057450
0.112500 1.125000 0.057780
0.187500 1.125000 0.058420
0.262500 1.125000 0.059360
0.337500 1.125000 0.060590
0.412500 1.125000 0.062070
0.487500 1.125000 0.063770
0.562500 1.125000 0.065660
0.637500 1.125000 0.067710
0.712500 1.125000 0.069880
0.787500 1.125000 0.072130
0.862500 1.125000 0.074430
0.937500 1.125000 0.076740
1.012000 1.125000 0.079030
1.087000 1.125000 0.081270
1.163000 1.125000 0.083430
1.238000 1.125000 0.085480
1.313000 1.125000 0.087380
1.388000 1.125000 0.089120
1.463000 1.125000 0.090670
1.538000 1.125000 0.092010
1.613000 1.125000 0.093130
1.688000 1.125000 0.094010
1.763000 1.125000 0.094640
1.838000 1.125000 0.095010
1.913000 1.125000 0.095140
1.988000 1.125000 0.095010
2.063000 1.125000 0.094650
2.138000 1.125000 0.094050
2.213000 1.125000 0.093230
2.288000 1.125000 0.092220
2.363000 1.125000 0.091030
2.438000 1.125000 0.089680
2.513000 1.125000 0.088200
2.588000 1.125000 0.086610
2.663000 1.125000 0.084940
2.738000 1.125000 0.083220
2.813000 1.125000 0.081460
2.888000 1.125000 0.079710
2.963000 1.125000 0.077960
3.038000 1.125000 0.076270
3.113000 1.125000 0.074640
3.188000 1.125000 0.073100
3.263000 1.125000 0.071670
3.338000 1.125000 0.070360
3.413000 1.125000 0.069210
3.488000 1.125000 0.068220
3.563000 1.125000 0.067410
3.638000 1.125000 0.066800
3.713000 1.125000 0.066380
3.788000 1.125000 0.066170
3.863000 1.125000 0.000000
-0.037500 1.275000 0.000000
0.037500 1.275000 0.043970
0.112500 1.275000 0.044190
0.187500 1.275000 0.044640
0.262500 1.275000 0.045290
0.337500 1.275000 0.046140
0.412500 1.275000 0.047170
0.487500 1.275000 0.048350
0.562500 1.275000 0.049670
0.637500 1.275000 0.051100
0.712500 1.275000 0.052610
0.787500 1.275000 0.054190
0.862500 1.275000 0.055800
0.937500 1.275000 0.057430
1.012000 1.275000 0.059040
1.087000 1.275000 0.060610
1.163000 1.275000 0.062130
1.238000 1.275000 0.063570
1.313000 1.275000 0.064910
1.388000 1.275000 0.066130
1.463000 1.275000 0.067220
1.538000 1.275000 0.068160
1.613000 1.275000 0.068940
1.688000 1.275000 0.069550
1.763000 1.275000 0.069990
1.838000 1.275000 0.070250
1.913000 1.275000 0.070330
1.988000 1.275000 0.070230
2.063000 1.275000 0.069960
2.138000 1.275000 0.069530
2.213000 1.275000 0.068950
2.288000 1.275000 0.068220
2.363000 1.275000 0.067370
2.438000 1.275000 0.066410
2.513000 1.275000 0.065350
2.588000 1.275000 0.064220
2.663000 1.275000 0.063030
2.738000 1.275000 0.061800
2.813000 1.275000 0.060550
2.888000 1.275000 0.059290
2.963000 1.275000 0.058050
3.038000 1.275000 0.056840
3.113000 1.275000 0.055680
3.188000 1.275000 0.054580
3.263000 1.275000 0.053570
3.338000 1.275000 0.052650
3.413000 1.275000 0.051830
3.488000 1.275000 0.051140
3.563000 1.275000 0.050570
3.638000 1.275000 0.050140
3.713000 1.275000 0.049850
3.788000 1.275000 0.049700
3.863000 1.275000 0.000000
-0.037500 1.425000 0.000000
0.037500 1.425000 0.029720
0.112500 1.425000 0.029850
0.187500 1.425000 0.030120
0.262500 1.425000 0.030510
0.337500 1.425000 0.031020
0.412500 1.425000 0.031630
0.487500 1.425000 0.032340
0.562500 1.425000 0.033140
0.637500 1.425000 0.034000
0.712500 1.425000 0.034920
0.787500 1.425000 0.035870
0.862500 1.425000 0.036850
0.937500 1.425000 0.037840
1.012000 1.425000 0.038810
1.087000 1.425000 0.039770
1.163000 1.425000 0.040690
1.238000 1.425000 0.041570
1.313000 1.425000 0.042380
1.388000 1.425000 0.043120
1.463000 1.425000 0.043780
1.538000 1.425000 0.044350
1.613000 1.425000 0.044820
1.688000 1.425000 0.045190
1.763000 1.425000 0.045450
1.838000 1.425000 0.045600
1.913000 1.425000 0.045650
1.988000 1.425000 0.045580
2.063000 1.425000 0.045410
2.138000 1.425000 0.045140
2.213000 1.425000 0.044780
2.288000 1.425000 0.044320
2.363000 1.425000 0.043800
2.438000 1.425000 0.043200
2.513000 1.425000 0.042540
2.588000 1.425000 0.041840
2.663000 1.425000 0.041100
2.738000 1.425000 0.040340
2.813000 1.425000 0.039560
2.888000 1.425000 0.038780
2.963000 1.425000 0.038010
3.038000 1.425000 0.037260
3.113000 1.425000 0.036550
3.188000 1.425000 0.035870
3.263000 1.425000 0.035240
3.338000 1.425000 0.034680
3.413000 1.425000 0.034180
3.488000 1.425000 0.033750
3.563000 1.425000 0.033410
3.638000 1.425000 0.033140
3.713000 1.425000 0.032970
3.788000 1.425000 0.032880
3.863000 1.425000 0.000000
-0.037500 1.575000 0.000000
0.037500 1.575000 0.019830
0.112500 1.575000 0.019910
0.187500 1.575000 0.020060
0.262500 1.575000 0.020300
0.337500 1.575000 0.020600
0.412500 1.575000 0.020970
0.487500 1.575000 0.021390
0.562500 1.575000 0.021870
0.637500 1.575000 0.022390
0.712500 1.575000 0.022940
0.787500 1.575000 0.023510
0.862500 1.575000 0.024100
0.937500 1.575000 0.024700
1.012000 1.575000 0.025290
1.087000 1.575000 0.025860
1.163000 1.575000 0.026420
1.238000 1.575000 0.026950
1.313000 1.575000 0.027440
1.388000 1.575000 0.027880
1.463000 1.575000 0.028280
1.538000 1.575000 0.028620
1.613000 1.575000 0.028900
1.688000 1.575000 0.029120
1.763000 1.575000 0.029280
1.838000 1.575000 0.029370
1.913000 1.575000 0.029390
1.988000 1.575000 0.029340
2.063000 1.575000 0.029240
2.138000 1.575000 0.029070
2.213000 1.575000 0.028840
2.288000 1.575000 0.028560
2.363000 1.575000 0.028240
2.438000 1.575000 0.027870
2.513000 1.575000 0.027460
2.588000 1.575000 0.027030
2.663000 1.575000 0.026580
2.738000 1.575000 0.026100
2.813000 1.575000 0.025630
2.888000 1.575000 0.025150
2.963000 1.575000 0.024670
3.038000 1.575000 0.024210
3.113000 1.575000 0.023770
3.188000 1.575000 0.023360
3.263000 1.575000 0.022980
3.338000 1.575000 0.022630
3.413000 1.575000 0.022330
3.488000 1.575000 0.022070
3.563000 1.575000 0.021850
3.638000 1.575000 0.021690
3.713000 1.575000 0.021590
3.788000 1.575000 0.021530
3.863000 1.575000 0.000000
-0.037500 1.725000 0.000000
0.037500 1.725000 0.013040
0.112500 1.725000 0.013090
0.187500 1.725000 0.013180
0.262500 1.725000 0.013320
0.337500 1.725000 0.013500
0.412500 1.725000 0.013720
0.487500 1.725000 0.013970
0.562500 1.725000 0.014250
0.637500 1.725000 0.014560
0.712500 1.725000 0.014890
0.787500 1.725000 0.015230
0.862500 1.725000 0.015580
0.937500 1.725000 0.015940
1.012000 1.725000 0.016290
1.087000 1.725000 0.016640
1.163000 1.725000 0.016970
1.238000 1.725000 0.017280
1.313000 1.725000 0.017580
1.388000 1.725000 0.017840
1.463000 1.725000 0.018080
1.538000 1.725000 0.018280
1.613000 1.725000 0.018450
1.688000 1.725000 0.018580
1.763000 1.725000 0.018670
1.838000 1.725000 0.018720
1.913000 1.725000 0.018730
1.988000 1.725000 0.018700
2.063000 1.725000 0.018630
2.138000 1.725000 0.018530
2.213000 1.725000 0.018390
2.288000 1.725000 0.018220
2.363000 1.725000 0.018020
2.438000 1.725000 0.017790
2.513000 1.725000 0.017550
2.588000 1.725000 0.017280
2.663000 1.725000 0.017000
2.738000 1.725000 0.016720
2.813000 1.725000 0.016430
2.888000 1.725000 0.016130
2.963000 1.725000 0.015850
3.038000 1.725000 0.015570
3.113000 1.725000 0.015300
3.188000 1.725000 0.015050
3.263000 1.725000 0.014810
3.338000 1.725000 0.014600
3.413000 1.725000 0.014420
3.488000 1.725000 0.014260
3.563000 1.725000 0.014130
3.638000 1.725000 0.014030
3.713000 1.725000 0.013970
3.788000 1.725000 0.013940
3.863000 1.725000 0.000000
-0.037500 1.875000 0.000000
0.037500 1.875000 0.008417
0.112500 1.875000 0.008445
0.187500 1.875000 0.008499
0.262500 1.875000 0.008579
0.337500 1.875000 0.008684
0.412500 1.875000 0.008811
0.487500 1.875000 0.008959
0.562500 1.875000 0.009125
0.637500 1.875000 0.009305
0.712500 1.875000 0.009497
0.787500 1.875000 0.009698
0.862500 1.875000 0.009904
0.937500 1.875000 0.010110
1.012000 1.875000 0.010320
1.087000 1.875000 0.010520
1.163000 1.875000 0.010720
1.238000 1.875000 0.010900
1.313000 1.875000 0.011070
1.388000 1.875000 0.011230
1.463000 1.875000 0.011370
1.538000 1.875000 0.011490
1.613000 1.875000 0.011590
1.688000 1.875000 0.011660
1.763000 1.875000 0.011710
1.838000 1.875000 0.011740
1.913000 1.875000 0.011750
1.988000 1.875000 0.011730
2.063000 1.875000 0.011680
2.138000 1.875000 0.011620
2.213000 1.875000 0.011540
2.288000 1.875000 0.011430
2.363000 1.875000 0.011310
2.438000 1.875000 0.011180
2.513000 1.875000 0.011030
2.588000 1.875000 0.010870
2.663000 1.875000 0.010700
2.738000 1.875000 0.010530
2.813000 1.875000 0.010360
2.888000 1.875000 0.010180
2.963000 1.875000 0.010010
3.038000 1.875000 0.009842
3.113000 1.875000 0.009682
3.188000 1.875000 0.009531
3.263000 1.875000 0.009392
3.338000 1.875000 0.009266
3.413000 1.875000 0.009155
3.488000 1.875000 0.009061
3.563000 1.875000 0.008983
3.638000 1.875000 0.008925
3.713000 1.875000 0.008885
3.788000 1.875000 0.008866
3.863000 1.875000 0.000000
-0.037500 2.025000 0.000000
0.037500 2.025000 0.005260
0.112500 2.025000 0.005275
0.187500 2.025000 0.005305
0.262500 2.025000 0.005350
0.337500 2.025000 0.005409
0.412500 2.025000 0.005481
0.487500 2.025000 0.005564
0.562500 2.025000 0.005657
0.637500 2.025000 0.005759
0.712500 2.025000 0.005867
0.787500 2.025000 0.005980
0.862500 2.025000 0.006097
0.937500 2.025000 0.006214
1.012000 2.025000 0.006331
1.087000 2.025000 0.006445
1.163000 2.025000 0.006556
1.238000 2.025000 0.006660
1.313000 2.025000 0.006757
1.388000 2.025000 0.006844
1.463000 2.025000 0.006922
1.538000 2.025000 0.006989
1.613000 2.025000 0.007043
1.688000 2.025000 0.007085
1.763000 2.025000 0.007114
1.838000 2.025000 0.007129
1.913000 2.025000 0.007130
1.988000 2.025000 0.007118
2.063000 2.025000 0.007093
2.138000 2.025000 0.007056
2.213000 2.025000 0.007007
2.288000 2.025000 0.006946
2.363000 2.025000 0.006877
2.438000 2.025000 0.006798
2.513000 2.025000 0.006712
2.588000 2.025000 0.006621
2.663000 2.025000 0.006524
2.738000 2.025000 0.006425
2.813000 2.025000 0.006324
2.888000 2.025000 0.006224
2.963000 2.025000 0.006124
3.038000 2.025000 0.006028
3.113000 2.025000 0.005936
3.188000 2.025000 0.005849
3.263000 2.025000 0.005769
3.338000 2.025000 0.005696
3.413000 2.025000 0.005632
3.488000 2.025000 0.005578
3.563000 2.025000 0.005533
3.638000 2.025000 0.005499
3.713000 2.025000 0.005476
3.788000 2.025000 0.005465
3.863000 2.025000 0.000000
-0.037500 2.175000 0.000000
0.037500 2.175000 0.003067
0.112500 2.175000 0.003075
0.187500 2.175000 0.003090
0.262500 2.175000 0.003112
0.337500 2.175000 0.003142
0.412500 2.175000 0.003177
0.487500 2.175000 0.003219
0.562500 2.175000 0.003265
0.637500 2.175000 0.003316
0.712500 2.175000 0.003370
0.787500 2.175000 0.003427
0.862500 2.175000 0.003485
0.937500 2.175000 0.003544
1.012000 2.175000 0.003602
1.087000 2.175000 0.003659
1.163000 2.175000 0.003714
1.238000 2.175000 0.003766
1.313000 2.175000 0.003815
1.388000 2.175000 0.003858
1.463000 2.175000 0.003897
1.538000 2.175000 0.003930
1.613000 2.175000 0.003957
1.688000 2.175000 0.003977
1.763000 2.175000 0.003991
1.838000 2.175000 0.003997
1.913000 2.175000 0.003997
1.988000 2.175000 0.003990
2.063000 2.175000 0.003976
2.138000 2.175000 0.003956
2.213000 2.175000 0.003930
2.288000 2.175000 0.003899
2.363000 2.175000 0.003862
2.438000 2.175000 0.003822
2.513000 2.175000 0.003777
2.588000 2.175000 0.003729
2.663000 2.175000 0.003680
2.738000 2.175000 0.003628
2.813000 2.175000 0.003576
2.888000 2.175000 0.003524
2.963000 2.175000 0.003473
3.038000 2.175000 0.003423
3.113000 2.175000 0.003376
3.188000 2.175000 0.003331
3.263000 2.175000 0.003290
3.338000 2.175000 0.003252
3.413000 2.175000 0.003220
3.488000 2.175000 0.003192
3.563000 2.175000 0.003169
3.638000 2.175000 0.003151
3.713000 2.175000 0.003139
3.788000 2.175000 0.003133
3.863000 2.175000 0.000000
-0.037500 2.325000 0.000000
0.037500 2.325000 0.002005
0.112500 2.325000 0.002009
0.187500 2.325000 0.002017
0.262500 2.325000 0.002028
0.337500 2.325000 0.002044
0.412500 2.325000 0.002062
0.487500 2.325000 0.002084
0.562500 2.325000 0.002108
0.637500 2.325000 0.002134
0.712500 2.325000 0.002162
0.787500 2.325000 0.002192
0.862500 2.325000 0.002222
0.937500 2.325000 0.002252
1.012000 2.325000 0.002283
1.087000 2.325000 0.002312
1.163000 2.325000 0.002341
1.238000 2.325000 0.002368
1.313000 2.325000 0.002392
1.388000 2.325000 0.002415
1.463000 2.325000 0.002435
1.538000 2.325000 0.002451
1.613000 2.325000 0.002465
1.688000 2.325000 0.002474
1.763000 2.325000 0.002481
1.838000 2.325000 0.002483
1.913000 2.325000 0.002482
1.988000 2.325000 0.002478
2.063000 2.325000 0.002470
2.138000 2.325000 0.002458
2.213000 2.325000 0.002443
2.288000 2.325000 0.002426
2.363000 2.325000 0.002405
2.438000 2.325000 0.002382
2.513000 2.325000 0.002358
2.588000 2.325000 0.002332
2.663000 2.325000 0.002304
2.738000 2.325000 0.002276
2.813000 2.325000 0.002247
2.888000 2.325000 0.002219
2.963000 2.325000 0.002191
3.038000 2.325000 0.002164
3.113000 2.325000 0.002138
3.188000 2.325000 0.002114
3.263000 2.325000 0.002091
3.338000 2.325000 0.002071
3.413000 2.325000 0.002053
3.488000 2.325000 0.002038
3.563000 2.325000 0.002026
3.638000 2.325000 0.002016
3.713000 2.325000 0.002010
3.788000 2.325000 0.002007
3.863000 2.325000 0.000000
-0.037500 2.475000 0.000000
0.037500 2.475000 0.001592
0.112500 2.475000 0.001595
0.187500 2.475000 0.001600
0.262500 2.475000 0.001608
0.337500 2.475000 0.001619
0.412500 2.475000 0.001631
0.487500 2.475000 0.001646
0.562500 2.475000 0.001663
0.637500 2.475000 0.001681
0.712500 2.475000 0.001701
0.787500 2.475000 0.001721
0.862500 2.475000 0.001742
0.937500 2.475000 0.001763
1.012000 2.475000 0.001784
1.087000 2.475000 0.001805
1.163000 2.475000 0.001824
1.238000 2.475000 0.001843
1.313000 2.475000 0.001860
1.388000 2.475000 0.001875
1.463000 2.475000 0.001889
1.538000 2.475000 0.001900
1.613000 2.475000 0.001909
1.688000 2.475000 0.001916
1.763000 2.475000 0.001920
1.838000 2.475000 0.001921
1.913000 2.475000 0.001920
1.988000 2.475000 0.001916
2.063000 2.475000 0.001910
2.138000 2.475000 0.001901
2.213000 2.475000 0.001891
2.288000 2.475000 0.001878
2.363000 2.475000 0.001863
2.438000 2.475000 0.001847
2.513000 2.475000 0.001829
2.588000 2.475000 0.001810
2.663000 2.475000 0.001790
2.738000 2.475000 0.001770
2.813000 2.475000 0.001750
2.888000 2.475000 0.001729
2.963000 2.475000 0.001709
3.038000 2.475000 0.001690
3.113000 2.475000 0.001671
3.188000 2.475000 0.001654
3.263000 2.475000 0.001638
3.338000 2.475000 0.001624
3.413000 2.475000 0.001611
3.488000 2.475000 0.001600
3.563000 2.475000 0.001592
3.638000 2.475000 0.001585
3.713000 2.475000 0.001581
3.788000 2.475000 0.001578
3.863000 2.475000 0.000000
-0.037500 2.625000 0.000000
0.037500 2.625000 0.001279
0.112500 2.625000 0.001281
0.187500 2.625000 0.001284
0.262500 2.625000 0.001290
0.337500 2.625000 0.001298
0.412500 2.625000 0.001307
0.487500 2.625000 0.001318
0.562500 2.625000 0.001329
0.637500 2.625000 0.001342
0.712500 2.625000 0.001356
0.787500 2.625000 0.001371
0.862500 2.625000 0.001386
0.937500 2.625000 0.001401
1.012000 2.625000 0.001416
1.087000 2.625000 0.001430
1.163000 2.625000 0.001444
1.238000 2.625000 0.001457
1.313000 2.625000 0.001470
1.388000 2.625000 0.001480
1.463000 2.625000 0.001490
1.538000 2.625000 0.001498
1.613000 2.625000 0.001504
1.688000 2.625000 0.001509
1.763000 2.625000 0.001511
1.838000 2.625000 0.001512
1.913000 2.625000 0.001511
1.988000 2.625000 0.001508
2.063000 2.625000 0.001503
2.138000 2.625000 0.001497
2.213000 2.625000 0.001488
2.288000 2.625000 0.001479
2.363000 2.625000 0.001468
2.438000 2.625000 0.001456
2.513000 2.625000 0.001443
2.588000 2.625000 0.001429
2.663000 2.625000 0.001414
2.738000 2.625000 0.001399
2.813000 2.625000 0.001384
2.888000 2.625000 0.001369
2.963000 2.625000 0.001355
3.038000 2.625000 0.001340
3.113000 2.625000 0.001327
3.188000 2.625000 0.001314
3.263000 2.625000 0.001303
3.338000 2.625000 0.001292
3.413000 2.625000 0.001283
3.488000 2.625000 0.001275
3.563000 2.625000 0.001269
3.638000 2.625000 0.001264
3.713000 2.625000 0.001261
3.788000 2.625000 0.001260
3.863000 2.625000 0.000000
-0.037500 2.775000 0.000000
0.037500 2.775000 0.001051
0.112500 2.775000 0.001052
0.187500 2.775000 0.001055
0.262500 2.775000 0.001059
0.337500 2.775000 0.001065
0.412500 2.775000 0.001072
0.487500 2.775000 0.001080
0.562500 2.775000 0.001089
0.637500 2.775000 0.001099
0.712500 2.775000 0.001110
0.787500 2.775000 0.001121
0.862500 2.775000 0.001132
0.937500 2.775000 0.001143
1.012000 2.775000 0.001155
1.087000 2.775000 0.001166
1.163000 2.775000 0.001176
1.238000 2.775000 0.001186
1.313000 2.775000 0.001195
1.388000 2.775000 0.001203
1.463000 2.775000 0.001210
1.538000 2.775000 0.001216
1.613000 2.775000 0.001221
1.688000 2.775000 0.001224
1.763000 2.775000 0.001226
1.838000 2.775000 0.001226
1.913000 2.775000 0.001225
1.988000 2.775000 0.001223
2.063000 2.775000 0.001219
2.138000 2.775000 0.001214
2.213000 2.775000 0.001208
2.288000 2.775000 0.001200
2.363000 2.775000 0.001192
2.438000 2.775000 0.001182
2.513000 2.775000 0.001172
2.588000 2.775000 0.001161
2.663000 2.775000 0.001150
2.738000 2.775000 0.001138
2.813000 2.775000 0.001127
2.888000 2.775000 0.001115
2.963000 2.775000 0.001104
3.038000 2.775000 0.001093
3.113000 2.775000 0.001083
3.188000 2.775000 0.001073
3.263000 2.775000 0.001064
3.338000 2.775000 0.001056
3.413000 2.775000 0.001049
3.488000 2.775000 0.001043
3.563000 2.775000 0.001039
3.638000 2.775000 0.001035
3.713000 2.775000 0.001033
3.788000 2.775000 0.001031
3.863000 2.775000 0.000000
-0.037500 2.925000 0.000000
0.037500 2.925000 0.000740
0.112500 2.925000 0.000741
0.187500 2.925000 0.000743
0.262500 2.925000 0.000746
0.337500 2.925000 0.000750
0.412500 2.925000 0.000755
0.487500 2.925000 0.000760
0.562500 2.925000 0.000767
0.637500 2.925000 0.000773
0.712500 2.925000 0.000780
0.787500 2.925000 0.000788
0.862500 2.925000 0.000795
0.937500 2.925000 0.000803
1.012000 2.925000 0.000811
1.087000 2.925000 0.000818
1.163000 2.925000 0.000825
1.238000 2.925000 0.000832
1.313000 2.925000 0.000838
1.388000 2.925000 0.000844
1.463000 2.925000 0.000848
1.538000 2.925000 0.000852
1.613000 2.925000 0.000855
1.688000 2.925000 0.000858
1.763000 2.925000 0.000859
1.838000 2.925000 0.000859
1.913000 2.925000 0.000858
1.988000 2.925000 0.000857
2.063000 2.925000 0.000854
2.138000 2.925000 0.000851
2.213000 2.925000 0.000846
2.288000 2.925000 0.000841
2.363000 2.925000 0.000835
2.438000 2.925000 0.000829
2.513000 2.925000 0.000822
2.588000 2.925000 0.000814
2.663000 2.925000 0.000807
2.738000 2.925000 0.000799
2.813000 2.925000 0.000791
2.888000 2.925000 0.000783
2.963000 2.925000 0.000776
3.038000 2.925000 0.000768
3.113000 2.925000 0.000761
3.188000 2.925000 0.000755
3.263000 2.925000 0.000749
3.338000 2.925000 0.000743
3.413000 2.925000 0.000739
3.488000 2.925000 0.000735
3.563000 2.925000 0.000732
3.638000 2.925000 0.000729
3.713000 2.925000 0.000728
3.788000 2.925000 0.000727
3.863000 2.925000 0.000000
-0.037500 3.075000 0.000000
0.037500 3.075000 0.000451
0.112500 3.075000 0.000452
0.187500 3.075000 0.000453
0.262500 3.075000 0.000454
0.337500 3.075000 0.000457
0.412500 3.075000 0.000460
0.487500 3.075000 0.000463
0.562500 3.075000 0.000466
0.637500 3.075000 0.000470
0.712500 3.075000 0.000474
0.787500 3.075000 0.000479
0.862500 3.075000 0.000483
0.937500 3.075000 0.000487
1.012000 3.075000 0.000492
1.087000 3.075000 0.000496
1.163000 3.075000 0.000500
1.238000 3.075000 0.000504
1.313000 3.075000 0.000508
1.388000 3.075000 0.000511
1.463000 3.075000 0.000513
1.538000 3.075000 0.000516
1.613000 3.075000 0.000517
1.688000 3.075000 0.000519
1.763000 3.075000 0.000519
1.838000 3.075000 0.000519
1.913000 3.075000 0.000519
1.988000 3.075000 0.000518
2.063000 3.075000 0.000516
2.138000 3.075000 0.000515
2.213000 3.075000 0.000512
2.288000 3.075000 0.000509
2.363000 3.075000 0.000506
2.438000 3.075000 0.000502
2.513000 3.075000 0.000498
2.588000 3.075000 0.000493
2.663000 3.075000 0.000489
2.738000 3.075000 0.000484
2.813000 3.075000 0.000480
2.888000 3.075000 0.000475
2.963000 3.075000 0.000471
3.038000 3.075000 0.000467
3.113000 3.075000 0.000463
3.188000 3.075000 0.000459
3.263000 3.075000 0.000455
3.338000 3.075000 0.000452
3.413000 3.075000 0.000450
3.488000 3.075000 0.000447
3.563000 3.075000 0.000446
3.638000 3.075000 0.000444
3.713000 3.075000 0.000443
3.788000 3.075000 0.000443
3.863000 3.075000 0.000000
-0.037500 3.225000 0.000000
0.037500 3.225000 0.000273
0.112500 3.225000 0.000273
0.187500 3.225000 0.000274
0.262500 3.225000 0.000275
0.337500 3.225000 0.000276
0.412500 3.225000 0.000278
0.487500 3.225000 0.000279
0.562500 3.225000 0.000281
0.637500 3.225000 0.000284
0.712500 3.225000 0.000286
0.787500 3.225000 0.000289
0.862500 3.225000 0.000291
0.937500 3.225000 0.000294
1.012000 3.225000 0.000296
1.087000 3.225000 0.000299
1.163000 3.225000 0.000301
1.238000 3.225000 0.000303
1.313000 3.225000 0.000305
1.388000 3.225000 0.000307
1.463000 3.225000 0.000308
1.538000 3.225000 0.000310
1.613000 3.225000 0.000311
1.688000 3.225000 0.000312
1.763000 3.225000 0.000312
1.838000 3.225000 0.000312
1.913000 3.225000 0.000312
1.988000 3.225000 0.000311
2.063000 3.225000 0.000310
2.138000 3.225000 0.000309
2.213000 3.225000 0.000308
2.288000 3.225000 0.000306
2.363000 3.225000 0.000304
2.438000 3.225000 0.000302
2.513000 3.225000 0.000299
2.588000 3.225000 0.000297
2.663000 3.225000 0.000294
2.738000 3.225000 0.000292
2.813000 3.225000 0.000289
2.888000 3.225000 0.000286
2.963000 3.225000 0.000284
3.038000 3.225000 0.000281
3.113000 3.225000 0.000279
3.188000 3.225000 0.000277
3.263000 3.225000 0.000275
3.338000 3.225000 0.000273
3.413000 3.225000 0.000272
3.488000 3.225000 0.000270
3.563000 3.225000 0.000269
3.638000 3.225000 0.000269
3.713000 3.225000 0.000268
3.788000 3.225000 0.000268
3.863000 3.225000 0.000000
-0.037500 3.375000 0.000000
0.037500 3.375000 0.000164
0.112500 3.375000 0.000164
0.187500 3.375000 0.000164
0.262500 3.375000 0.000165
0.337500 3.375000 0.000165
0.412500 3.375000 0.000166
0.487500 3.375000 0.000167
0.562500 3.375000 0.000169
0.637500 3.375000 0.000170
0.712500 3.375000 0.000171
0.787500 3.375000 0.000173
0.862500 3.375000 0.000174
0.937500 3.375000 0.000176
1.012000 3.375000 0.000177
1.087000 3.375000 0.000178
1.163000 3.375000 0.000180
1.238000 3.375000 0.000181
1.313000 3.375000 0.000182
1.388000 3.375000 0.000183
1.463000 3.375000 0.000184
1.538000 3.375000 0.000185
1.613000 3.375000 0.000185
1.688000 3.375000 0.000186
1.763000 3.375000 0.000186
1.838000 3.375000 0.000186
1.913000 3.375000 0.000186
1.988000 3.375000 0.000186
2.063000 3.375000 0.000185
2.138000 3.375000 0.000184
2.213000 3.375000 0.000183
2.288000 3.375000 0.000182
2.363000 3.375000 0.000181
2.438000 3.375000 0.000180
2.513000 3.375000 0.000179
2.588000 3.375000 0.000177
2.663000 3.375000 0.000176
2.738000 3.375000 0.000174
2.813000 3.375000 0.000173
2.888000 3.375000 0.000171
2.963000 3.375000 0.000170
3.038000 3.375000 0.000168
3.113000 3.375000 0.000167
3.188000 3.375000 0.000166
3.263000 3.375000 0.000165
3.338000 3.375000 0.000164
3.413000 3.375000 0.000163
3.488000 3.375000 0.000162
3.563000 3.375000 0.000161
3.638000 3.375000 0.000161
3.713000 3.375000 0.000161
3.788000 3.375000 0.000161
3.863000 3.375000 0.000000
-0.037500 3.525000 0.000000
0.037500 3.525000 0.000097
0.112500 3.525000 0.000098
0.187500 3.525000 0.000098
0.262500 3.525000 0.000098
0.337500 3.525000 0.000098
0.412500 3.525000 0.000099
0.487500 3.525000 0.000100
0.562500 3.525000 0.000100
0.637500 3.525000 0.000101
0.712500 3.525000 0.000102
0.787500 3.525000 0.000103
0.862500 3.525000 0.000103
0.937500 3.525000 0.000104
1.012000 3.525000 0.000105
1.087000 3.525000 0.000106
1.163000 3.525000 0.000107
1.238000 3.525000 0.000107
1.313000 3.525000 0.000108
1.388000 3.525000 0.000108
1.463000 3.525000 0.000109
1.538000 3.525000 0.000109
1.613000 3.525000 0.000110
1.688000 3.525000 0.000110
1.763000 3.525000 0.000110
1.838000 3.525000 0.000110
1.913000 3.525000 0.000110
1.988000 3.525000 0.000110
2.063000 3.525000 0.000109
2.138000 3.525000 0.000109
2.213000 3.525000 0.000109
2.288000 3.525000 0.000108
2.363000 3.525000 0.000107
2.438000 3.525000 0.000107
2.513000 3.525000 0.000106
2.588000 3.525000 0.000105
2.663000 3.525000 0.000104
2.738000 3.525000 0.000103
2.813000 3.525000 0.000103
2.888000 3.525000 0.000102
2.963000 3.525000 0.000101
3.038000 3.525000 0.000100
3.113000 3.525000 0.000099
3.188000 3.525000 0.000099
3.263000 3.525000 0.000098
3.338000 3.525000 0.000097
3.413000 3.525000 0.000097
3.488000 3.525000 0.000096
3.563000 3.525000 0.000096
3.638000 3.525000 0.000096
3.713000 3.525000 0.000096
3.788000 3.525000 0.000096
3.863000 3.525000 0.000000
-0.037500 3.675000 0.000000
0.037500 3.675000 0.000058
0.112500 3.675000 0.000058
0.187500 3.675000 0.000058
0.262500 3.675000 0.000058
0.337500 3.675000 0.000058
0.412500 3.675000 0.000058
0.487500 3.675000 0.000059
0.562500 3.675000 0.000059
0.637500 3.675000 0.000059
0.712500 3.675000 0.000060
0.787500 3.675000 0.000060
0.862500 3.675000 0.000061
0.937500 3.675000 0.000061
1.012000 3.675000 0.000062
1.087000 3.675000 0.000062
1.163000 3.675000 0.000063
1.238000 3.675000 0.000063
1.313000 3.675000 0.000063
1.388000 3.675000 0.000064
1.463000 3.675000 0.000064
1.538000 3.675000 0.000064
1.613000 3.675000 0.000064
1.688000 3.675000 0.000065
1.763000 3.675000 0.000065
1.838000 3.675000 0.000065
1.913000 3.675000 0.000065
1.988000 3.675000 0.000064
2.063000 3.675000 0.000064
2.138000 3.675000 0.000064
2.213000 3.675000 0.000064
2.288000 3.675000 0.000063
2.363000 3.675000 0.000063
2.438000 3.675000 0.000063
2.513000 3.675000 0.000062
2.588000 3.675000 0.000062
2.663000 3.675000 0.000061
2.738000 3.675000 0.000061
2.813000 3.675000 0.000060
2.888000 3.675000 0.000060
2.963000 3.675000 0.000059
3.038000 3.675000 0.000059
3.113000 3.675000 0.000059
3.188000 3.675000 0.000058
3.263000 3.675000 0.000058
3.338000 3.675000 0.000057
3.413000 3.675000 0.000057
3.488000 3.675000 0.000057
3.563000 3.675000 0.000057
3.638000 3.675000 0.000057
3.713000 3.675000 0.000056
3.788000 3.675000 0.000056
3.863000 3.675000 0.000000
-0.037500 3.825000 0.000000
0.037500 3.825000 0.000034
0.112500 3.825000 0.000034
0.187500 3.825000 0.000034
0.262500 3.825000 0.000034
0.337500 3.825000 0.000034
0.412500 3.825000 0.000034
0.487500 3.825000 0.000034
0.562500 3.825000 0.000035
0.637500 3.825000 0.000035
0.712500 3.825000 0.000035
0.787500 3.825000 0.000035
0.862500 3.825000 0.000036
0.937500 3.825000 0.000036
1.012000 3.825000 0.000036
1.087000 3.825000 0.000036
1.163000 3.825000 0.000037
1.238000 3.825000 0.000037
1.313000 3.825000 0.000037
1.388000 3.825000 0.000037
1.463000 3.825000 0.000037
1.538000 3.825000 0.000037
1.613000 3.825000 0.000038
1.688000 3.825000 0.000038
1.763000 3.825000 0.000038
1.838000 3.825000 0.000038
1.913000 3.825000 0.000038
1.988000 3.825000 0.000038
2.063000 3.825000 0.000037
2.138000 3.825000 0.000037
2.213000 3.825000 0.000037
2.288000 3.825000 0.000037
2.363000 3.825000 0.000037
2.438000 3.825000 0.000037
2.513000 3.825000 0.000036
2.588000 3.825000 0.000036
2.663000 3.825000 0.000036
2.738000 3.825000 0.000036
2.813000 3.825000 0.000035
2.888000 3.825000 0.000035
2.963000 3.825000 0.000035
3.038000 3.825000 0.000034
3.113000 3.825000 0.000034
3.188000 3.825000 0.000034
3.263000 3.825000 0.000034
3.338000 3.825000 0.000034
3.413000 3.825000 0.000033
3.488000 3.825000 0.000033
3.563000 3.825000 0.000033
3.638000 3.825000 0.000033
3.713000 3.825000 0.000033
3.788000 3.825000 0.000033
3.863000 3.825000 0.000000
-0.037500 3.975000 0.000000
0.037500 3.975000 0.000019
0.112500 3.975000 0.000020
0.187500 3.975000 0.000020
0.262500 3.975000 0.000020
0.337500 3.975000 0.000020
0.412500 3.975000 0.000020
0.487500 3.975000 0.000020
0.562500 3.975000 0.000020
0.637500 3.975000 0.000020
0.712500 3.975000 0.000020
0.787500 3.975000 0.000020
0.862500 3.975000 0.000021
0.937500 3.975000 0.000021
1.012000 3.975000 0.000021
1.087000 3.975000 0.000021
1.163000 3.975000 0.000021
1.238000 3.975000 0.000021
1.313000 3.975000 0.000021
1.388000 3.975000 0.000021
1.463000 3.975000 0.000022
1.538000 3.975000 0.000022
1.613000 3.975000 0.000022
1.688000 3.975000 0.000022
1.763000 3.975000 0.000022
1.838000 3.975000 0.000022
1.913000 3.975000 0.000022
1.988000 3.975000 0.000022
2.063000 3.975000 0.000022
2.138000 3.975000 0.000022
2.213000 3.975000 0.000021
2.288000 3.975000 0.000021
2.363000 3.975000 0.000021
2.438000 3.975000 0.000021
2.513000 3.975000 0.000021
2.588000 3.975000 0.000021
2.663000 3.975000 0.000021
2.738000 3.975000 0.000021
2.813000 3.975000 0.000020
2.888000 3.975000 0.000020
2.963000 3.975000 0.000020
3.038000 3.975000 0.000020
3.113000 3.975000 0.000020
3.188000 3.975000 0.000020
3.263000 3.975000 0.000020
3.338000 3.975000 0.000019
3.413000 3.975000 0.000019
3.488000 3.975000 0.000019
3.563000 3.975000 0.000019
3.638000 3.975000 0.000019
3.713000 3.975000 0.000019
3.788000 3.975000 0.000019
3.863000 3.975000 0.000000
-0.037500 4.125000 0.000000
0.037500 4.125000 0.000011
0.112500 4.125000 0.000011
0.187500 4.125000 0.000011
0.262500 4.125000 0.000011
0.337500 4.125000 0.000011
0.412500 4.125000 0.000011
0.487500 4.125000 0.000011
0.562500 4.125000 0.000011
0.637500 4.125000 0.000012
0.712500 4.125000 0.000012
0.787500 4.125000 0.000012
0.862500 4.125000 0.000012
0.937500 4.125000 0.000012
1.012000 4.125000 0.000012
1.087000 4.125000 0.000012
1.163000 4.125000 0.000012
1.238000 4.125000 0.000012
1.313000 4.125000 0.000012
1.388000 4.125000 0.000012
1.463000 4.125000 0.000012
1.538000 4.125000 0.000012
1.613000 4.125000 0.000012
1.688000 4.125000 0.000012
1.763000 4.125000 0.000012
1.838000 4.125000 0.000012
1.913000 4.125000 0.000012
1.988000 4.125000 0.000012
2.063000 4.125000 0.000012
2.138000 4.125000 0.000012
2.213000 4.125000 0.000012
2.288000 4.125000 0.000012
2.363000 4.125000 0.000012
2.438000 4.125000 0.000012
2.513000 4.125000 0.000012
2.588000 4.125000 0.000012
2.663000 4.125000 0.000012
2.738000 4.125000 0.000012
2.813000 4.125000 0.000012
2.888000 4.125000 0.000012
2.963000 4.125000 0.000012
3.038000 4.125000 0.000011
3.113000 4.125000 0.000011
3.188000 4.125000 0.000011
3.263000 4.125000 0.000011
3.338000 4.125000 0.000011
3.413000 4.125000 0.000011
3.488000 4.125000 0.000011
3.563000 4.125000 0.000011
3.638000 4.125000 0.000011
3.713000 4.125000 0.000011
3.788000 4.125000 0.000011
3.863000 4.125000 0.000000
-0.037500 4.275000 0.000000
0.037500 4.275000 0.000006
0.112500 4.275000 0.000006
0.187500 4.275000 0.000006
0.262500 4.275000 0.000006
0.337500 4.275000 0.000006
0.412500 4.275000 0.000006
0.487500 4.275000 0.000006
0.562500 4.275000 0.000007
0.637500 4.275000 0.000007
0.712500 4.275000 0.000007
0.787500 4.275000 0.000007
0.862500 4.275000 0.000007
0.937500 4.275000 0.000007
1.012000 4.275000 0.000007
1.087000 4.275000 0.000007
1.163000 4.275000 0.000007
1.238000 4.275000 0.000007
1.313000 4.275000 0.000007
1.388000 4.275000 0.000007
1.463000 4.275000 0.000007
1.538000 4.275000 0.000007
1.613000 4.275000 0.000007
1.688000 4.275000 0.000007
1.763000 4.275000 0.000007
1.838000 4.275000 0.000007
1.913000 4.275000 0.000007
1.988000 4.275000 0.000007
2.063000 4.275000 0.000007
2.138000 4.275000 0.000007
2.213000 4.275000 0.000007
2.288000 4.275000 0.000007
2.363000 4.275000 0.000007
2.438000 4.275000 0.000007
2.513000 4.275000 0.000007
2.588000 4.275000 0.000007
2.663000 4.275000 0.000007
2.738000 4.275000 0.000007
2.813000 4.275000 0.000007
2.888000 4.275000 0.000007
2.963000 4.275000 0.000007
3.038000 4.275000 0.000007
3.113000 4.275000 0.000006
3.188000 4.275000 0.000006
3.263000 4.275000 0.000006
3.338000 4.275000 0.000006
3.413000 4.275000 0.000006
3.488000 4.275000 0.000006
3.563000 4.275000 0.000006
3.638000 4.275000 0.000006
3.713000 4.275000 0.000006
3.788000 4.275000 0.000006
3.863000 4.275000 0.000000
-0.037500 4.425000 0.000000
0.037500 4.425000 0.000004
0.112500 4.425000 0.000004
0.187500 4.425000 0.000004
0.262500 4.425000 0.000004
0.337500 4.425000 0.000004
0.412500 4.425000 0.000004
0.487500 4.425000 0.000004
0.562500 4.425000 0.000004
0.637500 4.425000 0.000004
0.712500 4.425000 0.000004
0.787500 4.425000 0.000004
0.862500 4.425000 0.000004
0.937500 4.425000 0.000004
1.012000 4.425000 0.000004
1.087000 4.425000 0.000004
1.163000 4.425000 0.000004
1.238000 4.425000 0.000004
1.313000 4.425000 0.000004
1.388000 4.425000 0.000004
1.463000 4.425000 0.000004
1.538000 4.425000 0.000004
1.613000 4.425000 0.000004
1.688000 4.425000 0.000004
1.763000 4.425000 0.000004
1.838000 4.425000 0.000004
1.913000 4.425000 0.000004
1.988000 4.425000 0.000004
2.063000 4.425000 0.000004
2.138000 4.425000 0.000004
2.213000 4.425000 0.000004
2.288000 4.425000 0.000004
2.363000 4.425000 0.000004
2.438000 4.425000 0.000004
2.513000 4.425000 0.000004
2.588000 4.425000 0.000004
2.663000 4.425000 0.000004
2.738000 4.425000 0.000004
2.813000 4.425000 0.000004
2.888000 4.425000 0.000004
2.963000 4.425000 0.000004
3.038000 4.425000 0.000004
3.113000 4.425000 0.000004
3.188000 4.425000 0.000004
3.263000 4.425000 0.000004
3.338000 4.425000 0.000004
3.413000 4.425000 0.000004
3.488000 4.425000 0.000004
3.563000 4.425000 0.000004
3.638000 4.425000 0.000004
3.713000 4.425000 0.000004
3.788000 4.425000 0.000004
3.863000 4.425000 0.000000
-0.037500 4.575000 0.000000
0.037500 4.575000 0.000002
0.112500 4.575000 0.000002
0.187500 4.575000 0.000002
0.262500 4.575000 0.000002
0.337500 4.575000 0.000002
0.412500 4.575000 0.000002
0.487500 4.575000 0.000002
0.562500 4.575000 0.000002
0.637500 4.575000 0.000002
0.712500 4.575000 0.000002
0.787500 4.575000 0.000002
0.862500 4.575000 0.000002
0.937500 4.575000 0.000002
1.012000 4.575000 0.000002
1.087000 4.575000 0.000002
1.163000 4.575000 0.000002
1.238000 4.575000 0.000002
1.313000 4.575000 0.000002
1.388000 4.575000 0.000002
1.463000 4.575000 0.000002
1.538000 4.575000 0.000002
1.613000 4.575000 0.000002
1.688000 4.575000 0.000002
1.763000 4.575000 0.000002
1.838000 4.575000 0.000002
1.913000 4.575000 0.000002
1.988000 4.575000 0.000002
2.063000 4.575000 0.000002
2.138000 4.575000 0.000002
2.213000 4.575000 0.000002
2.288000 4.575000 0.000002
2.363000 4.575000 0.000002
2.438000 4.575000 0.000002
2.513000 4.575000 0.000002
2.588000 4.575000 0.000002
2.663000 4.575000 0.000002
2.738000 4.575000 0.000002
2.813000 4.575000 0.000002
2.888000 4.575000 0.000002
2.963000 4.575000 0.000002
3.038000 4.575000 0.000002
3.113000 4.575000 0.000002
3.188000 4.575000 0.000002
3.263000 4.575000 0.000002
3.338000 4.575000 0.000002
3.413000 4.575000 0.000002
3.488000 4.575000 0.000002
3.563000 4.575000 0.000002
3.638000 4.575000 0.000002
3.713000 4.575000 0.000002
3.788000 4.575000 0.000002
3.863000 4.575000 0.000000
-0.037500 4.725000 0.000000
0.037500 4.725000 0.000001
0.112500 4.725000 0.000001
0.187500 4.725000 0.000001
0.262500 4.725000 0.000001
0.337500 4.725000 0.000001
0.412500 4.725000 0.000001
0.487500 4.725000 0.000001
0.562500 4.725000 0.000001
0.637500 4.725000 0.000001
0.712500 4.725000 0.000001
0.787500 4.725000 0.000001
0.862500 4.725000 0.000001
0.937500 4.725000 0.000001
1.012000 4.725000 0.000001
1.087000 4.725000 0.000001
1.163000 4.725000 0.000001
1.238000 4.725000 0.000001
1.313000 4.725000 0.000001
1.388000 4.725000 0.000001
1.463000 4.725000 0.000001
1.538000 4.725000 0.000001
1.613000 4.725000 0.000001
1.688000 4.725000 0.000001
1.763000 4.725000 0.000001
1.838000 4.725000 0.000001
1.913000 4.725000 0.000001
1.988000 4.725000 0.000001
2.063000 4.725000 0.000001
2.138000 4.725000 0.000001
2.213000 4.725000 0.000001
2.288000 4.725000 0.000001
2.363000 4.725000 0.000001
2.438000 4.725000 0.000001
2.513000 4.725000 0.000001
2.588000 4.725000 0.000001
2.663000 4.725000 0.000001
2.738000 4.725000 0.000001
2.813000 4.725000 0.000001
2.888000 4.725000 0.000001
2.963000 4.725000 0.000001
3.038000 4.725000 0.000001
3.113000 4.725000 0.000001
3.188000 4.725000 0.000001
3.263000 4.725000 0.000001
3.338000 4.725000 0.000001
3.413000 4.725000 0.000001
3.488000 4.725000 0.000001
3.563000 4.725000 0.000001
3.638000 4.725000 0.000001
3.713000 4.725000 0.000001
3.788000 4.725000 0.000001
3.863000 4.725000 0.000000
-0.037500 4.875000 0.000000
0.037500 4.875000 0.000001
0.112500 4.875000 0.000001
0.187500 4.875000 0.000001
0.262500 4.875000 0.000001
0.337500 4.875000 0.000001
0.412500 4.875000 0.000001
0.487500 4.875000 0.000001
0.562500 4.875000 0.000001
0.637500 4.875000 0.000001
0.712500 4.875000 0.000001
0.787500 4.875000 0.000001
0.862500 4.875000 0.000001
0.937500 4.875000 0.000001
1.012000 4.875000 0.000001
1.087000 4.875000 0.000001
1.163000 4.875000 0.000001
1.238000 4.875000 0.000001
1.313000 4.875000 0.000001
1.388000 4.875000 0.000001
1.463000 4.875000 0.000001
1.538000 4.875000 0.000001
1.613000 4.875000 0.000001
1.688000 4.875000 0.000001
1.763000 4.875000 0.000001
1.838000 4.875000 0.000001
1.913000 4.875000 0.000001
1.988000 4.875000 0.000001
2.063000 4.875000 0.000001
2.138000 4.875000 0.000001
2.213000 4.875000 0.000001
2.288000 4.875000 0.000001
2.363000 4.875000 0.000001
2.438000 4.875000 0.000001
2.513000 4.875000 0.000001
2.588000 4.875000 0.000001
2.663000 4.875000 0.000001
2.738000 4.875000 0.000001
2.813000 4.875000 0.000001
2.888000 4.875000 0.000001
2.963000 4.875000 0.000001
3.038000 4.875000 0.000001
3.113000 4.875000 0.000001
3.188000 4.875000 0.000001
3.263000 4.875000 0.000001
3.338000 4.875000 0.000001
3.413000 4.875000 0.000001
3.488000 4.875000 0.000001
3.563000 4.875000 0.000001
3.638000 4.875000 0.000001
3.713000 4.875000 0.000001
3.788000 4.875000 0.000001
3.863000 4.875000 0.000000
-0.037500 5.025000 0.000000
0.037500 5.025000 0.000001
0.112500 5.025000 0.000001
0.187500 5.025000 0.000001
0.262500 5.025000 0.000001
0.337500 5.025000 0.000001
0.412500 5.025000 0.000001
0.487500 5.025000 0.000001
0.562500 5.025000 0.000001
0.637500 5.025000 0.000001
0.712500 5.025000 0.000001
0.787500 5.025000 0.000001
0.862500 5.025000 0.000001
0.937500 5.025000 0.000001
1.012000 5.025000 0.000001
1.087000 5.025000 0.000001
1.163000 5.025000 0.000001
1.238000 5.025000 0.000001
1.313000 5.025000 0.000001
1.388000 5.025000 0.000001
1.463000 5.025000 0.000001
1.538000 5.025000 0.000001
1.613000 5.025000 0.000001
1.688000 5.025000 0.000001
1.763000 5.025000 0.000001
1.838000 5.025000 0.000001
1.913000 5.025000 0.000001
1.988000 5.025000 0.000001
2.063000 5.025000 0.000001
2.138000 5.025000 0.000001
2.213000 5.025000 0.000001
2.288000 5.025000 0.000001
2.363000 5.025000 0.000001
2.438000 5.025000 0.000001
2.513000 5.025000 0.000001
2.588000 5.025000 0.000001
2.663000 5.025000 0.000001
2.738000 5.025000 0.000001
2.813000 5.025000 0.000001
2.888000 5.025000 0.000001
2.963000 5.025000 0.000001
3.038000 5.025000 0.000001
3.113000 5.025000 0.000001
3.188000 5.025000 0.000001
3.263000 5.025000 0.000001
3.338000 5.025000 0.000001
3.413000 5.025000 0.000001
3.488000 5.025000 0.000001
3.563000 5.025000 0.000001
3.638000 5.025000 0.000000
3.713000 5.025000 0.000000
3.788000 5.025000 0.000000
3.863000 5.025000 0.000000
-0.037500 5.175000 0.000000
0.037500 5.175000 0.000000
0.112500 5.175000 0.000000
0.187500 5.175000 0.000000
0.262500 5.175000 0.000000
0.337500 5.175000 0.000000
0.412500 5.175000 0.000000
0.487500 5.175000 0.000000
0.562500 5.175000 0.000000
0.637500 5.175000 0.000000
0.712500 5.175000 0.000000
0.787500 5.175000 0.000000
0.862500 5.175000 0.000000
0.937500 5.175000 0.000000
1.012000 5.175000 0.000000
1.087000 5.175000 0.000000
1.163000 5.175000 0.000000
1.238000 5.175000 0.000000
1.313000 5.175000 0.000000
1.388000 5.175000 0.000000
1.463000 5.175000 0.000000
1.538000 5.175000 0.000000
1.613000 5.175000 0.000000
1.688000 5.175000 0.000000
1.763000 5.175000 0.000000
1.838000 5.175000 0.000000
1.913000 5.175000 0.000000
1.988000 5.175000 0.000000
2.063000 5.175000 0.000000
2.138000 5.175000 0.000000
2.213000 5.175000 0.000000
2.288000 5.175000 0.000000
2.363000 5.175000 0.000000
2.438000 5.175000 0.000000
2.513000 5.175000 0.000000
2.588000 5.175000 0.000000
2.663000 5.175000 0.000000
2.738000 5.175000 0.000000
2.813000 5.175000 0.000000
2.888000 5.175000 0.000000
2.963000 5.175000 0.000000
3.038000 5.175000 0.000000
3.113000 5.175000 0.000000
3.188000 5.175000 0.000000
3.263000 5.175000 0.000000
3.338000 5.175000 0.000000
3.413000 5.175000 0.000000
3.488000 5.175000 0.000000
3.563000 5.175000 0.000000
3.638000 5.175000 0.000000
3.713000 5.175000 0.000000
3.788000 5.175000 0.000000
3.863000 5.175000 0.000000
