-0.037500 -0.075000 0.000000
0.037500 -0.075000 0.000000
0.112500 -0.075000 0.000000
0.187500 -0.075000 0.000000
0.262500 -0.075000 0.000000
0.337500 -0.075000 0.000000
0.412500 -0.075000 0.000000
0.487500 -0.075000 0.000000
0.562500 -0.075000 0.000000
0.637500 -0.075000 0.000000
0.712500 -0.075000 0.000000
0.787500 -0.075000 0.000000
0.862500 -0.075000 0.000000
0.937500 -0.075000 0.000000
1.012000 -0.075000 0.000000
1.087000 -0.075000 0.000000
1.163000 -0.075000 0.000000
1.238000 -0.075000 0.000000
1.313000 -0.075000 0.000000
1.388000 -0.075000 0.000000
1.463000 -0.075000 0.000000
1.538000 -0.075000 0.000000
1.613000 -0.075000 0.000000
1.688000 -0.075000 0.000000
1.763000 -0.075000 0.000000
1.838000 -0.075000 0.000000
1.913000 -0.075000 0.000000
1.988000 -0.075000 0.000000
2.063000 -0.075000 0.000000
2.138000 -0.075000 0.000000
2.213000 -0.075000 0.000000
2.288000 -0.075000 0.000000
2.363000 -0.075000 0.000000
2.438000 -0.075000 0.000000
2.513000 -0.075000 0.000000
2.588000 -0.075000 0.000000
2.663000 -0.075000 0.000000
2.738000 -0.075000 0.000000
2.813000 -0.075000 0.000000
2.888000 -0.075000 0.000000
2.963000 -0.075000 0.000000
3.038000 -0.075000 0.000000
3.113000 -0.075000 0.000000
3.188000 -0.075000 0.000000
3.263000 -0.075000 0.000000
3.338000 -0.075000 0.000000
3.413000 -0.075000 0.000000
3.488000 -0.075000 0.000000
3.563000 -0.075000 0.000000
3.638000 -0.075000 0.000000
3.713000 -0.075000 0.000000
3.788000 -0.075000 0.000000
3.863000 -0.075000 0.000000
-0.037500 0.075000 0.000000
0.037500 0.075000 0.000110
0.112500 0.075000 0.000230
0.187500 0.075000 0.000340
0.262500 0.075000 0.000450
0.337500 0.075000 0.000570
0.412500 0.075000 0.000680
0.487500 0.075000 0.000790
0.562500 0.075000 0.000910
0.637500 0.075000 0.001020
0.712500 0.075000 0.001130
0.787500 0.075000 0.001240
0.862500 0.075000 0.001350
0.937500 0.075000 0.001460
1.012000 0.075000 0.001570
1.087000 0.075000 0.001670
1.163000 0.075000 0.001770
1.238000 0.075000 0.001870
1.313000 0.075000 0.001960
1.388000 0.075000 0.002040
1.463000 0.075000 0.002120
1.538000 0.075000 0.002190
1.613000 0.075000 0.002250
1.688000 0.075000 0.002300
1.763000 0.075000 0.002340
1.838000 0.075000 0.002370
1.913000 0.075000 0.002380
1.988000 0.075000 0.002380
2.063000 0.075000 0.002360
2.138000 0.075000 0.002340
2.213000 0.075000 0.002300
2.288000 0.075000 0.002260
2.363000 0.075000 0.002210
2.438000 0.075000 0.002150
2.513000 0.075000 0.002090
2.588000 0.075000 0.002020
2.663000 0.075000 0.001950
2.738000 0.075000 0.001890
2.813000 0.075000 0.001820
2.888000 0.075000 0.001750
2.963000 0.075000 0.001690
3.038000 0.075000 0.001630
3.113000 0.075000 0.001560
3.188000 0.075000 0.001510
3.263000 0.075000 0.001450
3.338000 0.075000 0.001390
3.413000 0.075000 0.001340
3.488000 0.075000 0.001290
3.563000 0.075000 0.001240
3.638000 0.075000 0.001200
3.713000 0.075000 0.001160
3.788000 0.075000 0.001110
3.863000 0.075000 0.000000
-0.037500 0.225000 0.000000
0.037500 0.225000 0.000110
0.112500 0.225000 0.000230
0.187500 0.225000 0.000340
0.262500 0.225000 0.000450
0.337500 0.225000 0.000570
0.412500 0.225000 0.000680
0.487500 0.225000 0.000790
0.562500 0.225000 0.000910
0.637500 0.225000 0.001020
0.712500 0.225000 0.001130
0.787500 0.225000 0.001240
0.862500 0.225000 0.001350
0.937500 0.225000 0.001460
1.012000 0.225000 0.001570
1.087000 0.225000 0.001670
1.163000 0.225000 0.001770
1.238000 0.225000 0.001870
1.313000 0.225000 0.001960
1.388000 0.225000 0.002040
1.463000 0.225000 0.002120
1.538000 0.225000 0.002190
1.613000 0.225000 0.002250
1.688000 0.225000 0.002300
1.763000 0.225000 0.002340
1.838000 0.225000 0.002370
1.913000 0.225000 0.002380
1.988000 0.225000 0.002380
2.063000 0.225000 0.002360
2.138000 0.225000 0.002340
2.213000 0.225000 0.002300
2.288000 0.225000 0.002260
2.363000 0.225000 0.002210
2.438000 0.225000 0.002150
2.513000 0.225000 0.002090
2.588000 0.225000 0.002020
2.663000 0.225000 0.001950
2.738000 0.225000 0.001890
2.813000 0.225000 0.001820
2.888000 0.225000 0.001750
2.963000 0.225000 0.001690
3.038000 0.225000 0.001630
3.113000 0.225000 0.001560
3.188000 0.225000 0.001510
3.263000 0.225000 0.001450
3.338000 0.225000 0.001390
3.413000 0.225000 0.001340
3.488000 0.225000 0.001290
3.563000 0.225000 0.001240
3.638000 0.225000 0.001200
3.713000 0.225000 0.001160
3.788000 0.225000 0.001110
3.863000 0.225000 0.000000
-0.037500 0.375000 0.000000
0.037500 0.375000 0.066500
0.112500 0.375000 0.066550
0.187500 0.375000 0.066620
0.262500 0.375000 0.066710
0.337500 0.375000 0.066810
0.412500 0.375000 0.066930
0.487500 0.375000 0.067050
0.562500 0.375000 0.067170
0.637500 0.375000 0.067300
0.712500 0.375000 0.067430
0.787500 0.375000 0.067560
0.862500 0.375000 0.067690
0.937500 0.375000 0.067810
1.012000 0.375000 0.067920
1.087000 0.375000 0.068030
1.163000 0.375000 0.068130
1.238000 0.375000 0.068210
1.313000 0.375000 0.068280
1.388000 0.375000 0.068330
1.463000 0.375000 0.068370
1.538000 0.375000 0.068390
1.613000 0.375000 0.068380
1.688000 0.375000 0.068360
1.763000 0.375000 0.068310
1.838000 0.375000 0.068250
1.913000 0.375000 0.068150
1.988000 0.375000 0.068040
2.063000 0.375000 0.067910
2.138000 0.375000 0.067750
2.213000 0.375000 0.067580
2.288000 0.375000 0.067390
2.363000 0.375000 0.067190
2.438000 0.375000 0.066980
2.513000 0.375000 0.066760
2.588000 0.375000 0.066540
2.663000 0.375000 0.066310
2.738000 0.375000 0.066080
2.813000 0.375000 0.065860
2.888000 0.375000 0.065640
2.963000 0.375000 0.065420
3.038000 0.375000 0.065220
3.113000 0.375000 0.065020
3.188000 0.375000 0.064840
3.263000 0.375000 0.064660
3.338000 0.375000 0.064510
3.413000 0.375000 0.064370
3.488000 0.375000 0.064250
3.563000 0.375000 0.064140
3.638000 0.375000 0.064060
3.713000 0.375000 0.064000
3.788000 0.375000 0.063970
3.863000 0.375000 0.000000
-0.037500 0.525000 0.000000
0.037500 0.525000 0.129300
0.112500 0.525000 0.129300
0.187500 0.525000 0.129400
0.262500 0.525000 0.129500
0.337500 0.525000 0.129500
0.412500 0.525000 0.129600
0.487500 0.525000 0.129700
0.562500 0.525000 0.129800
0.637500 0.525000 0.130000
0.712500 0.525000 0.130100
0.787500 0.525000 0.130200
0.862500 0.525000 0.130300
0.937500 0.525000 0.130400
1.012000 0.525000 0.130500
1.087000 0.525000 0.130600
1.163000 0.525000 0.130600
1.238000 0.525000 0.130700
1.313000 0.525000 0.130700
1.388000 0.525000 0.130700
1.463000 0.525000 0.130700
1.538000 0.525000 0.130600
1.613000 0.525000 0.130600
1.688000 0.525000 0.130400
1.763000 0.525000 0.130300
1.838000 0.525000 0.130100
1.913000 0.525000 0.130000
1.988000 0.525000 0.129700
2.063000 0.525000 0.129500
2.138000 0.525000 0.129200
2.213000 0.525000 0.128900
2.288000 0.525000 0.128600
2.363000 0.525000 0.128300
2.438000 0.525000 0.128000
2.513000 0.525000 0.127600
2.588000 0.525000 0.127300
2.663000 0.525000 0.126900
2.738000 0.525000 0.126500
2.813000 0.525000 0.126200
2.888000 0.525000 0.125800
2.963000 0.525000 0.125500
3.038000 0.525000 0.125200
3.113000 0.525000 0.124900
3.188000 0.525000 0.124600
3.263000 0.525000 0.124400
3.338000 0.525000 0.124100
3.413000 0.525000 0.123900
3.488000 0.525000 0.123700
3.563000 0.525000 0.123600
3.638000 0.525000 0.123500
3.713000 0.525000 0.123400
3.788000 0.525000 0.123400
3.863000 0.525000 0.000000
-0.037500 0.675000 0.000000
0.037500 0.675000 0.166900
0.112500 0.675000 0.166900
0.187500 0.675000 0.167000
0.262500 0.675000 0.167000
0.337500 0.675000 0.167100
0.412500 0.675000 0.167100
0.487500 0.675000 0.167200
0.562500 0.675000 0.167300
0.637500 0.675000 0.167400
0.712500 0.675000 0.167500
0.787500 0.675000 0.167600
0.862500 0.675000 0.167600
0.937500 0.675000 0.167700
1.012000 0.675000 0.167800
1.087000 0.675000 0.167800
1.163000 0.675000 0.167800
1.238000 0.675000 0.167800
1.313000 0.675000 0.167800
1.388000 0.675000 0.167800
1.463000 0.675000 0.167700
1.538000 0.675000 0.167600
1.613000 0.675000 0.167500
1.688000 0.675000 0.167300
1.763000 0.675000 0.167100
1.838000 0.675000 0.166900
1.913000 0.675000 0.166600
1.988000 0.675000 0.166400
2.063000 0.675000 0.166100
2.138000 0.675000 0.165700
2.213000 0.675000 0.165400
2.288000 0.675000 0.165000
2.363000 0.675000 0.164600
2.438000 0.675000 0.164200
2.513000 0.675000 0.163800
2.588000 0.675000 0.163400
2.663000 0.675000 0.163000
2.738000 0.675000 0.162600
2.813000 0.675000 0.162100
2.888000 0.675000 0.161700
2.963000 0.675000 0.161400
3.038000 0.675000 0.161000
3.113000 0.675000 0.160600
3.188000 0.675000 0.160300
3.263000 0.675000 0.160000
3.338000 0.675000 0.159700
3.413000 0.675000 0.159500
3.488000 0.675000 0.159300
3.563000 0.675000 0.159100
3.638000 0.675000 0.159000
3.713000 0.675000 0.158900
3.788000 0.675000 0.158900
3.863000 0.675000 0.000000
-0.037500 0.825000 0.000000
0.037500 0.825000 0.183000
0.112500 0.825000 0.183000
0.187500 0.825000 0.183000
0.262500 0.825000 0.183100
0.337500 0.825000 0.183100
0.412500 0.825000 0.183200
0.487500 0.825000 0.183300
0.562500 0.825000 0.183300
0.637500 0.825000 0.183400
0.712500 0.825000 0.183500
0.787500 0.825000 0.183600
0.862500 0.825000 0.183600
0.937500 0.825000 0.183700
1.012000 0.825000 0.183700
1.087000 0.825000 0.183800
1.163000 0.825000 0.183800
1.238000 0.825000 0.183800
1.313000 0.825000 0.183700
1.388000 0.825000 0.183700
1.463000 0.825000 0.183600
1.538000 0.825000 0.183400
1.613000 0.825000 0.183300
1.688000 0.825000 0.183100
1.763000 0.825000 0.182900
1.838000 0.825000 0.182600
1.913000 0.825000 0.182400
1.988000 0.825000 0.182100
2.063000 0.825000 0.181700
2.138000 0.825000 0.181400
2.213000 0.825000 0.181000
2.288000 0.825000 0.180600
2.363000 0.825000 0.180200
2.438000 0.825000 0.179700
2.513000 0.825000 0.179300
2.588000 0.825000 0.178800
2.663000 0.825000 0.178400
2.738000 0.825000 0.178000
2.813000 0.825000 0.177500
2.888000 0.825000 0.177100
2.963000 0.825000 0.176700
3.038000 0.825000 0.176300
3.113000 0.825000 0.175900
3.188000 0.825000 0.175600
3.263000 0.825000 0.175200
3.338000 0.825000 0.175000
3.413000 0.825000 0.174700
3.488000 0.825000 0.174500
3.563000 0.825000 0.174300
3.638000 0.825000 0.174200
3.713000 0.825000 0.174100
3.788000 0.825000 0.174100
3.863000 0.825000 0.000000
-0.037500 0.975000 0.000000
0.037500 0.975000 0.196100
0.112500 0.975000 0.196100
0.187500 0.975000 0.196200
0.262500 0.975000 0.196200
0.337500 0.975000 0.196300
0.412500 0.975000 0.196300
0.487500 0.975000 0.196400
0.562500 0.975000 0.196500
0.637500 0.975000 0.196500
0.712500 0.975000 0.196600
0.787500 0.975000 0.196700
0.862500 0.975000 0.196700
0.937500 0.975000 0.196800
1.012000 0.975000 0.196800
1.087000 0.975000 0.196800
1.163000 0.975000 0.196800
1.238000 0.975000 0.196800
1.313000 0.975000 0.196800
1.388000 0.975000 0.196700
1.463000 0.975000 0.196600
1.538000 0.975000 0.196500
1.613000 0.975000 0.196300
1.688000 0.975000 0.196100
1.763000 0.975000 0.195900
1.838000 0.975000 0.195600
1.913000 0.975000 0.195300
1.988000 0.975000 0.195000
2.063000 0.975000 0.194600
2.138000 0.975000 0.194200
2.213000 0.975000 0.193800
2.288000 0.975000 0.193400
2.363000 0.975000 0.192900
2.438000 0.975000 0.192500
2.513000 0.975000 0.192000
2.588000 0.975000 0.191500
2.663000 0.975000 0.191000
2.738000 0.975000 0.190600
2.813000 0.975000 0.190100
2.888000 0.975000 0.189600
2.963000 0.975000 0.189200
3.038000 0.975000 0.188800
3.113000 0.975000 0.188400
3.188000 0.975000 0.188000
3.263000 0.975000 0.187700
3.338000 0.975000 0.187400
3.413000 0.975000 0.187100
3.488000 0.975000 0.186900
3.563000 0.975000 0.186700
3.638000 0.975000 0.186600
3.713000 0.975000 0.186500
3.788000 0.975000 0.186500
3.863000 0.975000 0.000000
-0.037500 1.125000 0.000000
0.037500 1.125000 0.206200
0.112500 1.125000 0.206300
0.187500 1.125000 0.206300
0.262500 1.125000 0.206300
0.337500 1.125000 0.206400
0.412500 1.125000 0.206400
0.487500 1.125000 0.206500
0.562500 1.125000 0.206600
0.637500 1.125000 0.206700
0.712500 1.125000 0.206800
0.787500 1.125000 0.206800
0.862500 1.125000 0.206900
0.937500 1.125000 0.206900
1.012000 1.125000 0.207000
1.087000 1.125000 0.207000
1.163000 1.125000 0.207000
1.238000 1.125000 0.207000
1.313000 1.125000 0.206900
1.388000 1.125000 0.206800
1.463000 1.125000 0.206700
1.538000 1.125000 0.206600
1.613000 1.125000 0.206400
1.688000 1.125000 0.206200
1.763000 1.125000 0.205900
1.838000 1.125000 0.205600
1.913000 1.125000 0.205300
1.988000 1.125000 0.205000
2.063000 1.125000 0.204600
2.138000 1.125000 0.204200
2.213000 1.125000 0.203800
2.288000 1.125000 0.203300
2.363000 1.125000 0.202800
2.438000 1.125000 0.202300
2.513000 1.125000 0.201800
2.588000 1.125000 0.201300
2.663000 1.125000 0.200800
2.738000 1.125000 0.200300
2.813000 1.125000 0.199800
2.888000 1.125000 0.199300
2.963000 1.125000 0.198900
3.038000 1.125000 0.198400
3.113000 1.125000 0.198000
3.188000 1.125000 0.197600
3.263000 1.125000 0.197300
3.338000 1.125000 0.197000
3.413000 1.125000 0.196700
3.488000 1.125000 0.196400
3.563000 1.125000 0.196200
3.638000 1.125000 0.196100
3.713000 1.125000 0.196000
3.788000 1.125000 0.196000
3.863000 1.125000 0.000000
-0.037500 1.275000 0.000000
0.037500 1.275000 0.220300
0.112500 1.275000 0.220300
0.187500 1.275000 0.220300
0.262500 1.275000 0.220400
0.337500 1.275000 0.220500
0.412500 1.275000 0.220500
0.487500 1.275000 0.220600
0.562500 1.275000 0.220700
0.637500 1.275000 0.220800
0.712500 1.275000 0.220900
0.787500 1.275000 0.221000
0.862500 1.275000 0.221100
0.937500 1.275000 0.221100
1.012000 1.275000 0.221200
1.087000 1.275000 0.221200
1.163000 1.275000 0.221300
1.238000 1.275000 0.221200
1.313000 1.275000 0.221200
1.388000 1.275000 0.221100
1.463000 1.275000 0.221000
1.538000 1.275000 0.220800
1.613000 1.275000 0.220700
1.688000 1.275000 0.220400
1.763000 1.275000 0.220200
1.838000 1.275000 0.219800
1.913000 1.275000 0.219500
1.988000 1.275000 0.219100
2.063000 1.275000 0.218700
2.138000 1.275000 0.218200
2.213000 1.275000 0.217800
2.288000 1.275000 0.217300
2.363000 1.275000 0.216700
2.438000 1.275000 0.216200
2.513000 1.275000 0.215600
2.588000 1.275000 0.215100
2.663000 1.275000 0.214500
2.738000 1.275000 0.213900
2.813000 1.275000 0.213400
2.888000 1.275000 0.212900
2.963000 1.275000 0.212300
3.038000 1.275000 0.211800
3.113000 1.275000 0.211400
3.188000 1.275000 0.210900
3.263000 1.275000 0.210500
3.338000 1.275000 0.210200
3.413000 1.275000 0.209900
3.488000 1.275000 0.209600
3.563000 1.275000 0.209400
3.638000 1.275000 0.209200
3.713000 1.275000 0.209100
3.788000 1.275000 0.209100
3.863000 1.275000 0.000000
-0.037500 1.425000 0.000000
0.037500 1.425000 0.232400
0.112500 1.425000 0.232400
0.187500 1.425000 0.232500
0.262500 1.425000 0.232500
0.337500 1.425000 0.232600
0.412500 1.425000 0.232700
0.487500 1.425000 0.232800
0.562500 1.425000 0.232900
0.637500 1.425000 0.233000
0.712500 1.425000 0.233100
0.787500 1.425000 0.233200
0.862500 1.425000 0.233300
0.937500 1.425000 0.233400
1.012000 1.425000 0.233500
1.087000 1.425000 0.233500
1.163000 1.425000 0.233500
1.238000 1.425000 0.233500
1.313000 1.425000 0.233500
1.388000 1.425000 0.233400
1.463000 1.425000 0.233300
1.538000 1.425000 0.233100
1.613000 1.425000 0.232900
1.688000 1.425000 0.232700
1.763000 1.425000 0.232400
1.838000 1.425000 0.232100
1.913000 1.425000 0.231700
1.988000 1.425000 0.231300
2.063000 1.425000 0.230800
2.138000 1.425000 0.230300
2.213000 1.425000 0.229800
2.288000 1.425000 0.229300
2.363000 1.425000 0.228700
2.438000 1.425000 0.228100
2.513000 1.425000 0.227500
2.588000 1.425000 0.226900
2.663000 1.425000 0.226300
2.738000 1.425000 0.225700
2.813000 1.425000 0.225100
2.888000 1.425000 0.224500
2.963000 1.425000 0.223900
3.038000 1.425000 0.223400
3.113000 1.425000 0.222900
3.188000 1.425000 0.222400
3.263000 1.425000 0.222000
3.338000 1.425000 0.221600
3.413000 1.425000 0.221300
3.488000 1.425000 0.221000
3.563000 1.425000 0.220800
3.638000 1.425000 0.220600
3.713000 1.425000 0.220500
3.788000 1.425000 0.220400
3.863000 1.425000 0.000000
-0.037500 1.575000 0.000000
0.037500 1.575000 0.236200
0.112500 1.575000 0.236300
0.187500 1.575000 0.236300
0.262500 1.575000 0.236400
0.337500 1.575000 0.236400
0.412500 1.575000 0.236500
0.487500 1.575000 0.236600
0.562500 1.575000 0.236700
0.637500 1.575000 0.236800
0.712500 1.575000 0.236900
0.787500 1.575000 0.237000
0.862500 1.575000 0.237100
0.937500 1.575000 0.237200
1.012000 1.575000 0.237300
1.087000 1.575000 0.237300
1.163000 1.575000 0.237400
1.238000 1.575000 0.237300
1.313000 1.575000 0.237300
1.388000 1.575000 0.237200
1.463000 1.575000 0.237100
1.538000 1.575000 0.236900
1.613000 1.575000 0.236700
1.688000 1.575000 0.236500
1.763000 1.575000 0.236200
1.838000 1.575000 0.235800
1.913000 1.575000 0.235400
1.988000 1.575000 0.235000
2.063000 1.575000 0.234600
2.138000 1.575000 0.234100
2.213000 1.575000 0.233500
2.288000 1.575000 0.233000
2.363000 1.575000 0.232400
2.438000 1.575000 0.231800
2.513000 1.575000 0.231200
2.588000 1.575000 0.230600
2.663000 1.575000 0.229900
2.738000 1.575000 0.229300
2.813000 1.575000 0.228700
2.888000 1.575000 0.228100
2.963000 1.575000 0.227500
3.038000 1.575000 0.227000
3.113000 1.575000 0.226500
3.188000 1.575000 0.226000
3.263000 1.575000 0.225500
3.338000 1.575000 0.225200
3.413000 1.575000 0.224800
3.488000 1.575000 0.224500
3.563000 1.575000 0.224300
3.638000 1.575000 0.224100
3.713000 1.575000 0.224000
3.788000 1.575000 0.223900
3.863000 1.575000 0.000000
-0.037500 1.725000 0.000000
0.037500 1.725000 0.232700
0.112500 1.725000 0.232800
0.187500 1.725000 0.232800
0.262500 1.725000 0.232900
0.337500 1.725000 0.232900
0.412500 1.725000 0.233000
0.487500 1.725000 0.233100
0.562500 1.725000 0.233200
0.637500 1.725000 0.233300
0.712500 1.725000 0.233400
0.787500 1.725000 0.233500
0.862500 1.725000 0.233500
0.937500 1.725000 0.233600
1.012000 1.725000 0.233700
1.087000 1.725000 0.233700
1.163000 1.725000 0.233700
1.238000 1.725000 0.233700
1.313000 1.725000 0.233600
1.388000 1.725000 0.233500
1.463000 1.725000 0.233400
1.538000 1.725000 0.233200
1.613000 1.725000 0.233000
1.688000 1.725000 0.232800
1.763000 1.725000 0.232500
1.838000 1.725000 0.232200
1.913000 1.725000 0.231800
1.988000 1.725000 0.231400
2.063000 1.725000 0.230900
2.138000 1.725000 0.230400
2.213000 1.725000 0.229900
2.288000 1.725000 0.229400
2.363000 1.725000 0.228800
2.438000 1.725000 0.228200
2.513000 1.725000 0.227600
2.588000 1.725000 0.227000
2.663000 1.725000 0.226400
2.738000 1.725000 0.225800
2.813000 1.725000 0.225200
2.888000 1.725000 0.224600
2.963000 1.725000 0.224100
3.038000 1.725000 0.223600
3.113000 1.725000 0.223100
3.188000 1.725000 0.222600
3.263000 1.725000 0.222200
3.338000 1.725000 0.221800
3.413000 1.725000 0.221500
3.488000 1.725000 0.221200
3.563000 1.725000 0.221000
3.638000 1.725000 0.220900
3.713000 1.725000 0.220700
3.788000 1.725000 0.220700
3.863000 1.725000 0.000000
-0.037500 1.875000 0.000000
0.037500 1.875000 0.223300
0.112500 1.875000 0.223300
0.187500 1.875000 0.223300
0.262500 1.875000 0.223400
0.337500 1.875000 0.223400
0.412500 1.875000 0.223500
0.487500 1.875000 0.223500
0.562500 1.875000 0.223600
0.637500 1.875000 0.223700
0.712500 1.875000 0.223800
0.787500 1.875000 0.223800
0.862500 1.875000 0.223900
0.937500 1.875000 0.223900
1.012000 1.875000 0.224000
1.087000 1.875000 0.224000
1.163000 1.875000 0.224000
1.238000 1.875000 0.223900
1.313000 1.875000 0.223900
1.388000 1.875000 0.223800
1.463000 1.875000 0.223600
1.538000 1.875000 0.223500
1.613000 1.875000 0.223200
1.688000 1.875000 0.223000
1.763000 1.875000 0.222700
1.838000 1.875000 0.222400
1.913000 1.875000 0.222000
1.988000 1.875000 0.221600
2.063000 1.875000 0.221200
2.138000 1.875000 0.220800
2.213000 1.875000 0.220300
2.288000 1.875000 0.219800
2.363000 1.875000 0.219300
2.438000 1.875000 0.218700
2.513000 1.875000 0.218200
2.588000 1.875000 0.217600
2.663000 1.875000 0.217100
2.738000 1.875000 0.216500
2.813000 1.875000 0.216000
2.888000 1.875000 0.215400
2.963000 1.875000 0.214900
3.038000 1.875000 0.214500
3.113000 1.875000 0.214000
3.188000 1.875000 0.213600
3.263000 1.875000 0.213200
3.338000 1.875000 0.212900
3.413000 1.875000 0.212600
3.488000 1.875000 0.212300
3.563000 1.875000 0.212100
3.638000 1.875000 0.212000
3.713000 1.875000 0.211900
3.788000 1.875000 0.211800
3.863000 1.875000 0.000000
-0.037500 2.025000 0.000000
0.037500 2.025000 0.209200
0.112500 2.025000 0.209300
0.187500 2.025000 0.209300
0.262500 2.025000 0.209300
0.337500 2.025000 0.209300
0.412500 2.025000 0.209400
0.487500 2.025000 0.209400
0.562500 2.025000 0.209500
0.637500 2.025000 0.209500
0.712500 2.025000 0.209600
0.787500 2.025000 0.209600
0.862500 2.025000 0.209600
0.937500 2.025000 0.209600
1.012000 2.025000 0.209600
1.087000 2.025000 0.209600
1.163000 2.025000 0.209600
1.238000 2.025000 0.209500
1.313000 2.025000 0.209400
1.388000 2.025000 0.209300
1.463000 2.025000 0.209200
1.538000 2.025000 0.209000
1.613000 2.025000 0.208800
1.688000 2.025000 0.208600
1.763000 2.025000 0.208300
1.838000 2.025000 0.208000
1.913000 2.025000 0.207700
1.988000 2.025000 0.207300
2.063000 2.025000 0.206900
2.138000 2.025000 0.206500
2.213000 2.025000 0.206100
2.288000 2.025000 0.205700
2.363000 2.025000 0.205200
2.438000 2.025000 0.204700
2.513000 2.025000 0.204200
2.588000 2.025000 0.203800
2.663000 2.025000 0.203300
2.738000 2.025000 0.202800
2.813000 2.025000 0.202300
2.888000 2.025000 0.201900
2.963000 2.025000 0.201400
3.038000 2.025000 0.201000
3.113000 2.025000 0.200600
3.188000 2.025000 0.200300
3.263000 2.025000 0.199900
3.338000 2.025000 0.199600
3.413000 2.025000 0.199400
3.488000 2.025000 0.199200
3.563000 2.025000 0.199000
3.638000 2.025000 0.198900
3.713000 2.025000 0.198800
3.788000 2.025000 0.198800
3.863000 2.025000 0.000000
-0.037500 2.175000 0.000000
0.037500 2.175000 0.192200
0.112500 2.175000 0.192200
0.187500 2.175000 0.192200
0.262500 2.175000 0.192200
0.337500 2.175000 0.192200
0.412500 2.175000 0.192200
0.487500 2.175000 0.192200
0.562500 2.175000 0.192200
0.637500 2.175000 0.192300
0.712500 2.175000 0.192300
0.787500 2.175000 0.192300
0.862500 2.175000 0.192300
0.937500 2.175000 0.192200
1.012000 2.175000 0.192200
1.087000 2.175000 0.192100
1.163000 2.175000 0.192100
1.238000 2.175000 0.192000
1.313000 2.175000 0.191900
1.388000 2.175000 0.191800
1.463000 2.175000 0.191600
1.538000 2.175000 0.191400
1.613000 2.175000 0.191200
1.688000 2.175000 0.191000
1.763000 2.175000 0.190800
1.838000 2.175000 0.190500
1.913000 2.175000 0.190200
1.988000 2.175000 0.189900
2.063000 2.175000 0.189600
2.138000 2.175000 0.189200
2.213000 2.175000 0.188900
2.288000 2.175000 0.188500
2.363000 2.175000 0.188100
2.438000 2.175000 0.187700
2.513000 2.175000 0.187300
2.588000 2.175000 0.186900
2.663000 2.175000 0.186500
2.738000 2.175000 0.186100
2.813000 2.175000 0.185700
2.888000 2.175000 0.185400
2.963000 2.175000 0.185000
3.038000 2.175000 0.184700
3.113000 2.175000 0.184400
3.188000 2.175000 0.184100
3.263000 2.175000 0.183800
3.338000 2.175000 0.183600
3.413000 2.175000 0.183400
3.488000 2.175000 0.183200
3.563000 2.175000 0.183100
3.638000 2.175000 0.183000
3.713000 2.175000 0.182900
3.788000 2.175000 0.182900
3.863000 2.175000 0.000000
-0.037500 2.325000 0.000000
0.037500 2.325000 0.179700
0.112500 2.325000 0.179700
0.187500 2.325000 0.179700
0.262500 2.325000 0.179700
0.337500 2.325000 0.179700
0.412500 2.325000 0.179700
0.487500 2.325000 0.179700
0.562500 2.325000 0.179700
0.637500 2.325000 0.179600
0.712500 2.325000 0.179600
0.787500 2.325000 0.179600
0.862500 2.325000 0.179600
0.937500 2.325000 0.179500
1.012000 2.325000 0.179400
1.087000 2.325000 0.179400
1.163000 2.325000 0.179300
1.238000 2.325000 0.179200
1.313000 2.325000 0.179100
1.388000 2.325000 0.178900
1.463000 2.325000 0.178800
1.538000 2.325000 0.178600
1.613000 2.325000 0.178400
1.688000 2.325000 0.178200
1.763000 2.325000 0.178000
1.838000 2.325000 0.177700
1.913000 2.325000 0.177500
1.988000 2.325000 0.177200
2.063000 2.325000 0.176900
2.138000 2.325000 0.176600
2.213000 2.325000 0.176300
2.288000 2.325000 0.176000
2.363000 2.325000 0.175600
2.438000 2.325000 0.175300
2.513000 2.325000 0.175000
2.588000 2.325000 0.174600
2.663000 2.325000 0.174300
2.738000 2.325000 0.174000
2.813000 2.325000 0.173600
2.888000 2.325000 0.173300
2.963000 2.325000 0.173000
3.038000 2.325000 0.172800
3.113000 2.325000 0.172500
3.188000 2.325000 0.172300
3.263000 2.325000 0.172000
3.338000 2.325000 0.171800
3.413000 2.325000 0.171700
3.488000 2.325000 0.171500
3.563000 2.325000 0.171400
3.638000 2.325000 0.171300
3.713000 2.325000 0.171300
3.788000 2.325000 0.171300
3.863000 2.325000 0.000000
-0.037500 2.475000 0.000000
0.037500 2.475000 0.173200
0.112500 2.475000 0.173200
0.187500 2.475000 0.173200
0.262500 2.475000 0.173200
0.337500 2.475000 0.173100
0.412500 2.475000 0.173100
0.487500 2.475000 0.173100
0.562500 2.475000 0.173100
0.637500 2.475000 0.173100
0.712500 2.475000 0.173100
0.787500 2.475000 0.173000
0.862500 2.475000 0.173000
0.937500 2.475000 0.172900
1.012000 2.475000 0.172900
1.087000 2.475000 0.172800
1.163000 2.475000 0.172700
1.238000 2.475000 0.172600
1.313000 2.475000 0.172500
1.388000 2.475000 0.172300
1.463000 2.475000 0.172200
1.538000 2.475000 0.172000
1.613000 2.475000 0.171800
1.688000 2.475000 0.171600
1.763000 2.475000 0.171400
1.838000 2.475000 0.171200
1.913000 2.475000 0.170900
1.988000 2.475000 0.170600
2.063000 2.475000 0.170400
2.138000 2.475000 0.170100
2.213000 2.475000 0.169800
2.288000 2.475000 0.169500
2.363000 2.475000 0.169200
2.438000 2.475000 0.168900
2.513000 2.475000 0.168500
2.588000 2.475000 0.168200
2.663000 2.475000 0.167900
2.738000 2.475000 0.167600
2.813000 2.475000 0.167300
2.888000 2.475000 0.167100
2.963000 2.475000 0.166800
3.038000 2.475000 0.166500
3.113000 2.475000 0.166300
3.188000 2.475000 0.166100
3.263000 2.475000 0.165900
3.338000 2.475000 0.165700
3.413000 2.475000 0.165500
3.488000 2.475000 0.165400
3.563000 2.475000 0.165300
3.638000 2.475000 0.165200
3.713000 2.475000 0.165200
3.788000 2.475000 0.165200
3.863000 2.475000 0.000000
-0.037500 2.625000 0.000000
0.037500 2.625000 0.166500
0.112500 2.625000 0.166500
0.187500 2.625000 0.166500
0.262500 2.625000 0.166500
0.337500 2.625000 0.166500
0.412500 2.625000 0.166500
0.487500 2.625000 0.166500
0.562500 2.625000 0.166500
0.637500 2.625000 0.166400
0.712500 2.625000 0.166400
0.787500 2.625000 0.166400
0.862500 2.625000 0.166300
0.937500 2.625000 0.166200
1.012000 2.625000 0.166200
1.087000 2.625000 0.166100
1.163000 2.625000 0.166000
1.238000 2.625000 0.165900
1.313000 2.625000 0.165800
1.388000 2.625000 0.165600
1.463000 2.625000 0.165500
1.538000 2.625000 0.165300
1.613000 2.625000 0.165100
1.688000 2.625000 0.164900
1.763000 2.625000 0.164700
1.838000 2.625000 0.164500
1.913000 2.625000 0.164300
1.988000 2.625000 0.164000
2.063000 2.625000 0.163800
2.138000 2.625000 0.163500
2.213000 2.625000 0.163200
2.288000 2.625000 0.162900
2.363000 2.625000 0.162600
2.438000 2.625000 0.162300
2.513000 2.625000 0.162000
2.588000 2.625000 0.161800
2.663000 2.625000 0.161500
2.738000 2.625000 0.161200
2.813000 2.625000 0.160900
2.888000 2.625000 0.160700
2.963000 2.625000 0.160400
3.038000 2.625000 0.160200
3.113000 2.625000 0.159900
3.188000 2.625000 0.159700
3.263000 2.625000 0.159600
3.338000 2.625000 0.159400
3.413000 2.625000 0.159300
3.488000 2.625000 0.159100
3.563000 2.625000 0.159000
3.638000 2.625000 0.159000
3.713000 2.625000 0.158900
3.788000 2.625000 0.158900
3.863000 2.625000 0.000000
-0.037500 2.775000 0.000000
0.037500 2.775000 0.159900
0.112500 2.775000 0.159900
0.187500 2.775000 0.159900
0.262500 2.775000 0.159900
0.337500 2.775000 0.159900
0.412500 2.775000 0.159800
0.487500 2.775000 0.159800
0.562500 2.775000 0.159800
0.637500 2.775000 0.159800
0.712500 2.775000 0.159700
0.787500 2.775000 0.159700
0.862500 2.775000 0.159600
0.937500 2.775000 0.159600
1.012000 2.775000 0.159500
1.087000 2.775000 0.159400
1.163000 2.775000 0.159300
1.238000 2.775000 0.159200
1.313000 2.775000 0.159100
1.388000 2.775000 0.159000
1.463000 2.775000 0.158800
1.538000 2.775000 0.158700
1.613000 2.775000 0.158500
1.688000 2.775000 0.158300
1.763000 2.775000 0.158100
1.838000 2.775000 0.157900
1.913000 2.775000 0.157700
1.988000 2.775000 0.157400
2.063000 2.775000 0.157200
2.138000 2.775000 0.156900
2.213000 2.775000 0.156600
2.288000 2.775000 0.156400
2.363000 2.775000 0.156100
2.438000 2.775000 0.155800
2.513000 2.775000 0.155500
2.588000 2.775000 0.155300
2.663000 2.775000 0.155000
2.738000 2.775000 0.154700
2.813000 2.775000 0.154500
2.888000 2.775000 0.154200
2.963000 2.775000 0.154000
3.038000 2.775000 0.153800
3.113000 2.775000 0.153600
3.188000 2.775000 0.153400
3.263000 2.775000 0.153200
3.338000 2.775000 0.153000
3.413000 2.775000 0.152900
3.488000 2.775000 0.152800
3.563000 2.775000 0.152700
3.638000 2.775000 0.152600
3.713000 2.775000 0.152600
3.788000 2.775000 0.152600
3.863000 2.775000 0.000000
-0.037500 2.925000 0.000000
0.037500 2.925000 0.146700
0.112500 2.925000 0.146700
0.187500 2.925000 0.146700
0.262500 2.925000 0.146700
0.337500 2.925000 0.146700
0.412500 2.925000 0.146700
0.487500 2.925000 0.146700
0.562500 2.925000 0.146700
0.637500 2.925000 0.146600
0.712500 2.925000 0.146600
0.787500 2.925000 0.146600
0.862500 2.925000 0.146500
0.937500 2.925000 0.146500
1.012000 2.925000 0.146400
1.087000 2.925000 0.146300
1.163000 2.925000 0.146200
1.238000 2.925000 0.146100
1.313000 2.925000 0.146000
1.388000 2.925000 0.145900
1.463000 2.925000 0.145800
1.538000 2.925000 0.145600
1.613000 2.925000 0.145500
1.688000 2.925000 0.145300
1.763000 2.925000 0.145100
1.838000 2.925000 0.144900
1.913000 2.925000 0.144700
1.988000 2.925000 0.144500
2.063000 2.925000 0.144200
2.138000 2.925000 0.144000
2.213000 2.925000 0.143700
2.288000 2.925000 0.143500
2.363000 2.925000 0.143200
2.438000 2.925000 0.143000
2.513000 2.925000 0.142700
2.588000 2.925000 0.142500
2.663000 2.925000 0.142200
2.738000 2.925000 0.142000
2.813000 2.925000 0.141700
2.888000 2.925000 0.141500
2.963000 2.925000 0.141300
3.038000 2.925000 0.141100
3.113000 2.925000 0.140900
3.188000 2.925000 0.140700
3.263000 2.925000 0.140500
3.338000 2.925000 0.140400
3.413000 2.925000 0.140300
3.488000 2.925000 0.140100
3.563000 2.925000 0.140100
3.638000 2.925000 0.140000
3.713000 2.925000 0.140000
3.788000 2.925000 0.139900
3.863000 2.925000 0.000000
-0.037500 3.075000 0.000000
0.037500 3.075000 0.127600
0.112500 3.075000 0.127600
0.187500 3.075000 0.127600
0.262500 3.075000 0.127600
0.337500 3.075000 0.127600
0.412500 3.075000 0.127600
0.487500 3.075000 0.127600
0.562500 3.075000 0.127600
0.637500 3.075000 0.127600
0.712500 3.075000 0.127500
0.787500 3.075000 0.127500
0.862500 3.075000 0.127500
0.937500 3.075000 0.127400
1.012000 3.075000 0.127300
1.087000 3.075000 0.127300
1.163000 3.075000 0.127200
1.238000 3.075000 0.127100
1.313000 3.075000 0.127000
1.388000 3.075000 0.126900
1.463000 3.075000 0.126800
1.538000 3.075000 0.126700
1.613000 3.075000 0.126500
1.688000 3.075000 0.126400
1.763000 3.075000 0.126200
1.838000 3.075000 0.126000
1.913000 3.075000 0.125800
1.988000 3.075000 0.125600
2.063000 3.075000 0.125400
2.138000 3.075000 0.125200
2.213000 3.075000 0.125000
2.288000 3.075000 0.124800
2.363000 3.075000 0.124600
2.438000 3.075000 0.124300
2.513000 3.075000 0.124100
2.588000 3.075000 0.123900
2.663000 3.075000 0.123700
2.738000 3.075000 0.123400
2.813000 3.075000 0.123200
2.888000 3.075000 0.123000
2.963000 3.075000 0.122800
3.038000 3.075000 0.122600
3.113000 3.075000 0.122500
3.188000 3.075000 0.122300
3.263000 3.075000 0.122200
3.338000 3.075000 0.122000
3.413000 3.075000 0.121900
3.488000 3.075000 0.121800
3.563000 3.075000 0.121800
3.638000 3.075000 0.121700
3.713000 3.075000 0.121700
3.788000 3.075000 0.121600
3.863000 3.075000 0.000000
-0.037500 3.225000 0.000000
0.037500 3.225000 0.109700
0.112500 3.225000 0.109700
0.187500 3.225000 0.109700
0.262500 3.225000 0.109700
0.337500 3.225000 0.109700
0.412500 3.225000 0.109700
0.487500 3.225000 0.109600
0.562500 3.225000 0.109600
0.637500 3.225000 0.109600
0.712500 3.225000 0.109600
0.787500 3.225000 0.109500
0.862500 3.225000 0.109500
0.937500 3.225000 0.109500
1.012000 3.225000 0.109400
1.087000 3.225000 0.109400
1.163000 3.225000 0.109300
1.238000 3.225000 0.109200
1.313000 3.225000 0.109100
1.388000 3.225000 0.109000
1.463000 3.225000 0.108900
1.538000 3.225000 0.108800
1.613000 3.225000 0.108700
1.688000 3.225000 0.108600
1.763000 3.225000 0.108400
1.838000 3.225000 0.108300
1.913000 3.225000 0.108100
1.988000 3.225000 0.107900
2.063000 3.225000 0.107800
2.138000 3.225000 0.107600
2.213000 3.225000 0.107400
2.288000 3.225000 0.107200
2.363000 3.225000 0.107000
2.438000 3.225000 0.106800
2.513000 3.225000 0.106600
2.588000 3.225000 0.106400
2.663000 3.225000 0.106200
2.738000 3.225000 0.106000
2.813000 3.225000 0.105800
2.888000 3.225000 0.105700
2.963000 3.225000 0.105500
3.038000 3.225000 0.105300
3.113000 3.225000 0.105200
3.188000 3.225000 0.105000
3.263000 3.225000 0.104900
3.338000 3.225000 0.104800
3.413000 3.225000 0.104700
3.488000 3.225000 0.104600
3.563000 3.225000 0.104600
3.638000 3.225000 0.104500
3.713000 3.225000 0.104500
3.788000 3.225000 0.104500
3.863000 3.225000 0.000000
-0.037500 3.375000 0.000000
0.037500 3.375000 0.093170
0.112500 3.375000 0.093170
0.187500 3.375000 0.093170
0.262500 3.375000 0.093170
0.337500 3.375000 0.093160
0.412500 3.375000 0.093150
0.487500 3.375000 0.093140
0.562500 3.375000 0.093130
0.637500 3.375000 0.093110
0.712500 3.375000 0.093090
0.787500 3.375000 0.093060
0.862500 3.375000 0.093030
0.937500 3.375000 0.092990
1.012000 3.375000 0.092950
1.087000 3.375000 0.092900
1.163000 3.375000 0.092840
1.238000 3.375000 0.092780
1.313000 3.375000 0.092710
1.388000 3.375000 0.092620
1.463000 3.375000 0.092530
1.538000 3.375000 0.092440
1.613000 3.375000 0.092330
1.688000 3.375000 0.092210
1.763000 3.375000 0.092090
1.838000 3.375000 0.091960
1.913000 3.375000 0.091820
1.988000 3.375000 0.091680
2.063000 3.375000 0.091530
2.138000 3.375000 0.091370
2.213000 3.375000 0.091210
2.288000 3.375000 0.091040
2.363000 3.375000 0.090880
2.438000 3.375000 0.090710
2.513000 3.375000 0.090540
2.588000 3.375000 0.090370
2.663000 3.375000 0.090200
2.738000 3.375000 0.090040
2.813000 3.375000 0.089890
2.888000 3.375000 0.089730
2.963000 3.375000 0.089590
3.038000 3.375000 0.089450
3.113000 3.375000 0.089320
3.188000 3.375000 0.089210
3.263000 3.375000 0.089100
3.338000 3.375000 0.089000
3.413000 3.375000 0.088920
3.488000 3.375000 0.088850
3.563000 3.375000 0.088790
3.638000 3.375000 0.088750
3.713000 3.375000 0.088720
3.788000 3.375000 0.088710
3.863000 3.375000 0.000000
-0.037500 3.525000 0.000000
0.037500 3.525000 0.078330
0.112500 3.525000 0.078330
0.187500 3.525000 0.078330
0.262500 3.525000 0.078320
0.337500 3.525000 0.078320
0.412500 3.525000 0.078310
0.487500 3.525000 0.078300
0.562500 3.525000 0.078290
0.637500 3.525000 0.078270
0.712500 3.525000 0.078250
0.787500 3.525000 0.078230
0.862500 3.525000 0.078200
0.937500 3.525000 0.078170
1.012000 3.525000 0.078130
1.087000 3.525000 0.078090
1.163000 3.525000 0.078040
1.238000 3.525000 0.077990
1.313000 3.525000 0.077920
1.388000 3.525000 0.077850
1.463000 3.525000 0.077780
1.538000 3.525000 0.077700
1.613000 3.525000 0.077600
1.688000 3.525000 0.077510
1.763000 3.525000 0.077400
1.838000 3.525000 0.077290
1.913000 3.525000 0.077170
1.988000 3.525000 0.077050
2.063000 3.525000 0.076920
2.138000 3.525000 0.076790
2.213000 3.525000 0.076660
2.288000 3.525000 0.076520
2.363000 3.525000 0.076380
2.438000 3.525000 0.076230
2.513000 3.525000 0.076090
2.588000 3.525000 0.075950
2.663000 3.525000 0.075810
2.738000 3.525000 0.075670
2.813000 3.525000 0.075540
2.888000 3.525000 0.075410
2.963000 3.525000 0.075290
3.038000 3.525000 0.075170
3.113000 3.525000 0.075070
3.188000 3.525000 0.074970
3.263000 3.525000 0.074880
3.338000 3.525000 0.074800
3.413000 3.525000 0.074730
3.488000 3.525000 0.074670
3.563000 3.525000 0.074620
3.638000 3.525000 0.074580
3.713000 3.525000 0.074550
3.788000 3.525000 0.074550
3.863000 3.525000 0.000000
-0.037500 3.675000 0.000000
0.037500 3.675000 0.065220
0.112500 3.675000 0.065220
0.187500 3.675000 0.065220
0.262500 3.675000 0.065220
0.337500 3.675000 0.065210
0.412500 3.675000 0.065210
0.487500 3.675000 0.065200
0.562500 3.675000 0.065190
0.637500 3.675000 0.065170
0.712500 3.675000 0.065160
0.787500 3.675000 0.065140
0.862500 3.675000 0.065110
0.937500 3.675000 0.065090
1.012000 3.675000 0.065050
1.087000 3.675000 0.065020
1.163000 3.675000 0.064980
1.238000 3.675000 0.064930
1.313000 3.675000 0.064880
1.388000 3.675000 0.064820
1.463000 3.675000 0.064750
1.538000 3.675000 0.064680
1.613000 3.675000 0.064610
1.688000 3.675000 0.064530
1.763000 3.675000 0.064440
1.838000 3.675000 0.064350
1.913000 3.675000 0.064250
1.988000 3.675000 0.064150
2.063000 3.675000 0.064040
2.138000 3.675000 0.063930
2.213000 3.675000 0.063810
2.288000 3.675000 0.063700
2.363000 3.675000 0.063580
2.438000 3.675000 0.063460
2.513000 3.675000 0.063340
2.588000 3.675000 0.063230
2.663000 3.675000 0.063110
2.738000 3.675000 0.062990
2.813000 3.675000 0.062880
2.888000 3.675000 0.062780
2.963000 3.675000 0.062680
3.038000 3.675000 0.062580
3.113000 3.675000 0.062490
3.188000 3.675000 0.062410
3.263000 3.675000 0.062330
3.338000 3.675000 0.062260
3.413000 3.675000 0.062200
3.488000 3.675000 0.062150
3.563000 3.675000 0.062110
3.638000 3.675000 0.062080
3.713000 3.675000 0.062060
3.788000 3.675000 0.062050
3.863000 3.675000 0.000000
-0.037500 3.825000 0.000000
0.037500 3.825000 0.053860
0.112500 3.825000 0.053860
0.187500 3.825000 0.053860
0.262500 3.825000 0.053860
0.337500 3.825000 0.053850
0.412500 3.825000 0.053850
0.487500 3.825000 0.053840
0.562500 3.825000 0.053830
0.637500 3.825000 0.053820
0.712500 3.825000 0.053800
0.787500 3.825000 0.053790
0.862500 3.825000 0.053770
0.937500 3.825000 0.053740
1.012000 3.825000 0.053720
1.087000 3.825000 0.053680
1.163000 3.825000 0.053650
1.238000 3.825000 0.053610
1.313000 3.825000 0.053570
1.388000 3.825000 0.053520
1.463000 3.825000 0.053460
1.538000 3.825000 0.053410
1.613000 3.825000 0.053340
1.688000 3.825000 0.053270
1.763000 3.825000 0.053200
1.838000 3.825000 0.053120
1.913000 3.825000 0.053040
1.988000 3.825000 0.052960
2.063000 3.825000 0.052870
2.138000 3.825000 0.052780
2.213000 3.825000 0.052680
2.288000 3.825000 0.052590
2.363000 3.825000 0.052490
2.438000 3.825000 0.052390
2.513000 3.825000 0.052300
2.588000 3.825000 0.052200
2.663000 3.825000 0.052100
2.738000 3.825000 0.052010
2.813000 3.825000 0.051920
2.888000 3.825000 0.051830
2.963000 3.825000 0.051740
3.038000 3.825000 0.051670
3.113000 3.825000 0.051590
3.188000 3.825000 0.051520
3.263000 3.825000 0.051460
3.338000 3.825000 0.051400
3.413000 3.825000 0.051350
3.488000 3.825000 0.051310
3.563000 3.825000 0.051280
3.638000 3.825000 0.051250
3.713000 3.825000 0.051230
3.788000 3.825000 0.051230
3.863000 3.825000 0.000000
-0.037500 3.975000 0.000000
0.037500 3.975000 0.044190
0.112500 3.975000 0.044180
0.187500 3.975000 0.044180
0.262500 3.975000 0.044180
0.337500 3.975000 0.044180
0.412500 3.975000 0.044170
0.487500 3.975000 0.044160
0.562500 3.975000 0.044160
0.637500 3.975000 0.044150
0.712500 3.975000 0.044130
0.787500 3.975000 0.044120
0.862500 3.975000 0.044100
0.937500 3.975000 0.044080
1.012000 3.975000 0.044060
1.087000 3.975000 0.044030
1.163000 3.975000 0.044000
1.238000 3.975000 0.043970
1.313000 3.975000 0.043930
1.388000 3.975000 0.043890
1.463000 3.975000 0.043850
1.538000 3.975000 0.043800
1.613000 3.975000 0.043750
1.688000 3.975000 0.043690
1.763000 3.975000 0.043630
1.838000 3.975000 0.043570
1.913000 3.975000 0.043500
1.988000 3.975000 0.043430
2.063000 3.975000 0.043360
2.138000 3.975000 0.043280
2.213000 3.975000 0.043210
2.288000 3.975000 0.043130
2.363000 3.975000 0.043050
2.438000 3.975000 0.042970
2.513000 3.975000 0.042890
2.588000 3.975000 0.042810
2.663000 3.975000 0.042730
2.738000 3.975000 0.042650
2.813000 3.975000 0.042580
2.888000 3.975000 0.042510
2.963000 3.975000 0.042440
3.038000 3.975000 0.042370
3.113000 3.975000 0.042310
3.188000 3.975000 0.042260
3.263000 3.975000 0.042200
3.338000 3.975000 0.042160
3.413000 3.975000 0.042120
3.488000 3.975000 0.042080
3.563000 3.975000 0.042050
3.638000 3.975000 0.042030
3.713000 3.975000 0.042020
3.788000 3.975000 0.042010
3.863000 3.975000 0.000000
-0.037500 4.125000 0.000000
0.037500 4.125000 0.036090
0.112500 4.125000 0.036090
0.187500 4.125000 0.036090
0.262500 4.125000 0.036090
0.337500 4.125000 0.036090
0.412500 4.125000 0.036080
0.487500 4.125000 0.036070
0.562500 4.125000 0.036070
0.637500 4.125000 0.036060
0.712500 4.125000 0.036050
0.787500 4.125000 0.036040
0.862500 4.125000 0.036020
0.937500 4.125000 0.036000
1.012000 4.125000 0.035980
1.087000 4.125000 0.035960
1.163000 4.125000 0.035940
1.238000 4.125000 0.035910
1.313000 4.125000 0.035880
1.388000 4.125000 0.035850
1.463000 4.125000 0.035810
1.538000 4.125000 0.035770
1.613000 4.125000 0.035730
1.688000 4.125000 0.035680
1.763000 4.125000 0.035630
1.838000 4.125000 0.035580
1.913000 4.125000 0.035530
1.988000 4.125000 0.035470
2.063000 4.125000 0.035410
2.138000 4.125000 0.035350
2.213000 4.125000 0.035290
2.288000 4.125000 0.035220
2.363000 4.125000 0.035160
2.438000 4.125000 0.035090
2.513000 4.125000 0.035030
2.588000 4.125000 0.034960
2.663000 4.125000 0.034900
2.738000 4.125000 0.034840
2.813000 4.125000 0.034770
2.888000 4.125000 0.034720
2.963000 4.125000 0.034660
3.038000 4.125000 0.034610
3.113000 4.125000 0.034560
3.188000 4.125000 0.034510
3.263000 4.125000 0.034470
3.338000 4.125000 0.034430
3.413000 4.125000 0.034400
3.488000 4.125000 0.034370
3.563000 4.125000 0.034350
3.638000 4.125000 0.034330
3.713000 4.125000 0.034310
3.788000 4.125000 0.034310
3.863000 4.125000 0.000000
-0.037500 4.275000 0.000000
0.037500 4.275000 0.029470
0.112500 4.275000 0.029470
0.187500 4.275000 0.029470
0.262500 4.275000 0.029460
0.337500 4.275000 0.029460
0.412500 4.275000 0.029460
0.487500 4.275000 0.029450
0.562500 4.275000 0.029450
0.637500 4.275000 0.029440
0.712500 4.275000 0.029430
0.787500 4.275000 0.029420
0.862500 4.275000 0.029410
0.937500 4.275000 0.029390
1.012000 4.275000 0.029380
1.087000 4.275000 0.029360
1.163000 4.275000 0.029340
1.238000 4.275000 0.029310
1.313000 4.275000 0.029290
1.388000 4.275000 0.029260
1.463000 4.275000 0.029230
1.538000 4.275000 0.029200
1.613000 4.275000 0.029160
1.688000 4.275000 0.029120
1.763000 4.275000 0.029080
1.838000 4.275000 0.029040
1.913000 4.275000 0.029000
1.988000 4.275000 0.028950
2.063000 4.275000 0.028900
2.138000 4.275000 0.028850
2.213000 4.275000 0.028800
2.288000 4.275000 0.028750
2.363000 4.275000 0.028700
2.438000 4.275000 0.028640
2.513000 4.275000 0.028590
2.588000 4.275000 0.028540
2.663000 4.275000 0.028490
2.738000 4.275000 0.028440
2.813000 4.275000 0.028390
2.888000 4.275000 0.028340
2.963000 4.275000 0.028290
3.038000 4.275000 0.028250
3.113000 4.275000 0.028210
3.188000 4.275000 0.028170
3.263000 4.275000 0.028140
3.338000 4.275000 0.028110
3.413000 4.275000 0.028080
3.488000 4.275000 0.028060
3.563000 4.275000 0.028040
3.638000 4.275000 0.028020
3.713000 4.275000 0.028010
3.788000 4.275000 0.028010
3.863000 4.275000 0.000000
-0.037500 4.425000 0.000000
0.037500 4.425000 0.024180
0.112500 4.425000 0.024180
0.187500 4.425000 0.024180
0.262500 4.425000 0.024180
0.337500 4.425000 0.024180
0.412500 4.425000 0.024170
0.487500 4.425000 0.024170
0.562500 4.425000 0.024160
0.637500 4.425000 0.024160
0.712500 4.425000 0.024150
0.787500 4.425000 0.024140
0.862500 4.425000 0.024130
0.937500 4.425000 0.024120
1.012000 4.425000 0.024100
1.087000 4.425000 0.024090
1.163000 4.425000 0.024070
1.238000 4.425000 0.024050
1.313000 4.425000 0.024030
1.388000 4.425000 0.024010
1.463000 4.425000 0.023980
1.538000 4.425000 0.023960
1.613000 4.425000 0.023930
1.688000 4.425000 0.023900
1.763000 4.425000 0.023860
1.838000 4.425000 0.023830
1.913000 4.425000 0.023790
1.988000 4.425000 0.023750
2.063000 4.425000 0.023710
2.138000 4.425000 0.023670
2.213000 4.425000 0.023630
2.288000 4.425000 0.023590
2.363000 4.425000 0.023550
2.438000 4.425000 0.023500
2.513000 4.425000 0.023460
2.588000 4.425000 0.023420
2.663000 4.425000 0.023370
2.738000 4.425000 0.023330
2.813000 4.425000 0.023290
2.888000 4.425000 0.023250
2.963000 4.425000 0.023220
3.038000 4.425000 0.023180
3.113000 4.425000 0.023150
3.188000 4.425000 0.023120
3.263000 4.425000 0.023090
3.338000 4.425000 0.023060
3.413000 4.425000 0.023040
3.488000 4.425000 0.023020
3.563000 4.425000 0.023010
3.638000 4.425000 0.022990
3.713000 4.425000 0.022990
3.788000 4.425000 0.022980
3.863000 4.425000 0.000000
-0.037500 4.575000 0.000000
0.037500 4.575000 0.020120
0.112500 4.575000 0.020120
0.187500 4.575000 0.020120
0.262500 4.575000 0.020120
0.337500 4.575000 0.020110
0.412500 4.575000 0.020110
0.487500 4.575000 0.020110
0.562500 4.575000 0.020100
0.637500 4.575000 0.020100
0.712500 4.575000 0.020090
0.787500 4.575000 0.020080
0.862500 4.575000 0.020070
0.937500 4.575000 0.020060
1.012000 4.575000 0.020050
1.087000 4.575000 0.020040
1.163000 4.575000 0.020020
1.238000 4.575000 0.020010
1.313000 4.575000 0.019990
1.388000 4.575000 0.019970
1.463000 4.575000 0.019950
1.538000 4.575000 0.019930
1.613000 4.575000 0.019900
1.688000 4.575000 0.019880
1.763000 4.575000 0.019850
1.838000 4.575000 0.019820
1.913000 4.575000 0.019790
1.988000 4.575000 0.019760
2.063000 4.575000 0.019720
2.138000 4.575000 0.019690
2.213000 4.575000 0.019660
2.288000 4.575000 0.019620
2.363000 4.575000 0.019580
2.438000 4.575000 0.019550
2.513000 4.575000 0.019510
2.588000 4.575000 0.019480
2.663000 4.575000 0.019440
2.738000 4.575000 0.019410
2.813000 4.575000 0.019380
2.888000 4.575000 0.019340
2.963000 4.575000 0.019310
3.038000 4.575000 0.019280
3.113000 4.575000 0.019260
3.188000 4.575000 0.019230
3.263000 4.575000 0.019210
3.338000 4.575000 0.019190
3.413000 4.575000 0.019170
3.488000 4.575000 0.019150
3.563000 4.575000 0.019140
3.638000 4.575000 0.019130
3.713000 4.575000 0.019120
3.788000 4.575000 0.019120
3.863000 4.575000 0.000000
-0.037500 4.725000 0.000000
0.037500 4.725000 0.017170
0.112500 4.725000 0.017170
0.187500 4.725000 0.017170
0.262500 4.725000 0.017170
0.337500 4.725000 0.017170
0.412500 4.725000 0.017160
0.487500 4.725000 0.017160
0.562500 4.725000 0.017150
0.637500 4.725000 0.017150
0.712500 4.725000 0.017140
0.787500 4.725000 0.017140
0.862500 4.725000 0.017130
0.937500 4.725000 0.017120
1.012000 4.725000 0.017110
1.087000 4.725000 0.017100
1.163000 4.725000 0.017080
1.238000 4.725000 0.017070
1.313000 4.725000 0.017060
1.388000 4.725000 0.017040
1.463000 4.725000 0.017020
1.538000 4.725000 0.017000
1.613000 4.725000 0.016980
1.688000 4.725000 0.016960
1.763000 4.725000 0.016930
1.838000 4.725000 0.016910
1.913000 4.725000 0.016880
1.988000 4.725000 0.016860
2.063000 4.725000 0.016830
2.138000 4.725000 0.016800
2.213000 4.725000 0.016770
2.288000 4.725000 0.016740
2.363000 4.725000 0.016710
2.438000 4.725000 0.016680
2.513000 4.725000 0.016650
2.588000 4.725000 0.016620
2.663000 4.725000 0.016590
2.738000 4.725000 0.016560
2.813000 4.725000 0.016530
2.888000 4.725000 0.016510
2.963000 4.725000 0.016480
3.038000 4.725000 0.016460
3.113000 4.725000 0.016430
3.188000 4.725000 0.016410
3.263000 4.725000 0.016390
3.338000 4.725000 0.016370
3.413000 4.725000 0.016360
3.488000 4.725000 0.016340
3.563000 4.725000 0.016330
3.638000 4.725000 0.016320
3.713000 4.725000 0.016320
3.788000 4.725000 0.016310
3.863000 4.725000 0.000000
-0.037500 4.875000 0.000000
0.037500 4.875000 0.015250
0.112500 4.875000 0.015250
0.187500 4.875000 0.015250
0.262500 4.875000 0.015250
0.337500 4.875000 0.015250
0.412500 4.875000 0.015240
0.487500 4.875000 0.015240
0.562500 4.875000 0.015240
0.637500 4.875000 0.015230
0.712500 4.875000 0.015220
0.787500 4.875000 0.015220
0.862500 4.875000 0.015210
0.937500 4.875000 0.015200
1.012000 4.875000 0.015190
1.087000 4.875000 0.015180
1.163000 4.875000 0.015170
1.238000 4.875000 0.015160
1.313000 4.875000 0.015140
1.388000 4.875000 0.015130
1.463000 4.875000 0.015110
1.538000 4.875000 0.015100
1.613000 4.875000 0.015080
1.688000 4.875000 0.015060
1.763000 4.875000 0.015040
1.838000 4.875000 0.015010
1.913000 4.875000 0.014990
1.988000 4.875000 0.014970
2.063000 4.875000 0.014940
2.138000 4.875000 0.014920
2.213000 4.875000 0.014890
2.288000 4.875000 0.014870
2.363000 4.875000 0.014840
2.438000 4.875000 0.014810
2.513000 4.875000 0.014780
2.588000 4.875000 0.014760
2.663000 4.875000 0.014730
2.738000 4.875000 0.014710
2.813000 4.875000 0.014680
2.888000 4.875000 0.014660
2.963000 4.875000 0.014630
3.038000 4.875000 0.014610
3.113000 4.875000 0.014590
3.188000 4.875000 0.014570
3.263000 4.875000 0.014560
3.338000 4.875000 0.014540
3.413000 4.875000 0.014530
3.488000 4.875000 0.014510
3.563000 4.875000 0.014500
3.638000 4.875000 0.014500
3.713000 4.875000 0.014490
3.788000 4.875000 0.014490
3.863000 4.875000 0.000000
-0.037500 5.025000 0.000000
0.037500 5.025000 0.014310
0.112500 5.025000 0.014310
0.187500 5.025000 0.014310
0.262500 5.025000 0.014310
0.337500 5.025000 0.014310
0.412500 5.025000 0.014310
0.487500 5.025000 0.014300
0.562500 5.025000 0.014300
0.637500 5.025000 0.014300
0.712500 5.025000 0.014290
0.787500 5.025000 0.014280
0.862500 5.025000 0.014280
0.937500 5.025000 0.014270
1.012000 5.025000 0.014260
1.087000 5.025000 0.014250
1.163000 5.025000 0.014240
1.238000 5.025000 0.014230
1.313000 5.025000 0.014210
1.388000 5.025000 0.014200
1.463000 5.025000 0.014190
1.538000 5.025000 0.014170
1.613000 5.025000 0.014150
1.688000 5.025000 0.014130
1.763000 5.025000 0.014110
1.838000 5.025000 0.014090
1.913000 5.025000 0.014070
1.988000 5.025000 0.014050
2.063000 5.025000 0.014030
2.138000 5.025000 0.014000
2.213000 5.025000 0.013980
2.288000 5.025000 0.013950
2.363000 5.025000 0.013930
2.438000 5.025000 0.013900
2.513000 5.025000 0.013880
2.588000 5.025000 0.013850
2.663000 5.025000 0.013830
2.738000 5.025000 0.013800
2.813000 5.025000 0.013780
2.888000 5.025000 0.013760
2.963000 5.025000 0.013740
3.038000 5.025000 0.013720
3.113000 5.025000 0.013700
3.188000 5.025000 0.013680
3.263000 5.025000 0.013660
3.338000 5.025000 0.013650
3.413000 5.025000 0.013640
3.488000 5.025000 0.013620
3.563000 5.025000 0.013610
3.638000 5.025000 0.013610
3.713000 5.025000 0.013600
3.788000 5.025000 0.013600
3.863000 5.025000 0.000000
-0.037500 5.175000 0.000000
0.037500 5.175000 0.000000
0.112500 5.175000 0.000000
0.187500 5.175000 0.000000
0.262500 5.175000 0.000000
0.337500 5.175000 0.000000
0.412500 5.175000 0.000000
0.487500 5.175000 0.000000
0.562500 5.175000 0.000000
0.637500 5.175000 0.000000
0.712500 5.175000 0.000000
0.787500 5.175000 0.000000
0.862500 5.175000 0.000000
0.937500 5.175000 0.000000
1.012000 5.175000 0.000000
1.087000 5.175000 0.000000
1.163000 5.175000 0.000000
1.238000 5.175000 0.000000
1.313000 5.175000 0.000000
1.388000 5.175000 0.000000
1.463000 5.175000 0.000000
1.538000 5.175000 0.000000
1.613000 5.175000 0.000000
1.688000 5.175000 0.000000
1.763000 5.175000 0.000000
1.838000 5.175000 0.000000
1.913000 5.175000 0.000000
1.988000 5.175000 0.000000
2.063000 5.175000 0.000000
2.138000 5.175000 0.000000
2.213000 5.175000 0.000000
2.288000 5.175000 0.000000
2.363000 5.175000 0.000000
2.438000 5.175000 0.000000
2.513000 5.175000 0.000000
2.588000 5.175000 0.000000
2.663000 5.175000 0.000000
2.738000 5.175000 0.000000
2.813000 5.175000 0.000000
2.888000 5.175000 0.000000
2.963000 5.175000 0.000000
3.038000 5.175000 0.000000
3.113000 5.175000 0.000000
3.188000 5.175000 0.000000
3.263000 5.175000 0.000000
3.338000 5.175000 0.000000
3.413000 5.175000 0.000000
3.488000 5.175000 0.000000
3.563000 5.175000 0.000000
3.638000 5.175000 0.000000
3.713000 5.175000 0.000000
3.788000 5.175000 0.000000
3.863000 5.175000 0.000000
