-0.037500 -0.075000 0.000000
0.037500 -0.075000 0.000000
0.112500 -0.075000 0.000000
0.187500 -0.075000 0.000000
0.262500 -0.075000 0.000000
0.337500 -0.075000 0.000000
0.412500 -0.075000 0.000000
0.487500 -0.075000 0.000000
0.562500 -0.075000 0.000000
0.637500 -0.075000 0.000000
0.712500 -0.075000 0.000000
0.787500 -0.075000 0.000000
0.862500 -0.075000 0.000000
0.937500 -0.075000 0.000000
1.012000 -0.075000 0.000000
1.087000 -0.075000 0.000000
1.163000 -0.075000 0.000000
1.238000 -0.075000 0.000000
1.313000 -0.075000 0.000000
1.388000 -0.075000 0.000000
1.463000 -0.075000 0.000000
1.538000 -0.075000 0.000000
1.613000 -0.075000 0.000000
1.688000 -0.075000 0.000000
1.763000 -0.075000 0.000000
1.838000 -0.075000 0.000000
1.913000 -0.075000 0.000000
1.988000 -0.075000 0.000000
2.063000 -0.075000 0.000000
2.138000 -0.075000 0.000000
2.213000 -0.075000 0.000000
2.288000 -0.075000 0.000000
2.363000 -0.075000 0.000000
2.438000 -0.075000 0.000000
2.513000 -0.075000 0.000000
2.588000 -0.075000 0.000000
2.663000 -0.075000 0.000000
2.738000 -0.075000 0.000000
2.813000 -0.075000 0.000000
2.888000 -0.075000 0.000000
2.963000 -0.075000 0.000000
3.038000 -0.075000 0.000000
3.113000 -0.075000 0.000000
3.188000 -0.075000 0.000000
3.263000 -0.075000 0.000000
3.338000 -0.075000 0.000000
3.413000 -0.075000 0.000000
3.488000 -0.075000 0.000000
3.563000 -0.075000 0.000000
3.638000 -0.075000 0.000000
3.713000 -0.075000 0.000000
3.788000 -0.075000 0.000000
3.863000 -0.075000 0.000000
-0.037500 0.075000 0.000000
0.037500 0.075000 0.064710
0.112500 0.075000 0.129400
0.187500 0.075000 0.194100
0.262500 0.075000 0.258800
0.337500 0.075000 0.323500
0.412500 0.075000 0.388100
0.487500 0.075000 0.452600
0.562500 0.075000 0.517000
0.637500 0.075000 0.581200
0.712500 0.075000 0.645000
0.787500 0.075000 0.708500
0.862500 0.075000 0.771200
0.937500 0.075000 0.833200
1.012000 0.075000 0.894100
1.087000 0.075000 0.953500
1.163000 0.075000 1.011000
1.238000 0.075000 1.066000
1.313000 0.075000 1.119000
1.388000 0.075000 1.168000
1.463000 0.075000 1.213000
1.538000 0.075000 1.253000
1.613000 0.075000 1.288000
1.688000 0.075000 1.316000
1.763000 0.075000 1.338000
1.838000 0.075000 1.352000
1.913000 0.075000 1.359000
1.988000 0.075000 1.358000
2.063000 0.075000 1.351000
2.138000 0.075000 1.336000
2.213000 0.075000 1.316000
2.288000 0.075000 1.290000
2.363000 0.075000 1.260000
2.438000 0.075000 1.227000
2.513000 0.075000 1.192000
2.588000 0.075000 1.155000
2.663000 0.075000 1.117000
2.738000 0.075000 1.078000
2.813000 0.075000 1.040000
2.888000 0.075000 1.002000
2.963000 0.075000 0.964800
3.038000 0.075000 0.928700
3.113000 0.075000 0.893800
3.188000 0.075000 0.860100
3.263000 0.075000 0.827600
3.338000 0.075000 0.796500
3.413000 0.075000 0.766700
3.488000 0.075000 0.738300
3.563000 0.075000 0.711100
3.638000 0.075000 0.685100
3.713000 0.075000 0.660400
3.788000 0.075000 0.636800
3.863000 0.075000 0.000000
-0.037500 0.225000 0.000000
0.037500 0.225000 0.064710
0.112500 0.225000 0.129400
0.187500 0.225000 0.194100
0.262500 0.225000 0.258800
0.337500 0.225000 0.323500
0.412500 0.225000 0.388100
0.487500 0.225000 0.452600
0.562500 0.225000 0.517000
0.637500 0.225000 0.581200
0.712500 0.225000 0.645000
0.787500 0.225000 0.708500
0.862500 0.225000 0.771200
0.937500 0.225000 0.833200
1.012000 0.225000 0.894100
1.087000 0.225000 0.953500
1.163000 0.225000 1.011000
1.238000 0.225000 1.066000
1.313000 0.225000 1.119000
1.388000 0.225000 1.168000
1.463000 0.225000 1.213000
1.538000 0.225000 1.253000
1.613000 0.225000 1.288000
1.688000 0.225000 1.316000
1.763000 0.225000 1.338000
1.838000 0.225000 1.352000
1.913000 0.225000 1.359000
1.988000 0.225000 1.358000
2.063000 0.225000 1.351000
2.138000 0.225000 1.336000
2.213000 0.225000 1.316000
2.288000 0.225000 1.290000
2.363000 0.225000 1.260000
2.438000 0.225000 1.227000
2.513000 0.225000 1.192000
2.588000 0.225000 1.155000
2.663000 0.225000 1.117000
2.738000 0.225000 1.078000
2.813000 0.225000 1.040000
2.888000 0.225000 1.002000
2.963000 0.225000 0.964800
3.038000 0.225000 0.928700
3.113000 0.225000 0.893800
3.188000 0.225000 0.860100
3.263000 0.225000 0.827600
3.338000 0.225000 0.796500
3.413000 0.225000 0.766700
3.488000 0.225000 0.738300
3.563000 0.225000 0.711100
3.638000 0.225000 0.685100
3.713000 0.225000 0.660400
3.788000 0.225000 0.636800
3.863000 0.225000 0.000000
-0.037500 0.375000 0.000000
0.037500 0.375000 0.338800
0.112500 0.375000 0.355900
0.187500 0.375000 0.382900
0.262500 0.375000 0.416400
0.337500 0.375000 0.454300
0.412500 0.375000 0.495100
0.487500 0.375000 0.538000
0.562500 0.375000 0.582200
0.637500 0.375000 0.627400
0.712500 0.375000 0.673200
0.787500 0.375000 0.719100
0.862500 0.375000 0.764900
0.937500 0.375000 0.810300
1.012000 0.375000 0.854900
1.087000 0.375000 0.898400
1.163000 0.375000 0.940400
1.238000 0.375000 0.980500
1.313000 0.375000 1.018000
1.388000 0.375000 1.053000
1.463000 0.375000 1.085000
1.538000 0.375000 1.113000
1.613000 0.375000 1.137000
1.688000 0.375000 1.157000
1.763000 0.375000 1.171000
1.838000 0.375000 1.181000
1.913000 0.375000 1.185000
1.988000 0.375000 1.184000
2.063000 0.375000 1.178000
2.138000 0.375000 1.168000
2.213000 0.375000 1.153000
2.288000 0.375000 1.135000
2.363000 0.375000 1.113000
2.438000 0.375000 1.089000
2.513000 0.375000 1.063000
2.588000 0.375000 1.035000
2.663000 0.375000 1.006000
2.738000 0.375000 0.977100
2.813000 0.375000 0.947700
2.888000 0.375000 0.918600
2.963000 0.375000 0.889900
3.038000 0.375000 0.861900
3.113000 0.375000 0.834700
3.188000 0.375000 0.808500
3.263000 0.375000 0.783500
3.338000 0.375000 0.759800
3.413000 0.375000 0.737600
3.488000 0.375000 0.717000
3.563000 0.375000 0.698500
3.638000 0.375000 0.682400
3.713000 0.375000 0.669700
3.788000 0.375000 0.661900
3.863000 0.375000 0.000000
-0.037500 0.525000 0.000000
0.037500 0.525000 0.471700
0.112500 0.525000 0.478300
0.187500 0.525000 0.490400
0.262500 0.525000 0.507000
0.337500 0.525000 0.527200
0.412500 0.525000 0.550000
0.487500 0.525000 0.575000
0.562500 0.525000 0.601600
0.637500 0.525000 0.629400
0.712500 0.525000 0.658000
0.787500 0.525000 0.687000
0.862500 0.525000 0.716200
0.937500 0.525000 0.745300
1.012000 0.525000 0.773900
1.087000 0.525000 0.801800
1.163000 0.525000 0.828700
1.238000 0.525000 0.854300
1.313000 0.525000 0.878300
1.388000 0.525000 0.900300
1.463000 0.525000 0.920200
1.538000 0.525000 0.937500
1.613000 0.525000 0.952100
1.688000 0.525000 0.963800
1.763000 0.525000 0.972400
1.838000 0.525000 0.977800
1.913000 0.525000 0.979900
1.988000 0.525000 0.978800
2.063000 0.525000 0.974600
2.138000 0.525000 0.967400
2.213000 0.525000 0.957600
2.288000 0.525000 0.945300
2.363000 0.525000 0.930900
2.438000 0.525000 0.914800
2.513000 0.525000 0.897200
2.588000 0.525000 0.878600
2.663000 0.525000 0.859100
2.738000 0.525000 0.839200
2.813000 0.525000 0.819100
2.888000 0.525000 0.799000
2.963000 0.525000 0.779100
3.038000 0.525000 0.759700
3.113000 0.525000 0.741000
3.188000 0.525000 0.723000
3.263000 0.525000 0.706000
3.338000 0.525000 0.690200
3.413000 0.525000 0.675700
3.488000 0.525000 0.662700
3.563000 0.525000 0.651500
3.638000 0.525000 0.642400
3.713000 0.525000 0.635800
3.788000 0.525000 0.632300
3.863000 0.525000 0.000000
-0.037500 0.675000 0.000000
0.037500 0.675000 0.526200
0.112500 0.675000 0.529300
0.187500 0.675000 0.535300
0.262500 0.675000 0.544000
0.337500 0.675000 0.554900
0.412500 0.675000 0.567900
0.487500 0.675000 0.582600
0.562500 0.675000 0.598600
0.637500 0.675000 0.615800
0.712500 0.675000 0.633700
0.787500 0.675000 0.652100
0.862500 0.675000 0.670800
0.937500 0.675000 0.689500
1.012000 0.675000 0.708000
1.087000 0.675000 0.726000
1.163000 0.675000 0.743300
1.238000 0.675000 0.759700
1.313000 0.675000 0.775000
1.388000 0.675000 0.789000
1.463000 0.675000 0.801500
1.538000 0.675000 0.812300
1.613000 0.675000 0.821200
1.688000 0.675000 0.828300
1.763000 0.675000 0.833300
1.838000 0.675000 0.836200
1.913000 0.675000 0.837000
1.988000 0.675000 0.835800
2.063000 0.675000 0.832600
2.138000 0.675000 0.827400
2.213000 0.675000 0.820500
2.288000 0.675000 0.812000
2.363000 0.675000 0.802100
2.438000 0.675000 0.791000
2.513000 0.675000 0.778800
2.588000 0.675000 0.765800
2.663000 0.675000 0.752200
2.738000 0.675000 0.738300
2.813000 0.675000 0.724100
2.888000 0.675000 0.709900
2.963000 0.675000 0.695900
3.038000 0.675000 0.682200
3.113000 0.675000 0.669100
3.188000 0.675000 0.656600
3.263000 0.675000 0.644900
3.338000 0.675000 0.634100
3.413000 0.675000 0.624500
3.488000 0.675000 0.616100
3.563000 0.675000 0.609100
3.638000 0.675000 0.603700
3.713000 0.675000 0.600000
3.788000 0.675000 0.598100
3.863000 0.675000 0.000000
-0.037500 0.825000 0.000000
0.037500 0.825000 0.530800
0.112500 0.825000 0.533000
0.187500 0.825000 0.537300
0.262500 0.825000 0.543700
0.337500 0.825000 0.551900
0.412500 0.825000 0.561700
0.487500 0.825000 0.572800
0.562500 0.825000 0.585200
0.637500 0.825000 0.598500
0.712500 0.825000 0.612500
0.787500 0.825000 0.627000
0.862500 0.825000 0.641800
0.937500 0.825000 0.656600
1.012000 0.825000 0.671300
1.087000 0.825000 0.685600
1.163000 0.825000 0.699400
1.238000 0.825000 0.712400
1.313000 0.825000 0.724500
1.388000 0.825000 0.735500
1.463000 0.825000 0.745300
1.538000 0.825000 0.753700
1.613000 0.825000 0.760600
1.688000 0.825000 0.765900
1.763000 0.825000 0.769700
1.838000 0.825000 0.771700
1.913000 0.825000 0.772100
1.988000 0.825000 0.770900
2.063000 0.825000 0.768000
2.138000 0.825000 0.763600
2.213000 0.825000 0.757800
2.288000 0.825000 0.750700
2.363000 0.825000 0.742400
2.438000 0.825000 0.733200
2.513000 0.825000 0.723000
2.588000 0.825000 0.712200
2.663000 0.825000 0.700900
2.738000 0.825000 0.689200
2.813000 0.825000 0.677400
2.888000 0.825000 0.665600
2.963000 0.825000 0.653900
3.038000 0.825000 0.642500
3.113000 0.825000 0.631500
3.188000 0.825000 0.621100
3.263000 0.825000 0.611500
3.338000 0.825000 0.602600
3.413000 0.825000 0.594800
3.488000 0.825000 0.588100
3.563000 0.825000 0.582500
3.638000 0.825000 0.578300
3.713000 0.825000 0.575400
3.788000 0.825000 0.574000
3.863000 0.825000 0.000000
-0.037500 0.975000 0.000000
0.037500 0.975000 0.520500
0.112500 0.975000 0.522200
0.187500 0.975000 0.525500
0.262500 0.975000 0.530500
0.337500 0.975000 0.536900
0.412500 0.975000 0.544600
0.487500 0.975000 0.553500
0.562500 0.975000 0.563300
0.637500 0.975000 0.574000
0.712500 0.975000 0.585300
0.787500 0.975000 0.597100
0.862500 0.975000 0.609100
0.937500 0.975000 0.621200
1.012000 0.975000 0.633100
1.087000 0.975000 0.644800
1.163000 0.975000 0.656000
1.238000 0.975000 0.666600
1.313000 0.975000 0.676400
1.388000 0.975000 0.685300
1.463000 0.975000 0.693200
1.538000 0.975000 0.699900
1.613000 0.975000 0.705400
1.688000 0.975000 0.709600
1.763000 0.975000 0.712500
1.838000 0.975000 0.714000
1.913000 0.975000 0.714100
1.988000 0.975000 0.712800
2.063000 0.975000 0.710300
2.138000 0.975000 0.706400
2.213000 0.975000 0.701400
2.288000 0.975000 0.695300
2.363000 0.975000 0.688300
2.438000 0.975000 0.680300
2.513000 0.975000 0.671700
2.588000 0.975000 0.662500
2.663000 0.975000 0.652800
2.738000 0.975000 0.642900
2.813000 0.975000 0.632800
2.888000 0.975000 0.622700
2.963000 0.975000 0.612800
3.038000 0.975000 0.603100
3.113000 0.975000 0.593800
3.188000 0.975000 0.585000
3.263000 0.975000 0.576800
3.338000 0.975000 0.569400
3.413000 0.975000 0.562900
3.488000 0.975000 0.557300
3.563000 0.975000 0.552700
3.638000 0.975000 0.549200
3.713000 0.975000 0.546900
3.788000 0.975000 0.545700
3.863000 0.975000 0.000000
-0.037500 1.125000 0.000000
0.037500 1.125000 0.499800
0.112500 1.125000 0.501300
0.187500 1.125000 0.504000
0.262500 1.125000 0.508100
0.337500 1.125000 0.513500
0.412500 1.125000 0.519900
0.487500 1.125000 0.527400
0.562500 1.125000 0.535700
0.637500 1.125000 0.544700
0.712500 1.125000 0.554300
0.787500 1.125000 0.564300
0.862500 1.125000 0.574500
0.937500 1.125000 0.584700
1.012000 1.125000 0.594900
1.087000 1.125000 0.604800
1.163000 1.125000 0.614300
1.238000 1.125000 0.623300
1.313000 1.125000 0.631700
1.388000 1.125000 0.639200
1.463000 1.125000 0.645900
1.538000 1.125000 0.651500
1.613000 1.125000 0.656100
1.688000 1.125000 0.659600
1.763000 1.125000 0.662000
1.838000 1.125000 0.663100
1.913000 1.125000 0.663100
1.988000 1.125000 0.661900
2.063000 1.125000 0.659500
2.138000 1.125000 0.656100
2.213000 1.125000 0.651600
2.288000 1.125000 0.646200
2.363000 1.125000 0.640000
2.438000 1.125000 0.633000
2.513000 1.125000 0.625400
2.588000 1.125000 0.617300
2.663000 1.125000 0.608800
2.738000 1.125000 0.600100
2.813000 1.125000 0.591200
2.888000 1.125000 0.582300
2.963000 1.125000 0.573600
3.038000 1.125000 0.565100
3.113000 1.125000 0.556900
3.188000 1.125000 0.549300
3.263000 1.125000 0.542100
3.338000 1.125000 0.535700
3.413000 1.125000 0.530000
3.488000 1.125000 0.525100
3.563000 1.125000 0.521200
3.638000 1.125000 0.518200
3.713000 1.125000 0.516200
3.788000 1.125000 0.515200
3.863000 1.125000 0.000000
-0.037500 1.275000 0.000000
0.037500 1.275000 0.443700
0.112500 1.275000 0.444900
0.187500 1.275000 0.447100
0.262500 1.275000 0.450400
0.337500 1.275000 0.454700
0.412500 1.275000 0.459900
0.487500 1.275000 0.465900
0.562500 1.275000 0.472600
0.637500 1.275000 0.479900
0.712500 1.275000 0.487700
0.787500 1.275000 0.495700
0.862500 1.275000 0.504000
0.937500 1.275000 0.512300
1.012000 1.275000 0.520600
1.087000 1.275000 0.528700
1.163000 1.275000 0.536400
1.238000 1.275000 0.543700
1.313000 1.275000 0.550500
1.388000 1.275000 0.556600
1.463000 1.275000 0.561900
1.538000 1.275000 0.566500
1.613000 1.275000 0.570200
1.688000 1.275000 0.573000
1.763000 1.275000 0.574800
1.838000 1.275000 0.575700
1.913000 1.275000 0.575500
1.988000 1.275000 0.574500
2.063000 1.275000 0.572400
2.138000 1.275000 0.569500
2.213000 1.275000 0.565800
2.288000 1.275000 0.561200
2.363000 1.275000 0.556000
2.438000 1.275000 0.550200
2.513000 1.275000 0.543900
2.588000 1.275000 0.537100
2.663000 1.275000 0.530000
2.738000 1.275000 0.522700
2.813000 1.275000 0.515300
2.888000 1.275000 0.508000
2.963000 1.275000 0.500700
3.038000 1.275000 0.493600
3.113000 1.275000 0.486800
3.188000 1.275000 0.480400
3.263000 1.275000 0.474500
3.338000 1.275000 0.469200
3.413000 1.275000 0.464500
3.488000 1.275000 0.460500
3.563000 1.275000 0.457200
3.638000 1.275000 0.454700
3.713000 1.275000 0.453100
3.788000 1.275000 0.452200
3.863000 1.275000 0.000000
-0.037500 1.425000 0.000000
0.037500 1.425000 0.363800
0.112500 1.425000 0.364600
0.187500 1.425000 0.366200
0.262500 1.425000 0.368600
0.337500 1.425000 0.371700
0.412500 1.425000 0.375500
0.487500 1.425000 0.379800
0.562500 1.425000 0.384700
0.637500 1.425000 0.390000
0.712500 1.425000 0.395600
0.787500 1.425000 0.401500
0.862500 1.425000 0.407500
0.937500 1.425000 0.413600
1.012000 1.425000 0.419600
1.087000 1.425000 0.425500
1.163000 1.425000 0.431200
1.238000 1.425000 0.436500
1.313000 1.425000 0.441400
1.388000 1.425000 0.445800
1.463000 1.425000 0.449700
1.538000 1.425000 0.453000
1.613000 1.425000 0.455700
1.688000 1.425000 0.457600
1.763000 1.425000 0.458900
1.838000 1.425000 0.459400
1.913000 1.425000 0.459200
1.988000 1.425000 0.458300
2.063000 1.425000 0.456800
2.138000 1.425000 0.454500
2.213000 1.425000 0.451600
2.288000 1.425000 0.448200
2.363000 1.425000 0.444200
2.438000 1.425000 0.439800
2.513000 1.425000 0.435000
2.588000 1.425000 0.429800
2.663000 1.425000 0.424500
2.738000 1.425000 0.419000
2.813000 1.425000 0.413400
2.888000 1.425000 0.407800
2.963000 1.425000 0.402300
3.038000 1.425000 0.397000
3.113000 1.425000 0.391900
3.188000 1.425000 0.387100
3.263000 1.425000 0.382700
3.338000 1.425000 0.378700
3.413000 1.425000 0.375100
3.488000 1.425000 0.372100
3.563000 1.425000 0.369700
3.638000 1.425000 0.367800
3.713000 1.425000 0.366600
3.788000 1.425000 0.365900
3.863000 1.425000 0.000000
-0.037500 1.575000 0.000000
0.037500 1.575000 0.291400
0.112500 1.575000 0.292000
0.187500 1.575000 0.293200
0.262500 1.575000 0.294900
0.337500 1.575000 0.297100
0.412500 1.575000 0.299800
0.487500 1.575000 0.302900
0.562500 1.575000 0.306300
0.637500 1.575000 0.310100
0.712500 1.575000 0.314200
0.787500 1.575000 0.318400
0.862500 1.575000 0.322700
0.937500 1.575000 0.327100
1.012000 1.575000 0.331400
1.087000 1.575000 0.335600
1.163000 1.575000 0.339600
1.238000 1.575000 0.343400
1.313000 1.575000 0.346900
1.388000 1.575000 0.350100
1.463000 1.575000 0.352900
1.538000 1.575000 0.355200
1.613000 1.575000 0.357000
1.688000 1.575000 0.358400
1.763000 1.575000 0.359200
1.838000 1.575000 0.359600
1.913000 1.575000 0.359400
1.988000 1.575000 0.358600
2.063000 1.575000 0.357400
2.138000 1.575000 0.355700
2.213000 1.575000 0.353500
2.288000 1.575000 0.350900
2.363000 1.575000 0.348000
2.438000 1.575000 0.344700
2.513000 1.575000 0.341100
2.588000 1.575000 0.337300
2.663000 1.575000 0.333300
2.738000 1.575000 0.329200
2.813000 1.575000 0.325100
2.888000 1.575000 0.321000
2.963000 1.575000 0.316900
3.038000 1.575000 0.312900
3.113000 1.575000 0.309200
3.188000 1.575000 0.305600
3.263000 1.575000 0.302300
3.338000 1.575000 0.299400
3.413000 1.575000 0.296800
3.488000 1.575000 0.294600
3.563000 1.575000 0.292800
3.638000 1.575000 0.291400
3.713000 1.575000 0.290500
3.788000 1.575000 0.290000
3.863000 1.575000 0.000000
-0.037500 1.725000 0.000000
0.037500 1.725000 0.228200
0.112500 1.725000 0.228600
0.187500 1.725000 0.229400
0.262500 1.725000 0.230600
0.337500 1.725000 0.232100
0.412500 1.725000 0.234000
0.487500 1.725000 0.236200
0.562500 1.725000 0.238600
0.637500 1.725000 0.241200
0.712500 1.725000 0.244100
0.787500 1.725000 0.247000
0.862500 1.725000 0.250100
0.937500 1.725000 0.253100
1.012000 1.725000 0.256100
1.087000 1.725000 0.259100
1.163000 1.725000 0.261900
1.238000 1.725000 0.264600
1.313000 1.725000 0.267000
1.388000 1.725000 0.269200
1.463000 1.725000 0.271100
1.538000 1.725000 0.272700
1.613000 1.725000 0.274000
1.688000 1.725000 0.274900
1.763000 1.725000 0.275500
1.838000 1.725000 0.275600
1.913000 1.725000 0.275400
1.988000 1.725000 0.274900
2.063000 1.725000 0.273900
2.138000 1.725000 0.272700
2.213000 1.725000 0.271100
2.288000 1.725000 0.269200
2.363000 1.725000 0.267000
2.438000 1.725000 0.264600
2.513000 1.725000 0.262000
2.588000 1.725000 0.259200
2.663000 1.725000 0.256300
2.738000 1.725000 0.253300
2.813000 1.725000 0.250300
2.888000 1.725000 0.247300
2.963000 1.725000 0.244400
3.038000 1.725000 0.241500
3.113000 1.725000 0.238800
3.188000 1.725000 0.236200
3.263000 1.725000 0.233900
3.338000 1.725000 0.231700
3.413000 1.725000 0.229900
3.488000 1.725000 0.228200
3.563000 1.725000 0.226900
3.638000 1.725000 0.225900
3.713000 1.725000 0.225300
3.788000 1.725000 0.224900
3.863000 1.725000 0.000000
-0.037500 1.875000 0.000000
0.037500 1.875000 0.174100
0.112500 1.875000 0.174400
0.187500 1.875000 0.175000
0.262500 1.875000 0.175800
0.337500 1.875000 0.176800
0.412500 1.875000 0.178100
0.487500 1.875000 0.179600
0.562500 1.875000 0.181200
0.637500 1.875000 0.183000
0.712500 1.875000 0.184900
0.787500 1.875000 0.186900
0.862500 1.875000 0.189000
0.937500 1.875000 0.191100
1.012000 1.875000 0.193100
1.087000 1.875000 0.195100
1.163000 1.875000 0.197000
1.238000 1.875000 0.198800
1.313000 1.875000 0.200500
1.388000 1.875000 0.202000
1.463000 1.875000 0.203300
1.538000 1.875000 0.204300
1.613000 1.875000 0.205200
1.688000 1.875000 0.205800
1.763000 1.875000 0.206100
1.838000 1.875000 0.206200
1.913000 1.875000 0.206000
1.988000 1.875000 0.205600
2.063000 1.875000 0.204900
2.138000 1.875000 0.203900
2.213000 1.875000 0.202800
2.288000 1.875000 0.201400
2.363000 1.875000 0.199900
2.438000 1.875000 0.198200
2.513000 1.875000 0.196300
2.588000 1.875000 0.194400
2.663000 1.875000 0.192300
2.738000 1.875000 0.190200
2.813000 1.875000 0.188100
2.888000 1.875000 0.186000
2.963000 1.875000 0.183900
3.038000 1.875000 0.181900
3.113000 1.875000 0.180000
3.188000 1.875000 0.178200
3.263000 1.875000 0.176500
3.338000 1.875000 0.175000
3.413000 1.875000 0.173700
3.488000 1.875000 0.172600
3.563000 1.875000 0.171700
3.638000 1.875000 0.171000
3.713000 1.875000 0.170500
3.788000 1.875000 0.170200
3.863000 1.875000 0.000000
-0.037500 2.025000 0.000000
0.037500 2.025000 0.128700
0.112500 2.025000 0.128900
0.187500 2.025000 0.129300
0.262500 2.025000 0.129800
0.337500 2.025000 0.130400
0.412500 2.025000 0.131300
0.487500 2.025000 0.132200
0.562500 2.025000 0.133300
0.637500 2.025000 0.134400
0.712500 2.025000 0.135700
0.787500 2.025000 0.137000
0.862500 2.025000 0.138300
0.937500 2.025000 0.139600
1.012000 2.025000 0.140900
1.087000 2.025000 0.142200
1.163000 2.025000 0.143400
1.238000 2.025000 0.144600
1.313000 2.025000 0.145600
1.388000 2.025000 0.146600
1.463000 2.025000 0.147400
1.538000 2.025000 0.148100
1.613000 2.025000 0.148600
1.688000 2.025000 0.148900
1.763000 2.025000 0.149100
1.838000 2.025000 0.149100
1.913000 2.025000 0.149000
1.988000 2.025000 0.148600
2.063000 2.025000 0.148100
2.138000 2.025000 0.147500
2.213000 2.025000 0.146700
2.288000 2.025000 0.145800
2.363000 2.025000 0.144700
2.438000 2.025000 0.143600
2.513000 2.025000 0.142300
2.588000 2.025000 0.141000
2.663000 2.025000 0.139600
2.738000 2.025000 0.138200
2.813000 2.025000 0.136800
2.888000 2.025000 0.135400
2.963000 2.025000 0.134000
3.038000 2.025000 0.132700
3.113000 2.025000 0.131400
3.188000 2.025000 0.130200
3.263000 2.025000 0.129100
3.338000 2.025000 0.128000
3.413000 2.025000 0.127200
3.488000 2.025000 0.126400
3.563000 2.025000 0.125800
3.638000 2.025000 0.125300
3.713000 2.025000 0.125000
3.788000 2.025000 0.124800
3.863000 2.025000 0.000000
-0.037500 2.175000 0.000000
0.037500 2.175000 0.090880
0.112500 2.175000 0.090980
0.187500 2.175000 0.091170
0.262500 2.175000 0.091460
0.337500 2.175000 0.091830
0.412500 2.175000 0.092290
0.487500 2.175000 0.092830
0.562500 2.175000 0.093430
0.637500 2.175000 0.094090
0.712500 2.175000 0.094790
0.787500 2.175000 0.095520
0.862500 2.175000 0.096260
0.937500 2.175000 0.097010
1.012000 2.175000 0.097750
1.087000 2.175000 0.098470
1.163000 2.175000 0.099160
1.238000 2.175000 0.099800
1.313000 2.175000 0.100400
1.388000 2.175000 0.100900
1.463000 2.175000 0.101300
1.538000 2.175000 0.101700
1.613000 2.175000 0.102000
1.688000 2.175000 0.102100
1.763000 2.175000 0.102200
1.838000 2.175000 0.102200
1.913000 2.175000 0.102000
1.988000 2.175000 0.101800
2.063000 2.175000 0.101500
2.138000 2.175000 0.101100
2.213000 2.175000 0.100600
2.288000 2.175000 0.099990
2.363000 2.175000 0.099330
2.438000 2.175000 0.098620
2.513000 2.175000 0.097850
2.588000 2.175000 0.097050
2.663000 2.175000 0.096210
2.738000 2.175000 0.095350
2.813000 2.175000 0.094490
2.888000 2.175000 0.093630
2.963000 2.175000 0.092790
3.038000 2.175000 0.091980
3.113000 2.175000 0.091210
3.188000 2.175000 0.090480
3.263000 2.175000 0.089810
3.338000 2.175000 0.089210
3.413000 2.175000 0.088680
3.488000 2.175000 0.088230
3.563000 2.175000 0.087870
3.638000 2.175000 0.087590
3.713000 2.175000 0.087390
3.788000 2.175000 0.087290
3.863000 2.175000 0.000000
-0.037500 2.325000 0.000000
0.037500 2.325000 0.069840
0.112500 2.325000 0.069890
0.187500 2.325000 0.070000
0.262500 2.325000 0.070160
0.337500 2.325000 0.070380
0.412500 2.325000 0.070650
0.487500 2.325000 0.070950
0.562500 2.325000 0.071300
0.637500 2.325000 0.071680
0.712500 2.325000 0.072080
0.787500 2.325000 0.072490
0.862500 2.325000 0.072920
0.937500 2.325000 0.073350
1.012000 2.325000 0.073770
1.087000 2.325000 0.074180
1.163000 2.325000 0.074560
1.238000 2.325000 0.074920
1.313000 2.325000 0.075240
1.388000 2.325000 0.075520
1.463000 2.325000 0.075750
1.538000 2.325000 0.075930
1.613000 2.325000 0.076060
1.688000 2.325000 0.076120
1.763000 2.325000 0.076130
1.838000 2.325000 0.076080
1.913000 2.325000 0.075970
1.988000 2.325000 0.075790
2.063000 2.325000 0.075560
2.138000 2.325000 0.075270
2.213000 2.325000 0.074940
2.288000 2.325000 0.074550
2.363000 2.325000 0.074120
2.438000 2.325000 0.073650
2.513000 2.325000 0.073160
2.588000 2.325000 0.072640
2.663000 2.325000 0.072100
2.738000 2.325000 0.071550
2.813000 2.325000 0.071000
2.888000 2.325000 0.070460
2.963000 2.325000 0.069930
3.038000 2.325000 0.069410
3.113000 2.325000 0.068920
3.188000 2.325000 0.068470
3.263000 2.325000 0.068050
3.338000 2.325000 0.067670
3.413000 2.325000 0.067350
3.488000 2.325000 0.067070
3.563000 2.325000 0.066840
3.638000 2.325000 0.066670
3.713000 2.325000 0.066560
3.788000 2.325000 0.066500
3.863000 2.325000 0.000000
-0.037500 2.475000 0.000000
0.037500 2.475000 0.060840
0.112500 2.475000 0.060880
0.187500 2.475000 0.060960
0.262500 2.475000 0.061080
0.337500 2.475000 0.061250
0.412500 2.475000 0.061440
0.487500 2.475000 0.061670
0.562500 2.475000 0.061930
0.637500 2.475000 0.062210
0.712500 2.475000 0.062510
0.787500 2.475000 0.062810
0.862500 2.475000 0.063130
0.937500 2.475000 0.063440
1.012000 2.475000 0.063750
1.087000 2.475000 0.064050
1.163000 2.475000 0.064330
1.238000 2.475000 0.064590
1.313000 2.475000 0.064820
1.388000 2.475000 0.065020
1.463000 2.475000 0.065180
1.538000 2.475000 0.065300
1.613000 2.475000 0.065380
1.688000 2.475000 0.065420
1.763000 2.475000 0.065400
1.838000 2.475000 0.065350
1.913000 2.475000 0.065240
1.988000 2.475000 0.065090
2.063000 2.475000 0.064900
2.138000 2.475000 0.064660
2.213000 2.475000 0.064390
2.288000 2.475000 0.064070
2.363000 2.475000 0.063730
2.438000 2.475000 0.063360
2.513000 2.475000 0.062960
2.588000 2.475000 0.062550
2.663000 2.475000 0.062120
2.738000 2.475000 0.061690
2.813000 2.475000 0.061250
2.888000 2.475000 0.060820
2.963000 2.475000 0.060400
3.038000 2.475000 0.060000
3.113000 2.475000 0.059620
3.188000 2.475000 0.059260
3.263000 2.475000 0.058940
3.338000 2.475000 0.058640
3.413000 2.475000 0.058390
3.488000 2.475000 0.058180
3.563000 2.475000 0.058000
3.638000 2.475000 0.057870
3.713000 2.475000 0.057790
3.788000 2.475000 0.057750
3.863000 2.475000 0.000000
-0.037500 2.625000 0.000000
0.037500 2.625000 0.053340
0.112500 2.625000 0.053370
0.187500 2.625000 0.053440
0.262500 2.625000 0.053530
0.337500 2.625000 0.053660
0.412500 2.625000 0.053810
0.487500 2.625000 0.053990
0.562500 2.625000 0.054180
0.637500 2.625000 0.054400
0.712500 2.625000 0.054620
0.787500 2.625000 0.054860
0.862500 2.625000 0.055100
0.937500 2.625000 0.055340
1.012000 2.625000 0.055570
1.087000 2.625000 0.055800
1.163000 2.625000 0.056010
1.238000 2.625000 0.056200
1.313000 2.625000 0.056370
1.388000 2.625000 0.056510
1.463000 2.625000 0.056630
1.538000 2.625000 0.056710
1.613000 2.625000 0.056760
1.688000 2.625000 0.056780
1.763000 2.625000 0.056760
1.838000 2.625000 0.056700
1.913000 2.625000 0.056610
1.988000 2.625000 0.056480
2.063000 2.625000 0.056310
2.138000 2.625000 0.056110
2.213000 2.625000 0.055880
2.288000 2.625000 0.055620
2.363000 2.625000 0.055340
2.438000 2.625000 0.055040
2.513000 2.625000 0.054710
2.588000 2.625000 0.054380
2.663000 2.625000 0.054030
2.738000 2.625000 0.053680
2.813000 2.625000 0.053330
2.888000 2.625000 0.052980
2.963000 2.625000 0.052640
3.038000 2.625000 0.052320
3.113000 2.625000 0.052010
3.188000 2.625000 0.051730
3.263000 2.625000 0.051470
3.338000 2.625000 0.051230
3.413000 2.625000 0.051030
3.488000 2.625000 0.050860
3.563000 2.625000 0.050730
3.638000 2.625000 0.050630
3.713000 2.625000 0.050560
3.788000 2.625000 0.050530
3.863000 2.625000 0.000000
-0.037500 2.775000 0.000000
0.037500 2.775000 0.047260
0.112500 2.775000 0.047290
0.187500 2.775000 0.047340
0.262500 2.775000 0.047420
0.337500 2.775000 0.047530
0.412500 2.775000 0.047650
0.487500 2.775000 0.047800
0.562500 2.775000 0.047960
0.637500 2.775000 0.048130
0.712500 2.775000 0.048310
0.787500 2.775000 0.048500
0.862500 2.775000 0.048690
0.937500 2.775000 0.048890
1.012000 2.775000 0.049070
1.087000 2.775000 0.049250
1.163000 2.775000 0.049420
1.238000 2.775000 0.049570
1.313000 2.775000 0.049710
1.388000 2.775000 0.049820
1.463000 2.775000 0.049910
1.538000 2.775000 0.049970
1.613000 2.775000 0.050000
1.688000 2.775000 0.050010
1.763000 2.775000 0.049990
1.838000 2.775000 0.049930
1.913000 2.775000 0.049850
1.988000 2.775000 0.049730
2.063000 2.775000 0.049590
2.138000 2.775000 0.049420
2.213000 2.775000 0.049220
2.288000 2.775000 0.049000
2.363000 2.775000 0.048760
2.438000 2.775000 0.048500
2.513000 2.775000 0.048230
2.588000 2.775000 0.047940
2.663000 2.775000 0.047650
2.738000 2.775000 0.047360
2.813000 2.775000 0.047060
2.888000 2.775000 0.046770
2.963000 2.775000 0.046490
3.038000 2.775000 0.046210
3.113000 2.775000 0.045960
3.188000 2.775000 0.045720
3.263000 2.775000 0.045500
3.338000 2.775000 0.045310
3.413000 2.775000 0.045140
3.488000 2.775000 0.045000
3.563000 2.775000 0.044890
3.638000 2.775000 0.044810
3.713000 2.775000 0.044760
3.788000 2.775000 0.044730
3.863000 2.775000 0.000000
-0.037500 2.925000 0.000000
0.037500 2.925000 0.037780
0.112500 2.925000 0.037800
0.187500 2.925000 0.037850
0.262500 2.925000 0.037910
0.337500 2.925000 0.037990
0.412500 2.925000 0.038080
0.487500 2.925000 0.038190
0.562500 2.925000 0.038310
0.637500 2.925000 0.038450
0.712500 2.925000 0.038580
0.787500 2.925000 0.038730
0.862500 2.925000 0.038870
0.937500 2.925000 0.039020
1.012000 2.925000 0.039160
1.087000 2.925000 0.039290
1.163000 2.925000 0.039420
1.238000 2.925000 0.039530
1.313000 2.925000 0.039630
1.388000 2.925000 0.039710
1.463000 2.925000 0.039780
1.538000 2.925000 0.039820
1.613000 2.925000 0.039850
1.688000 2.925000 0.039850
1.763000 2.925000 0.039820
1.838000 2.925000 0.039780
1.913000 2.925000 0.039710
1.988000 2.925000 0.039620
2.063000 2.925000 0.039500
2.138000 2.925000 0.039370
2.213000 2.925000 0.039210
2.288000 2.925000 0.039040
2.363000 2.925000 0.038850
2.438000 2.925000 0.038650
2.513000 2.925000 0.038440
2.588000 2.925000 0.038220
2.663000 2.925000 0.037990
2.738000 2.925000 0.037770
2.813000 2.925000 0.037540
2.888000 2.925000 0.037310
2.963000 2.925000 0.037090
3.038000 2.925000 0.036880
3.113000 2.925000 0.036680
3.188000 2.925000 0.036500
3.263000 2.925000 0.036330
3.338000 2.925000 0.036180
3.413000 2.925000 0.036050
3.488000 2.925000 0.035950
3.563000 2.925000 0.035860
3.638000 2.925000 0.035800
3.713000 2.925000 0.035760
3.788000 2.925000 0.035740
3.863000 2.925000 0.000000
-0.037500 3.075000 0.000000
0.037500 3.075000 0.027220
0.112500 3.075000 0.027240
0.187500 3.075000 0.027270
0.262500 3.075000 0.027310
0.337500 3.075000 0.027360
0.412500 3.075000 0.027420
0.487500 3.075000 0.027500
0.562500 3.075000 0.027580
0.637500 3.075000 0.027660
0.712500 3.075000 0.027760
0.787500 3.075000 0.027850
0.862500 3.075000 0.027950
0.937500 3.075000 0.028050
1.012000 3.075000 0.028140
1.087000 3.075000 0.028230
1.163000 3.075000 0.028310
1.238000 3.075000 0.028380
1.313000 3.075000 0.028450
1.388000 3.075000 0.028500
1.463000 3.075000 0.028540
1.538000 3.075000 0.028570
1.613000 3.075000 0.028580
1.688000 3.075000 0.028580
1.763000 3.075000 0.028560
1.838000 3.075000 0.028530
1.913000 3.075000 0.028480
1.988000 3.075000 0.028410
2.063000 3.075000 0.028330
2.138000 3.075000 0.028230
2.213000 3.075000 0.028130
2.288000 3.075000 0.028000
2.363000 3.075000 0.027870
2.438000 3.075000 0.027730
2.513000 3.075000 0.027590
2.588000 3.075000 0.027430
2.663000 3.075000 0.027280
2.738000 3.075000 0.027120
2.813000 3.075000 0.026960
2.888000 3.075000 0.026800
2.963000 3.075000 0.026650
3.038000 3.075000 0.026510
3.113000 3.075000 0.026370
3.188000 3.075000 0.026240
3.263000 3.075000 0.026130
3.338000 3.075000 0.026020
3.413000 3.075000 0.025930
3.488000 3.075000 0.025860
3.563000 3.075000 0.025800
3.638000 3.075000 0.025760
3.713000 3.075000 0.025720
3.788000 3.075000 0.025710
3.863000 3.075000 0.000000
-0.037500 3.225000 0.000000
0.037500 3.225000 0.019450
0.112500 3.225000 0.019460
0.187500 3.225000 0.019480
0.262500 3.225000 0.019510
0.337500 3.225000 0.019540
0.412500 3.225000 0.019580
0.487500 3.225000 0.019630
0.562500 3.225000 0.019680
0.637500 3.225000 0.019740
0.712500 3.225000 0.019800
0.787500 3.225000 0.019870
0.862500 3.225000 0.019930
0.937500 3.225000 0.019990
1.012000 3.225000 0.020050
1.087000 3.225000 0.020110
1.163000 3.225000 0.020160
1.238000 3.225000 0.020210
1.313000 3.225000 0.020250
1.388000 3.225000 0.020290
1.463000 3.225000 0.020310
1.538000 3.225000 0.020330
1.613000 3.225000 0.020340
1.688000 3.225000 0.020330
1.763000 3.225000 0.020320
1.838000 3.225000 0.020290
1.913000 3.225000 0.020250
1.988000 3.225000 0.020210
2.063000 3.225000 0.020150
2.138000 3.225000 0.020080
2.213000 3.225000 0.020010
2.288000 3.225000 0.019920
2.363000 3.225000 0.019830
2.438000 3.225000 0.019740
2.513000 3.225000 0.019630
2.588000 3.225000 0.019530
2.663000 3.225000 0.019420
2.738000 3.225000 0.019310
2.813000 3.225000 0.019200
2.888000 3.225000 0.019100
2.963000 3.225000 0.018990
3.038000 3.225000 0.018890
3.113000 3.225000 0.018800
3.188000 3.225000 0.018710
3.263000 3.225000 0.018630
3.338000 3.225000 0.018560
3.413000 3.225000 0.018500
3.488000 3.225000 0.018450
3.563000 3.225000 0.018400
3.638000 3.225000 0.018370
3.713000 3.225000 0.018350
3.788000 3.225000 0.018340
3.863000 3.225000 0.000000
-0.037500 3.375000 0.000000
0.037500 3.375000 0.013790
0.112500 3.375000 0.013790
0.187500 3.375000 0.013800
0.262500 3.375000 0.013820
0.337500 3.375000 0.013840
0.412500 3.375000 0.013870
0.487500 3.375000 0.013900
0.562500 3.375000 0.013940
0.637500 3.375000 0.013970
0.712500 3.375000 0.014010
0.787500 3.375000 0.014060
0.862500 3.375000 0.014100
0.937500 3.375000 0.014140
1.012000 3.375000 0.014180
1.087000 3.375000 0.014210
1.163000 3.375000 0.014250
1.238000 3.375000 0.014280
1.313000 3.375000 0.014310
1.388000 3.375000 0.014330
1.463000 3.375000 0.014340
1.538000 3.375000 0.014350
1.613000 3.375000 0.014350
1.688000 3.375000 0.014350
1.763000 3.375000 0.014340
1.838000 3.375000 0.014320
1.913000 3.375000 0.014290
1.988000 3.375000 0.014260
2.063000 3.375000 0.014220
2.138000 3.375000 0.014170
2.213000 3.375000 0.014120
2.288000 3.375000 0.014060
2.363000 3.375000 0.014000
2.438000 3.375000 0.013940
2.513000 3.375000 0.013870
2.588000 3.375000 0.013790
2.663000 3.375000 0.013720
2.738000 3.375000 0.013650
2.813000 3.375000 0.013570
2.888000 3.375000 0.013500
2.963000 3.375000 0.013430
3.038000 3.375000 0.013360
3.113000 3.375000 0.013300
3.188000 3.375000 0.013240
3.263000 3.375000 0.013180
3.338000 3.375000 0.013130
3.413000 3.375000 0.013090
3.488000 3.375000 0.013050
3.563000 3.375000 0.013020
3.638000 3.375000 0.013000
3.713000 3.375000 0.012980
3.788000 3.375000 0.012970
3.863000 3.375000 0.000000
-0.037500 3.525000 0.000000
0.037500 3.525000 0.009693
0.112500 3.525000 0.009696
0.187500 3.525000 0.009704
0.262500 3.525000 0.009714
0.337500 3.525000 0.009729
0.412500 3.525000 0.009746
0.487500 3.525000 0.009766
0.562500 3.525000 0.009789
0.637500 3.525000 0.009813
0.712500 3.525000 0.009839
0.787500 3.525000 0.009865
0.862500 3.525000 0.009892
0.937500 3.525000 0.009918
1.012000 3.525000 0.009944
1.087000 3.525000 0.009968
1.163000 3.525000 0.009990
1.238000 3.525000 0.010010
1.313000 3.525000 0.010030
1.388000 3.525000 0.010040
1.463000 3.525000 0.010050
1.538000 3.525000 0.010050
1.613000 3.525000 0.010050
1.688000 3.525000 0.010050
1.763000 3.525000 0.010040
1.838000 3.525000 0.010030
1.913000 3.525000 0.010010
1.988000 3.525000 0.009985
2.063000 3.525000 0.009957
2.138000 3.525000 0.009926
2.213000 3.525000 0.009890
2.288000 3.525000 0.009850
2.363000 3.525000 0.009808
2.438000 3.525000 0.009763
2.513000 3.525000 0.009715
2.588000 3.525000 0.009666
2.663000 3.525000 0.009616
2.738000 3.525000 0.009566
2.813000 3.525000 0.009516
2.888000 3.525000 0.009466
2.963000 3.525000 0.009418
3.038000 3.525000 0.009372
3.113000 3.525000 0.009329
3.188000 3.525000 0.009288
3.263000 3.525000 0.009251
3.338000 3.525000 0.009218
3.413000 3.525000 0.009188
3.488000 3.525000 0.009163
3.563000 3.525000 0.009141
3.638000 3.525000 0.009124
3.713000 3.525000 0.009111
3.788000 3.525000 0.009104
3.863000 3.525000 0.000000
-0.037500 3.675000 0.000000
0.037500 3.675000 0.006762
0.112500 3.675000 0.006764
0.187500 3.675000 0.006768
0.262500 3.675000 0.006775
0.337500 3.675000 0.006784
0.412500 3.675000 0.006795
0.487500 3.675000 0.006808
0.562500 3.675000 0.006823
0.637500 3.675000 0.006838
0.712500 3.675000 0.006855
0.787500 3.675000 0.006872
0.862500 3.675000 0.006889
0.937500 3.675000 0.006906
1.012000 3.675000 0.006922
1.087000 3.675000 0.006937
1.163000 3.675000 0.006951
1.238000 3.675000 0.006963
1.313000 3.675000 0.006973
1.388000 3.675000 0.006981
1.463000 3.675000 0.006987
1.538000 3.675000 0.006989
1.613000 3.675000 0.006989
1.688000 3.675000 0.006985
1.763000 3.675000 0.006979
1.838000 3.675000 0.006969
1.913000 3.675000 0.006956
1.988000 3.675000 0.006940
2.063000 3.675000 0.006921
2.138000 3.675000 0.006899
2.213000 3.675000 0.006875
2.288000 3.675000 0.006848
2.363000 3.675000 0.006819
2.438000 3.675000 0.006788
2.513000 3.675000 0.006756
2.588000 3.675000 0.006723
2.663000 3.675000 0.006690
2.738000 3.675000 0.006656
2.813000 3.675000 0.006622
2.888000 3.675000 0.006589
2.963000 3.675000 0.006557
3.038000 3.675000 0.006526
3.113000 3.675000 0.006496
3.188000 3.675000 0.006469
3.263000 3.675000 0.006444
3.338000 3.675000 0.006421
3.413000 3.675000 0.006401
3.488000 3.675000 0.006383
3.563000 3.675000 0.006369
3.638000 3.675000 0.006357
3.713000 3.675000 0.006348
3.788000 3.675000 0.006342
3.863000 3.675000 0.000000
-0.037500 3.825000 0.000000
0.037500 3.825000 0.004682
0.112500 3.825000 0.004684
0.187500 3.825000 0.004687
0.262500 3.825000 0.004691
0.337500 3.825000 0.004697
0.412500 3.825000 0.004704
0.487500 3.825000 0.004712
0.562500 3.825000 0.004721
0.637500 3.825000 0.004731
0.712500 3.825000 0.004742
0.787500 3.825000 0.004752
0.862500 3.825000 0.004763
0.937500 3.825000 0.004774
1.012000 3.825000 0.004784
1.087000 3.825000 0.004794
1.163000 3.825000 0.004802
1.238000 3.825000 0.004810
1.313000 3.825000 0.004816
1.388000 3.825000 0.004821
1.463000 3.825000 0.004824
1.538000 3.825000 0.004825
1.613000 3.825000 0.004824
1.688000 3.825000 0.004822
1.763000 3.825000 0.004817
1.838000 3.825000 0.004810
1.913000 3.825000 0.004801
1.988000 3.825000 0.004790
2.063000 3.825000 0.004777
2.138000 3.825000 0.004762
2.213000 3.825000 0.004745
2.288000 3.825000 0.004727
2.363000 3.825000 0.004708
2.438000 3.825000 0.004687
2.513000 3.825000 0.004666
2.588000 3.825000 0.004644
2.663000 3.825000 0.004621
2.738000 3.825000 0.004598
2.813000 3.825000 0.004576
2.888000 3.825000 0.004554
2.963000 3.825000 0.004532
3.038000 3.825000 0.004511
3.113000 3.825000 0.004492
3.188000 3.825000 0.004473
3.263000 3.825000 0.004456
3.338000 3.825000 0.004441
3.413000 3.825000 0.004427
3.488000 3.825000 0.004415
3.563000 3.825000 0.004405
3.638000 3.825000 0.004397
3.713000 3.825000 0.004391
3.788000 3.825000 0.004387
3.863000 3.825000 0.000000
-0.037500 3.975000 0.000000
0.037500 3.975000 0.003221
0.112500 3.975000 0.003222
0.187500 3.975000 0.003224
0.262500 3.975000 0.003226
0.337500 3.975000 0.003230
0.412500 3.975000 0.003234
0.487500 3.975000 0.003240
0.562500 3.975000 0.003245
0.637500 3.975000 0.003252
0.712500 3.975000 0.003258
0.787500 3.975000 0.003265
0.862500 3.975000 0.003272
0.937500 3.975000 0.003279
1.012000 3.975000 0.003285
1.087000 3.975000 0.003291
1.163000 3.975000 0.003296
1.238000 3.975000 0.003301
1.313000 3.975000 0.003305
1.388000 3.975000 0.003307
1.463000 3.975000 0.003309
1.538000 3.975000 0.003310
1.613000 3.975000 0.003309
1.688000 3.975000 0.003307
1.763000 3.975000 0.003303
1.838000 3.975000 0.003298
1.913000 3.975000 0.003292
1.988000 3.975000 0.003284
2.063000 3.975000 0.003276
2.138000 3.975000 0.003266
2.213000 3.975000 0.003254
2.288000 3.975000 0.003242
2.363000 3.975000 0.003229
2.438000 3.975000 0.003216
2.513000 3.975000 0.003201
2.588000 3.975000 0.003186
2.663000 3.975000 0.003171
2.738000 3.975000 0.003156
2.813000 3.975000 0.003141
2.888000 3.975000 0.003127
2.963000 3.975000 0.003112
3.038000 3.975000 0.003098
3.113000 3.975000 0.003085
3.188000 3.975000 0.003073
3.263000 3.975000 0.003062
3.338000 3.975000 0.003051
3.413000 3.975000 0.003042
3.488000 3.975000 0.003034
3.563000 3.975000 0.003028
3.638000 3.975000 0.003022
3.713000 3.975000 0.003018
3.788000 3.975000 0.003015
3.863000 3.975000 0.000000
-0.037500 4.125000 0.000000
0.037500 4.125000 0.002203
0.112500 4.125000 0.002204
0.187500 4.125000 0.002205
0.262500 4.125000 0.002206
0.337500 4.125000 0.002209
0.412500 4.125000 0.002211
0.487500 4.125000 0.002215
0.562500 4.125000 0.002218
0.637500 4.125000 0.002222
0.712500 4.125000 0.002226
0.787500 4.125000 0.002231
0.862500 4.125000 0.002235
0.937500 4.125000 0.002239
1.012000 4.125000 0.002243
1.087000 4.125000 0.002247
1.163000 4.125000 0.002250
1.238000 4.125000 0.002253
1.313000 4.125000 0.002255
1.388000 4.125000 0.002257
1.463000 4.125000 0.002257
1.538000 4.125000 0.002257
1.613000 4.125000 0.002257
1.688000 4.125000 0.002255
1.763000 4.125000 0.002253
1.838000 4.125000 0.002249
1.913000 4.125000 0.002245
1.988000 4.125000 0.002240
2.063000 4.125000 0.002234
2.138000 4.125000 0.002227
2.213000 4.125000 0.002220
2.288000 4.125000 0.002212
2.363000 4.125000 0.002203
2.438000 4.125000 0.002194
2.513000 4.125000 0.002184
2.588000 4.125000 0.002174
2.663000 4.125000 0.002165
2.738000 4.125000 0.002155
2.813000 4.125000 0.002145
2.888000 4.125000 0.002135
2.963000 4.125000 0.002125
3.038000 4.125000 0.002116
3.113000 4.125000 0.002107
3.188000 4.125000 0.002099
3.263000 4.125000 0.002092
3.338000 4.125000 0.002085
3.413000 4.125000 0.002079
3.488000 4.125000 0.002073
3.563000 4.125000 0.002069
3.638000 4.125000 0.002065
3.713000 4.125000 0.002062
3.788000 4.125000 0.002060
3.863000 4.125000 0.000000
-0.037500 4.275000 0.000000
0.037500 4.275000 0.001501
0.112500 4.275000 0.001501
0.187500 4.275000 0.001502
0.262500 4.275000 0.001503
0.337500 4.275000 0.001504
0.412500 4.275000 0.001506
0.487500 4.275000 0.001508
0.562500 4.275000 0.001510
0.637500 4.275000 0.001513
0.712500 4.275000 0.001515
0.787500 4.275000 0.001518
0.862500 4.275000 0.001521
0.937500 4.275000 0.001523
1.012000 4.275000 0.001526
1.087000 4.275000 0.001528
1.163000 4.275000 0.001530
1.238000 4.275000 0.001532
1.313000 4.275000 0.001533
1.388000 4.275000 0.001534
1.463000 4.275000 0.001534
1.538000 4.275000 0.001534
1.613000 4.275000 0.001534
1.688000 4.275000 0.001532
1.763000 4.275000 0.001531
1.838000 4.275000 0.001528
1.913000 4.275000 0.001525
1.988000 4.275000 0.001522
2.063000 4.275000 0.001518
2.138000 4.275000 0.001513
2.213000 4.275000 0.001508
2.288000 4.275000 0.001503
2.363000 4.275000 0.001497
2.438000 4.275000 0.001491
2.513000 4.275000 0.001485
2.588000 4.275000 0.001478
2.663000 4.275000 0.001472
2.738000 4.275000 0.001465
2.813000 4.275000 0.001459
2.888000 4.275000 0.001452
2.963000 4.275000 0.001446
3.038000 4.275000 0.001440
3.113000 4.275000 0.001434
3.188000 4.275000 0.001429
3.263000 4.275000 0.001424
3.338000 4.275000 0.001419
3.413000 4.275000 0.001415
3.488000 4.275000 0.001412
3.563000 4.275000 0.001409
3.638000 4.275000 0.001406
3.713000 4.275000 0.001404
3.788000 4.275000 0.001403
3.863000 4.275000 0.000000
-0.037500 4.425000 0.000000
0.037500 4.425000 0.001023
0.112500 4.425000 0.001023
0.187500 4.425000 0.001024
0.262500 4.425000 0.001024
0.337500 4.425000 0.001025
0.412500 4.425000 0.001026
0.487500 4.425000 0.001027
0.562500 4.425000 0.001029
0.637500 4.425000 0.001030
0.712500 4.425000 0.001032
0.787500 4.425000 0.001034
0.862500 4.425000 0.001035
0.937500 4.425000 0.001037
1.012000 4.425000 0.001038
1.087000 4.425000 0.001040
1.163000 4.425000 0.001041
1.238000 4.425000 0.001042
1.313000 4.425000 0.001043
1.388000 4.425000 0.001043
1.463000 4.425000 0.001043
1.538000 4.425000 0.001043
1.613000 4.425000 0.001043
1.688000 4.425000 0.001042
1.763000 4.425000 0.001040
1.838000 4.425000 0.001039
1.913000 4.425000 0.001037
1.988000 4.425000 0.001034
2.063000 4.425000 0.001032
2.138000 4.425000 0.001029
2.213000 4.425000 0.001025
2.288000 4.425000 0.001022
2.363000 4.425000 0.001018
2.438000 4.425000 0.001014
2.513000 4.425000 0.001010
2.588000 4.425000 0.001006
2.663000 4.425000 0.001001
2.738000 4.425000 0.000997
2.813000 4.425000 0.000993
2.888000 4.425000 0.000988
2.963000 4.425000 0.000984
3.038000 4.425000 0.000980
3.113000 4.425000 0.000976
3.188000 4.425000 0.000973
3.263000 4.425000 0.000969
3.338000 4.425000 0.000967
3.413000 4.425000 0.000964
3.488000 4.425000 0.000961
3.563000 4.425000 0.000959
3.638000 4.425000 0.000958
3.713000 4.425000 0.000956
3.788000 4.425000 0.000955
3.863000 4.425000 0.000000
-0.037500 4.575000 0.000000
0.037500 4.575000 0.000704
0.112500 4.575000 0.000704
0.187500 4.575000 0.000704
0.262500 4.575000 0.000704
0.337500 4.575000 0.000705
0.412500 4.575000 0.000706
0.487500 4.575000 0.000706
0.562500 4.575000 0.000707
0.637500 4.575000 0.000708
0.712500 4.575000 0.000709
0.787500 4.575000 0.000710
0.862500 4.575000 0.000711
0.937500 4.575000 0.000712
1.012000 4.575000 0.000713
1.087000 4.575000 0.000714
1.163000 4.575000 0.000715
1.238000 4.575000 0.000715
1.313000 4.575000 0.000716
1.388000 4.575000 0.000716
1.463000 4.575000 0.000716
1.538000 4.575000 0.000716
1.613000 4.575000 0.000715
1.688000 4.575000 0.000715
1.763000 4.575000 0.000714
1.838000 4.575000 0.000713
1.913000 4.575000 0.000711
1.988000 4.575000 0.000710
2.063000 4.575000 0.000708
2.138000 4.575000 0.000706
2.213000 4.575000 0.000704
2.288000 4.575000 0.000701
2.363000 4.575000 0.000699
2.438000 4.575000 0.000696
2.513000 4.575000 0.000693
2.588000 4.575000 0.000690
2.663000 4.575000 0.000687
2.738000 4.575000 0.000685
2.813000 4.575000 0.000682
2.888000 4.575000 0.000679
2.963000 4.575000 0.000676
3.038000 4.575000 0.000674
3.113000 4.575000 0.000671
3.188000 4.575000 0.000669
3.263000 4.575000 0.000666
3.338000 4.575000 0.000664
3.413000 4.575000 0.000662
3.488000 4.575000 0.000661
3.563000 4.575000 0.000660
3.638000 4.575000 0.000658
3.713000 4.575000 0.000658
3.788000 4.575000 0.000657
3.863000 4.575000 0.000000
-0.037500 4.725000 0.000000
0.037500 4.725000 0.000498
0.112500 4.725000 0.000498
0.187500 4.725000 0.000498
0.262500 4.725000 0.000498
0.337500 4.725000 0.000499
0.412500 4.725000 0.000499
0.487500 4.725000 0.000500
0.562500 4.725000 0.000500
0.637500 4.725000 0.000501
0.712500 4.725000 0.000501
0.787500 4.725000 0.000502
0.862500 4.725000 0.000502
0.937500 4.725000 0.000503
1.012000 4.725000 0.000504
1.087000 4.725000 0.000504
1.163000 4.725000 0.000505
1.238000 4.725000 0.000505
1.313000 4.725000 0.000505
1.388000 4.725000 0.000505
1.463000 4.725000 0.000505
1.538000 4.725000 0.000505
1.613000 4.725000 0.000505
1.688000 4.725000 0.000504
1.763000 4.725000 0.000504
1.838000 4.725000 0.000503
1.913000 4.725000 0.000502
1.988000 4.725000 0.000501
2.063000 4.725000 0.000500
2.138000 4.725000 0.000498
2.213000 4.725000 0.000497
2.288000 4.725000 0.000495
2.363000 4.725000 0.000493
2.438000 4.725000 0.000491
2.513000 4.725000 0.000490
2.588000 4.725000 0.000488
2.663000 4.725000 0.000486
2.738000 4.725000 0.000484
2.813000 4.725000 0.000482
2.888000 4.725000 0.000480
2.963000 4.725000 0.000478
3.038000 4.725000 0.000476
3.113000 4.725000 0.000474
3.188000 4.725000 0.000473
3.263000 4.725000 0.000471
3.338000 4.725000 0.000470
3.413000 4.725000 0.000468
3.488000 4.725000 0.000467
3.563000 4.725000 0.000466
3.638000 4.725000 0.000466
3.713000 4.725000 0.000465
3.788000 4.725000 0.000465
3.863000 4.725000 0.000000
-0.037500 4.875000 0.000000
0.037500 4.875000 0.000375
0.112500 4.875000 0.000375
0.187500 4.875000 0.000375
0.262500 4.875000 0.000376
0.337500 4.875000 0.000376
0.412500 4.875000 0.000376
0.487500 4.875000 0.000376
0.562500 4.875000 0.000377
0.637500 4.875000 0.000377
0.712500 4.875000 0.000378
0.787500 4.875000 0.000378
0.862500 4.875000 0.000379
0.937500 4.875000 0.000379
1.012000 4.875000 0.000379
1.087000 4.875000 0.000380
1.163000 4.875000 0.000380
1.238000 4.875000 0.000380
1.313000 4.875000 0.000380
1.388000 4.875000 0.000380
1.463000 4.875000 0.000380
1.538000 4.875000 0.000380
1.613000 4.875000 0.000380
1.688000 4.875000 0.000380
1.763000 4.875000 0.000379
1.838000 4.875000 0.000378
1.913000 4.875000 0.000378
1.988000 4.875000 0.000377
2.063000 4.875000 0.000376
2.138000 4.875000 0.000375
2.213000 4.875000 0.000374
2.288000 4.875000 0.000373
2.363000 4.875000 0.000371
2.438000 4.875000 0.000370
2.513000 4.875000 0.000369
2.588000 4.875000 0.000367
2.663000 4.875000 0.000366
2.738000 4.875000 0.000364
2.813000 4.875000 0.000363
2.888000 4.875000 0.000361
2.963000 4.875000 0.000360
3.038000 4.875000 0.000359
3.113000 4.875000 0.000357
3.188000 4.875000 0.000356
3.263000 4.875000 0.000355
3.338000 4.875000 0.000354
3.413000 4.875000 0.000353
3.488000 4.875000 0.000352
3.563000 4.875000 0.000352
3.638000 4.875000 0.000351
3.713000 4.875000 0.000350
3.788000 4.875000 0.000350
3.863000 4.875000 0.000000
-0.037500 5.025000 0.000000
0.037500 5.025000 0.000318
0.112500 5.025000 0.000318
0.187500 5.025000 0.000319
0.262500 5.025000 0.000319
0.337500 5.025000 0.000319
0.412500 5.025000 0.000319
0.487500 5.025000 0.000319
0.562500 5.025000 0.000319
0.637500 5.025000 0.000320
0.712500 5.025000 0.000320
0.787500 5.025000 0.000320
0.862500 5.025000 0.000321
0.937500 5.025000 0.000321
1.012000 5.025000 0.000322
1.087000 5.025000 0.000322
1.163000 5.025000 0.000322
1.238000 5.025000 0.000322
1.313000 5.025000 0.000322
1.388000 5.025000 0.000322
1.463000 5.025000 0.000322
1.538000 5.025000 0.000322
1.613000 5.025000 0.000322
1.688000 5.025000 0.000322
1.763000 5.025000 0.000321
1.838000 5.025000 0.000320
1.913000 5.025000 0.000320
1.988000 5.025000 0.000319
2.063000 5.025000 0.000318
2.138000 5.025000 0.000318
2.213000 5.025000 0.000317
2.288000 5.025000 0.000316
2.363000 5.025000 0.000315
2.438000 5.025000 0.000313
2.513000 5.025000 0.000312
2.588000 5.025000 0.000311
2.663000 5.025000 0.000310
2.738000 5.025000 0.000309
2.813000 5.025000 0.000307
2.888000 5.025000 0.000306
2.963000 5.025000 0.000305
3.038000 5.025000 0.000304
3.113000 5.025000 0.000303
3.188000 5.025000 0.000302
3.263000 5.025000 0.000301
3.338000 5.025000 0.000300
3.413000 5.025000 0.000299
3.488000 5.025000 0.000299
3.563000 5.025000 0.000298
3.638000 5.025000 0.000298
3.713000 5.025000 0.000297
3.788000 5.025000 0.000297
3.863000 5.025000 0.000000
-0.037500 5.175000 0.000000
0.037500 5.175000 0.000000
0.112500 5.175000 0.000000
0.187500 5.175000 0.000000
0.262500 5.175000 0.000000
0.337500 5.175000 0.000000
0.412500 5.175000 0.000000
0.487500 5.175000 0.000000
0.562500 5.175000 0.000000
0.637500 5.175000 0.000000
0.712500 5.175000 0.000000
0.787500 5.175000 0.000000
0.862500 5.175000 0.000000
0.937500 5.175000 0.000000
1.012000 5.175000 0.000000
1.087000 5.175000 0.000000
1.163000 5.175000 0.000000
1.238000 5.175000 0.000000
1.313000 5.175000 0.000000
1.388000 5.175000 0.000000
1.463000 5.175000 0.000000
1.538000 5.175000 0.000000
1.613000 5.175000 0.000000
1.688000 5.175000 0.000000
1.763000 5.175000 0.000000
1.838000 5.175000 0.000000
1.913000 5.175000 0.000000
1.988000 5.175000 0.000000
2.063000 5.175000 0.000000
2.138000 5.175000 0.000000
2.213000 5.175000 0.000000
2.288000 5.175000 0.000000
2.363000 5.175000 0.000000
2.438000 5.175000 0.000000
2.513000 5.175000 0.000000
2.588000 5.175000 0.000000
2.663000 5.175000 0.000000
2.738000 5.175000 0.000000
2.813000 5.175000 0.000000
2.888000 5.175000 0.000000
2.963000 5.175000 0.000000
3.038000 5.175000 0.000000
3.113000 5.175000 0.000000
3.188000 5.175000 0.000000
3.263000 5.175000 0.000000
3.338000 5.175000 0.000000
3.413000 5.175000 0.000000
3.488000 5.175000 0.000000
3.563000 5.175000 0.000000
3.638000 5.175000 0.000000
3.713000 5.175000 0.000000
3.788000 5.175000 0.000000
3.863000 5.175000 0.000000
