-0.037500 -0.075000 0.000000
0.037500 -0.075000 0.000000
0.112500 -0.075000 0.000000
0.187500 -0.075000 0.000000
0.262500 -0.075000 0.000000
0.337500 -0.075000 0.000000
0.412500 -0.075000 0.000000
0.487500 -0.075000 0.000000
0.562500 -0.075000 0.000000
0.637500 -0.075000 0.000000
0.712500 -0.075000 0.000000
0.787500 -0.075000 0.000000
0.862500 -0.075000 0.000000
0.937500 -0.075000 0.000000
1.012000 -0.075000 0.000000
1.087000 -0.075000 0.000000
1.163000 -0.075000 0.000000
1.238000 -0.075000 0.000000
1.313000 -0.075000 0.000000
1.388000 -0.075000 0.000000
1.463000 -0.075000 0.000000
1.538000 -0.075000 0.000000
1.613000 -0.075000 0.000000
1.688000 -0.075000 0.000000
1.763000 -0.075000 0.000000
1.838000 -0.075000 0.000000
1.913000 -0.075000 0.000000
1.988000 -0.075000 0.000000
2.063000 -0.075000 0.000000
2.138000 -0.075000 0.000000
2.213000 -0.075000 0.000000
2.288000 -0.075000 0.000000
2.363000 -0.075000 0.000000
2.438000 -0.075000 0.000000
2.513000 -0.075000 0.000000
2.588000 -0.075000 0.000000
2.663000 -0.075000 0.000000
2.738000 -0.075000 0.000000
2.813000 -0.075000 0.000000
2.888000 -0.075000 0.000000
2.963000 -0.075000 0.000000
3.038000 -0.075000 0.000000
3.113000 -0.075000 0.000000
3.188000 -0.075000 0.000000
3.263000 -0.075000 0.000000
3.338000 -0.075000 0.000000
3.413000 -0.075000 0.000000
3.488000 -0.075000 0.000000
3.563000 -0.075000 0.000000
3.638000 -0.075000 0.000000
3.713000 -0.075000 0.000000
3.788000 -0.075000 0.000000
3.863000 -0.075000 0.000000
-0.037500 0.075000 0.000000
0.037500 0.075000 0.068400
0.112500 0.075000 0.136800
0.187500 0.075000 0.205200
0.262500 0.075000 0.273600
0.337500 0.075000 0.341900
0.412500 0.075000 0.410200
0.487500 0.075000 0.478500
0.562500 0.075000 0.546500
0.637500 0.075000 0.614400
0.712500 0.075000 0.681900
0.787500 0.075000 0.748900
0.862500 0.075000 0.815300
0.937500 0.075000 0.880800
1.012000 0.075000 0.945100
1.087000 0.075000 1.008000
1.163000 0.075000 1.069000
1.238000 0.075000 1.127000
1.313000 0.075000 1.183000
1.388000 0.075000 1.235000
1.463000 0.075000 1.282000
1.538000 0.075000 1.325000
1.613000 0.075000 1.361000
1.688000 0.075000 1.391000
1.763000 0.075000 1.414000
1.838000 0.075000 1.429000
1.913000 0.075000 1.436000
1.988000 0.075000 1.436000
2.063000 0.075000 1.428000
2.138000 0.075000 1.412000
2.213000 0.075000 1.391000
2.288000 0.075000 1.364000
2.363000 0.075000 1.332000
2.438000 0.075000 1.297000
2.513000 0.075000 1.260000
2.588000 0.075000 1.221000
2.663000 0.075000 1.180000
2.738000 0.075000 1.140000
2.813000 0.075000 1.099000
2.888000 0.075000 1.059000
2.963000 0.075000 1.020000
3.038000 0.075000 0.981800
3.113000 0.075000 0.944800
3.188000 0.075000 0.909100
3.263000 0.075000 0.874900
3.338000 0.075000 0.842000
3.413000 0.075000 0.810500
3.488000 0.075000 0.780400
3.563000 0.075000 0.751700
3.638000 0.075000 0.724200
3.713000 0.075000 0.698100
3.788000 0.075000 0.673200
3.863000 0.075000 0.000000
-0.037500 0.225000 0.000000
0.037500 0.225000 0.068400
0.112500 0.225000 0.136800
0.187500 0.225000 0.205200
0.262500 0.225000 0.273600
0.337500 0.225000 0.341900
0.412500 0.225000 0.410200
0.487500 0.225000 0.478500
0.562500 0.225000 0.546500
0.637500 0.225000 0.614400
0.712500 0.225000 0.681900
0.787500 0.225000 0.748900
0.862500 0.225000 0.815300
0.937500 0.225000 0.880800
1.012000 0.225000 0.945100
1.087000 0.225000 1.008000
1.163000 0.225000 1.069000
1.238000 0.225000 1.127000
1.313000 0.225000 1.183000
1.388000 0.225000 1.235000
1.463000 0.225000 1.282000
1.538000 0.225000 1.325000
1.613000 0.225000 1.361000
1.688000 0.225000 1.391000
1.763000 0.225000 1.414000
1.838000 0.225000 1.429000
1.913000 0.225000 1.436000
1.988000 0.225000 1.436000
2.063000 0.225000 1.428000
2.138000 0.225000 1.412000
2.213000 0.225000 1.391000
2.288000 0.225000 1.364000
2.363000 0.225000 1.332000
2.438000 0.225000 1.297000
2.513000 0.225000 1.260000
2.588000 0.225000 1.221000
2.663000 0.225000 1.180000
2.738000 0.225000 1.140000
2.813000 0.225000 1.099000
2.888000 0.225000 1.059000
2.963000 0.225000 1.020000
3.038000 0.225000 0.981800
3.113000 0.225000 0.944800
3.188000 0.225000 0.909100
3.263000 0.225000 0.874900
3.338000 0.225000 0.842000
3.413000 0.225000 0.810500
3.488000 0.225000 0.780400
3.563000 0.225000 0.751700
3.638000 0.225000 0.724200
3.713000 0.225000 0.698100
3.788000 0.225000 0.673200
3.863000 0.225000 0.000000
-0.037500 0.375000 0.000000
0.037500 0.375000 0.342400
0.112500 0.375000 0.360400
0.187500 0.375000 0.388800
0.262500 0.375000 0.424000
0.337500 0.375000 0.463700
0.412500 0.375000 0.506500
0.487500 0.375000 0.551500
0.562500 0.375000 0.597900
0.637500 0.375000 0.645300
0.712500 0.375000 0.693200
0.787500 0.375000 0.741300
0.862500 0.375000 0.789300
0.937500 0.375000 0.836800
1.012000 0.375000 0.883500
1.087000 0.375000 0.929100
1.163000 0.375000 0.973000
1.238000 0.375000 1.015000
1.313000 0.375000 1.055000
1.388000 0.375000 1.091000
1.463000 0.375000 1.125000
1.538000 0.375000 1.154000
1.613000 0.375000 1.179000
1.688000 0.375000 1.200000
1.763000 0.375000 1.215000
1.838000 0.375000 1.225000
1.913000 0.375000 1.229000
1.988000 0.375000 1.228000
2.063000 0.375000 1.222000
2.138000 0.375000 1.211000
2.213000 0.375000 1.196000
2.288000 0.375000 1.177000
2.363000 0.375000 1.154000
2.438000 0.375000 1.129000
2.513000 0.375000 1.101000
2.588000 0.375000 1.073000
2.663000 0.375000 1.043000
2.738000 0.375000 1.012000
2.813000 0.375000 0.981500
2.888000 0.375000 0.951000
2.963000 0.375000 0.921000
3.038000 0.375000 0.891700
3.113000 0.375000 0.863300
3.188000 0.375000 0.835900
3.263000 0.375000 0.809800
3.338000 0.375000 0.785000
3.413000 0.375000 0.761700
3.488000 0.375000 0.740200
3.563000 0.375000 0.720800
3.638000 0.375000 0.703900
3.713000 0.375000 0.690600
3.788000 0.375000 0.682400
3.863000 0.375000 0.000000
-0.037500 0.525000 0.000000
0.037500 0.525000 0.469700
0.112500 0.525000 0.476600
0.187500 0.525000 0.489300
0.262500 0.525000 0.506600
0.337500 0.525000 0.527500
0.412500 0.525000 0.551300
0.487500 0.525000 0.577300
0.562500 0.525000 0.605000
0.637500 0.525000 0.633800
0.712500 0.525000 0.663500
0.787500 0.525000 0.693700
0.862500 0.525000 0.724000
0.937500 0.525000 0.754200
1.012000 0.525000 0.783900
1.087000 0.525000 0.812900
1.163000 0.525000 0.840800
1.238000 0.525000 0.867400
1.313000 0.525000 0.892300
1.388000 0.525000 0.915200
1.463000 0.525000 0.935800
1.538000 0.525000 0.953900
1.613000 0.525000 0.969100
1.688000 0.525000 0.981200
1.763000 0.525000 0.990200
1.838000 0.525000 0.995800
1.913000 0.525000 0.998000
1.988000 0.525000 0.997000
2.063000 0.525000 0.992600
2.138000 0.525000 0.985300
2.213000 0.525000 0.975100
2.288000 0.525000 0.962400
2.363000 0.525000 0.947600
2.438000 0.525000 0.930900
2.513000 0.525000 0.912700
2.588000 0.525000 0.893400
2.663000 0.525000 0.873300
2.738000 0.525000 0.852700
2.813000 0.525000 0.831900
2.888000 0.525000 0.811100
2.963000 0.525000 0.790600
3.038000 0.525000 0.770500
3.113000 0.525000 0.751100
3.188000 0.525000 0.732600
3.263000 0.525000 0.715000
3.338000 0.525000 0.698600
3.413000 0.525000 0.683600
3.488000 0.525000 0.670100
3.563000 0.525000 0.658500
3.638000 0.525000 0.649000
3.713000 0.525000 0.642200
3.788000 0.525000 0.638600
3.863000 0.525000 0.000000
-0.037500 0.675000 0.000000
0.037500 0.675000 0.520400
0.112500 0.675000 0.523600
0.187500 0.675000 0.529800
0.262500 0.675000 0.538800
0.337500 0.675000 0.550100
0.412500 0.675000 0.563600
0.487500 0.675000 0.578700
0.562500 0.675000 0.595200
0.637500 0.675000 0.612900
0.712500 0.675000 0.631400
0.787500 0.675000 0.650400
0.862500 0.675000 0.669600
0.937500 0.675000 0.688900
1.012000 0.675000 0.708000
1.087000 0.675000 0.726500
1.163000 0.675000 0.744400
1.238000 0.675000 0.761300
1.313000 0.675000 0.777100
1.388000 0.675000 0.791500
1.463000 0.675000 0.804400
1.538000 0.675000 0.815600
1.613000 0.675000 0.824800
1.688000 0.675000 0.832100
1.763000 0.675000 0.837300
1.838000 0.675000 0.840400
1.913000 0.675000 0.841300
1.988000 0.675000 0.840100
2.063000 0.675000 0.836800
2.138000 0.675000 0.831600
2.213000 0.675000 0.824500
2.288000 0.675000 0.815800
2.363000 0.675000 0.805700
2.438000 0.675000 0.794300
2.513000 0.675000 0.781800
2.588000 0.675000 0.768500
2.663000 0.675000 0.754600
2.738000 0.675000 0.740300
2.813000 0.675000 0.725800
2.888000 0.675000 0.711300
2.963000 0.675000 0.696900
3.038000 0.675000 0.682900
3.113000 0.675000 0.669400
3.188000 0.675000 0.656600
3.263000 0.675000 0.644600
3.338000 0.675000 0.633600
3.413000 0.675000 0.623700
3.488000 0.675000 0.615100
3.563000 0.675000 0.607900
3.638000 0.675000 0.602400
3.713000 0.675000 0.598600
3.788000 0.675000 0.596600
3.863000 0.675000 0.000000
-0.037500 0.825000 0.000000
0.037500 0.825000 0.523100
0.112500 0.825000 0.525300
0.187500 0.825000 0.529800
0.262500 0.825000 0.536300
0.337500 0.825000 0.544700
0.412500 0.825000 0.554800
0.487500 0.825000 0.566300
0.562500 0.825000 0.579000
0.637500 0.825000 0.592600
0.712500 0.825000 0.607000
0.787500 0.825000 0.621900
0.862500 0.825000 0.637100
0.937500 0.825000 0.652300
1.012000 0.825000 0.667300
1.087000 0.825000 0.682000
1.163000 0.825000 0.696200
1.238000 0.825000 0.709500
1.313000 0.825000 0.721900
1.388000 0.825000 0.733200
1.463000 0.825000 0.743300
1.538000 0.825000 0.751900
1.613000 0.825000 0.759100
1.688000 0.825000 0.764600
1.763000 0.825000 0.768500
1.838000 0.825000 0.770600
1.913000 0.825000 0.771100
1.988000 0.825000 0.769900
2.063000 0.825000 0.767000
2.138000 0.825000 0.762600
2.213000 0.825000 0.756700
2.288000 0.825000 0.749400
2.363000 0.825000 0.741000
2.438000 0.825000 0.731600
2.513000 0.825000 0.721300
2.588000 0.825000 0.710300
2.663000 0.825000 0.698700
2.738000 0.825000 0.686900
2.813000 0.825000 0.674800
2.888000 0.825000 0.662700
2.963000 0.825000 0.650800
3.038000 0.825000 0.639200
3.113000 0.825000 0.628000
3.188000 0.825000 0.617400
3.263000 0.825000 0.607600
3.338000 0.825000 0.598600
3.413000 0.825000 0.590600
3.488000 0.825000 0.583700
3.563000 0.825000 0.578100
3.638000 0.825000 0.573700
3.713000 0.825000 0.570800
3.788000 0.825000 0.569300
3.863000 0.825000 0.000000
-0.037500 0.975000 0.000000
0.037500 0.975000 0.511100
0.112500 0.975000 0.512800
0.187500 0.975000 0.516300
0.262500 0.975000 0.521300
0.337500 0.975000 0.527900
0.412500 0.975000 0.535800
0.487500 0.975000 0.544800
0.562500 0.975000 0.554900
0.637500 0.975000 0.565900
0.712500 0.975000 0.577400
0.787500 0.975000 0.589400
0.862500 0.975000 0.601700
0.937500 0.975000 0.614000
1.012000 0.975000 0.626200
1.087000 0.975000 0.638100
1.163000 0.975000 0.649600
1.238000 0.975000 0.660400
1.313000 0.975000 0.670400
1.388000 0.975000 0.679500
1.463000 0.975000 0.687600
1.538000 0.975000 0.694500
1.613000 0.975000 0.700200
1.688000 0.975000 0.704500
1.763000 0.975000 0.707500
1.838000 0.975000 0.709100
1.913000 0.975000 0.709200
1.988000 0.975000 0.708000
2.063000 0.975000 0.705400
2.138000 0.975000 0.701600
2.213000 0.975000 0.696500
2.288000 0.975000 0.690300
2.363000 0.975000 0.683200
2.438000 0.975000 0.675200
2.513000 0.975000 0.666400
2.588000 0.975000 0.657100
2.663000 0.975000 0.647300
2.738000 0.975000 0.637300
2.813000 0.975000 0.627000
2.888000 0.975000 0.616800
2.963000 0.975000 0.606700
3.038000 0.975000 0.596900
3.113000 0.975000 0.587400
3.188000 0.975000 0.578500
3.263000 0.975000 0.570300
3.338000 0.975000 0.562800
3.413000 0.975000 0.556100
3.488000 0.975000 0.550400
3.563000 0.975000 0.545800
3.638000 0.975000 0.542200
3.713000 0.975000 0.539800
3.788000 0.975000 0.538700
3.863000 0.975000 0.000000
-0.037500 1.125000 0.000000
0.037500 1.125000 0.489200
0.112500 1.125000 0.490700
0.187500 1.125000 0.493500
0.262500 1.125000 0.497700
0.337500 1.125000 0.503100
0.412500 1.125000 0.509700
0.487500 1.125000 0.517300
0.562500 1.125000 0.525700
0.637500 1.125000 0.534900
0.712500 1.125000 0.544700
0.787500 1.125000 0.554800
0.862500 1.125000 0.565200
0.937500 1.125000 0.575600
1.012000 1.125000 0.585900
1.087000 1.125000 0.596000
1.163000 1.125000 0.605700
1.238000 1.125000 0.614900
1.313000 1.125000 0.623400
1.388000 1.125000 0.631100
1.463000 1.125000 0.637900
1.538000 1.125000 0.643700
1.613000 1.125000 0.648400
1.688000 1.125000 0.652000
1.763000 1.125000 0.654400
1.838000 1.125000 0.655600
1.913000 1.125000 0.655600
1.988000 1.125000 0.654400
2.063000 1.125000 0.652100
2.138000 1.125000 0.648600
2.213000 1.125000 0.644100
2.288000 1.125000 0.638700
2.363000 1.125000 0.632400
2.438000 1.125000 0.625400
2.513000 1.125000 0.617800
2.588000 1.125000 0.609600
2.663000 1.125000 0.601000
2.738000 1.125000 0.592200
2.813000 1.125000 0.583300
2.888000 1.125000 0.574300
2.963000 1.125000 0.565500
3.038000 1.125000 0.556900
3.113000 1.125000 0.548700
3.188000 1.125000 0.540900
3.263000 1.125000 0.533700
3.338000 1.125000 0.527200
3.413000 1.125000 0.521500
3.488000 1.125000 0.516600
3.563000 1.125000 0.512600
3.638000 1.125000 0.509500
3.713000 1.125000 0.507500
3.788000 1.125000 0.506500
3.863000 1.125000 0.000000
-0.037500 1.275000 0.000000
0.037500 1.275000 0.431600
0.112500 1.275000 0.432700
0.187500 1.275000 0.435000
0.262500 1.275000 0.438300
0.337500 1.275000 0.442700
0.412500 1.275000 0.447900
0.487500 1.275000 0.454000
0.562500 1.275000 0.460800
0.637500 1.275000 0.468200
0.712500 1.275000 0.476000
0.787500 1.275000 0.484200
0.862500 1.275000 0.492500
0.937500 1.275000 0.501000
1.012000 1.275000 0.509300
1.087000 1.275000 0.517500
1.163000 1.275000 0.525300
1.238000 1.275000 0.532700
1.313000 1.275000 0.539500
1.388000 1.275000 0.545700
1.463000 1.275000 0.551100
1.538000 1.275000 0.555800
1.613000 1.275000 0.559600
1.688000 1.275000 0.562400
1.763000 1.275000 0.564300
1.838000 1.275000 0.565200
1.913000 1.275000 0.565100
1.988000 1.275000 0.564000
2.063000 1.275000 0.562000
2.138000 1.275000 0.559100
2.213000 1.275000 0.555400
2.288000 1.275000 0.550900
2.363000 1.275000 0.545700
2.438000 1.275000 0.539800
2.513000 1.275000 0.533500
2.588000 1.275000 0.526700
2.663000 1.275000 0.519600
2.738000 1.275000 0.512300
2.813000 1.275000 0.504900
2.888000 1.275000 0.497500
2.963000 1.275000 0.490200
3.038000 1.275000 0.483100
3.113000 1.275000 0.476300
3.188000 1.275000 0.469900
3.263000 1.275000 0.464000
3.338000 1.275000 0.458700
3.413000 1.275000 0.453900
3.488000 1.275000 0.449900
3.563000 1.275000 0.446600
3.638000 1.275000 0.444100
3.713000 1.275000 0.442500
3.788000 1.275000 0.441600
3.863000 1.275000 0.000000
-0.037500 1.425000 0.000000
0.037500 1.425000 0.350900
0.112500 1.425000 0.351700
0.187500 1.425000 0.353400
0.262500 1.425000 0.355800
0.337500 1.425000 0.358900
0.412500 1.425000 0.362600
0.487500 1.425000 0.367000
0.562500 1.425000 0.371900
0.637500 1.425000 0.377200
0.712500 1.425000 0.382900
0.787500 1.425000 0.388800
0.862500 1.425000 0.394800
0.937500 1.425000 0.400900
1.012000 1.425000 0.406900
1.087000 1.425000 0.412800
1.163000 1.425000 0.418500
1.238000 1.425000 0.423800
1.313000 1.425000 0.428800
1.388000 1.425000 0.433200
1.463000 1.425000 0.437100
1.538000 1.425000 0.440500
1.613000 1.425000 0.443100
1.688000 1.425000 0.445100
1.763000 1.425000 0.446400
1.838000 1.425000 0.447000
1.913000 1.425000 0.446800
1.988000 1.425000 0.446000
2.063000 1.425000 0.444400
2.138000 1.425000 0.442200
2.213000 1.425000 0.439300
2.288000 1.425000 0.435900
2.363000 1.425000 0.432000
2.438000 1.425000 0.427600
2.513000 1.425000 0.422800
2.588000 1.425000 0.417800
2.663000 1.425000 0.412500
2.738000 1.425000 0.407000
2.813000 1.425000 0.401400
2.888000 1.425000 0.395900
2.963000 1.425000 0.390500
3.038000 1.425000 0.385200
3.113000 1.425000 0.380100
3.188000 1.425000 0.375300
3.263000 1.425000 0.370900
3.338000 1.425000 0.366900
3.413000 1.425000 0.363400
3.488000 1.425000 0.360400
3.563000 1.425000 0.358000
3.638000 1.425000 0.356100
3.713000 1.425000 0.354900
3.788000 1.425000 0.354300
3.863000 1.425000 0.000000
-0.037500 1.575000 0.000000
0.037500 1.575000 0.279000
0.112500 1.575000 0.279600
0.187500 1.575000 0.280700
0.262500 1.575000 0.282400
0.337500 1.575000 0.284600
0.412500 1.575000 0.287300
0.487500 1.575000 0.290400
0.562500 1.575000 0.293800
0.637500 1.575000 0.297600
0.712500 1.575000 0.301600
0.787500 1.575000 0.305800
0.862500 1.575000 0.310100
0.937500 1.575000 0.314400
1.012000 1.575000 0.318700
1.087000 1.575000 0.322900
1.163000 1.575000 0.326900
1.238000 1.575000 0.330700
1.313000 1.575000 0.334200
1.388000 1.575000 0.337400
1.463000 1.575000 0.340100
1.538000 1.575000 0.342500
1.613000 1.575000 0.344300
1.688000 1.575000 0.345700
1.763000 1.575000 0.346600
1.838000 1.575000 0.346900
1.913000 1.575000 0.346700
1.988000 1.575000 0.346000
2.063000 1.575000 0.344800
2.138000 1.575000 0.343200
2.213000 1.575000 0.341000
2.288000 1.575000 0.338500
2.363000 1.575000 0.335600
2.438000 1.575000 0.332300
2.513000 1.575000 0.328800
2.588000 1.575000 0.325100
2.663000 1.575000 0.321200
2.738000 1.575000 0.317200
2.813000 1.575000 0.313100
2.888000 1.575000 0.309000
2.963000 1.575000 0.305000
3.038000 1.575000 0.301100
3.113000 1.575000 0.297400
3.188000 1.575000 0.293900
3.263000 1.575000 0.290700
3.338000 1.575000 0.287800
3.413000 1.575000 0.285200
3.488000 1.575000 0.283000
3.563000 1.575000 0.281200
3.638000 1.575000 0.279900
3.713000 1.575000 0.278900
3.788000 1.575000 0.278500
3.863000 1.575000 0.000000
-0.037500 1.725000 0.000000
0.037500 1.725000 0.216900
0.112500 1.725000 0.217300
0.187500 1.725000 0.218100
0.262500 1.725000 0.219300
0.337500 1.725000 0.220800
0.412500 1.725000 0.222600
0.487500 1.725000 0.224800
0.562500 1.725000 0.227200
0.637500 1.725000 0.229800
0.712500 1.725000 0.232600
0.787500 1.725000 0.235500
0.862500 1.725000 0.238500
0.937500 1.725000 0.241500
1.012000 1.725000 0.244500
1.087000 1.725000 0.247400
1.163000 1.725000 0.250200
1.238000 1.725000 0.252900
1.313000 1.725000 0.255300
1.388000 1.725000 0.257500
1.463000 1.725000 0.259400
1.538000 1.725000 0.261000
1.613000 1.725000 0.262200
1.688000 1.725000 0.263100
1.763000 1.725000 0.263700
1.838000 1.725000 0.263900
1.913000 1.725000 0.263700
1.988000 1.725000 0.263200
2.063000 1.725000 0.262300
2.138000 1.725000 0.261000
2.213000 1.725000 0.259500
2.288000 1.725000 0.257600
2.363000 1.725000 0.255500
2.438000 1.725000 0.253200
2.513000 1.725000 0.250600
2.588000 1.725000 0.247900
2.663000 1.725000 0.245100
2.738000 1.725000 0.242200
2.813000 1.725000 0.239300
2.888000 1.725000 0.236300
2.963000 1.725000 0.233400
3.038000 1.725000 0.230600
3.113000 1.725000 0.228000
3.188000 1.725000 0.225500
3.263000 1.725000 0.223100
3.338000 1.725000 0.221100
3.413000 1.725000 0.219200
3.488000 1.725000 0.217600
3.563000 1.725000 0.216400
3.638000 1.725000 0.215400
3.713000 1.725000 0.214700
3.788000 1.725000 0.214400
3.863000 1.725000 0.000000
-0.037500 1.875000 0.000000
0.037500 1.875000 0.164400
0.112500 1.875000 0.164700
0.187500 1.875000 0.165200
0.262500 1.875000 0.166000
0.337500 1.875000 0.167000
0.412500 1.875000 0.168300
0.487500 1.875000 0.169700
0.562500 1.875000 0.171300
0.637500 1.875000 0.173100
0.712500 1.875000 0.175000
0.787500 1.875000 0.177000
0.862500 1.875000 0.179000
0.937500 1.875000 0.181000
1.012000 1.875000 0.183000
1.087000 1.875000 0.185000
1.163000 1.875000 0.186900
1.238000 1.875000 0.188700
1.313000 1.875000 0.190300
1.388000 1.875000 0.191800
1.463000 1.875000 0.193000
1.538000 1.875000 0.194100
1.613000 1.875000 0.194900
1.688000 1.875000 0.195500
1.763000 1.875000 0.195800
1.838000 1.875000 0.195900
1.913000 1.875000 0.195800
1.988000 1.875000 0.195400
2.063000 1.875000 0.194700
2.138000 1.875000 0.193800
2.213000 1.875000 0.192700
2.288000 1.875000 0.191400
2.363000 1.875000 0.189900
2.438000 1.875000 0.188200
2.513000 1.875000 0.186400
2.588000 1.875000 0.184500
2.663000 1.875000 0.182600
2.738000 1.875000 0.180500
2.813000 1.875000 0.178500
2.888000 1.875000 0.176400
2.963000 1.875000 0.174400
3.038000 1.875000 0.172500
3.113000 1.875000 0.170600
3.188000 1.875000 0.168800
3.263000 1.875000 0.167200
3.338000 1.875000 0.165800
3.413000 1.875000 0.164500
3.488000 1.875000 0.163400
3.563000 1.875000 0.162500
3.638000 1.875000 0.161800
3.713000 1.875000 0.161300
3.788000 1.875000 0.161100
3.863000 1.875000 0.000000
-0.037500 2.025000 0.000000
0.037500 2.025000 0.120700
0.112500 2.025000 0.120900
0.187500 2.025000 0.121200
0.262500 2.025000 0.121700
0.337500 2.025000 0.122400
0.412500 2.025000 0.123200
0.487500 2.025000 0.124100
0.562500 2.025000 0.125100
0.637500 2.025000 0.126300
0.712500 2.025000 0.127500
0.787500 2.025000 0.128700
0.862500 2.025000 0.130000
0.937500 2.025000 0.131300
1.012000 2.025000 0.132600
1.087000 2.025000 0.133900
1.163000 2.025000 0.135100
1.238000 2.025000 0.136200
1.313000 2.025000 0.137200
1.388000 2.025000 0.138100
1.463000 2.025000 0.138900
1.538000 2.025000 0.139600
1.613000 2.025000 0.140100
1.688000 2.025000 0.140500
1.763000 2.025000 0.140600
1.838000 2.025000 0.140700
1.913000 2.025000 0.140500
1.988000 2.025000 0.140200
2.063000 2.025000 0.139800
2.138000 2.025000 0.139100
2.213000 2.025000 0.138400
2.288000 2.025000 0.137500
2.363000 2.025000 0.136500
2.438000 2.025000 0.135400
2.513000 2.025000 0.134200
2.588000 2.025000 0.132900
2.663000 2.025000 0.131600
2.738000 2.025000 0.130200
2.813000 2.025000 0.128800
2.888000 2.025000 0.127500
2.963000 2.025000 0.126100
3.038000 2.025000 0.124800
3.113000 2.025000 0.123600
3.188000 2.025000 0.122400
3.263000 2.025000 0.121400
3.338000 2.025000 0.120400
3.413000 2.025000 0.119500
3.488000 2.025000 0.118800
3.563000 2.025000 0.118200
3.638000 2.025000 0.117800
3.713000 2.025000 0.117400
3.788000 2.025000 0.117300
3.863000 2.025000 0.000000
-0.037500 2.175000 0.000000
0.037500 2.175000 0.084580
0.112500 2.175000 0.084670
0.187500 2.175000 0.084860
0.262500 2.175000 0.085140
0.337500 2.175000 0.085500
0.412500 2.175000 0.085950
0.487500 2.175000 0.086470
0.562500 2.175000 0.087060
0.637500 2.175000 0.087690
0.712500 2.175000 0.088370
0.787500 2.175000 0.089080
0.862500 2.175000 0.089810
0.937500 2.175000 0.090530
1.012000 2.175000 0.091260
1.087000 2.175000 0.091960
1.163000 2.175000 0.092620
1.238000 2.175000 0.093250
1.313000 2.175000 0.093820
1.388000 2.175000 0.094320
1.463000 2.175000 0.094750
1.538000 2.175000 0.095100
1.613000 2.175000 0.095360
1.688000 2.175000 0.095530
1.763000 2.175000 0.095610
1.838000 2.175000 0.095590
1.913000 2.175000 0.095470
1.988000 2.175000 0.095260
2.063000 2.175000 0.094960
2.138000 2.175000 0.094560
2.213000 2.175000 0.094080
2.288000 2.175000 0.093530
2.363000 2.175000 0.092910
2.438000 2.175000 0.092230
2.513000 2.175000 0.091490
2.588000 2.175000 0.090720
2.663000 2.175000 0.089920
2.738000 2.175000 0.089100
2.813000 2.175000 0.088270
2.888000 2.175000 0.087450
2.963000 2.175000 0.086650
3.038000 2.175000 0.085870
3.113000 2.175000 0.085120
3.188000 2.175000 0.084430
3.263000 2.175000 0.083790
3.338000 2.175000 0.083210
3.413000 2.175000 0.082700
3.488000 2.175000 0.082270
3.563000 2.175000 0.081910
3.638000 2.175000 0.081640
3.713000 2.175000 0.081450
3.788000 2.175000 0.081360
3.863000 2.175000 0.000000
-0.037500 2.325000 0.000000
0.037500 2.325000 0.064610
0.112500 2.325000 0.064670
0.187500 2.325000 0.064770
0.262500 2.325000 0.064930
0.337500 2.325000 0.065140
0.412500 2.325000 0.065400
0.487500 2.325000 0.065700
0.562500 2.325000 0.066030
0.637500 2.325000 0.066400
0.712500 2.325000 0.066780
0.787500 2.325000 0.067190
0.862500 2.325000 0.067600
0.937500 2.325000 0.068010
1.012000 2.325000 0.068420
1.087000 2.325000 0.068820
1.163000 2.325000 0.069190
1.238000 2.325000 0.069540
1.313000 2.325000 0.069850
1.388000 2.325000 0.070120
1.463000 2.325000 0.070350
1.538000 2.325000 0.070530
1.613000 2.325000 0.070660
1.688000 2.325000 0.070730
1.763000 2.325000 0.070740
1.838000 2.325000 0.070700
1.913000 2.325000 0.070590
1.988000 2.325000 0.070430
2.063000 2.325000 0.070220
2.138000 2.325000 0.069950
2.213000 2.325000 0.069630
2.288000 2.325000 0.069260
2.363000 2.325000 0.068850
2.438000 2.325000 0.068410
2.513000 2.325000 0.067940
2.588000 2.325000 0.067450
2.663000 2.325000 0.066930
2.738000 2.325000 0.066410
2.813000 2.325000 0.065890
2.888000 2.325000 0.065370
2.963000 2.325000 0.064860
3.038000 2.325000 0.064370
3.113000 2.325000 0.063910
3.188000 2.325000 0.063470
3.263000 2.325000 0.063070
3.338000 2.325000 0.062710
3.413000 2.325000 0.062400
3.488000 2.325000 0.062130
3.563000 2.325000 0.061920
3.638000 2.325000 0.061750
3.713000 2.325000 0.061640
3.788000 2.325000 0.061580
3.863000 2.325000 0.000000
-0.037500 2.475000 0.000000
0.037500 2.475000 0.056120
0.112500 2.475000 0.056150
0.187500 2.475000 0.056230
0.262500 2.475000 0.056350
0.337500 2.475000 0.056500
0.412500 2.475000 0.056700
0.487500 2.475000 0.056920
0.562500 2.475000 0.057160
0.637500 2.475000 0.057430
0.712500 2.475000 0.057720
0.787500 2.475000 0.058020
0.862500 2.475000 0.058320
0.937500 2.475000 0.058630
1.012000 2.475000 0.058930
1.087000 2.475000 0.059220
1.163000 2.475000 0.059490
1.238000 2.475000 0.059740
1.313000 2.475000 0.059960
1.388000 2.475000 0.060160
1.463000 2.475000 0.060310
1.538000 2.475000 0.060440
1.613000 2.475000 0.060520
1.688000 2.475000 0.060560
1.763000 2.475000 0.060550
1.838000 2.475000 0.060500
1.913000 2.475000 0.060400
1.988000 2.475000 0.060270
2.063000 2.475000 0.060080
2.138000 2.475000 0.059860
2.213000 2.475000 0.059600
2.288000 2.475000 0.059310
2.363000 2.475000 0.058980
2.438000 2.475000 0.058630
2.513000 2.475000 0.058260
2.588000 2.475000 0.057860
2.663000 2.475000 0.057460
2.738000 2.475000 0.057050
2.813000 2.475000 0.056640
2.888000 2.475000 0.056230
2.963000 2.475000 0.055830
3.038000 2.475000 0.055450
3.113000 2.475000 0.055080
3.188000 2.475000 0.054750
3.263000 2.475000 0.054440
3.338000 2.475000 0.054160
3.413000 2.475000 0.053910
3.488000 2.475000 0.053710
3.563000 2.475000 0.053550
3.638000 2.475000 0.053420
3.713000 2.475000 0.053340
3.788000 2.475000 0.053290
3.863000 2.475000 0.000000
-0.037500 2.625000 0.000000
0.037500 2.625000 0.049050
0.112500 2.625000 0.049080
0.187500 2.625000 0.049140
0.262500 2.625000 0.049230
0.337500 2.625000 0.049350
0.412500 2.625000 0.049500
0.487500 2.625000 0.049670
0.562500 2.625000 0.049860
0.637500 2.625000 0.050070
0.712500 2.625000 0.050280
0.787500 2.625000 0.050510
0.862500 2.625000 0.050740
0.937500 2.625000 0.050970
1.012000 2.625000 0.051200
1.087000 2.625000 0.051420
1.163000 2.625000 0.051620
1.238000 2.625000 0.051810
1.313000 2.625000 0.051970
1.388000 2.625000 0.052110
1.463000 2.625000 0.052230
1.538000 2.625000 0.052310
1.613000 2.625000 0.052360
1.688000 2.625000 0.052380
1.763000 2.625000 0.052370
1.838000 2.625000 0.052320
1.913000 2.625000 0.052230
1.988000 2.625000 0.052110
2.063000 2.625000 0.051950
2.138000 2.625000 0.051770
2.213000 2.625000 0.051550
2.288000 2.625000 0.051310
2.363000 2.625000 0.051040
2.438000 2.625000 0.050760
2.513000 2.625000 0.050450
2.588000 2.625000 0.050140
2.663000 2.625000 0.049810
2.738000 2.625000 0.049480
2.813000 2.625000 0.049150
2.888000 2.625000 0.048820
2.963000 2.625000 0.048500
3.038000 2.625000 0.048190
3.113000 2.625000 0.047900
3.188000 2.625000 0.047630
3.263000 2.625000 0.047380
3.338000 2.625000 0.047160
3.413000 2.625000 0.046970
3.488000 2.625000 0.046810
3.563000 2.625000 0.046680
3.638000 2.625000 0.046580
3.713000 2.625000 0.046520
3.788000 2.625000 0.046490
3.863000 2.625000 0.000000
-0.037500 2.775000 0.000000
0.037500 2.775000 0.043340
0.112500 2.775000 0.043370
0.187500 2.775000 0.043420
0.262500 2.775000 0.043500
0.337500 2.775000 0.043600
0.412500 2.775000 0.043720
0.487500 2.775000 0.043850
0.562500 2.775000 0.044010
0.637500 2.775000 0.044170
0.712500 2.775000 0.044350
0.787500 2.775000 0.044530
0.862500 2.775000 0.044720
0.937500 2.775000 0.044900
1.012000 2.775000 0.045080
1.087000 2.775000 0.045250
1.163000 2.775000 0.045420
1.238000 2.775000 0.045560
1.313000 2.775000 0.045690
1.388000 2.775000 0.045800
1.463000 2.775000 0.045890
1.538000 2.775000 0.045950
1.613000 2.775000 0.045990
1.688000 2.775000 0.046000
1.763000 2.775000 0.045980
1.838000 2.775000 0.045930
1.913000 2.775000 0.045850
1.988000 2.775000 0.045750
2.063000 2.775000 0.045610
2.138000 2.775000 0.045450
2.213000 2.775000 0.045270
2.288000 2.775000 0.045060
2.363000 2.775000 0.044840
2.438000 2.775000 0.044590
2.513000 2.775000 0.044340
2.588000 2.775000 0.044070
2.663000 2.775000 0.043800
2.738000 2.775000 0.043520
2.813000 2.775000 0.043240
2.888000 2.775000 0.042970
2.963000 2.775000 0.042700
3.038000 2.775000 0.042440
3.113000 2.775000 0.042200
3.188000 2.775000 0.041980
3.263000 2.775000 0.041770
3.338000 2.775000 0.041590
3.413000 2.775000 0.041430
3.488000 2.775000 0.041300
3.563000 2.775000 0.041190
3.638000 2.775000 0.041110
3.713000 2.775000 0.041060
3.788000 2.775000 0.041040
3.863000 2.775000 0.000000
-0.037500 2.925000 0.000000
0.037500 2.925000 0.034480
0.112500 2.925000 0.034510
0.187500 2.925000 0.034550
0.262500 2.925000 0.034610
0.337500 2.925000 0.034680
0.412500 2.925000 0.034770
0.487500 2.925000 0.034880
0.562500 2.925000 0.034990
0.637500 2.925000 0.035120
0.712500 2.925000 0.035250
0.787500 2.925000 0.035390
0.862500 2.925000 0.035530
0.937500 2.925000 0.035670
1.012000 2.925000 0.035800
1.087000 2.925000 0.035930
1.163000 2.925000 0.036050
1.238000 2.925000 0.036160
1.313000 2.925000 0.036260
1.388000 2.925000 0.036340
1.463000 2.925000 0.036400
1.538000 2.925000 0.036450
1.613000 2.925000 0.036470
1.688000 2.925000 0.036470
1.763000 2.925000 0.036450
1.838000 2.925000 0.036410
1.913000 2.925000 0.036350
1.988000 2.925000 0.036270
2.063000 2.925000 0.036160
2.138000 2.925000 0.036040
2.213000 2.925000 0.035890
2.288000 2.925000 0.035730
2.363000 2.925000 0.035560
2.438000 2.925000 0.035370
2.513000 2.925000 0.035170
2.588000 2.925000 0.034970
2.663000 2.925000 0.034750
2.738000 2.925000 0.034540
2.813000 2.925000 0.034320
2.888000 2.925000 0.034110
2.963000 2.925000 0.033910
3.038000 2.925000 0.033710
3.113000 2.925000 0.033520
3.188000 2.925000 0.033350
3.263000 2.925000 0.033190
3.338000 2.925000 0.033050
3.413000 2.925000 0.032930
3.488000 2.925000 0.032830
3.563000 2.925000 0.032750
3.638000 2.925000 0.032690
3.713000 2.925000 0.032650
3.788000 2.925000 0.032630
3.863000 2.925000 0.000000
-0.037500 3.075000 0.000000
0.037500 3.075000 0.024690
0.112500 3.075000 0.024700
0.187500 3.075000 0.024730
0.262500 3.075000 0.024770
0.337500 3.075000 0.024820
0.412500 3.075000 0.024880
0.487500 3.075000 0.024950
0.562500 3.075000 0.025030
0.637500 3.075000 0.025110
0.712500 3.075000 0.025200
0.787500 3.075000 0.025290
0.862500 3.075000 0.025380
0.937500 3.075000 0.025470
1.012000 3.075000 0.025560
1.087000 3.075000 0.025650
1.163000 3.075000 0.025730
1.238000 3.075000 0.025800
1.313000 3.075000 0.025860
1.388000 3.075000 0.025910
1.463000 3.075000 0.025950
1.538000 3.075000 0.025980
1.613000 3.075000 0.025990
1.688000 3.075000 0.025990
1.763000 3.075000 0.025980
1.838000 3.075000 0.025950
1.913000 3.075000 0.025900
1.988000 3.075000 0.025840
2.063000 3.075000 0.025770
2.138000 3.075000 0.025680
2.213000 3.075000 0.025580
2.288000 3.075000 0.025470
2.363000 3.075000 0.025340
2.438000 3.075000 0.025210
2.513000 3.075000 0.025080
2.588000 3.075000 0.024940
2.663000 3.075000 0.024790
2.738000 3.075000 0.024640
2.813000 3.075000 0.024500
2.888000 3.075000 0.024350
2.963000 3.075000 0.024210
3.038000 3.075000 0.024070
3.113000 3.075000 0.023950
3.188000 3.075000 0.023830
3.263000 3.075000 0.023720
3.338000 3.075000 0.023620
3.413000 3.075000 0.023540
3.488000 3.075000 0.023470
3.563000 3.075000 0.023410
3.638000 3.075000 0.023370
3.713000 3.075000 0.023340
3.788000 3.075000 0.023320
3.863000 3.075000 0.000000
-0.037500 3.225000 0.000000
0.037500 3.225000 0.017540
0.112500 3.225000 0.017550
0.187500 3.225000 0.017560
0.262500 3.225000 0.017590
0.337500 3.225000 0.017620
0.412500 3.225000 0.017660
0.487500 3.225000 0.017710
0.562500 3.225000 0.017760
0.637500 3.225000 0.017810
0.712500 3.225000 0.017870
0.787500 3.225000 0.017930
0.862500 3.225000 0.017990
0.937500 3.225000 0.018050
1.012000 3.225000 0.018110
1.087000 3.225000 0.018160
1.163000 3.225000 0.018210
1.238000 3.225000 0.018260
1.313000 3.225000 0.018300
1.388000 3.225000 0.018330
1.463000 3.225000 0.018360
1.538000 3.225000 0.018370
1.613000 3.225000 0.018380
1.688000 3.225000 0.018380
1.763000 3.225000 0.018360
1.838000 3.225000 0.018340
1.913000 3.225000 0.018310
1.988000 3.225000 0.018270
2.063000 3.225000 0.018210
2.138000 3.225000 0.018150
2.213000 3.225000 0.018080
2.288000 3.225000 0.018010
2.363000 3.225000 0.017920
2.438000 3.225000 0.017830
2.513000 3.225000 0.017740
2.588000 3.225000 0.017640
2.663000 3.225000 0.017540
2.738000 3.225000 0.017440
2.813000 3.225000 0.017340
2.888000 3.225000 0.017240
2.963000 3.225000 0.017150
3.038000 3.225000 0.017050
3.113000 3.225000 0.016970
3.188000 3.225000 0.016890
3.263000 3.225000 0.016810
3.338000 3.225000 0.016750
3.413000 3.225000 0.016690
3.488000 3.225000 0.016640
3.563000 3.225000 0.016600
3.638000 3.225000 0.016570
3.713000 3.225000 0.016550
3.788000 3.225000 0.016530
3.863000 3.225000 0.000000
-0.037500 3.375000 0.000000
0.037500 3.375000 0.012360
0.112500 3.375000 0.012360
0.187500 3.375000 0.012380
0.262500 3.375000 0.012390
0.337500 3.375000 0.012410
0.412500 3.375000 0.012440
0.487500 3.375000 0.012470
0.562500 3.375000 0.012500
0.637500 3.375000 0.012530
0.712500 3.375000 0.012570
0.787500 3.375000 0.012610
0.862500 3.375000 0.012650
0.937500 3.375000 0.012690
1.012000 3.375000 0.012730
1.087000 3.375000 0.012760
1.163000 3.375000 0.012790
1.238000 3.375000 0.012820
1.313000 3.375000 0.012850
1.388000 3.375000 0.012870
1.463000 3.375000 0.012880
1.538000 3.375000 0.012890
1.613000 3.375000 0.012900
1.688000 3.375000 0.012890
1.763000 3.375000 0.012880
1.838000 3.375000 0.012870
1.913000 3.375000 0.012840
1.988000 3.375000 0.012810
2.063000 3.375000 0.012780
2.138000 3.375000 0.012740
2.213000 3.375000 0.012690
2.288000 3.375000 0.012640
2.363000 3.375000 0.012580
2.438000 3.375000 0.012520
2.513000 3.375000 0.012450
2.588000 3.375000 0.012390
2.663000 3.375000 0.012320
2.738000 3.375000 0.012250
2.813000 3.375000 0.012180
2.888000 3.375000 0.012120
2.963000 3.375000 0.012050
3.038000 3.375000 0.011990
3.113000 3.375000 0.011930
3.188000 3.375000 0.011870
3.263000 3.375000 0.011820
3.338000 3.375000 0.011780
3.413000 3.375000 0.011740
3.488000 3.375000 0.011710
3.563000 3.375000 0.011680
3.638000 3.375000 0.011650
3.713000 3.375000 0.011640
3.788000 3.375000 0.011630
3.863000 3.375000 0.000000
-0.037500 3.525000 0.000000
0.037500 3.525000 0.008641
0.112500 3.525000 0.008644
0.187500 3.525000 0.008651
0.262500 3.525000 0.008661
0.337500 3.525000 0.008674
0.412500 3.525000 0.008690
0.487500 3.525000 0.008709
0.562500 3.525000 0.008730
0.637500 3.525000 0.008753
0.712500 3.525000 0.008777
0.787500 3.525000 0.008801
0.862500 3.525000 0.008826
0.937500 3.525000 0.008851
1.012000 3.525000 0.008875
1.087000 3.525000 0.008898
1.163000 3.525000 0.008919
1.238000 3.525000 0.008937
1.313000 3.525000 0.008953
1.388000 3.525000 0.008965
1.463000 3.525000 0.008974
1.538000 3.525000 0.008980
1.613000 3.525000 0.008981
1.688000 3.525000 0.008978
1.763000 3.525000 0.008970
1.838000 3.525000 0.008958
1.913000 3.525000 0.008942
1.988000 3.525000 0.008921
2.063000 3.525000 0.008896
2.138000 3.525000 0.008867
2.213000 3.525000 0.008835
2.288000 3.525000 0.008799
2.363000 3.525000 0.008760
2.438000 3.525000 0.008719
2.513000 3.525000 0.008676
2.588000 3.525000 0.008631
2.663000 3.525000 0.008586
2.738000 3.525000 0.008540
2.813000 3.525000 0.008494
2.888000 3.525000 0.008449
2.963000 3.525000 0.008405
3.038000 3.525000 0.008363
3.113000 3.525000 0.008323
3.188000 3.525000 0.008286
3.263000 3.525000 0.008252
3.338000 3.525000 0.008221
3.413000 3.525000 0.008194
3.488000 3.525000 0.008171
3.563000 3.525000 0.008151
3.638000 3.525000 0.008135
3.713000 3.525000 0.008123
3.788000 3.525000 0.008116
3.863000 3.525000 0.000000
-0.037500 3.675000 0.000000
0.037500 3.675000 0.005995
0.112500 3.675000 0.005997
0.187500 3.675000 0.006001
0.262500 3.675000 0.006007
0.337500 3.675000 0.006016
0.412500 3.675000 0.006026
0.487500 3.675000 0.006038
0.562500 3.675000 0.006051
0.637500 3.675000 0.006066
0.712500 3.675000 0.006081
0.787500 3.675000 0.006097
0.862500 3.675000 0.006113
0.937500 3.675000 0.006129
1.012000 3.675000 0.006144
1.087000 3.675000 0.006158
1.163000 3.675000 0.006171
1.238000 3.675000 0.006183
1.313000 3.675000 0.006193
1.388000 3.675000 0.006200
1.463000 3.675000 0.006205
1.538000 3.675000 0.006208
1.613000 3.675000 0.006208
1.688000 3.675000 0.006205
1.763000 3.675000 0.006200
1.838000 3.675000 0.006191
1.913000 3.675000 0.006180
1.988000 3.675000 0.006165
2.063000 3.675000 0.006148
2.138000 3.675000 0.006129
2.213000 3.675000 0.006107
2.288000 3.675000 0.006083
2.363000 3.675000 0.006057
2.438000 3.675000 0.006029
2.513000 3.675000 0.006000
2.588000 3.675000 0.005970
2.663000 3.675000 0.005940
2.738000 3.675000 0.005909
2.813000 3.675000 0.005878
2.888000 3.675000 0.005848
2.963000 3.675000 0.005819
3.038000 3.675000 0.005791
3.113000 3.675000 0.005764
3.188000 3.675000 0.005739
3.263000 3.675000 0.005716
3.338000 3.675000 0.005695
3.413000 3.675000 0.005677
3.488000 3.675000 0.005661
3.563000 3.675000 0.005647
3.638000 3.675000 0.005636
3.713000 3.675000 0.005628
3.788000 3.675000 0.005623
3.863000 3.675000 0.000000
-0.037500 3.825000 0.000000
0.037500 3.825000 0.004129
0.112500 3.825000 0.004130
0.187500 3.825000 0.004133
0.262500 3.825000 0.004137
0.337500 3.825000 0.004142
0.412500 3.825000 0.004149
0.487500 3.825000 0.004156
0.562500 3.825000 0.004165
0.637500 3.825000 0.004174
0.712500 3.825000 0.004184
0.787500 3.825000 0.004194
0.862500 3.825000 0.004204
0.937500 3.825000 0.004214
1.012000 3.825000 0.004223
1.087000 3.825000 0.004232
1.163000 3.825000 0.004240
1.238000 3.825000 0.004248
1.313000 3.825000 0.004253
1.388000 3.825000 0.004258
1.463000 3.825000 0.004261
1.538000 3.825000 0.004262
1.613000 3.825000 0.004262
1.688000 3.825000 0.004260
1.763000 3.825000 0.004256
1.838000 3.825000 0.004250
1.913000 3.825000 0.004242
1.988000 3.825000 0.004232
2.063000 3.825000 0.004220
2.138000 3.825000 0.004207
2.213000 3.825000 0.004192
2.288000 3.825000 0.004176
2.363000 3.825000 0.004159
2.438000 3.825000 0.004140
2.513000 3.825000 0.004121
2.588000 3.825000 0.004101
2.663000 3.825000 0.004080
2.738000 3.825000 0.004060
2.813000 3.825000 0.004040
2.888000 3.825000 0.004020
2.963000 3.825000 0.004000
3.038000 3.825000 0.003981
3.113000 3.825000 0.003963
3.188000 3.825000 0.003947
3.263000 3.825000 0.003932
3.338000 3.825000 0.003918
3.413000 3.825000 0.003905
3.488000 3.825000 0.003894
3.563000 3.825000 0.003885
3.638000 3.825000 0.003878
3.713000 3.825000 0.003872
3.788000 3.825000 0.003868
3.863000 3.825000 0.000000
-0.037500 3.975000 0.000000
0.037500 3.975000 0.002825
0.112500 3.975000 0.002826
0.187500 3.975000 0.002828
0.262500 3.975000 0.002830
0.337500 3.975000 0.002834
0.412500 3.975000 0.002838
0.487500 3.975000 0.002842
0.562500 3.975000 0.002848
0.637500 3.975000 0.002853
0.712500 3.975000 0.002860
0.787500 3.975000 0.002866
0.862500 3.975000 0.002872
0.937500 3.975000 0.002878
1.012000 3.975000 0.002884
1.087000 3.975000 0.002890
1.163000 3.975000 0.002895
1.238000 3.975000 0.002899
1.313000 3.975000 0.002903
1.388000 3.975000 0.002905
1.463000 3.975000 0.002907
1.538000 3.975000 0.002908
1.613000 3.975000 0.002907
1.688000 3.975000 0.002905
1.763000 3.975000 0.002902
1.838000 3.975000 0.002898
1.913000 3.975000 0.002893
1.988000 3.975000 0.002886
2.063000 3.975000 0.002878
2.138000 3.975000 0.002869
2.213000 3.975000 0.002859
2.288000 3.975000 0.002849
2.363000 3.975000 0.002837
2.438000 3.975000 0.002825
2.513000 3.975000 0.002812
2.588000 3.975000 0.002799
2.663000 3.975000 0.002785
2.738000 3.975000 0.002772
2.813000 3.975000 0.002758
2.888000 3.975000 0.002745
2.963000 3.975000 0.002732
3.038000 3.975000 0.002720
3.113000 3.975000 0.002708
3.188000 3.975000 0.002697
3.263000 3.975000 0.002687
3.338000 3.975000 0.002677
3.413000 3.975000 0.002669
3.488000 3.975000 0.002662
3.563000 3.975000 0.002656
3.638000 3.975000 0.002651
3.713000 3.975000 0.002646
3.788000 3.975000 0.002644
3.863000 3.975000 0.000000
-0.037500 4.125000 0.000000
0.037500 4.125000 0.001922
0.112500 4.125000 0.001923
0.187500 4.125000 0.001924
0.262500 4.125000 0.001925
0.337500 4.125000 0.001927
0.412500 4.125000 0.001930
0.487500 4.125000 0.001933
0.562500 4.125000 0.001936
0.637500 4.125000 0.001940
0.712500 4.125000 0.001943
0.787500 4.125000 0.001947
0.862500 4.125000 0.001951
0.937500 4.125000 0.001955
1.012000 4.125000 0.001959
1.087000 4.125000 0.001962
1.163000 4.125000 0.001965
1.238000 4.125000 0.001968
1.313000 4.125000 0.001970
1.388000 4.125000 0.001972
1.463000 4.125000 0.001972
1.538000 4.125000 0.001973
1.613000 4.125000 0.001972
1.688000 4.125000 0.001971
1.763000 4.125000 0.001969
1.838000 4.125000 0.001966
1.913000 4.125000 0.001962
1.988000 4.125000 0.001957
2.063000 4.125000 0.001952
2.138000 4.125000 0.001946
2.213000 4.125000 0.001940
2.288000 4.125000 0.001933
2.363000 4.125000 0.001925
2.438000 4.125000 0.001917
2.513000 4.125000 0.001908
2.588000 4.125000 0.001900
2.663000 4.125000 0.001891
2.738000 4.125000 0.001882
2.813000 4.125000 0.001873
2.888000 4.125000 0.001864
2.963000 4.125000 0.001856
3.038000 4.125000 0.001848
3.113000 4.125000 0.001840
3.188000 4.125000 0.001832
3.263000 4.125000 0.001826
3.338000 4.125000 0.001820
3.413000 4.125000 0.001814
3.488000 4.125000 0.001809
3.563000 4.125000 0.001805
3.638000 4.125000 0.001802
3.713000 4.125000 0.001799
3.788000 4.125000 0.001797
3.863000 4.125000 0.000000
-0.037500 4.275000 0.000000
0.037500 4.275000 0.001303
0.112500 4.275000 0.001303
0.187500 4.275000 0.001303
0.262500 4.275000 0.001304
0.337500 4.275000 0.001306
0.412500 4.275000 0.001307
0.487500 4.275000 0.001309
0.562500 4.275000 0.001311
0.637500 4.275000 0.001313
0.712500 4.275000 0.001316
0.787500 4.275000 0.001318
0.862500 4.275000 0.001321
0.937500 4.275000 0.001323
1.012000 4.275000 0.001325
1.087000 4.275000 0.001327
1.163000 4.275000 0.001329
1.238000 4.275000 0.001331
1.313000 4.275000 0.001332
1.388000 4.275000 0.001333
1.463000 4.275000 0.001333
1.538000 4.275000 0.001333
1.613000 4.275000 0.001333
1.688000 4.275000 0.001332
1.763000 4.275000 0.001330
1.838000 4.275000 0.001328
1.913000 4.275000 0.001326
1.988000 4.275000 0.001323
2.063000 4.275000 0.001319
2.138000 4.275000 0.001315
2.213000 4.275000 0.001311
2.288000 4.275000 0.001306
2.363000 4.275000 0.001301
2.438000 4.275000 0.001296
2.513000 4.275000 0.001290
2.588000 4.275000 0.001284
2.663000 4.275000 0.001279
2.738000 4.275000 0.001273
2.813000 4.275000 0.001267
2.888000 4.275000 0.001261
2.963000 4.275000 0.001256
3.038000 4.275000 0.001250
3.113000 4.275000 0.001245
3.188000 4.275000 0.001240
3.263000 4.275000 0.001236
3.338000 4.275000 0.001232
3.413000 4.275000 0.001228
3.488000 4.275000 0.001225
3.563000 4.275000 0.001222
3.638000 4.275000 0.001220
3.713000 4.275000 0.001218
3.788000 4.275000 0.001217
3.863000 4.275000 0.000000
-0.037500 4.425000 0.000000
0.037500 4.425000 0.000883
0.112500 4.425000 0.000883
0.187500 4.425000 0.000883
0.262500 4.425000 0.000884
0.337500 4.425000 0.000885
0.412500 4.425000 0.000886
0.487500 4.425000 0.000887
0.562500 4.425000 0.000888
0.637500 4.425000 0.000889
0.712500 4.425000 0.000891
0.787500 4.425000 0.000892
0.862500 4.425000 0.000894
0.937500 4.425000 0.000895
1.012000 4.425000 0.000897
1.087000 4.425000 0.000898
1.163000 4.425000 0.000899
1.238000 4.425000 0.000900
1.313000 4.425000 0.000901
1.388000 4.425000 0.000901
1.463000 4.425000 0.000901
1.538000 4.425000 0.000901
1.613000 4.425000 0.000901
1.688000 4.425000 0.000900
1.763000 4.425000 0.000899
1.838000 4.425000 0.000898
1.913000 4.425000 0.000896
1.988000 4.425000 0.000894
2.063000 4.425000 0.000892
2.138000 4.425000 0.000889
2.213000 4.425000 0.000886
2.288000 4.425000 0.000883
2.363000 4.425000 0.000880
2.438000 4.425000 0.000876
2.513000 4.425000 0.000873
2.588000 4.425000 0.000869
2.663000 4.425000 0.000865
2.738000 4.425000 0.000861
2.813000 4.425000 0.000857
2.888000 4.425000 0.000853
2.963000 4.425000 0.000850
3.038000 4.425000 0.000846
3.113000 4.425000 0.000843
3.188000 4.425000 0.000840
3.263000 4.425000 0.000837
3.338000 4.425000 0.000834
3.413000 4.425000 0.000832
3.488000 4.425000 0.000830
3.563000 4.425000 0.000828
3.638000 4.425000 0.000826
3.713000 4.425000 0.000825
3.788000 4.425000 0.000824
3.863000 4.425000 0.000000
-0.037500 4.575000 0.000000
0.037500 4.575000 0.000604
0.112500 4.575000 0.000604
0.187500 4.575000 0.000604
0.262500 4.575000 0.000604
0.337500 4.575000 0.000605
0.412500 4.575000 0.000605
0.487500 4.575000 0.000606
0.562500 4.575000 0.000607
0.637500 4.575000 0.000608
0.712500 4.575000 0.000609
0.787500 4.575000 0.000610
0.862500 4.575000 0.000610
0.937500 4.575000 0.000611
1.012000 4.575000 0.000612
1.087000 4.575000 0.000613
1.163000 4.575000 0.000614
1.238000 4.575000 0.000614
1.313000 4.575000 0.000615
1.388000 4.575000 0.000615
1.463000 4.575000 0.000615
1.538000 4.575000 0.000615
1.613000 4.575000 0.000615
1.688000 4.575000 0.000614
1.763000 4.575000 0.000613
1.838000 4.575000 0.000612
1.913000 4.575000 0.000611
1.988000 4.575000 0.000610
2.063000 4.575000 0.000608
2.138000 4.575000 0.000606
2.213000 4.575000 0.000605
2.288000 4.575000 0.000602
2.363000 4.575000 0.000600
2.438000 4.575000 0.000598
2.513000 4.575000 0.000595
2.588000 4.575000 0.000593
2.663000 4.575000 0.000590
2.738000 4.575000 0.000588
2.813000 4.575000 0.000585
2.888000 4.575000 0.000583
2.963000 4.575000 0.000580
3.038000 4.575000 0.000578
3.113000 4.575000 0.000576
3.188000 4.575000 0.000574
3.263000 4.575000 0.000572
3.338000 4.575000 0.000570
3.413000 4.575000 0.000569
3.488000 4.575000 0.000567
3.563000 4.575000 0.000566
3.638000 4.575000 0.000565
3.713000 4.575000 0.000564
3.788000 4.575000 0.000563
3.863000 4.575000 0.000000
-0.037500 4.725000 0.000000
0.037500 4.725000 0.000424
0.112500 4.725000 0.000424
0.187500 4.725000 0.000425
0.262500 4.725000 0.000425
0.337500 4.725000 0.000425
0.412500 4.725000 0.000426
0.487500 4.725000 0.000426
0.562500 4.725000 0.000426
0.637500 4.725000 0.000427
0.712500 4.725000 0.000428
0.787500 4.725000 0.000428
0.862500 4.725000 0.000429
0.937500 4.725000 0.000429
1.012000 4.725000 0.000430
1.087000 4.725000 0.000430
1.163000 4.725000 0.000431
1.238000 4.725000 0.000431
1.313000 4.725000 0.000431
1.388000 4.725000 0.000431
1.463000 4.725000 0.000431
1.538000 4.725000 0.000431
1.613000 4.725000 0.000431
1.688000 4.725000 0.000431
1.763000 4.725000 0.000430
1.838000 4.725000 0.000429
1.913000 4.725000 0.000429
1.988000 4.725000 0.000428
2.063000 4.725000 0.000427
2.138000 4.725000 0.000425
2.213000 4.725000 0.000424
2.288000 4.725000 0.000423
2.363000 4.725000 0.000421
2.438000 4.725000 0.000419
2.513000 4.725000 0.000418
2.588000 4.725000 0.000416
2.663000 4.725000 0.000414
2.738000 4.725000 0.000413
2.813000 4.725000 0.000411
2.888000 4.725000 0.000409
2.963000 4.725000 0.000408
3.038000 4.725000 0.000406
3.113000 4.725000 0.000405
3.188000 4.725000 0.000403
3.263000 4.725000 0.000402
3.338000 4.725000 0.000401
3.413000 4.725000 0.000399
3.488000 4.725000 0.000399
3.563000 4.725000 0.000398
3.638000 4.725000 0.000397
3.713000 4.725000 0.000396
3.788000 4.725000 0.000396
3.863000 4.725000 0.000000
-0.037500 4.875000 0.000000
0.037500 4.875000 0.000318
0.112500 4.875000 0.000318
0.187500 4.875000 0.000318
0.262500 4.875000 0.000318
0.337500 4.875000 0.000319
0.412500 4.875000 0.000319
0.487500 4.875000 0.000319
0.562500 4.875000 0.000319
0.637500 4.875000 0.000320
0.712500 4.875000 0.000320
0.787500 4.875000 0.000321
0.862500 4.875000 0.000321
0.937500 4.875000 0.000321
1.012000 4.875000 0.000322
1.087000 4.875000 0.000322
1.163000 4.875000 0.000322
1.238000 4.875000 0.000323
1.313000 4.875000 0.000323
1.388000 4.875000 0.000323
1.463000 4.875000 0.000323
1.538000 4.875000 0.000323
1.613000 4.875000 0.000322
1.688000 4.875000 0.000322
1.763000 4.875000 0.000322
1.838000 4.875000 0.000321
1.913000 4.875000 0.000321
1.988000 4.875000 0.000320
2.063000 4.875000 0.000319
2.138000 4.875000 0.000318
2.213000 4.875000 0.000317
2.288000 4.875000 0.000316
2.363000 4.875000 0.000315
2.438000 4.875000 0.000314
2.513000 4.875000 0.000313
2.588000 4.875000 0.000311
2.663000 4.875000 0.000310
2.738000 4.875000 0.000309
2.813000 4.875000 0.000308
2.888000 4.875000 0.000307
2.963000 4.875000 0.000305
3.038000 4.875000 0.000304
3.113000 4.875000 0.000303
3.188000 4.875000 0.000302
3.263000 4.875000 0.000301
3.338000 4.875000 0.000300
3.413000 4.875000 0.000299
3.488000 4.875000 0.000299
3.563000 4.875000 0.000298
3.638000 4.875000 0.000297
3.713000 4.875000 0.000297
3.788000 4.875000 0.000297
3.863000 4.875000 0.000000
-0.037500 5.025000 0.000000
0.037500 5.025000 0.000269
0.112500 5.025000 0.000269
0.187500 5.025000 0.000269
0.262500 5.025000 0.000269
0.337500 5.025000 0.000269
0.412500 5.025000 0.000269
0.487500 5.025000 0.000270
0.562500 5.025000 0.000270
0.637500 5.025000 0.000270
0.712500 5.025000 0.000270
0.787500 5.025000 0.000271
0.862500 5.025000 0.000271
0.937500 5.025000 0.000271
1.012000 5.025000 0.000272
1.087000 5.025000 0.000272
1.163000 5.025000 0.000272
1.238000 5.025000 0.000272
1.313000 5.025000 0.000272
1.388000 5.025000 0.000272
1.463000 5.025000 0.000272
1.538000 5.025000 0.000272
1.613000 5.025000 0.000272
1.688000 5.025000 0.000272
1.763000 5.025000 0.000271
1.838000 5.025000 0.000271
1.913000 5.025000 0.000270
1.988000 5.025000 0.000270
2.063000 5.025000 0.000269
2.138000 5.025000 0.000269
2.213000 5.025000 0.000268
2.288000 5.025000 0.000267
2.363000 5.025000 0.000266
2.438000 5.025000 0.000265
2.513000 5.025000 0.000264
2.588000 5.025000 0.000263
2.663000 5.025000 0.000262
2.738000 5.025000 0.000261
2.813000 5.025000 0.000260
2.888000 5.025000 0.000259
2.963000 5.025000 0.000258
3.038000 5.025000 0.000257
3.113000 5.025000 0.000256
3.188000 5.025000 0.000255
3.263000 5.025000 0.000254
3.338000 5.025000 0.000254
3.413000 5.025000 0.000253
3.488000 5.025000 0.000252
3.563000 5.025000 0.000252
3.638000 5.025000 0.000251
3.713000 5.025000 0.000251
3.788000 5.025000 0.000251
3.863000 5.025000 0.000000
-0.037500 5.175000 0.000000
0.037500 5.175000 0.000000
0.112500 5.175000 0.000000
0.187500 5.175000 0.000000
0.262500 5.175000 0.000000
0.337500 5.175000 0.000000
0.412500 5.175000 0.000000
0.487500 5.175000 0.000000
0.562500 5.175000 0.000000
0.637500 5.175000 0.000000
0.712500 5.175000 0.000000
0.787500 5.175000 0.000000
0.862500 5.175000 0.000000
0.937500 5.175000 0.000000
1.012000 5.175000 0.000000
1.087000 5.175000 0.000000
1.163000 5.175000 0.000000
1.238000 5.175000 0.000000
1.313000 5.175000 0.000000
1.388000 5.175000 0.000000
1.463000 5.175000 0.000000
1.538000 5.175000 0.000000
1.613000 5.175000 0.000000
1.688000 5.175000 0.000000
1.763000 5.175000 0.000000
1.838000 5.175000 0.000000
1.913000 5.175000 0.000000
1.988000 5.175000 0.000000
2.063000 5.175000 0.000000
2.138000 5.175000 0.000000
2.213000 5.175000 0.000000
2.288000 5.175000 0.000000
2.363000 5.175000 0.000000
2.438000 5.175000 0.000000
2.513000 5.175000 0.000000
2.588000 5.175000 0.000000
2.663000 5.175000 0.000000
2.738000 5.175000 0.000000
2.813000 5.175000 0.000000
2.888000 5.175000 0.000000
2.963000 5.175000 0.000000
3.038000 5.175000 0.000000
3.113000 5.175000 0.000000
3.188000 5.175000 0.000000
3.263000 5.175000 0.000000
3.338000 5.175000 0.000000
3.413000 5.175000 0.000000
3.488000 5.175000 0.000000
3.563000 5.175000 0.000000
3.638000 5.175000 0.000000
3.713000 5.175000 0.000000
3.788000 5.175000 0.000000
3.863000 5.175000 0.000000
