-0.037500 -0.075000 0.000000
0.037500 -0.075000 0.000000
0.112500 -0.075000 0.000000
0.187500 -0.075000 0.000000
0.262500 -0.075000 0.000000
0.337500 -0.075000 0.000000
0.412500 -0.075000 0.000000
0.487500 -0.075000 0.000000
0.562500 -0.075000 0.000000
0.637500 -0.075000 0.000000
0.712500 -0.075000 0.000000
0.787500 -0.075000 0.000000
0.862500 -0.075000 0.000000
0.937500 -0.075000 0.000000
1.012000 -0.075000 0.000000
1.087000 -0.075000 0.000000
1.163000 -0.075000 0.000000
1.238000 -0.075000 0.000000
1.313000 -0.075000 0.000000
1.388000 -0.075000 0.000000
1.463000 -0.075000 0.000000
1.538000 -0.075000 0.000000
1.613000 -0.075000 0.000000
1.688000 -0.075000 0.000000
1.763000 -0.075000 0.000000
1.838000 -0.075000 0.000000
1.913000 -0.075000 0.000000
1.988000 -0.075000 0.000000
2.063000 -0.075000 0.000000
2.138000 -0.075000 0.000000
2.213000 -0.075000 0.000000
2.288000 -0.075000 0.000000
2.363000 -0.075000 0.000000
2.438000 -0.075000 0.000000
2.513000 -0.075000 0.000000
2.588000 -0.075000 0.000000
2.663000 -0.075000 0.000000
2.738000 -0.075000 0.000000
2.813000 -0.075000 0.000000
2.888000 -0.075000 0.000000
2.963000 -0.075000 0.000000
3.038000 -0.075000 0.000000
3.113000 -0.075000 0.000000
3.188000 -0.075000 0.000000
3.263000 -0.075000 0.000000
3.338000 -0.075000 0.000000
3.413000 -0.075000 0.000000
3.488000 -0.075000 0.000000
3.563000 -0.075000 0.000000
3.638000 -0.075000 0.000000
3.713000 -0.075000 0.000000
3.788000 -0.075000 0.000000
3.863000 -0.075000 0.000000
-0.037500 0.075000 0.000000
0.037500 0.075000 0.034650
0.112500 0.075000 0.069310
0.187500 0.075000 0.104000
0.262500 0.075000 0.138600
0.337500 0.075000 0.173200
0.412500 0.075000 0.207800
0.487500 0.075000 0.242400
0.562500 0.075000 0.276900
0.637500 0.075000 0.311300
0.712500 0.075000 0.345400
0.787500 0.075000 0.379400
0.862500 0.075000 0.413000
0.937500 0.075000 0.446200
1.012000 0.075000 0.478800
1.087000 0.075000 0.510600
1.163000 0.075000 0.541500
1.238000 0.075000 0.571100
1.313000 0.075000 0.599200
1.388000 0.075000 0.625500
1.463000 0.075000 0.649500
1.538000 0.075000 0.671000
1.613000 0.075000 0.689500
1.688000 0.075000 0.704800
1.763000 0.075000 0.716300
1.838000 0.075000 0.724000
1.913000 0.075000 0.727700
1.988000 0.075000 0.727400
2.063000 0.075000 0.723200
2.138000 0.075000 0.715500
2.213000 0.075000 0.704600
2.288000 0.075000 0.690900
2.363000 0.075000 0.675000
2.438000 0.075000 0.657300
2.513000 0.075000 0.638300
2.588000 0.075000 0.618400
2.663000 0.075000 0.598000
2.738000 0.075000 0.577400
2.813000 0.075000 0.556800
2.888000 0.075000 0.536600
2.963000 0.075000 0.516700
3.038000 0.075000 0.497400
3.113000 0.075000 0.478700
3.188000 0.075000 0.460600
3.263000 0.075000 0.443200
3.338000 0.075000 0.426600
3.413000 0.075000 0.410600
3.488000 0.075000 0.395400
3.563000 0.075000 0.380800
3.638000 0.075000 0.366900
3.713000 0.075000 0.353700
3.788000 0.075000 0.341000
3.863000 0.075000 0.000000
-0.037500 0.225000 0.000000
0.037500 0.225000 0.034650
0.112500 0.225000 0.069310
0.187500 0.225000 0.104000
0.262500 0.225000 0.138600
0.337500 0.225000 0.173200
0.412500 0.225000 0.207800
0.487500 0.225000 0.242400
0.562500 0.225000 0.276900
0.637500 0.225000 0.311300
0.712500 0.225000 0.345400
0.787500 0.225000 0.379400
0.862500 0.225000 0.413000
0.937500 0.225000 0.446200
1.012000 0.225000 0.478800
1.087000 0.225000 0.510600
1.163000 0.225000 0.541500
1.238000 0.225000 0.571100
1.313000 0.225000 0.599200
1.388000 0.225000 0.625500
1.463000 0.225000 0.649500
1.538000 0.225000 0.671000
1.613000 0.225000 0.689500
1.688000 0.225000 0.704800
1.763000 0.225000 0.716300
1.838000 0.225000 0.724000
1.913000 0.225000 0.727700
1.988000 0.225000 0.727400
2.063000 0.225000 0.723200
2.138000 0.225000 0.715500
2.213000 0.225000 0.704600
2.288000 0.225000 0.690900
2.363000 0.225000 0.675000
2.438000 0.225000 0.657300
2.513000 0.225000 0.638300
2.588000 0.225000 0.618400
2.663000 0.225000 0.598000
2.738000 0.225000 0.577400
2.813000 0.225000 0.556800
2.888000 0.225000 0.536600
2.963000 0.225000 0.516700
3.038000 0.225000 0.497400
3.113000 0.225000 0.478700
3.188000 0.225000 0.460600
3.263000 0.225000 0.443200
3.338000 0.225000 0.426600
3.413000 0.225000 0.410600
3.488000 0.225000 0.395400
3.563000 0.225000 0.380800
3.638000 0.225000 0.366900
3.713000 0.225000 0.353700
3.788000 0.225000 0.341000
3.863000 0.225000 0.000000
-0.037500 0.375000 0.000000
0.037500 0.375000 0.089210
0.112500 0.375000 0.097490
0.187500 0.375000 0.110300
0.262500 0.375000 0.126000
0.337500 0.375000 0.143500
0.412500 0.375000 0.162200
0.487500 0.375000 0.181600
0.562500 0.375000 0.201600
0.637500 0.375000 0.221900
0.712500 0.375000 0.242300
0.787500 0.375000 0.262700
0.862500 0.375000 0.283100
0.937500 0.375000 0.303200
1.012000 0.375000 0.323000
1.087000 0.375000 0.342200
1.163000 0.375000 0.360900
1.238000 0.375000 0.378700
1.313000 0.375000 0.395500
1.388000 0.375000 0.411100
1.463000 0.375000 0.425300
1.538000 0.375000 0.437900
1.613000 0.375000 0.448700
1.688000 0.375000 0.457500
1.763000 0.375000 0.464100
1.838000 0.375000 0.468400
1.913000 0.375000 0.470500
1.988000 0.375000 0.470300
2.063000 0.375000 0.467800
2.138000 0.375000 0.463300
2.213000 0.375000 0.456900
2.288000 0.375000 0.448800
2.363000 0.375000 0.439400
2.438000 0.375000 0.428900
2.513000 0.375000 0.417400
2.588000 0.375000 0.405400
2.663000 0.375000 0.393000
2.738000 0.375000 0.380300
2.813000 0.375000 0.367600
2.888000 0.375000 0.355000
2.963000 0.375000 0.342600
3.038000 0.375000 0.330500
3.113000 0.375000 0.318800
3.188000 0.375000 0.307400
3.263000 0.375000 0.296600
3.338000 0.375000 0.286200
3.413000 0.375000 0.276400
3.488000 0.375000 0.267300
3.563000 0.375000 0.259000
3.638000 0.375000 0.251700
3.713000 0.375000 0.245800
3.788000 0.375000 0.242100
3.863000 0.375000 0.000000
-0.037500 0.525000 0.000000
0.037500 0.525000 0.089820
0.112500 0.525000 0.092540
0.187500 0.525000 0.097480
0.262500 0.525000 0.104100
0.337500 0.525000 0.112100
0.412500 0.525000 0.120900
0.487500 0.525000 0.130600
0.562500 0.525000 0.140700
0.637500 0.525000 0.151100
0.712500 0.525000 0.161900
0.787500 0.525000 0.172700
0.862500 0.525000 0.183500
0.937500 0.525000 0.194300
1.012000 0.525000 0.204900
1.087000 0.525000 0.215200
1.163000 0.525000 0.225200
1.238000 0.525000 0.234700
1.313000 0.525000 0.243600
1.388000 0.525000 0.251900
1.463000 0.525000 0.259300
1.538000 0.525000 0.265900
1.613000 0.525000 0.271500
1.688000 0.525000 0.276000
1.763000 0.525000 0.279300
1.838000 0.525000 0.281500
1.913000 0.525000 0.282500
1.988000 0.525000 0.282300
2.063000 0.525000 0.281000
2.138000 0.525000 0.278500
2.213000 0.525000 0.275100
2.288000 0.525000 0.270900
2.363000 0.525000 0.265800
2.438000 0.525000 0.260100
2.513000 0.525000 0.254000
2.588000 0.525000 0.247400
2.663000 0.525000 0.240600
2.738000 0.525000 0.233600
2.813000 0.525000 0.226600
2.888000 0.525000 0.219600
2.963000 0.525000 0.212700
3.038000 0.525000 0.205900
3.113000 0.525000 0.199300
3.188000 0.525000 0.193000
3.263000 0.525000 0.187000
3.338000 0.525000 0.181300
3.413000 0.525000 0.176100
3.488000 0.525000 0.171300
3.563000 0.525000 0.167200
3.638000 0.525000 0.163700
3.713000 0.525000 0.161200
3.788000 0.525000 0.159900
3.863000 0.525000 0.000000
-0.037500 0.675000 0.000000
0.037500 0.675000 0.084620
0.112500 0.675000 0.085680
0.187500 0.675000 0.087740
0.262500 0.675000 0.090680
0.337500 0.675000 0.094370
0.412500 0.675000 0.098690
0.487500 0.675000 0.103500
0.562500 0.675000 0.108800
0.637500 0.675000 0.114300
0.712500 0.675000 0.120100
0.787500 0.675000 0.126000
0.862500 0.675000 0.132000
0.937500 0.675000 0.137900
1.012000 0.675000 0.143800
1.087000 0.675000 0.149600
1.163000 0.675000 0.155100
1.238000 0.675000 0.160400
1.313000 0.675000 0.165300
1.388000 0.675000 0.169800
1.463000 0.675000 0.173900
1.538000 0.675000 0.177400
1.613000 0.675000 0.180400
1.688000 0.675000 0.182800
1.763000 0.675000 0.184500
1.838000 0.675000 0.185600
1.913000 0.675000 0.186100
1.988000 0.675000 0.185900
2.063000 0.675000 0.185100
2.138000 0.675000 0.183700
2.213000 0.675000 0.181800
2.288000 0.675000 0.179400
2.363000 0.675000 0.176500
2.438000 0.675000 0.173300
2.513000 0.675000 0.169800
2.588000 0.675000 0.166000
2.663000 0.675000 0.162000
2.738000 0.675000 0.158000
2.813000 0.675000 0.153900
2.888000 0.675000 0.149700
2.963000 0.675000 0.145600
3.038000 0.675000 0.141700
3.113000 0.675000 0.137800
3.188000 0.675000 0.134100
3.263000 0.675000 0.130600
3.338000 0.675000 0.127400
3.413000 0.675000 0.124500
3.488000 0.675000 0.122000
3.563000 0.675000 0.119800
3.638000 0.675000 0.118100
3.713000 0.675000 0.117000
3.788000 0.675000 0.116400
3.863000 0.675000 0.000000
-0.037500 0.825000 0.000000
0.037500 0.825000 0.077910
0.112500 0.825000 0.078590
0.187500 0.825000 0.079910
0.262500 0.825000 0.081830
0.337500 0.825000 0.084290
0.412500 0.825000 0.087220
0.487500 0.825000 0.090540
0.562500 0.825000 0.094190
0.637500 0.825000 0.098100
0.712500 0.825000 0.102200
0.787500 0.825000 0.106400
0.862500 0.825000 0.110700
0.937500 0.825000 0.115000
1.012000 0.825000 0.119300
1.087000 0.825000 0.123400
1.163000 0.825000 0.127400
1.238000 0.825000 0.131200
1.313000 0.825000 0.134700
1.388000 0.825000 0.138000
1.463000 0.825000 0.140900
1.538000 0.825000 0.143400
1.613000 0.825000 0.145500
1.688000 0.825000 0.147200
1.763000 0.825000 0.148400
1.838000 0.825000 0.149200
1.913000 0.825000 0.149400
1.988000 0.825000 0.149300
2.063000 0.825000 0.148700
2.138000 0.825000 0.147600
2.213000 0.825000 0.146200
2.288000 0.825000 0.144400
2.363000 0.825000 0.142300
2.438000 0.825000 0.139900
2.513000 0.825000 0.137300
2.588000 0.825000 0.134500
2.663000 0.825000 0.131600
2.738000 0.825000 0.128600
2.813000 0.825000 0.125500
2.888000 0.825000 0.122400
2.963000 0.825000 0.119300
3.038000 0.825000 0.116300
3.113000 0.825000 0.113500
3.188000 0.825000 0.110700
3.263000 0.825000 0.108200
3.338000 0.825000 0.105800
3.413000 0.825000 0.103700
3.488000 0.825000 0.101900
3.563000 0.825000 0.100400
3.638000 0.825000 0.099190
3.713000 0.825000 0.098390
3.788000 0.825000 0.097990
3.863000 0.825000 0.000000
-0.037500 0.975000 0.000000
0.037500 0.975000 0.069920
0.112500 0.975000 0.070390
0.187500 0.975000 0.071300
0.262500 0.975000 0.072640
0.337500 0.975000 0.074370
0.412500 0.975000 0.076450
0.487500 0.975000 0.078830
0.562500 0.975000 0.081460
0.637500 0.975000 0.084300
0.712500 0.975000 0.087300
0.787500 0.975000 0.090400
0.862500 0.975000 0.093560
0.937500 0.975000 0.096740
1.012000 0.975000 0.099880
1.087000 0.975000 0.103000
1.163000 0.975000 0.105900
1.238000 0.975000 0.108700
1.313000 0.975000 0.111300
1.388000 0.975000 0.113700
1.463000 0.975000 0.115900
1.538000 0.975000 0.117700
1.613000 0.975000 0.119200
1.688000 0.975000 0.120500
1.763000 0.975000 0.121300
1.838000 0.975000 0.121900
1.913000 0.975000 0.122100
1.988000 0.975000 0.121900
2.063000 0.975000 0.121400
2.138000 0.975000 0.120600
2.213000 0.975000 0.119500
2.288000 0.975000 0.118200
2.363000 0.975000 0.116600
2.438000 0.975000 0.114800
2.513000 0.975000 0.112800
2.588000 0.975000 0.110700
2.663000 0.975000 0.108400
2.738000 0.975000 0.106100
2.813000 0.975000 0.103700
2.888000 0.975000 0.101400
2.963000 0.975000 0.099040
3.038000 0.975000 0.096760
3.113000 0.975000 0.094570
3.188000 0.975000 0.092490
3.263000 0.975000 0.090550
3.338000 0.975000 0.088790
3.413000 0.975000 0.087210
3.488000 0.975000 0.085860
3.563000 0.975000 0.084750
3.638000 0.975000 0.083890
3.713000 0.975000 0.083320
3.788000 0.975000 0.083030
3.863000 0.975000 0.000000
-0.037500 1.125000 0.000000
0.037500 1.125000 0.062040
0.112500 1.125000 0.062380
0.187500 1.125000 0.063070
0.262500 1.125000 0.064080
0.337500 1.125000 0.065390
0.412500 1.125000 0.066970
0.487500 1.125000 0.068790
0.562500 1.125000 0.070820
0.637500 1.125000 0.073010
0.712500 1.125000 0.075320
0.787500 1.125000 0.077730
0.862500 1.125000 0.080190
0.937500 1.125000 0.082670
1.012000 1.125000 0.085120
1.087000 1.125000 0.087520
1.163000 1.125000 0.089830
1.238000 1.125000 0.092010
1.313000 1.125000 0.094050
1.388000 1.125000 0.095910
1.463000 1.125000 0.097570
1.538000 1.125000 0.099000
1.613000 1.125000 0.100200
1.688000 1.125000 0.101100
1.763000 1.125000 0.101800
1.838000 1.125000 0.102200
1.913000 1.125000 0.102300
1.988000 1.125000 0.102200
2.063000 1.125000 0.101800
2.138000 1.125000 0.101200
2.213000 1.125000 0.100300
2.288000 1.125000 0.099210
2.363000 1.125000 0.097930
2.438000 1.125000 0.096490
2.513000 1.125000 0.094900
2.588000 1.125000 0.093200
2.663000 1.125000 0.091410
2.738000 1.125000 0.089560
2.813000 1.125000 0.087680
2.888000 1.125000 0.085790
2.963000 1.125000 0.083930
3.038000 1.125000 0.082110
3.113000 1.125000 0.080360
3.188000 1.125000 0.078710
3.263000 1.125000 0.077170
3.338000 1.125000 0.075780
3.413000 1.125000 0.074540
3.488000 1.125000 0.073480
3.563000 1.125000 0.072610
3.638000 1.125000 0.071950
3.713000 1.125000 0.071510
3.788000 1.125000 0.071280
3.863000 1.125000 0.000000
-0.037500 1.275000 0.000000
0.037500 1.275000 0.047610
0.112500 1.275000 0.047850
0.187500 1.275000 0.048330
0.262500 1.275000 0.049030
0.337500 1.275000 0.049940
0.412500 1.275000 0.051040
0.487500 1.275000 0.052310
0.562500 1.275000 0.053720
0.637500 1.275000 0.055250
0.712500 1.275000 0.056880
0.787500 1.275000 0.058570
0.862500 1.275000 0.060300
0.937500 1.275000 0.062040
1.012000 1.275000 0.063770
1.087000 1.275000 0.065460
1.163000 1.275000 0.067080
1.238000 1.275000 0.068630
1.313000 1.275000 0.070060
1.388000 1.275000 0.071370
1.463000 1.275000 0.072540
1.538000 1.275000 0.073540
1.613000 1.275000 0.074380
1.688000 1.275000 0.075030
1.763000 1.275000 0.075500
1.838000 1.275000 0.075780
1.913000 1.275000 0.075860
1.988000 1.275000 0.075760
2.063000 1.275000 0.075470
2.138000 1.275000 0.075010
2.213000 1.275000 0.074380
2.288000 1.275000 0.073600
2.363000 1.275000 0.072690
2.438000 1.275000 0.071650
2.513000 1.275000 0.070520
2.588000 1.275000 0.069300
2.663000 1.275000 0.068020
2.738000 1.275000 0.066690
2.813000 1.275000 0.065350
2.888000 1.275000 0.064000
2.963000 1.275000 0.062660
3.038000 1.275000 0.061360
3.113000 1.275000 0.060120
3.188000 1.275000 0.058940
3.263000 1.275000 0.057850
3.338000 1.275000 0.056860
3.413000 1.275000 0.055980
3.488000 1.275000 0.055230
3.563000 1.275000 0.054620
3.638000 1.275000 0.054160
3.713000 1.275000 0.053840
3.788000 1.275000 0.053690
3.863000 1.275000 0.000000
-0.037500 1.425000 0.000000
0.037500 1.425000 0.032290
0.112500 1.425000 0.032430
0.187500 1.425000 0.032720
0.262500 1.425000 0.033140
0.337500 1.425000 0.033680
0.412500 1.425000 0.034350
0.487500 1.425000 0.035110
0.562500 1.425000 0.035960
0.637500 1.425000 0.036890
0.712500 1.425000 0.037880
0.787500 1.425000 0.038900
0.862500 1.425000 0.039960
0.937500 1.425000 0.041020
1.012000 1.425000 0.042070
1.087000 1.425000 0.043100
1.163000 1.425000 0.044090
1.238000 1.425000 0.045030
1.313000 1.425000 0.045910
1.388000 1.425000 0.046700
1.463000 1.425000 0.047410
1.538000 1.425000 0.048020
1.613000 1.425000 0.048530
1.688000 1.425000 0.048920
1.763000 1.425000 0.049200
1.838000 1.425000 0.049370
1.913000 1.425000 0.049410
1.988000 1.425000 0.049340
2.063000 1.425000 0.049160
2.138000 1.425000 0.048870
2.213000 1.425000 0.048470
2.288000 1.425000 0.047990
2.363000 1.425000 0.047410
2.438000 1.425000 0.046770
2.513000 1.425000 0.046060
2.588000 1.425000 0.045300
2.663000 1.425000 0.044510
2.738000 1.425000 0.043680
2.813000 1.425000 0.042850
2.888000 1.425000 0.042010
2.963000 1.425000 0.041180
3.038000 1.425000 0.040370
3.113000 1.425000 0.039600
3.188000 1.425000 0.038870
3.263000 1.425000 0.038190
3.338000 1.425000 0.037580
3.413000 1.425000 0.037040
3.488000 1.425000 0.036580
3.563000 1.425000 0.036210
3.638000 1.425000 0.035920
3.713000 1.425000 0.035730
3.788000 1.425000 0.035640
3.863000 1.425000 0.000000
-0.037500 1.575000 0.000000
0.037500 1.575000 0.021610
0.112500 1.575000 0.021690
0.187500 1.575000 0.021870
0.262500 1.575000 0.022120
0.337500 1.575000 0.022440
0.412500 1.575000 0.022840
0.487500 1.575000 0.023300
0.562500 1.575000 0.023810
0.637500 1.575000 0.024370
0.712500 1.575000 0.024960
0.787500 1.575000 0.025580
0.862500 1.575000 0.026220
0.937500 1.575000 0.026860
1.012000 1.575000 0.027500
1.087000 1.575000 0.028120
1.163000 1.575000 0.028720
1.238000 1.575000 0.029290
1.313000 1.575000 0.029820
1.388000 1.575000 0.030300
1.463000 1.575000 0.030730
1.538000 1.575000 0.031090
1.613000 1.575000 0.031400
1.688000 1.575000 0.031630
1.763000 1.575000 0.031800
1.838000 1.575000 0.031900
1.913000 1.575000 0.031920
1.988000 1.575000 0.031870
2.063000 1.575000 0.031750
2.138000 1.575000 0.031570
2.213000 1.575000 0.031330
2.288000 1.575000 0.031020
2.363000 1.575000 0.030670
2.438000 1.575000 0.030270
2.513000 1.575000 0.029830
2.588000 1.575000 0.029370
2.663000 1.575000 0.028870
2.738000 1.575000 0.028360
2.813000 1.575000 0.027850
2.888000 1.575000 0.027330
2.963000 1.575000 0.026820
3.038000 1.575000 0.026320
3.113000 1.575000 0.025840
3.188000 1.575000 0.025400
3.263000 1.575000 0.024980
3.338000 1.575000 0.024610
3.413000 1.575000 0.024280
3.488000 1.575000 0.023990
3.563000 1.575000 0.023760
3.638000 1.575000 0.023590
3.713000 1.575000 0.023470
3.788000 1.575000 0.023420
3.863000 1.575000 0.000000
-0.037500 1.725000 0.000000
0.037500 1.725000 0.014260
0.112500 1.725000 0.014310
0.187500 1.725000 0.014410
0.262500 1.725000 0.014560
0.337500 1.725000 0.014750
0.412500 1.725000 0.014990
0.487500 1.725000 0.015260
0.562500 1.725000 0.015570
0.637500 1.725000 0.015900
0.712500 1.725000 0.016250
0.787500 1.725000 0.016630
0.862500 1.725000 0.017010
0.937500 1.725000 0.017390
1.012000 1.725000 0.017770
1.087000 1.725000 0.018140
1.163000 1.725000 0.018500
1.238000 1.725000 0.018840
1.313000 1.725000 0.019160
1.388000 1.725000 0.019450
1.463000 1.725000 0.019700
1.538000 1.725000 0.019920
1.613000 1.725000 0.020100
1.688000 1.725000 0.020240
1.763000 1.725000 0.020340
1.838000 1.725000 0.020400
1.913000 1.725000 0.020410
1.988000 1.725000 0.020370
2.063000 1.725000 0.020300
2.138000 1.725000 0.020190
2.213000 1.725000 0.020040
2.288000 1.725000 0.019850
2.363000 1.725000 0.019630
2.438000 1.725000 0.019390
2.513000 1.725000 0.019120
2.588000 1.725000 0.018830
2.663000 1.725000 0.018530
2.738000 1.725000 0.018220
2.813000 1.725000 0.017910
2.888000 1.725000 0.017590
2.963000 1.725000 0.017280
3.038000 1.725000 0.016970
3.113000 1.725000 0.016680
3.188000 1.725000 0.016410
3.263000 1.725000 0.016160
3.338000 1.725000 0.015930
3.413000 1.725000 0.015730
3.488000 1.725000 0.015560
3.563000 1.725000 0.015420
3.638000 1.725000 0.015310
3.713000 1.725000 0.015240
3.788000 1.725000 0.015200
3.863000 1.725000 0.000000
-0.037500 1.875000 0.000000
0.037500 1.875000 0.009229
0.112500 1.875000 0.009259
0.187500 1.875000 0.009318
0.262500 1.875000 0.009405
0.337500 1.875000 0.009519
0.412500 1.875000 0.009657
0.487500 1.875000 0.009817
0.562500 1.875000 0.009996
0.637500 1.875000 0.010190
0.712500 1.875000 0.010400
0.787500 1.875000 0.010620
0.862500 1.875000 0.010840
0.937500 1.875000 0.011070
1.012000 1.875000 0.011290
1.087000 1.875000 0.011510
1.163000 1.875000 0.011720
1.238000 1.875000 0.011920
1.313000 1.875000 0.012110
1.388000 1.875000 0.012280
1.463000 1.875000 0.012430
1.538000 1.875000 0.012560
1.613000 1.875000 0.012660
1.688000 1.875000 0.012740
1.763000 1.875000 0.012800
1.838000 1.875000 0.012830
1.913000 1.875000 0.012840
1.988000 1.875000 0.012810
2.063000 1.875000 0.012770
2.138000 1.875000 0.012700
2.213000 1.875000 0.012610
2.288000 1.875000 0.012500
2.363000 1.875000 0.012360
2.438000 1.875000 0.012220
2.513000 1.875000 0.012060
2.588000 1.875000 0.011880
2.663000 1.875000 0.011700
2.738000 1.875000 0.011510
2.813000 1.875000 0.011320
2.888000 1.875000 0.011130
2.963000 1.875000 0.010950
3.038000 1.875000 0.010760
3.113000 1.875000 0.010590
3.188000 1.875000 0.010430
3.263000 1.875000 0.010280
3.338000 1.875000 0.010140
3.413000 1.875000 0.010020
3.488000 1.875000 0.009915
3.563000 1.875000 0.009831
3.638000 1.875000 0.009767
3.713000 1.875000 0.009724
3.788000 1.875000 0.009703
3.863000 1.875000 0.000000
-0.037500 2.025000 0.000000
0.037500 2.025000 0.005786
0.112500 2.025000 0.005802
0.187500 2.025000 0.005835
0.262500 2.025000 0.005884
0.337500 2.025000 0.005948
0.412500 2.025000 0.006026
0.487500 2.025000 0.006116
0.562500 2.025000 0.006218
0.637500 2.025000 0.006328
0.712500 2.025000 0.006446
0.787500 2.025000 0.006569
0.862500 2.025000 0.006695
0.937500 2.025000 0.006823
1.012000 2.025000 0.006950
1.087000 2.025000 0.007074
1.163000 2.025000 0.007194
1.238000 2.025000 0.007307
1.313000 2.025000 0.007412
1.388000 2.025000 0.007508
1.463000 2.025000 0.007592
1.538000 2.025000 0.007664
1.613000 2.025000 0.007724
1.688000 2.025000 0.007769
1.763000 2.025000 0.007800
1.838000 2.025000 0.007816
1.913000 2.025000 0.007817
1.988000 2.025000 0.007804
2.063000 2.025000 0.007776
2.138000 2.025000 0.007735
2.213000 2.025000 0.007682
2.288000 2.025000 0.007616
2.363000 2.025000 0.007540
2.438000 2.025000 0.007454
2.513000 2.025000 0.007361
2.588000 2.025000 0.007261
2.663000 2.025000 0.007156
2.738000 2.025000 0.007048
2.813000 2.025000 0.006938
2.888000 2.025000 0.006828
2.963000 2.025000 0.006719
3.038000 2.025000 0.006614
3.113000 2.025000 0.006514
3.188000 2.025000 0.006419
3.263000 2.025000 0.006332
3.338000 2.025000 0.006253
3.413000 2.025000 0.006183
3.488000 2.025000 0.006123
3.563000 2.025000 0.006075
3.638000 2.025000 0.006038
3.713000 2.025000 0.006013
3.788000 2.025000 0.006001
3.863000 2.025000 0.000000
-0.037500 2.175000 0.000000
0.037500 2.175000 0.003388
0.112500 2.175000 0.003396
0.187500 2.175000 0.003412
0.262500 2.175000 0.003437
0.337500 2.175000 0.003469
0.412500 2.175000 0.003508
0.487500 2.175000 0.003553
0.562500 2.175000 0.003603
0.637500 2.175000 0.003659
0.712500 2.175000 0.003718
0.787500 2.175000 0.003779
0.862500 2.175000 0.003843
0.937500 2.175000 0.003907
1.012000 2.175000 0.003970
1.087000 2.175000 0.004033
1.163000 2.175000 0.004093
1.238000 2.175000 0.004149
1.313000 2.175000 0.004202
1.388000 2.175000 0.004249
1.463000 2.175000 0.004291
1.538000 2.175000 0.004327
1.613000 2.175000 0.004356
1.688000 2.175000 0.004378
1.763000 2.175000 0.004393
1.838000 2.175000 0.004400
1.913000 2.175000 0.004400
1.988000 2.175000 0.004392
2.063000 2.175000 0.004377
2.138000 2.175000 0.004355
2.213000 2.175000 0.004326
2.288000 2.175000 0.004292
2.363000 2.175000 0.004252
2.438000 2.175000 0.004207
2.513000 2.175000 0.004158
2.588000 2.175000 0.004106
2.663000 2.175000 0.004052
2.738000 2.175000 0.003995
2.813000 2.175000 0.003938
2.888000 2.175000 0.003882
2.963000 2.175000 0.003825
3.038000 2.175000 0.003771
3.113000 2.175000 0.003719
3.188000 2.175000 0.003670
3.263000 2.175000 0.003625
3.338000 2.175000 0.003584
3.413000 2.175000 0.003548
3.488000 2.175000 0.003518
3.563000 2.175000 0.003493
3.638000 2.175000 0.003474
3.713000 2.175000 0.003461
3.788000 2.175000 0.003454
3.863000 2.175000 0.000000
-0.037500 2.325000 0.000000
0.037500 2.325000 0.002223
0.112500 2.325000 0.002228
0.187500 2.325000 0.002236
0.262500 2.325000 0.002249
0.337500 2.325000 0.002265
0.412500 2.325000 0.002285
0.487500 2.325000 0.002309
0.562500 2.325000 0.002335
0.637500 2.325000 0.002364
0.712500 2.325000 0.002395
0.787500 2.325000 0.002427
0.862500 2.325000 0.002460
0.937500 2.325000 0.002493
1.012000 2.325000 0.002526
1.087000 2.325000 0.002558
1.163000 2.325000 0.002589
1.238000 2.325000 0.002619
1.313000 2.325000 0.002646
1.388000 2.325000 0.002670
1.463000 2.325000 0.002692
1.538000 2.325000 0.002710
1.613000 2.325000 0.002724
1.688000 2.325000 0.002735
1.763000 2.325000 0.002742
1.838000 2.325000 0.002745
1.913000 2.325000 0.002744
1.988000 2.325000 0.002738
2.063000 2.325000 0.002729
2.138000 2.325000 0.002716
2.213000 2.325000 0.002700
2.288000 2.325000 0.002681
2.363000 2.325000 0.002658
2.438000 2.325000 0.002633
2.513000 2.325000 0.002606
2.588000 2.325000 0.002578
2.663000 2.325000 0.002547
2.738000 2.325000 0.002516
2.813000 2.325000 0.002485
2.888000 2.325000 0.002454
2.963000 2.325000 0.002423
3.038000 2.325000 0.002393
3.113000 2.325000 0.002365
3.188000 2.325000 0.002338
3.263000 2.325000 0.002314
3.338000 2.325000 0.002291
3.413000 2.325000 0.002272
3.488000 2.325000 0.002255
3.563000 2.325000 0.002242
3.638000 2.325000 0.002231
3.713000 2.325000 0.002224
3.788000 2.325000 0.002221
3.863000 2.325000 0.000000
-0.037500 2.475000 0.000000
0.037500 2.475000 0.001770
0.112500 2.475000 0.001773
0.187500 2.475000 0.001778
0.262500 2.475000 0.001787
0.337500 2.475000 0.001799
0.412500 2.475000 0.001813
0.487500 2.475000 0.001829
0.562500 2.475000 0.001847
0.637500 2.475000 0.001867
0.712500 2.475000 0.001888
0.787500 2.475000 0.001911
0.862500 2.475000 0.001933
0.937500 2.475000 0.001957
1.012000 2.475000 0.001979
1.087000 2.475000 0.002002
1.163000 2.475000 0.002023
1.238000 2.475000 0.002043
1.313000 2.475000 0.002062
1.388000 2.475000 0.002079
1.463000 2.475000 0.002094
1.538000 2.475000 0.002106
1.613000 2.475000 0.002116
1.688000 2.475000 0.002123
1.763000 2.475000 0.002127
1.838000 2.475000 0.002129
1.913000 2.475000 0.002127
1.988000 2.475000 0.002123
2.063000 2.475000 0.002116
2.138000 2.475000 0.002107
2.213000 2.475000 0.002095
2.288000 2.475000 0.002081
2.363000 2.475000 0.002064
2.438000 2.475000 0.002046
2.513000 2.475000 0.002027
2.588000 2.475000 0.002006
2.663000 2.475000 0.001984
2.738000 2.475000 0.001962
2.813000 2.475000 0.001939
2.888000 2.475000 0.001917
2.963000 2.475000 0.001895
3.038000 2.475000 0.001874
3.113000 2.475000 0.001853
3.188000 2.475000 0.001834
3.263000 2.475000 0.001817
3.338000 2.475000 0.001801
3.413000 2.475000 0.001787
3.488000 2.475000 0.001775
3.563000 2.475000 0.001766
3.638000 2.475000 0.001758
3.713000 2.475000 0.001753
3.788000 2.475000 0.001751
3.863000 2.475000 0.000000
-0.037500 2.625000 0.000000
0.037500 2.625000 0.001425
0.112500 2.625000 0.001427
0.187500 2.625000 0.001431
0.262500 2.625000 0.001437
0.337500 2.625000 0.001446
0.412500 2.625000 0.001456
0.487500 2.625000 0.001467
0.562500 2.625000 0.001480
0.637500 2.625000 0.001495
0.712500 2.625000 0.001510
0.787500 2.625000 0.001526
0.862500 2.625000 0.001542
0.937500 2.625000 0.001558
1.012000 2.625000 0.001575
1.087000 2.625000 0.001591
1.163000 2.625000 0.001606
1.238000 2.625000 0.001620
1.313000 2.625000 0.001634
1.388000 2.625000 0.001645
1.463000 2.625000 0.001656
1.538000 2.625000 0.001664
1.613000 2.625000 0.001671
1.688000 2.625000 0.001676
1.763000 2.625000 0.001679
1.838000 2.625000 0.001680
1.913000 2.625000 0.001678
1.988000 2.625000 0.001675
2.063000 2.625000 0.001670
2.138000 2.625000 0.001662
2.213000 2.625000 0.001653
2.288000 2.625000 0.001643
2.363000 2.625000 0.001631
2.438000 2.625000 0.001617
2.513000 2.625000 0.001603
2.588000 2.625000 0.001587
2.663000 2.625000 0.001571
2.738000 2.625000 0.001555
2.813000 2.625000 0.001538
2.888000 2.625000 0.001522
2.963000 2.625000 0.001506
3.038000 2.625000 0.001490
3.113000 2.625000 0.001475
3.188000 2.625000 0.001461
3.263000 2.625000 0.001448
3.338000 2.625000 0.001437
3.413000 2.625000 0.001427
3.488000 2.625000 0.001418
3.563000 2.625000 0.001411
3.638000 2.625000 0.001406
3.713000 2.625000 0.001402
3.788000 2.625000 0.001401
3.863000 2.625000 0.000000
-0.037500 2.775000 0.000000
0.037500 2.775000 0.001173
0.112500 2.775000 0.001175
0.187500 2.775000 0.001178
0.262500 2.775000 0.001183
0.337500 2.775000 0.001189
0.412500 2.775000 0.001197
0.487500 2.775000 0.001206
0.562500 2.775000 0.001215
0.637500 2.775000 0.001226
0.712500 2.775000 0.001238
0.787500 2.775000 0.001250
0.862500 2.775000 0.001262
0.937500 2.775000 0.001275
1.012000 2.775000 0.001287
1.087000 2.775000 0.001299
1.163000 2.775000 0.001311
1.238000 2.775000 0.001321
1.313000 2.775000 0.001331
1.388000 2.775000 0.001340
1.463000 2.775000 0.001348
1.538000 2.775000 0.001354
1.613000 2.775000 0.001359
1.688000 2.775000 0.001363
1.763000 2.775000 0.001365
1.838000 2.775000 0.001365
1.913000 2.775000 0.001364
1.988000 2.775000 0.001362
2.063000 2.775000 0.001357
2.138000 2.775000 0.001352
2.213000 2.775000 0.001344
2.288000 2.775000 0.001336
2.363000 2.775000 0.001327
2.438000 2.775000 0.001316
2.513000 2.775000 0.001305
2.588000 2.775000 0.001293
2.663000 2.775000 0.001281
2.738000 2.775000 0.001268
2.813000 2.775000 0.001255
2.888000 2.775000 0.001242
2.963000 2.775000 0.001230
3.038000 2.775000 0.001218
3.113000 2.775000 0.001206
3.188000 2.775000 0.001196
3.263000 2.775000 0.001186
3.338000 2.775000 0.001177
3.413000 2.775000 0.001169
3.488000 2.775000 0.001163
3.563000 2.775000 0.001157
3.638000 2.775000 0.001153
3.713000 2.775000 0.001151
3.788000 2.775000 0.001149
3.863000 2.775000 0.000000
-0.037500 2.925000 0.000000
0.037500 2.925000 0.000829
0.112500 2.925000 0.000830
0.187500 2.925000 0.000833
0.262500 2.925000 0.000836
0.337500 2.925000 0.000840
0.412500 2.925000 0.000846
0.487500 2.925000 0.000852
0.562500 2.925000 0.000858
0.637500 2.925000 0.000866
0.712500 2.925000 0.000874
0.787500 2.925000 0.000882
0.862500 2.925000 0.000890
0.937500 2.925000 0.000898
1.012000 2.925000 0.000907
1.087000 2.925000 0.000915
1.163000 2.925000 0.000923
1.238000 2.925000 0.000930
1.313000 2.925000 0.000937
1.388000 2.925000 0.000943
1.463000 2.925000 0.000948
1.538000 2.925000 0.000952
1.613000 2.925000 0.000956
1.688000 2.925000 0.000958
1.763000 2.925000 0.000959
1.838000 2.925000 0.000960
1.913000 2.925000 0.000959
1.988000 2.925000 0.000957
2.063000 2.925000 0.000954
2.138000 2.925000 0.000950
2.213000 2.925000 0.000945
2.288000 2.925000 0.000939
2.363000 2.925000 0.000933
2.438000 2.925000 0.000926
2.513000 2.925000 0.000918
2.588000 2.925000 0.000910
2.663000 2.925000 0.000901
2.738000 2.925000 0.000893
2.813000 2.925000 0.000884
2.888000 2.925000 0.000875
2.963000 2.925000 0.000867
3.038000 2.925000 0.000859
3.113000 2.925000 0.000851
3.188000 2.925000 0.000844
3.263000 2.925000 0.000837
3.338000 2.925000 0.000831
3.413000 2.925000 0.000826
3.488000 2.925000 0.000822
3.563000 2.925000 0.000818
3.638000 2.925000 0.000815
3.713000 2.925000 0.000814
3.788000 2.925000 0.000813
3.863000 2.925000 0.000000
-0.037500 3.075000 0.000000
0.037500 3.075000 0.000508
0.112500 3.075000 0.000508
0.187500 3.075000 0.000509
0.262500 3.075000 0.000511
0.337500 3.075000 0.000514
0.412500 3.075000 0.000517
0.487500 3.075000 0.000520
0.562500 3.075000 0.000524
0.637500 3.075000 0.000529
0.712500 3.075000 0.000533
0.787500 3.075000 0.000538
0.862500 3.075000 0.000543
0.937500 3.075000 0.000548
1.012000 3.075000 0.000552
1.087000 3.075000 0.000557
1.163000 3.075000 0.000562
1.238000 3.075000 0.000566
1.313000 3.075000 0.000570
1.388000 3.075000 0.000573
1.463000 3.075000 0.000576
1.538000 3.075000 0.000579
1.613000 3.075000 0.000581
1.688000 3.075000 0.000582
1.763000 3.075000 0.000583
1.838000 3.075000 0.000583
1.913000 3.075000 0.000582
1.988000 3.075000 0.000581
2.063000 3.075000 0.000579
2.138000 3.075000 0.000577
2.213000 3.075000 0.000574
2.288000 3.075000 0.000571
2.363000 3.075000 0.000567
2.438000 3.075000 0.000563
2.513000 3.075000 0.000558
2.588000 3.075000 0.000554
2.663000 3.075000 0.000549
2.738000 3.075000 0.000544
2.813000 3.075000 0.000539
2.888000 3.075000 0.000533
2.963000 3.075000 0.000529
3.038000 3.075000 0.000524
3.113000 3.075000 0.000519
3.188000 3.075000 0.000515
3.263000 3.075000 0.000511
3.338000 3.075000 0.000508
3.413000 3.075000 0.000505
3.488000 3.075000 0.000502
3.563000 3.075000 0.000500
3.638000 3.075000 0.000499
3.713000 3.075000 0.000498
3.788000 3.075000 0.000497
3.863000 3.075000 0.000000
-0.037500 3.225000 0.000000
0.037500 3.225000 0.000308
0.112500 3.225000 0.000308
0.187500 3.225000 0.000309
0.262500 3.225000 0.000310
0.337500 3.225000 0.000312
0.412500 3.225000 0.000314
0.487500 3.225000 0.000316
0.562500 3.225000 0.000318
0.637500 3.225000 0.000320
0.712500 3.225000 0.000323
0.787500 3.225000 0.000326
0.862500 3.225000 0.000328
0.937500 3.225000 0.000331
1.012000 3.225000 0.000334
1.087000 3.225000 0.000337
1.163000 3.225000 0.000339
1.238000 3.225000 0.000342
1.313000 3.225000 0.000344
1.388000 3.225000 0.000346
1.463000 3.225000 0.000348
1.538000 3.225000 0.000349
1.613000 3.225000 0.000350
1.688000 3.225000 0.000351
1.763000 3.225000 0.000351
1.838000 3.225000 0.000351
1.913000 3.225000 0.000351
1.988000 3.225000 0.000350
2.063000 3.225000 0.000349
2.138000 3.225000 0.000348
2.213000 3.225000 0.000346
2.288000 3.225000 0.000344
2.363000 3.225000 0.000342
2.438000 3.225000 0.000340
2.513000 3.225000 0.000337
2.588000 3.225000 0.000334
2.663000 3.225000 0.000331
2.738000 3.225000 0.000329
2.813000 3.225000 0.000326
2.888000 3.225000 0.000323
2.963000 3.225000 0.000320
3.038000 3.225000 0.000317
3.113000 3.225000 0.000315
3.188000 3.225000 0.000312
3.263000 3.225000 0.000310
3.338000 3.225000 0.000308
3.413000 3.225000 0.000306
3.488000 3.225000 0.000305
3.563000 3.225000 0.000304
3.638000 3.225000 0.000303
3.713000 3.225000 0.000302
3.788000 3.225000 0.000302
3.863000 3.225000 0.000000
-0.037500 3.375000 0.000000
0.037500 3.375000 0.000186
0.112500 3.375000 0.000186
0.187500 3.375000 0.000186
0.262500 3.375000 0.000187
0.337500 3.375000 0.000188
0.412500 3.375000 0.000189
0.487500 3.375000 0.000190
0.562500 3.375000 0.000191
0.637500 3.375000 0.000193
0.712500 3.375000 0.000194
0.787500 3.375000 0.000196
0.862500 3.375000 0.000197
0.937500 3.375000 0.000199
1.012000 3.375000 0.000200
1.087000 3.375000 0.000202
1.163000 3.375000 0.000204
1.238000 3.375000 0.000205
1.313000 3.375000 0.000206
1.388000 3.375000 0.000207
1.463000 3.375000 0.000208
1.538000 3.375000 0.000209
1.613000 3.375000 0.000210
1.688000 3.375000 0.000210
1.763000 3.375000 0.000210
1.838000 3.375000 0.000210
1.913000 3.375000 0.000210
1.988000 3.375000 0.000210
2.063000 3.375000 0.000209
2.138000 3.375000 0.000208
2.213000 3.375000 0.000207
2.288000 3.375000 0.000206
2.363000 3.375000 0.000205
2.438000 3.375000 0.000204
2.513000 3.375000 0.000202
2.588000 3.375000 0.000200
2.663000 3.375000 0.000199
2.738000 3.375000 0.000197
2.813000 3.375000 0.000196
2.888000 3.375000 0.000194
2.963000 3.375000 0.000192
3.038000 3.375000 0.000191
3.113000 3.375000 0.000189
3.188000 3.375000 0.000188
3.263000 3.375000 0.000186
3.338000 3.375000 0.000185
3.413000 3.375000 0.000184
3.488000 3.375000 0.000183
3.563000 3.375000 0.000183
3.638000 3.375000 0.000182
3.713000 3.375000 0.000182
3.788000 3.375000 0.000182
3.863000 3.375000 0.000000
-0.037500 3.525000 0.000000
0.037500 3.525000 0.000111
0.112500 3.525000 0.000111
0.187500 3.525000 0.000111
0.262500 3.525000 0.000112
0.337500 3.525000 0.000112
0.412500 3.525000 0.000113
0.487500 3.525000 0.000113
0.562500 3.525000 0.000114
0.637500 3.525000 0.000115
0.712500 3.525000 0.000116
0.787500 3.525000 0.000117
0.862500 3.525000 0.000118
0.937500 3.525000 0.000119
1.012000 3.525000 0.000119
1.087000 3.525000 0.000120
1.163000 3.525000 0.000121
1.238000 3.525000 0.000122
1.313000 3.525000 0.000123
1.388000 3.525000 0.000123
1.463000 3.525000 0.000124
1.538000 3.525000 0.000124
1.613000 3.525000 0.000125
1.688000 3.525000 0.000125
1.763000 3.525000 0.000125
1.838000 3.525000 0.000125
1.913000 3.525000 0.000125
1.988000 3.525000 0.000125
2.063000 3.525000 0.000124
2.138000 3.525000 0.000124
2.213000 3.525000 0.000123
2.288000 3.525000 0.000123
2.363000 3.525000 0.000122
2.438000 3.525000 0.000121
2.513000 3.525000 0.000120
2.588000 3.525000 0.000119
2.663000 3.525000 0.000118
2.738000 3.525000 0.000117
2.813000 3.525000 0.000116
2.888000 3.525000 0.000115
2.963000 3.525000 0.000115
3.038000 3.525000 0.000114
3.113000 3.525000 0.000113
3.188000 3.525000 0.000112
3.263000 3.525000 0.000111
3.338000 3.525000 0.000111
3.413000 3.525000 0.000110
3.488000 3.525000 0.000110
3.563000 3.525000 0.000109
3.638000 3.525000 0.000109
3.713000 3.525000 0.000109
3.788000 3.525000 0.000109
3.863000 3.525000 0.000000
-0.037500 3.675000 0.000000
0.037500 3.675000 0.000066
0.112500 3.675000 0.000066
0.187500 3.675000 0.000066
0.262500 3.675000 0.000066
0.337500 3.675000 0.000066
0.412500 3.675000 0.000067
0.487500 3.675000 0.000067
0.562500 3.675000 0.000068
0.637500 3.675000 0.000068
0.712500 3.675000 0.000069
0.787500 3.675000 0.000069
0.862500 3.675000 0.000070
0.937500 3.675000 0.000070
1.012000 3.675000 0.000071
1.087000 3.675000 0.000071
1.163000 3.675000 0.000072
1.238000 3.675000 0.000072
1.313000 3.675000 0.000072
1.388000 3.675000 0.000073
1.463000 3.675000 0.000073
1.538000 3.675000 0.000073
1.613000 3.675000 0.000074
1.688000 3.675000 0.000074
1.763000 3.675000 0.000074
1.838000 3.675000 0.000074
1.913000 3.675000 0.000074
1.988000 3.675000 0.000074
2.063000 3.675000 0.000073
2.138000 3.675000 0.000073
2.213000 3.675000 0.000073
2.288000 3.675000 0.000072
2.363000 3.675000 0.000072
2.438000 3.675000 0.000072
2.513000 3.675000 0.000071
2.588000 3.675000 0.000071
2.663000 3.675000 0.000070
2.738000 3.675000 0.000069
2.813000 3.675000 0.000069
2.888000 3.675000 0.000068
2.963000 3.675000 0.000068
3.038000 3.675000 0.000067
3.113000 3.675000 0.000067
3.188000 3.675000 0.000066
3.263000 3.675000 0.000066
3.338000 3.675000 0.000066
3.413000 3.675000 0.000065
3.488000 3.675000 0.000065
3.563000 3.675000 0.000065
3.638000 3.675000 0.000065
3.713000 3.675000 0.000064
3.788000 3.675000 0.000064
3.863000 3.675000 0.000000
-0.037500 3.825000 0.000000
0.037500 3.825000 0.000039
0.112500 3.825000 0.000039
0.187500 3.825000 0.000039
0.262500 3.825000 0.000039
0.337500 3.825000 0.000039
0.412500 3.825000 0.000039
0.487500 3.825000 0.000039
0.562500 3.825000 0.000040
0.637500 3.825000 0.000040
0.712500 3.825000 0.000040
0.787500 3.825000 0.000040
0.862500 3.825000 0.000041
0.937500 3.825000 0.000041
1.012000 3.825000 0.000041
1.087000 3.825000 0.000042
1.163000 3.825000 0.000042
1.238000 3.825000 0.000042
1.313000 3.825000 0.000042
1.388000 3.825000 0.000043
1.463000 3.825000 0.000043
1.538000 3.825000 0.000043
1.613000 3.825000 0.000043
1.688000 3.825000 0.000043
1.763000 3.825000 0.000043
1.838000 3.825000 0.000043
1.913000 3.825000 0.000043
1.988000 3.825000 0.000043
2.063000 3.825000 0.000043
2.138000 3.825000 0.000043
2.213000 3.825000 0.000043
2.288000 3.825000 0.000042
2.363000 3.825000 0.000042
2.438000 3.825000 0.000042
2.513000 3.825000 0.000042
2.588000 3.825000 0.000041
2.663000 3.825000 0.000041
2.738000 3.825000 0.000041
2.813000 3.825000 0.000040
2.888000 3.825000 0.000040
2.963000 3.825000 0.000040
3.038000 3.825000 0.000039
3.113000 3.825000 0.000039
3.188000 3.825000 0.000039
3.263000 3.825000 0.000039
3.338000 3.825000 0.000039
3.413000 3.825000 0.000038
3.488000 3.825000 0.000038
3.563000 3.825000 0.000038
3.638000 3.825000 0.000038
3.713000 3.825000 0.000038
3.788000 3.825000 0.000038
3.863000 3.825000 0.000000
-0.037500 3.975000 0.000000
0.037500 3.975000 0.000023
0.112500 3.975000 0.000023
0.187500 3.975000 0.000023
0.262500 3.975000 0.000023
0.337500 3.975000 0.000023
0.412500 3.975000 0.000023
0.487500 3.975000 0.000023
0.562500 3.975000 0.000023
0.637500 3.975000 0.000023
0.712500 3.975000 0.000023
0.787500 3.975000 0.000024
0.862500 3.975000 0.000024
0.937500 3.975000 0.000024
1.012000 3.975000 0.000024
1.087000 3.975000 0.000024
1.163000 3.975000 0.000024
1.238000 3.975000 0.000024
1.313000 3.975000 0.000025
1.388000 3.975000 0.000025
1.463000 3.975000 0.000025
1.538000 3.975000 0.000025
1.613000 3.975000 0.000025
1.688000 3.975000 0.000025
1.763000 3.975000 0.000025
1.838000 3.975000 0.000025
1.913000 3.975000 0.000025
1.988000 3.975000 0.000025
2.063000 3.975000 0.000025
2.138000 3.975000 0.000025
2.213000 3.975000 0.000025
2.288000 3.975000 0.000025
2.363000 3.975000 0.000024
2.438000 3.975000 0.000024
2.513000 3.975000 0.000024
2.588000 3.975000 0.000024
2.663000 3.975000 0.000024
2.738000 3.975000 0.000024
2.813000 3.975000 0.000023
2.888000 3.975000 0.000023
2.963000 3.975000 0.000023
3.038000 3.975000 0.000023
3.113000 3.975000 0.000023
3.188000 3.975000 0.000023
3.263000 3.975000 0.000023
3.338000 3.975000 0.000022
3.413000 3.975000 0.000022
3.488000 3.975000 0.000022
3.563000 3.975000 0.000022
3.638000 3.975000 0.000022
3.713000 3.975000 0.000022
3.788000 3.975000 0.000022
3.863000 3.975000 0.000000
-0.037500 4.125000 0.000000
0.037500 4.125000 0.000013
0.112500 4.125000 0.000013
0.187500 4.125000 0.000013
0.262500 4.125000 0.000013
0.337500 4.125000 0.000013
0.412500 4.125000 0.000013
0.487500 4.125000 0.000013
0.562500 4.125000 0.000013
0.637500 4.125000 0.000013
0.712500 4.125000 0.000013
0.787500 4.125000 0.000014
0.862500 4.125000 0.000014
0.937500 4.125000 0.000014
1.012000 4.125000 0.000014
1.087000 4.125000 0.000014
1.163000 4.125000 0.000014
1.238000 4.125000 0.000014
1.313000 4.125000 0.000014
1.388000 4.125000 0.000014
1.463000 4.125000 0.000014
1.538000 4.125000 0.000014
1.613000 4.125000 0.000014
1.688000 4.125000 0.000014
1.763000 4.125000 0.000014
1.838000 4.125000 0.000014
1.913000 4.125000 0.000014
1.988000 4.125000 0.000014
2.063000 4.125000 0.000014
2.138000 4.125000 0.000014
2.213000 4.125000 0.000014
2.288000 4.125000 0.000014
2.363000 4.125000 0.000014
2.438000 4.125000 0.000014
2.513000 4.125000 0.000014
2.588000 4.125000 0.000014
2.663000 4.125000 0.000014
2.738000 4.125000 0.000014
2.813000 4.125000 0.000014
2.888000 4.125000 0.000013
2.963000 4.125000 0.000013
3.038000 4.125000 0.000013
3.113000 4.125000 0.000013
3.188000 4.125000 0.000013
3.263000 4.125000 0.000013
3.338000 4.125000 0.000013
3.413000 4.125000 0.000013
3.488000 4.125000 0.000013
3.563000 4.125000 0.000013
3.638000 4.125000 0.000013
3.713000 4.125000 0.000013
3.788000 4.125000 0.000013
3.863000 4.125000 0.000000
-0.037500 4.275000 0.000000
0.037500 4.275000 0.000007
0.112500 4.275000 0.000007
0.187500 4.275000 0.000007
0.262500 4.275000 0.000007
0.337500 4.275000 0.000008
0.412500 4.275000 0.000008
0.487500 4.275000 0.000008
0.562500 4.275000 0.000008
0.637500 4.275000 0.000008
0.712500 4.275000 0.000008
0.787500 4.275000 0.000008
0.862500 4.275000 0.000008
0.937500 4.275000 0.000008
1.012000 4.275000 0.000008
1.087000 4.275000 0.000008
1.163000 4.275000 0.000008
1.238000 4.275000 0.000008
1.313000 4.275000 0.000008
1.388000 4.275000 0.000008
1.463000 4.275000 0.000008
1.538000 4.275000 0.000008
1.613000 4.275000 0.000008
1.688000 4.275000 0.000008
1.763000 4.275000 0.000008
1.838000 4.275000 0.000008
1.913000 4.275000 0.000008
1.988000 4.275000 0.000008
2.063000 4.275000 0.000008
2.138000 4.275000 0.000008
2.213000 4.275000 0.000008
2.288000 4.275000 0.000008
2.363000 4.275000 0.000008
2.438000 4.275000 0.000008
2.513000 4.275000 0.000008
2.588000 4.275000 0.000008
2.663000 4.275000 0.000008
2.738000 4.275000 0.000008
2.813000 4.275000 0.000008
2.888000 4.275000 0.000008
2.963000 4.275000 0.000008
3.038000 4.275000 0.000008
3.113000 4.275000 0.000008
3.188000 4.275000 0.000007
3.263000 4.275000 0.000007
3.338000 4.275000 0.000007
3.413000 4.275000 0.000007
3.488000 4.275000 0.000007
3.563000 4.275000 0.000007
3.638000 4.275000 0.000007
3.713000 4.275000 0.000007
3.788000 4.275000 0.000007
3.863000 4.275000 0.000000
-0.037500 4.425000 0.000000
0.037500 4.425000 0.000004
0.112500 4.425000 0.000004
0.187500 4.425000 0.000004
0.262500 4.425000 0.000004
0.337500 4.425000 0.000004
0.412500 4.425000 0.000004
0.487500 4.425000 0.000004
0.562500 4.425000 0.000004
0.637500 4.425000 0.000004
0.712500 4.425000 0.000004
0.787500 4.425000 0.000004
0.862500 4.425000 0.000004
0.937500 4.425000 0.000004
1.012000 4.425000 0.000004
1.087000 4.425000 0.000005
1.163000 4.425000 0.000005
1.238000 4.425000 0.000005
1.313000 4.425000 0.000005
1.388000 4.425000 0.000005
1.463000 4.425000 0.000005
1.538000 4.425000 0.000005
1.613000 4.425000 0.000005
1.688000 4.425000 0.000005
1.763000 4.425000 0.000005
1.838000 4.425000 0.000005
1.913000 4.425000 0.000005
1.988000 4.425000 0.000005
2.063000 4.425000 0.000005
2.138000 4.425000 0.000005
2.213000 4.425000 0.000005
2.288000 4.425000 0.000005
2.363000 4.425000 0.000005
2.438000 4.425000 0.000005
2.513000 4.425000 0.000005
2.588000 4.425000 0.000004
2.663000 4.425000 0.000004
2.738000 4.425000 0.000004
2.813000 4.425000 0.000004
2.888000 4.425000 0.000004
2.963000 4.425000 0.000004
3.038000 4.425000 0.000004
3.113000 4.425000 0.000004
3.188000 4.425000 0.000004
3.263000 4.425000 0.000004
3.338000 4.425000 0.000004
3.413000 4.425000 0.000004
3.488000 4.425000 0.000004
3.563000 4.425000 0.000004
3.638000 4.425000 0.000004
3.713000 4.425000 0.000004
3.788000 4.425000 0.000004
3.863000 4.425000 0.000000
-0.037500 4.575000 0.000000
0.037500 4.575000 0.000002
0.112500 4.575000 0.000002
0.187500 4.575000 0.000002
0.262500 4.575000 0.000002
0.337500 4.575000 0.000002
0.412500 4.575000 0.000002
0.487500 4.575000 0.000002
0.562500 4.575000 0.000002
0.637500 4.575000 0.000002
0.712500 4.575000 0.000002
0.787500 4.575000 0.000002
0.862500 4.575000 0.000002
0.937500 4.575000 0.000003
1.012000 4.575000 0.000003
1.087000 4.575000 0.000003
1.163000 4.575000 0.000003
1.238000 4.575000 0.000003
1.313000 4.575000 0.000003
1.388000 4.575000 0.000003
1.463000 4.575000 0.000003
1.538000 4.575000 0.000003
1.613000 4.575000 0.000003
1.688000 4.575000 0.000003
1.763000 4.575000 0.000003
1.838000 4.575000 0.000003
1.913000 4.575000 0.000003
1.988000 4.575000 0.000003
2.063000 4.575000 0.000003
2.138000 4.575000 0.000003
2.213000 4.575000 0.000003
2.288000 4.575000 0.000003
2.363000 4.575000 0.000003
2.438000 4.575000 0.000003
2.513000 4.575000 0.000003
2.588000 4.575000 0.000003
2.663000 4.575000 0.000003
2.738000 4.575000 0.000003
2.813000 4.575000 0.000002
2.888000 4.575000 0.000002
2.963000 4.575000 0.000002
3.038000 4.575000 0.000002
3.113000 4.575000 0.000002
3.188000 4.575000 0.000002
3.263000 4.575000 0.000002
3.338000 4.575000 0.000002
3.413000 4.575000 0.000002
3.488000 4.575000 0.000002
3.563000 4.575000 0.000002
3.638000 4.575000 0.000002
3.713000 4.575000 0.000002
3.788000 4.575000 0.000002
3.863000 4.575000 0.000000
-0.037500 4.725000 0.000000
0.037500 4.725000 0.000001
0.112500 4.725000 0.000001
0.187500 4.725000 0.000001
0.262500 4.725000 0.000001
0.337500 4.725000 0.000001
0.412500 4.725000 0.000001
0.487500 4.725000 0.000001
0.562500 4.725000 0.000001
0.637500 4.725000 0.000001
0.712500 4.725000 0.000001
0.787500 4.725000 0.000001
0.862500 4.725000 0.000001
0.937500 4.725000 0.000001
1.012000 4.725000 0.000001
1.087000 4.725000 0.000001
1.163000 4.725000 0.000001
1.238000 4.725000 0.000001
1.313000 4.725000 0.000001
1.388000 4.725000 0.000001
1.463000 4.725000 0.000001
1.538000 4.725000 0.000001
1.613000 4.725000 0.000001
1.688000 4.725000 0.000002
1.763000 4.725000 0.000002
1.838000 4.725000 0.000002
1.913000 4.725000 0.000002
1.988000 4.725000 0.000001
2.063000 4.725000 0.000001
2.138000 4.725000 0.000001
2.213000 4.725000 0.000001
2.288000 4.725000 0.000001
2.363000 4.725000 0.000001
2.438000 4.725000 0.000001
2.513000 4.725000 0.000001
2.588000 4.725000 0.000001
2.663000 4.725000 0.000001
2.738000 4.725000 0.000001
2.813000 4.725000 0.000001
2.888000 4.725000 0.000001
2.963000 4.725000 0.000001
3.038000 4.725000 0.000001
3.113000 4.725000 0.000001
3.188000 4.725000 0.000001
3.263000 4.725000 0.000001
3.338000 4.725000 0.000001
3.413000 4.725000 0.000001
3.488000 4.725000 0.000001
3.563000 4.725000 0.000001
3.638000 4.725000 0.000001
3.713000 4.725000 0.000001
3.788000 4.725000 0.000001
3.863000 4.725000 0.000000
-0.037500 4.875000 0.000000
0.037500 4.875000 0.000001
0.112500 4.875000 0.000001
0.187500 4.875000 0.000001
0.262500 4.875000 0.000001
0.337500 4.875000 0.000001
0.412500 4.875000 0.000001
0.487500 4.875000 0.000001
0.562500 4.875000 0.000001
0.637500 4.875000 0.000001
0.712500 4.875000 0.000001
0.787500 4.875000 0.000001
0.862500 4.875000 0.000001
0.937500 4.875000 0.000001
1.012000 4.875000 0.000001
1.087000 4.875000 0.000001
1.163000 4.875000 0.000001
1.238000 4.875000 0.000001
1.313000 4.875000 0.000001
1.388000 4.875000 0.000001
1.463000 4.875000 0.000001
1.538000 4.875000 0.000001
1.613000 4.875000 0.000001
1.688000 4.875000 0.000001
1.763000 4.875000 0.000001
1.838000 4.875000 0.000001
1.913000 4.875000 0.000001
1.988000 4.875000 0.000001
2.063000 4.875000 0.000001
2.138000 4.875000 0.000001
2.213000 4.875000 0.000001
2.288000 4.875000 0.000001
2.363000 4.875000 0.000001
2.438000 4.875000 0.000001
2.513000 4.875000 0.000001
2.588000 4.875000 0.000001
2.663000 4.875000 0.000001
2.738000 4.875000 0.000001
2.813000 4.875000 0.000001
2.888000 4.875000 0.000001
2.963000 4.875000 0.000001
3.038000 4.875000 0.000001
3.113000 4.875000 0.000001
3.188000 4.875000 0.000001
3.263000 4.875000 0.000001
3.338000 4.875000 0.000001
3.413000 4.875000 0.000001
3.488000 4.875000 0.000001
3.563000 4.875000 0.000001
3.638000 4.875000 0.000001
3.713000 4.875000 0.000001
3.788000 4.875000 0.000001
3.863000 4.875000 0.000000
-0.037500 5.025000 0.000000
0.037500 5.025000 0.000001
0.112500 5.025000 0.000001
0.187500 5.025000 0.000001
0.262500 5.025000 0.000001
0.337500 5.025000 0.000001
0.412500 5.025000 0.000001
0.487500 5.025000 0.000001
0.562500 5.025000 0.000001
0.637500 5.025000 0.000001
0.712500 5.025000 0.000001
0.787500 5.025000 0.000001
0.862500 5.025000 0.000001
0.937500 5.025000 0.000001
1.012000 5.025000 0.000001
1.087000 5.025000 0.000001
1.163000 5.025000 0.000001
1.238000 5.025000 0.000001
1.313000 5.025000 0.000001
1.388000 5.025000 0.000001
1.463000 5.025000 0.000001
1.538000 5.025000 0.000001
1.613000 5.025000 0.000001
1.688000 5.025000 0.000001
1.763000 5.025000 0.000001
1.838000 5.025000 0.000001
1.913000 5.025000 0.000001
1.988000 5.025000 0.000001
2.063000 5.025000 0.000001
2.138000 5.025000 0.000001
2.213000 5.025000 0.000001
2.288000 5.025000 0.000001
2.363000 5.025000 0.000001
2.438000 5.025000 0.000001
2.513000 5.025000 0.000001
2.588000 5.025000 0.000001
2.663000 5.025000 0.000001
2.738000 5.025000 0.000001
2.813000 5.025000 0.000001
2.888000 5.025000 0.000001
2.963000 5.025000 0.000001
3.038000 5.025000 0.000001
3.113000 5.025000 0.000001
3.188000 5.025000 0.000001
3.263000 5.025000 0.000001
3.338000 5.025000 0.000001
3.413000 5.025000 0.000001
3.488000 5.025000 0.000001
3.563000 5.025000 0.000001
3.638000 5.025000 0.000001
3.713000 5.025000 0.000001
3.788000 5.025000 0.000001
3.863000 5.025000 0.000000
-0.037500 5.175000 0.000000
0.037500 5.175000 0.000000
0.112500 5.175000 0.000000
0.187500 5.175000 0.000000
0.262500 5.175000 0.000000
0.337500 5.175000 0.000000
0.412500 5.175000 0.000000
0.487500 5.175000 0.000000
0.562500 5.175000 0.000000
0.637500 5.175000 0.000000
0.712500 5.175000 0.000000
0.787500 5.175000 0.000000
0.862500 5.175000 0.000000
0.937500 5.175000 0.000000
1.012000 5.175000 0.000000
1.087000 5.175000 0.000000
1.163000 5.175000 0.000000
1.238000 5.175000 0.000000
1.313000 5.175000 0.000000
1.388000 5.175000 0.000000
1.463000 5.175000 0.000000
1.538000 5.175000 0.000000
1.613000 5.175000 0.000000
1.688000 5.175000 0.000000
1.763000 5.175000 0.000000
1.838000 5.175000 0.000000
1.913000 5.175000 0.000000
1.988000 5.175000 0.000000
2.063000 5.175000 0.000000
2.138000 5.175000 0.000000
2.213000 5.175000 0.000000
2.288000 5.175000 0.000000
2.363000 5.175000 0.000000
2.438000 5.175000 0.000000
2.513000 5.175000 0.000000
2.588000 5.175000 0.000000
2.663000 5.175000 0.000000
2.738000 5.175000 0.000000
2.813000 5.175000 0.000000
2.888000 5.175000 0.000000
2.963000 5.175000 0.000000
3.038000 5.175000 0.000000
3.113000 5.175000 0.000000
3.188000 5.175000 0.000000
3.263000 5.175000 0.000000
3.338000 5.175000 0.000000
3.413000 5.175000 0.000000
3.488000 5.175000 0.000000
3.563000 5.175000 0.000000
3.638000 5.175000 0.000000
3.713000 5.175000 0.000000
3.788000 5.175000 0.000000
3.863000 5.175000 0.000000
