-0.037500 -0.075000 0.000000
0.037500 -0.075000 0.000000
0.112500 -0.075000 0.000000
0.187500 -0.075000 0.000000
0.262500 -0.075000 0.000000
0.337500 -0.075000 0.000000
0.412500 -0.075000 0.000000
0.487500 -0.075000 0.000000
0.562500 -0.075000 0.000000
0.637500 -0.075000 0.000000
0.712500 -0.075000 0.000000
0.787500 -0.075000 0.000000
0.862500 -0.075000 0.000000
0.937500 -0.075000 0.000000
1.012000 -0.075000 0.000000
1.087000 -0.075000 0.000000
1.163000 -0.075000 0.000000
1.238000 -0.075000 0.000000
1.313000 -0.075000 0.000000
1.388000 -0.075000 0.000000
1.463000 -0.075000 0.000000
1.538000 -0.075000 0.000000
1.613000 -0.075000 0.000000
1.688000 -0.075000 0.000000
1.763000 -0.075000 0.000000
1.838000 -0.075000 0.000000
1.913000 -0.075000 0.000000
1.988000 -0.075000 0.000000
2.063000 -0.075000 0.000000
2.138000 -0.075000 0.000000
2.213000 -0.075000 0.000000
2.288000 -0.075000 0.000000
2.363000 -0.075000 0.000000
2.438000 -0.075000 0.000000
2.513000 -0.075000 0.000000
2.588000 -0.075000 0.000000
2.663000 -0.075000 0.000000
2.738000 -0.075000 0.000000
2.813000 -0.075000 0.000000
2.888000 -0.075000 0.000000
2.963000 -0.075000 0.000000
3.038000 -0.075000 0.000000
3.113000 -0.075000 0.000000
3.188000 -0.075000 0.000000
3.263000 -0.075000 0.000000
3.338000 -0.075000 0.000000
3.413000 -0.075000 0.000000
3.488000 -0.075000 0.000000
3.563000 -0.075000 0.000000
3.638000 -0.075000 0.000000
3.713000 -0.075000 0.000000
3.788000 -0.075000 0.000000
3.863000 -0.075000 0.000000
-0.037500 0.075000 0.000000
0.037500 0.075000 0.022830
0.112500 0.075000 0.045670
0.187500 0.075000 0.068500
0.262500 0.075000 0.091330
0.337500 0.075000 0.114200
0.412500 0.075000 0.137000
0.487500 0.075000 0.159700
0.562500 0.075000 0.182400
0.637500 0.075000 0.205100
0.712500 0.075000 0.227600
0.787500 0.075000 0.250000
0.862500 0.075000 0.272200
0.937500 0.075000 0.294000
1.012000 0.075000 0.315500
1.087000 0.075000 0.336500
1.163000 0.075000 0.356800
1.238000 0.075000 0.376300
1.313000 0.075000 0.394800
1.388000 0.075000 0.412100
1.463000 0.075000 0.428000
1.538000 0.075000 0.442200
1.613000 0.075000 0.454400
1.688000 0.075000 0.464400
1.763000 0.075000 0.472000
1.838000 0.075000 0.477100
1.913000 0.075000 0.479500
1.988000 0.075000 0.479300
2.063000 0.075000 0.476600
2.138000 0.075000 0.471500
2.213000 0.075000 0.464300
2.288000 0.075000 0.455300
2.363000 0.075000 0.444800
2.438000 0.075000 0.433100
2.513000 0.075000 0.420600
2.588000 0.075000 0.407500
2.663000 0.075000 0.394000
2.738000 0.075000 0.380500
2.813000 0.075000 0.366900
2.888000 0.075000 0.353500
2.963000 0.075000 0.340500
3.038000 0.075000 0.327700
3.113000 0.075000 0.315400
3.188000 0.075000 0.303500
3.263000 0.075000 0.292100
3.338000 0.075000 0.281100
3.413000 0.075000 0.270600
3.488000 0.075000 0.260500
3.563000 0.075000 0.250900
3.638000 0.075000 0.241800
3.713000 0.075000 0.233000
3.788000 0.075000 0.224700
3.863000 0.075000 0.000000
-0.037500 0.225000 0.000000
0.037500 0.225000 0.022830
0.112500 0.225000 0.045670
0.187500 0.225000 0.068500
0.262500 0.225000 0.091330
0.337500 0.225000 0.114200
0.412500 0.225000 0.137000
0.487500 0.225000 0.159700
0.562500 0.225000 0.182400
0.637500 0.225000 0.205100
0.712500 0.225000 0.227600
0.787500 0.225000 0.250000
0.862500 0.225000 0.272200
0.937500 0.225000 0.294000
1.012000 0.225000 0.315500
1.087000 0.225000 0.336500
1.163000 0.225000 0.356800
1.238000 0.225000 0.376300
1.313000 0.225000 0.394800
1.388000 0.225000 0.412100
1.463000 0.225000 0.428000
1.538000 0.225000 0.442200
1.613000 0.225000 0.454400
1.688000 0.225000 0.464400
1.763000 0.225000 0.472000
1.838000 0.225000 0.477100
1.913000 0.225000 0.479500
1.988000 0.225000 0.479300
2.063000 0.225000 0.476600
2.138000 0.225000 0.471500
2.213000 0.225000 0.464300
2.288000 0.225000 0.455300
2.363000 0.225000 0.444800
2.438000 0.225000 0.433100
2.513000 0.225000 0.420600
2.588000 0.225000 0.407500
2.663000 0.225000 0.394000
2.738000 0.225000 0.380500
2.813000 0.225000 0.366900
2.888000 0.225000 0.353500
2.963000 0.225000 0.340500
3.038000 0.225000 0.327700
3.113000 0.225000 0.315400
3.188000 0.225000 0.303500
3.263000 0.225000 0.292100
3.338000 0.225000 0.281100
3.413000 0.225000 0.270600
3.488000 0.225000 0.260500
3.563000 0.225000 0.250900
3.638000 0.225000 0.241800
3.713000 0.225000 0.233000
3.788000 0.225000 0.224700
3.863000 0.225000 0.000000
-0.037500 0.375000 0.000000
0.037500 0.375000 0.055490
0.112500 0.375000 0.060890
0.187500 0.375000 0.069250
0.262500 0.375000 0.079430
0.337500 0.375000 0.090770
0.412500 0.375000 0.102900
0.487500 0.375000 0.115400
0.562500 0.375000 0.128300
0.637500 0.375000 0.141400
0.712500 0.375000 0.154600
0.787500 0.375000 0.167800
0.862500 0.375000 0.181000
0.937500 0.375000 0.194000
1.012000 0.375000 0.206700
1.087000 0.375000 0.219200
1.163000 0.375000 0.231200
1.238000 0.375000 0.242700
1.313000 0.375000 0.253600
1.388000 0.375000 0.263700
1.463000 0.375000 0.272800
1.538000 0.375000 0.281000
1.613000 0.375000 0.287900
1.688000 0.375000 0.293600
1.763000 0.375000 0.297900
1.838000 0.375000 0.300700
1.913000 0.375000 0.302000
1.988000 0.375000 0.301900
2.063000 0.375000 0.300300
2.138000 0.375000 0.297400
2.213000 0.375000 0.293300
2.288000 0.375000 0.288100
2.363000 0.375000 0.282000
2.438000 0.375000 0.275200
2.513000 0.375000 0.267800
2.588000 0.375000 0.260100
2.663000 0.375000 0.252000
2.738000 0.375000 0.243900
2.813000 0.375000 0.235700
2.888000 0.375000 0.227600
2.963000 0.375000 0.219600
3.038000 0.375000 0.211800
3.113000 0.375000 0.204200
3.188000 0.375000 0.196900
3.263000 0.375000 0.189900
3.338000 0.375000 0.183200
3.413000 0.375000 0.176900
3.488000 0.375000 0.171000
3.563000 0.375000 0.165600
3.638000 0.375000 0.160900
3.713000 0.375000 0.157100
3.788000 0.375000 0.154700
3.863000 0.375000 0.000000
-0.037500 0.525000 0.000000
0.037500 0.525000 0.053890
0.112500 0.525000 0.055630
0.187500 0.525000 0.058790
0.262500 0.525000 0.063030
0.337500 0.525000 0.068080
0.412500 0.525000 0.073740
0.487500 0.525000 0.079840
0.562500 0.525000 0.086270
0.637500 0.525000 0.092910
0.712500 0.525000 0.099700
0.787500 0.525000 0.106600
0.862500 0.525000 0.113400
0.937500 0.525000 0.120300
1.012000 0.525000 0.127000
1.087000 0.525000 0.133500
1.163000 0.525000 0.139800
1.238000 0.525000 0.145900
1.313000 0.525000 0.151500
1.388000 0.525000 0.156700
1.463000 0.525000 0.161500
1.538000 0.525000 0.165600
1.613000 0.525000 0.169200
1.688000 0.525000 0.172000
1.763000 0.525000 0.174200
1.838000 0.525000 0.175500
1.913000 0.525000 0.176200
1.988000 0.525000 0.176100
2.063000 0.525000 0.175200
2.138000 0.525000 0.173700
2.213000 0.525000 0.171500
2.288000 0.525000 0.168800
2.363000 0.525000 0.165700
2.438000 0.525000 0.162100
2.513000 0.525000 0.158200
2.588000 0.525000 0.154000
2.663000 0.525000 0.149700
2.738000 0.525000 0.145300
2.813000 0.525000 0.140900
2.888000 0.525000 0.136500
2.963000 0.525000 0.132100
3.038000 0.525000 0.127800
3.113000 0.525000 0.123700
3.188000 0.525000 0.119700
3.263000 0.525000 0.115900
3.338000 0.525000 0.112300
3.413000 0.525000 0.109000
3.488000 0.525000 0.106000
3.563000 0.525000 0.103400
3.638000 0.525000 0.101200
3.713000 0.525000 0.099600
3.788000 0.525000 0.098740
3.863000 0.525000 0.000000
-0.037500 0.675000 0.000000
0.037500 0.675000 0.049710
0.112500 0.675000 0.050370
0.187500 0.675000 0.051660
0.262500 0.675000 0.053500
0.337500 0.675000 0.055820
0.412500 0.675000 0.058530
0.487500 0.675000 0.061550
0.562500 0.675000 0.064830
0.637500 0.675000 0.068300
0.712500 0.675000 0.071910
0.787500 0.675000 0.075600
0.862500 0.675000 0.079330
0.937500 0.675000 0.083060
1.012000 0.675000 0.086730
1.087000 0.675000 0.090320
1.163000 0.675000 0.093770
1.238000 0.675000 0.097050
1.313000 0.675000 0.100100
1.388000 0.675000 0.102900
1.463000 0.675000 0.105500
1.538000 0.675000 0.107700
1.613000 0.675000 0.109500
1.688000 0.675000 0.111000
1.763000 0.675000 0.112100
1.838000 0.675000 0.112800
1.913000 0.675000 0.113100
1.988000 0.675000 0.113000
2.063000 0.675000 0.112500
2.138000 0.675000 0.111700
2.213000 0.675000 0.110500
2.288000 0.675000 0.109000
2.363000 0.675000 0.107200
2.438000 0.675000 0.105200
2.513000 0.675000 0.103000
2.588000 0.675000 0.100700
2.663000 0.675000 0.098240
2.738000 0.675000 0.095730
2.813000 0.675000 0.093170
2.888000 0.675000 0.090610
2.963000 0.675000 0.088080
3.038000 0.675000 0.085610
3.113000 0.675000 0.083220
3.188000 0.675000 0.080940
3.263000 0.675000 0.078790
3.338000 0.675000 0.076800
3.413000 0.675000 0.074990
3.488000 0.675000 0.073410
3.563000 0.675000 0.072070
3.638000 0.675000 0.071010
3.713000 0.675000 0.070270
3.788000 0.675000 0.069890
3.863000 0.675000 0.000000
-0.037500 0.825000 0.000000
0.037500 0.825000 0.045140
0.112500 0.825000 0.045550
0.187500 0.825000 0.046370
0.262500 0.825000 0.047560
0.337500 0.825000 0.049080
0.412500 0.825000 0.050890
0.487500 0.825000 0.052950
0.562500 0.825000 0.055210
0.637500 0.825000 0.057620
0.712500 0.825000 0.060150
0.787500 0.825000 0.062760
0.862500 0.825000 0.065410
0.937500 0.825000 0.068060
1.012000 0.825000 0.070680
1.087000 0.825000 0.073240
1.163000 0.825000 0.075700
1.238000 0.825000 0.078040
1.313000 0.825000 0.080220
1.388000 0.825000 0.082220
1.463000 0.825000 0.084010
1.538000 0.825000 0.085570
1.613000 0.825000 0.086880
1.688000 0.825000 0.087920
1.763000 0.825000 0.088680
1.838000 0.825000 0.089150
1.913000 0.825000 0.089340
1.988000 0.825000 0.089250
2.063000 0.825000 0.088880
2.138000 0.825000 0.088250
2.213000 0.825000 0.087380
2.288000 0.825000 0.086290
2.363000 0.825000 0.085000
2.438000 0.825000 0.083540
2.513000 0.825000 0.081950
2.588000 0.825000 0.080240
2.663000 0.825000 0.078440
2.738000 0.825000 0.076590
2.813000 0.825000 0.074710
2.888000 0.825000 0.072820
2.963000 0.825000 0.070960
3.038000 0.825000 0.069130
3.113000 0.825000 0.067370
3.188000 0.825000 0.065700
3.263000 0.825000 0.064140
3.338000 0.825000 0.062710
3.413000 0.825000 0.061420
3.488000 0.825000 0.060310
3.563000 0.825000 0.059380
3.638000 0.825000 0.058670
3.713000 0.825000 0.058180
3.788000 0.825000 0.057920
3.863000 0.825000 0.000000
-0.037500 0.975000 0.000000
0.037500 0.975000 0.039950
0.112500 0.975000 0.040230
0.187500 0.975000 0.040790
0.262500 0.975000 0.041610
0.337500 0.975000 0.042670
0.412500 0.975000 0.043940
0.487500 0.975000 0.045390
0.562500 0.975000 0.047000
0.637500 0.975000 0.048730
0.712500 0.975000 0.050560
0.787500 0.975000 0.052450
0.862500 0.975000 0.054380
0.937500 0.975000 0.056310
1.012000 0.975000 0.058230
1.087000 0.975000 0.060100
1.163000 0.975000 0.061900
1.238000 0.975000 0.063610
1.313000 0.975000 0.065200
1.388000 0.975000 0.066660
1.463000 0.975000 0.067960
1.538000 0.975000 0.069090
1.613000 0.975000 0.070030
1.688000 0.975000 0.070780
1.763000 0.975000 0.071320
1.838000 0.975000 0.071660
1.913000 0.975000 0.071780
1.988000 0.975000 0.071700
2.063000 0.975000 0.071410
2.138000 0.975000 0.070940
2.213000 0.975000 0.070280
2.288000 0.975000 0.069470
2.363000 0.975000 0.068500
2.438000 0.975000 0.067410
2.513000 0.975000 0.066220
2.588000 0.975000 0.064930
2.663000 0.975000 0.063580
2.738000 0.975000 0.062190
2.813000 0.975000 0.060770
2.888000 0.975000 0.059350
2.963000 0.975000 0.057950
3.038000 0.975000 0.056570
3.113000 0.975000 0.055250
3.188000 0.975000 0.054000
3.263000 0.975000 0.052840
3.338000 0.975000 0.051780
3.413000 0.975000 0.050850
3.488000 0.975000 0.050040
3.563000 0.975000 0.049380
3.638000 0.975000 0.048880
3.713000 0.975000 0.048530
3.788000 0.975000 0.048360
3.863000 0.975000 0.000000
-0.037500 1.125000 0.000000
0.037500 1.125000 0.035020
0.112500 1.125000 0.035240
0.187500 1.125000 0.035650
0.262500 1.125000 0.036270
0.337500 1.125000 0.037060
0.412500 1.125000 0.038020
0.487500 1.125000 0.039120
0.562500 1.125000 0.040340
0.637500 1.125000 0.041660
0.712500 1.125000 0.043050
0.787500 1.125000 0.044510
0.862500 1.125000 0.045990
0.937500 1.125000 0.047480
1.012000 1.125000 0.048950
1.087000 1.125000 0.050400
1.163000 1.125000 0.051790
1.238000 1.125000 0.053110
1.313000 1.125000 0.054330
1.388000 1.125000 0.055460
1.463000 1.125000 0.056460
1.538000 1.125000 0.057320
1.613000 1.125000 0.058050
1.688000 1.125000 0.058620
1.763000 1.125000 0.059030
1.838000 1.125000 0.059280
1.913000 1.125000 0.059370
1.988000 1.125000 0.059290
2.063000 1.125000 0.059060
2.138000 1.125000 0.058690
2.213000 1.125000 0.058170
2.288000 1.125000 0.057530
2.363000 1.125000 0.056770
2.438000 1.125000 0.055910
2.513000 1.125000 0.054970
2.588000 1.125000 0.053960
2.663000 1.125000 0.052900
2.738000 1.125000 0.051800
2.813000 1.125000 0.050680
2.888000 1.125000 0.049560
2.963000 1.125000 0.048450
3.038000 1.125000 0.047370
3.113000 1.125000 0.046330
3.188000 1.125000 0.045350
3.263000 1.125000 0.044450
3.338000 1.125000 0.043620
3.413000 1.125000 0.042900
3.488000 1.125000 0.042280
3.563000 1.125000 0.041780
3.638000 1.125000 0.041400
3.713000 1.125000 0.041140
3.788000 1.125000 0.041010
3.863000 1.125000 0.000000
-0.037500 1.275000 0.000000
0.037500 1.275000 0.026380
0.112500 1.275000 0.026530
0.187500 1.275000 0.026820
0.262500 1.275000 0.027230
0.337500 1.275000 0.027780
0.412500 1.275000 0.028430
0.487500 1.275000 0.029180
0.562500 1.275000 0.030020
0.637500 1.275000 0.030930
0.712500 1.275000 0.031890
0.787500 1.275000 0.032900
0.862500 1.275000 0.033920
0.937500 1.275000 0.034950
1.012000 1.275000 0.035970
1.087000 1.275000 0.036980
1.163000 1.275000 0.037940
1.238000 1.275000 0.038850
1.313000 1.275000 0.039700
1.388000 1.275000 0.040480
1.463000 1.275000 0.041170
1.538000 1.275000 0.041770
1.613000 1.275000 0.042270
1.688000 1.275000 0.042660
1.763000 1.275000 0.042940
1.838000 1.275000 0.043110
1.913000 1.275000 0.043170
1.988000 1.275000 0.043120
2.063000 1.275000 0.042950
2.138000 1.275000 0.042690
2.213000 1.275000 0.042320
2.288000 1.275000 0.041870
2.363000 1.275000 0.041340
2.438000 1.275000 0.040740
2.513000 1.275000 0.040070
2.588000 1.275000 0.039360
2.663000 1.275000 0.038620
2.738000 1.275000 0.037840
2.813000 1.275000 0.037060
2.888000 1.275000 0.036270
2.963000 1.275000 0.035490
3.038000 1.275000 0.034730
3.113000 1.275000 0.034000
3.188000 1.275000 0.033320
3.263000 1.275000 0.032680
3.338000 1.275000 0.032110
3.413000 1.275000 0.031610
3.488000 1.275000 0.031180
3.563000 1.275000 0.030840
3.638000 1.275000 0.030570
3.713000 1.275000 0.030400
3.788000 1.275000 0.030310
3.863000 1.275000 0.000000
-0.037500 1.425000 0.000000
0.037500 1.425000 0.017490
0.112500 1.425000 0.017570
0.187500 1.425000 0.017740
0.262500 1.425000 0.017990
0.337500 1.425000 0.018310
0.412500 1.425000 0.018690
0.487500 1.425000 0.019140
0.562500 1.425000 0.019630
0.637500 1.425000 0.020170
0.712500 1.425000 0.020740
0.787500 1.425000 0.021340
0.862500 1.425000 0.021950
0.937500 1.425000 0.022570
1.012000 1.425000 0.023180
1.087000 1.425000 0.023780
1.163000 1.425000 0.024350
1.238000 1.425000 0.024900
1.313000 1.425000 0.025410
1.388000 1.425000 0.025870
1.463000 1.425000 0.026280
1.538000 1.425000 0.026640
1.613000 1.425000 0.026930
1.688000 1.425000 0.027170
1.763000 1.425000 0.027330
1.838000 1.425000 0.027430
1.913000 1.425000 0.027460
1.988000 1.425000 0.027420
2.063000 1.425000 0.027320
2.138000 1.425000 0.027160
2.213000 1.425000 0.026940
2.288000 1.425000 0.026660
2.363000 1.425000 0.026330
2.438000 1.425000 0.025970
2.513000 1.425000 0.025560
2.588000 1.425000 0.025130
2.663000 1.425000 0.024680
2.738000 1.425000 0.024210
2.813000 1.425000 0.023730
2.888000 1.425000 0.023250
2.963000 1.425000 0.022770
3.038000 1.425000 0.022310
3.113000 1.425000 0.021870
3.188000 1.425000 0.021460
3.263000 1.425000 0.021070
3.338000 1.425000 0.020720
3.413000 1.425000 0.020420
3.488000 1.425000 0.020160
3.563000 1.425000 0.019950
3.638000 1.425000 0.019800
3.713000 1.425000 0.019690
3.788000 1.425000 0.019630
3.863000 1.425000 0.000000
-0.037500 1.575000 0.000000
0.037500 1.575000 0.011450
0.112500 1.575000 0.011500
0.187500 1.575000 0.011600
0.262500 1.575000 0.011740
0.337500 1.575000 0.011930
0.412500 1.575000 0.012150
0.487500 1.575000 0.012420
0.562500 1.575000 0.012710
0.637500 1.575000 0.013030
0.712500 1.575000 0.013370
0.787500 1.575000 0.013720
0.862500 1.575000 0.014080
0.937500 1.575000 0.014440
1.012000 1.575000 0.014810
1.087000 1.575000 0.015160
1.163000 1.575000 0.015500
1.238000 1.575000 0.015830
1.313000 1.575000 0.016130
1.388000 1.575000 0.016410
1.463000 1.575000 0.016650
1.538000 1.575000 0.016860
1.613000 1.575000 0.017040
1.688000 1.575000 0.017170
1.763000 1.575000 0.017270
1.838000 1.575000 0.017330
1.913000 1.575000 0.017340
1.988000 1.575000 0.017320
2.063000 1.575000 0.017250
2.138000 1.575000 0.017150
2.213000 1.575000 0.017020
2.288000 1.575000 0.016850
2.363000 1.575000 0.016650
2.438000 1.575000 0.016430
2.513000 1.575000 0.016190
2.588000 1.575000 0.015920
2.663000 1.575000 0.015650
2.738000 1.575000 0.015360
2.813000 1.575000 0.015070
2.888000 1.575000 0.014780
2.963000 1.575000 0.014500
3.038000 1.575000 0.014220
3.113000 1.575000 0.013950
3.188000 1.575000 0.013700
3.263000 1.575000 0.013470
3.338000 1.575000 0.013260
3.413000 1.575000 0.013080
3.488000 1.575000 0.012920
3.563000 1.575000 0.012800
3.638000 1.575000 0.012700
3.713000 1.575000 0.012630
3.788000 1.575000 0.012600
3.863000 1.575000 0.000000
-0.037500 1.725000 0.000000
0.037500 1.725000 0.007392
0.112500 1.725000 0.007420
0.187500 1.725000 0.007476
0.262500 1.725000 0.007559
0.337500 1.725000 0.007668
0.412500 1.725000 0.007800
0.487500 1.725000 0.007953
0.562500 1.725000 0.008124
0.637500 1.725000 0.008310
0.712500 1.725000 0.008509
0.787500 1.725000 0.008716
0.862500 1.725000 0.008929
0.937500 1.725000 0.009143
1.012000 1.725000 0.009357
1.087000 1.725000 0.009566
1.163000 1.725000 0.009767
1.238000 1.725000 0.009957
1.313000 1.725000 0.010130
1.388000 1.725000 0.010300
1.463000 1.725000 0.010440
1.538000 1.725000 0.010560
1.613000 1.725000 0.010670
1.688000 1.725000 0.010750
1.763000 1.725000 0.010800
1.838000 1.725000 0.010830
1.913000 1.725000 0.010840
1.988000 1.725000 0.010830
2.063000 1.725000 0.010790
2.138000 1.725000 0.010730
2.213000 1.725000 0.010640
2.288000 1.725000 0.010540
2.363000 1.725000 0.010420
2.438000 1.725000 0.010290
2.513000 1.725000 0.010140
2.588000 1.725000 0.009987
2.663000 1.725000 0.009821
2.738000 1.725000 0.009651
2.813000 1.725000 0.009478
2.888000 1.725000 0.009304
2.963000 1.725000 0.009133
3.038000 1.725000 0.008966
3.113000 1.725000 0.008807
3.188000 1.725000 0.008657
3.263000 1.725000 0.008519
3.338000 1.725000 0.008395
3.413000 1.725000 0.008285
3.488000 1.725000 0.008191
3.563000 1.725000 0.008114
3.638000 1.725000 0.008055
3.713000 1.725000 0.008012
3.788000 1.725000 0.007988
3.863000 1.725000 0.000000
-0.037500 1.875000 0.000000
0.037500 1.875000 0.004678
0.112500 1.875000 0.004694
0.187500 1.875000 0.004725
0.262500 1.875000 0.004773
0.337500 1.875000 0.004835
0.412500 1.875000 0.004911
0.487500 1.875000 0.004999
0.562500 1.875000 0.005097
0.637500 1.875000 0.005205
0.712500 1.875000 0.005319
0.787500 1.875000 0.005439
0.862500 1.875000 0.005562
0.937500 1.875000 0.005686
1.012000 1.875000 0.005810
1.087000 1.875000 0.005930
1.163000 1.875000 0.006047
1.238000 1.875000 0.006157
1.313000 1.875000 0.006260
1.388000 1.875000 0.006353
1.463000 1.875000 0.006436
1.538000 1.875000 0.006507
1.613000 1.875000 0.006566
1.688000 1.875000 0.006612
1.763000 1.875000 0.006643
1.838000 1.875000 0.006661
1.913000 1.875000 0.006665
1.988000 1.875000 0.006655
2.063000 1.875000 0.006631
2.138000 1.875000 0.006595
2.213000 1.875000 0.006546
2.288000 1.875000 0.006486
2.363000 1.875000 0.006416
2.438000 1.875000 0.006337
2.513000 1.875000 0.006251
2.588000 1.875000 0.006158
2.663000 1.875000 0.006061
2.738000 1.875000 0.005960
2.813000 1.875000 0.005858
2.888000 1.875000 0.005756
2.963000 1.875000 0.005656
3.038000 1.875000 0.005558
3.113000 1.875000 0.005464
3.188000 1.875000 0.005376
3.263000 1.875000 0.005295
3.338000 1.875000 0.005222
3.413000 1.875000 0.005157
3.488000 1.875000 0.005102
3.563000 1.875000 0.005056
3.638000 1.875000 0.005020
3.713000 1.875000 0.004994
3.788000 1.875000 0.004980
3.863000 1.875000 0.000000
-0.037500 2.025000 0.000000
0.037500 2.025000 0.002862
0.112500 2.025000 0.002870
0.187500 2.025000 0.002888
0.262500 2.025000 0.002914
0.337500 2.025000 0.002948
0.412500 2.025000 0.002990
0.487500 2.025000 0.003039
0.562500 2.025000 0.003093
0.637500 2.025000 0.003153
0.712500 2.025000 0.003216
0.787500 2.025000 0.003283
0.862500 2.025000 0.003351
0.937500 2.025000 0.003420
1.012000 2.025000 0.003489
1.087000 2.025000 0.003556
1.163000 2.025000 0.003621
1.238000 2.025000 0.003682
1.313000 2.025000 0.003739
1.388000 2.025000 0.003791
1.463000 2.025000 0.003837
1.538000 2.025000 0.003877
1.613000 2.025000 0.003909
1.688000 2.025000 0.003934
1.763000 2.025000 0.003951
1.838000 2.025000 0.003961
1.913000 2.025000 0.003963
1.988000 2.025000 0.003956
2.063000 2.025000 0.003943
2.138000 2.025000 0.003921
2.213000 2.025000 0.003894
2.288000 2.025000 0.003859
2.363000 2.025000 0.003820
2.438000 2.025000 0.003775
2.513000 2.025000 0.003726
2.588000 2.025000 0.003673
2.663000 2.025000 0.003618
2.738000 2.025000 0.003561
2.813000 2.025000 0.003503
2.888000 2.025000 0.003445
2.963000 2.025000 0.003388
3.038000 2.025000 0.003333
3.113000 2.025000 0.003280
3.188000 2.025000 0.003230
3.263000 2.025000 0.003185
3.338000 2.025000 0.003143
3.413000 2.025000 0.003107
3.488000 2.025000 0.003075
3.563000 2.025000 0.003049
3.638000 2.025000 0.003029
3.713000 2.025000 0.003014
3.788000 2.025000 0.003005
3.863000 2.025000 0.000000
-0.037500 2.175000 0.000000
0.037500 2.175000 0.001626
0.112500 2.175000 0.001630
0.187500 2.175000 0.001638
0.262500 2.175000 0.001651
0.337500 2.175000 0.001668
0.412500 2.175000 0.001688
0.487500 2.175000 0.001712
0.562500 2.175000 0.001739
0.637500 2.175000 0.001768
0.712500 2.175000 0.001799
0.787500 2.175000 0.001832
0.862500 2.175000 0.001866
0.937500 2.175000 0.001900
1.012000 2.175000 0.001934
1.087000 2.175000 0.001967
1.163000 2.175000 0.001999
1.238000 2.175000 0.002029
1.313000 2.175000 0.002057
1.388000 2.175000 0.002083
1.463000 2.175000 0.002105
1.538000 2.175000 0.002124
1.613000 2.175000 0.002140
1.688000 2.175000 0.002152
1.763000 2.175000 0.002160
1.838000 2.175000 0.002165
1.913000 2.175000 0.002165
1.988000 2.175000 0.002161
2.063000 2.175000 0.002154
2.138000 2.175000 0.002143
2.213000 2.175000 0.002129
2.288000 2.175000 0.002111
2.363000 2.175000 0.002091
2.438000 2.175000 0.002068
2.513000 2.175000 0.002043
2.588000 2.175000 0.002016
2.663000 2.175000 0.001988
2.738000 2.175000 0.001960
2.813000 2.175000 0.001930
2.888000 2.175000 0.001901
2.963000 2.175000 0.001872
3.038000 2.175000 0.001844
3.113000 2.175000 0.001818
3.188000 2.175000 0.001793
3.263000 2.175000 0.001770
3.338000 2.175000 0.001749
3.413000 2.175000 0.001730
3.488000 2.175000 0.001715
3.563000 2.175000 0.001702
3.638000 2.175000 0.001692
3.713000 2.175000 0.001684
3.788000 2.175000 0.001679
3.863000 2.175000 0.000000
-0.037500 2.325000 0.000000
0.037500 2.325000 0.001035
0.112500 2.325000 0.001037
0.187500 2.325000 0.001041
0.262500 2.325000 0.001048
0.337500 2.325000 0.001056
0.412500 2.325000 0.001067
0.487500 2.325000 0.001079
0.562500 2.325000 0.001093
0.637500 2.325000 0.001108
0.712500 2.325000 0.001124
0.787500 2.325000 0.001141
0.862500 2.325000 0.001158
0.937500 2.325000 0.001175
1.012000 2.325000 0.001193
1.087000 2.325000 0.001210
1.163000 2.325000 0.001226
1.238000 2.325000 0.001241
1.313000 2.325000 0.001256
1.388000 2.325000 0.001269
1.463000 2.325000 0.001280
1.538000 2.325000 0.001290
1.613000 2.325000 0.001298
1.688000 2.325000 0.001303
1.763000 2.325000 0.001307
1.838000 2.325000 0.001309
1.913000 2.325000 0.001309
1.988000 2.325000 0.001307
2.063000 2.325000 0.001302
2.138000 2.325000 0.001296
2.213000 2.325000 0.001288
2.288000 2.325000 0.001279
2.363000 2.325000 0.001268
2.438000 2.325000 0.001255
2.513000 2.325000 0.001242
2.588000 2.325000 0.001227
2.663000 2.325000 0.001212
2.738000 2.325000 0.001197
2.813000 2.325000 0.001181
2.888000 2.325000 0.001165
2.963000 2.325000 0.001150
3.038000 2.325000 0.001135
3.113000 2.325000 0.001121
3.188000 2.325000 0.001108
3.263000 2.325000 0.001095
3.338000 2.325000 0.001084
3.413000 2.325000 0.001075
3.488000 2.325000 0.001067
3.563000 2.325000 0.001060
3.638000 2.325000 0.001055
3.713000 2.325000 0.001051
3.788000 2.325000 0.001049
3.863000 2.325000 0.000000
-0.037500 2.475000 0.000000
0.037500 2.475000 0.000807
0.112500 2.475000 0.000809
0.187500 2.475000 0.000812
0.262500 2.475000 0.000816
0.337500 2.475000 0.000822
0.412500 2.475000 0.000829
0.487500 2.475000 0.000838
0.562500 2.475000 0.000847
0.637500 2.475000 0.000858
0.712500 2.475000 0.000868
0.787500 2.475000 0.000880
0.862500 2.475000 0.000892
0.937500 2.475000 0.000904
1.012000 2.475000 0.000916
1.087000 2.475000 0.000927
1.163000 2.475000 0.000938
1.238000 2.475000 0.000949
1.313000 2.475000 0.000959
1.388000 2.475000 0.000967
1.463000 2.475000 0.000975
1.538000 2.475000 0.000982
1.613000 2.475000 0.000987
1.688000 2.475000 0.000991
1.763000 2.475000 0.000994
1.838000 2.475000 0.000995
1.913000 2.475000 0.000994
1.988000 2.475000 0.000993
2.063000 2.475000 0.000989
2.138000 2.475000 0.000985
2.213000 2.475000 0.000979
2.288000 2.475000 0.000972
2.363000 2.475000 0.000965
2.438000 2.475000 0.000956
2.513000 2.475000 0.000946
2.588000 2.475000 0.000936
2.663000 2.475000 0.000925
2.738000 2.475000 0.000914
2.813000 2.475000 0.000903
2.888000 2.475000 0.000892
2.963000 2.475000 0.000882
3.038000 2.475000 0.000871
3.113000 2.475000 0.000861
3.188000 2.475000 0.000852
3.263000 2.475000 0.000843
3.338000 2.475000 0.000836
3.413000 2.475000 0.000829
3.488000 2.475000 0.000824
3.563000 2.475000 0.000819
3.638000 2.475000 0.000816
3.713000 2.475000 0.000813
3.788000 2.475000 0.000812
3.863000 2.475000 0.000000
-0.037500 2.625000 0.000000
0.037500 2.625000 0.000637
0.112500 2.625000 0.000638
0.187500 2.625000 0.000640
0.262500 2.625000 0.000644
0.337500 2.625000 0.000648
0.412500 2.625000 0.000653
0.487500 2.625000 0.000659
0.562500 2.625000 0.000666
0.637500 2.625000 0.000673
0.712500 2.625000 0.000681
0.787500 2.625000 0.000689
0.862500 2.625000 0.000697
0.937500 2.625000 0.000706
1.012000 2.625000 0.000714
1.087000 2.625000 0.000722
1.163000 2.625000 0.000730
1.238000 2.625000 0.000737
1.313000 2.625000 0.000744
1.388000 2.625000 0.000751
1.463000 2.625000 0.000756
1.538000 2.625000 0.000760
1.613000 2.625000 0.000764
1.688000 2.625000 0.000767
1.763000 2.625000 0.000768
1.838000 2.625000 0.000769
1.913000 2.625000 0.000769
1.988000 2.625000 0.000767
2.063000 2.625000 0.000765
2.138000 2.625000 0.000762
2.213000 2.625000 0.000758
2.288000 2.625000 0.000753
2.363000 2.625000 0.000747
2.438000 2.625000 0.000740
2.513000 2.625000 0.000733
2.588000 2.625000 0.000726
2.663000 2.625000 0.000718
2.738000 2.625000 0.000710
2.813000 2.625000 0.000702
2.888000 2.625000 0.000694
2.963000 2.625000 0.000687
3.038000 2.625000 0.000679
3.113000 2.625000 0.000672
3.188000 2.625000 0.000666
3.263000 2.625000 0.000659
3.338000 2.625000 0.000654
3.413000 2.625000 0.000649
3.488000 2.625000 0.000646
3.563000 2.625000 0.000643
3.638000 2.625000 0.000640
3.713000 2.625000 0.000639
3.788000 2.625000 0.000638
3.863000 2.625000 0.000000
-0.037500 2.775000 0.000000
0.037500 2.775000 0.000516
0.112500 2.775000 0.000516
0.187500 2.775000 0.000518
0.262500 2.775000 0.000521
0.337500 2.775000 0.000524
0.412500 2.775000 0.000528
0.487500 2.775000 0.000532
0.562500 2.775000 0.000538
0.637500 2.775000 0.000543
0.712500 2.775000 0.000549
0.787500 2.775000 0.000555
0.862500 2.775000 0.000561
0.937500 2.775000 0.000568
1.012000 2.775000 0.000574
1.087000 2.775000 0.000580
1.163000 2.775000 0.000586
1.238000 2.775000 0.000591
1.313000 2.775000 0.000596
1.388000 2.775000 0.000601
1.463000 2.775000 0.000605
1.538000 2.775000 0.000608
1.613000 2.775000 0.000611
1.688000 2.775000 0.000613
1.763000 2.775000 0.000614
1.838000 2.775000 0.000615
1.913000 2.775000 0.000614
1.988000 2.775000 0.000613
2.063000 2.775000 0.000611
2.138000 2.775000 0.000609
2.213000 2.775000 0.000606
2.288000 2.775000 0.000602
2.363000 2.775000 0.000597
2.438000 2.775000 0.000592
2.513000 2.775000 0.000587
2.588000 2.775000 0.000582
2.663000 2.775000 0.000576
2.738000 2.775000 0.000570
2.813000 2.775000 0.000564
2.888000 2.775000 0.000558
2.963000 2.775000 0.000552
3.038000 2.775000 0.000546
3.113000 2.775000 0.000541
3.188000 2.775000 0.000536
3.263000 2.775000 0.000531
3.338000 2.775000 0.000527
3.413000 2.775000 0.000524
3.488000 2.775000 0.000521
3.563000 2.775000 0.000519
3.638000 2.775000 0.000517
3.713000 2.775000 0.000516
3.788000 2.775000 0.000516
3.863000 2.775000 0.000000
-0.037500 2.925000 0.000000
0.037500 2.925000 0.000356
0.112500 2.925000 0.000356
0.187500 2.925000 0.000358
0.262500 2.925000 0.000359
0.337500 2.925000 0.000361
0.412500 2.925000 0.000364
0.487500 2.925000 0.000367
0.562500 2.925000 0.000370
0.637500 2.925000 0.000374
0.712500 2.925000 0.000378
0.787500 2.925000 0.000382
0.862500 2.925000 0.000386
0.937500 2.925000 0.000391
1.012000 2.925000 0.000395
1.087000 2.925000 0.000399
1.163000 2.925000 0.000403
1.238000 2.925000 0.000406
1.313000 2.925000 0.000410
1.388000 2.925000 0.000413
1.463000 2.925000 0.000415
1.538000 2.925000 0.000418
1.613000 2.925000 0.000419
1.688000 2.925000 0.000421
1.763000 2.925000 0.000422
1.838000 2.925000 0.000422
1.913000 2.925000 0.000422
1.988000 2.925000 0.000421
2.063000 2.925000 0.000420
2.138000 2.925000 0.000418
2.213000 2.925000 0.000416
2.288000 2.925000 0.000413
2.363000 2.925000 0.000410
2.438000 2.925000 0.000407
2.513000 2.925000 0.000403
2.588000 2.925000 0.000400
2.663000 2.925000 0.000396
2.738000 2.925000 0.000392
2.813000 2.925000 0.000388
2.888000 2.925000 0.000384
2.963000 2.925000 0.000380
3.038000 2.925000 0.000376
3.113000 2.925000 0.000373
3.188000 2.925000 0.000369
3.263000 2.925000 0.000366
3.338000 2.925000 0.000364
3.413000 2.925000 0.000361
3.488000 2.925000 0.000360
3.563000 2.925000 0.000358
3.638000 2.925000 0.000357
3.713000 2.925000 0.000357
3.788000 2.925000 0.000356
3.863000 2.925000 0.000000
-0.037500 3.075000 0.000000
0.037500 3.075000 0.000211
0.112500 3.075000 0.000212
0.187500 3.075000 0.000212
0.262500 3.075000 0.000213
0.337500 3.075000 0.000215
0.412500 3.075000 0.000216
0.487500 3.075000 0.000218
0.562500 3.075000 0.000220
0.637500 3.075000 0.000222
0.712500 3.075000 0.000224
0.787500 3.075000 0.000226
0.862500 3.075000 0.000229
0.937500 3.075000 0.000231
1.012000 3.075000 0.000233
1.087000 3.075000 0.000236
1.163000 3.075000 0.000238
1.238000 3.075000 0.000240
1.313000 3.075000 0.000242
1.388000 3.075000 0.000244
1.463000 3.075000 0.000245
1.538000 3.075000 0.000246
1.613000 3.075000 0.000247
1.688000 3.075000 0.000248
1.763000 3.075000 0.000249
1.838000 3.075000 0.000249
1.913000 3.075000 0.000249
1.988000 3.075000 0.000248
2.063000 3.075000 0.000247
2.138000 3.075000 0.000247
2.213000 3.075000 0.000245
2.288000 3.075000 0.000244
2.363000 3.075000 0.000242
2.438000 3.075000 0.000240
2.513000 3.075000 0.000238
2.588000 3.075000 0.000236
2.663000 3.075000 0.000234
2.738000 3.075000 0.000232
2.813000 3.075000 0.000229
2.888000 3.075000 0.000227
2.963000 3.075000 0.000225
3.038000 3.075000 0.000223
3.113000 3.075000 0.000221
3.188000 3.075000 0.000219
3.263000 3.075000 0.000217
3.338000 3.075000 0.000216
3.413000 3.075000 0.000214
3.488000 3.075000 0.000213
3.563000 3.075000 0.000213
3.638000 3.075000 0.000212
3.713000 3.075000 0.000212
3.788000 3.075000 0.000211
3.863000 3.075000 0.000000
-0.037500 3.225000 0.000000
0.037500 3.225000 0.000125
0.112500 3.225000 0.000125
0.187500 3.225000 0.000125
0.262500 3.225000 0.000126
0.337500 3.225000 0.000126
0.412500 3.225000 0.000127
0.487500 3.225000 0.000128
0.562500 3.225000 0.000129
0.637500 3.225000 0.000130
0.712500 3.225000 0.000132
0.787500 3.225000 0.000133
0.862500 3.225000 0.000134
0.937500 3.225000 0.000135
1.012000 3.225000 0.000137
1.087000 3.225000 0.000138
1.163000 3.225000 0.000139
1.238000 3.225000 0.000141
1.313000 3.225000 0.000142
1.388000 3.225000 0.000143
1.463000 3.225000 0.000144
1.538000 3.225000 0.000144
1.613000 3.225000 0.000145
1.688000 3.225000 0.000145
1.763000 3.225000 0.000146
1.838000 3.225000 0.000146
1.913000 3.225000 0.000146
1.988000 3.225000 0.000145
2.063000 3.225000 0.000145
2.138000 3.225000 0.000144
2.213000 3.225000 0.000144
2.288000 3.225000 0.000143
2.363000 3.225000 0.000142
2.438000 3.225000 0.000141
2.513000 3.225000 0.000140
2.588000 3.225000 0.000138
2.663000 3.225000 0.000137
2.738000 3.225000 0.000136
2.813000 3.225000 0.000135
2.888000 3.225000 0.000133
2.963000 3.225000 0.000132
3.038000 3.225000 0.000131
3.113000 3.225000 0.000130
3.188000 3.225000 0.000129
3.263000 3.225000 0.000128
3.338000 3.225000 0.000127
3.413000 3.225000 0.000126
3.488000 3.225000 0.000126
3.563000 3.225000 0.000125
3.638000 3.225000 0.000125
3.713000 3.225000 0.000125
3.788000 3.225000 0.000124
3.863000 3.225000 0.000000
-0.037500 3.375000 0.000000
0.037500 3.375000 0.000073
0.112500 3.375000 0.000073
0.187500 3.375000 0.000073
0.262500 3.375000 0.000073
0.337500 3.375000 0.000074
0.412500 3.375000 0.000074
0.487500 3.375000 0.000075
0.562500 3.375000 0.000075
0.637500 3.375000 0.000076
0.712500 3.375000 0.000077
0.787500 3.375000 0.000077
0.862500 3.375000 0.000078
0.937500 3.375000 0.000079
1.012000 3.375000 0.000080
1.087000 3.375000 0.000080
1.163000 3.375000 0.000081
1.238000 3.375000 0.000082
1.313000 3.375000 0.000082
1.388000 3.375000 0.000083
1.463000 3.375000 0.000083
1.538000 3.375000 0.000084
1.613000 3.375000 0.000084
1.688000 3.375000 0.000084
1.763000 3.375000 0.000084
1.838000 3.375000 0.000084
1.913000 3.375000 0.000084
1.988000 3.375000 0.000084
2.063000 3.375000 0.000084
2.138000 3.375000 0.000084
2.213000 3.375000 0.000083
2.288000 3.375000 0.000083
2.363000 3.375000 0.000082
2.438000 3.375000 0.000082
2.513000 3.375000 0.000081
2.588000 3.375000 0.000080
2.663000 3.375000 0.000080
2.738000 3.375000 0.000079
2.813000 3.375000 0.000078
2.888000 3.375000 0.000078
2.963000 3.375000 0.000077
3.038000 3.375000 0.000076
3.113000 3.375000 0.000076
3.188000 3.375000 0.000075
3.263000 3.375000 0.000075
3.338000 3.375000 0.000074
3.413000 3.375000 0.000074
3.488000 3.375000 0.000073
3.563000 3.375000 0.000073
3.638000 3.375000 0.000073
3.713000 3.375000 0.000073
3.788000 3.375000 0.000072
3.863000 3.375000 0.000000
-0.037500 3.525000 0.000000
0.037500 3.525000 0.000042
0.112500 3.525000 0.000042
0.187500 3.525000 0.000042
0.262500 3.525000 0.000042
0.337500 3.525000 0.000043
0.412500 3.525000 0.000043
0.487500 3.525000 0.000043
0.562500 3.525000 0.000043
0.637500 3.525000 0.000044
0.712500 3.525000 0.000044
0.787500 3.525000 0.000045
0.862500 3.525000 0.000045
0.937500 3.525000 0.000045
1.012000 3.525000 0.000046
1.087000 3.525000 0.000046
1.163000 3.525000 0.000047
1.238000 3.525000 0.000047
1.313000 3.525000 0.000047
1.388000 3.525000 0.000048
1.463000 3.525000 0.000048
1.538000 3.525000 0.000048
1.613000 3.525000 0.000048
1.688000 3.525000 0.000048
1.763000 3.525000 0.000048
1.838000 3.525000 0.000049
1.913000 3.525000 0.000049
1.988000 3.525000 0.000048
2.063000 3.525000 0.000048
2.138000 3.525000 0.000048
2.213000 3.525000 0.000048
2.288000 3.525000 0.000048
2.363000 3.525000 0.000047
2.438000 3.525000 0.000047
2.513000 3.525000 0.000047
2.588000 3.525000 0.000046
2.663000 3.525000 0.000046
2.738000 3.525000 0.000046
2.813000 3.525000 0.000045
2.888000 3.525000 0.000045
2.963000 3.525000 0.000044
3.038000 3.525000 0.000044
3.113000 3.525000 0.000044
3.188000 3.525000 0.000043
3.263000 3.525000 0.000043
3.338000 3.525000 0.000043
3.413000 3.525000 0.000043
3.488000 3.525000 0.000042
3.563000 3.525000 0.000042
3.638000 3.525000 0.000042
3.713000 3.525000 0.000042
3.788000 3.525000 0.000042
3.863000 3.525000 0.000000
-0.037500 3.675000 0.000000
0.037500 3.675000 0.000024
0.112500 3.675000 0.000024
0.187500 3.675000 0.000024
0.262500 3.675000 0.000024
0.337500 3.675000 0.000024
0.412500 3.675000 0.000024
0.487500 3.675000 0.000025
0.562500 3.675000 0.000025
0.637500 3.675000 0.000025
0.712500 3.675000 0.000025
0.787500 3.675000 0.000025
0.862500 3.675000 0.000026
0.937500 3.675000 0.000026
1.012000 3.675000 0.000026
1.087000 3.675000 0.000026
1.163000 3.675000 0.000027
1.238000 3.675000 0.000027
1.313000 3.675000 0.000027
1.388000 3.675000 0.000027
1.463000 3.675000 0.000027
1.538000 3.675000 0.000027
1.613000 3.675000 0.000027
1.688000 3.675000 0.000028
1.763000 3.675000 0.000028
1.838000 3.675000 0.000028
1.913000 3.675000 0.000028
1.988000 3.675000 0.000028
2.063000 3.675000 0.000027
2.138000 3.675000 0.000027
2.213000 3.675000 0.000027
2.288000 3.675000 0.000027
2.363000 3.675000 0.000027
2.438000 3.675000 0.000027
2.513000 3.675000 0.000027
2.588000 3.675000 0.000026
2.663000 3.675000 0.000026
2.738000 3.675000 0.000026
2.813000 3.675000 0.000026
2.888000 3.675000 0.000026
2.963000 3.675000 0.000025
3.038000 3.675000 0.000025
3.113000 3.675000 0.000025
3.188000 3.675000 0.000025
3.263000 3.675000 0.000025
3.338000 3.675000 0.000024
3.413000 3.675000 0.000024
3.488000 3.675000 0.000024
3.563000 3.675000 0.000024
3.638000 3.675000 0.000024
3.713000 3.675000 0.000024
3.788000 3.675000 0.000024
3.863000 3.675000 0.000000
-0.037500 3.825000 0.000000
0.037500 3.825000 0.000014
0.112500 3.825000 0.000014
0.187500 3.825000 0.000014
0.262500 3.825000 0.000014
0.337500 3.825000 0.000014
0.412500 3.825000 0.000014
0.487500 3.825000 0.000014
0.562500 3.825000 0.000014
0.637500 3.825000 0.000014
0.712500 3.825000 0.000014
0.787500 3.825000 0.000014
0.862500 3.825000 0.000014
0.937500 3.825000 0.000015
1.012000 3.825000 0.000015
1.087000 3.825000 0.000015
1.163000 3.825000 0.000015
1.238000 3.825000 0.000015
1.313000 3.825000 0.000015
1.388000 3.825000 0.000015
1.463000 3.825000 0.000015
1.538000 3.825000 0.000015
1.613000 3.825000 0.000015
1.688000 3.825000 0.000015
1.763000 3.825000 0.000016
1.838000 3.825000 0.000016
1.913000 3.825000 0.000016
1.988000 3.825000 0.000016
2.063000 3.825000 0.000015
2.138000 3.825000 0.000015
2.213000 3.825000 0.000015
2.288000 3.825000 0.000015
2.363000 3.825000 0.000015
2.438000 3.825000 0.000015
2.513000 3.825000 0.000015
2.588000 3.825000 0.000015
2.663000 3.825000 0.000015
2.738000 3.825000 0.000015
2.813000 3.825000 0.000015
2.888000 3.825000 0.000014
2.963000 3.825000 0.000014
3.038000 3.825000 0.000014
3.113000 3.825000 0.000014
3.188000 3.825000 0.000014
3.263000 3.825000 0.000014
3.338000 3.825000 0.000014
3.413000 3.825000 0.000014
3.488000 3.825000 0.000014
3.563000 3.825000 0.000014
3.638000 3.825000 0.000014
3.713000 3.825000 0.000014
3.788000 3.825000 0.000014
3.863000 3.825000 0.000000
-0.037500 3.975000 0.000000
0.037500 3.975000 0.000008
0.112500 3.975000 0.000008
0.187500 3.975000 0.000008
0.262500 3.975000 0.000008
0.337500 3.975000 0.000008
0.412500 3.975000 0.000008
0.487500 3.975000 0.000008
0.562500 3.975000 0.000008
0.637500 3.975000 0.000008
0.712500 3.975000 0.000008
0.787500 3.975000 0.000008
0.862500 3.975000 0.000008
0.937500 3.975000 0.000008
1.012000 3.975000 0.000008
1.087000 3.975000 0.000008
1.163000 3.975000 0.000008
1.238000 3.975000 0.000008
1.313000 3.975000 0.000008
1.388000 3.975000 0.000009
1.463000 3.975000 0.000009
1.538000 3.975000 0.000009
1.613000 3.975000 0.000009
1.688000 3.975000 0.000009
1.763000 3.975000 0.000009
1.838000 3.975000 0.000009
1.913000 3.975000 0.000009
1.988000 3.975000 0.000009
2.063000 3.975000 0.000009
2.138000 3.975000 0.000009
2.213000 3.975000 0.000009
2.288000 3.975000 0.000009
2.363000 3.975000 0.000008
2.438000 3.975000 0.000008
2.513000 3.975000 0.000008
2.588000 3.975000 0.000008
2.663000 3.975000 0.000008
2.738000 3.975000 0.000008
2.813000 3.975000 0.000008
2.888000 3.975000 0.000008
2.963000 3.975000 0.000008
3.038000 3.975000 0.000008
3.113000 3.975000 0.000008
3.188000 3.975000 0.000008
3.263000 3.975000 0.000008
3.338000 3.975000 0.000008
3.413000 3.975000 0.000008
3.488000 3.975000 0.000008
3.563000 3.975000 0.000008
3.638000 3.975000 0.000008
3.713000 3.975000 0.000008
3.788000 3.975000 0.000008
3.863000 3.975000 0.000000
-0.037500 4.125000 0.000000
0.037500 4.125000 0.000004
0.112500 4.125000 0.000004
0.187500 4.125000 0.000004
0.262500 4.125000 0.000004
0.337500 4.125000 0.000004
0.412500 4.125000 0.000004
0.487500 4.125000 0.000004
0.562500 4.125000 0.000004
0.637500 4.125000 0.000004
0.712500 4.125000 0.000004
0.787500 4.125000 0.000004
0.862500 4.125000 0.000004
0.937500 4.125000 0.000004
1.012000 4.125000 0.000005
1.087000 4.125000 0.000005
1.163000 4.125000 0.000005
1.238000 4.125000 0.000005
1.313000 4.125000 0.000005
1.388000 4.125000 0.000005
1.463000 4.125000 0.000005
1.538000 4.125000 0.000005
1.613000 4.125000 0.000005
1.688000 4.125000 0.000005
1.763000 4.125000 0.000005
1.838000 4.125000 0.000005
1.913000 4.125000 0.000005
1.988000 4.125000 0.000005
2.063000 4.125000 0.000005
2.138000 4.125000 0.000005
2.213000 4.125000 0.000005
2.288000 4.125000 0.000005
2.363000 4.125000 0.000005
2.438000 4.125000 0.000005
2.513000 4.125000 0.000005
2.588000 4.125000 0.000005
2.663000 4.125000 0.000005
2.738000 4.125000 0.000005
2.813000 4.125000 0.000004
2.888000 4.125000 0.000004
2.963000 4.125000 0.000004
3.038000 4.125000 0.000004
3.113000 4.125000 0.000004
3.188000 4.125000 0.000004
3.263000 4.125000 0.000004
3.338000 4.125000 0.000004
3.413000 4.125000 0.000004
3.488000 4.125000 0.000004
3.563000 4.125000 0.000004
3.638000 4.125000 0.000004
3.713000 4.125000 0.000004
3.788000 4.125000 0.000004
3.863000 4.125000 0.000000
-0.037500 4.275000 0.000000
0.037500 4.275000 0.000002
0.112500 4.275000 0.000002
0.187500 4.275000 0.000002
0.262500 4.275000 0.000002
0.337500 4.275000 0.000002
0.412500 4.275000 0.000002
0.487500 4.275000 0.000002
0.562500 4.275000 0.000002
0.637500 4.275000 0.000002
0.712500 4.275000 0.000002
0.787500 4.275000 0.000002
0.862500 4.275000 0.000002
0.937500 4.275000 0.000002
1.012000 4.275000 0.000002
1.087000 4.275000 0.000002
1.163000 4.275000 0.000003
1.238000 4.275000 0.000003
1.313000 4.275000 0.000003
1.388000 4.275000 0.000003
1.463000 4.275000 0.000003
1.538000 4.275000 0.000003
1.613000 4.275000 0.000003
1.688000 4.275000 0.000003
1.763000 4.275000 0.000003
1.838000 4.275000 0.000003
1.913000 4.275000 0.000003
1.988000 4.275000 0.000003
2.063000 4.275000 0.000003
2.138000 4.275000 0.000003
2.213000 4.275000 0.000003
2.288000 4.275000 0.000003
2.363000 4.275000 0.000003
2.438000 4.275000 0.000003
2.513000 4.275000 0.000003
2.588000 4.275000 0.000003
2.663000 4.275000 0.000002
2.738000 4.275000 0.000002
2.813000 4.275000 0.000002
2.888000 4.275000 0.000002
2.963000 4.275000 0.000002
3.038000 4.275000 0.000002
3.113000 4.275000 0.000002
3.188000 4.275000 0.000002
3.263000 4.275000 0.000002
3.338000 4.275000 0.000002
3.413000 4.275000 0.000002
3.488000 4.275000 0.000002
3.563000 4.275000 0.000002
3.638000 4.275000 0.000002
3.713000 4.275000 0.000002
3.788000 4.275000 0.000002
3.863000 4.275000 0.000000
-0.037500 4.425000 0.000000
0.037500 4.425000 0.000001
0.112500 4.425000 0.000001
0.187500 4.425000 0.000001
0.262500 4.425000 0.000001
0.337500 4.425000 0.000001
0.412500 4.425000 0.000001
0.487500 4.425000 0.000001
0.562500 4.425000 0.000001
0.637500 4.425000 0.000001
0.712500 4.425000 0.000001
0.787500 4.425000 0.000001
0.862500 4.425000 0.000001
0.937500 4.425000 0.000001
1.012000 4.425000 0.000001
1.087000 4.425000 0.000001
1.163000 4.425000 0.000001
1.238000 4.425000 0.000001
1.313000 4.425000 0.000001
1.388000 4.425000 0.000001
1.463000 4.425000 0.000001
1.538000 4.425000 0.000001
1.613000 4.425000 0.000001
1.688000 4.425000 0.000001
1.763000 4.425000 0.000001
1.838000 4.425000 0.000001
1.913000 4.425000 0.000001
1.988000 4.425000 0.000001
2.063000 4.425000 0.000001
2.138000 4.425000 0.000001
2.213000 4.425000 0.000001
2.288000 4.425000 0.000001
2.363000 4.425000 0.000001
2.438000 4.425000 0.000001
2.513000 4.425000 0.000001
2.588000 4.425000 0.000001
2.663000 4.425000 0.000001
2.738000 4.425000 0.000001
2.813000 4.425000 0.000001
2.888000 4.425000 0.000001
2.963000 4.425000 0.000001
3.038000 4.425000 0.000001
3.113000 4.425000 0.000001
3.188000 4.425000 0.000001
3.263000 4.425000 0.000001
3.338000 4.425000 0.000001
3.413000 4.425000 0.000001
3.488000 4.425000 0.000001
3.563000 4.425000 0.000001
3.638000 4.425000 0.000001
3.713000 4.425000 0.000001
3.788000 4.425000 0.000001
3.863000 4.425000 0.000000
-0.037500 4.575000 0.000000
0.037500 4.575000 0.000001
0.112500 4.575000 0.000001
0.187500 4.575000 0.000001
0.262500 4.575000 0.000001
0.337500 4.575000 0.000001
0.412500 4.575000 0.000001
0.487500 4.575000 0.000001
0.562500 4.575000 0.000001
0.637500 4.575000 0.000001
0.712500 4.575000 0.000001
0.787500 4.575000 0.000001
0.862500 4.575000 0.000001
0.937500 4.575000 0.000001
1.012000 4.575000 0.000001
1.087000 4.575000 0.000001
1.163000 4.575000 0.000001
1.238000 4.575000 0.000001
1.313000 4.575000 0.000001
1.388000 4.575000 0.000001
1.463000 4.575000 0.000001
1.538000 4.575000 0.000001
1.613000 4.575000 0.000001
1.688000 4.575000 0.000001
1.763000 4.575000 0.000001
1.838000 4.575000 0.000001
1.913000 4.575000 0.000001
1.988000 4.575000 0.000001
2.063000 4.575000 0.000001
2.138000 4.575000 0.000001
2.213000 4.575000 0.000001
2.288000 4.575000 0.000001
2.363000 4.575000 0.000001
2.438000 4.575000 0.000001
2.513000 4.575000 0.000001
2.588000 4.575000 0.000001
2.663000 4.575000 0.000001
2.738000 4.575000 0.000001
2.813000 4.575000 0.000001
2.888000 4.575000 0.000001
2.963000 4.575000 0.000001
3.038000 4.575000 0.000001
3.113000 4.575000 0.000001
3.188000 4.575000 0.000001
3.263000 4.575000 0.000001
3.338000 4.575000 0.000001
3.413000 4.575000 0.000001
3.488000 4.575000 0.000001
3.563000 4.575000 0.000001
3.638000 4.575000 0.000001
3.713000 4.575000 0.000001
3.788000 4.575000 0.000001
3.863000 4.575000 0.000000
-0.037500 4.725000 0.000000
0.037500 4.725000 0.000000
0.112500 4.725000 0.000000
0.187500 4.725000 0.000000
0.262500 4.725000 0.000000
0.337500 4.725000 0.000000
0.412500 4.725000 0.000000
0.487500 4.725000 0.000000
0.562500 4.725000 0.000000
0.637500 4.725000 0.000000
0.712500 4.725000 0.000000
0.787500 4.725000 0.000000
0.862500 4.725000 0.000000
0.937500 4.725000 0.000000
1.012000 4.725000 0.000000
1.087000 4.725000 0.000000
1.163000 4.725000 0.000000
1.238000 4.725000 0.000000
1.313000 4.725000 0.000000
1.388000 4.725000 0.000000
1.463000 4.725000 0.000000
1.538000 4.725000 0.000000
1.613000 4.725000 0.000000
1.688000 4.725000 0.000000
1.763000 4.725000 0.000000
1.838000 4.725000 0.000000
1.913000 4.725000 0.000000
1.988000 4.725000 0.000000
2.063000 4.725000 0.000000
2.138000 4.725000 0.000000
2.213000 4.725000 0.000000
2.288000 4.725000 0.000000
2.363000 4.725000 0.000000
2.438000 4.725000 0.000000
2.513000 4.725000 0.000000
2.588000 4.725000 0.000000
2.663000 4.725000 0.000000
2.738000 4.725000 0.000000
2.813000 4.725000 0.000000
2.888000 4.725000 0.000000
2.963000 4.725000 0.000000
3.038000 4.725000 0.000000
3.113000 4.725000 0.000000
3.188000 4.725000 0.000000
3.263000 4.725000 0.000000
3.338000 4.725000 0.000000
3.413000 4.725000 0.000000
3.488000 4.725000 0.000000
3.563000 4.725000 0.000000
3.638000 4.725000 0.000000
3.713000 4.725000 0.000000
3.788000 4.725000 0.000000
3.863000 4.725000 0.000000
-0.037500 4.875000 0.000000
0.037500 4.875000 0.000000
0.112500 4.875000 0.000000
0.187500 4.875000 0.000000
0.262500 4.875000 0.000000
0.337500 4.875000 0.000000
0.412500 4.875000 0.000000
0.487500 4.875000 0.000000
0.562500 4.875000 0.000000
0.637500 4.875000 0.000000
0.712500 4.875000 0.000000
0.787500 4.875000 0.000000
0.862500 4.875000 0.000000
0.937500 4.875000 0.000000
1.012000 4.875000 0.000000
1.087000 4.875000 0.000000
1.163000 4.875000 0.000000
1.238000 4.875000 0.000000
1.313000 4.875000 0.000000
1.388000 4.875000 0.000000
1.463000 4.875000 0.000000
1.538000 4.875000 0.000000
1.613000 4.875000 0.000000
1.688000 4.875000 0.000000
1.763000 4.875000 0.000000
1.838000 4.875000 0.000000
1.913000 4.875000 0.000000
1.988000 4.875000 0.000000
2.063000 4.875000 0.000000
2.138000 4.875000 0.000000
2.213000 4.875000 0.000000
2.288000 4.875000 0.000000
2.363000 4.875000 0.000000
2.438000 4.875000 0.000000
2.513000 4.875000 0.000000
2.588000 4.875000 0.000000
2.663000 4.875000 0.000000
2.738000 4.875000 0.000000
2.813000 4.875000 0.000000
2.888000 4.875000 0.000000
2.963000 4.875000 0.000000
3.038000 4.875000 0.000000
3.113000 4.875000 0.000000
3.188000 4.875000 0.000000
3.263000 4.875000 0.000000
3.338000 4.875000 0.000000
3.413000 4.875000 0.000000
3.488000 4.875000 0.000000
3.563000 4.875000 0.000000
3.638000 4.875000 0.000000
3.713000 4.875000 0.000000
3.788000 4.875000 0.000000
3.863000 4.875000 0.000000
-0.037500 5.025000 0.000000
0.037500 5.025000 0.000000
0.112500 5.025000 0.000000
0.187500 5.025000 0.000000
0.262500 5.025000 0.000000
0.337500 5.025000 0.000000
0.412500 5.025000 0.000000
0.487500 5.025000 0.000000
0.562500 5.025000 0.000000
0.637500 5.025000 0.000000
0.712500 5.025000 0.000000
0.787500 5.025000 0.000000
0.862500 5.025000 0.000000
0.937500 5.025000 0.000000
1.012000 5.025000 0.000000
1.087000 5.025000 0.000000
1.163000 5.025000 0.000000
1.238000 5.025000 0.000000
1.313000 5.025000 0.000000
1.388000 5.025000 0.000000
1.463000 5.025000 0.000000
1.538000 5.025000 0.000000
1.613000 5.025000 0.000000
1.688000 5.025000 0.000000
1.763000 5.025000 0.000000
1.838000 5.025000 0.000000
1.913000 5.025000 0.000000
1.988000 5.025000 0.000000
2.063000 5.025000 0.000000
2.138000 5.025000 0.000000
2.213000 5.025000 0.000000
2.288000 5.025000 0.000000
2.363000 5.025000 0.000000
2.438000 5.025000 0.000000
2.513000 5.025000 0.000000
2.588000 5.025000 0.000000
2.663000 5.025000 0.000000
2.738000 5.025000 0.000000
2.813000 5.025000 0.000000
2.888000 5.025000 0.000000
2.963000 5.025000 0.000000
3.038000 5.025000 0.000000
3.113000 5.025000 0.000000
3.188000 5.025000 0.000000
3.263000 5.025000 0.000000
3.338000 5.025000 0.000000
3.413000 5.025000 0.000000
3.488000 5.025000 0.000000
3.563000 5.025000 0.000000
3.638000 5.025000 0.000000
3.713000 5.025000 0.000000
3.788000 5.025000 0.000000
3.863000 5.025000 0.000000
-0.037500 5.175000 0.000000
0.037500 5.175000 0.000000
0.112500 5.175000 0.000000
0.187500 5.175000 0.000000
0.262500 5.175000 0.000000
0.337500 5.175000 0.000000
0.412500 5.175000 0.000000
0.487500 5.175000 0.000000
0.562500 5.175000 0.000000
0.637500 5.175000 0.000000
0.712500 5.175000 0.000000
0.787500 5.175000 0.000000
0.862500 5.175000 0.000000
0.937500 5.175000 0.000000
1.012000 5.175000 0.000000
1.087000 5.175000 0.000000
1.163000 5.175000 0.000000
1.238000 5.175000 0.000000
1.313000 5.175000 0.000000
1.388000 5.175000 0.000000
1.463000 5.175000 0.000000
1.538000 5.175000 0.000000
1.613000 5.175000 0.000000
1.688000 5.175000 0.000000
1.763000 5.175000 0.000000
1.838000 5.175000 0.000000
1.913000 5.175000 0.000000
1.988000 5.175000 0.000000
2.063000 5.175000 0.000000
2.138000 5.175000 0.000000
2.213000 5.175000 0.000000
2.288000 5.175000 0.000000
2.363000 5.175000 0.000000
2.438000 5.175000 0.000000
2.513000 5.175000 0.000000
2.588000 5.175000 0.000000
2.663000 5.175000 0.000000
2.738000 5.175000 0.000000
2.813000 5.175000 0.000000
2.888000 5.175000 0.000000
2.963000 5.175000 0.000000
3.038000 5.175000 0.000000
3.113000 5.175000 0.000000
3.188000 5.175000 0.000000
3.263000 5.175000 0.000000
3.338000 5.175000 0.000000
3.413000 5.175000 0.000000
3.488000 5.175000 0.000000
3.563000 5.175000 0.000000
3.638000 5.175000 0.000000
3.713000 5.175000 0.000000
3.788000 5.175000 0.000000
3.863000 5.175000 0.000000
