-0.037500 -0.075000 0.000000
0.037500 -0.075000 0.000000
0.112500 -0.075000 0.000000
0.187500 -0.075000 0.000000
0.262500 -0.075000 0.000000
0.337500 -0.075000 0.000000
0.412500 -0.075000 0.000000
0.487500 -0.075000 0.000000
0.562500 -0.075000 0.000000
0.637500 -0.075000 0.000000
0.712500 -0.075000 0.000000
0.787500 -0.075000 0.000000
0.862500 -0.075000 0.000000
0.937500 -0.075000 0.000000
1.012000 -0.075000 0.000000
1.087000 -0.075000 0.000000
1.163000 -0.075000 0.000000
1.238000 -0.075000 0.000000
1.313000 -0.075000 0.000000
1.388000 -0.075000 0.000000
1.463000 -0.075000 0.000000
1.538000 -0.075000 0.000000
1.613000 -0.075000 0.000000
1.688000 -0.075000 0.000000
1.763000 -0.075000 0.000000
1.838000 -0.075000 0.000000
1.913000 -0.075000 0.000000
1.988000 -0.075000 0.000000
2.063000 -0.075000 0.000000
2.138000 -0.075000 0.000000
2.213000 -0.075000 0.000000
2.288000 -0.075000 0.000000
2.363000 -0.075000 0.000000
2.438000 -0.075000 0.000000
2.513000 -0.075000 0.000000
2.588000 -0.075000 0.000000
2.663000 -0.075000 0.000000
2.738000 -0.075000 0.000000
2.813000 -0.075000 0.000000
2.888000 -0.075000 0.000000
2.963000 -0.075000 0.000000
3.038000 -0.075000 0.000000
3.113000 -0.075000 0.000000
3.188000 -0.075000 0.000000
3.263000 -0.075000 0.000000
3.338000 -0.075000 0.000000
3.413000 -0.075000 0.000000
3.488000 -0.075000 0.000000
3.563000 -0.075000 0.000000
3.638000 -0.075000 0.000000
3.713000 -0.075000 0.000000
3.788000 -0.075000 0.000000
3.863000 -0.075000 0.000000
-0.037500 0.075000 0.000000
0.037500 0.075000 0.000080
0.112500 0.075000 0.000170
0.187500 0.075000 0.000250
0.262500 0.075000 0.000340
0.337500 0.075000 0.000420
0.412500 0.075000 0.000500
0.487500 0.075000 0.000590
0.562500 0.075000 0.000670
0.637500 0.075000 0.000760
0.712500 0.075000 0.000840
0.787500 0.075000 0.000920
0.862500 0.075000 0.001000
0.937500 0.075000 0.001080
1.012000 0.075000 0.001160
1.087000 0.075000 0.001240
1.163000 0.075000 0.001320
1.238000 0.075000 0.001390
1.313000 0.075000 0.001460
1.388000 0.075000 0.001520
1.463000 0.075000 0.001580
1.538000 0.075000 0.001630
1.613000 0.075000 0.001670
1.688000 0.075000 0.001710
1.763000 0.075000 0.001740
1.838000 0.075000 0.001760
1.913000 0.075000 0.001770
1.988000 0.075000 0.001770
2.063000 0.075000 0.001760
2.138000 0.075000 0.001740
2.213000 0.075000 0.001710
2.288000 0.075000 0.001680
2.363000 0.075000 0.001640
2.438000 0.075000 0.001600
2.513000 0.075000 0.001550
2.588000 0.075000 0.001500
2.663000 0.075000 0.001450
2.738000 0.075000 0.001400
2.813000 0.075000 0.001350
2.888000 0.075000 0.001300
2.963000 0.075000 0.001250
3.038000 0.075000 0.001210
3.113000 0.075000 0.001160
3.188000 0.075000 0.001120
3.263000 0.075000 0.001080
3.338000 0.075000 0.001040
3.413000 0.075000 0.001000
3.488000 0.075000 0.000960
3.563000 0.075000 0.000920
3.638000 0.075000 0.000890
3.713000 0.075000 0.000860
3.788000 0.075000 0.000830
3.863000 0.075000 0.000000
-0.037500 0.225000 0.000000
0.037500 0.225000 0.000080
0.112500 0.225000 0.000170
0.187500 0.225000 0.000250
0.262500 0.225000 0.000340
0.337500 0.225000 0.000420
0.412500 0.225000 0.000500
0.487500 0.225000 0.000590
0.562500 0.225000 0.000670
0.637500 0.225000 0.000760
0.712500 0.225000 0.000840
0.787500 0.225000 0.000920
0.862500 0.225000 0.001000
0.937500 0.225000 0.001080
1.012000 0.225000 0.001160
1.087000 0.225000 0.001240
1.163000 0.225000 0.001320
1.238000 0.225000 0.001390
1.313000 0.225000 0.001460
1.388000 0.225000 0.001520
1.463000 0.225000 0.001580
1.538000 0.225000 0.001630
1.613000 0.225000 0.001670
1.688000 0.225000 0.001710
1.763000 0.225000 0.001740
1.838000 0.225000 0.001760
1.913000 0.225000 0.001770
1.988000 0.225000 0.001770
2.063000 0.225000 0.001760
2.138000 0.225000 0.001740
2.213000 0.225000 0.001710
2.288000 0.225000 0.001680
2.363000 0.225000 0.001640
2.438000 0.225000 0.001600
2.513000 0.225000 0.001550
2.588000 0.225000 0.001500
2.663000 0.225000 0.001450
2.738000 0.225000 0.001400
2.813000 0.225000 0.001350
2.888000 0.225000 0.001300
2.963000 0.225000 0.001250
3.038000 0.225000 0.001210
3.113000 0.225000 0.001160
3.188000 0.225000 0.001120
3.263000 0.225000 0.001080
3.338000 0.225000 0.001040
3.413000 0.225000 0.001000
3.488000 0.225000 0.000960
3.563000 0.225000 0.000920
3.638000 0.225000 0.000890
3.713000 0.225000 0.000860
3.788000 0.225000 0.000830
3.863000 0.225000 0.000000
-0.037500 0.375000 0.000000
0.037500 0.375000 0.063720
0.112500 0.375000 0.063760
0.187500 0.375000 0.063810
0.262500 0.375000 0.063880
0.337500 0.375000 0.063950
0.412500 0.375000 0.064040
0.487500 0.375000 0.064130
0.562500 0.375000 0.064220
0.637500 0.375000 0.064320
0.712500 0.375000 0.064410
0.787500 0.375000 0.064510
0.862500 0.375000 0.064600
0.937500 0.375000 0.064680
1.012000 0.375000 0.064770
1.087000 0.375000 0.064840
1.163000 0.375000 0.064910
1.238000 0.375000 0.064960
1.313000 0.375000 0.065000
1.388000 0.375000 0.065030
1.463000 0.375000 0.065050
1.538000 0.375000 0.065050
1.613000 0.375000 0.065030
1.688000 0.375000 0.065000
1.763000 0.375000 0.064950
1.838000 0.375000 0.064880
1.913000 0.375000 0.064790
1.988000 0.375000 0.064680
2.063000 0.375000 0.064560
2.138000 0.375000 0.064420
2.213000 0.375000 0.064270
2.288000 0.375000 0.064100
2.363000 0.375000 0.063930
2.438000 0.375000 0.063750
2.513000 0.375000 0.063560
2.588000 0.375000 0.063360
2.663000 0.375000 0.063170
2.738000 0.375000 0.062970
2.813000 0.375000 0.062780
2.888000 0.375000 0.062590
2.963000 0.375000 0.062410
3.038000 0.375000 0.062230
3.113000 0.375000 0.062070
3.188000 0.375000 0.061910
3.263000 0.375000 0.061770
3.338000 0.375000 0.061630
3.413000 0.375000 0.061520
3.488000 0.375000 0.061410
3.563000 0.375000 0.061330
3.638000 0.375000 0.061260
3.713000 0.375000 0.061210
3.788000 0.375000 0.061180
3.863000 0.375000 0.000000
-0.037500 0.525000 0.000000
0.037500 0.525000 0.124100
0.112500 0.525000 0.124100
0.187500 0.525000 0.124100
0.262500 0.525000 0.124200
0.337500 0.525000 0.124200
0.412500 0.525000 0.124300
0.487500 0.525000 0.124400
0.562500 0.525000 0.124400
0.637500 0.525000 0.124500
0.712500 0.525000 0.124600
0.787500 0.525000 0.124700
0.862500 0.525000 0.124800
0.937500 0.525000 0.124800
1.012000 0.525000 0.124900
1.087000 0.525000 0.124900
1.163000 0.525000 0.125000
1.238000 0.525000 0.125000
1.313000 0.525000 0.125000
1.388000 0.525000 0.125000
1.463000 0.525000 0.124900
1.538000 0.525000 0.124900
1.613000 0.525000 0.124800
1.688000 0.525000 0.124700
1.763000 0.525000 0.124500
1.838000 0.525000 0.124400
1.913000 0.525000 0.124200
1.988000 0.525000 0.124000
2.063000 0.525000 0.123800
2.138000 0.525000 0.123500
2.213000 0.525000 0.123300
2.288000 0.525000 0.123000
2.363000 0.525000 0.122700
2.438000 0.525000 0.122400
2.513000 0.525000 0.122100
2.588000 0.525000 0.121800
2.663000 0.525000 0.121400
2.738000 0.525000 0.121100
2.813000 0.525000 0.120800
2.888000 0.525000 0.120500
2.963000 0.525000 0.120200
3.038000 0.525000 0.119900
3.113000 0.525000 0.119700
3.188000 0.525000 0.119400
3.263000 0.525000 0.119200
3.338000 0.525000 0.119000
3.413000 0.525000 0.118800
3.488000 0.525000 0.118700
3.563000 0.525000 0.118500
3.638000 0.525000 0.118400
3.713000 0.525000 0.118400
3.788000 0.525000 0.118300
3.863000 0.525000 0.000000
-0.037500 0.675000 0.000000
0.037500 0.675000 0.160300
0.112500 0.675000 0.160300
0.187500 0.675000 0.160300
0.262500 0.675000 0.160300
0.337500 0.675000 0.160400
0.412500 0.675000 0.160400
0.487500 0.675000 0.160500
0.562500 0.675000 0.160600
0.637500 0.675000 0.160600
0.712500 0.675000 0.160700
0.787500 0.675000 0.160700
0.862500 0.675000 0.160800
0.937500 0.675000 0.160800
1.012000 0.675000 0.160900
1.087000 0.675000 0.160900
1.163000 0.675000 0.160900
1.238000 0.675000 0.160800
1.313000 0.675000 0.160800
1.388000 0.675000 0.160700
1.463000 0.675000 0.160700
1.538000 0.675000 0.160600
1.613000 0.675000 0.160400
1.688000 0.675000 0.160300
1.763000 0.675000 0.160100
1.838000 0.675000 0.159900
1.913000 0.675000 0.159600
1.988000 0.675000 0.159400
2.063000 0.675000 0.159100
2.138000 0.675000 0.158800
2.213000 0.675000 0.158400
2.288000 0.675000 0.158100
2.363000 0.675000 0.157800
2.438000 0.675000 0.157400
2.513000 0.675000 0.157000
2.588000 0.675000 0.156600
2.663000 0.675000 0.156300
2.738000 0.675000 0.155900
2.813000 0.675000 0.155500
2.888000 0.675000 0.155200
2.963000 0.675000 0.154800
3.038000 0.675000 0.154500
3.113000 0.675000 0.154200
3.188000 0.675000 0.153900
3.263000 0.675000 0.153600
3.338000 0.675000 0.153400
3.413000 0.675000 0.153200
3.488000 0.675000 0.153000
3.563000 0.675000 0.152900
3.638000 0.675000 0.152800
3.713000 0.675000 0.152700
3.788000 0.675000 0.152700
3.863000 0.675000 0.000000
-0.037500 0.825000 0.000000
0.037500 0.825000 0.175800
0.112500 0.825000 0.175900
0.187500 0.825000 0.175900
0.262500 0.825000 0.175900
0.337500 0.825000 0.175900
0.412500 0.825000 0.176000
0.487500 0.825000 0.176000
0.562500 0.825000 0.176100
0.637500 0.825000 0.176100
0.712500 0.825000 0.176200
0.787500 0.825000 0.176200
0.862500 0.825000 0.176300
0.937500 0.825000 0.176300
1.012000 0.825000 0.176300
1.087000 0.825000 0.176300
1.163000 0.825000 0.176300
1.238000 0.825000 0.176300
1.313000 0.825000 0.176200
1.388000 0.825000 0.176100
1.463000 0.825000 0.176000
1.538000 0.825000 0.175900
1.613000 0.825000 0.175800
1.688000 0.825000 0.175600
1.763000 0.825000 0.175400
1.838000 0.825000 0.175100
1.913000 0.825000 0.174900
1.988000 0.825000 0.174600
2.063000 0.825000 0.174300
2.138000 0.825000 0.173900
2.213000 0.825000 0.173600
2.288000 0.825000 0.173200
2.363000 0.825000 0.172800
2.438000 0.825000 0.172400
2.513000 0.825000 0.172000
2.588000 0.825000 0.171600
2.663000 0.825000 0.171200
2.738000 0.825000 0.170800
2.813000 0.825000 0.170500
2.888000 0.825000 0.170100
2.963000 0.825000 0.169700
3.038000 0.825000 0.169300
3.113000 0.825000 0.169000
3.188000 0.825000 0.168700
3.263000 0.825000 0.168400
3.338000 0.825000 0.168200
3.413000 0.825000 0.168000
3.488000 0.825000 0.167800
3.563000 0.825000 0.167600
3.638000 0.825000 0.167500
3.713000 0.825000 0.167400
3.788000 0.825000 0.167400
3.863000 0.825000 0.000000
-0.037500 0.975000 0.000000
0.037500 0.975000 0.188600
0.112500 0.975000 0.188600
0.187500 0.975000 0.188700
0.262500 0.975000 0.188700
0.337500 0.975000 0.188700
0.412500 0.975000 0.188800
0.487500 0.975000 0.188800
0.562500 0.975000 0.188900
0.637500 0.975000 0.188900
0.712500 0.975000 0.189000
0.787500 0.975000 0.189000
0.862500 0.975000 0.189100
0.937500 0.975000 0.189100
1.012000 0.975000 0.189100
1.087000 0.975000 0.189100
1.163000 0.975000 0.189100
1.238000 0.975000 0.189000
1.313000 0.975000 0.189000
1.388000 0.975000 0.188900
1.463000 0.975000 0.188800
1.538000 0.975000 0.188600
1.613000 0.975000 0.188400
1.688000 0.975000 0.188200
1.763000 0.975000 0.188000
1.838000 0.975000 0.187800
1.913000 0.975000 0.187500
1.988000 0.975000 0.187200
2.063000 0.975000 0.186800
2.138000 0.975000 0.186500
2.213000 0.975000 0.186100
2.288000 0.975000 0.185700
2.363000 0.975000 0.185300
2.438000 0.975000 0.184900
2.513000 0.975000 0.184400
2.588000 0.975000 0.184000
2.663000 0.975000 0.183600
2.738000 0.975000 0.183200
2.813000 0.975000 0.182700
2.888000 0.975000 0.182300
2.963000 0.975000 0.181900
3.038000 0.975000 0.181600
3.113000 0.975000 0.181200
3.188000 0.975000 0.180900
3.263000 0.975000 0.180600
3.338000 0.975000 0.180300
3.413000 0.975000 0.180100
3.488000 0.975000 0.179900
3.563000 0.975000 0.179700
3.638000 0.975000 0.179600
3.713000 0.975000 0.179500
3.788000 0.975000 0.179500
3.863000 0.975000 0.000000
-0.037500 1.125000 0.000000
0.037500 1.125000 0.198600
0.112500 1.125000 0.198600
0.187500 1.125000 0.198700
0.262500 1.125000 0.198700
0.337500 1.125000 0.198700
0.412500 1.125000 0.198800
0.487500 1.125000 0.198800
0.562500 1.125000 0.198900
0.637500 1.125000 0.198900
0.712500 1.125000 0.199000
0.787500 1.125000 0.199000
0.862500 1.125000 0.199100
0.937500 1.125000 0.199100
1.012000 1.125000 0.199100
1.087000 1.125000 0.199100
1.163000 1.125000 0.199100
1.238000 1.125000 0.199000
1.313000 1.125000 0.199000
1.388000 1.125000 0.198900
1.463000 1.125000 0.198700
1.538000 1.125000 0.198600
1.613000 1.125000 0.198400
1.688000 1.125000 0.198200
1.763000 1.125000 0.197900
1.838000 1.125000 0.197700
1.913000 1.125000 0.197400
1.988000 1.125000 0.197000
2.063000 1.125000 0.196700
2.138000 1.125000 0.196300
2.213000 1.125000 0.195900
2.288000 1.125000 0.195500
2.363000 1.125000 0.195100
2.438000 1.125000 0.194600
2.513000 1.125000 0.194200
2.588000 1.125000 0.193700
2.663000 1.125000 0.193200
2.738000 1.125000 0.192800
2.813000 1.125000 0.192300
2.888000 1.125000 0.191900
2.963000 1.125000 0.191500
3.038000 1.125000 0.191100
3.113000 1.125000 0.190700
3.188000 1.125000 0.190400
3.263000 1.125000 0.190000
3.338000 1.125000 0.189800
3.413000 1.125000 0.189500
3.488000 1.125000 0.189300
3.563000 1.125000 0.189100
3.638000 1.125000 0.189000
3.713000 1.125000 0.188900
3.788000 1.125000 0.188900
3.863000 1.125000 0.000000
-0.037500 1.275000 0.000000
0.037500 1.275000 0.212700
0.112500 1.275000 0.212700
0.187500 1.275000 0.212800
0.262500 1.275000 0.212800
0.337500 1.275000 0.212900
0.412500 1.275000 0.212900
0.487500 1.275000 0.213000
0.562500 1.275000 0.213000
0.637500 1.275000 0.213100
0.712500 1.275000 0.213200
0.787500 1.275000 0.213200
0.862500 1.275000 0.213300
0.937500 1.275000 0.213300
1.012000 1.275000 0.213400
1.087000 1.275000 0.213400
1.163000 1.275000 0.213400
1.238000 1.275000 0.213300
1.313000 1.275000 0.213300
1.388000 1.275000 0.213200
1.463000 1.275000 0.213000
1.538000 1.275000 0.212900
1.613000 1.275000 0.212700
1.688000 1.275000 0.212500
1.763000 1.275000 0.212200
1.838000 1.275000 0.211900
1.913000 1.275000 0.211600
1.988000 1.275000 0.211200
2.063000 1.275000 0.210800
2.138000 1.275000 0.210400
2.213000 1.275000 0.209900
2.288000 1.275000 0.209500
2.363000 1.275000 0.209000
2.438000 1.275000 0.208500
2.513000 1.275000 0.208000
2.588000 1.275000 0.207500
2.663000 1.275000 0.207000
2.738000 1.275000 0.206500
2.813000 1.275000 0.206000
2.888000 1.275000 0.205500
2.963000 1.275000 0.205000
3.038000 1.275000 0.204500
3.113000 1.275000 0.204100
3.188000 1.275000 0.203700
3.263000 1.275000 0.203400
3.338000 1.275000 0.203100
3.413000 1.275000 0.202800
3.488000 1.275000 0.202500
3.563000 1.275000 0.202300
3.638000 1.275000 0.202200
3.713000 1.275000 0.202100
3.788000 1.275000 0.202100
3.863000 1.275000 0.000000
-0.037500 1.425000 0.000000
0.037500 1.425000 0.225400
0.112500 1.425000 0.225400
0.187500 1.425000 0.225400
0.262500 1.425000 0.225500
0.337500 1.425000 0.225500
0.412500 1.425000 0.225600
0.487500 1.425000 0.225700
0.562500 1.425000 0.225700
0.637500 1.425000 0.225800
0.712500 1.425000 0.225900
0.787500 1.425000 0.226000
0.862500 1.425000 0.226000
0.937500 1.425000 0.226100
1.012000 1.425000 0.226100
1.087000 1.425000 0.226200
1.163000 1.425000 0.226100
1.238000 1.425000 0.226100
1.313000 1.425000 0.226000
1.388000 1.425000 0.226000
1.463000 1.425000 0.225800
1.538000 1.425000 0.225700
1.613000 1.425000 0.225500
1.688000 1.425000 0.225200
1.763000 1.425000 0.224900
1.838000 1.425000 0.224600
1.913000 1.425000 0.224300
1.988000 1.425000 0.223900
2.063000 1.425000 0.223400
2.138000 1.425000 0.223000
2.213000 1.425000 0.222500
2.288000 1.425000 0.222000
2.363000 1.425000 0.221500
2.438000 1.425000 0.220900
2.513000 1.425000 0.220400
2.588000 1.425000 0.219800
2.663000 1.425000 0.219200
2.738000 1.425000 0.218700
2.813000 1.425000 0.218100
2.888000 1.425000 0.217600
2.963000 1.425000 0.217100
3.038000 1.425000 0.216600
3.113000 1.425000 0.216100
3.188000 1.425000 0.215700
3.263000 1.425000 0.215300
3.338000 1.425000 0.215000
3.413000 1.425000 0.214700
3.488000 1.425000 0.214400
3.563000 1.425000 0.214200
3.638000 1.425000 0.214000
3.713000 1.425000 0.213900
3.788000 1.425000 0.213900
3.863000 1.425000 0.000000
-0.037500 1.575000 0.000000
0.037500 1.575000 0.230000
0.112500 1.575000 0.230100
0.187500 1.575000 0.230100
0.262500 1.575000 0.230100
0.337500 1.575000 0.230200
0.412500 1.575000 0.230200
0.487500 1.575000 0.230300
0.562500 1.575000 0.230400
0.637500 1.575000 0.230500
0.712500 1.575000 0.230600
0.787500 1.575000 0.230600
0.862500 1.575000 0.230700
0.937500 1.575000 0.230800
1.012000 1.575000 0.230800
1.087000 1.575000 0.230800
1.163000 1.575000 0.230800
1.238000 1.575000 0.230800
1.313000 1.575000 0.230700
1.388000 1.575000 0.230600
1.463000 1.575000 0.230500
1.538000 1.575000 0.230300
1.613000 1.575000 0.230100
1.688000 1.575000 0.229800
1.763000 1.575000 0.229500
1.838000 1.575000 0.229200
1.913000 1.575000 0.228900
1.988000 1.575000 0.228500
2.063000 1.575000 0.228000
2.138000 1.575000 0.227500
2.213000 1.575000 0.227000
2.288000 1.575000 0.226500
2.363000 1.575000 0.226000
2.438000 1.575000 0.225400
2.513000 1.575000 0.224900
2.588000 1.575000 0.224300
2.663000 1.575000 0.223700
2.738000 1.575000 0.223100
2.813000 1.575000 0.222600
2.888000 1.575000 0.222000
2.963000 1.575000 0.221500
3.038000 1.575000 0.221000
3.113000 1.575000 0.220500
3.188000 1.575000 0.220100
3.263000 1.575000 0.219700
3.338000 1.575000 0.219300
3.413000 1.575000 0.219000
3.488000 1.575000 0.218800
3.563000 1.575000 0.218600
3.638000 1.575000 0.218400
3.713000 1.575000 0.218300
3.788000 1.575000 0.218200
3.863000 1.575000 0.000000
-0.037500 1.725000 0.000000
0.037500 1.725000 0.227600
0.112500 1.725000 0.227600
0.187500 1.725000 0.227600
0.262500 1.725000 0.227700
0.337500 1.725000 0.227700
0.412500 1.725000 0.227800
0.487500 1.725000 0.227900
0.562500 1.725000 0.227900
0.637500 1.725000 0.228000
0.712500 1.725000 0.228100
0.787500 1.725000 0.228200
0.862500 1.725000 0.228200
0.937500 1.725000 0.228300
1.012000 1.725000 0.228300
1.087000 1.725000 0.228300
1.163000 1.725000 0.228300
1.238000 1.725000 0.228200
1.313000 1.725000 0.228100
1.388000 1.725000 0.228000
1.463000 1.725000 0.227900
1.538000 1.725000 0.227700
1.613000 1.725000 0.227500
1.688000 1.725000 0.227300
1.763000 1.725000 0.227000
1.838000 1.725000 0.226700
1.913000 1.725000 0.226300
1.988000 1.725000 0.225900
2.063000 1.725000 0.225500
2.138000 1.725000 0.225000
2.213000 1.725000 0.224500
2.288000 1.725000 0.224000
2.363000 1.725000 0.223500
2.438000 1.725000 0.222900
2.513000 1.725000 0.222400
2.588000 1.725000 0.221800
2.663000 1.725000 0.221300
2.738000 1.725000 0.220700
2.813000 1.725000 0.220200
2.888000 1.725000 0.219600
2.963000 1.725000 0.219100
3.038000 1.725000 0.218600
3.113000 1.725000 0.218200
3.188000 1.725000 0.217800
3.263000 1.725000 0.217400
3.338000 1.725000 0.217000
3.413000 1.725000 0.216700
3.488000 1.725000 0.216500
3.563000 1.725000 0.216300
3.638000 1.725000 0.216100
3.713000 1.725000 0.216000
3.788000 1.725000 0.216000
3.863000 1.725000 0.000000
-0.037500 1.875000 0.000000
0.037500 1.875000 0.219300
0.112500 1.875000 0.219300
0.187500 1.875000 0.219400
0.262500 1.875000 0.219400
0.337500 1.875000 0.219400
0.412500 1.875000 0.219500
0.487500 1.875000 0.219500
0.562500 1.875000 0.219600
0.637500 1.875000 0.219600
0.712500 1.875000 0.219700
0.787500 1.875000 0.219700
0.862500 1.875000 0.219800
0.937500 1.875000 0.219800
1.012000 1.875000 0.219800
1.087000 1.875000 0.219800
1.163000 1.875000 0.219800
1.238000 1.875000 0.219700
1.313000 1.875000 0.219600
1.388000 1.875000 0.219500
1.463000 1.875000 0.219400
1.538000 1.875000 0.219200
1.613000 1.875000 0.219000
1.688000 1.875000 0.218700
1.763000 1.875000 0.218500
1.838000 1.875000 0.218100
1.913000 1.875000 0.217800
1.988000 1.875000 0.217400
2.063000 1.875000 0.217000
2.138000 1.875000 0.216600
2.213000 1.875000 0.216100
2.288000 1.875000 0.215700
2.363000 1.875000 0.215200
2.438000 1.875000 0.214700
2.513000 1.875000 0.214100
2.588000 1.875000 0.213600
2.663000 1.875000 0.213100
2.738000 1.875000 0.212600
2.813000 1.875000 0.212100
2.888000 1.875000 0.211600
2.963000 1.875000 0.211100
3.038000 1.875000 0.210700
3.113000 1.875000 0.210300
3.188000 1.875000 0.209900
3.263000 1.875000 0.209500
3.338000 1.875000 0.209200
3.413000 1.875000 0.208900
3.488000 1.875000 0.208700
3.563000 1.875000 0.208500
3.638000 1.875000 0.208400
3.713000 1.875000 0.208300
3.788000 1.875000 0.208300
3.863000 1.875000 0.000000
-0.037500 2.025000 0.000000
0.037500 2.025000 0.206500
0.112500 2.025000 0.206500
0.187500 2.025000 0.206600
0.262500 2.025000 0.206600
0.337500 2.025000 0.206600
0.412500 2.025000 0.206600
0.487500 2.025000 0.206700
0.562500 2.025000 0.206700
0.637500 2.025000 0.206700
0.712500 2.025000 0.206800
0.787500 2.025000 0.206800
0.862500 2.025000 0.206800
0.937500 2.025000 0.206800
1.012000 2.025000 0.206800
1.087000 2.025000 0.206700
1.163000 2.025000 0.206700
1.238000 2.025000 0.206600
1.313000 2.025000 0.206500
1.388000 2.025000 0.206400
1.463000 2.025000 0.206200
1.538000 2.025000 0.206100
1.613000 2.025000 0.205900
1.688000 2.025000 0.205600
1.763000 2.025000 0.205400
1.838000 2.025000 0.205100
1.913000 2.025000 0.204700
1.988000 2.025000 0.204400
2.063000 2.025000 0.204000
2.138000 2.025000 0.203600
2.213000 2.025000 0.203200
2.288000 2.025000 0.202800
2.363000 2.025000 0.202400
2.438000 2.025000 0.201900
2.513000 2.025000 0.201500
2.588000 2.025000 0.201000
2.663000 2.025000 0.200600
2.738000 2.025000 0.200100
2.813000 2.025000 0.199700
2.888000 2.025000 0.199300
2.963000 2.025000 0.198800
3.038000 2.025000 0.198500
3.113000 2.025000 0.198100
3.188000 2.025000 0.197800
3.263000 2.025000 0.197500
3.338000 2.025000 0.197200
3.413000 2.025000 0.196900
3.488000 2.025000 0.196700
3.563000 2.025000 0.196600
3.638000 2.025000 0.196500
3.713000 2.025000 0.196400
3.788000 2.025000 0.196400
3.863000 2.025000 0.000000
-0.037500 2.175000 0.000000
0.037500 2.175000 0.190600
0.112500 2.175000 0.190600
0.187500 2.175000 0.190600
0.262500 2.175000 0.190700
0.337500 2.175000 0.190700
0.412500 2.175000 0.190700
0.487500 2.175000 0.190700
0.562500 2.175000 0.190700
0.637500 2.175000 0.190700
0.712500 2.175000 0.190700
0.787500 2.175000 0.190700
0.862500 2.175000 0.190600
0.937500 2.175000 0.190600
1.012000 2.175000 0.190600
1.087000 2.175000 0.190500
1.163000 2.175000 0.190400
1.238000 2.175000 0.190300
1.313000 2.175000 0.190200
1.388000 2.175000 0.190100
1.463000 2.175000 0.189900
1.538000 2.175000 0.189800
1.613000 2.175000 0.189600
1.688000 2.175000 0.189300
1.763000 2.175000 0.189100
1.838000 2.175000 0.188800
1.913000 2.175000 0.188600
1.988000 2.175000 0.188300
2.063000 2.175000 0.187900
2.138000 2.175000 0.187600
2.213000 2.175000 0.187300
2.288000 2.175000 0.186900
2.363000 2.175000 0.186500
2.438000 2.175000 0.186100
2.513000 2.175000 0.185800
2.588000 2.175000 0.185400
2.663000 2.175000 0.185000
2.738000 2.175000 0.184600
2.813000 2.175000 0.184300
2.888000 2.175000 0.183900
2.963000 2.175000 0.183600
3.038000 2.175000 0.183300
3.113000 2.175000 0.183000
3.188000 2.175000 0.182700
3.263000 2.175000 0.182500
3.338000 2.175000 0.182200
3.413000 2.175000 0.182100
3.488000 2.175000 0.181900
3.563000 2.175000 0.181800
3.638000 2.175000 0.181700
3.713000 2.175000 0.181600
3.788000 2.175000 0.181600
3.863000 2.175000 0.000000
-0.037500 2.325000 0.000000
0.037500 2.325000 0.178900
0.112500 2.325000 0.178900
0.187500 2.325000 0.178900
0.262500 2.325000 0.178900
0.337500 2.325000 0.178900
0.412500 2.325000 0.178900
0.487500 2.325000 0.178800
0.562500 2.325000 0.178800
0.637500 2.325000 0.178800
0.712500 2.325000 0.178800
0.787500 2.325000 0.178700
0.862500 2.325000 0.178700
0.937500 2.325000 0.178600
1.012000 2.325000 0.178600
1.087000 2.325000 0.178500
1.163000 2.325000 0.178400
1.238000 2.325000 0.178300
1.313000 2.325000 0.178200
1.388000 2.325000 0.178000
1.463000 2.325000 0.177900
1.538000 2.325000 0.177700
1.613000 2.325000 0.177500
1.688000 2.325000 0.177300
1.763000 2.325000 0.177100
1.838000 2.325000 0.176800
1.913000 2.325000 0.176600
1.988000 2.325000 0.176300
2.063000 2.325000 0.176000
2.138000 2.325000 0.175700
2.213000 2.325000 0.175400
2.288000 2.325000 0.175100
2.363000 2.325000 0.174800
2.438000 2.325000 0.174500
2.513000 2.325000 0.174200
2.588000 2.325000 0.173800
2.663000 2.325000 0.173500
2.738000 2.325000 0.173200
2.813000 2.325000 0.172900
2.888000 2.325000 0.172600
2.963000 2.325000 0.172300
3.038000 2.325000 0.172100
3.113000 2.325000 0.171800
3.188000 2.325000 0.171600
3.263000 2.325000 0.171400
3.338000 2.325000 0.171200
3.413000 2.325000 0.171100
3.488000 2.325000 0.170900
3.563000 2.325000 0.170800
3.638000 2.325000 0.170700
3.713000 2.325000 0.170700
3.788000 2.325000 0.170700
3.863000 2.325000 0.000000
-0.037500 2.475000 0.000000
0.037500 2.475000 0.172700
0.112500 2.475000 0.172700
0.187500 2.475000 0.172700
0.262500 2.475000 0.172700
0.337500 2.475000 0.172700
0.412500 2.475000 0.172700
0.487500 2.475000 0.172600
0.562500 2.475000 0.172600
0.637500 2.475000 0.172600
0.712500 2.475000 0.172600
0.787500 2.475000 0.172500
0.862500 2.475000 0.172500
0.937500 2.475000 0.172400
1.012000 2.475000 0.172300
1.087000 2.475000 0.172200
1.163000 2.475000 0.172100
1.238000 2.475000 0.172000
1.313000 2.475000 0.171900
1.388000 2.475000 0.171800
1.463000 2.475000 0.171600
1.538000 2.475000 0.171400
1.613000 2.475000 0.171300
1.688000 2.475000 0.171100
1.763000 2.475000 0.170800
1.838000 2.475000 0.170600
1.913000 2.475000 0.170400
1.988000 2.475000 0.170100
2.063000 2.475000 0.169800
2.138000 2.475000 0.169600
2.213000 2.475000 0.169300
2.288000 2.475000 0.169000
2.363000 2.475000 0.168700
2.438000 2.475000 0.168400
2.513000 2.475000 0.168100
2.588000 2.475000 0.167800
2.663000 2.475000 0.167500
2.738000 2.475000 0.167200
2.813000 2.475000 0.166900
2.888000 2.475000 0.166700
2.963000 2.475000 0.166400
3.038000 2.475000 0.166200
3.113000 2.475000 0.166000
3.188000 2.475000 0.165700
3.263000 2.475000 0.165600
3.338000 2.475000 0.165400
3.413000 2.475000 0.165200
3.488000 2.475000 0.165100
3.563000 2.475000 0.165000
3.638000 2.475000 0.165000
3.713000 2.475000 0.164900
3.788000 2.475000 0.164900
3.863000 2.475000 0.000000
-0.037500 2.625000 0.000000
0.037500 2.625000 0.166300
0.112500 2.625000 0.166300
0.187500 2.625000 0.166300
0.262500 2.625000 0.166300
0.337500 2.625000 0.166300
0.412500 2.625000 0.166300
0.487500 2.625000 0.166300
0.562500 2.625000 0.166300
0.637500 2.625000 0.166200
0.712500 2.625000 0.166200
0.787500 2.625000 0.166100
0.862500 2.625000 0.166100
0.937500 2.625000 0.166000
1.012000 2.625000 0.165900
1.087000 2.625000 0.165900
1.163000 2.625000 0.165800
1.238000 2.625000 0.165600
1.313000 2.625000 0.165500
1.388000 2.625000 0.165400
1.463000 2.625000 0.165200
1.538000 2.625000 0.165100
1.613000 2.625000 0.164900
1.688000 2.625000 0.164700
1.763000 2.625000 0.164500
1.838000 2.625000 0.164300
1.913000 2.625000 0.164000
1.988000 2.625000 0.163800
2.063000 2.625000 0.163500
2.138000 2.625000 0.163300
2.213000 2.625000 0.163000
2.288000 2.625000 0.162700
2.363000 2.625000 0.162400
2.438000 2.625000 0.162200
2.513000 2.625000 0.161900
2.588000 2.625000 0.161600
2.663000 2.625000 0.161300
2.738000 2.625000 0.161100
2.813000 2.625000 0.160800
2.888000 2.625000 0.160600
2.963000 2.625000 0.160300
3.038000 2.625000 0.160100
3.113000 2.625000 0.159900
3.188000 2.625000 0.159700
3.263000 2.625000 0.159500
3.338000 2.625000 0.159400
3.413000 2.625000 0.159200
3.488000 2.625000 0.159100
3.563000 2.625000 0.159000
3.638000 2.625000 0.158900
3.713000 2.625000 0.158900
3.788000 2.625000 0.158900
3.863000 2.625000 0.000000
-0.037500 2.775000 0.000000
0.037500 2.775000 0.159900
0.112500 2.775000 0.159900
0.187500 2.775000 0.159900
0.262500 2.775000 0.159900
0.337500 2.775000 0.159900
0.412500 2.775000 0.159900
0.487500 2.775000 0.159900
0.562500 2.775000 0.159800
0.637500 2.775000 0.159800
0.712500 2.775000 0.159800
0.787500 2.775000 0.159700
0.862500 2.775000 0.159700
0.937500 2.775000 0.159600
1.012000 2.775000 0.159500
1.087000 2.775000 0.159400
1.163000 2.775000 0.159300
1.238000 2.775000 0.159200
1.313000 2.775000 0.159100
1.388000 2.775000 0.159000
1.463000 2.775000 0.158800
1.538000 2.775000 0.158700
1.613000 2.775000 0.158500
1.688000 2.775000 0.158300
1.763000 2.775000 0.158100
1.838000 2.775000 0.157900
1.913000 2.775000 0.157700
1.988000 2.775000 0.157400
2.063000 2.775000 0.157200
2.138000 2.775000 0.156900
2.213000 2.775000 0.156700
2.288000 2.775000 0.156400
2.363000 2.775000 0.156200
2.438000 2.775000 0.155900
2.513000 2.775000 0.155600
2.588000 2.775000 0.155400
2.663000 2.775000 0.155100
2.738000 2.775000 0.154800
2.813000 2.775000 0.154600
2.888000 2.775000 0.154400
2.963000 2.775000 0.154100
3.038000 2.775000 0.153900
3.113000 2.775000 0.153700
3.188000 2.775000 0.153500
3.263000 2.775000 0.153400
3.338000 2.775000 0.153200
3.413000 2.775000 0.153100
3.488000 2.775000 0.153000
3.563000 2.775000 0.152900
3.638000 2.775000 0.152800
3.713000 2.775000 0.152800
3.788000 2.775000 0.152800
3.863000 2.775000 0.000000
-0.037500 2.925000 0.000000
0.037500 2.925000 0.147200
0.112500 2.925000 0.147200
0.187500 2.925000 0.147200
0.262500 2.925000 0.147200
0.337500 2.925000 0.147200
0.412500 2.925000 0.147100
0.487500 2.925000 0.147100
0.562500 2.925000 0.147100
0.637500 2.925000 0.147100
0.712500 2.925000 0.147000
0.787500 2.925000 0.147000
0.862500 2.925000 0.146900
0.937500 2.925000 0.146900
1.012000 2.925000 0.146800
1.087000 2.925000 0.146700
1.163000 2.925000 0.146600
1.238000 2.925000 0.146500
1.313000 2.925000 0.146400
1.388000 2.925000 0.146300
1.463000 2.925000 0.146200
1.538000 2.925000 0.146000
1.613000 2.925000 0.145800
1.688000 2.925000 0.145700
1.763000 2.925000 0.145500
1.838000 2.925000 0.145300
1.913000 2.925000 0.145100
1.988000 2.925000 0.144900
2.063000 2.925000 0.144600
2.138000 2.925000 0.144400
2.213000 2.925000 0.144200
2.288000 2.925000 0.143900
2.363000 2.925000 0.143700
2.438000 2.925000 0.143400
2.513000 2.925000 0.143200
2.588000 2.925000 0.142900
2.663000 2.925000 0.142700
2.738000 2.925000 0.142400
2.813000 2.925000 0.142200
2.888000 2.925000 0.142000
2.963000 2.925000 0.141800
3.038000 2.925000 0.141600
3.113000 2.925000 0.141400
3.188000 2.925000 0.141200
3.263000 2.925000 0.141100
3.338000 2.925000 0.140900
3.413000 2.925000 0.140800
3.488000 2.925000 0.140700
3.563000 2.925000 0.140600
3.638000 2.925000 0.140600
3.713000 2.925000 0.140500
3.788000 2.925000 0.140500
3.863000 2.925000 0.000000
-0.037500 3.075000 0.000000
0.037500 3.075000 0.128500
0.112500 3.075000 0.128500
0.187500 3.075000 0.128500
0.262500 3.075000 0.128500
0.337500 3.075000 0.128500
0.412500 3.075000 0.128500
0.487500 3.075000 0.128500
0.562500 3.075000 0.128500
0.637500 3.075000 0.128400
0.712500 3.075000 0.128400
0.787500 3.075000 0.128400
0.862500 3.075000 0.128300
0.937500 3.075000 0.128300
1.012000 3.075000 0.128200
1.087000 3.075000 0.128100
1.163000 3.075000 0.128100
1.238000 3.075000 0.128000
1.313000 3.075000 0.127900
1.388000 3.075000 0.127800
1.463000 3.075000 0.127600
1.538000 3.075000 0.127500
1.613000 3.075000 0.127400
1.688000 3.075000 0.127200
1.763000 3.075000 0.127000
1.838000 3.075000 0.126900
1.913000 3.075000 0.126700
1.988000 3.075000 0.126500
2.063000 3.075000 0.126300
2.138000 3.075000 0.126100
2.213000 3.075000 0.125900
2.288000 3.075000 0.125700
2.363000 3.075000 0.125400
2.438000 3.075000 0.125200
2.513000 3.075000 0.125000
2.588000 3.075000 0.124800
2.663000 3.075000 0.124600
2.738000 3.075000 0.124300
2.813000 3.075000 0.124100
2.888000 3.075000 0.123900
2.963000 3.075000 0.123800
3.038000 3.075000 0.123600
3.113000 3.075000 0.123400
3.188000 3.075000 0.123300
3.263000 3.075000 0.123100
3.338000 3.075000 0.123000
3.413000 3.075000 0.122900
3.488000 3.075000 0.122800
3.563000 3.075000 0.122700
3.638000 3.075000 0.122700
3.713000 3.075000 0.122600
3.788000 3.075000 0.122600
3.863000 3.075000 0.000000
-0.037500 3.225000 0.000000
0.037500 3.225000 0.110900
0.112500 3.225000 0.110900
0.187500 3.225000 0.110900
0.262500 3.225000 0.110900
0.337500 3.225000 0.110900
0.412500 3.225000 0.110900
0.487500 3.225000 0.110800
0.562500 3.225000 0.110800
0.637500 3.225000 0.110800
0.712500 3.225000 0.110800
0.787500 3.225000 0.110700
0.862500 3.225000 0.110700
0.937500 3.225000 0.110600
1.012000 3.225000 0.110600
1.087000 3.225000 0.110500
1.163000 3.225000 0.110500
1.238000 3.225000 0.110400
1.313000 3.225000 0.110300
1.388000 3.225000 0.110200
1.463000 3.225000 0.110100
1.538000 3.225000 0.110000
1.613000 3.225000 0.109900
1.688000 3.225000 0.109700
1.763000 3.225000 0.109600
1.838000 3.225000 0.109400
1.913000 3.225000 0.109300
1.988000 3.225000 0.109100
2.063000 3.225000 0.108900
2.138000 3.225000 0.108700
2.213000 3.225000 0.108600
2.288000 3.225000 0.108400
2.363000 3.225000 0.108200
2.438000 3.225000 0.108000
2.513000 3.225000 0.107800
2.588000 3.225000 0.107600
2.663000 3.225000 0.107400
2.738000 3.225000 0.107200
2.813000 3.225000 0.107000
2.888000 3.225000 0.106900
2.963000 3.225000 0.106700
3.038000 3.225000 0.106600
3.113000 3.225000 0.106400
3.188000 3.225000 0.106300
3.263000 3.225000 0.106200
3.338000 3.225000 0.106000
3.413000 3.225000 0.105900
3.488000 3.225000 0.105900
3.563000 3.225000 0.105800
3.638000 3.225000 0.105800
3.713000 3.225000 0.105700
3.788000 3.225000 0.105700
3.863000 3.225000 0.000000
-0.037500 3.375000 0.000000
0.037500 3.375000 0.094570
0.112500 3.375000 0.094570
0.187500 3.375000 0.094570
0.262500 3.375000 0.094560
0.337500 3.375000 0.094550
0.412500 3.375000 0.094540
0.487500 3.375000 0.094530
0.562500 3.375000 0.094510
0.637500 3.375000 0.094490
0.712500 3.375000 0.094470
0.787500 3.375000 0.094440
0.862500 3.375000 0.094410
0.937500 3.375000 0.094370
1.012000 3.375000 0.094320
1.087000 3.375000 0.094270
1.163000 3.375000 0.094210
1.238000 3.375000 0.094140
1.313000 3.375000 0.094060
1.388000 3.375000 0.093980
1.463000 3.375000 0.093890
1.538000 3.375000 0.093790
1.613000 3.375000 0.093680
1.688000 3.375000 0.093570
1.763000 3.375000 0.093440
1.838000 3.375000 0.093310
1.913000 3.375000 0.093170
1.988000 3.375000 0.093030
2.063000 3.375000 0.092880
2.138000 3.375000 0.092720
2.213000 3.375000 0.092560
2.288000 3.375000 0.092400
2.363000 3.375000 0.092240
2.438000 3.375000 0.092070
2.513000 3.375000 0.091900
2.588000 3.375000 0.091740
2.663000 3.375000 0.091580
2.738000 3.375000 0.091420
2.813000 3.375000 0.091260
2.888000 3.375000 0.091120
2.963000 3.375000 0.090970
3.038000 3.375000 0.090840
3.113000 3.375000 0.090720
3.188000 3.375000 0.090600
3.263000 3.375000 0.090500
3.338000 3.375000 0.090400
3.413000 3.375000 0.090320
3.488000 3.375000 0.090250
3.563000 3.375000 0.090200
3.638000 3.375000 0.090160
3.713000 3.375000 0.090130
3.788000 3.375000 0.090120
3.863000 3.375000 0.000000
-0.037500 3.525000 0.000000
0.037500 3.525000 0.079820
0.112500 3.525000 0.079820
0.187500 3.525000 0.079810
0.262500 3.525000 0.079810
0.337500 3.525000 0.079800
0.412500 3.525000 0.079790
0.487500 3.525000 0.079780
0.562500 3.525000 0.079770
0.637500 3.525000 0.079750
0.712500 3.525000 0.079730
0.787500 3.525000 0.079700
0.862500 3.525000 0.079670
0.937500 3.525000 0.079640
1.012000 3.525000 0.079600
1.087000 3.525000 0.079550
1.163000 3.525000 0.079500
1.238000 3.525000 0.079440
1.313000 3.525000 0.079380
1.388000 3.525000 0.079310
1.463000 3.525000 0.079230
1.538000 3.525000 0.079150
1.613000 3.525000 0.079050
1.688000 3.525000 0.078960
1.763000 3.525000 0.078850
1.838000 3.525000 0.078740
1.913000 3.525000 0.078620
1.988000 3.525000 0.078500
2.063000 3.525000 0.078370
2.138000 3.525000 0.078240
2.213000 3.525000 0.078100
2.288000 3.525000 0.077970
2.363000 3.525000 0.077830
2.438000 3.525000 0.077690
2.513000 3.525000 0.077550
2.588000 3.525000 0.077410
2.663000 3.525000 0.077270
2.738000 3.525000 0.077130
2.813000 3.525000 0.077000
2.888000 3.525000 0.076880
2.963000 3.525000 0.076760
3.038000 3.525000 0.076640
3.113000 3.525000 0.076540
3.188000 3.525000 0.076440
3.263000 3.525000 0.076350
3.338000 3.525000 0.076270
3.413000 3.525000 0.076200
3.488000 3.525000 0.076140
3.563000 3.525000 0.076100
3.638000 3.525000 0.076060
3.713000 3.525000 0.076040
3.788000 3.525000 0.076030
3.863000 3.525000 0.000000
-0.037500 3.675000 0.000000
0.037500 3.675000 0.066730
0.112500 3.675000 0.066730
0.187500 3.675000 0.066730
0.262500 3.675000 0.066720
0.337500 3.675000 0.066720
0.412500 3.675000 0.066710
0.487500 3.675000 0.066700
0.562500 3.675000 0.066690
0.637500 3.675000 0.066670
0.712500 3.675000 0.066650
0.787500 3.675000 0.066630
0.862500 3.675000 0.066610
0.937500 3.675000 0.066580
1.012000 3.675000 0.066540
1.087000 3.675000 0.066500
1.163000 3.675000 0.066460
1.238000 3.675000 0.066410
1.313000 3.675000 0.066360
1.388000 3.675000 0.066300
1.463000 3.675000 0.066230
1.538000 3.675000 0.066160
1.613000 3.675000 0.066080
1.688000 3.675000 0.066000
1.763000 3.675000 0.065910
1.838000 3.675000 0.065810
1.913000 3.675000 0.065720
1.988000 3.675000 0.065610
2.063000 3.675000 0.065510
2.138000 3.675000 0.065390
2.213000 3.675000 0.065280
2.288000 3.675000 0.065170
2.363000 3.675000 0.065050
2.438000 3.675000 0.064930
2.513000 3.675000 0.064810
2.588000 3.675000 0.064700
2.663000 3.675000 0.064580
2.738000 3.675000 0.064470
2.813000 3.675000 0.064360
2.888000 3.675000 0.064250
2.963000 3.675000 0.064150
3.038000 3.675000 0.064060
3.113000 3.675000 0.063970
3.188000 3.675000 0.063890
3.263000 3.675000 0.063810
3.338000 3.675000 0.063750
3.413000 3.675000 0.063690
3.488000 3.675000 0.063640
3.563000 3.675000 0.063600
3.638000 3.675000 0.063570
3.713000 3.675000 0.063550
3.788000 3.675000 0.063540
3.863000 3.675000 0.000000
-0.037500 3.825000 0.000000
0.037500 3.825000 0.055330
0.112500 3.825000 0.055330
0.187500 3.825000 0.055330
0.262500 3.825000 0.055320
0.337500 3.825000 0.055320
0.412500 3.825000 0.055310
0.487500 3.825000 0.055300
0.562500 3.825000 0.055290
0.637500 3.825000 0.055280
0.712500 3.825000 0.055260
0.787500 3.825000 0.055240
0.862500 3.825000 0.055220
0.937500 3.825000 0.055200
1.012000 3.825000 0.055170
1.087000 3.825000 0.055140
1.163000 3.825000 0.055100
1.238000 3.825000 0.055060
1.313000 3.825000 0.055010
1.388000 3.825000 0.054960
1.463000 3.825000 0.054900
1.538000 3.825000 0.054840
1.613000 3.825000 0.054780
1.688000 3.825000 0.054710
1.763000 3.825000 0.054640
1.838000 3.825000 0.054560
1.913000 3.825000 0.054480
1.988000 3.825000 0.054390
2.063000 3.825000 0.054300
2.138000 3.825000 0.054210
2.213000 3.825000 0.054120
2.288000 3.825000 0.054020
2.363000 3.825000 0.053920
2.438000 3.825000 0.053820
2.513000 3.825000 0.053730
2.588000 3.825000 0.053630
2.663000 3.825000 0.053530
2.738000 3.825000 0.053440
2.813000 3.825000 0.053350
2.888000 3.825000 0.053260
2.963000 3.825000 0.053180
3.038000 3.825000 0.053100
3.113000 3.825000 0.053030
3.188000 3.825000 0.052960
3.263000 3.825000 0.052900
3.338000 3.825000 0.052840
3.413000 3.825000 0.052790
3.488000 3.825000 0.052750
3.563000 3.825000 0.052720
3.638000 3.825000 0.052690
3.713000 3.825000 0.052670
3.788000 3.825000 0.052670
3.863000 3.825000 0.000000
-0.037500 3.975000 0.000000
0.037500 3.975000 0.045580
0.112500 3.975000 0.045580
0.187500 3.975000 0.045580
0.262500 3.975000 0.045570
0.337500 3.975000 0.045570
0.412500 3.975000 0.045560
0.487500 3.975000 0.045550
0.562500 3.975000 0.045540
0.637500 3.975000 0.045530
0.712500 3.975000 0.045520
0.787500 3.975000 0.045500
0.862500 3.975000 0.045480
0.937500 3.975000 0.045460
1.012000 3.975000 0.045440
1.087000 3.975000 0.045410
1.163000 3.975000 0.045380
1.238000 3.975000 0.045340
1.313000 3.975000 0.045310
1.388000 3.975000 0.045260
1.463000 3.975000 0.045220
1.538000 3.975000 0.045170
1.613000 3.975000 0.045110
1.688000 3.975000 0.045060
1.763000 3.975000 0.045000
1.838000 3.975000 0.044930
1.913000 3.975000 0.044860
1.988000 3.975000 0.044790
2.063000 3.975000 0.044720
2.138000 3.975000 0.044640
2.213000 3.975000 0.044570
2.288000 3.975000 0.044490
2.363000 3.975000 0.044410
2.438000 3.975000 0.044330
2.513000 3.975000 0.044250
2.588000 3.975000 0.044170
2.663000 3.975000 0.044090
2.738000 3.975000 0.044010
2.813000 3.975000 0.043940
2.888000 3.975000 0.043860
2.963000 3.975000 0.043800
3.038000 3.975000 0.043730
3.113000 3.975000 0.043670
3.188000 3.975000 0.043610
3.263000 3.975000 0.043560
3.338000 3.975000 0.043520
3.413000 3.975000 0.043480
3.488000 3.975000 0.043440
3.563000 3.975000 0.043410
3.638000 3.975000 0.043390
3.713000 3.975000 0.043380
3.788000 3.975000 0.043370
3.863000 3.975000 0.000000
-0.037500 4.125000 0.000000
0.037500 4.125000 0.037390
0.112500 4.125000 0.037390
0.187500 4.125000 0.037390
0.262500 4.125000 0.037380
0.337500 4.125000 0.037380
0.412500 4.125000 0.037380
0.487500 4.125000 0.037370
0.562500 4.125000 0.037360
0.637500 4.125000 0.037350
0.712500 4.125000 0.037340
0.787500 4.125000 0.037320
0.862500 4.125000 0.037310
0.937500 4.125000 0.037290
1.012000 4.125000 0.037270
1.087000 4.125000 0.037250
1.163000 4.125000 0.037220
1.238000 4.125000 0.037190
1.313000 4.125000 0.037160
1.388000 4.125000 0.037130
1.463000 4.125000 0.037090
1.538000 4.125000 0.037050
1.613000 4.125000 0.037000
1.688000 4.125000 0.036950
1.763000 4.125000 0.036900
1.838000 4.125000 0.036850
1.913000 4.125000 0.036790
1.988000 4.125000 0.036740
2.063000 4.125000 0.036680
2.138000 4.125000 0.036610
2.213000 4.125000 0.036550
2.288000 4.125000 0.036490
2.363000 4.125000 0.036420
2.438000 4.125000 0.036350
2.513000 4.125000 0.036290
2.588000 4.125000 0.036220
2.663000 4.125000 0.036160
2.738000 4.125000 0.036100
2.813000 4.125000 0.036040
2.888000 4.125000 0.035980
2.963000 4.125000 0.035920
3.038000 4.125000 0.035870
3.113000 4.125000 0.035820
3.188000 4.125000 0.035770
3.263000 4.125000 0.035730
3.338000 4.125000 0.035690
3.413000 4.125000 0.035660
3.488000 4.125000 0.035630
3.563000 4.125000 0.035610
3.638000 4.125000 0.035590
3.713000 4.125000 0.035580
3.788000 4.125000 0.035570
3.863000 4.125000 0.000000
-0.037500 4.275000 0.000000
0.037500 4.275000 0.030660
0.112500 4.275000 0.030660
0.187500 4.275000 0.030660
0.262500 4.275000 0.030660
0.337500 4.275000 0.030650
0.412500 4.275000 0.030650
0.487500 4.275000 0.030640
0.562500 4.275000 0.030630
0.637500 4.275000 0.030630
0.712500 4.275000 0.030620
0.787500 4.275000 0.030600
0.862500 4.275000 0.030590
0.937500 4.275000 0.030580
1.012000 4.275000 0.030560
1.087000 4.275000 0.030540
1.163000 4.275000 0.030520
1.238000 4.275000 0.030490
1.313000 4.275000 0.030470
1.388000 4.275000 0.030440
1.463000 4.275000 0.030410
1.538000 4.275000 0.030370
1.613000 4.275000 0.030340
1.688000 4.275000 0.030300
1.763000 4.275000 0.030260
1.838000 4.275000 0.030210
1.913000 4.275000 0.030170
1.988000 4.275000 0.030120
2.063000 4.275000 0.030070
2.138000 4.275000 0.030020
2.213000 4.275000 0.029970
2.288000 4.275000 0.029910
2.363000 4.275000 0.029860
2.438000 4.275000 0.029810
2.513000 4.275000 0.029750
2.588000 4.275000 0.029700
2.663000 4.275000 0.029650
2.738000 4.275000 0.029590
2.813000 4.275000 0.029540
2.888000 4.275000 0.029500
2.963000 4.275000 0.029450
3.038000 4.275000 0.029410
3.113000 4.275000 0.029370
3.188000 4.275000 0.029330
3.263000 4.275000 0.029290
3.338000 4.275000 0.029260
3.413000 4.275000 0.029240
3.488000 4.275000 0.029210
3.563000 4.275000 0.029190
3.638000 4.275000 0.029180
3.713000 4.275000 0.029170
3.788000 4.275000 0.029170
3.863000 4.275000 0.000000
-0.037500 4.425000 0.000000
0.037500 4.425000 0.025280
0.112500 4.425000 0.025280
0.187500 4.425000 0.025270
0.262500 4.425000 0.025270
0.337500 4.425000 0.025270
0.412500 4.425000 0.025260
0.487500 4.425000 0.025260
0.562500 4.425000 0.025250
0.637500 4.425000 0.025250
0.712500 4.425000 0.025240
0.787500 4.425000 0.025230
0.862500 4.425000 0.025220
0.937500 4.425000 0.025200
1.012000 4.425000 0.025190
1.087000 4.425000 0.025170
1.163000 4.425000 0.025150
1.238000 4.425000 0.025130
1.313000 4.425000 0.025110
1.388000 4.425000 0.025090
1.463000 4.425000 0.025060
1.538000 4.425000 0.025030
1.613000 4.425000 0.025000
1.688000 4.425000 0.024970
1.763000 4.425000 0.024940
1.838000 4.425000 0.024900
1.913000 4.425000 0.024860
1.988000 4.425000 0.024820
2.063000 4.425000 0.024780
2.138000 4.425000 0.024740
2.213000 4.425000 0.024700
2.288000 4.425000 0.024650
2.363000 4.425000 0.024610
2.438000 4.425000 0.024570
2.513000 4.425000 0.024520
2.588000 4.425000 0.024480
2.663000 4.425000 0.024430
2.738000 4.425000 0.024390
2.813000 4.425000 0.024350
2.888000 4.425000 0.024310
2.963000 4.425000 0.024270
3.038000 4.425000 0.024240
3.113000 4.425000 0.024210
3.188000 4.425000 0.024170
3.263000 4.425000 0.024150
3.338000 4.425000 0.024120
3.413000 4.425000 0.024100
3.488000 4.425000 0.024080
3.563000 4.425000 0.024060
3.638000 4.425000 0.024050
3.713000 4.425000 0.024040
3.788000 4.425000 0.024040
3.863000 4.425000 0.000000
-0.037500 4.575000 0.000000
0.037500 4.575000 0.021120
0.112500 4.575000 0.021120
0.187500 4.575000 0.021120
0.262500 4.575000 0.021120
0.337500 4.575000 0.021120
0.412500 4.575000 0.021110
0.487500 4.575000 0.021110
0.562500 4.575000 0.021100
0.637500 4.575000 0.021100
0.712500 4.575000 0.021090
0.787500 4.575000 0.021080
0.862500 4.575000 0.021070
0.937500 4.575000 0.021060
1.012000 4.575000 0.021050
1.087000 4.575000 0.021030
1.163000 4.575000 0.021020
1.238000 4.575000 0.021000
1.313000 4.575000 0.020980
1.388000 4.575000 0.020960
1.463000 4.575000 0.020940
1.538000 4.575000 0.020910
1.613000 4.575000 0.020890
1.688000 4.575000 0.020860
1.763000 4.575000 0.020830
1.838000 4.575000 0.020800
1.913000 4.575000 0.020770
1.988000 4.575000 0.020740
2.063000 4.575000 0.020700
2.138000 4.575000 0.020670
2.213000 4.575000 0.020630
2.288000 4.575000 0.020600
2.363000 4.575000 0.020560
2.438000 4.575000 0.020520
2.513000 4.575000 0.020490
2.588000 4.575000 0.020450
2.663000 4.575000 0.020420
2.738000 4.575000 0.020380
2.813000 4.575000 0.020350
2.888000 4.575000 0.020310
2.963000 4.575000 0.020280
3.038000 4.575000 0.020250
3.113000 4.575000 0.020230
3.188000 4.575000 0.020200
3.263000 4.575000 0.020180
3.338000 4.575000 0.020160
3.413000 4.575000 0.020140
3.488000 4.575000 0.020120
3.563000 4.575000 0.020110
3.638000 4.575000 0.020100
3.713000 4.575000 0.020090
3.788000 4.575000 0.020090
3.863000 4.575000 0.000000
-0.037500 4.725000 0.000000
0.037500 4.725000 0.018100
0.112500 4.725000 0.018100
0.187500 4.725000 0.018100
0.262500 4.725000 0.018100
0.337500 4.725000 0.018090
0.412500 4.725000 0.018090
0.487500 4.725000 0.018090
0.562500 4.725000 0.018080
0.637500 4.725000 0.018080
0.712500 4.725000 0.018070
0.787500 4.725000 0.018060
0.862500 4.725000 0.018050
0.937500 4.725000 0.018040
1.012000 4.725000 0.018030
1.087000 4.725000 0.018020
1.163000 4.725000 0.018010
1.238000 4.725000 0.017990
1.313000 4.725000 0.017980
1.388000 4.725000 0.017960
1.463000 4.725000 0.017940
1.538000 4.725000 0.017920
1.613000 4.725000 0.017900
1.688000 4.725000 0.017870
1.763000 4.725000 0.017850
1.838000 4.725000 0.017820
1.913000 4.725000 0.017800
1.988000 4.725000 0.017770
2.063000 4.725000 0.017740
2.138000 4.725000 0.017710
2.213000 4.725000 0.017680
2.288000 4.725000 0.017650
2.363000 4.725000 0.017620
2.438000 4.725000 0.017590
2.513000 4.725000 0.017550
2.588000 4.725000 0.017520
2.663000 4.725000 0.017490
2.738000 4.725000 0.017460
2.813000 4.725000 0.017430
2.888000 4.725000 0.017410
2.963000 4.725000 0.017380
3.038000 4.725000 0.017350
3.113000 4.725000 0.017330
3.188000 4.725000 0.017310
3.263000 4.725000 0.017290
3.338000 4.725000 0.017270
3.413000 4.725000 0.017250
3.488000 4.725000 0.017240
3.563000 4.725000 0.017230
3.638000 4.725000 0.017220
3.713000 4.725000 0.017210
3.788000 4.725000 0.017210
3.863000 4.725000 0.000000
-0.037500 4.875000 0.000000
0.037500 4.875000 0.016130
0.112500 4.875000 0.016130
0.187500 4.875000 0.016130
0.262500 4.875000 0.016130
0.337500 4.875000 0.016130
0.412500 4.875000 0.016120
0.487500 4.875000 0.016120
0.562500 4.875000 0.016110
0.637500 4.875000 0.016110
0.712500 4.875000 0.016100
0.787500 4.875000 0.016090
0.862500 4.875000 0.016090
0.937500 4.875000 0.016080
1.012000 4.875000 0.016070
1.087000 4.875000 0.016060
1.163000 4.875000 0.016040
1.238000 4.875000 0.016030
1.313000 4.875000 0.016020
1.388000 4.875000 0.016000
1.463000 4.875000 0.015980
1.538000 4.875000 0.015960
1.613000 4.875000 0.015940
1.688000 4.875000 0.015920
1.763000 4.875000 0.015900
1.838000 4.875000 0.015880
1.913000 4.875000 0.015850
1.988000 4.875000 0.015830
2.063000 4.875000 0.015800
2.138000 4.875000 0.015780
2.213000 4.875000 0.015750
2.288000 4.875000 0.015720
2.363000 4.875000 0.015700
2.438000 4.875000 0.015670
2.513000 4.875000 0.015640
2.588000 4.875000 0.015610
2.663000 4.875000 0.015590
2.738000 4.875000 0.015560
2.813000 4.875000 0.015530
2.888000 4.875000 0.015510
2.963000 4.875000 0.015490
3.038000 4.875000 0.015460
3.113000 4.875000 0.015440
3.188000 4.875000 0.015420
3.263000 4.875000 0.015410
3.338000 4.875000 0.015390
3.413000 4.875000 0.015370
3.488000 4.875000 0.015360
3.563000 4.875000 0.015350
3.638000 4.875000 0.015340
3.713000 4.875000 0.015340
3.788000 4.875000 0.015340
3.863000 4.875000 0.000000
-0.037500 5.025000 0.000000
0.037500 5.025000 0.015170
0.112500 5.025000 0.015170
0.187500 5.025000 0.015170
0.262500 5.025000 0.015170
0.337500 5.025000 0.015160
0.412500 5.025000 0.015160
0.487500 5.025000 0.015160
0.562500 5.025000 0.015150
0.637500 5.025000 0.015150
0.712500 5.025000 0.015140
0.787500 5.025000 0.015140
0.862500 5.025000 0.015130
0.937500 5.025000 0.015120
1.012000 5.025000 0.015110
1.087000 5.025000 0.015100
1.163000 5.025000 0.015090
1.238000 5.025000 0.015070
1.313000 5.025000 0.015060
1.388000 5.025000 0.015050
1.463000 5.025000 0.015030
1.538000 5.025000 0.015010
1.613000 5.025000 0.014990
1.688000 5.025000 0.014970
1.763000 5.025000 0.014950
1.838000 5.025000 0.014930
1.913000 5.025000 0.014910
1.988000 5.025000 0.014890
2.063000 5.025000 0.014860
2.138000 5.025000 0.014840
2.213000 5.025000 0.014810
2.288000 5.025000 0.014790
2.363000 5.025000 0.014760
2.438000 5.025000 0.014730
2.513000 5.025000 0.014710
2.588000 5.025000 0.014680
2.663000 5.025000 0.014660
2.738000 5.025000 0.014630
2.813000 5.025000 0.014610
2.888000 5.025000 0.014590
2.963000 5.025000 0.014560
3.038000 5.025000 0.014540
3.113000 5.025000 0.014520
3.188000 5.025000 0.014500
3.263000 5.025000 0.014490
3.338000 5.025000 0.014470
3.413000 5.025000 0.014460
3.488000 5.025000 0.014450
3.563000 5.025000 0.014440
3.638000 5.025000 0.014430
3.713000 5.025000 0.014420
3.788000 5.025000 0.014420
3.863000 5.025000 0.000000
-0.037500 5.175000 0.000000
0.037500 5.175000 0.000000
0.112500 5.175000 0.000000
0.187500 5.175000 0.000000
0.262500 5.175000 0.000000
0.337500 5.175000 0.000000
0.412500 5.175000 0.000000
0.487500 5.175000 0.000000
0.562500 5.175000 0.000000
0.637500 5.175000 0.000000
0.712500 5.175000 0.000000
0.787500 5.175000 0.000000
0.862500 5.175000 0.000000
0.937500 5.175000 0.000000
1.012000 5.175000 0.000000
1.087000 5.175000 0.000000
1.163000 5.175000 0.000000
1.238000 5.175000 0.000000
1.313000 5.175000 0.000000
1.388000 5.175000 0.000000
1.463000 5.175000 0.000000
1.538000 5.175000 0.000000
1.613000 5.175000 0.000000
1.688000 5.175000 0.000000
1.763000 5.175000 0.000000
1.838000 5.175000 0.000000
1.913000 5.175000 0.000000
1.988000 5.175000 0.000000
2.063000 5.175000 0.000000
2.138000 5.175000 0.000000
2.213000 5.175000 0.000000
2.288000 5.175000 0.000000
2.363000 5.175000 0.000000
2.438000 5.175000 0.000000
2.513000 5.175000 0.000000
2.588000 5.175000 0.000000
2.663000 5.175000 0.000000
2.738000 5.175000 0.000000
2.813000 5.175000 0.000000
2.888000 5.175000 0.000000
2.963000 5.175000 0.000000
3.038000 5.175000 0.000000
3.113000 5.175000 0.000000
3.188000 5.175000 0.000000
3.263000 5.175000 0.000000
3.338000 5.175000 0.000000
3.413000 5.175000 0.000000
3.488000 5.175000 0.000000
3.563000 5.175000 0.000000
3.638000 5.175000 0.000000
3.713000 5.175000 0.000000
3.788000 5.175000 0.000000
3.863000 5.175000 0.000000
