-0.037500 -0.075000 0.000000
0.037500 -0.075000 0.000000
0.112500 -0.075000 0.000000
0.187500 -0.075000 0.000000
0.262500 -0.075000 0.000000
0.337500 -0.075000 0.000000
0.412500 -0.075000 0.000000
0.487500 -0.075000 0.000000
0.562500 -0.075000 0.000000
0.637500 -0.075000 0.000000
0.712500 -0.075000 0.000000
0.787500 -0.075000 0.000000
0.862500 -0.075000 0.000000
0.937500 -0.075000 0.000000
1.012000 -0.075000 0.000000
1.087000 -0.075000 0.000000
1.163000 -0.075000 0.000000
1.238000 -0.075000 0.000000
1.313000 -0.075000 0.000000
1.388000 -0.075000 0.000000
1.463000 -0.075000 0.000000
1.538000 -0.075000 0.000000
1.613000 -0.075000 0.000000
1.688000 -0.075000 0.000000
1.763000 -0.075000 0.000000
1.838000 -0.075000 0.000000
1.913000 -0.075000 0.000000
1.988000 -0.075000 0.000000
2.063000 -0.075000 0.000000
2.138000 -0.075000 0.000000
2.213000 -0.075000 0.000000
2.288000 -0.075000 0.000000
2.363000 -0.075000 0.000000
2.438000 -0.075000 0.000000
2.513000 -0.075000 0.000000
2.588000 -0.075000 0.000000
2.663000 -0.075000 0.000000
2.738000 -0.075000 0.000000
2.813000 -0.075000 0.000000
2.888000 -0.075000 0.000000
2.963000 -0.075000 0.000000
3.038000 -0.075000 0.000000
3.113000 -0.075000 0.000000
3.188000 -0.075000 0.000000
3.263000 -0.075000 0.000000
3.338000 -0.075000 0.000000
3.413000 -0.075000 0.000000
3.488000 -0.075000 0.000000
3.563000 -0.075000 0.000000
3.638000 -0.075000 0.000000
3.713000 -0.075000 0.000000
3.788000 -0.075000 0.000000
3.863000 -0.075000 0.000000
-0.037500 0.075000 0.000000
0.037500 0.075000 0.031010
0.112500 0.075000 0.062020
0.187500 0.075000 0.093030
0.262500 0.075000 0.124000
0.337500 0.075000 0.155000
0.412500 0.075000 0.186000
0.487500 0.075000 0.216900
0.562500 0.075000 0.247800
0.637500 0.075000 0.278500
0.712500 0.075000 0.309100
0.787500 0.075000 0.339500
0.862500 0.075000 0.369600
0.937500 0.075000 0.399300
1.012000 0.075000 0.428500
1.087000 0.075000 0.457000
1.163000 0.075000 0.484600
1.238000 0.075000 0.511100
1.313000 0.075000 0.536200
1.388000 0.075000 0.559800
1.463000 0.075000 0.581300
1.538000 0.075000 0.600500
1.613000 0.075000 0.617100
1.688000 0.075000 0.630700
1.763000 0.075000 0.641000
1.838000 0.075000 0.647900
1.913000 0.075000 0.651200
1.988000 0.075000 0.651000
2.063000 0.075000 0.647200
2.138000 0.075000 0.640300
2.213000 0.075000 0.630600
2.288000 0.075000 0.618300
2.363000 0.075000 0.604100
2.438000 0.075000 0.588200
2.513000 0.075000 0.571200
2.588000 0.075000 0.553400
2.663000 0.075000 0.535100
2.738000 0.075000 0.516700
2.813000 0.075000 0.498300
2.888000 0.075000 0.480200
2.963000 0.075000 0.462400
3.038000 0.075000 0.445100
3.113000 0.075000 0.428400
3.188000 0.075000 0.412200
3.263000 0.075000 0.396600
3.338000 0.075000 0.381700
3.413000 0.075000 0.367500
3.488000 0.075000 0.353800
3.563000 0.075000 0.340800
3.638000 0.075000 0.328400
3.713000 0.075000 0.316500
3.788000 0.075000 0.305200
3.863000 0.075000 0.000000
-0.037500 0.225000 0.000000
0.037500 0.225000 0.031010
0.112500 0.225000 0.062020
0.187500 0.225000 0.093030
0.262500 0.225000 0.124000
0.337500 0.225000 0.155000
0.412500 0.225000 0.186000
0.487500 0.225000 0.216900
0.562500 0.225000 0.247800
0.637500 0.225000 0.278500
0.712500 0.225000 0.309100
0.787500 0.225000 0.339500
0.862500 0.225000 0.369600
0.937500 0.225000 0.399300
1.012000 0.225000 0.428500
1.087000 0.225000 0.457000
1.163000 0.225000 0.484600
1.238000 0.225000 0.511100
1.313000 0.225000 0.536200
1.388000 0.225000 0.559800
1.463000 0.225000 0.581300
1.538000 0.225000 0.600500
1.613000 0.225000 0.617100
1.688000 0.225000 0.630700
1.763000 0.225000 0.641000
1.838000 0.225000 0.647900
1.913000 0.225000 0.651200
1.988000 0.225000 0.651000
2.063000 0.225000 0.647200
2.138000 0.225000 0.640300
2.213000 0.225000 0.630600
2.288000 0.225000 0.618300
2.363000 0.225000 0.604100
2.438000 0.225000 0.588200
2.513000 0.225000 0.571200
2.588000 0.225000 0.553400
2.663000 0.225000 0.535100
2.738000 0.225000 0.516700
2.813000 0.225000 0.498300
2.888000 0.225000 0.480200
2.963000 0.225000 0.462400
3.038000 0.225000 0.445100
3.113000 0.225000 0.428400
3.188000 0.225000 0.412200
3.263000 0.225000 0.396600
3.338000 0.225000 0.381700
3.413000 0.225000 0.367500
3.488000 0.225000 0.353800
3.563000 0.225000 0.340800
3.638000 0.225000 0.328400
3.713000 0.225000 0.316500
3.788000 0.225000 0.305200
3.863000 0.225000 0.000000
-0.037500 0.375000 0.000000
0.037500 0.375000 0.078490
0.112500 0.375000 0.085880
0.187500 0.375000 0.097330
0.262500 0.375000 0.111300
0.337500 0.375000 0.126900
0.412500 0.375000 0.143500
0.487500 0.375000 0.160800
0.562500 0.375000 0.178600
0.637500 0.375000 0.196600
0.712500 0.375000 0.214800
0.787500 0.375000 0.233000
0.862500 0.375000 0.251100
0.937500 0.375000 0.269000
1.012000 0.375000 0.286600
1.087000 0.375000 0.303700
1.163000 0.375000 0.320300
1.238000 0.375000 0.336200
1.313000 0.375000 0.351100
1.388000 0.375000 0.365000
1.463000 0.375000 0.377700
1.538000 0.375000 0.388900
1.613000 0.375000 0.398400
1.688000 0.375000 0.406300
1.763000 0.375000 0.412100
1.838000 0.375000 0.416000
1.913000 0.375000 0.417900
1.988000 0.375000 0.417600
2.063000 0.375000 0.415500
2.138000 0.375000 0.411400
2.213000 0.375000 0.405700
2.288000 0.375000 0.398600
2.363000 0.375000 0.390200
2.438000 0.375000 0.380800
2.513000 0.375000 0.370700
2.588000 0.375000 0.360000
2.663000 0.375000 0.348900
2.738000 0.375000 0.337700
2.813000 0.375000 0.326400
2.888000 0.375000 0.315200
2.963000 0.375000 0.304100
3.038000 0.375000 0.293400
3.113000 0.375000 0.282900
3.188000 0.375000 0.272800
3.263000 0.375000 0.263200
3.338000 0.375000 0.254000
3.413000 0.375000 0.245300
3.488000 0.375000 0.237100
3.563000 0.375000 0.229700
3.638000 0.375000 0.223200
3.713000 0.375000 0.218000
3.788000 0.375000 0.214700
3.863000 0.375000 0.000000
-0.037500 0.525000 0.000000
0.037500 0.525000 0.078210
0.112500 0.525000 0.080620
0.187500 0.525000 0.085000
0.262500 0.525000 0.090890
0.337500 0.525000 0.097920
0.412500 0.525000 0.105800
0.487500 0.525000 0.114300
0.562500 0.525000 0.123300
0.637500 0.525000 0.132500
0.712500 0.525000 0.142000
0.787500 0.525000 0.151600
0.862500 0.525000 0.161200
0.937500 0.525000 0.170700
1.012000 0.525000 0.180100
1.087000 0.525000 0.189300
1.163000 0.525000 0.198100
1.238000 0.525000 0.206500
1.313000 0.525000 0.214400
1.388000 0.525000 0.221700
1.463000 0.525000 0.228300
1.538000 0.525000 0.234100
1.613000 0.525000 0.239000
1.688000 0.525000 0.243000
1.763000 0.525000 0.246000
1.838000 0.525000 0.247900
1.913000 0.525000 0.248800
1.988000 0.525000 0.248600
2.063000 0.525000 0.247400
2.138000 0.525000 0.245300
2.213000 0.525000 0.242300
2.288000 0.525000 0.238500
2.363000 0.525000 0.234000
2.438000 0.525000 0.229000
2.513000 0.525000 0.223600
2.588000 0.525000 0.217800
2.663000 0.525000 0.211800
2.738000 0.525000 0.205600
2.813000 0.525000 0.199400
2.888000 0.525000 0.193200
2.963000 0.525000 0.187100
3.038000 0.525000 0.181100
3.113000 0.525000 0.175300
3.188000 0.525000 0.169700
3.263000 0.525000 0.164400
3.338000 0.525000 0.159400
3.413000 0.525000 0.154700
3.488000 0.525000 0.150500
3.563000 0.525000 0.146900
3.638000 0.525000 0.143800
3.713000 0.525000 0.141600
3.788000 0.525000 0.140400
3.863000 0.525000 0.000000
-0.037500 0.675000 0.000000
0.037500 0.675000 0.073210
0.112500 0.675000 0.074150
0.187500 0.675000 0.075970
0.262500 0.675000 0.078560
0.337500 0.675000 0.081810
0.412500 0.675000 0.085620
0.487500 0.675000 0.089880
0.562500 0.675000 0.094500
0.637500 0.675000 0.099390
0.712500 0.675000 0.104500
0.787500 0.675000 0.109700
0.862500 0.675000 0.114900
0.937500 0.675000 0.120200
1.012000 0.675000 0.125400
1.087000 0.675000 0.130400
1.163000 0.675000 0.135300
1.238000 0.675000 0.140000
1.313000 0.675000 0.144300
1.388000 0.675000 0.148300
1.463000 0.675000 0.151800
1.538000 0.675000 0.154900
1.613000 0.675000 0.157600
1.688000 0.675000 0.159700
1.763000 0.675000 0.161200
1.838000 0.675000 0.162200
1.913000 0.675000 0.162600
1.988000 0.675000 0.162500
2.063000 0.675000 0.161800
2.138000 0.675000 0.160500
2.213000 0.675000 0.158900
2.288000 0.675000 0.156700
2.363000 0.675000 0.154200
2.438000 0.675000 0.151400
2.513000 0.675000 0.148300
2.588000 0.675000 0.145000
2.663000 0.675000 0.141500
2.738000 0.675000 0.137900
2.813000 0.675000 0.134300
2.888000 0.675000 0.130700
2.963000 0.675000 0.127100
3.038000 0.675000 0.123600
3.113000 0.675000 0.120200
3.188000 0.675000 0.116900
3.263000 0.675000 0.113900
3.338000 0.675000 0.111100
3.413000 0.675000 0.108500
3.488000 0.675000 0.106300
3.563000 0.675000 0.104400
3.638000 0.675000 0.102900
3.713000 0.675000 0.101900
3.788000 0.675000 0.101300
3.863000 0.675000 0.000000
-0.037500 0.825000 0.000000
0.037500 0.825000 0.067170
0.112500 0.825000 0.067760
0.187500 0.825000 0.068920
0.262500 0.825000 0.070610
0.337500 0.825000 0.072770
0.412500 0.825000 0.075350
0.487500 0.825000 0.078270
0.562500 0.825000 0.081470
0.637500 0.825000 0.084900
0.712500 0.825000 0.088500
0.787500 0.825000 0.092210
0.862500 0.825000 0.095980
0.937500 0.825000 0.099750
1.012000 0.825000 0.103500
1.087000 0.825000 0.107100
1.163000 0.825000 0.110600
1.238000 0.825000 0.113900
1.313000 0.825000 0.117100
1.388000 0.825000 0.119900
1.463000 0.825000 0.122400
1.538000 0.825000 0.124700
1.613000 0.825000 0.126500
1.688000 0.825000 0.128000
1.763000 0.825000 0.129100
1.838000 0.825000 0.129700
1.913000 0.825000 0.130000
1.988000 0.825000 0.129900
2.063000 0.825000 0.129300
2.138000 0.825000 0.128400
2.213000 0.825000 0.127200
2.288000 0.825000 0.125600
2.363000 0.825000 0.123800
2.438000 0.825000 0.121700
2.513000 0.825000 0.119400
2.588000 0.825000 0.116900
2.663000 0.825000 0.114400
2.738000 0.825000 0.111700
2.813000 0.825000 0.109000
2.888000 0.825000 0.106300
2.963000 0.825000 0.103600
3.038000 0.825000 0.101000
3.113000 0.825000 0.098510
3.188000 0.825000 0.096110
3.263000 0.825000 0.093870
3.338000 0.825000 0.091810
3.413000 0.825000 0.089960
3.488000 0.825000 0.088360
3.563000 0.825000 0.087030
3.638000 0.825000 0.086010
3.713000 0.825000 0.085310
3.788000 0.825000 0.084960
3.863000 0.825000 0.000000
-0.037500 0.975000 0.000000
0.037500 0.975000 0.060060
0.112500 0.975000 0.060470
0.187500 0.975000 0.061270
0.262500 0.975000 0.062440
0.337500 0.975000 0.063960
0.412500 0.975000 0.065780
0.487500 0.975000 0.067860
0.562500 0.975000 0.070170
0.637500 0.975000 0.072650
0.712500 0.975000 0.075270
0.787500 0.975000 0.077990
0.862500 0.975000 0.080760
0.937500 0.975000 0.083530
1.012000 0.975000 0.086290
1.087000 0.975000 0.088980
1.163000 0.975000 0.091560
1.238000 0.975000 0.094020
1.313000 0.975000 0.096300
1.388000 0.975000 0.098390
1.463000 0.975000 0.100300
1.538000 0.975000 0.101900
1.613000 0.975000 0.103200
1.688000 0.975000 0.104300
1.763000 0.975000 0.105100
1.838000 0.975000 0.105500
1.913000 0.975000 0.105700
1.988000 0.975000 0.105600
2.063000 0.975000 0.105200
2.138000 0.975000 0.104500
2.213000 0.975000 0.103500
2.288000 0.975000 0.102300
2.363000 0.975000 0.100900
2.438000 0.975000 0.099360
2.513000 0.975000 0.097630
2.588000 0.975000 0.095770
2.663000 0.975000 0.093810
2.738000 0.975000 0.091800
2.813000 0.975000 0.089740
2.888000 0.975000 0.087680
2.963000 0.975000 0.085650
3.038000 0.975000 0.083660
3.113000 0.975000 0.081750
3.188000 0.975000 0.079930
3.263000 0.975000 0.078250
3.338000 0.975000 0.076710
3.413000 0.975000 0.075340
3.488000 0.975000 0.074160
3.563000 0.975000 0.073190
3.638000 0.975000 0.072440
3.713000 0.975000 0.071940
3.788000 0.975000 0.071690
3.863000 0.975000 0.000000
-0.037500 1.125000 0.000000
0.037500 1.125000 0.053120
0.112500 1.125000 0.053420
0.187500 1.125000 0.054020
0.262500 1.125000 0.054900
0.337500 1.125000 0.056050
0.412500 1.125000 0.057430
0.487500 1.125000 0.059020
0.562500 1.125000 0.060780
0.637500 1.125000 0.062700
0.712500 1.125000 0.064720
0.787500 1.125000 0.066820
0.862500 1.125000 0.068960
0.937500 1.125000 0.071120
1.012000 1.125000 0.073260
1.087000 1.125000 0.075350
1.163000 1.125000 0.077370
1.238000 1.125000 0.079280
1.313000 1.125000 0.081050
1.388000 1.125000 0.082680
1.463000 1.125000 0.084120
1.538000 1.125000 0.085380
1.613000 1.125000 0.086420
1.688000 1.125000 0.087240
1.763000 1.125000 0.087830
1.838000 1.125000 0.088180
1.913000 1.125000 0.088300
1.988000 1.125000 0.088190
2.063000 1.125000 0.087850
2.138000 1.125000 0.087290
2.213000 1.125000 0.086530
2.288000 1.125000 0.085590
2.363000 1.125000 0.084480
2.438000 1.125000 0.083220
2.513000 1.125000 0.081840
2.588000 1.125000 0.080370
2.663000 1.125000 0.078810
2.738000 1.125000 0.077200
2.813000 1.125000 0.075570
2.888000 1.125000 0.073930
2.963000 1.125000 0.072310
3.038000 1.125000 0.070730
3.113000 1.125000 0.069210
3.188000 1.125000 0.067780
3.263000 1.125000 0.066450
3.338000 1.125000 0.065230
3.413000 1.125000 0.064160
3.488000 1.125000 0.063240
3.563000 1.125000 0.062490
3.638000 1.125000 0.061920
3.713000 1.125000 0.061530
3.788000 1.125000 0.061340
3.863000 1.125000 0.000000
-0.037500 1.275000 0.000000
0.037500 1.275000 0.040540
0.112500 1.275000 0.040750
0.187500 1.275000 0.041170
0.262500 1.275000 0.041770
0.337500 1.275000 0.042570
0.412500 1.275000 0.043520
0.487500 1.275000 0.044620
0.562500 1.275000 0.045850
0.637500 1.275000 0.047180
0.712500 1.275000 0.048590
0.787500 1.275000 0.050060
0.862500 1.275000 0.051560
0.937500 1.275000 0.053070
1.012000 1.275000 0.054570
1.087000 1.275000 0.056040
1.163000 1.275000 0.057450
1.238000 1.275000 0.058790
1.313000 1.275000 0.060040
1.388000 1.275000 0.061170
1.463000 1.275000 0.062190
1.538000 1.275000 0.063060
1.613000 1.275000 0.063790
1.688000 1.275000 0.064360
1.763000 1.275000 0.064770
1.838000 1.275000 0.065010
1.913000 1.275000 0.065090
1.988000 1.275000 0.065000
2.063000 1.275000 0.064750
2.138000 1.275000 0.064350
2.213000 1.275000 0.063810
2.288000 1.275000 0.063140
2.363000 1.275000 0.062350
2.438000 1.275000 0.061460
2.513000 1.275000 0.060470
2.588000 1.275000 0.059420
2.663000 1.275000 0.058310
2.738000 1.275000 0.057170
2.813000 1.275000 0.056010
2.888000 1.275000 0.054840
2.963000 1.275000 0.053690
3.038000 1.275000 0.052560
3.113000 1.275000 0.051490
3.188000 1.275000 0.050470
3.263000 1.275000 0.049530
3.338000 1.275000 0.048670
3.413000 1.275000 0.047920
3.488000 1.275000 0.047280
3.563000 1.275000 0.046750
3.638000 1.275000 0.046350
3.713000 1.275000 0.046080
3.788000 1.275000 0.045950
3.863000 1.275000 0.000000
-0.037500 1.425000 0.000000
0.037500 1.425000 0.027310
0.112500 1.425000 0.027430
0.187500 1.425000 0.027680
0.262500 1.425000 0.028040
0.337500 1.425000 0.028520
0.412500 1.425000 0.029090
0.487500 1.425000 0.029750
0.562500 1.425000 0.030490
0.637500 1.425000 0.031290
0.712500 1.425000 0.032140
0.787500 1.425000 0.033020
0.862500 1.425000 0.033930
0.937500 1.425000 0.034850
1.012000 1.425000 0.035750
1.087000 1.425000 0.036640
1.163000 1.425000 0.037500
1.238000 1.425000 0.038310
1.313000 1.425000 0.039070
1.388000 1.425000 0.039750
1.463000 1.425000 0.040370
1.538000 1.425000 0.040890
1.613000 1.425000 0.041330
1.688000 1.425000 0.041670
1.763000 1.425000 0.041920
1.838000 1.425000 0.042060
1.913000 1.425000 0.042100
1.988000 1.425000 0.042040
2.063000 1.425000 0.041880
2.138000 1.425000 0.041630
2.213000 1.425000 0.041300
2.288000 1.425000 0.040880
2.363000 1.425000 0.040390
2.438000 1.425000 0.039840
2.513000 1.425000 0.039230
2.588000 1.425000 0.038580
2.663000 1.425000 0.037890
2.738000 1.425000 0.037190
2.813000 1.425000 0.036470
2.888000 1.425000 0.035750
2.963000 1.425000 0.035030
3.038000 1.425000 0.034340
3.113000 1.425000 0.033680
3.188000 1.425000 0.033050
3.263000 1.425000 0.032470
3.338000 1.425000 0.031950
3.413000 1.425000 0.031490
3.488000 1.425000 0.031100
3.563000 1.425000 0.030780
3.638000 1.425000 0.030530
3.713000 1.425000 0.030370
3.788000 1.425000 0.030290
3.863000 1.425000 0.000000
-0.037500 1.575000 0.000000
0.037500 1.575000 0.018160
0.112500 1.575000 0.018240
0.187500 1.575000 0.018380
0.262500 1.575000 0.018600
0.337500 1.575000 0.018880
0.412500 1.575000 0.019220
0.487500 1.575000 0.019620
0.562500 1.575000 0.020060
0.637500 1.575000 0.020540
0.712500 1.575000 0.021050
0.787500 1.575000 0.021580
0.862500 1.575000 0.022120
0.937500 1.575000 0.022670
1.012000 1.575000 0.023220
1.087000 1.575000 0.023750
1.163000 1.575000 0.024270
1.238000 1.575000 0.024760
1.313000 1.575000 0.025210
1.388000 1.575000 0.025620
1.463000 1.575000 0.025990
1.538000 1.575000 0.026310
1.613000 1.575000 0.026570
1.688000 1.575000 0.026770
1.763000 1.575000 0.026920
1.838000 1.575000 0.027000
1.913000 1.575000 0.027020
1.988000 1.575000 0.026980
2.063000 1.575000 0.026880
2.138000 1.575000 0.026720
2.213000 1.575000 0.026520
2.288000 1.575000 0.026260
2.363000 1.575000 0.025960
2.438000 1.575000 0.025620
2.513000 1.575000 0.025240
2.588000 1.575000 0.024840
2.663000 1.575000 0.024420
2.738000 1.575000 0.023990
2.813000 1.575000 0.023550
2.888000 1.575000 0.023110
2.963000 1.575000 0.022670
3.038000 1.575000 0.022250
3.113000 1.575000 0.021840
3.188000 1.575000 0.021460
3.263000 1.575000 0.021100
3.338000 1.575000 0.020780
3.413000 1.575000 0.020500
3.488000 1.575000 0.020260
3.563000 1.575000 0.020070
3.638000 1.575000 0.019920
3.713000 1.575000 0.019820
3.788000 1.575000 0.019770
3.863000 1.575000 0.000000
-0.037500 1.725000 0.000000
0.037500 1.725000 0.011910
0.112500 1.725000 0.011960
0.187500 1.725000 0.012040
0.262500 1.725000 0.012170
0.337500 1.725000 0.012340
0.412500 1.725000 0.012540
0.487500 1.725000 0.012770
0.562500 1.725000 0.013030
0.637500 1.725000 0.013320
0.712500 1.725000 0.013620
0.787500 1.725000 0.013940
0.862500 1.725000 0.014260
0.937500 1.725000 0.014590
1.012000 1.725000 0.014910
1.087000 1.725000 0.015230
1.163000 1.725000 0.015540
1.238000 1.725000 0.015830
1.313000 1.725000 0.016100
1.388000 1.725000 0.016340
1.463000 1.725000 0.016560
1.538000 1.725000 0.016750
1.613000 1.725000 0.016910
1.688000 1.725000 0.017030
1.763000 1.725000 0.017110
1.838000 1.725000 0.017160
1.913000 1.725000 0.017170
1.988000 1.725000 0.017140
2.063000 1.725000 0.017080
2.138000 1.725000 0.016980
2.213000 1.725000 0.016850
2.288000 1.725000 0.016700
2.363000 1.725000 0.016510
2.438000 1.725000 0.016310
2.513000 1.725000 0.016080
2.588000 1.725000 0.015840
2.663000 1.725000 0.015580
2.738000 1.725000 0.015320
2.813000 1.725000 0.015050
2.888000 1.725000 0.014780
2.963000 1.725000 0.014510
3.038000 1.725000 0.014260
3.113000 1.725000 0.014010
3.188000 1.725000 0.013780
3.263000 1.725000 0.013560
3.338000 1.725000 0.013370
3.413000 1.725000 0.013200
3.488000 1.725000 0.013050
3.563000 1.725000 0.012940
3.638000 1.725000 0.012850
3.713000 1.725000 0.012780
3.788000 1.725000 0.012750
3.863000 1.725000 0.000000
-0.037500 1.875000 0.000000
0.037500 1.875000 0.007666
0.112500 1.875000 0.007691
0.187500 1.875000 0.007741
0.262500 1.875000 0.007815
0.337500 1.875000 0.007911
0.412500 1.875000 0.008029
0.487500 1.875000 0.008165
0.562500 1.875000 0.008317
0.637500 1.875000 0.008483
0.712500 1.875000 0.008660
0.787500 1.875000 0.008845
0.862500 1.875000 0.009035
0.937500 1.875000 0.009227
1.012000 1.875000 0.009418
1.087000 1.875000 0.009605
1.163000 1.875000 0.009784
1.238000 1.875000 0.009955
1.313000 1.875000 0.010110
1.388000 1.875000 0.010260
1.463000 1.875000 0.010380
1.538000 1.875000 0.010490
1.613000 1.875000 0.010580
1.688000 1.875000 0.010650
1.763000 1.875000 0.010700
1.838000 1.875000 0.010730
1.913000 1.875000 0.010730
1.988000 1.875000 0.010720
2.063000 1.875000 0.010680
2.138000 1.875000 0.010620
2.213000 1.875000 0.010540
2.288000 1.875000 0.010450
2.363000 1.875000 0.010340
2.438000 1.875000 0.010210
2.513000 1.875000 0.010080
2.588000 1.875000 0.009930
2.663000 1.875000 0.009777
2.738000 1.875000 0.009619
2.813000 1.875000 0.009459
2.888000 1.875000 0.009298
2.963000 1.875000 0.009140
3.038000 1.875000 0.008986
3.113000 1.875000 0.008839
3.188000 1.875000 0.008701
3.263000 1.875000 0.008573
3.338000 1.875000 0.008457
3.413000 1.875000 0.008356
3.488000 1.875000 0.008269
3.563000 1.875000 0.008197
3.638000 1.875000 0.008143
3.713000 1.875000 0.008107
3.788000 1.875000 0.008088
3.863000 1.875000 0.000000
-0.037500 2.025000 0.000000
0.037500 2.025000 0.004774
0.112500 2.025000 0.004788
0.187500 2.025000 0.004816
0.262500 2.025000 0.004858
0.337500 2.025000 0.004912
0.412500 2.025000 0.004977
0.487500 2.025000 0.005054
0.562500 2.025000 0.005139
0.637500 2.025000 0.005233
0.712500 2.025000 0.005332
0.787500 2.025000 0.005436
0.862500 2.025000 0.005543
0.937500 2.025000 0.005651
1.012000 2.025000 0.005759
1.087000 2.025000 0.005864
1.163000 2.025000 0.005965
1.238000 2.025000 0.006061
1.313000 2.025000 0.006150
1.388000 2.025000 0.006231
1.463000 2.025000 0.006302
1.538000 2.025000 0.006363
1.613000 2.025000 0.006414
1.688000 2.025000 0.006452
1.763000 2.025000 0.006479
1.838000 2.025000 0.006493
1.913000 2.025000 0.006494
1.988000 2.025000 0.006483
2.063000 2.025000 0.006461
2.138000 2.025000 0.006426
2.213000 2.025000 0.006381
2.288000 2.025000 0.006326
2.363000 2.025000 0.006263
2.438000 2.025000 0.006191
2.513000 2.025000 0.006112
2.588000 2.025000 0.006028
2.663000 2.025000 0.005940
2.738000 2.025000 0.005849
2.813000 2.025000 0.005757
2.888000 2.025000 0.005665
2.963000 2.025000 0.005574
3.038000 2.025000 0.005486
3.113000 2.025000 0.005401
3.188000 2.025000 0.005322
3.263000 2.025000 0.005248
3.338000 2.025000 0.005182
3.413000 2.025000 0.005123
3.488000 2.025000 0.005073
3.563000 2.025000 0.005032
3.638000 2.025000 0.005001
3.713000 2.025000 0.004980
3.788000 2.025000 0.004969
3.863000 2.025000 0.000000
-0.037500 2.175000 0.000000
0.037500 2.175000 0.002773
0.112500 2.175000 0.002780
0.187500 2.175000 0.002793
0.262500 2.175000 0.002814
0.337500 2.175000 0.002841
0.412500 2.175000 0.002873
0.487500 2.175000 0.002911
0.562500 2.175000 0.002954
0.637500 2.175000 0.003001
0.712500 2.175000 0.003050
0.787500 2.175000 0.003102
0.862500 2.175000 0.003155
0.937500 2.175000 0.003209
1.012000 2.175000 0.003263
1.087000 2.175000 0.003315
1.163000 2.175000 0.003366
1.238000 2.175000 0.003414
1.313000 2.175000 0.003458
1.388000 2.175000 0.003498
1.463000 2.175000 0.003533
1.538000 2.175000 0.003564
1.613000 2.175000 0.003588
1.688000 2.175000 0.003607
1.763000 2.175000 0.003620
1.838000 2.175000 0.003626
1.913000 2.175000 0.003626
1.988000 2.175000 0.003619
2.063000 2.175000 0.003607
2.138000 2.175000 0.003589
2.213000 2.175000 0.003565
2.288000 2.175000 0.003536
2.363000 2.175000 0.003503
2.438000 2.175000 0.003466
2.513000 2.175000 0.003425
2.588000 2.175000 0.003382
2.663000 2.175000 0.003336
2.738000 2.175000 0.003290
2.813000 2.175000 0.003242
2.888000 2.175000 0.003194
2.963000 2.175000 0.003148
3.038000 2.175000 0.003102
3.113000 2.175000 0.003059
3.188000 2.175000 0.003018
3.263000 2.175000 0.002981
3.338000 2.175000 0.002947
3.413000 2.175000 0.002917
3.488000 2.175000 0.002891
3.563000 2.175000 0.002870
3.638000 2.175000 0.002854
3.713000 2.175000 0.002843
3.788000 2.175000 0.002838
3.863000 2.175000 0.000000
-0.037500 2.325000 0.000000
0.037500 2.325000 0.001805
0.112500 2.325000 0.001809
0.187500 2.325000 0.001816
0.262500 2.325000 0.001826
0.337500 2.325000 0.001840
0.412500 2.325000 0.001857
0.487500 2.325000 0.001877
0.562500 2.325000 0.001899
0.637500 2.325000 0.001923
0.712500 2.325000 0.001949
0.787500 2.325000 0.001976
0.862500 2.325000 0.002003
0.937500 2.325000 0.002031
1.012000 2.325000 0.002059
1.087000 2.325000 0.002086
1.163000 2.325000 0.002112
1.238000 2.325000 0.002137
1.313000 2.325000 0.002159
1.388000 2.325000 0.002180
1.463000 2.325000 0.002198
1.538000 2.325000 0.002213
1.613000 2.325000 0.002226
1.688000 2.325000 0.002235
1.763000 2.325000 0.002241
1.838000 2.325000 0.002243
1.913000 2.325000 0.002242
1.988000 2.325000 0.002238
2.063000 2.325000 0.002231
2.138000 2.325000 0.002220
2.213000 2.325000 0.002207
2.288000 2.325000 0.002191
2.363000 2.325000 0.002172
2.438000 2.325000 0.002152
2.513000 2.325000 0.002129
2.588000 2.325000 0.002105
2.663000 2.325000 0.002080
2.738000 2.325000 0.002055
2.813000 2.325000 0.002029
2.888000 2.325000 0.002003
2.963000 2.325000 0.001978
3.038000 2.325000 0.001953
3.113000 2.325000 0.001929
3.188000 2.325000 0.001907
3.263000 2.325000 0.001887
3.338000 2.325000 0.001868
3.413000 2.325000 0.001852
3.488000 2.325000 0.001838
3.563000 2.325000 0.001827
3.638000 2.325000 0.001819
3.713000 2.325000 0.001813
3.788000 2.325000 0.001810
3.863000 2.325000 0.000000
-0.037500 2.475000 0.000000
0.037500 2.475000 0.001429
0.112500 2.475000 0.001432
0.187500 2.475000 0.001437
0.262500 2.475000 0.001444
0.337500 2.475000 0.001454
0.412500 2.475000 0.001465
0.487500 2.475000 0.001479
0.562500 2.475000 0.001494
0.637500 2.475000 0.001511
0.712500 2.475000 0.001529
0.787500 2.475000 0.001547
0.862500 2.475000 0.001566
0.937500 2.475000 0.001586
1.012000 2.475000 0.001605
1.087000 2.475000 0.001624
1.163000 2.475000 0.001642
1.238000 2.475000 0.001658
1.313000 2.475000 0.001674
1.388000 2.475000 0.001688
1.463000 2.475000 0.001701
1.538000 2.475000 0.001711
1.613000 2.475000 0.001719
1.688000 2.475000 0.001725
1.763000 2.475000 0.001729
1.838000 2.475000 0.001730
1.913000 2.475000 0.001729
1.988000 2.475000 0.001726
2.063000 2.475000 0.001721
2.138000 2.475000 0.001713
2.213000 2.475000 0.001703
2.288000 2.475000 0.001691
2.363000 2.475000 0.001678
2.438000 2.475000 0.001663
2.513000 2.475000 0.001647
2.588000 2.475000 0.001630
2.663000 2.475000 0.001612
2.738000 2.475000 0.001594
2.813000 2.475000 0.001575
2.888000 2.475000 0.001557
2.963000 2.475000 0.001538
3.038000 2.475000 0.001521
3.113000 2.475000 0.001504
3.188000 2.475000 0.001488
3.263000 2.475000 0.001474
3.338000 2.475000 0.001461
3.413000 2.475000 0.001450
3.488000 2.475000 0.001440
3.563000 2.475000 0.001432
3.638000 2.475000 0.001426
3.713000 2.475000 0.001422
3.788000 2.475000 0.001420
3.863000 2.475000 0.000000
-0.037500 2.625000 0.000000
0.037500 2.625000 0.001145
0.112500 2.625000 0.001147
0.187500 2.625000 0.001150
0.262500 2.625000 0.001156
0.337500 2.625000 0.001162
0.412500 2.625000 0.001171
0.487500 2.625000 0.001181
0.562500 2.625000 0.001191
0.637500 2.625000 0.001203
0.712500 2.625000 0.001216
0.787500 2.625000 0.001229
0.862500 2.625000 0.001243
0.937500 2.625000 0.001257
1.012000 2.625000 0.001270
1.087000 2.625000 0.001283
1.163000 2.625000 0.001296
1.238000 2.625000 0.001308
1.313000 2.625000 0.001319
1.388000 2.625000 0.001329
1.463000 2.625000 0.001338
1.538000 2.625000 0.001345
1.613000 2.625000 0.001351
1.688000 2.625000 0.001355
1.763000 2.625000 0.001357
1.838000 2.625000 0.001358
1.913000 2.625000 0.001357
1.988000 2.625000 0.001355
2.063000 2.625000 0.001350
2.138000 2.625000 0.001345
2.213000 2.625000 0.001337
2.288000 2.625000 0.001329
2.363000 2.625000 0.001319
2.438000 2.625000 0.001308
2.513000 2.625000 0.001296
2.588000 2.625000 0.001283
2.663000 2.625000 0.001270
2.738000 2.625000 0.001257
2.813000 2.625000 0.001243
2.888000 2.625000 0.001229
2.963000 2.625000 0.001216
3.038000 2.625000 0.001203
3.113000 2.625000 0.001191
3.188000 2.625000 0.001180
3.263000 2.625000 0.001169
3.338000 2.625000 0.001160
3.413000 2.625000 0.001152
3.488000 2.625000 0.001145
3.563000 2.625000 0.001139
3.638000 2.625000 0.001135
3.713000 2.625000 0.001132
3.788000 2.625000 0.001130
3.863000 2.625000 0.000000
-0.037500 2.775000 0.000000
0.037500 2.775000 0.000939
0.112500 2.775000 0.000940
0.187500 2.775000 0.000943
0.262500 2.775000 0.000947
0.337500 2.775000 0.000952
0.412500 2.775000 0.000958
0.487500 2.775000 0.000966
0.562500 2.775000 0.000974
0.637500 2.775000 0.000983
0.712500 2.775000 0.000992
0.787500 2.775000 0.001002
0.862500 2.775000 0.001013
0.937500 2.775000 0.001023
1.012000 2.775000 0.001033
1.087000 2.775000 0.001043
1.163000 2.775000 0.001053
1.238000 2.775000 0.001062
1.313000 2.775000 0.001070
1.388000 2.775000 0.001078
1.463000 2.775000 0.001084
1.538000 2.775000 0.001090
1.613000 2.775000 0.001094
1.688000 2.775000 0.001097
1.763000 2.775000 0.001099
1.838000 2.775000 0.001099
1.913000 2.775000 0.001098
1.988000 2.775000 0.001096
2.063000 2.775000 0.001093
2.138000 2.775000 0.001088
2.213000 2.775000 0.001082
2.288000 2.775000 0.001076
2.363000 2.775000 0.001068
2.438000 2.775000 0.001059
2.513000 2.775000 0.001050
2.588000 2.775000 0.001041
2.663000 2.775000 0.001030
2.738000 2.775000 0.001020
2.813000 2.775000 0.001010
2.888000 2.775000 0.000999
2.963000 2.775000 0.000989
3.038000 2.775000 0.000979
3.113000 2.775000 0.000970
3.188000 2.775000 0.000961
3.263000 2.775000 0.000953
3.338000 2.775000 0.000946
3.413000 2.775000 0.000940
3.488000 2.775000 0.000934
3.563000 2.775000 0.000930
3.638000 2.775000 0.000927
3.713000 2.775000 0.000925
3.788000 2.775000 0.000924
3.863000 2.775000 0.000000
-0.037500 2.925000 0.000000
0.037500 2.925000 0.000659
0.112500 2.925000 0.000660
0.187500 2.925000 0.000662
0.262500 2.925000 0.000665
0.337500 2.925000 0.000668
0.412500 2.925000 0.000672
0.487500 2.925000 0.000677
0.562500 2.925000 0.000683
0.637500 2.925000 0.000689
0.712500 2.925000 0.000695
0.787500 2.925000 0.000702
0.862500 2.925000 0.000709
0.937500 2.925000 0.000716
1.012000 2.925000 0.000723
1.087000 2.925000 0.000730
1.163000 2.925000 0.000736
1.238000 2.925000 0.000742
1.313000 2.925000 0.000748
1.388000 2.925000 0.000753
1.463000 2.925000 0.000757
1.538000 2.925000 0.000761
1.613000 2.925000 0.000764
1.688000 2.925000 0.000766
1.763000 2.925000 0.000767
1.838000 2.925000 0.000767
1.913000 2.925000 0.000767
1.988000 2.925000 0.000765
2.063000 2.925000 0.000763
2.138000 2.925000 0.000760
2.213000 2.925000 0.000756
2.288000 2.925000 0.000751
2.363000 2.925000 0.000746
2.438000 2.925000 0.000740
2.513000 2.925000 0.000734
2.588000 2.925000 0.000727
2.663000 2.925000 0.000721
2.738000 2.925000 0.000713
2.813000 2.925000 0.000706
2.888000 2.925000 0.000699
2.963000 2.925000 0.000692
3.038000 2.925000 0.000686
3.113000 2.925000 0.000679
3.188000 2.925000 0.000674
3.263000 2.925000 0.000668
3.338000 2.925000 0.000664
3.413000 2.925000 0.000660
3.488000 2.925000 0.000656
3.563000 2.925000 0.000653
3.638000 2.925000 0.000651
3.713000 2.925000 0.000650
3.788000 2.925000 0.000649
3.863000 2.925000 0.000000
-0.037500 3.075000 0.000000
0.037500 3.075000 0.000400
0.112500 3.075000 0.000400
0.187500 3.075000 0.000401
0.262500 3.075000 0.000403
0.337500 3.075000 0.000405
0.412500 3.075000 0.000408
0.487500 3.075000 0.000410
0.562500 3.075000 0.000414
0.637500 3.075000 0.000417
0.712500 3.075000 0.000421
0.787500 3.075000 0.000425
0.862500 3.075000 0.000429
0.937500 3.075000 0.000433
1.012000 3.075000 0.000437
1.087000 3.075000 0.000441
1.163000 3.075000 0.000444
1.238000 3.075000 0.000448
1.313000 3.075000 0.000451
1.388000 3.075000 0.000454
1.463000 3.075000 0.000456
1.538000 3.075000 0.000458
1.613000 3.075000 0.000460
1.688000 3.075000 0.000461
1.763000 3.075000 0.000462
1.838000 3.075000 0.000462
1.913000 3.075000 0.000462
1.988000 3.075000 0.000461
2.063000 3.075000 0.000459
2.138000 3.075000 0.000458
2.213000 3.075000 0.000455
2.288000 3.075000 0.000453
2.363000 3.075000 0.000450
2.438000 3.075000 0.000446
2.513000 3.075000 0.000443
2.588000 3.075000 0.000439
2.663000 3.075000 0.000435
2.738000 3.075000 0.000431
2.813000 3.075000 0.000427
2.888000 3.075000 0.000423
2.963000 3.075000 0.000419
3.038000 3.075000 0.000415
3.113000 3.075000 0.000411
3.188000 3.075000 0.000408
3.263000 3.075000 0.000405
3.338000 3.075000 0.000402
3.413000 3.075000 0.000400
3.488000 3.075000 0.000398
3.563000 3.075000 0.000396
3.638000 3.075000 0.000395
3.713000 3.075000 0.000394
3.788000 3.075000 0.000394
3.863000 3.075000 0.000000
-0.037500 3.225000 0.000000
0.037500 3.225000 0.000241
0.112500 3.225000 0.000241
0.187500 3.225000 0.000242
0.262500 3.225000 0.000243
0.337500 3.225000 0.000244
0.412500 3.225000 0.000245
0.487500 3.225000 0.000247
0.562500 3.225000 0.000249
0.637500 3.225000 0.000251
0.712500 3.225000 0.000253
0.787500 3.225000 0.000255
0.862500 3.225000 0.000257
0.937500 3.225000 0.000260
1.012000 3.225000 0.000262
1.087000 3.225000 0.000264
1.163000 3.225000 0.000266
1.238000 3.225000 0.000268
1.313000 3.225000 0.000270
1.388000 3.225000 0.000272
1.463000 3.225000 0.000273
1.538000 3.225000 0.000274
1.613000 3.225000 0.000275
1.688000 3.225000 0.000276
1.763000 3.225000 0.000276
1.838000 3.225000 0.000276
1.913000 3.225000 0.000276
1.988000 3.225000 0.000276
2.063000 3.225000 0.000275
2.138000 3.225000 0.000274
2.213000 3.225000 0.000272
2.288000 3.225000 0.000271
2.363000 3.225000 0.000269
2.438000 3.225000 0.000267
2.513000 3.225000 0.000265
2.588000 3.225000 0.000263
2.663000 3.225000 0.000261
2.738000 3.225000 0.000258
2.813000 3.225000 0.000256
2.888000 3.225000 0.000254
2.963000 3.225000 0.000251
3.038000 3.225000 0.000249
3.113000 3.225000 0.000247
3.188000 3.225000 0.000245
3.263000 3.225000 0.000243
3.338000 3.225000 0.000242
3.413000 3.225000 0.000240
3.488000 3.225000 0.000239
3.563000 3.225000 0.000238
3.638000 3.225000 0.000238
3.713000 3.225000 0.000237
3.788000 3.225000 0.000237
3.863000 3.225000 0.000000
-0.037500 3.375000 0.000000
0.037500 3.375000 0.000144
0.112500 3.375000 0.000144
0.187500 3.375000 0.000144
0.262500 3.375000 0.000145
0.337500 3.375000 0.000146
0.412500 3.375000 0.000146
0.487500 3.375000 0.000147
0.562500 3.375000 0.000148
0.637500 3.375000 0.000150
0.712500 3.375000 0.000151
0.787500 3.375000 0.000152
0.862500 3.375000 0.000153
0.937500 3.375000 0.000155
1.012000 3.375000 0.000156
1.087000 3.375000 0.000157
1.163000 3.375000 0.000158
1.238000 3.375000 0.000160
1.313000 3.375000 0.000161
1.388000 3.375000 0.000161
1.463000 3.375000 0.000162
1.538000 3.375000 0.000163
1.613000 3.375000 0.000163
1.688000 3.375000 0.000164
1.763000 3.375000 0.000164
1.838000 3.375000 0.000164
1.913000 3.375000 0.000164
1.988000 3.375000 0.000164
2.063000 3.375000 0.000163
2.138000 3.375000 0.000163
2.213000 3.375000 0.000162
2.288000 3.375000 0.000161
2.363000 3.375000 0.000160
2.438000 3.375000 0.000159
2.513000 3.375000 0.000158
2.588000 3.375000 0.000156
2.663000 3.375000 0.000155
2.738000 3.375000 0.000154
2.813000 3.375000 0.000152
2.888000 3.375000 0.000151
2.963000 3.375000 0.000150
3.038000 3.375000 0.000148
3.113000 3.375000 0.000147
3.188000 3.375000 0.000146
3.263000 3.375000 0.000145
3.338000 3.375000 0.000144
3.413000 3.375000 0.000144
3.488000 3.375000 0.000143
3.563000 3.375000 0.000142
3.638000 3.375000 0.000142
3.713000 3.375000 0.000142
3.788000 3.375000 0.000142
3.863000 3.375000 0.000000
-0.037500 3.525000 0.000000
0.037500 3.525000 0.000085
0.112500 3.525000 0.000085
0.187500 3.525000 0.000086
0.262500 3.525000 0.000086
0.337500 3.525000 0.000086
0.412500 3.525000 0.000087
0.487500 3.525000 0.000087
0.562500 3.525000 0.000088
0.637500 3.525000 0.000088
0.712500 3.525000 0.000089
0.787500 3.525000 0.000090
0.862500 3.525000 0.000091
0.937500 3.525000 0.000091
1.012000 3.525000 0.000092
1.087000 3.525000 0.000093
1.163000 3.525000 0.000094
1.238000 3.525000 0.000094
1.313000 3.525000 0.000095
1.388000 3.525000 0.000095
1.463000 3.525000 0.000096
1.538000 3.525000 0.000096
1.613000 3.525000 0.000096
1.688000 3.525000 0.000097
1.763000 3.525000 0.000097
1.838000 3.525000 0.000097
1.913000 3.525000 0.000097
1.988000 3.525000 0.000096
2.063000 3.525000 0.000096
2.138000 3.525000 0.000096
2.213000 3.525000 0.000095
2.288000 3.525000 0.000095
2.363000 3.525000 0.000094
2.438000 3.525000 0.000094
2.513000 3.525000 0.000093
2.588000 3.525000 0.000092
2.663000 3.525000 0.000092
2.738000 3.525000 0.000091
2.813000 3.525000 0.000090
2.888000 3.525000 0.000089
2.963000 3.525000 0.000089
3.038000 3.525000 0.000088
3.113000 3.525000 0.000087
3.188000 3.525000 0.000087
3.263000 3.525000 0.000086
3.338000 3.525000 0.000085
3.413000 3.525000 0.000085
3.488000 3.525000 0.000085
3.563000 3.525000 0.000084
3.638000 3.525000 0.000084
3.713000 3.525000 0.000084
3.788000 3.525000 0.000084
3.863000 3.525000 0.000000
-0.037500 3.675000 0.000000
0.037500 3.675000 0.000050
0.112500 3.675000 0.000050
0.187500 3.675000 0.000050
0.262500 3.675000 0.000050
0.337500 3.675000 0.000051
0.412500 3.675000 0.000051
0.487500 3.675000 0.000051
0.562500 3.675000 0.000052
0.637500 3.675000 0.000052
0.712500 3.675000 0.000052
0.787500 3.675000 0.000053
0.862500 3.675000 0.000053
0.937500 3.675000 0.000054
1.012000 3.675000 0.000054
1.087000 3.675000 0.000054
1.163000 3.675000 0.000055
1.238000 3.675000 0.000055
1.313000 3.675000 0.000055
1.388000 3.675000 0.000056
1.463000 3.675000 0.000056
1.538000 3.675000 0.000056
1.613000 3.675000 0.000056
1.688000 3.675000 0.000056
1.763000 3.675000 0.000057
1.838000 3.675000 0.000057
1.913000 3.675000 0.000057
1.988000 3.675000 0.000056
2.063000 3.675000 0.000056
2.138000 3.675000 0.000056
2.213000 3.675000 0.000056
2.288000 3.675000 0.000056
2.363000 3.675000 0.000055
2.438000 3.675000 0.000055
2.513000 3.675000 0.000054
2.588000 3.675000 0.000054
2.663000 3.675000 0.000054
2.738000 3.675000 0.000053
2.813000 3.675000 0.000053
2.888000 3.675000 0.000052
2.963000 3.675000 0.000052
3.038000 3.675000 0.000052
3.113000 3.675000 0.000051
3.188000 3.675000 0.000051
3.263000 3.675000 0.000050
3.338000 3.675000 0.000050
3.413000 3.675000 0.000050
3.488000 3.675000 0.000050
3.563000 3.675000 0.000050
3.638000 3.675000 0.000049
3.713000 3.675000 0.000049
3.788000 3.675000 0.000049
3.863000 3.675000 0.000000
-0.037500 3.825000 0.000000
0.037500 3.825000 0.000029
0.112500 3.825000 0.000029
0.187500 3.825000 0.000029
0.262500 3.825000 0.000029
0.337500 3.825000 0.000029
0.412500 3.825000 0.000030
0.487500 3.825000 0.000030
0.562500 3.825000 0.000030
0.637500 3.825000 0.000030
0.712500 3.825000 0.000030
0.787500 3.825000 0.000031
0.862500 3.825000 0.000031
0.937500 3.825000 0.000031
1.012000 3.825000 0.000031
1.087000 3.825000 0.000032
1.163000 3.825000 0.000032
1.238000 3.825000 0.000032
1.313000 3.825000 0.000032
1.388000 3.825000 0.000032
1.463000 3.825000 0.000032
1.538000 3.825000 0.000033
1.613000 3.825000 0.000033
1.688000 3.825000 0.000033
1.763000 3.825000 0.000033
1.838000 3.825000 0.000033
1.913000 3.825000 0.000033
1.988000 3.825000 0.000033
2.063000 3.825000 0.000033
2.138000 3.825000 0.000032
2.213000 3.825000 0.000032
2.288000 3.825000 0.000032
2.363000 3.825000 0.000032
2.438000 3.825000 0.000032
2.513000 3.825000 0.000032
2.588000 3.825000 0.000031
2.663000 3.825000 0.000031
2.738000 3.825000 0.000031
2.813000 3.825000 0.000031
2.888000 3.825000 0.000030
2.963000 3.825000 0.000030
3.038000 3.825000 0.000030
3.113000 3.825000 0.000030
3.188000 3.825000 0.000030
3.263000 3.825000 0.000029
3.338000 3.825000 0.000029
3.413000 3.825000 0.000029
3.488000 3.825000 0.000029
3.563000 3.825000 0.000029
3.638000 3.825000 0.000029
3.713000 3.825000 0.000029
3.788000 3.825000 0.000029
3.863000 3.825000 0.000000
-0.037500 3.975000 0.000000
0.037500 3.975000 0.000017
0.112500 3.975000 0.000017
0.187500 3.975000 0.000017
0.262500 3.975000 0.000017
0.337500 3.975000 0.000017
0.412500 3.975000 0.000017
0.487500 3.975000 0.000017
0.562500 3.975000 0.000017
0.637500 3.975000 0.000017
0.712500 3.975000 0.000017
0.787500 3.975000 0.000018
0.862500 3.975000 0.000018
0.937500 3.975000 0.000018
1.012000 3.975000 0.000018
1.087000 3.975000 0.000018
1.163000 3.975000 0.000018
1.238000 3.975000 0.000018
1.313000 3.975000 0.000018
1.388000 3.975000 0.000019
1.463000 3.975000 0.000019
1.538000 3.975000 0.000019
1.613000 3.975000 0.000019
1.688000 3.975000 0.000019
1.763000 3.975000 0.000019
1.838000 3.975000 0.000019
1.913000 3.975000 0.000019
1.988000 3.975000 0.000019
2.063000 3.975000 0.000019
2.138000 3.975000 0.000019
2.213000 3.975000 0.000019
2.288000 3.975000 0.000019
2.363000 3.975000 0.000018
2.438000 3.975000 0.000018
2.513000 3.975000 0.000018
2.588000 3.975000 0.000018
2.663000 3.975000 0.000018
2.738000 3.975000 0.000018
2.813000 3.975000 0.000018
2.888000 3.975000 0.000018
2.963000 3.975000 0.000017
3.038000 3.975000 0.000017
3.113000 3.975000 0.000017
3.188000 3.975000 0.000017
3.263000 3.975000 0.000017
3.338000 3.975000 0.000017
3.413000 3.975000 0.000017
3.488000 3.975000 0.000017
3.563000 3.975000 0.000017
3.638000 3.975000 0.000017
3.713000 3.975000 0.000017
3.788000 3.975000 0.000017
3.863000 3.975000 0.000000
-0.037500 4.125000 0.000000
0.037500 4.125000 0.000010
0.112500 4.125000 0.000010
0.187500 4.125000 0.000010
0.262500 4.125000 0.000010
0.337500 4.125000 0.000010
0.412500 4.125000 0.000010
0.487500 4.125000 0.000010
0.562500 4.125000 0.000010
0.637500 4.125000 0.000010
0.712500 4.125000 0.000010
0.787500 4.125000 0.000010
0.862500 4.125000 0.000010
0.937500 4.125000 0.000010
1.012000 4.125000 0.000010
1.087000 4.125000 0.000010
1.163000 4.125000 0.000010
1.238000 4.125000 0.000010
1.313000 4.125000 0.000011
1.388000 4.125000 0.000011
1.463000 4.125000 0.000011
1.538000 4.125000 0.000011
1.613000 4.125000 0.000011
1.688000 4.125000 0.000011
1.763000 4.125000 0.000011
1.838000 4.125000 0.000011
1.913000 4.125000 0.000011
1.988000 4.125000 0.000011
2.063000 4.125000 0.000011
2.138000 4.125000 0.000011
2.213000 4.125000 0.000011
2.288000 4.125000 0.000011
2.363000 4.125000 0.000010
2.438000 4.125000 0.000010
2.513000 4.125000 0.000010
2.588000 4.125000 0.000010
2.663000 4.125000 0.000010
2.738000 4.125000 0.000010
2.813000 4.125000 0.000010
2.888000 4.125000 0.000010
2.963000 4.125000 0.000010
3.038000 4.125000 0.000010
3.113000 4.125000 0.000010
3.188000 4.125000 0.000010
3.263000 4.125000 0.000010
3.338000 4.125000 0.000010
3.413000 4.125000 0.000010
3.488000 4.125000 0.000010
3.563000 4.125000 0.000010
3.638000 4.125000 0.000009
3.713000 4.125000 0.000009
3.788000 4.125000 0.000009
3.863000 4.125000 0.000000
-0.037500 4.275000 0.000000
0.037500 4.275000 0.000005
0.112500 4.275000 0.000005
0.187500 4.275000 0.000005
0.262500 4.275000 0.000005
0.337500 4.275000 0.000005
0.412500 4.275000 0.000006
0.487500 4.275000 0.000006
0.562500 4.275000 0.000006
0.637500 4.275000 0.000006
0.712500 4.275000 0.000006
0.787500 4.275000 0.000006
0.862500 4.275000 0.000006
0.937500 4.275000 0.000006
1.012000 4.275000 0.000006
1.087000 4.275000 0.000006
1.163000 4.275000 0.000006
1.238000 4.275000 0.000006
1.313000 4.275000 0.000006
1.388000 4.275000 0.000006
1.463000 4.275000 0.000006
1.538000 4.275000 0.000006
1.613000 4.275000 0.000006
1.688000 4.275000 0.000006
1.763000 4.275000 0.000006
1.838000 4.275000 0.000006
1.913000 4.275000 0.000006
1.988000 4.275000 0.000006
2.063000 4.275000 0.000006
2.138000 4.275000 0.000006
2.213000 4.275000 0.000006
2.288000 4.275000 0.000006
2.363000 4.275000 0.000006
2.438000 4.275000 0.000006
2.513000 4.275000 0.000006
2.588000 4.275000 0.000006
2.663000 4.275000 0.000006
2.738000 4.275000 0.000006
2.813000 4.275000 0.000006
2.888000 4.275000 0.000006
2.963000 4.275000 0.000006
3.038000 4.275000 0.000006
3.113000 4.275000 0.000006
3.188000 4.275000 0.000006
3.263000 4.275000 0.000005
3.338000 4.275000 0.000005
3.413000 4.275000 0.000005
3.488000 4.275000 0.000005
3.563000 4.275000 0.000005
3.638000 4.275000 0.000005
3.713000 4.275000 0.000005
3.788000 4.275000 0.000005
3.863000 4.275000 0.000000
-0.037500 4.425000 0.000000
0.037500 4.425000 0.000003
0.112500 4.425000 0.000003
0.187500 4.425000 0.000003
0.262500 4.425000 0.000003
0.337500 4.425000 0.000003
0.412500 4.425000 0.000003
0.487500 4.425000 0.000003
0.562500 4.425000 0.000003
0.637500 4.425000 0.000003
0.712500 4.425000 0.000003
0.787500 4.425000 0.000003
0.862500 4.425000 0.000003
0.937500 4.425000 0.000003
1.012000 4.425000 0.000003
1.087000 4.425000 0.000003
1.163000 4.425000 0.000003
1.238000 4.425000 0.000003
1.313000 4.425000 0.000003
1.388000 4.425000 0.000003
1.463000 4.425000 0.000003
1.538000 4.425000 0.000003
1.613000 4.425000 0.000003
1.688000 4.425000 0.000003
1.763000 4.425000 0.000003
1.838000 4.425000 0.000003
1.913000 4.425000 0.000003
1.988000 4.425000 0.000003
2.063000 4.425000 0.000003
2.138000 4.425000 0.000003
2.213000 4.425000 0.000003
2.288000 4.425000 0.000003
2.363000 4.425000 0.000003
2.438000 4.425000 0.000003
2.513000 4.425000 0.000003
2.588000 4.425000 0.000003
2.663000 4.425000 0.000003
2.738000 4.425000 0.000003
2.813000 4.425000 0.000003
2.888000 4.425000 0.000003
2.963000 4.425000 0.000003
3.038000 4.425000 0.000003
3.113000 4.425000 0.000003
3.188000 4.425000 0.000003
3.263000 4.425000 0.000003
3.338000 4.425000 0.000003
3.413000 4.425000 0.000003
3.488000 4.425000 0.000003
3.563000 4.425000 0.000003
3.638000 4.425000 0.000003
3.713000 4.425000 0.000003
3.788000 4.425000 0.000003
3.863000 4.425000 0.000000
-0.037500 4.575000 0.000000
0.037500 4.575000 0.000002
0.112500 4.575000 0.000002
0.187500 4.575000 0.000002
0.262500 4.575000 0.000002
0.337500 4.575000 0.000002
0.412500 4.575000 0.000002
0.487500 4.575000 0.000002
0.562500 4.575000 0.000002
0.637500 4.575000 0.000002
0.712500 4.575000 0.000002
0.787500 4.575000 0.000002
0.862500 4.575000 0.000002
0.937500 4.575000 0.000002
1.012000 4.575000 0.000002
1.087000 4.575000 0.000002
1.163000 4.575000 0.000002
1.238000 4.575000 0.000002
1.313000 4.575000 0.000002
1.388000 4.575000 0.000002
1.463000 4.575000 0.000002
1.538000 4.575000 0.000002
1.613000 4.575000 0.000002
1.688000 4.575000 0.000002
1.763000 4.575000 0.000002
1.838000 4.575000 0.000002
1.913000 4.575000 0.000002
1.988000 4.575000 0.000002
2.063000 4.575000 0.000002
2.138000 4.575000 0.000002
2.213000 4.575000 0.000002
2.288000 4.575000 0.000002
2.363000 4.575000 0.000002
2.438000 4.575000 0.000002
2.513000 4.575000 0.000002
2.588000 4.575000 0.000002
2.663000 4.575000 0.000002
2.738000 4.575000 0.000002
2.813000 4.575000 0.000002
2.888000 4.575000 0.000002
2.963000 4.575000 0.000002
3.038000 4.575000 0.000002
3.113000 4.575000 0.000002
3.188000 4.575000 0.000002
3.263000 4.575000 0.000002
3.338000 4.575000 0.000002
3.413000 4.575000 0.000002
3.488000 4.575000 0.000002
3.563000 4.575000 0.000002
3.638000 4.575000 0.000002
3.713000 4.575000 0.000002
3.788000 4.575000 0.000002
3.863000 4.575000 0.000000
-0.037500 4.725000 0.000000
0.037500 4.725000 0.000001
0.112500 4.725000 0.000001
0.187500 4.725000 0.000001
0.262500 4.725000 0.000001
0.337500 4.725000 0.000001
0.412500 4.725000 0.000001
0.487500 4.725000 0.000001
0.562500 4.725000 0.000001
0.637500 4.725000 0.000001
0.712500 4.725000 0.000001
0.787500 4.725000 0.000001
0.862500 4.725000 0.000001
0.937500 4.725000 0.000001
1.012000 4.725000 0.000001
1.087000 4.725000 0.000001
1.163000 4.725000 0.000001
1.238000 4.725000 0.000001
1.313000 4.725000 0.000001
1.388000 4.725000 0.000001
1.463000 4.725000 0.000001
1.538000 4.725000 0.000001
1.613000 4.725000 0.000001
1.688000 4.725000 0.000001
1.763000 4.725000 0.000001
1.838000 4.725000 0.000001
1.913000 4.725000 0.000001
1.988000 4.725000 0.000001
2.063000 4.725000 0.000001
2.138000 4.725000 0.000001
2.213000 4.725000 0.000001
2.288000 4.725000 0.000001
2.363000 4.725000 0.000001
2.438000 4.725000 0.000001
2.513000 4.725000 0.000001
2.588000 4.725000 0.000001
2.663000 4.725000 0.000001
2.738000 4.725000 0.000001
2.813000 4.725000 0.000001
2.888000 4.725000 0.000001
2.963000 4.725000 0.000001
3.038000 4.725000 0.000001
3.113000 4.725000 0.000001
3.188000 4.725000 0.000001
3.263000 4.725000 0.000001
3.338000 4.725000 0.000001
3.413000 4.725000 0.000001
3.488000 4.725000 0.000001
3.563000 4.725000 0.000001
3.638000 4.725000 0.000001
3.713000 4.725000 0.000001
3.788000 4.725000 0.000001
3.863000 4.725000 0.000000
-0.037500 4.875000 0.000000
0.037500 4.875000 0.000001
0.112500 4.875000 0.000001
0.187500 4.875000 0.000001
0.262500 4.875000 0.000001
0.337500 4.875000 0.000001
0.412500 4.875000 0.000001
0.487500 4.875000 0.000001
0.562500 4.875000 0.000001
0.637500 4.875000 0.000001
0.712500 4.875000 0.000001
0.787500 4.875000 0.000001
0.862500 4.875000 0.000001
0.937500 4.875000 0.000001
1.012000 4.875000 0.000001
1.087000 4.875000 0.000001
1.163000 4.875000 0.000001
1.238000 4.875000 0.000001
1.313000 4.875000 0.000001
1.388000 4.875000 0.000001
1.463000 4.875000 0.000001
1.538000 4.875000 0.000001
1.613000 4.875000 0.000001
1.688000 4.875000 0.000001
1.763000 4.875000 0.000001
1.838000 4.875000 0.000001
1.913000 4.875000 0.000001
1.988000 4.875000 0.000001
2.063000 4.875000 0.000001
2.138000 4.875000 0.000001
2.213000 4.875000 0.000001
2.288000 4.875000 0.000001
2.363000 4.875000 0.000001
2.438000 4.875000 0.000001
2.513000 4.875000 0.000001
2.588000 4.875000 0.000001
2.663000 4.875000 0.000001
2.738000 4.875000 0.000001
2.813000 4.875000 0.000001
2.888000 4.875000 0.000001
2.963000 4.875000 0.000001
3.038000 4.875000 0.000001
3.113000 4.875000 0.000001
3.188000 4.875000 0.000001
3.263000 4.875000 0.000001
3.338000 4.875000 0.000001
3.413000 4.875000 0.000001
3.488000 4.875000 0.000001
3.563000 4.875000 0.000001
3.638000 4.875000 0.000001
3.713000 4.875000 0.000001
3.788000 4.875000 0.000001
3.863000 4.875000 0.000000
-0.037500 5.025000 0.000000
0.037500 5.025000 0.000000
0.112500 5.025000 0.000000
0.187500 5.025000 0.000000
0.262500 5.025000 0.000000
0.337500 5.025000 0.000000
0.412500 5.025000 0.000000
0.487500 5.025000 0.000000
0.562500 5.025000 0.000000
0.637500 5.025000 0.000000
0.712500 5.025000 0.000000
0.787500 5.025000 0.000000
0.862500 5.025000 0.000000
0.937500 5.025000 0.000000
1.012000 5.025000 0.000000
1.087000 5.025000 0.000000
1.163000 5.025000 0.000000
1.238000 5.025000 0.000000
1.313000 5.025000 0.000000
1.388000 5.025000 0.000000
1.463000 5.025000 0.000000
1.538000 5.025000 0.000000
1.613000 5.025000 0.000000
1.688000 5.025000 0.000000
1.763000 5.025000 0.000000
1.838000 5.025000 0.000000
1.913000 5.025000 0.000000
1.988000 5.025000 0.000000
2.063000 5.025000 0.000000
2.138000 5.025000 0.000000
2.213000 5.025000 0.000000
2.288000 5.025000 0.000000
2.363000 5.025000 0.000000
2.438000 5.025000 0.000000
2.513000 5.025000 0.000000
2.588000 5.025000 0.000000
2.663000 5.025000 0.000000
2.738000 5.025000 0.000000
2.813000 5.025000 0.000000
2.888000 5.025000 0.000000
2.963000 5.025000 0.000000
3.038000 5.025000 0.000000
3.113000 5.025000 0.000000
3.188000 5.025000 0.000000
3.263000 5.025000 0.000000
3.338000 5.025000 0.000000
3.413000 5.025000 0.000000
3.488000 5.025000 0.000000
3.563000 5.025000 0.000000
3.638000 5.025000 0.000000
3.713000 5.025000 0.000000
3.788000 5.025000 0.000000
3.863000 5.025000 0.000000
-0.037500 5.175000 0.000000
0.037500 5.175000 0.000000
0.112500 5.175000 0.000000
0.187500 5.175000 0.000000
0.262500 5.175000 0.000000
0.337500 5.175000 0.000000
0.412500 5.175000 0.000000
0.487500 5.175000 0.000000
0.562500 5.175000 0.000000
0.637500 5.175000 0.000000
0.712500 5.175000 0.000000
0.787500 5.175000 0.000000
0.862500 5.175000 0.000000
0.937500 5.175000 0.000000
1.012000 5.175000 0.000000
1.087000 5.175000 0.000000
1.163000 5.175000 0.000000
1.238000 5.175000 0.000000
1.313000 5.175000 0.000000
1.388000 5.175000 0.000000
1.463000 5.175000 0.000000
1.538000 5.175000 0.000000
1.613000 5.175000 0.000000
1.688000 5.175000 0.000000
1.763000 5.175000 0.000000
1.838000 5.175000 0.000000
1.913000 5.175000 0.000000
1.988000 5.175000 0.000000
2.063000 5.175000 0.000000
2.138000 5.175000 0.000000
2.213000 5.175000 0.000000
2.288000 5.175000 0.000000
2.363000 5.175000 0.000000
2.438000 5.175000 0.000000
2.513000 5.175000 0.000000
2.588000 5.175000 0.000000
2.663000 5.175000 0.000000
2.738000 5.175000 0.000000
2.813000 5.175000 0.000000
2.888000 5.175000 0.000000
2.963000 5.175000 0.000000
3.038000 5.175000 0.000000
3.113000 5.175000 0.000000
3.188000 5.175000 0.000000
3.263000 5.175000 0.000000
3.338000 5.175000 0.000000
3.413000 5.175000 0.000000
3.488000 5.175000 0.000000
3.563000 5.175000 0.000000
3.638000 5.175000 0.000000
3.713000 5.175000 0.000000
3.788000 5.175000 0.000000
3.863000 5.175000 0.000000
