-0.037500 -0.075000 0.000000
0.037500 -0.075000 0.000000
0.112500 -0.075000 0.000000
0.187500 -0.075000 0.000000
0.262500 -0.075000 0.000000
0.337500 -0.075000 0.000000
0.412500 -0.075000 0.000000
0.487500 -0.075000 0.000000
0.562500 -0.075000 0.000000
0.637500 -0.075000 0.000000
0.712500 -0.075000 0.000000
0.787500 -0.075000 0.000000
0.862500 -0.075000 0.000000
0.937500 -0.075000 0.000000
1.012000 -0.075000 0.000000
1.087000 -0.075000 0.000000
1.163000 -0.075000 0.000000
1.238000 -0.075000 0.000000
1.313000 -0.075000 0.000000
1.388000 -0.075000 0.000000
1.463000 -0.075000 0.000000
1.538000 -0.075000 0.000000
1.613000 -0.075000 0.000000
1.688000 -0.075000 0.000000
1.763000 -0.075000 0.000000
1.838000 -0.075000 0.000000
1.913000 -0.075000 0.000000
1.988000 -0.075000 0.000000
2.063000 -0.075000 0.000000
2.138000 -0.075000 0.000000
2.213000 -0.075000 0.000000
2.288000 -0.075000 0.000000
2.363000 -0.075000 0.000000
2.438000 -0.075000 0.000000
2.513000 -0.075000 0.000000
2.588000 -0.075000 0.000000
2.663000 -0.075000 0.000000
2.738000 -0.075000 0.000000
2.813000 -0.075000 0.000000
2.888000 -0.075000 0.000000
2.963000 -0.075000 0.000000
3.038000 -0.075000 0.000000
3.113000 -0.075000 0.000000
3.188000 -0.075000 0.000000
3.263000 -0.075000 0.000000
3.338000 -0.075000 0.000000
3.413000 -0.075000 0.000000
3.488000 -0.075000 0.000000
3.563000 -0.075000 0.000000
3.638000 -0.075000 0.000000
3.713000 -0.075000 0.000000
3.788000 -0.075000 0.000000
3.863000 -0.075000 0.000000
-0.037500 0.075000 0.000000
0.037500 0.075000 0.024350
0.112500 0.075000 0.048710
0.187500 0.075000 0.073060
0.262500 0.075000 0.097410
0.337500 0.075000 0.121700
0.412500 0.075000 0.146100
0.487500 0.075000 0.170400
0.562500 0.075000 0.194600
0.637500 0.075000 0.218800
0.712500 0.075000 0.242800
0.787500 0.075000 0.266600
0.862500 0.075000 0.290300
0.937500 0.075000 0.313600
1.012000 0.075000 0.336500
1.087000 0.075000 0.358900
1.163000 0.075000 0.380600
1.238000 0.075000 0.401400
1.313000 0.075000 0.421100
1.388000 0.075000 0.439600
1.463000 0.075000 0.456500
1.538000 0.075000 0.471600
1.613000 0.075000 0.484600
1.688000 0.075000 0.495300
1.763000 0.075000 0.503400
1.838000 0.075000 0.508800
1.913000 0.075000 0.511400
1.988000 0.075000 0.511200
2.063000 0.075000 0.508300
2.138000 0.075000 0.502900
2.213000 0.075000 0.495200
2.288000 0.075000 0.485600
2.363000 0.075000 0.474400
2.438000 0.075000 0.462000
2.513000 0.075000 0.448600
2.588000 0.075000 0.434600
2.663000 0.075000 0.420300
2.738000 0.075000 0.405800
2.813000 0.075000 0.391400
2.888000 0.075000 0.377100
2.963000 0.075000 0.363200
3.038000 0.075000 0.349600
3.113000 0.075000 0.336400
3.188000 0.075000 0.323700
3.263000 0.075000 0.311500
3.338000 0.075000 0.299800
3.413000 0.075000 0.288600
3.488000 0.075000 0.277900
3.563000 0.075000 0.267600
3.638000 0.075000 0.257900
3.713000 0.075000 0.248600
3.788000 0.075000 0.239700
3.863000 0.075000 0.000000
-0.037500 0.225000 0.000000
0.037500 0.225000 0.024350
0.112500 0.225000 0.048710
0.187500 0.225000 0.073060
0.262500 0.225000 0.097410
0.337500 0.225000 0.121700
0.412500 0.225000 0.146100
0.487500 0.225000 0.170400
0.562500 0.225000 0.194600
0.637500 0.225000 0.218800
0.712500 0.225000 0.242800
0.787500 0.225000 0.266600
0.862500 0.225000 0.290300
0.937500 0.225000 0.313600
1.012000 0.225000 0.336500
1.087000 0.225000 0.358900
1.163000 0.225000 0.380600
1.238000 0.225000 0.401400
1.313000 0.225000 0.421100
1.388000 0.225000 0.439600
1.463000 0.225000 0.456500
1.538000 0.225000 0.471600
1.613000 0.225000 0.484600
1.688000 0.225000 0.495300
1.763000 0.225000 0.503400
1.838000 0.225000 0.508800
1.913000 0.225000 0.511400
1.988000 0.225000 0.511200
2.063000 0.225000 0.508300
2.138000 0.225000 0.502900
2.213000 0.225000 0.495200
2.288000 0.225000 0.485600
2.363000 0.225000 0.474400
2.438000 0.225000 0.462000
2.513000 0.225000 0.448600
2.588000 0.225000 0.434600
2.663000 0.225000 0.420300
2.738000 0.225000 0.405800
2.813000 0.225000 0.391400
2.888000 0.225000 0.377100
2.963000 0.225000 0.363200
3.038000 0.225000 0.349600
3.113000 0.225000 0.336400
3.188000 0.225000 0.323700
3.263000 0.225000 0.311500
3.338000 0.225000 0.299800
3.413000 0.225000 0.288600
3.488000 0.225000 0.277900
3.563000 0.225000 0.267600
3.638000 0.225000 0.257900
3.713000 0.225000 0.248600
3.788000 0.225000 0.239700
3.863000 0.225000 0.000000
-0.037500 0.375000 0.000000
0.037500 0.375000 0.244000
0.112500 0.375000 0.250800
0.187500 0.375000 0.261700
0.262500 0.375000 0.275300
0.337500 0.375000 0.290800
0.412500 0.375000 0.307600
0.487500 0.375000 0.325400
0.562500 0.375000 0.343800
0.637500 0.375000 0.362700
0.712500 0.375000 0.381900
0.787500 0.375000 0.401200
0.862500 0.375000 0.420500
0.937500 0.375000 0.439500
1.012000 0.375000 0.458300
1.087000 0.375000 0.476600
1.163000 0.375000 0.494300
1.238000 0.375000 0.511100
1.313000 0.375000 0.527000
1.388000 0.375000 0.541600
1.463000 0.375000 0.554900
1.538000 0.375000 0.566500
1.613000 0.375000 0.576500
1.688000 0.375000 0.584400
1.763000 0.375000 0.590400
1.838000 0.375000 0.594100
1.913000 0.375000 0.595700
1.988000 0.375000 0.595100
2.063000 0.375000 0.592400
2.138000 0.375000 0.587700
2.213000 0.375000 0.581200
2.288000 0.375000 0.573200
2.363000 0.375000 0.563800
2.438000 0.375000 0.553300
2.513000 0.375000 0.541900
2.588000 0.375000 0.529900
2.663000 0.375000 0.517400
2.738000 0.375000 0.504700
2.813000 0.375000 0.492000
2.888000 0.375000 0.479300
2.963000 0.375000 0.466800
3.038000 0.375000 0.454600
3.113000 0.375000 0.442800
3.188000 0.375000 0.431500
3.263000 0.375000 0.420600
3.338000 0.375000 0.410400
3.413000 0.375000 0.400900
3.488000 0.375000 0.392200
3.563000 0.375000 0.384300
3.638000 0.375000 0.377600
3.713000 0.375000 0.372300
3.788000 0.375000 0.369200
3.863000 0.375000 0.000000
-0.037500 0.525000 0.000000
0.037500 0.525000 0.396300
0.112500 0.525000 0.399200
0.187500 0.525000 0.404600
0.262500 0.525000 0.412000
0.337500 0.525000 0.421100
0.412500 0.525000 0.431500
0.487500 0.525000 0.442900
0.562500 0.525000 0.455200
0.637500 0.525000 0.468000
0.712500 0.525000 0.481200
0.787500 0.525000 0.494800
0.862500 0.525000 0.508400
0.937500 0.525000 0.521900
1.012000 0.525000 0.535300
1.087000 0.525000 0.548300
1.163000 0.525000 0.560800
1.238000 0.525000 0.572700
1.313000 0.525000 0.583800
1.388000 0.525000 0.593900
1.463000 0.525000 0.603000
1.538000 0.525000 0.610900
1.613000 0.525000 0.617500
1.688000 0.525000 0.622600
1.763000 0.525000 0.626300
1.838000 0.525000 0.628400
1.913000 0.525000 0.629000
1.988000 0.525000 0.628100
2.063000 0.525000 0.625600
2.138000 0.525000 0.621800
2.213000 0.525000 0.616700
2.288000 0.525000 0.610500
2.363000 0.525000 0.603200
2.438000 0.525000 0.595000
2.513000 0.525000 0.586200
2.588000 0.525000 0.576900
2.663000 0.525000 0.567100
2.738000 0.525000 0.557100
2.813000 0.525000 0.547000
2.888000 0.525000 0.536900
2.963000 0.525000 0.527000
3.038000 0.525000 0.517300
3.113000 0.525000 0.508000
3.188000 0.525000 0.499100
3.263000 0.525000 0.490700
3.338000 0.525000 0.482900
3.413000 0.525000 0.475800
3.488000 0.525000 0.469500
3.563000 0.525000 0.464100
3.638000 0.525000 0.459800
3.713000 0.525000 0.456700
3.788000 0.525000 0.455100
3.863000 0.525000 0.000000
-0.037500 0.675000 0.000000
0.037500 0.675000 0.473000
0.112500 0.675000 0.474500
0.187500 0.675000 0.477400
0.262500 0.675000 0.481700
0.337500 0.675000 0.487100
0.412500 0.675000 0.493600
0.487500 0.675000 0.500900
0.562500 0.675000 0.509000
0.637500 0.675000 0.517600
0.712500 0.675000 0.526600
0.787500 0.675000 0.536000
0.862500 0.675000 0.545400
0.937500 0.675000 0.554900
1.012000 0.675000 0.564300
1.087000 0.675000 0.573400
1.163000 0.675000 0.582100
1.238000 0.675000 0.590300
1.313000 0.675000 0.598000
1.388000 0.675000 0.604900
1.463000 0.675000 0.611000
1.538000 0.675000 0.616300
1.613000 0.675000 0.620500
1.688000 0.675000 0.623800
1.763000 0.675000 0.625900
1.838000 0.675000 0.627000
1.913000 0.675000 0.626900
1.988000 0.675000 0.625800
2.063000 0.675000 0.623600
2.138000 0.675000 0.620500
2.213000 0.675000 0.616400
2.288000 0.675000 0.611400
2.363000 0.675000 0.605700
2.438000 0.675000 0.599300
2.513000 0.675000 0.592400
2.588000 0.675000 0.585100
2.663000 0.675000 0.577500
2.738000 0.675000 0.569600
2.813000 0.675000 0.561700
2.888000 0.675000 0.553700
2.963000 0.675000 0.545900
3.038000 0.675000 0.538300
3.113000 0.675000 0.531000
3.188000 0.675000 0.524000
3.263000 0.675000 0.517600
3.338000 0.675000 0.511700
3.413000 0.675000 0.506400
3.488000 0.675000 0.501800
3.563000 0.675000 0.498100
3.638000 0.675000 0.495100
3.713000 0.675000 0.493200
3.788000 0.675000 0.492200
3.863000 0.675000 0.000000
-0.037500 0.825000 0.000000
0.037500 0.825000 0.494500
0.112500 0.825000 0.495700
0.187500 0.825000 0.497900
0.262500 0.825000 0.501300
0.337500 0.825000 0.505600
0.412500 0.825000 0.510700
0.487500 0.825000 0.516600
0.562500 0.825000 0.523200
0.637500 0.825000 0.530200
0.712500 0.825000 0.537700
0.787500 0.825000 0.545400
0.862500 0.825000 0.553300
0.937500 0.825000 0.561200
1.012000 0.825000 0.569000
1.087000 0.825000 0.576600
1.163000 0.825000 0.583800
1.238000 0.825000 0.590700
1.313000 0.825000 0.597000
1.388000 0.825000 0.602700
1.463000 0.825000 0.607700
1.538000 0.825000 0.612000
1.613000 0.825000 0.615400
1.688000 0.825000 0.617900
1.763000 0.825000 0.619500
1.838000 0.825000 0.620200
1.913000 0.825000 0.619900
1.988000 0.825000 0.618700
2.063000 0.825000 0.616700
2.138000 0.825000 0.613700
2.213000 0.825000 0.610000
2.288000 0.825000 0.605500
2.363000 0.825000 0.600400
2.438000 0.825000 0.594800
2.513000 0.825000 0.588600
2.588000 0.825000 0.582100
2.663000 0.825000 0.575300
2.738000 0.825000 0.568300
2.813000 0.825000 0.561300
2.888000 0.825000 0.554200
2.963000 0.825000 0.547300
3.038000 0.825000 0.540500
3.113000 0.825000 0.534000
3.188000 0.825000 0.527900
3.263000 0.825000 0.522200
3.338000 0.825000 0.517100
3.413000 0.825000 0.512500
3.488000 0.825000 0.508600
3.563000 0.825000 0.505300
3.638000 0.825000 0.502900
3.713000 0.825000 0.501200
3.788000 0.825000 0.500400
3.863000 0.825000 0.000000
-0.037500 0.975000 0.000000
0.037500 0.975000 0.502500
0.112500 0.975000 0.503500
0.187500 0.975000 0.505400
0.262500 0.975000 0.508100
0.337500 0.975000 0.511700
0.412500 0.975000 0.516000
0.487500 0.975000 0.520900
0.562500 0.975000 0.526400
0.637500 0.975000 0.532400
0.712500 0.975000 0.538700
0.787500 0.975000 0.545300
0.862500 0.975000 0.552000
0.937500 0.975000 0.558800
1.012000 0.975000 0.565400
1.087000 0.975000 0.571900
1.163000 0.975000 0.578100
1.238000 0.975000 0.584000
1.313000 0.975000 0.589300
1.388000 0.975000 0.594200
1.463000 0.975000 0.598400
1.538000 0.975000 0.601900
1.613000 0.975000 0.604700
1.688000 0.975000 0.606700
1.763000 0.975000 0.608000
1.838000 0.975000 0.608400
1.913000 0.975000 0.608000
1.988000 0.975000 0.606800
2.063000 0.975000 0.604800
2.138000 0.975000 0.602000
2.213000 0.975000 0.598600
2.288000 0.975000 0.594500
2.363000 0.975000 0.589900
2.438000 0.975000 0.584700
2.513000 0.975000 0.579200
2.588000 0.975000 0.573300
2.663000 0.975000 0.567100
2.738000 0.975000 0.560800
2.813000 0.975000 0.554400
2.888000 0.975000 0.548000
2.963000 0.975000 0.541800
3.038000 0.975000 0.535700
3.113000 0.975000 0.529800
3.188000 0.975000 0.524300
3.263000 0.975000 0.519300
3.338000 0.975000 0.514600
3.413000 0.975000 0.510600
3.488000 0.975000 0.507100
3.563000 0.975000 0.504300
3.638000 0.975000 0.502100
3.713000 0.975000 0.500700
3.788000 0.975000 0.500000
3.863000 0.975000 0.000000
-0.037500 1.125000 0.000000
0.037500 1.125000 0.499300
0.112500 1.125000 0.500100
0.187500 1.125000 0.501700
0.262500 1.125000 0.504100
0.337500 1.125000 0.507300
0.412500 1.125000 0.511000
0.487500 1.125000 0.515400
0.562500 1.125000 0.520300
0.637500 1.125000 0.525600
0.712500 1.125000 0.531200
0.787500 1.125000 0.537000
0.862500 1.125000 0.543000
0.937500 1.125000 0.549000
1.012000 1.125000 0.554900
1.087000 1.125000 0.560700
1.163000 1.125000 0.566200
1.238000 1.125000 0.571400
1.313000 1.125000 0.576100
1.388000 1.125000 0.580400
1.463000 1.125000 0.584100
1.538000 1.125000 0.587200
1.613000 1.125000 0.589600
1.688000 1.125000 0.591300
1.763000 1.125000 0.592300
1.838000 1.125000 0.592600
1.913000 1.125000 0.592100
1.988000 1.125000 0.590900
2.063000 1.125000 0.589000
2.138000 1.125000 0.586400
2.213000 1.125000 0.583200
2.288000 1.125000 0.579400
2.363000 1.125000 0.575000
2.438000 1.125000 0.570300
2.513000 1.125000 0.565100
2.588000 1.125000 0.559600
2.663000 1.125000 0.553900
2.738000 1.125000 0.548100
2.813000 1.125000 0.542200
2.888000 1.125000 0.536300
2.963000 1.125000 0.530500
3.038000 1.125000 0.524800
3.113000 1.125000 0.519500
3.188000 1.125000 0.514400
3.263000 1.125000 0.509700
3.338000 1.125000 0.505500
3.413000 1.125000 0.501800
3.488000 1.125000 0.498600
3.563000 1.125000 0.496000
3.638000 1.125000 0.494100
3.713000 1.125000 0.492800
3.788000 1.125000 0.492100
3.863000 1.125000 0.000000
-0.037500 1.275000 0.000000
0.037500 1.275000 0.473400
0.112500 1.275000 0.474100
0.187500 1.275000 0.475500
0.262500 1.275000 0.477600
0.337500 1.275000 0.480300
0.412500 1.275000 0.483600
0.487500 1.275000 0.487400
0.562500 1.275000 0.491700
0.637500 1.275000 0.496300
0.712500 1.275000 0.501200
0.787500 1.275000 0.506300
0.862500 1.275000 0.511600
0.937500 1.275000 0.516800
1.012000 1.275000 0.522000
1.087000 1.275000 0.527100
1.163000 1.275000 0.531900
1.238000 1.275000 0.536500
1.313000 1.275000 0.540600
1.388000 1.275000 0.544400
1.463000 1.275000 0.547600
1.538000 1.275000 0.550300
1.613000 1.275000 0.552300
1.688000 1.275000 0.553800
1.763000 1.275000 0.554600
1.838000 1.275000 0.554800
1.913000 1.275000 0.554200
1.988000 1.275000 0.553100
2.063000 1.275000 0.551300
2.138000 1.275000 0.548900
2.213000 1.275000 0.546000
2.288000 1.275000 0.542500
2.363000 1.275000 0.538600
2.438000 1.275000 0.534200
2.513000 1.275000 0.529500
2.588000 1.275000 0.524600
2.663000 1.275000 0.519400
2.738000 1.275000 0.514100
2.813000 1.275000 0.508800
2.888000 1.275000 0.503400
2.963000 1.275000 0.498200
3.038000 1.275000 0.493100
3.113000 1.275000 0.488300
3.188000 1.275000 0.483700
3.263000 1.275000 0.479500
3.338000 1.275000 0.475700
3.413000 1.275000 0.472300
3.488000 1.275000 0.469500
3.563000 1.275000 0.467200
3.638000 1.275000 0.465400
3.713000 1.275000 0.464300
3.788000 1.275000 0.463700
3.863000 1.275000 0.000000
-0.037500 1.425000 0.000000
0.037500 1.425000 0.423100
0.112500 1.425000 0.423700
0.187500 1.425000 0.424800
0.262500 1.425000 0.426500
0.337500 1.425000 0.428700
0.412500 1.425000 0.431300
0.487500 1.425000 0.434400
0.562500 1.425000 0.437800
0.637500 1.425000 0.441500
0.712500 1.425000 0.445400
0.787500 1.425000 0.449600
0.862500 1.425000 0.453800
0.937500 1.425000 0.458000
1.012000 1.425000 0.462200
1.087000 1.425000 0.466300
1.163000 1.425000 0.470100
1.238000 1.425000 0.473800
1.313000 1.425000 0.477100
1.388000 1.425000 0.480100
1.463000 1.425000 0.482600
1.538000 1.425000 0.484700
1.613000 1.425000 0.486300
1.688000 1.425000 0.487400
1.763000 1.425000 0.488000
1.838000 1.425000 0.488000
1.913000 1.425000 0.487500
1.988000 1.425000 0.486500
2.063000 1.425000 0.484900
2.138000 1.425000 0.482900
2.213000 1.425000 0.480400
2.288000 1.425000 0.477400
2.363000 1.425000 0.474100
2.438000 1.425000 0.470400
2.513000 1.425000 0.466500
2.588000 1.425000 0.462300
2.663000 1.425000 0.458000
2.738000 1.425000 0.453600
2.813000 1.425000 0.449100
2.888000 1.425000 0.444600
2.963000 1.425000 0.440200
3.038000 1.425000 0.436000
3.113000 1.425000 0.431900
3.188000 1.425000 0.428100
3.263000 1.425000 0.424600
3.338000 1.425000 0.421500
3.413000 1.425000 0.418700
3.488000 1.425000 0.416300
3.563000 1.425000 0.414400
3.638000 1.425000 0.412900
3.713000 1.425000 0.412000
3.788000 1.425000 0.411500
3.863000 1.425000 0.000000
-0.037500 1.575000 0.000000
0.037500 1.575000 0.367300
0.112500 1.575000 0.367700
0.187500 1.575000 0.368600
0.262500 1.575000 0.369900
0.337500 1.575000 0.371600
0.412500 1.575000 0.373700
0.487500 1.575000 0.376100
0.562500 1.575000 0.378700
0.637500 1.575000 0.381600
0.712500 1.575000 0.384700
0.787500 1.575000 0.387900
0.862500 1.575000 0.391200
0.937500 1.575000 0.394500
1.012000 1.575000 0.397800
1.087000 1.575000 0.401000
1.163000 1.575000 0.404000
1.238000 1.575000 0.406800
1.313000 1.575000 0.409400
1.388000 1.575000 0.411700
1.463000 1.575000 0.413700
1.538000 1.575000 0.415300
1.613000 1.575000 0.416500
1.688000 1.575000 0.417300
1.763000 1.575000 0.417700
1.838000 1.575000 0.417600
1.913000 1.575000 0.417100
1.988000 1.575000 0.416200
2.063000 1.575000 0.414900
2.138000 1.575000 0.413200
2.213000 1.575000 0.411100
2.288000 1.575000 0.408700
2.363000 1.575000 0.405900
2.438000 1.575000 0.402900
2.513000 1.575000 0.399700
2.588000 1.575000 0.396300
2.663000 1.575000 0.392800
2.738000 1.575000 0.389200
2.813000 1.575000 0.385500
2.888000 1.575000 0.381900
2.963000 1.575000 0.378300
3.038000 1.575000 0.374900
3.113000 1.575000 0.371600
3.188000 1.575000 0.368500
3.263000 1.575000 0.365700
3.338000 1.575000 0.363100
3.413000 1.575000 0.360900
3.488000 1.575000 0.358900
3.563000 1.575000 0.357400
3.638000 1.575000 0.356200
3.713000 1.575000 0.355400
3.788000 1.575000 0.355000
3.863000 1.575000 0.000000
-0.037500 1.725000 0.000000
0.037500 1.725000 0.310100
0.112500 1.725000 0.310500
0.187500 1.725000 0.311100
0.262500 1.725000 0.312100
0.337500 1.725000 0.313400
0.412500 1.725000 0.315000
0.487500 1.725000 0.316800
0.562500 1.725000 0.318800
0.637500 1.725000 0.321000
0.712500 1.725000 0.323300
0.787500 1.725000 0.325800
0.862500 1.725000 0.328200
0.937500 1.725000 0.330800
1.012000 1.725000 0.333200
1.087000 1.725000 0.335600
1.163000 1.725000 0.337900
1.238000 1.725000 0.340000
1.313000 1.725000 0.342000
1.388000 1.725000 0.343700
1.463000 1.725000 0.345100
1.538000 1.725000 0.346300
1.613000 1.725000 0.347200
1.688000 1.725000 0.347700
1.763000 1.725000 0.348000
1.838000 1.725000 0.347900
1.913000 1.725000 0.347400
1.988000 1.725000 0.346700
2.063000 1.725000 0.345600
2.138000 1.725000 0.344200
2.213000 1.725000 0.342500
2.288000 1.725000 0.340600
2.363000 1.725000 0.338400
2.438000 1.725000 0.336000
2.513000 1.725000 0.333400
2.588000 1.725000 0.330800
2.663000 1.725000 0.328000
2.738000 1.725000 0.325100
2.813000 1.725000 0.322200
2.888000 1.725000 0.319400
2.963000 1.725000 0.316600
3.038000 1.725000 0.313800
3.113000 1.725000 0.311300
3.188000 1.725000 0.308800
3.263000 1.725000 0.306600
3.338000 1.725000 0.304600
3.413000 1.725000 0.302800
3.488000 1.725000 0.301300
3.563000 1.725000 0.300100
3.638000 1.725000 0.299200
3.713000 1.725000 0.298600
3.788000 1.725000 0.298300
3.863000 1.725000 0.000000
-0.037500 1.875000 0.000000
0.037500 1.875000 0.254700
0.112500 1.875000 0.254900
0.187500 1.875000 0.255400
0.262500 1.875000 0.256100
0.337500 1.875000 0.257000
0.412500 1.875000 0.258200
0.487500 1.875000 0.259500
0.562500 1.875000 0.261000
0.637500 1.875000 0.262600
0.712500 1.875000 0.264300
0.787500 1.875000 0.266000
0.862500 1.875000 0.267800
0.937500 1.875000 0.269700
1.012000 1.875000 0.271500
1.087000 1.875000 0.273200
1.163000 1.875000 0.274800
1.238000 1.875000 0.276400
1.313000 1.875000 0.277800
1.388000 1.875000 0.279000
1.463000 1.875000 0.280000
1.538000 1.875000 0.280800
1.613000 1.875000 0.281400
1.688000 1.875000 0.281800
1.763000 1.875000 0.281900
1.838000 1.875000 0.281800
1.913000 1.875000 0.281400
1.988000 1.875000 0.280800
2.063000 1.875000 0.279900
2.138000 1.875000 0.278800
2.213000 1.875000 0.277500
2.288000 1.875000 0.276000
2.363000 1.875000 0.274300
2.438000 1.875000 0.272500
2.513000 1.875000 0.270500
2.588000 1.875000 0.268500
2.663000 1.875000 0.266300
2.738000 1.875000 0.264200
2.813000 1.875000 0.262000
2.888000 1.875000 0.259800
2.963000 1.875000 0.257700
3.038000 1.875000 0.255600
3.113000 1.875000 0.253600
3.188000 1.875000 0.251800
3.263000 1.875000 0.250100
3.338000 1.875000 0.248600
3.413000 1.875000 0.247300
3.488000 1.875000 0.246100
3.563000 1.875000 0.245200
3.638000 1.875000 0.244500
3.713000 1.875000 0.244000
3.788000 1.875000 0.243800
3.863000 1.875000 0.000000
-0.037500 2.025000 0.000000
0.037500 2.025000 0.202800
0.112500 2.025000 0.203000
0.187500 2.025000 0.203300
0.262500 2.025000 0.203800
0.337500 2.025000 0.204500
0.412500 2.025000 0.205200
0.487500 2.025000 0.206100
0.562500 2.025000 0.207100
0.637500 2.025000 0.208200
0.712500 2.025000 0.209400
0.787500 2.025000 0.210600
0.862500 2.025000 0.211800
0.937500 2.025000 0.213100
1.012000 2.025000 0.214300
1.087000 2.025000 0.215400
1.163000 2.025000 0.216500
1.238000 2.025000 0.217600
1.313000 2.025000 0.218500
1.388000 2.025000 0.219300
1.463000 2.025000 0.220000
1.538000 2.025000 0.220500
1.613000 2.025000 0.220900
1.688000 2.025000 0.221100
1.763000 2.025000 0.221100
1.838000 2.025000 0.220900
1.913000 2.025000 0.220600
1.988000 2.025000 0.220100
2.063000 2.025000 0.219500
2.138000 2.025000 0.218600
2.213000 2.025000 0.217700
2.288000 2.025000 0.216600
2.363000 2.025000 0.215300
2.438000 2.025000 0.214000
2.513000 2.025000 0.212600
2.588000 2.025000 0.211100
2.663000 2.025000 0.209500
2.738000 2.025000 0.208000
2.813000 2.025000 0.206400
2.888000 2.025000 0.204800
2.963000 2.025000 0.203300
3.038000 2.025000 0.201800
3.113000 2.025000 0.200400
3.188000 2.025000 0.199100
3.263000 2.025000 0.197900
3.338000 2.025000 0.196800
3.413000 2.025000 0.195800
3.488000 2.025000 0.195000
3.563000 2.025000 0.194300
3.638000 2.025000 0.193900
3.713000 2.025000 0.193500
3.788000 2.025000 0.193400
3.863000 2.025000 0.000000
-0.037500 2.175000 0.000000
0.037500 2.175000 0.155800
0.112500 2.175000 0.155900
0.187500 2.175000 0.156100
0.262500 2.175000 0.156400
0.337500 2.175000 0.156800
0.412500 2.175000 0.157200
0.487500 2.175000 0.157800
0.562500 2.175000 0.158400
0.637500 2.175000 0.159000
0.712500 2.175000 0.159700
0.787500 2.175000 0.160400
0.862500 2.175000 0.161100
0.937500 2.175000 0.161900
1.012000 2.175000 0.162600
1.087000 2.175000 0.163300
1.163000 2.175000 0.163900
1.238000 2.175000 0.164500
1.313000 2.175000 0.165000
1.388000 2.175000 0.165500
1.463000 2.175000 0.165800
1.538000 2.175000 0.166100
1.613000 2.175000 0.166300
1.688000 2.175000 0.166300
1.763000 2.175000 0.166300
1.838000 2.175000 0.166100
1.913000 2.175000 0.165900
1.988000 2.175000 0.165500
2.063000 2.175000 0.165000
2.138000 2.175000 0.164400
2.213000 2.175000 0.163800
2.288000 2.175000 0.163000
2.363000 2.175000 0.162200
2.438000 2.175000 0.161300
2.513000 2.175000 0.160300
2.588000 2.175000 0.159300
2.663000 2.175000 0.158300
2.738000 2.175000 0.157300
2.813000 2.175000 0.156300
2.888000 2.175000 0.155200
2.963000 2.175000 0.154200
3.038000 2.175000 0.153300
3.113000 2.175000 0.152300
3.188000 2.175000 0.151500
3.263000 2.175000 0.150700
3.338000 2.175000 0.150000
3.413000 2.175000 0.149400
3.488000 2.175000 0.148800
3.563000 2.175000 0.148400
3.638000 2.175000 0.148100
3.713000 2.175000 0.147900
3.788000 2.175000 0.147800
3.863000 2.175000 0.000000
-0.037500 2.325000 0.000000
0.037500 2.325000 0.128000
0.112500 2.325000 0.128000
0.187500 2.325000 0.128100
0.262500 2.325000 0.128300
0.337500 2.325000 0.128500
0.412500 2.325000 0.128800
0.487500 2.325000 0.129100
0.562500 2.325000 0.129500
0.637500 2.325000 0.129900
0.712500 2.325000 0.130300
0.787500 2.325000 0.130700
0.862500 2.325000 0.131100
0.937500 2.325000 0.131600
1.012000 2.325000 0.132000
1.087000 2.325000 0.132400
1.163000 2.325000 0.132700
1.238000 2.325000 0.133000
1.313000 2.325000 0.133300
1.388000 2.325000 0.133600
1.463000 2.325000 0.133700
1.538000 2.325000 0.133900
1.613000 2.325000 0.133900
1.688000 2.325000 0.133900
1.763000 2.325000 0.133800
1.838000 2.325000 0.133600
1.913000 2.325000 0.133400
1.988000 2.325000 0.133100
2.063000 2.325000 0.132800
2.138000 2.325000 0.132300
2.213000 2.325000 0.131800
2.288000 2.325000 0.131300
2.363000 2.325000 0.130700
2.438000 2.325000 0.130100
2.513000 2.325000 0.129400
2.588000 2.325000 0.128700
2.663000 2.325000 0.128000
2.738000 2.325000 0.127300
2.813000 2.325000 0.126600
2.888000 2.325000 0.125900
2.963000 2.325000 0.125200
3.038000 2.325000 0.124600
3.113000 2.325000 0.123900
3.188000 2.325000 0.123400
3.263000 2.325000 0.122800
3.338000 2.325000 0.122300
3.413000 2.325000 0.121900
3.488000 2.325000 0.121600
3.563000 2.325000 0.121300
3.638000 2.325000 0.121100
3.713000 2.325000 0.120900
3.788000 2.325000 0.120900
3.863000 2.325000 0.000000
-0.037500 2.475000 0.000000
0.037500 2.475000 0.115500
0.112500 2.475000 0.115600
0.187500 2.475000 0.115700
0.262500 2.475000 0.115800
0.337500 2.475000 0.116000
0.412500 2.475000 0.116200
0.487500 2.475000 0.116400
0.562500 2.475000 0.116700
0.637500 2.475000 0.117000
0.712500 2.475000 0.117300
0.787500 2.475000 0.117600
0.862500 2.475000 0.117900
0.937500 2.475000 0.118200
1.012000 2.475000 0.118500
1.087000 2.475000 0.118800
1.163000 2.475000 0.119100
1.238000 2.475000 0.119300
1.313000 2.475000 0.119500
1.388000 2.475000 0.119700
1.463000 2.475000 0.119800
1.538000 2.475000 0.119900
1.613000 2.475000 0.119900
1.688000 2.475000 0.119800
1.763000 2.475000 0.119700
1.838000 2.475000 0.119600
1.913000 2.475000 0.119400
1.988000 2.475000 0.119100
2.063000 2.475000 0.118800
2.138000 2.475000 0.118400
2.213000 2.475000 0.118000
2.288000 2.475000 0.117600
2.363000 2.475000 0.117100
2.438000 2.475000 0.116500
2.513000 2.475000 0.116000
2.588000 2.475000 0.115400
2.663000 2.475000 0.114800
2.738000 2.475000 0.114200
2.813000 2.475000 0.113700
2.888000 2.475000 0.113100
2.963000 2.475000 0.112500
3.038000 2.475000 0.112000
3.113000 2.475000 0.111500
3.188000 2.475000 0.111000
3.263000 2.475000 0.110500
3.338000 2.475000 0.110200
3.413000 2.475000 0.109800
3.488000 2.475000 0.109500
3.563000 2.475000 0.109300
3.638000 2.475000 0.109100
3.713000 2.475000 0.109000
3.788000 2.475000 0.108900
3.863000 2.475000 0.000000
-0.037500 2.625000 0.000000
0.037500 2.625000 0.104600
0.112500 2.625000 0.104700
0.187500 2.625000 0.104800
0.262500 2.625000 0.104900
0.337500 2.625000 0.105000
0.412500 2.625000 0.105200
0.487500 2.625000 0.105300
0.562500 2.625000 0.105600
0.637500 2.625000 0.105800
0.712500 2.625000 0.106000
0.787500 2.625000 0.106300
0.862500 2.625000 0.106500
0.937500 2.625000 0.106800
1.012000 2.625000 0.107000
1.087000 2.625000 0.107200
1.163000 2.625000 0.107400
1.238000 2.625000 0.107600
1.313000 2.625000 0.107700
1.388000 2.625000 0.107800
1.463000 2.625000 0.107900
1.538000 2.625000 0.107900
1.613000 2.625000 0.107900
1.688000 2.625000 0.107900
1.763000 2.625000 0.107800
1.838000 2.625000 0.107600
1.913000 2.625000 0.107400
1.988000 2.625000 0.107200
2.063000 2.625000 0.106900
2.138000 2.625000 0.106600
2.213000 2.625000 0.106200
2.288000 2.625000 0.105800
2.363000 2.625000 0.105400
2.438000 2.625000 0.105000
2.513000 2.625000 0.104500
2.588000 2.625000 0.104000
2.663000 2.625000 0.103500
2.738000 2.625000 0.103000
2.813000 2.625000 0.102500
2.888000 2.625000 0.102000
2.963000 2.625000 0.101600
3.038000 2.625000 0.101100
3.113000 2.625000 0.100700
3.188000 2.625000 0.100300
3.263000 2.625000 0.099920
3.338000 2.625000 0.099590
3.413000 2.625000 0.099310
3.488000 2.625000 0.099070
3.563000 2.625000 0.098870
3.638000 2.625000 0.098720
3.713000 2.625000 0.098630
3.788000 2.625000 0.098580
3.863000 2.625000 0.000000
-0.037500 2.775000 0.000000
0.037500 2.775000 0.095330
0.112500 2.775000 0.095350
0.187500 2.775000 0.095410
0.262500 2.775000 0.095500
0.337500 2.775000 0.095610
0.412500 2.775000 0.095750
0.487500 2.775000 0.095900
0.562500 2.775000 0.096080
0.637500 2.775000 0.096260
0.712500 2.775000 0.096460
0.787500 2.775000 0.096660
0.862500 2.775000 0.096860
0.937500 2.775000 0.097060
1.012000 2.775000 0.097250
1.087000 2.775000 0.097430
1.163000 2.775000 0.097590
1.238000 2.775000 0.097720
1.313000 2.775000 0.097840
1.388000 2.775000 0.097920
1.463000 2.775000 0.097970
1.538000 2.775000 0.097980
1.613000 2.775000 0.097960
1.688000 2.775000 0.097900
1.763000 2.775000 0.097810
1.838000 2.775000 0.097670
1.913000 2.775000 0.097490
1.988000 2.775000 0.097270
2.063000 2.775000 0.097020
2.138000 2.775000 0.096740
2.213000 2.775000 0.096420
2.288000 2.775000 0.096070
2.363000 2.775000 0.095700
2.438000 2.775000 0.095300
2.513000 2.775000 0.094890
2.588000 2.775000 0.094470
2.663000 2.775000 0.094030
2.738000 2.775000 0.093600
2.813000 2.775000 0.093170
2.888000 2.775000 0.092750
2.963000 2.775000 0.092340
3.038000 2.775000 0.091940
3.113000 2.775000 0.091570
3.188000 2.775000 0.091220
3.263000 2.775000 0.090910
3.338000 2.775000 0.090620
3.413000 2.775000 0.090380
3.488000 2.775000 0.090170
3.563000 2.775000 0.090000
3.638000 2.775000 0.089870
3.713000 2.775000 0.089790
3.788000 2.775000 0.089740
3.863000 2.775000 0.000000
-0.037500 2.925000 0.000000
0.037500 2.925000 0.079740
0.112500 2.925000 0.079770
0.187500 2.925000 0.079810
0.262500 2.925000 0.079880
0.337500 2.925000 0.079970
0.412500 2.925000 0.080080
0.487500 2.925000 0.080200
0.562500 2.925000 0.080340
0.637500 2.925000 0.080490
0.712500 2.925000 0.080650
0.787500 2.925000 0.080810
0.862500 2.925000 0.080970
0.937500 2.925000 0.081120
1.012000 2.925000 0.081270
1.087000 2.925000 0.081410
1.163000 2.925000 0.081530
1.238000 2.925000 0.081640
1.313000 2.925000 0.081720
1.388000 2.925000 0.081790
1.463000 2.925000 0.081820
1.538000 2.925000 0.081830
1.613000 2.925000 0.081810
1.688000 2.925000 0.081750
1.763000 2.925000 0.081670
1.838000 2.925000 0.081550
1.913000 2.925000 0.081400
1.988000 2.925000 0.081220
2.063000 2.925000 0.081010
2.138000 2.925000 0.080770
2.213000 2.925000 0.080510
2.288000 2.925000 0.080220
2.363000 2.925000 0.079920
2.438000 2.925000 0.079590
2.513000 2.925000 0.079250
2.588000 2.925000 0.078910
2.663000 2.925000 0.078550
2.738000 2.925000 0.078200
2.813000 2.925000 0.077850
2.888000 2.925000 0.077500
2.963000 2.925000 0.077160
3.038000 2.925000 0.076840
3.113000 2.925000 0.076540
3.188000 2.925000 0.076260
3.263000 2.925000 0.076000
3.338000 2.925000 0.075770
3.413000 2.925000 0.075570
3.488000 2.925000 0.075400
3.563000 2.925000 0.075260
3.638000 2.925000 0.075160
3.713000 2.925000 0.075090
3.788000 2.925000 0.075050
3.863000 2.925000 0.000000
-0.037500 3.075000 0.000000
0.037500 3.075000 0.061010
0.112500 3.075000 0.061020
0.187500 3.075000 0.061060
0.262500 3.075000 0.061110
0.337500 3.075000 0.061170
0.412500 3.075000 0.061250
0.487500 3.075000 0.061340
0.562500 3.075000 0.061430
0.637500 3.075000 0.061540
0.712500 3.075000 0.061650
0.787500 3.075000 0.061760
0.862500 3.075000 0.061880
0.937500 3.075000 0.061980
1.012000 3.075000 0.062090
1.087000 3.075000 0.062190
1.163000 3.075000 0.062270
1.238000 3.075000 0.062340
1.313000 3.075000 0.062400
1.388000 3.075000 0.062440
1.463000 3.075000 0.062460
1.538000 3.075000 0.062460
1.613000 3.075000 0.062440
1.688000 3.075000 0.062390
1.763000 3.075000 0.062330
1.838000 3.075000 0.062230
1.913000 3.075000 0.062120
1.988000 3.075000 0.061980
2.063000 3.075000 0.061820
2.138000 3.075000 0.061640
2.213000 3.075000 0.061440
2.288000 3.075000 0.061230
2.363000 3.075000 0.061000
2.438000 3.075000 0.060760
2.513000 3.075000 0.060510
2.588000 3.075000 0.060250
2.663000 3.075000 0.059990
2.738000 3.075000 0.059720
2.813000 3.075000 0.059460
2.888000 3.075000 0.059200
2.963000 3.075000 0.058960
3.038000 3.075000 0.058720
3.113000 3.075000 0.058490
3.188000 3.075000 0.058290
3.263000 3.075000 0.058100
3.338000 3.075000 0.057920
3.413000 3.075000 0.057780
3.488000 3.075000 0.057650
3.563000 3.075000 0.057550
3.638000 3.075000 0.057470
3.713000 3.075000 0.057420
3.788000 3.075000 0.057400
3.863000 3.075000 0.000000
-0.037500 3.225000 0.000000
0.037500 3.225000 0.046200
0.112500 3.225000 0.046220
0.187500 3.225000 0.046240
0.262500 3.225000 0.046270
0.337500 3.225000 0.046320
0.412500 3.225000 0.046370
0.487500 3.225000 0.046440
0.562500 3.225000 0.046510
0.637500 3.225000 0.046580
0.712500 3.225000 0.046660
0.787500 3.225000 0.046740
0.862500 3.225000 0.046810
0.937500 3.225000 0.046890
1.012000 3.225000 0.046960
1.087000 3.225000 0.047030
1.163000 3.225000 0.047090
1.238000 3.225000 0.047130
1.313000 3.225000 0.047170
1.388000 3.225000 0.047200
1.463000 3.225000 0.047210
1.538000 3.225000 0.047200
1.613000 3.225000 0.047180
1.688000 3.225000 0.047150
1.763000 3.225000 0.047090
1.838000 3.225000 0.047020
1.913000 3.225000 0.046930
1.988000 3.225000 0.046830
2.063000 3.225000 0.046710
2.138000 3.225000 0.046580
2.213000 3.225000 0.046430
2.288000 3.225000 0.046270
2.363000 3.225000 0.046100
2.438000 3.225000 0.045920
2.513000 3.225000 0.045740
2.588000 3.225000 0.045550
2.663000 3.225000 0.045350
2.738000 3.225000 0.045160
2.813000 3.225000 0.044970
2.888000 3.225000 0.044780
2.963000 3.225000 0.044600
3.038000 3.225000 0.044420
3.113000 3.225000 0.044260
3.188000 3.225000 0.044110
3.263000 3.225000 0.043970
3.338000 3.225000 0.043840
3.413000 3.225000 0.043730
3.488000 3.225000 0.043640
3.563000 3.225000 0.043570
3.638000 3.225000 0.043510
3.713000 3.225000 0.043470
3.788000 3.225000 0.043450
3.863000 3.225000 0.000000
-0.037500 3.375000 0.000000
0.037500 3.375000 0.034670
0.112500 3.375000 0.034670
0.187500 3.375000 0.034690
0.262500 3.375000 0.034720
0.337500 3.375000 0.034750
0.412500 3.375000 0.034780
0.487500 3.375000 0.034830
0.562500 3.375000 0.034880
0.637500 3.375000 0.034930
0.712500 3.375000 0.034980
0.787500 3.375000 0.035030
0.862500 3.375000 0.035090
0.937500 3.375000 0.035140
1.012000 3.375000 0.035190
1.087000 3.375000 0.035230
1.163000 3.375000 0.035270
1.238000 3.375000 0.035310
1.313000 3.375000 0.035330
1.388000 3.375000 0.035340
1.463000 3.375000 0.035350
1.538000 3.375000 0.035340
1.613000 3.375000 0.035320
1.688000 3.375000 0.035290
1.763000 3.375000 0.035250
1.838000 3.375000 0.035200
1.913000 3.375000 0.035130
1.988000 3.375000 0.035060
2.063000 3.375000 0.034970
2.138000 3.375000 0.034870
2.213000 3.375000 0.034760
2.288000 3.375000 0.034640
2.363000 3.375000 0.034520
2.438000 3.375000 0.034390
2.513000 3.375000 0.034250
2.588000 3.375000 0.034110
2.663000 3.375000 0.033970
2.738000 3.375000 0.033830
2.813000 3.375000 0.033690
2.888000 3.375000 0.033550
2.963000 3.375000 0.033420
3.038000 3.375000 0.033290
3.113000 3.375000 0.033170
3.188000 3.375000 0.033060
3.263000 3.375000 0.032960
3.338000 3.375000 0.032870
3.413000 3.375000 0.032790
3.488000 3.375000 0.032720
3.563000 3.375000 0.032670
3.638000 3.375000 0.032630
3.713000 3.375000 0.032600
3.788000 3.375000 0.032590
3.863000 3.375000 0.000000
-0.037500 3.525000 0.000000
0.037500 3.525000 0.025780
0.112500 3.525000 0.025790
0.187500 3.525000 0.025800
0.262500 3.525000 0.025810
0.337500 3.525000 0.025840
0.412500 3.525000 0.025860
0.487500 3.525000 0.025890
0.562500 3.525000 0.025920
0.637500 3.525000 0.025960
0.712500 3.525000 0.026000
0.787500 3.525000 0.026030
0.862500 3.525000 0.026070
0.937500 3.525000 0.026100
1.012000 3.525000 0.026140
1.087000 3.525000 0.026170
1.163000 3.525000 0.026190
1.238000 3.525000 0.026210
1.313000 3.525000 0.026230
1.388000 3.525000 0.026240
1.463000 3.525000 0.026240
1.538000 3.525000 0.026230
1.613000 3.525000 0.026210
1.688000 3.525000 0.026190
1.763000 3.525000 0.026160
1.838000 3.525000 0.026120
1.913000 3.525000 0.026070
1.988000 3.525000 0.026010
2.063000 3.525000 0.025950
2.138000 3.525000 0.025870
2.213000 3.525000 0.025800
2.288000 3.525000 0.025710
2.363000 3.525000 0.025620
2.438000 3.525000 0.025520
2.513000 3.525000 0.025430
2.588000 3.525000 0.025330
2.663000 3.525000 0.025220
2.738000 3.525000 0.025120
2.813000 3.525000 0.025020
2.888000 3.525000 0.024920
2.963000 3.525000 0.024830
3.038000 3.525000 0.024740
3.113000 3.525000 0.024650
3.188000 3.525000 0.024570
3.263000 3.525000 0.024500
3.338000 3.525000 0.024430
3.413000 3.525000 0.024370
3.488000 3.525000 0.024320
3.563000 3.525000 0.024280
3.638000 3.525000 0.024250
3.713000 3.525000 0.024230
3.788000 3.525000 0.024220
3.863000 3.525000 0.000000
-0.037500 3.675000 0.000000
0.037500 3.675000 0.019010
0.112500 3.675000 0.019020
0.187500 3.675000 0.019030
0.262500 3.675000 0.019040
0.337500 3.675000 0.019050
0.412500 3.675000 0.019070
0.487500 3.675000 0.019090
0.562500 3.675000 0.019110
0.637500 3.675000 0.019130
0.712500 3.675000 0.019160
0.787500 3.675000 0.019180
0.862500 3.675000 0.019210
0.937500 3.675000 0.019230
1.012000 3.675000 0.019250
1.087000 3.675000 0.019270
1.163000 3.675000 0.019290
1.238000 3.675000 0.019300
1.313000 3.675000 0.019310
1.388000 3.675000 0.019310
1.463000 3.675000 0.019310
1.538000 3.675000 0.019310
1.613000 3.675000 0.019290
1.688000 3.675000 0.019280
1.763000 3.675000 0.019250
1.838000 3.675000 0.019220
1.913000 3.675000 0.019190
1.988000 3.675000 0.019140
2.063000 3.675000 0.019100
2.138000 3.675000 0.019040
2.213000 3.675000 0.018990
2.288000 3.675000 0.018920
2.363000 3.675000 0.018860
2.438000 3.675000 0.018790
2.513000 3.675000 0.018720
2.588000 3.675000 0.018650
2.663000 3.675000 0.018580
2.738000 3.675000 0.018500
2.813000 3.675000 0.018430
2.888000 3.675000 0.018360
2.963000 3.675000 0.018290
3.038000 3.675000 0.018230
3.113000 3.675000 0.018160
3.188000 3.675000 0.018110
3.263000 3.675000 0.018050
3.338000 3.675000 0.018010
3.413000 3.675000 0.017960
3.488000 3.675000 0.017930
3.563000 3.675000 0.017900
3.638000 3.675000 0.017880
3.713000 3.675000 0.017870
3.788000 3.675000 0.017860
3.863000 3.675000 0.000000
-0.037500 3.825000 0.000000
0.037500 3.825000 0.013910
0.112500 3.825000 0.013920
0.187500 3.825000 0.013920
0.262500 3.825000 0.013930
0.337500 3.825000 0.013940
0.412500 3.825000 0.013950
0.487500 3.825000 0.013960
0.562500 3.825000 0.013980
0.637500 3.825000 0.013990
0.712500 3.825000 0.014010
0.787500 3.825000 0.014030
0.862500 3.825000 0.014040
0.937500 3.825000 0.014060
1.012000 3.825000 0.014070
1.087000 3.825000 0.014090
1.163000 3.825000 0.014100
1.238000 3.825000 0.014100
1.313000 3.825000 0.014110
1.388000 3.825000 0.014110
1.463000 3.825000 0.014110
1.538000 3.825000 0.014100
1.613000 3.825000 0.014090
1.688000 3.825000 0.014080
1.763000 3.825000 0.014060
1.838000 3.825000 0.014040
1.913000 3.825000 0.014010
1.988000 3.825000 0.013980
2.063000 3.825000 0.013950
2.138000 3.825000 0.013910
2.213000 3.825000 0.013870
2.288000 3.825000 0.013820
2.363000 3.825000 0.013780
2.438000 3.825000 0.013730
2.513000 3.825000 0.013680
2.588000 3.825000 0.013630
2.663000 3.825000 0.013570
2.738000 3.825000 0.013520
2.813000 3.825000 0.013470
2.888000 3.825000 0.013420
2.963000 3.825000 0.013370
3.038000 3.825000 0.013320
3.113000 3.825000 0.013280
3.188000 3.825000 0.013240
3.263000 3.825000 0.013200
3.338000 3.825000 0.013170
3.413000 3.825000 0.013140
3.488000 3.825000 0.013110
3.563000 3.825000 0.013090
3.638000 3.825000 0.013080
3.713000 3.825000 0.013070
3.788000 3.825000 0.013060
3.863000 3.825000 0.000000
-0.037500 3.975000 0.000000
0.037500 3.975000 0.010110
0.112500 3.975000 0.010110
0.187500 3.975000 0.010120
0.262500 3.975000 0.010120
0.337500 3.975000 0.010130
0.412500 3.975000 0.010140
0.487500 3.975000 0.010140
0.562500 3.975000 0.010150
0.637500 3.975000 0.010160
0.712500 3.975000 0.010180
0.787500 3.975000 0.010190
0.862500 3.975000 0.010200
0.937500 3.975000 0.010210
1.012000 3.975000 0.010220
1.087000 3.975000 0.010220
1.163000 3.975000 0.010230
1.238000 3.975000 0.010240
1.313000 3.975000 0.010240
1.388000 3.975000 0.010240
1.463000 3.975000 0.010240
1.538000 3.975000 0.010230
1.613000 3.975000 0.010220
1.688000 3.975000 0.010210
1.763000 3.975000 0.010200
1.838000 3.975000 0.010180
1.913000 3.975000 0.010160
1.988000 3.975000 0.010140
2.063000 3.975000 0.010120
2.138000 3.975000 0.010090
2.213000 3.975000 0.010060
2.288000 3.975000 0.010030
2.363000 3.975000 0.009995
2.438000 3.975000 0.009960
2.513000 3.975000 0.009924
2.588000 3.975000 0.009888
2.663000 3.975000 0.009851
2.738000 3.975000 0.009814
2.813000 3.975000 0.009778
2.888000 3.975000 0.009743
2.963000 3.975000 0.009708
3.038000 3.975000 0.009675
3.113000 3.975000 0.009644
3.188000 3.975000 0.009615
3.263000 3.975000 0.009589
3.338000 3.975000 0.009565
3.413000 3.975000 0.009544
3.488000 3.975000 0.009526
3.563000 3.975000 0.009512
3.638000 3.975000 0.009501
3.713000 3.975000 0.009493
3.788000 3.975000 0.009490
3.863000 3.975000 0.000000
-0.037500 4.125000 0.000000
0.037500 4.125000 0.007307
0.112500 4.125000 0.007308
0.187500 4.125000 0.007310
0.262500 4.125000 0.007314
0.337500 4.125000 0.007318
0.412500 4.125000 0.007323
0.487500 4.125000 0.007329
0.562500 4.125000 0.007335
0.637500 4.125000 0.007342
0.712500 4.125000 0.007349
0.787500 4.125000 0.007356
0.862500 4.125000 0.007363
0.937500 4.125000 0.007369
1.012000 4.125000 0.007375
1.087000 4.125000 0.007380
1.163000 4.125000 0.007384
1.238000 4.125000 0.007386
1.313000 4.125000 0.007387
1.388000 4.125000 0.007387
1.463000 4.125000 0.007385
1.538000 4.125000 0.007381
1.613000 4.125000 0.007375
1.688000 4.125000 0.007367
1.763000 4.125000 0.007357
1.838000 4.125000 0.007345
1.913000 4.125000 0.007331
1.988000 4.125000 0.007315
2.063000 4.125000 0.007298
2.138000 4.125000 0.007278
2.213000 4.125000 0.007257
2.288000 4.125000 0.007235
2.363000 4.125000 0.007211
2.438000 4.125000 0.007187
2.513000 4.125000 0.007162
2.588000 4.125000 0.007136
2.663000 4.125000 0.007110
2.738000 4.125000 0.007084
2.813000 4.125000 0.007059
2.888000 4.125000 0.007034
2.963000 4.125000 0.007009
3.038000 4.125000 0.006986
3.113000 4.125000 0.006964
3.188000 4.125000 0.006944
3.263000 4.125000 0.006925
3.338000 4.125000 0.006909
3.413000 4.125000 0.006894
3.488000 4.125000 0.006881
3.563000 4.125000 0.006871
3.638000 4.125000 0.006863
3.713000 4.125000 0.006858
3.788000 4.125000 0.006855
3.863000 4.125000 0.000000
-0.037500 4.275000 0.000000
0.037500 4.275000 0.005264
0.112500 4.275000 0.005265
0.187500 4.275000 0.005266
0.262500 4.275000 0.005268
0.337500 4.275000 0.005271
0.412500 4.275000 0.005274
0.487500 4.275000 0.005278
0.562500 4.275000 0.005282
0.637500 4.275000 0.005287
0.712500 4.275000 0.005291
0.787500 4.275000 0.005296
0.862500 4.275000 0.005300
0.937500 4.275000 0.005304
1.012000 4.275000 0.005308
1.087000 4.275000 0.005311
1.163000 4.275000 0.005313
1.238000 4.275000 0.005314
1.313000 4.275000 0.005315
1.388000 4.275000 0.005314
1.463000 4.275000 0.005312
1.538000 4.275000 0.005309
1.613000 4.275000 0.005304
1.688000 4.275000 0.005298
1.763000 4.275000 0.005291
1.838000 4.275000 0.005282
1.913000 4.275000 0.005272
1.988000 4.275000 0.005261
2.063000 4.275000 0.005248
2.138000 4.275000 0.005235
2.213000 4.275000 0.005220
2.288000 4.275000 0.005204
2.363000 4.275000 0.005187
2.438000 4.275000 0.005170
2.513000 4.275000 0.005152
2.588000 4.275000 0.005134
2.663000 4.275000 0.005116
2.738000 4.275000 0.005098
2.813000 4.275000 0.005080
2.888000 4.275000 0.005063
2.963000 4.275000 0.005046
3.038000 4.275000 0.005029
3.113000 4.275000 0.005014
3.188000 4.275000 0.005000
3.263000 4.275000 0.004987
3.338000 4.275000 0.004975
3.413000 4.275000 0.004965
3.488000 4.275000 0.004956
3.563000 4.275000 0.004948
3.638000 4.275000 0.004943
3.713000 4.275000 0.004939
3.788000 4.275000 0.004937
3.863000 4.275000 0.000000
-0.037500 4.425000 0.000000
0.037500 4.425000 0.003799
0.112500 4.425000 0.003800
0.187500 4.425000 0.003801
0.262500 4.425000 0.003802
0.337500 4.425000 0.003804
0.412500 4.425000 0.003806
0.487500 4.425000 0.003809
0.562500 4.425000 0.003811
0.637500 4.425000 0.003814
0.712500 4.425000 0.003817
0.787500 4.425000 0.003820
0.862500 4.425000 0.003823
0.937500 4.425000 0.003825
1.012000 4.425000 0.003827
1.087000 4.425000 0.003829
1.163000 4.425000 0.003830
1.238000 4.425000 0.003831
1.313000 4.425000 0.003831
1.388000 4.425000 0.003830
1.463000 4.425000 0.003828
1.538000 4.425000 0.003826
1.613000 4.425000 0.003822
1.688000 4.425000 0.003818
1.763000 4.425000 0.003813
1.838000 4.425000 0.003806
1.913000 4.425000 0.003799
1.988000 4.425000 0.003791
2.063000 4.425000 0.003782
2.138000 4.425000 0.003772
2.213000 4.425000 0.003762
2.288000 4.425000 0.003750
2.363000 4.425000 0.003739
2.438000 4.425000 0.003726
2.513000 4.425000 0.003714
2.588000 4.425000 0.003701
2.663000 4.425000 0.003689
2.738000 4.425000 0.003676
2.813000 4.425000 0.003663
2.888000 4.425000 0.003651
2.963000 4.425000 0.003639
3.038000 4.425000 0.003628
3.113000 4.425000 0.003617
3.188000 4.425000 0.003607
3.263000 4.425000 0.003598
3.338000 4.425000 0.003589
3.413000 4.425000 0.003582
3.488000 4.425000 0.003576
3.563000 4.425000 0.003571
3.638000 4.425000 0.003567
3.713000 4.425000 0.003564
3.788000 4.425000 0.003563
3.863000 4.425000 0.000000
-0.037500 4.575000 0.000000
0.037500 4.575000 0.002774
0.112500 4.575000 0.002774
0.187500 4.575000 0.002775
0.262500 4.575000 0.002776
0.337500 4.575000 0.002777
0.412500 4.575000 0.002778
0.487500 4.575000 0.002780
0.562500 4.575000 0.002782
0.637500 4.575000 0.002784
0.712500 4.575000 0.002785
0.787500 4.575000 0.002787
0.862500 4.575000 0.002789
0.937500 4.575000 0.002790
1.012000 4.575000 0.002792
1.087000 4.575000 0.002793
1.163000 4.575000 0.002793
1.238000 4.575000 0.002794
1.313000 4.575000 0.002793
1.388000 4.575000 0.002792
1.463000 4.575000 0.002791
1.538000 4.575000 0.002789
1.613000 4.575000 0.002786
1.688000 4.575000 0.002783
1.763000 4.575000 0.002779
1.838000 4.575000 0.002774
1.913000 4.575000 0.002769
1.988000 4.575000 0.002763
2.063000 4.575000 0.002757
2.138000 4.575000 0.002750
2.213000 4.575000 0.002742
2.288000 4.575000 0.002734
2.363000 4.575000 0.002726
2.438000 4.575000 0.002717
2.513000 4.575000 0.002708
2.588000 4.575000 0.002699
2.663000 4.575000 0.002690
2.738000 4.575000 0.002681
2.813000 4.575000 0.002672
2.888000 4.575000 0.002664
2.963000 4.575000 0.002655
3.038000 4.575000 0.002647
3.113000 4.575000 0.002639
3.188000 4.575000 0.002632
3.263000 4.575000 0.002626
3.338000 4.575000 0.002620
3.413000 4.575000 0.002615
3.488000 4.575000 0.002610
3.563000 4.575000 0.002606
3.638000 4.575000 0.002604
3.713000 4.575000 0.002602
3.788000 4.575000 0.002601
3.863000 4.575000 0.000000
-0.037500 4.725000 0.000000
0.037500 4.725000 0.002086
0.112500 4.725000 0.002086
0.187500 4.725000 0.002087
0.262500 4.725000 0.002087
0.337500 4.725000 0.002088
0.412500 4.725000 0.002089
0.487500 4.725000 0.002090
0.562500 4.725000 0.002091
0.637500 4.725000 0.002092
0.712500 4.725000 0.002093
0.787500 4.725000 0.002095
0.862500 4.725000 0.002096
0.937500 4.725000 0.002097
1.012000 4.725000 0.002097
1.087000 4.725000 0.002098
1.163000 4.725000 0.002098
1.238000 4.725000 0.002098
1.313000 4.725000 0.002098
1.388000 4.725000 0.002097
1.463000 4.725000 0.002096
1.538000 4.725000 0.002094
1.613000 4.725000 0.002092
1.688000 4.725000 0.002090
1.763000 4.725000 0.002087
1.838000 4.725000 0.002083
1.913000 4.725000 0.002079
1.988000 4.725000 0.002075
2.063000 4.725000 0.002070
2.138000 4.725000 0.002065
2.213000 4.725000 0.002059
2.288000 4.725000 0.002053
2.363000 4.725000 0.002047
2.438000 4.725000 0.002041
2.513000 4.725000 0.002034
2.588000 4.725000 0.002028
2.663000 4.725000 0.002021
2.738000 4.725000 0.002014
2.813000 4.725000 0.002008
2.888000 4.725000 0.002001
2.963000 4.725000 0.001995
3.038000 4.725000 0.001989
3.113000 4.725000 0.001984
3.188000 4.725000 0.001979
3.263000 4.725000 0.001974
3.338000 4.725000 0.001969
3.413000 4.725000 0.001966
3.488000 4.725000 0.001962
3.563000 4.725000 0.001960
3.638000 4.725000 0.001958
3.713000 4.725000 0.001956
3.788000 4.725000 0.001956
3.863000 4.725000 0.000000
-0.037500 4.875000 0.000000
0.037500 4.875000 0.001665
0.112500 4.875000 0.001665
0.187500 4.875000 0.001665
0.262500 4.875000 0.001665
0.337500 4.875000 0.001666
0.412500 4.875000 0.001666
0.487500 4.875000 0.001667
0.562500 4.875000 0.001668
0.637500 4.875000 0.001669
0.712500 4.875000 0.001670
0.787500 4.875000 0.001670
0.862500 4.875000 0.001671
0.937500 4.875000 0.001672
1.012000 4.875000 0.001672
1.087000 4.875000 0.001673
1.163000 4.875000 0.001673
1.238000 4.875000 0.001672
1.313000 4.875000 0.001672
1.388000 4.875000 0.001671
1.463000 4.875000 0.001670
1.538000 4.875000 0.001669
1.613000 4.875000 0.001667
1.688000 4.875000 0.001665
1.763000 4.875000 0.001663
1.838000 4.875000 0.001660
1.913000 4.875000 0.001657
1.988000 4.875000 0.001653
2.063000 4.875000 0.001649
2.138000 4.875000 0.001645
2.213000 4.875000 0.001641
2.288000 4.875000 0.001636
2.363000 4.875000 0.001632
2.438000 4.875000 0.001627
2.513000 4.875000 0.001621
2.588000 4.875000 0.001616
2.663000 4.875000 0.001611
2.738000 4.875000 0.001606
2.813000 4.875000 0.001601
2.888000 4.875000 0.001596
2.963000 4.875000 0.001591
3.038000 4.875000 0.001587
3.113000 4.875000 0.001582
3.188000 4.875000 0.001578
3.263000 4.875000 0.001574
3.338000 4.875000 0.001571
3.413000 4.875000 0.001568
3.488000 4.875000 0.001566
3.563000 4.875000 0.001563
3.638000 4.875000 0.001562
3.713000 4.875000 0.001561
3.788000 4.875000 0.001560
3.863000 4.875000 0.000000
-0.037500 5.025000 0.000000
0.037500 5.025000 0.001464
0.112500 5.025000 0.001465
0.187500 5.025000 0.001465
0.262500 5.025000 0.001465
0.337500 5.025000 0.001466
0.412500 5.025000 0.001466
0.487500 5.025000 0.001467
0.562500 5.025000 0.001467
0.637500 5.025000 0.001468
0.712500 5.025000 0.001469
0.787500 5.025000 0.001469
0.862500 5.025000 0.001470
0.937500 5.025000 0.001470
1.012000 5.025000 0.001471
1.087000 5.025000 0.001471
1.163000 5.025000 0.001471
1.238000 5.025000 0.001471
1.313000 5.025000 0.001470
1.388000 5.025000 0.001469
1.463000 5.025000 0.001468
1.538000 5.025000 0.001467
1.613000 5.025000 0.001466
1.688000 5.025000 0.001464
1.763000 5.025000 0.001462
1.838000 5.025000 0.001459
1.913000 5.025000 0.001456
1.988000 5.025000 0.001453
2.063000 5.025000 0.001450
2.138000 5.025000 0.001446
2.213000 5.025000 0.001443
2.288000 5.025000 0.001439
2.363000 5.025000 0.001434
2.438000 5.025000 0.001430
2.513000 5.025000 0.001426
2.588000 5.025000 0.001421
2.663000 5.025000 0.001417
2.738000 5.025000 0.001412
2.813000 5.025000 0.001408
2.888000 5.025000 0.001404
2.963000 5.025000 0.001399
3.038000 5.025000 0.001395
3.113000 5.025000 0.001392
3.188000 5.025000 0.001388
3.263000 5.025000 0.001385
3.338000 5.025000 0.001382
3.413000 5.025000 0.001379
3.488000 5.025000 0.001377
3.563000 5.025000 0.001375
3.638000 5.025000 0.001374
3.713000 5.025000 0.001373
3.788000 5.025000 0.001373
3.863000 5.025000 0.000000
-0.037500 5.175000 0.000000
0.037500 5.175000 0.000000
0.112500 5.175000 0.000000
0.187500 5.175000 0.000000
0.262500 5.175000 0.000000
0.337500 5.175000 0.000000
0.412500 5.175000 0.000000
0.487500 5.175000 0.000000
0.562500 5.175000 0.000000
0.637500 5.175000 0.000000
0.712500 5.175000 0.000000
0.787500 5.175000 0.000000
0.862500 5.175000 0.000000
0.937500 5.175000 0.000000
1.012000 5.175000 0.000000
1.087000 5.175000 0.000000
1.163000 5.175000 0.000000
1.238000 5.175000 0.000000
1.313000 5.175000 0.000000
1.388000 5.175000 0.000000
1.463000 5.175000 0.000000
1.538000 5.175000 0.000000
1.613000 5.175000 0.000000
1.688000 5.175000 0.000000
1.763000 5.175000 0.000000
1.838000 5.175000 0.000000
1.913000 5.175000 0.000000
1.988000 5.175000 0.000000
2.063000 5.175000 0.000000
2.138000 5.175000 0.000000
2.213000 5.175000 0.000000
2.288000 5.175000 0.000000
2.363000 5.175000 0.000000
2.438000 5.175000 0.000000
2.513000 5.175000 0.000000
2.588000 5.175000 0.000000
2.663000 5.175000 0.000000
2.738000 5.175000 0.000000
2.813000 5.175000 0.000000
2.888000 5.175000 0.000000
2.963000 5.175000 0.000000
3.038000 5.175000 0.000000
3.113000 5.175000 0.000000
3.188000 5.175000 0.000000
3.263000 5.175000 0.000000
3.338000 5.175000 0.000000
3.413000 5.175000 0.000000
3.488000 5.175000 0.000000
3.563000 5.175000 0.000000
3.638000 5.175000 0.000000
3.713000 5.175000 0.000000
3.788000 5.175000 0.000000
3.863000 5.175000 0.000000
