-0.037500 -0.075000 0.000000
0.037500 -0.075000 0.000000
0.112500 -0.075000 0.000000
0.187500 -0.075000 0.000000
0.262500 -0.075000 0.000000
0.337500 -0.075000 0.000000
0.412500 -0.075000 0.000000
0.487500 -0.075000 0.000000
0.562500 -0.075000 0.000000
0.637500 -0.075000 0.000000
0.712500 -0.075000 0.000000
0.787500 -0.075000 0.000000
0.862500 -0.075000 0.000000
0.937500 -0.075000 0.000000
1.012000 -0.075000 0.000000
1.087000 -0.075000 0.000000
1.163000 -0.075000 0.000000
1.238000 -0.075000 0.000000
1.313000 -0.075000 0.000000
1.388000 -0.075000 0.000000
1.463000 -0.075000 0.000000
1.538000 -0.075000 0.000000
1.613000 -0.075000 0.000000
1.688000 -0.075000 0.000000
1.763000 -0.075000 0.000000
1.838000 -0.075000 0.000000
1.913000 -0.075000 0.000000
1.988000 -0.075000 0.000000
2.063000 -0.075000 0.000000
2.138000 -0.075000 0.000000
2.213000 -0.075000 0.000000
2.288000 -0.075000 0.000000
2.363000 -0.075000 0.000000
2.438000 -0.075000 0.000000
2.513000 -0.075000 0.000000
2.588000 -0.075000 0.000000
2.663000 -0.075000 0.000000
2.738000 -0.075000 0.000000
2.813000 -0.075000 0.000000
2.888000 -0.075000 0.000000
2.963000 -0.075000 0.000000
3.038000 -0.075000 0.000000
3.113000 -0.075000 0.000000
3.188000 -0.075000 0.000000
3.263000 -0.075000 0.000000
3.338000 -0.075000 0.000000
3.413000 -0.075000 0.000000
3.488000 -0.075000 0.000000
3.563000 -0.075000 0.000000
3.638000 -0.075000 0.000000
3.713000 -0.075000 0.000000
3.788000 -0.075000 0.000000
3.863000 -0.075000 0.000000
-0.037500 0.075000 0.000000
0.037500 0.075000 0.004460
0.112500 0.075000 0.008920
0.187500 0.075000 0.013390
0.262500 0.075000 0.017850
0.337500 0.075000 0.022310
0.412500 0.075000 0.026760
0.487500 0.075000 0.031210
0.562500 0.075000 0.035650
0.637500 0.075000 0.040080
0.712500 0.075000 0.044480
0.787500 0.075000 0.048850
0.862500 0.075000 0.053180
0.937500 0.075000 0.057450
1.012000 0.075000 0.061650
1.087000 0.075000 0.065750
1.163000 0.075000 0.069720
1.238000 0.075000 0.073540
1.313000 0.075000 0.077160
1.388000 0.075000 0.080540
1.463000 0.075000 0.083640
1.538000 0.075000 0.086400
1.613000 0.075000 0.088790
1.688000 0.075000 0.090740
1.763000 0.075000 0.092230
1.838000 0.075000 0.093220
1.913000 0.075000 0.093700
1.988000 0.075000 0.093660
2.063000 0.075000 0.093130
2.138000 0.075000 0.092130
2.213000 0.075000 0.090730
2.288000 0.075000 0.088970
2.363000 0.075000 0.086910
2.438000 0.075000 0.084630
2.513000 0.075000 0.082190
2.588000 0.075000 0.079620
2.663000 0.075000 0.077000
2.738000 0.075000 0.074340
2.813000 0.075000 0.071700
2.888000 0.075000 0.069090
2.963000 0.075000 0.066530
3.038000 0.075000 0.064040
3.113000 0.075000 0.061630
3.188000 0.075000 0.059310
3.263000 0.075000 0.057070
3.338000 0.075000 0.054930
3.413000 0.075000 0.052870
3.488000 0.075000 0.050910
3.563000 0.075000 0.049030
3.638000 0.075000 0.047240
3.713000 0.075000 0.045540
3.788000 0.075000 0.043910
3.863000 0.075000 0.000000
-0.037500 0.225000 0.000000
0.037500 0.225000 0.004460
0.112500 0.225000 0.008920
0.187500 0.225000 0.013390
0.262500 0.225000 0.017850
0.337500 0.225000 0.022310
0.412500 0.225000 0.026760
0.487500 0.225000 0.031210
0.562500 0.225000 0.035650
0.637500 0.225000 0.040080
0.712500 0.225000 0.044480
0.787500 0.225000 0.048850
0.862500 0.225000 0.053180
0.937500 0.225000 0.057450
1.012000 0.225000 0.061650
1.087000 0.225000 0.065750
1.163000 0.225000 0.069720
1.238000 0.225000 0.073540
1.313000 0.225000 0.077160
1.388000 0.225000 0.080540
1.463000 0.225000 0.083640
1.538000 0.225000 0.086400
1.613000 0.225000 0.088790
1.688000 0.225000 0.090740
1.763000 0.225000 0.092230
1.838000 0.225000 0.093220
1.913000 0.225000 0.093700
1.988000 0.225000 0.093660
2.063000 0.225000 0.093130
2.138000 0.225000 0.092130
2.213000 0.225000 0.090730
2.288000 0.225000 0.088970
2.363000 0.225000 0.086910
2.438000 0.225000 0.084630
2.513000 0.225000 0.082190
2.588000 0.225000 0.079620
2.663000 0.225000 0.077000
2.738000 0.225000 0.074340
2.813000 0.225000 0.071700
2.888000 0.225000 0.069090
2.963000 0.225000 0.066530
3.038000 0.225000 0.064040
3.113000 0.225000 0.061630
3.188000 0.225000 0.059310
3.263000 0.225000 0.057070
3.338000 0.225000 0.054930
3.413000 0.225000 0.052870
3.488000 0.225000 0.050910
3.563000 0.225000 0.049030
3.638000 0.225000 0.047240
3.713000 0.225000 0.045540
3.788000 0.225000 0.043910
3.863000 0.225000 0.000000
-0.037500 0.375000 0.000000
0.037500 0.375000 0.140400
0.112500 0.375000 0.141800
0.187500 0.375000 0.143900
0.262500 0.375000 0.146700
0.337500 0.375000 0.149900
0.412500 0.375000 0.153400
0.487500 0.375000 0.157100
0.562500 0.375000 0.161000
0.637500 0.375000 0.165000
0.712500 0.375000 0.169000
0.787500 0.375000 0.173100
0.862500 0.375000 0.177200
0.937500 0.375000 0.181300
1.012000 0.375000 0.185300
1.087000 0.375000 0.189200
1.163000 0.375000 0.192900
1.238000 0.375000 0.196400
1.313000 0.375000 0.199800
1.388000 0.375000 0.202800
1.463000 0.375000 0.205500
1.538000 0.375000 0.207900
1.613000 0.375000 0.209900
1.688000 0.375000 0.211500
1.763000 0.375000 0.212600
1.838000 0.375000 0.213200
1.913000 0.375000 0.213400
1.988000 0.375000 0.213000
2.063000 0.375000 0.212300
2.138000 0.375000 0.211100
2.213000 0.375000 0.209500
2.288000 0.375000 0.207500
2.363000 0.375000 0.205300
2.438000 0.375000 0.202800
2.513000 0.375000 0.200100
2.588000 0.375000 0.197200
2.663000 0.375000 0.194300
2.738000 0.375000 0.191300
2.813000 0.375000 0.188300
2.888000 0.375000 0.185300
2.963000 0.375000 0.182400
3.038000 0.375000 0.179500
3.113000 0.375000 0.176800
3.188000 0.375000 0.174100
3.263000 0.375000 0.171600
3.338000 0.375000 0.169300
3.413000 0.375000 0.167100
3.488000 0.375000 0.165100
3.563000 0.375000 0.163400
3.638000 0.375000 0.161900
3.713000 0.375000 0.160800
3.788000 0.375000 0.160200
3.863000 0.375000 0.000000
-0.037500 0.525000 0.000000
0.037500 0.525000 0.256800
0.112500 0.525000 0.257400
0.187500 0.525000 0.258600
0.262500 0.525000 0.260400
0.337500 0.525000 0.262500
0.412500 0.525000 0.264900
0.487500 0.525000 0.267600
0.562500 0.525000 0.270600
0.637500 0.525000 0.273700
0.712500 0.525000 0.276900
0.787500 0.525000 0.280100
0.862500 0.525000 0.283400
0.937500 0.525000 0.286700
1.012000 0.525000 0.289900
1.087000 0.525000 0.293000
1.163000 0.525000 0.296000
1.238000 0.525000 0.298800
1.313000 0.525000 0.301400
1.388000 0.525000 0.303700
1.463000 0.525000 0.305800
1.538000 0.525000 0.307500
1.613000 0.525000 0.308900
1.688000 0.525000 0.309900
1.763000 0.525000 0.310500
1.838000 0.525000 0.310800
1.913000 0.525000 0.310600
1.988000 0.525000 0.310000
2.063000 0.525000 0.309000
2.138000 0.525000 0.307700
2.213000 0.525000 0.306100
2.288000 0.525000 0.304100
2.363000 0.525000 0.301900
2.438000 0.525000 0.299500
2.513000 0.525000 0.296800
2.588000 0.525000 0.294100
2.663000 0.525000 0.291200
2.738000 0.525000 0.288300
2.813000 0.525000 0.285400
2.888000 0.525000 0.282400
2.963000 0.525000 0.279600
3.038000 0.525000 0.276800
3.113000 0.525000 0.274100
3.188000 0.525000 0.271500
3.263000 0.525000 0.269100
3.338000 0.525000 0.266900
3.413000 0.525000 0.265000
3.488000 0.525000 0.263200
3.563000 0.525000 0.261800
3.638000 0.525000 0.260600
3.713000 0.525000 0.259800
3.788000 0.525000 0.259400
3.863000 0.525000 0.000000
-0.037500 0.675000 0.000000
0.037500 0.675000 0.321700
0.112500 0.675000 0.322100
0.187500 0.675000 0.322800
0.262500 0.675000 0.324000
0.337500 0.675000 0.325400
0.412500 0.675000 0.327100
0.487500 0.675000 0.329000
0.562500 0.675000 0.331200
0.637500 0.675000 0.333400
0.712500 0.675000 0.335800
0.787500 0.675000 0.338300
0.862500 0.675000 0.340800
0.937500 0.675000 0.343300
1.012000 0.675000 0.345800
1.087000 0.675000 0.348200
1.163000 0.675000 0.350400
1.238000 0.675000 0.352500
1.313000 0.675000 0.354400
1.388000 0.675000 0.356100
1.463000 0.675000 0.357600
1.538000 0.675000 0.358700
1.613000 0.675000 0.359600
1.688000 0.675000 0.360200
1.763000 0.675000 0.360500
1.838000 0.675000 0.360400
1.913000 0.675000 0.360000
1.988000 0.675000 0.359300
2.063000 0.675000 0.358300
2.138000 0.675000 0.356900
2.213000 0.675000 0.355300
2.288000 0.675000 0.353500
2.363000 0.675000 0.351400
2.438000 0.675000 0.349200
2.513000 0.675000 0.346800
2.588000 0.675000 0.344200
2.663000 0.675000 0.341600
2.738000 0.675000 0.339000
2.813000 0.675000 0.336300
2.888000 0.675000 0.333600
2.963000 0.675000 0.331000
3.038000 0.675000 0.328400
3.113000 0.675000 0.326000
3.188000 0.675000 0.323700
3.263000 0.675000 0.321600
3.338000 0.675000 0.319700
3.413000 0.675000 0.317900
3.488000 0.675000 0.316500
3.563000 0.675000 0.315300
3.638000 0.675000 0.314300
3.713000 0.675000 0.313700
3.788000 0.675000 0.313400
3.863000 0.675000 0.000000
-0.037500 0.825000 0.000000
0.037500 0.825000 0.345800
0.112500 0.825000 0.346100
0.187500 0.825000 0.346700
0.262500 0.825000 0.347700
0.337500 0.825000 0.348900
0.412500 0.825000 0.350300
0.487500 0.825000 0.352000
0.562500 0.825000 0.353900
0.637500 0.825000 0.355800
0.712500 0.825000 0.357900
0.787500 0.825000 0.360100
0.862500 0.825000 0.362300
0.937500 0.825000 0.364500
1.012000 0.825000 0.366700
1.087000 0.825000 0.368700
1.163000 0.825000 0.370700
1.238000 0.825000 0.372500
1.313000 0.825000 0.374200
1.388000 0.825000 0.375600
1.463000 0.825000 0.376900
1.538000 0.825000 0.377800
1.613000 0.825000 0.378500
1.688000 0.825000 0.378900
1.763000 0.825000 0.379000
1.838000 0.825000 0.378900
1.913000 0.825000 0.378400
1.988000 0.825000 0.377600
2.063000 0.825000 0.376600
2.138000 0.825000 0.375200
2.213000 0.825000 0.373700
2.288000 0.825000 0.371900
2.363000 0.825000 0.369900
2.438000 0.825000 0.367700
2.513000 0.825000 0.365300
2.588000 0.825000 0.362900
2.663000 0.825000 0.360400
2.738000 0.825000 0.357800
2.813000 0.825000 0.355200
2.888000 0.825000 0.352700
2.963000 0.825000 0.350200
3.038000 0.825000 0.347700
3.113000 0.825000 0.345400
3.188000 0.825000 0.343200
3.263000 0.825000 0.341200
3.338000 0.825000 0.339400
3.413000 0.825000 0.337700
3.488000 0.825000 0.336400
3.563000 0.825000 0.335200
3.638000 0.825000 0.334400
3.713000 0.825000 0.333800
3.788000 0.825000 0.333500
3.863000 0.825000 0.000000
-0.037500 0.975000 0.000000
0.037500 0.975000 0.361900
0.112500 0.975000 0.362200
0.187500 0.975000 0.362800
0.262500 0.975000 0.363600
0.337500 0.975000 0.364600
0.412500 0.975000 0.365900
0.487500 0.975000 0.367400
0.562500 0.975000 0.369100
0.637500 0.975000 0.370800
0.712500 0.975000 0.372700
0.787500 0.975000 0.374700
0.862500 0.975000 0.376700
0.937500 0.975000 0.378700
1.012000 0.975000 0.380600
1.087000 0.975000 0.382500
1.163000 0.975000 0.384200
1.238000 0.975000 0.385900
1.313000 0.975000 0.387300
1.388000 0.975000 0.388600
1.463000 0.975000 0.389700
1.538000 0.975000 0.390500
1.613000 0.975000 0.391000
1.688000 0.975000 0.391300
1.763000 0.975000 0.391400
1.838000 0.975000 0.391100
1.913000 0.975000 0.390600
1.988000 0.975000 0.389800
2.063000 0.975000 0.388700
2.138000 0.975000 0.387400
2.213000 0.975000 0.385800
2.288000 0.975000 0.384000
2.363000 0.975000 0.382100
2.438000 0.975000 0.379900
2.513000 0.975000 0.377700
2.588000 0.975000 0.375300
2.663000 0.975000 0.372800
2.738000 0.975000 0.370300
2.813000 0.975000 0.367800
2.888000 0.975000 0.365400
2.963000 0.975000 0.362900
3.038000 0.975000 0.360600
3.113000 0.975000 0.358300
3.188000 0.975000 0.356200
3.263000 0.975000 0.354300
3.338000 0.975000 0.352500
3.413000 0.975000 0.351000
3.488000 0.975000 0.349600
3.563000 0.975000 0.348600
3.638000 0.975000 0.347700
3.713000 0.975000 0.347200
3.788000 0.975000 0.346900
3.863000 0.975000 0.000000
-0.037500 1.125000 0.000000
0.037500 1.125000 0.370400
0.112500 1.125000 0.370700
0.187500 1.125000 0.371200
0.262500 1.125000 0.372000
0.337500 1.125000 0.373000
0.412500 1.125000 0.374200
0.487500 1.125000 0.375500
0.562500 1.125000 0.377100
0.637500 1.125000 0.378800
0.712500 1.125000 0.380500
0.787500 1.125000 0.382400
0.862500 1.125000 0.384200
0.937500 1.125000 0.386100
1.012000 1.125000 0.387900
1.087000 1.125000 0.389700
1.163000 1.125000 0.391300
1.238000 1.125000 0.392800
1.313000 1.125000 0.394200
1.388000 1.125000 0.395300
1.463000 1.125000 0.396300
1.538000 1.125000 0.397000
1.613000 1.125000 0.397500
1.688000 1.125000 0.397800
1.763000 1.125000 0.397700
1.838000 1.125000 0.397400
1.913000 1.125000 0.396800
1.988000 1.125000 0.396000
2.063000 1.125000 0.394900
2.138000 1.125000 0.393600
2.213000 1.125000 0.392000
2.288000 1.125000 0.390300
2.363000 1.125000 0.388300
2.438000 1.125000 0.386200
2.513000 1.125000 0.384000
2.588000 1.125000 0.381700
2.663000 1.125000 0.379300
2.738000 1.125000 0.376800
2.813000 1.125000 0.374300
2.888000 1.125000 0.371900
2.963000 1.125000 0.369500
3.038000 1.125000 0.367200
3.113000 1.125000 0.365000
3.188000 1.125000 0.363000
3.263000 1.125000 0.361100
3.338000 1.125000 0.359300
3.413000 1.125000 0.357800
3.488000 1.125000 0.356500
3.563000 1.125000 0.355500
3.638000 1.125000 0.354700
3.713000 1.125000 0.354100
3.788000 1.125000 0.353900
3.863000 1.125000 0.000000
-0.037500 1.275000 0.000000
0.037500 1.275000 0.373000
0.112500 1.275000 0.373200
0.187500 1.275000 0.373700
0.262500 1.275000 0.374400
0.337500 1.275000 0.375400
0.412500 1.275000 0.376500
0.487500 1.275000 0.377900
0.562500 1.275000 0.379400
0.637500 1.275000 0.381000
0.712500 1.275000 0.382700
0.787500 1.275000 0.384400
0.862500 1.275000 0.386200
0.937500 1.275000 0.388000
1.012000 1.275000 0.389800
1.087000 1.275000 0.391500
1.163000 1.275000 0.393100
1.238000 1.275000 0.394500
1.313000 1.275000 0.395800
1.388000 1.275000 0.397000
1.463000 1.275000 0.397900
1.538000 1.275000 0.398600
1.613000 1.275000 0.399000
1.688000 1.275000 0.399200
1.763000 1.275000 0.399100
1.838000 1.275000 0.398800
1.913000 1.275000 0.398200
1.988000 1.275000 0.397400
2.063000 1.275000 0.396300
2.138000 1.275000 0.394900
2.213000 1.275000 0.393400
2.288000 1.275000 0.391600
2.363000 1.275000 0.389700
2.438000 1.275000 0.387600
2.513000 1.275000 0.385400
2.588000 1.275000 0.383000
2.663000 1.275000 0.380600
2.738000 1.275000 0.378200
2.813000 1.275000 0.375800
2.888000 1.275000 0.373300
2.963000 1.275000 0.371000
3.038000 1.275000 0.368700
3.113000 1.275000 0.366500
3.188000 1.275000 0.364500
3.263000 1.275000 0.362600
3.338000 1.275000 0.360900
3.413000 1.275000 0.359400
3.488000 1.275000 0.358100
3.563000 1.275000 0.357100
3.638000 1.275000 0.356300
3.713000 1.275000 0.355800
3.788000 1.275000 0.355500
3.863000 1.275000 0.000000
-0.037500 1.425000 0.000000
0.037500 1.425000 0.361600
0.112500 1.425000 0.361800
0.187500 1.425000 0.362200
0.262500 1.425000 0.362900
0.337500 1.425000 0.363700
0.412500 1.425000 0.364800
0.487500 1.425000 0.365900
0.562500 1.425000 0.367300
0.637500 1.425000 0.368700
0.712500 1.425000 0.370300
0.787500 1.425000 0.371900
0.862500 1.425000 0.373500
0.937500 1.425000 0.375100
1.012000 1.425000 0.376700
1.087000 1.425000 0.378200
1.163000 1.425000 0.379600
1.238000 1.425000 0.380900
1.313000 1.425000 0.382100
1.388000 1.425000 0.383100
1.463000 1.425000 0.383900
1.538000 1.425000 0.384500
1.613000 1.425000 0.384800
1.688000 1.425000 0.385000
1.763000 1.425000 0.384900
1.838000 1.425000 0.384500
1.913000 1.425000 0.383900
1.988000 1.425000 0.383100
2.063000 1.425000 0.382000
2.138000 1.425000 0.380700
2.213000 1.425000 0.379300
2.288000 1.425000 0.377600
2.363000 1.425000 0.375800
2.438000 1.425000 0.373800
2.513000 1.425000 0.371700
2.588000 1.425000 0.369500
2.663000 1.425000 0.367200
2.738000 1.425000 0.364900
2.813000 1.425000 0.362700
2.888000 1.425000 0.360400
2.963000 1.425000 0.358200
3.038000 1.425000 0.356000
3.113000 1.425000 0.354000
3.188000 1.425000 0.352100
3.263000 1.425000 0.350300
3.338000 1.425000 0.348700
3.413000 1.425000 0.347300
3.488000 1.425000 0.346200
3.563000 1.425000 0.345200
3.638000 1.425000 0.344500
3.713000 1.425000 0.344000
3.788000 1.425000 0.343800
3.863000 1.425000 0.000000
-0.037500 1.575000 0.000000
0.037500 1.575000 0.338500
0.112500 1.575000 0.338700
0.187500 1.575000 0.339100
0.262500 1.575000 0.339600
0.337500 1.575000 0.340400
0.412500 1.575000 0.341200
0.487500 1.575000 0.342300
0.562500 1.575000 0.343400
0.637500 1.575000 0.344700
0.712500 1.575000 0.346000
0.787500 1.575000 0.347400
0.862500 1.575000 0.348800
0.937500 1.575000 0.350200
1.012000 1.575000 0.351500
1.087000 1.575000 0.352800
1.163000 1.575000 0.354000
1.238000 1.575000 0.355100
1.313000 1.575000 0.356100
1.388000 1.575000 0.356900
1.463000 1.575000 0.357600
1.538000 1.575000 0.358100
1.613000 1.575000 0.358300
1.688000 1.575000 0.358400
1.763000 1.575000 0.358300
1.838000 1.575000 0.357900
1.913000 1.575000 0.357400
1.988000 1.575000 0.356600
2.063000 1.575000 0.355600
2.138000 1.575000 0.354400
2.213000 1.575000 0.353100
2.288000 1.575000 0.351500
2.363000 1.575000 0.349900
2.438000 1.575000 0.348100
2.513000 1.575000 0.346200
2.588000 1.575000 0.344200
2.663000 1.575000 0.342200
2.738000 1.575000 0.340100
2.813000 1.575000 0.338100
2.888000 1.575000 0.336000
2.963000 1.575000 0.334000
3.038000 1.575000 0.332100
3.113000 1.575000 0.330300
3.188000 1.575000 0.328600
3.263000 1.575000 0.327000
3.338000 1.575000 0.325600
3.413000 1.575000 0.324400
3.488000 1.575000 0.323300
3.563000 1.575000 0.322500
3.638000 1.575000 0.321800
3.713000 1.575000 0.321400
3.788000 1.575000 0.321200
3.863000 1.575000 0.000000
-0.037500 1.725000 0.000000
0.037500 1.725000 0.307300
0.112500 1.725000 0.307400
0.187500 1.725000 0.307800
0.262500 1.725000 0.308200
0.337500 1.725000 0.308800
0.412500 1.725000 0.309600
0.487500 1.725000 0.310400
0.562500 1.725000 0.311400
0.637500 1.725000 0.312400
0.712500 1.725000 0.313500
0.787500 1.725000 0.314600
0.862500 1.725000 0.315700
0.937500 1.725000 0.316900
1.012000 1.725000 0.318000
1.087000 1.725000 0.319000
1.163000 1.725000 0.320000
1.238000 1.725000 0.320900
1.313000 1.725000 0.321700
1.388000 1.725000 0.322300
1.463000 1.725000 0.322900
1.538000 1.725000 0.323200
1.613000 1.725000 0.323400
1.688000 1.725000 0.323400
1.763000 1.725000 0.323200
1.838000 1.725000 0.322900
1.913000 1.725000 0.322400
1.988000 1.725000 0.321700
2.063000 1.725000 0.320800
2.138000 1.725000 0.319800
2.213000 1.725000 0.318600
2.288000 1.725000 0.317200
2.363000 1.725000 0.315800
2.438000 1.725000 0.314200
2.513000 1.725000 0.312600
2.588000 1.725000 0.310900
2.663000 1.725000 0.309100
2.738000 1.725000 0.307300
2.813000 1.725000 0.305600
2.888000 1.725000 0.303800
2.963000 1.725000 0.302100
3.038000 1.725000 0.300400
3.113000 1.725000 0.298900
3.188000 1.725000 0.297400
3.263000 1.725000 0.296100
3.338000 1.725000 0.294800
3.413000 1.725000 0.293800
3.488000 1.725000 0.292900
3.563000 1.725000 0.292200
3.638000 1.725000 0.291600
3.713000 1.725000 0.291300
3.788000 1.725000 0.291100
3.863000 1.725000 0.000000
-0.037500 1.875000 0.000000
0.037500 1.875000 0.271100
0.112500 1.875000 0.271200
0.187500 1.875000 0.271500
0.262500 1.875000 0.271800
0.337500 1.875000 0.272300
0.412500 1.875000 0.272900
0.487500 1.875000 0.273500
0.562500 1.875000 0.274300
0.637500 1.875000 0.275100
0.712500 1.875000 0.275900
0.787500 1.875000 0.276800
0.862500 1.875000 0.277700
0.937500 1.875000 0.278500
1.012000 1.875000 0.279400
1.087000 1.875000 0.280200
1.163000 1.875000 0.280900
1.238000 1.875000 0.281600
1.313000 1.875000 0.282200
1.388000 1.875000 0.282700
1.463000 1.875000 0.283000
1.538000 1.875000 0.283300
1.613000 1.875000 0.283400
1.688000 1.875000 0.283300
1.763000 1.875000 0.283200
1.838000 1.875000 0.282800
1.913000 1.875000 0.282400
1.988000 1.875000 0.281800
2.063000 1.875000 0.281000
2.138000 1.875000 0.280100
2.213000 1.875000 0.279100
2.288000 1.875000 0.278000
2.363000 1.875000 0.276800
2.438000 1.875000 0.275500
2.513000 1.875000 0.274100
2.588000 1.875000 0.272700
2.663000 1.875000 0.271300
2.738000 1.875000 0.269800
2.813000 1.875000 0.268300
2.888000 1.875000 0.266900
2.963000 1.875000 0.265500
3.038000 1.875000 0.264100
3.113000 1.875000 0.262800
3.188000 1.875000 0.261600
3.263000 1.875000 0.260500
3.338000 1.875000 0.259500
3.413000 1.875000 0.258700
3.488000 1.875000 0.257900
3.563000 1.875000 0.257300
3.638000 1.875000 0.256900
3.713000 1.875000 0.256600
3.788000 1.875000 0.256500
3.863000 1.875000 0.000000
-0.037500 2.025000 0.000000
0.037500 2.025000 0.232600
0.112500 2.025000 0.232700
0.187500 2.025000 0.232900
0.262500 2.025000 0.233100
0.337500 2.025000 0.233500
0.412500 2.025000 0.233900
0.487500 2.025000 0.234400
0.562500 2.025000 0.234900
0.637500 2.025000 0.235500
0.712500 2.025000 0.236100
0.787500 2.025000 0.236700
0.862500 2.025000 0.237300
0.937500 2.025000 0.237900
1.012000 2.025000 0.238500
1.087000 2.025000 0.239100
1.163000 2.025000 0.239600
1.238000 2.025000 0.240100
1.313000 2.025000 0.240400
1.388000 2.025000 0.240800
1.463000 2.025000 0.241000
1.538000 2.025000 0.241100
1.613000 2.025000 0.241100
1.688000 2.025000 0.241100
1.763000 2.025000 0.240900
1.838000 2.025000 0.240600
1.913000 2.025000 0.240100
1.988000 2.025000 0.239600
2.063000 2.025000 0.239000
2.138000 2.025000 0.238300
2.213000 2.025000 0.237500
2.288000 2.025000 0.236600
2.363000 2.025000 0.235600
2.438000 2.025000 0.234600
2.513000 2.025000 0.233500
2.588000 2.025000 0.232400
2.663000 2.025000 0.231300
2.738000 2.025000 0.230100
2.813000 2.025000 0.229000
2.888000 2.025000 0.227900
2.963000 2.025000 0.226800
3.038000 2.025000 0.225700
3.113000 2.025000 0.224700
3.188000 2.025000 0.223800
3.263000 2.025000 0.222900
3.338000 2.025000 0.222200
3.413000 2.025000 0.221500
3.488000 2.025000 0.220900
3.563000 2.025000 0.220500
3.638000 2.025000 0.220100
3.713000 2.025000 0.219900
3.788000 2.025000 0.219800
3.863000 2.025000 0.000000
-0.037500 2.175000 0.000000
0.037500 2.175000 0.194100
0.112500 2.175000 0.194100
0.187500 2.175000 0.194200
0.262500 2.175000 0.194400
0.337500 2.175000 0.194600
0.412500 2.175000 0.194900
0.487500 2.175000 0.195200
0.562500 2.175000 0.195500
0.637500 2.175000 0.195800
0.712500 2.175000 0.196200
0.787500 2.175000 0.196600
0.862500 2.175000 0.196900
0.937500 2.175000 0.197300
1.012000 2.175000 0.197700
1.087000 2.175000 0.198000
1.163000 2.175000 0.198300
1.238000 2.175000 0.198500
1.313000 2.175000 0.198700
1.388000 2.175000 0.198900
1.463000 2.175000 0.198900
1.538000 2.175000 0.199000
1.613000 2.175000 0.198900
1.688000 2.175000 0.198800
1.763000 2.175000 0.198600
1.838000 2.175000 0.198300
1.913000 2.175000 0.198000
1.988000 2.175000 0.197600
2.063000 2.175000 0.197100
2.138000 2.175000 0.196500
2.213000 2.175000 0.195900
2.288000 2.175000 0.195300
2.363000 2.175000 0.194500
2.438000 2.175000 0.193800
2.513000 2.175000 0.193000
2.588000 2.175000 0.192200
2.663000 2.175000 0.191400
2.738000 2.175000 0.190600
2.813000 2.175000 0.189700
2.888000 2.175000 0.188900
2.963000 2.175000 0.188100
3.038000 2.175000 0.187400
3.113000 2.175000 0.186700
3.188000 2.175000 0.186000
3.263000 2.175000 0.185400
3.338000 2.175000 0.184900
3.413000 2.175000 0.184400
3.488000 2.175000 0.184000
3.563000 2.175000 0.183700
3.638000 2.175000 0.183400
3.713000 2.175000 0.183300
3.788000 2.175000 0.183200
3.863000 2.175000 0.000000
-0.037500 2.325000 0.000000
0.037500 2.325000 0.169500
0.112500 2.325000 0.169600
0.187500 2.325000 0.169600
0.262500 2.325000 0.169700
0.337500 2.325000 0.169800
0.412500 2.325000 0.170000
0.487500 2.325000 0.170200
0.562500 2.325000 0.170400
0.637500 2.325000 0.170600
0.712500 2.325000 0.170800
0.787500 2.325000 0.171000
0.862500 2.325000 0.171200
0.937500 2.325000 0.171400
1.012000 2.325000 0.171600
1.087000 2.325000 0.171800
1.163000 2.325000 0.171900
1.238000 2.325000 0.172000
1.313000 2.325000 0.172100
1.388000 2.325000 0.172100
1.463000 2.325000 0.172100
1.538000 2.325000 0.172100
1.613000 2.325000 0.172000
1.688000 2.325000 0.171800
1.763000 2.325000 0.171600
1.838000 2.325000 0.171400
1.913000 2.325000 0.171100
1.988000 2.325000 0.170700
2.063000 2.325000 0.170300
2.138000 2.325000 0.169900
2.213000 2.325000 0.169400
2.288000 2.325000 0.168900
2.363000 2.325000 0.168400
2.438000 2.325000 0.167800
2.513000 2.325000 0.167200
2.588000 2.325000 0.166600
2.663000 2.325000 0.166000
2.738000 2.325000 0.165400
2.813000 2.325000 0.164700
2.888000 2.325000 0.164100
2.963000 2.325000 0.163600
3.038000 2.325000 0.163000
3.113000 2.325000 0.162500
3.188000 2.325000 0.162000
3.263000 2.325000 0.161600
3.338000 2.325000 0.161200
3.413000 2.325000 0.160800
3.488000 2.325000 0.160500
3.563000 2.325000 0.160300
3.638000 2.325000 0.160100
3.713000 2.325000 0.160000
3.788000 2.325000 0.160000
3.863000 2.325000 0.000000
-0.037500 2.475000 0.000000
0.037500 2.475000 0.158000
0.112500 2.475000 0.158000
0.187500 2.475000 0.158000
0.262500 2.475000 0.158100
0.337500 2.475000 0.158200
0.412500 2.475000 0.158300
0.487500 2.475000 0.158400
0.562500 2.475000 0.158600
0.637500 2.475000 0.158700
0.712500 2.475000 0.158900
0.787500 2.475000 0.159100
0.862500 2.475000 0.159200
0.937500 2.475000 0.159400
1.012000 2.475000 0.159500
1.087000 2.475000 0.159600
1.163000 2.475000 0.159700
1.238000 2.475000 0.159800
1.313000 2.475000 0.159800
1.388000 2.475000 0.159800
1.463000 2.475000 0.159800
1.538000 2.475000 0.159700
1.613000 2.475000 0.159600
1.688000 2.475000 0.159400
1.763000 2.475000 0.159300
1.838000 2.475000 0.159000
1.913000 2.475000 0.158700
1.988000 2.475000 0.158400
2.063000 2.475000 0.158100
2.138000 2.475000 0.157700
2.213000 2.475000 0.157200
2.288000 2.475000 0.156800
2.363000 2.475000 0.156300
2.438000 2.475000 0.155800
2.513000 2.475000 0.155300
2.588000 2.475000 0.154700
2.663000 2.475000 0.154200
2.738000 2.475000 0.153700
2.813000 2.475000 0.153100
2.888000 2.475000 0.152600
2.963000 2.475000 0.152100
3.038000 2.475000 0.151700
3.113000 2.475000 0.151200
3.188000 2.475000 0.150800
3.263000 2.475000 0.150400
3.338000 2.475000 0.150100
3.413000 2.475000 0.149800
3.488000 2.475000 0.149500
3.563000 2.475000 0.149300
3.638000 2.475000 0.149200
3.713000 2.475000 0.149100
3.788000 2.475000 0.149000
3.863000 2.475000 0.000000
-0.037500 2.625000 0.000000
0.037500 2.625000 0.147200
0.112500 2.625000 0.147300
0.187500 2.625000 0.147300
0.262500 2.625000 0.147400
0.337500 2.625000 0.147400
0.412500 2.625000 0.147500
0.487500 2.625000 0.147600
0.562500 2.625000 0.147700
0.637500 2.625000 0.147900
0.712500 2.625000 0.148000
0.787500 2.625000 0.148100
0.862500 2.625000 0.148200
0.937500 2.625000 0.148300
1.012000 2.625000 0.148400
1.087000 2.625000 0.148500
1.163000 2.625000 0.148600
1.238000 2.625000 0.148600
1.313000 2.625000 0.148600
1.388000 2.625000 0.148600
1.463000 2.625000 0.148600
1.538000 2.625000 0.148500
1.613000 2.625000 0.148400
1.688000 2.625000 0.148200
1.763000 2.625000 0.148000
1.838000 2.625000 0.147800
1.913000 2.625000 0.147500
1.988000 2.625000 0.147200
2.063000 2.625000 0.146900
2.138000 2.625000 0.146600
2.213000 2.625000 0.146200
2.288000 2.625000 0.145800
2.363000 2.625000 0.145300
2.438000 2.625000 0.144900
2.513000 2.625000 0.144400
2.588000 2.625000 0.143900
2.663000 2.625000 0.143500
2.738000 2.625000 0.143000
2.813000 2.625000 0.142500
2.888000 2.625000 0.142100
2.963000 2.625000 0.141600
3.038000 2.625000 0.141200
3.113000 2.625000 0.140800
3.188000 2.625000 0.140500
3.263000 2.625000 0.140100
3.338000 2.625000 0.139900
3.413000 2.625000 0.139600
3.488000 2.625000 0.139400
3.563000 2.625000 0.139200
3.638000 2.625000 0.139100
3.713000 2.625000 0.139000
3.788000 2.625000 0.138900
3.863000 2.625000 0.000000
-0.037500 2.775000 0.000000
0.037500 2.775000 0.137500
0.112500 2.775000 0.137500
0.187500 2.775000 0.137600
0.262500 2.775000 0.137600
0.337500 2.775000 0.137700
0.412500 2.775000 0.137700
0.487500 2.775000 0.137800
0.562500 2.775000 0.137900
0.637500 2.775000 0.138000
0.712500 2.775000 0.138100
0.787500 2.775000 0.138200
0.862500 2.775000 0.138300
0.937500 2.775000 0.138400
1.012000 2.775000 0.138500
1.087000 2.775000 0.138500
1.163000 2.775000 0.138600
1.238000 2.775000 0.138600
1.313000 2.775000 0.138600
1.388000 2.775000 0.138600
1.463000 2.775000 0.138500
1.538000 2.775000 0.138400
1.613000 2.775000 0.138300
1.688000 2.775000 0.138200
1.763000 2.775000 0.138000
1.838000 2.775000 0.137800
1.913000 2.775000 0.137500
1.988000 2.775000 0.137300
2.063000 2.775000 0.137000
2.138000 2.775000 0.136600
2.213000 2.775000 0.136300
2.288000 2.775000 0.135900
2.363000 2.775000 0.135500
2.438000 2.775000 0.135100
2.513000 2.775000 0.134700
2.588000 2.775000 0.134300
2.663000 2.775000 0.133800
2.738000 2.775000 0.133400
2.813000 2.775000 0.133000
2.888000 2.775000 0.132600
2.963000 2.775000 0.132200
3.038000 2.775000 0.131800
3.113000 2.775000 0.131500
3.188000 2.775000 0.131100
3.263000 2.775000 0.130800
3.338000 2.775000 0.130600
3.413000 2.775000 0.130300
3.488000 2.775000 0.130200
3.563000 2.775000 0.130000
3.638000 2.775000 0.129900
3.713000 2.775000 0.129800
3.788000 2.775000 0.129800
3.863000 2.775000 0.000000
-0.037500 2.925000 0.000000
0.037500 2.925000 0.120100
0.112500 2.925000 0.120100
0.187500 2.925000 0.120100
0.262500 2.925000 0.120200
0.337500 2.925000 0.120200
0.412500 2.925000 0.120300
0.487500 2.925000 0.120400
0.562500 2.925000 0.120500
0.637500 2.925000 0.120500
0.712500 2.925000 0.120600
0.787500 2.925000 0.120700
0.862500 2.925000 0.120800
0.937500 2.925000 0.120900
1.012000 2.925000 0.120900
1.087000 2.925000 0.121000
1.163000 2.925000 0.121000
1.238000 2.925000 0.121000
1.313000 2.925000 0.121000
1.388000 2.925000 0.121000
1.463000 2.925000 0.120900
1.538000 2.925000 0.120900
1.613000 2.925000 0.120800
1.688000 2.925000 0.120600
1.763000 2.925000 0.120500
1.838000 2.925000 0.120300
1.913000 2.925000 0.120100
1.988000 2.925000 0.119800
2.063000 2.925000 0.119600
2.138000 2.925000 0.119300
2.213000 2.925000 0.119000
2.288000 2.925000 0.118600
2.363000 2.925000 0.118300
2.438000 2.925000 0.117900
2.513000 2.925000 0.117600
2.588000 2.925000 0.117200
2.663000 2.925000 0.116800
2.738000 2.925000 0.116500
2.813000 2.925000 0.116100
2.888000 2.925000 0.115800
2.963000 2.925000 0.115400
3.038000 2.925000 0.115100
3.113000 2.925000 0.114800
3.188000 2.925000 0.114500
3.263000 2.925000 0.114200
3.338000 2.925000 0.114000
3.413000 2.925000 0.113800
3.488000 2.925000 0.113600
3.563000 2.925000 0.113500
3.638000 2.925000 0.113400
3.713000 2.925000 0.113300
3.788000 2.925000 0.113300
3.863000 2.925000 0.000000
-0.037500 3.075000 0.000000
0.037500 3.075000 0.097450
0.112500 3.075000 0.097470
0.187500 3.075000 0.097490
0.262500 3.075000 0.097520
0.337500 3.075000 0.097560
0.412500 3.075000 0.097610
0.487500 3.075000 0.097670
0.562500 3.075000 0.097730
0.637500 3.075000 0.097790
0.712500 3.075000 0.097860
0.787500 3.075000 0.097920
0.862500 3.075000 0.097980
0.937500 3.075000 0.098030
1.012000 3.075000 0.098070
1.087000 3.075000 0.098110
1.163000 3.075000 0.098130
1.238000 3.075000 0.098140
1.313000 3.075000 0.098130
1.388000 3.075000 0.098100
1.463000 3.075000 0.098050
1.538000 3.075000 0.097990
1.613000 3.075000 0.097900
1.688000 3.075000 0.097790
1.763000 3.075000 0.097660
1.838000 3.075000 0.097510
1.913000 3.075000 0.097330
1.988000 3.075000 0.097140
2.063000 3.075000 0.096920
2.138000 3.075000 0.096690
2.213000 3.075000 0.096440
2.288000 3.075000 0.096180
2.363000 3.075000 0.095900
2.438000 3.075000 0.095620
2.513000 3.075000 0.095330
2.588000 3.075000 0.095030
2.663000 3.075000 0.094730
2.738000 3.075000 0.094440
2.813000 3.075000 0.094150
2.888000 3.075000 0.093860
2.963000 3.075000 0.093590
3.038000 3.075000 0.093330
3.113000 3.075000 0.093090
3.188000 3.075000 0.092860
3.263000 3.075000 0.092660
3.338000 3.075000 0.092470
3.413000 3.075000 0.092310
3.488000 3.075000 0.092180
3.563000 3.075000 0.092070
3.638000 3.075000 0.091990
3.713000 3.075000 0.091930
3.788000 3.075000 0.091900
3.863000 3.075000 0.000000
-0.037500 3.225000 0.000000
0.037500 3.225000 0.078180
0.112500 3.225000 0.078190
0.187500 3.225000 0.078210
0.262500 3.225000 0.078230
0.337500 3.225000 0.078260
0.412500 3.225000 0.078300
0.487500 3.225000 0.078340
0.562500 3.225000 0.078380
0.637500 3.225000 0.078430
0.712500 3.225000 0.078470
0.787500 3.225000 0.078520
0.862500 3.225000 0.078560
0.937500 3.225000 0.078600
1.012000 3.225000 0.078630
1.087000 3.225000 0.078650
1.163000 3.225000 0.078670
1.238000 3.225000 0.078670
1.313000 3.225000 0.078660
1.388000 3.225000 0.078630
1.463000 3.225000 0.078590
1.538000 3.225000 0.078530
1.613000 3.225000 0.078460
1.688000 3.225000 0.078370
1.763000 3.225000 0.078260
1.838000 3.225000 0.078140
1.913000 3.225000 0.078000
1.988000 3.225000 0.077840
2.063000 3.225000 0.077670
2.138000 3.225000 0.077490
2.213000 3.225000 0.077290
2.288000 3.225000 0.077080
2.363000 3.225000 0.076860
2.438000 3.225000 0.076640
2.513000 3.225000 0.076410
2.588000 3.225000 0.076170
2.663000 3.225000 0.075940
2.738000 3.225000 0.075700
2.813000 3.225000 0.075470
2.888000 3.225000 0.075250
2.963000 3.225000 0.075030
3.038000 3.225000 0.074830
3.113000 3.225000 0.074640
3.188000 3.225000 0.074460
3.263000 3.225000 0.074300
3.338000 3.225000 0.074150
3.413000 3.225000 0.074020
3.488000 3.225000 0.073920
3.563000 3.225000 0.073830
3.638000 3.225000 0.073760
3.713000 3.225000 0.073710
3.788000 3.225000 0.073680
3.863000 3.225000 0.000000
-0.037500 3.375000 0.000000
0.037500 3.375000 0.062050
0.112500 3.375000 0.062050
0.187500 3.375000 0.062070
0.262500 3.375000 0.062080
0.337500 3.375000 0.062100
0.412500 3.375000 0.062130
0.487500 3.375000 0.062160
0.562500 3.375000 0.062190
0.637500 3.375000 0.062220
0.712500 3.375000 0.062260
0.787500 3.375000 0.062290
0.862500 3.375000 0.062320
0.937500 3.375000 0.062350
1.012000 3.375000 0.062370
1.087000 3.375000 0.062380
1.163000 3.375000 0.062390
1.238000 3.375000 0.062380
1.313000 3.375000 0.062370
1.388000 3.375000 0.062350
1.463000 3.375000 0.062310
1.538000 3.375000 0.062270
1.613000 3.375000 0.062210
1.688000 3.375000 0.062130
1.763000 3.375000 0.062050
1.838000 3.375000 0.061950
1.913000 3.375000 0.061840
1.988000 3.375000 0.061710
2.063000 3.375000 0.061580
2.138000 3.375000 0.061430
2.213000 3.375000 0.061280
2.288000 3.375000 0.061110
2.363000 3.375000 0.060940
2.438000 3.375000 0.060770
2.513000 3.375000 0.060590
2.588000 3.375000 0.060400
2.663000 3.375000 0.060220
2.738000 3.375000 0.060040
2.813000 3.375000 0.059860
2.888000 3.375000 0.059680
2.963000 3.375000 0.059510
3.038000 3.375000 0.059350
3.113000 3.375000 0.059200
3.188000 3.375000 0.059060
3.263000 3.375000 0.058940
3.338000 3.375000 0.058820
3.413000 3.375000 0.058720
3.488000 3.375000 0.058640
3.563000 3.375000 0.058570
3.638000 3.375000 0.058510
3.713000 3.375000 0.058470
3.788000 3.375000 0.058450
3.863000 3.375000 0.000000
-0.037500 3.525000 0.000000
0.037500 3.525000 0.048740
0.112500 3.525000 0.048750
0.187500 3.525000 0.048760
0.262500 3.525000 0.048770
0.337500 3.525000 0.048780
0.412500 3.525000 0.048800
0.487500 3.525000 0.048820
0.562500 3.525000 0.048850
0.637500 3.525000 0.048870
0.712500 3.525000 0.048890
0.787500 3.525000 0.048910
0.862500 3.525000 0.048930
0.937500 3.525000 0.048950
1.012000 3.525000 0.048960
1.087000 3.525000 0.048970
1.163000 3.525000 0.048970
1.238000 3.525000 0.048970
1.313000 3.525000 0.048960
1.388000 3.525000 0.048940
1.463000 3.525000 0.048910
1.538000 3.525000 0.048870
1.613000 3.525000 0.048820
1.688000 3.525000 0.048760
1.763000 3.525000 0.048690
1.838000 3.525000 0.048620
1.913000 3.525000 0.048530
1.988000 3.525000 0.048430
2.063000 3.525000 0.048330
2.138000 3.525000 0.048210
2.213000 3.525000 0.048090
2.288000 3.525000 0.047960
2.363000 3.525000 0.047830
2.438000 3.525000 0.047690
2.513000 3.525000 0.047560
2.588000 3.525000 0.047410
2.663000 3.525000 0.047270
2.738000 3.525000 0.047130
2.813000 3.525000 0.046990
2.888000 3.525000 0.046860
2.963000 3.525000 0.046730
3.038000 3.525000 0.046600
3.113000 3.525000 0.046490
3.188000 3.525000 0.046380
3.263000 3.525000 0.046280
3.338000 3.525000 0.046190
3.413000 3.525000 0.046120
3.488000 3.525000 0.046050
3.563000 3.525000 0.045990
3.638000 3.525000 0.045950
3.713000 3.525000 0.045920
3.788000 3.525000 0.045900
3.863000 3.525000 0.000000
-0.037500 3.675000 0.000000
0.037500 3.675000 0.037930
0.112500 3.675000 0.037930
0.187500 3.675000 0.037940
0.262500 3.675000 0.037950
0.337500 3.675000 0.037960
0.412500 3.675000 0.037970
0.487500 3.675000 0.037990
0.562500 3.675000 0.038000
0.637500 3.675000 0.038020
0.712500 3.675000 0.038030
0.787500 3.675000 0.038050
0.862500 3.675000 0.038060
0.937500 3.675000 0.038070
1.012000 3.675000 0.038080
1.087000 3.675000 0.038090
1.163000 3.675000 0.038090
1.238000 3.675000 0.038080
1.313000 3.675000 0.038070
1.388000 3.675000 0.038050
1.463000 3.675000 0.038030
1.538000 3.675000 0.037990
1.613000 3.675000 0.037960
1.688000 3.675000 0.037910
1.763000 3.675000 0.037860
1.838000 3.675000 0.037800
1.913000 3.675000 0.037730
1.988000 3.675000 0.037650
2.063000 3.675000 0.037570
2.138000 3.675000 0.037480
2.213000 3.675000 0.037390
2.288000 3.675000 0.037290
2.363000 3.675000 0.037190
2.438000 3.675000 0.037080
2.513000 3.675000 0.036980
2.588000 3.675000 0.036870
2.663000 3.675000 0.036760
2.738000 3.675000 0.036650
2.813000 3.675000 0.036550
2.888000 3.675000 0.036440
2.963000 3.675000 0.036350
3.038000 3.675000 0.036250
3.113000 3.675000 0.036160
3.188000 3.675000 0.036080
3.263000 3.675000 0.036000
3.338000 3.675000 0.035940
3.413000 3.675000 0.035880
3.488000 3.675000 0.035820
3.563000 3.675000 0.035780
3.638000 3.675000 0.035750
3.713000 3.675000 0.035720
3.788000 3.675000 0.035710
3.863000 3.675000 0.000000
-0.037500 3.825000 0.000000
0.037500 3.825000 0.029270
0.112500 3.825000 0.029270
0.187500 3.825000 0.029270
0.262500 3.825000 0.029280
0.337500 3.825000 0.029290
0.412500 3.825000 0.029290
0.487500 3.825000 0.029300
0.562500 3.825000 0.029310
0.637500 3.825000 0.029330
0.712500 3.825000 0.029340
0.787500 3.825000 0.029350
0.862500 3.825000 0.029350
0.937500 3.825000 0.029360
1.012000 3.825000 0.029370
1.087000 3.825000 0.029370
1.163000 3.825000 0.029370
1.238000 3.825000 0.029360
1.313000 3.825000 0.029350
1.388000 3.825000 0.029330
1.463000 3.825000 0.029310
1.538000 3.825000 0.029290
1.613000 3.825000 0.029260
1.688000 3.825000 0.029220
1.763000 3.825000 0.029180
1.838000 3.825000 0.029130
1.913000 3.825000 0.029080
1.988000 3.825000 0.029020
2.063000 3.825000 0.028960
2.138000 3.825000 0.028890
2.213000 3.825000 0.028820
2.288000 3.825000 0.028750
2.363000 3.825000 0.028670
2.438000 3.825000 0.028590
2.513000 3.825000 0.028510
2.588000 3.825000 0.028430
2.663000 3.825000 0.028340
2.738000 3.825000 0.028260
2.813000 3.825000 0.028180
2.888000 3.825000 0.028110
2.963000 3.825000 0.028030
3.038000 3.825000 0.027960
3.113000 3.825000 0.027890
3.188000 3.825000 0.027830
3.263000 3.825000 0.027770
3.338000 3.825000 0.027720
3.413000 3.825000 0.027670
3.488000 3.825000 0.027640
3.563000 3.825000 0.027600
3.638000 3.825000 0.027570
3.713000 3.825000 0.027550
3.788000 3.825000 0.027540
3.863000 3.825000 0.000000
-0.037500 3.975000 0.000000
0.037500 3.975000 0.022420
0.112500 3.975000 0.022420
0.187500 3.975000 0.022420
0.262500 3.975000 0.022420
0.337500 3.975000 0.022430
0.412500 3.975000 0.022430
0.487500 3.975000 0.022440
0.562500 3.975000 0.022450
0.637500 3.975000 0.022460
0.712500 3.975000 0.022460
0.787500 3.975000 0.022470
0.862500 3.975000 0.022470
0.937500 3.975000 0.022480
1.012000 3.975000 0.022480
1.087000 3.975000 0.022480
1.163000 3.975000 0.022480
1.238000 3.975000 0.022470
1.313000 3.975000 0.022460
1.388000 3.975000 0.022450
1.463000 3.975000 0.022430
1.538000 3.975000 0.022410
1.613000 3.975000 0.022390
1.688000 3.975000 0.022360
1.763000 3.975000 0.022330
1.838000 3.975000 0.022290
1.913000 3.975000 0.022250
1.988000 3.975000 0.022210
2.063000 3.975000 0.022160
2.138000 3.975000 0.022110
2.213000 3.975000 0.022060
2.288000 3.975000 0.022000
2.363000 3.975000 0.021940
2.438000 3.975000 0.021880
2.513000 3.975000 0.021820
2.588000 3.975000 0.021760
2.663000 3.975000 0.021700
2.738000 3.975000 0.021640
2.813000 3.975000 0.021580
2.888000 3.975000 0.021520
2.963000 3.975000 0.021460
3.038000 3.975000 0.021410
3.113000 3.975000 0.021360
3.188000 3.975000 0.021310
3.263000 3.975000 0.021270
3.338000 3.975000 0.021230
3.413000 3.975000 0.021190
3.488000 3.975000 0.021160
3.563000 3.975000 0.021140
3.638000 3.975000 0.021120
3.713000 3.975000 0.021100
3.788000 3.975000 0.021090
3.863000 3.975000 0.000000
-0.037500 4.125000 0.000000
0.037500 4.125000 0.017080
0.112500 4.125000 0.017080
0.187500 4.125000 0.017080
0.262500 4.125000 0.017080
0.337500 4.125000 0.017080
0.412500 4.125000 0.017090
0.487500 4.125000 0.017090
0.562500 4.125000 0.017100
0.637500 4.125000 0.017100
0.712500 4.125000 0.017110
0.787500 4.125000 0.017110
0.862500 4.125000 0.017110
0.937500 4.125000 0.017120
1.012000 4.125000 0.017120
1.087000 4.125000 0.017110
1.163000 4.125000 0.017110
1.238000 4.125000 0.017110
1.313000 4.125000 0.017100
1.388000 4.125000 0.017090
1.463000 4.125000 0.017080
1.538000 4.125000 0.017060
1.613000 4.125000 0.017040
1.688000 4.125000 0.017020
1.763000 4.125000 0.017000
1.838000 4.125000 0.016970
1.913000 4.125000 0.016940
1.988000 4.125000 0.016900
2.063000 4.125000 0.016870
2.138000 4.125000 0.016830
2.213000 4.125000 0.016790
2.288000 4.125000 0.016750
2.363000 4.125000 0.016700
2.438000 4.125000 0.016660
2.513000 4.125000 0.016610
2.588000 4.125000 0.016570
2.663000 4.125000 0.016520
2.738000 4.125000 0.016470
2.813000 4.125000 0.016430
2.888000 4.125000 0.016390
2.963000 4.125000 0.016340
3.038000 4.125000 0.016300
3.113000 4.125000 0.016270
3.188000 4.125000 0.016230
3.263000 4.125000 0.016200
3.338000 4.125000 0.016170
3.413000 4.125000 0.016140
3.488000 4.125000 0.016120
3.563000 4.125000 0.016100
3.638000 4.125000 0.016090
3.713000 4.125000 0.016070
3.788000 4.125000 0.016070
3.863000 4.125000 0.000000
-0.037500 4.275000 0.000000
0.037500 4.275000 0.012980
0.112500 4.275000 0.012980
0.187500 4.275000 0.012980
0.262500 4.275000 0.012980
0.337500 4.275000 0.012990
0.412500 4.275000 0.012990
0.487500 4.275000 0.012990
0.562500 4.275000 0.012990
0.637500 4.275000 0.013000
0.712500 4.275000 0.013000
0.787500 4.275000 0.013000
0.862500 4.275000 0.013000
0.937500 4.275000 0.013000
1.012000 4.275000 0.013000
1.087000 4.275000 0.013000
1.163000 4.275000 0.013000
1.238000 4.275000 0.012990
1.313000 4.275000 0.012990
1.388000 4.275000 0.012980
1.463000 4.275000 0.012970
1.538000 4.275000 0.012960
1.613000 4.275000 0.012940
1.688000 4.275000 0.012930
1.763000 4.275000 0.012910
1.838000 4.275000 0.012890
1.913000 4.275000 0.012860
1.988000 4.275000 0.012840
2.063000 4.275000 0.012810
2.138000 4.275000 0.012780
2.213000 4.275000 0.012750
2.288000 4.275000 0.012720
2.363000 4.275000 0.012690
2.438000 4.275000 0.012650
2.513000 4.275000 0.012620
2.588000 4.275000 0.012580
2.663000 4.275000 0.012550
2.738000 4.275000 0.012520
2.813000 4.275000 0.012480
2.888000 4.275000 0.012450
2.963000 4.275000 0.012420
3.038000 4.275000 0.012390
3.113000 4.275000 0.012360
3.188000 4.275000 0.012330
3.263000 4.275000 0.012310
3.338000 4.275000 0.012290
3.413000 4.275000 0.012270
3.488000 4.275000 0.012250
3.563000 4.275000 0.012240
3.638000 4.275000 0.012230
3.713000 4.275000 0.012220
3.788000 4.275000 0.012210
3.863000 4.275000 0.000000
-0.037500 4.425000 0.000000
0.037500 4.425000 0.009900
0.112500 4.425000 0.009900
0.187500 4.425000 0.009901
0.262500 4.425000 0.009902
0.337500 4.425000 0.009903
0.412500 4.425000 0.009905
0.487500 4.425000 0.009906
0.562500 4.425000 0.009908
0.637500 4.425000 0.009910
0.712500 4.425000 0.009911
0.787500 4.425000 0.009912
0.862500 4.425000 0.009913
0.937500 4.425000 0.009913
1.012000 4.425000 0.009912
1.087000 4.425000 0.009911
1.163000 4.425000 0.009908
1.238000 4.425000 0.009904
1.313000 4.425000 0.009899
1.388000 4.425000 0.009892
1.463000 4.425000 0.009884
1.538000 4.425000 0.009874
1.613000 4.425000 0.009863
1.688000 4.425000 0.009850
1.763000 4.425000 0.009835
1.838000 4.425000 0.009819
1.913000 4.425000 0.009802
1.988000 4.425000 0.009782
2.063000 4.425000 0.009762
2.138000 4.425000 0.009740
2.213000 4.425000 0.009717
2.288000 4.425000 0.009694
2.363000 4.425000 0.009669
2.438000 4.425000 0.009644
2.513000 4.425000 0.009618
2.588000 4.425000 0.009593
2.663000 4.425000 0.009567
2.738000 4.425000 0.009542
2.813000 4.425000 0.009517
2.888000 4.425000 0.009492
2.963000 4.425000 0.009469
3.038000 4.425000 0.009447
3.113000 4.425000 0.009426
3.188000 4.425000 0.009406
3.263000 4.425000 0.009388
3.338000 4.425000 0.009372
3.413000 4.425000 0.009358
3.488000 4.425000 0.009345
3.563000 4.425000 0.009334
3.638000 4.425000 0.009325
3.713000 4.425000 0.009317
3.788000 4.425000 0.009313
3.863000 4.425000 0.000000
-0.037500 4.575000 0.000000
0.037500 4.575000 0.007650
0.112500 4.575000 0.007650
0.187500 4.575000 0.007650
0.262500 4.575000 0.007651
0.337500 4.575000 0.007652
0.412500 4.575000 0.007653
0.487500 4.575000 0.007654
0.562500 4.575000 0.007655
0.637500 4.575000 0.007656
0.712500 4.575000 0.007656
0.787500 4.575000 0.007657
0.862500 4.575000 0.007657
0.937500 4.575000 0.007657
1.012000 4.575000 0.007656
1.087000 4.575000 0.007654
1.163000 4.575000 0.007651
1.238000 4.575000 0.007648
1.313000 4.575000 0.007644
1.388000 4.575000 0.007638
1.463000 4.575000 0.007632
1.538000 4.575000 0.007624
1.613000 4.575000 0.007615
1.688000 4.575000 0.007605
1.763000 4.575000 0.007594
1.838000 4.575000 0.007581
1.913000 4.575000 0.007567
1.988000 4.575000 0.007553
2.063000 4.575000 0.007537
2.138000 4.575000 0.007520
2.213000 4.575000 0.007503
2.288000 4.575000 0.007485
2.363000 4.575000 0.007466
2.438000 4.575000 0.007447
2.513000 4.575000 0.007428
2.588000 4.575000 0.007408
2.663000 4.575000 0.007389
2.738000 4.575000 0.007370
2.813000 4.575000 0.007351
2.888000 4.575000 0.007333
2.963000 4.575000 0.007315
3.038000 4.575000 0.007298
3.113000 4.575000 0.007282
3.188000 4.575000 0.007268
3.263000 4.575000 0.007254
3.338000 4.575000 0.007242
3.413000 4.575000 0.007231
3.488000 4.575000 0.007221
3.563000 4.575000 0.007213
3.638000 4.575000 0.007205
3.713000 4.575000 0.007200
3.788000 4.575000 0.007196
3.863000 4.575000 0.000000
-0.037500 4.725000 0.000000
0.037500 4.725000 0.006084
0.112500 4.725000 0.006084
0.187500 4.725000 0.006085
0.262500 4.725000 0.006085
0.337500 4.725000 0.006086
0.412500 4.725000 0.006086
0.487500 4.725000 0.006087
0.562500 4.725000 0.006087
0.637500 4.725000 0.006088
0.712500 4.725000 0.006088
0.787500 4.725000 0.006088
0.862500 4.725000 0.006088
0.937500 4.725000 0.006087
1.012000 4.725000 0.006086
1.087000 4.725000 0.006084
1.163000 4.725000 0.006082
1.238000 4.725000 0.006079
1.313000 4.725000 0.006075
1.388000 4.725000 0.006071
1.463000 4.725000 0.006065
1.538000 4.725000 0.006059
1.613000 4.725000 0.006052
1.688000 4.725000 0.006044
1.763000 4.725000 0.006035
1.838000 4.725000 0.006025
1.913000 4.725000 0.006014
1.988000 4.725000 0.006002
2.063000 4.725000 0.005990
2.138000 4.725000 0.005977
2.213000 4.725000 0.005963
2.288000 4.725000 0.005949
2.363000 4.725000 0.005935
2.438000 4.725000 0.005920
2.513000 4.725000 0.005905
2.588000 4.725000 0.005889
2.663000 4.725000 0.005874
2.738000 4.725000 0.005859
2.813000 4.725000 0.005845
2.888000 4.725000 0.005830
2.963000 4.725000 0.005817
3.038000 4.725000 0.005804
3.113000 4.725000 0.005791
3.188000 4.725000 0.005780
3.263000 4.725000 0.005769
3.338000 4.725000 0.005760
3.413000 4.725000 0.005751
3.488000 4.725000 0.005743
3.563000 4.725000 0.005737
3.638000 4.725000 0.005731
3.713000 4.725000 0.005727
3.788000 4.725000 0.005724
3.863000 4.725000 0.000000
-0.037500 4.875000 0.000000
0.037500 4.875000 0.005097
0.112500 4.875000 0.005097
0.187500 4.875000 0.005097
0.262500 4.875000 0.005097
0.337500 4.875000 0.005097
0.412500 4.875000 0.005097
0.487500 4.875000 0.005098
0.562500 4.875000 0.005098
0.637500 4.875000 0.005098
0.712500 4.875000 0.005098
0.787500 4.875000 0.005098
0.862500 4.875000 0.005097
0.937500 4.875000 0.005097
1.012000 4.875000 0.005096
1.087000 4.875000 0.005094
1.163000 4.875000 0.005092
1.238000 4.875000 0.005089
1.313000 4.875000 0.005086
1.388000 4.875000 0.005082
1.463000 4.875000 0.005077
1.538000 4.875000 0.005072
1.613000 4.875000 0.005066
1.688000 4.875000 0.005059
1.763000 4.875000 0.005051
1.838000 4.875000 0.005043
1.913000 4.875000 0.005034
1.988000 4.875000 0.005024
2.063000 4.875000 0.005014
2.138000 4.875000 0.005003
2.213000 4.875000 0.004992
2.288000 4.875000 0.004980
2.363000 4.875000 0.004968
2.438000 4.875000 0.004956
2.513000 4.875000 0.004943
2.588000 4.875000 0.004931
2.663000 4.875000 0.004918
2.738000 4.875000 0.004906
2.813000 4.875000 0.004894
2.888000 4.875000 0.004882
2.963000 4.875000 0.004871
3.038000 4.875000 0.004860
3.113000 4.875000 0.004850
3.188000 4.875000 0.004841
3.263000 4.875000 0.004832
3.338000 4.875000 0.004824
3.413000 4.875000 0.004817
3.488000 4.875000 0.004810
3.563000 4.875000 0.004805
3.638000 4.875000 0.004800
3.713000 4.875000 0.004796
3.788000 4.875000 0.004794
3.863000 4.875000 0.000000
-0.037500 5.025000 0.000000
0.037500 5.025000 0.004620
0.112500 5.025000 0.004620
0.187500 5.025000 0.004620
0.262500 5.025000 0.004620
0.337500 5.025000 0.004620
0.412500 5.025000 0.004620
0.487500 5.025000 0.004620
0.562500 5.025000 0.004620
0.637500 5.025000 0.004620
0.712500 5.025000 0.004620
0.787500 5.025000 0.004620
0.862500 5.025000 0.004619
0.937500 5.025000 0.004618
1.012000 5.025000 0.004617
1.087000 5.025000 0.004616
1.163000 5.025000 0.004614
1.238000 5.025000 0.004611
1.313000 5.025000 0.004608
1.388000 5.025000 0.004604
1.463000 5.025000 0.004600
1.538000 5.025000 0.004595
1.613000 5.025000 0.004589
1.688000 5.025000 0.004583
1.763000 5.025000 0.004576
1.838000 5.025000 0.004569
1.913000 5.025000 0.004561
1.988000 5.025000 0.004552
2.063000 5.025000 0.004543
2.138000 5.025000 0.004533
2.213000 5.025000 0.004523
2.288000 5.025000 0.004512
2.363000 5.025000 0.004501
2.438000 5.025000 0.004490
2.513000 5.025000 0.004479
2.588000 5.025000 0.004468
2.663000 5.025000 0.004457
2.738000 5.025000 0.004446
2.813000 5.025000 0.004435
2.888000 5.025000 0.004424
2.963000 5.025000 0.004414
3.038000 5.025000 0.004405
3.113000 5.025000 0.004396
3.188000 5.025000 0.004387
3.263000 5.025000 0.004379
3.338000 5.025000 0.004372
3.413000 5.025000 0.004366
3.488000 5.025000 0.004360
3.563000 5.025000 0.004355
3.638000 5.025000 0.004351
3.713000 5.025000 0.004347
3.788000 5.025000 0.004345
3.863000 5.025000 0.000000
-0.037500 5.175000 0.000000
0.037500 5.175000 0.000000
0.112500 5.175000 0.000000
0.187500 5.175000 0.000000
0.262500 5.175000 0.000000
0.337500 5.175000 0.000000
0.412500 5.175000 0.000000
0.487500 5.175000 0.000000
0.562500 5.175000 0.000000
0.637500 5.175000 0.000000
0.712500 5.175000 0.000000
0.787500 5.175000 0.000000
0.862500 5.175000 0.000000
0.937500 5.175000 0.000000
1.012000 5.175000 0.000000
1.087000 5.175000 0.000000
1.163000 5.175000 0.000000
1.238000 5.175000 0.000000
1.313000 5.175000 0.000000
1.388000 5.175000 0.000000
1.463000 5.175000 0.000000
1.538000 5.175000 0.000000
1.613000 5.175000 0.000000
1.688000 5.175000 0.000000
1.763000 5.175000 0.000000
1.838000 5.175000 0.000000
1.913000 5.175000 0.000000
1.988000 5.175000 0.000000
2.063000 5.175000 0.000000
2.138000 5.175000 0.000000
2.213000 5.175000 0.000000
2.288000 5.175000 0.000000
2.363000 5.175000 0.000000
2.438000 5.175000 0.000000
2.513000 5.175000 0.000000
2.588000 5.175000 0.000000
2.663000 5.175000 0.000000
2.738000 5.175000 0.000000
2.813000 5.175000 0.000000
2.888000 5.175000 0.000000
2.963000 5.175000 0.000000
3.038000 5.175000 0.000000
3.113000 5.175000 0.000000
3.188000 5.175000 0.000000
3.263000 5.175000 0.000000
3.338000 5.175000 0.000000
3.413000 5.175000 0.000000
3.488000 5.175000 0.000000
3.563000 5.175000 0.000000
3.638000 5.175000 0.000000
3.713000 5.175000 0.000000
3.788000 5.175000 0.000000
3.863000 5.175000 0.000000
