-0.037500 -0.075000 0.000000
0.037500 -0.075000 0.000000
0.112500 -0.075000 0.000000
0.187500 -0.075000 0.000000
0.262500 -0.075000 0.000000
0.337500 -0.075000 0.000000
0.412500 -0.075000 0.000000
0.487500 -0.075000 0.000000
0.562500 -0.075000 0.000000
0.637500 -0.075000 0.000000
0.712500 -0.075000 0.000000
0.787500 -0.075000 0.000000
0.862500 -0.075000 0.000000
0.937500 -0.075000 0.000000
1.012000 -0.075000 0.000000
1.087000 -0.075000 0.000000
1.163000 -0.075000 0.000000
1.238000 -0.075000 0.000000
1.313000 -0.075000 0.000000
1.388000 -0.075000 0.000000
1.463000 -0.075000 0.000000
1.538000 -0.075000 0.000000
1.613000 -0.075000 0.000000
1.688000 -0.075000 0.000000
1.763000 -0.075000 0.000000
1.838000 -0.075000 0.000000
1.913000 -0.075000 0.000000
1.988000 -0.075000 0.000000
2.063000 -0.075000 0.000000
2.138000 -0.075000 0.000000
2.213000 -0.075000 0.000000
2.288000 -0.075000 0.000000
2.363000 -0.075000 0.000000
2.438000 -0.075000 0.000000
2.513000 -0.075000 0.000000
2.588000 -0.075000 0.000000
2.663000 -0.075000 0.000000
2.738000 -0.075000 0.000000
2.813000 -0.075000 0.000000
2.888000 -0.075000 0.000000
2.963000 -0.075000 0.000000
3.038000 -0.075000 0.000000
3.113000 -0.075000 0.000000
3.188000 -0.075000 0.000000
3.263000 -0.075000 0.000000
3.338000 -0.075000 0.000000
3.413000 -0.075000 0.000000
3.488000 -0.075000 0.000000
3.563000 -0.075000 0.000000
3.638000 -0.075000 0.000000
3.713000 -0.075000 0.000000
3.788000 -0.075000 0.000000
3.863000 -0.075000 0.000000
-0.037500 0.075000 0.000000
0.037500 0.075000 0.074950
0.112500 0.075000 0.149900
0.187500 0.075000 0.224800
0.262500 0.075000 0.299800
0.337500 0.075000 0.374700
0.412500 0.075000 0.449500
0.487500 0.075000 0.524300
0.562500 0.075000 0.598900
0.637500 0.075000 0.673200
0.712500 0.075000 0.747100
0.787500 0.075000 0.820600
0.862500 0.075000 0.893300
0.937500 0.075000 0.965100
1.012000 0.075000 1.036000
1.087000 0.075000 1.104000
1.163000 0.075000 1.171000
1.238000 0.075000 1.235000
1.313000 0.075000 1.296000
1.388000 0.075000 1.353000
1.463000 0.075000 1.405000
1.538000 0.075000 1.451000
1.613000 0.075000 1.491000
1.688000 0.075000 1.524000
1.763000 0.075000 1.549000
1.838000 0.075000 1.566000
1.913000 0.075000 1.574000
1.988000 0.075000 1.573000
2.063000 0.075000 1.564000
2.138000 0.075000 1.548000
2.213000 0.075000 1.524000
2.288000 0.075000 1.494000
2.363000 0.075000 1.460000
2.438000 0.075000 1.422000
2.513000 0.075000 1.380000
2.588000 0.075000 1.337000
2.663000 0.075000 1.293000
2.738000 0.075000 1.249000
2.813000 0.075000 1.204000
2.888000 0.075000 1.161000
2.963000 0.075000 1.118000
3.038000 0.075000 1.076000
3.113000 0.075000 1.035000
3.188000 0.075000 0.996200
3.263000 0.075000 0.958600
3.338000 0.075000 0.922600
3.413000 0.075000 0.888100
3.488000 0.075000 0.855100
3.563000 0.075000 0.823600
3.638000 0.075000 0.793600
3.713000 0.075000 0.764900
3.788000 0.075000 0.737600
3.863000 0.075000 0.000000
-0.037500 0.225000 0.000000
0.037500 0.225000 0.074950
0.112500 0.225000 0.149900
0.187500 0.225000 0.224800
0.262500 0.225000 0.299800
0.337500 0.225000 0.374700
0.412500 0.225000 0.449500
0.487500 0.225000 0.524300
0.562500 0.225000 0.598900
0.637500 0.225000 0.673200
0.712500 0.225000 0.747100
0.787500 0.225000 0.820600
0.862500 0.225000 0.893300
0.937500 0.225000 0.965100
1.012000 0.225000 1.036000
1.087000 0.225000 1.104000
1.163000 0.225000 1.171000
1.238000 0.225000 1.235000
1.313000 0.225000 1.296000
1.388000 0.225000 1.353000
1.463000 0.225000 1.405000
1.538000 0.225000 1.451000
1.613000 0.225000 1.491000
1.688000 0.225000 1.524000
1.763000 0.225000 1.549000
1.838000 0.225000 1.566000
1.913000 0.225000 1.574000
1.988000 0.225000 1.573000
2.063000 0.225000 1.564000
2.138000 0.225000 1.548000
2.213000 0.225000 1.524000
2.288000 0.225000 1.494000
2.363000 0.225000 1.460000
2.438000 0.225000 1.422000
2.513000 0.225000 1.380000
2.588000 0.225000 1.337000
2.663000 0.225000 1.293000
2.738000 0.225000 1.249000
2.813000 0.225000 1.204000
2.888000 0.225000 1.161000
2.963000 0.225000 1.118000
3.038000 0.225000 1.076000
3.113000 0.225000 1.035000
3.188000 0.225000 0.996200
3.263000 0.225000 0.958600
3.338000 0.225000 0.922600
3.413000 0.225000 0.888100
3.488000 0.225000 0.855100
3.563000 0.225000 0.823600
3.638000 0.225000 0.793600
3.713000 0.225000 0.764900
3.788000 0.225000 0.737600
3.863000 0.225000 0.000000
-0.037500 0.375000 0.000000
0.037500 0.375000 0.238500
0.112500 0.375000 0.257100
0.187500 0.375000 0.286100
0.262500 0.375000 0.321700
0.337500 0.375000 0.361600
0.412500 0.375000 0.404400
0.487500 0.375000 0.449100
0.562500 0.375000 0.495000
0.637500 0.375000 0.541700
0.712500 0.375000 0.588900
0.787500 0.375000 0.636200
0.862500 0.375000 0.683200
0.937500 0.375000 0.729800
1.012000 0.375000 0.775500
1.087000 0.375000 0.820200
1.163000 0.375000 0.863300
1.238000 0.375000 0.904500
1.313000 0.375000 0.943400
1.388000 0.375000 0.979500
1.463000 0.375000 1.012000
1.538000 0.375000 1.041000
1.613000 0.375000 1.066000
1.688000 0.375000 1.086000
1.763000 0.375000 1.102000
1.838000 0.375000 1.112000
1.913000 0.375000 1.116000
1.988000 0.375000 1.116000
2.063000 0.375000 1.110000
2.138000 0.375000 1.099000
2.213000 0.375000 1.084000
2.288000 0.375000 1.066000
2.363000 0.375000 1.044000
2.438000 0.375000 1.019000
2.513000 0.375000 0.992900
2.588000 0.375000 0.965000
2.663000 0.375000 0.936000
2.738000 0.375000 0.906600
2.813000 0.375000 0.877100
2.888000 0.375000 0.847700
2.963000 0.375000 0.818800
3.038000 0.375000 0.790600
3.113000 0.375000 0.763200
3.188000 0.375000 0.736800
3.263000 0.375000 0.711500
3.338000 0.375000 0.687500
3.413000 0.375000 0.664800
3.488000 0.375000 0.643700
3.563000 0.375000 0.624500
3.638000 0.375000 0.607700
3.713000 0.375000 0.594300
3.788000 0.375000 0.586000
3.863000 0.375000 0.000000
-0.037500 0.525000 0.000000
0.037500 0.525000 0.270400
0.112500 0.525000 0.276900
0.187500 0.525000 0.288600
0.262500 0.525000 0.304600
0.337500 0.525000 0.323800
0.412500 0.525000 0.345400
0.487500 0.525000 0.368800
0.562500 0.525000 0.393500
0.637500 0.525000 0.419200
0.712500 0.525000 0.445600
0.787500 0.525000 0.472200
0.862500 0.525000 0.499000
0.937500 0.525000 0.525600
1.012000 0.525000 0.551800
1.087000 0.525000 0.577300
1.163000 0.525000 0.601900
1.238000 0.525000 0.625400
1.313000 0.525000 0.647400
1.388000 0.525000 0.667700
1.463000 0.525000 0.686000
1.538000 0.525000 0.702100
1.613000 0.525000 0.715800
1.688000 0.525000 0.726800
1.763000 0.525000 0.735000
1.838000 0.525000 0.740300
1.913000 0.525000 0.742600
1.988000 0.525000 0.742000
2.063000 0.525000 0.738500
2.138000 0.525000 0.732400
2.213000 0.525000 0.723900
2.288000 0.525000 0.713200
2.363000 0.525000 0.700600
2.438000 0.525000 0.686400
2.513000 0.525000 0.671000
2.588000 0.525000 0.654600
2.663000 0.525000 0.637500
2.738000 0.525000 0.620000
2.813000 0.525000 0.602400
2.888000 0.525000 0.584700
2.963000 0.525000 0.567400
3.038000 0.525000 0.550300
3.113000 0.525000 0.533900
3.188000 0.525000 0.518000
3.263000 0.525000 0.503000
3.338000 0.525000 0.488900
3.413000 0.525000 0.475900
3.488000 0.525000 0.464200
3.563000 0.525000 0.453900
3.638000 0.525000 0.445500
3.713000 0.525000 0.439400
3.788000 0.525000 0.436100
3.863000 0.525000 0.000000
-0.037500 0.675000 0.000000
0.037500 0.675000 0.272400
0.112500 0.675000 0.275100
0.187500 0.675000 0.280400
0.262500 0.675000 0.287800
0.337500 0.675000 0.297300
0.412500 0.675000 0.308400
0.487500 0.675000 0.320800
0.562500 0.675000 0.334400
0.637500 0.675000 0.348800
0.712500 0.675000 0.363800
0.787500 0.675000 0.379100
0.862500 0.675000 0.394700
0.937500 0.675000 0.410300
1.012000 0.675000 0.425600
1.087000 0.675000 0.440600
1.163000 0.675000 0.455100
1.238000 0.675000 0.468800
1.313000 0.675000 0.481600
1.388000 0.675000 0.493300
1.463000 0.675000 0.503800
1.538000 0.675000 0.513000
1.613000 0.675000 0.520700
1.688000 0.675000 0.526800
1.763000 0.675000 0.531300
1.838000 0.675000 0.534100
1.913000 0.675000 0.535200
1.988000 0.675000 0.534600
2.063000 0.675000 0.532300
2.138000 0.675000 0.528600
2.213000 0.675000 0.523400
2.288000 0.675000 0.516800
2.363000 0.675000 0.509200
2.438000 0.675000 0.500600
2.513000 0.675000 0.491100
2.588000 0.675000 0.481000
2.663000 0.675000 0.470500
2.738000 0.675000 0.459600
2.813000 0.675000 0.448600
2.888000 0.675000 0.437500
2.963000 0.675000 0.426600
3.038000 0.675000 0.415900
3.113000 0.675000 0.405500
3.188000 0.675000 0.395700
3.263000 0.675000 0.386500
3.338000 0.675000 0.377900
3.413000 0.675000 0.370200
3.488000 0.675000 0.363500
3.563000 0.675000 0.357900
3.638000 0.675000 0.353400
3.713000 0.675000 0.350400
3.788000 0.675000 0.348800
3.863000 0.675000 0.000000
-0.037500 0.825000 0.000000
0.037500 0.825000 0.260200
0.112500 0.825000 0.262000
0.187500 0.825000 0.265500
0.262500 0.825000 0.270600
0.337500 0.825000 0.277200
0.412500 0.825000 0.285000
0.487500 0.825000 0.293900
0.562500 0.825000 0.303700
0.637500 0.825000 0.314200
0.712500 0.825000 0.325200
0.787500 0.825000 0.336600
0.862500 0.825000 0.348200
0.937500 0.825000 0.359800
1.012000 0.825000 0.371300
1.087000 0.825000 0.382500
1.163000 0.825000 0.393300
1.238000 0.825000 0.403600
1.313000 0.825000 0.413100
1.388000 0.825000 0.421800
1.463000 0.825000 0.429600
1.538000 0.825000 0.436400
1.613000 0.825000 0.442000
1.688000 0.825000 0.446500
1.763000 0.825000 0.449700
1.838000 0.825000 0.451600
1.913000 0.825000 0.452300
1.988000 0.825000 0.451700
2.063000 0.825000 0.449900
2.138000 0.825000 0.446900
2.213000 0.825000 0.442900
2.288000 0.825000 0.437900
2.363000 0.825000 0.432000
2.438000 0.825000 0.425300
2.513000 0.825000 0.418000
2.588000 0.825000 0.410200
2.663000 0.825000 0.402000
2.738000 0.825000 0.393600
2.813000 0.825000 0.385000
2.888000 0.825000 0.376400
2.963000 0.825000 0.367800
3.038000 0.825000 0.359500
3.113000 0.825000 0.351500
3.188000 0.825000 0.343900
3.263000 0.825000 0.336800
3.338000 0.825000 0.330300
3.413000 0.825000 0.324500
3.488000 0.825000 0.319400
3.563000 0.825000 0.315300
3.638000 0.825000 0.312100
3.713000 0.825000 0.309900
3.788000 0.825000 0.308800
3.863000 0.825000 0.000000
-0.037500 0.975000 0.000000
0.037500 0.975000 0.242000
0.112500 0.975000 0.243300
0.187500 0.975000 0.245800
0.262500 0.975000 0.249500
0.337500 0.975000 0.254300
0.412500 0.975000 0.260100
0.487500 0.975000 0.266700
0.562500 0.975000 0.274100
0.637500 0.975000 0.282000
0.712500 0.975000 0.290300
0.787500 0.975000 0.299000
0.862500 0.975000 0.307900
0.937500 0.975000 0.316800
1.012000 0.975000 0.325600
1.087000 0.975000 0.334200
1.163000 0.975000 0.342500
1.238000 0.975000 0.350300
1.313000 0.975000 0.357600
1.388000 0.975000 0.364300
1.463000 0.975000 0.370200
1.538000 0.975000 0.375400
1.613000 0.975000 0.379600
1.688000 0.975000 0.382900
1.763000 0.975000 0.385300
1.838000 0.975000 0.386700
1.913000 0.975000 0.387100
1.988000 0.975000 0.386600
2.063000 0.975000 0.385100
2.138000 0.975000 0.382700
2.213000 0.975000 0.379500
2.288000 0.975000 0.375500
2.363000 0.975000 0.370800
2.438000 0.975000 0.365500
2.513000 0.975000 0.359700
2.588000 0.975000 0.353500
2.663000 0.975000 0.347000
2.738000 0.975000 0.340300
2.813000 0.975000 0.333400
2.888000 0.975000 0.326600
2.963000 0.975000 0.319800
3.038000 0.975000 0.313200
3.113000 0.975000 0.306800
3.188000 0.975000 0.300800
3.263000 0.975000 0.295200
3.338000 0.975000 0.290100
3.413000 0.975000 0.285600
3.488000 0.975000 0.281700
3.563000 0.975000 0.278500
3.638000 0.975000 0.276100
3.713000 0.975000 0.274400
3.788000 0.975000 0.273600
3.863000 0.975000 0.000000
-0.037500 1.125000 0.000000
0.037500 1.125000 0.221600
0.112500 1.125000 0.222600
0.187500 1.125000 0.224600
0.262500 1.125000 0.227500
0.337500 1.125000 0.231200
0.412500 1.125000 0.235800
0.487500 1.125000 0.241000
0.562500 1.125000 0.246800
0.637500 1.125000 0.253200
0.712500 1.125000 0.259800
0.787500 1.125000 0.266800
0.862500 1.125000 0.273900
0.937500 1.125000 0.281100
1.012000 1.125000 0.288200
1.087000 1.125000 0.295100
1.163000 1.125000 0.301800
1.238000 1.125000 0.308100
1.313000 1.125000 0.314000
1.388000 1.125000 0.319400
1.463000 1.125000 0.324100
1.538000 1.125000 0.328200
1.613000 1.125000 0.331600
1.688000 1.125000 0.334300
1.763000 1.125000 0.336100
1.838000 1.125000 0.337200
1.913000 1.125000 0.337500
1.988000 1.125000 0.337000
2.063000 1.125000 0.335700
2.138000 1.125000 0.333700
2.213000 1.125000 0.331000
2.288000 1.125000 0.327700
2.363000 1.125000 0.323800
2.438000 1.125000 0.319400
2.513000 1.125000 0.314600
2.588000 1.125000 0.309500
2.663000 1.125000 0.304100
2.738000 1.125000 0.298500
2.813000 1.125000 0.292900
2.888000 1.125000 0.287200
2.963000 1.125000 0.281600
3.038000 1.125000 0.276100
3.113000 1.125000 0.270900
3.188000 1.125000 0.265900
3.263000 1.125000 0.261300
3.338000 1.125000 0.257100
3.413000 1.125000 0.253400
3.488000 1.125000 0.250300
3.563000 1.125000 0.247700
3.638000 1.125000 0.245700
3.713000 1.125000 0.244400
3.788000 1.125000 0.243700
3.863000 1.125000 0.000000
-0.037500 1.275000 0.000000
0.037500 1.275000 0.180000
0.112500 1.275000 0.180700
0.187500 1.275000 0.182200
0.262500 1.275000 0.184300
0.337500 1.275000 0.187000
0.412500 1.275000 0.190400
0.487500 1.275000 0.194200
0.562500 1.275000 0.198500
0.637500 1.275000 0.203200
0.712500 1.275000 0.208100
0.787500 1.275000 0.213300
0.862500 1.275000 0.218600
0.937500 1.275000 0.223900
1.012000 1.275000 0.229100
1.087000 1.275000 0.234300
1.163000 1.275000 0.239300
1.238000 1.275000 0.244000
1.313000 1.275000 0.248300
1.388000 1.275000 0.252300
1.463000 1.275000 0.255800
1.538000 1.275000 0.258800
1.613000 1.275000 0.261300
1.688000 1.275000 0.263300
1.763000 1.275000 0.264600
1.838000 1.275000 0.265400
1.913000 1.275000 0.265600
1.988000 1.275000 0.265200
2.063000 1.275000 0.264200
2.138000 1.275000 0.262600
2.213000 1.275000 0.260600
2.288000 1.275000 0.258100
2.363000 1.275000 0.255100
2.438000 1.275000 0.251800
2.513000 1.275000 0.248200
2.588000 1.275000 0.244300
2.663000 1.275000 0.240200
2.738000 1.275000 0.236000
2.813000 1.275000 0.231700
2.888000 1.275000 0.227400
2.963000 1.275000 0.223100
3.038000 1.275000 0.219000
3.113000 1.275000 0.215000
3.188000 1.275000 0.211300
3.263000 1.275000 0.207800
3.338000 1.275000 0.204700
3.413000 1.275000 0.201900
3.488000 1.275000 0.199500
3.563000 1.275000 0.197600
3.638000 1.275000 0.196100
3.713000 1.275000 0.195100
3.788000 1.275000 0.194600
3.863000 1.275000 0.000000
-0.037500 1.425000 0.000000
0.037500 1.425000 0.131400
0.112500 1.425000 0.131900
0.187500 1.425000 0.132800
0.262500 1.425000 0.134100
0.337500 1.425000 0.135900
0.412500 1.425000 0.138100
0.487500 1.425000 0.140500
0.562500 1.425000 0.143300
0.637500 1.425000 0.146300
0.712500 1.425000 0.149600
0.787500 1.425000 0.152900
0.862500 1.425000 0.156300
0.937500 1.425000 0.159800
1.012000 1.425000 0.163200
1.087000 1.425000 0.166600
1.163000 1.425000 0.169800
1.238000 1.425000 0.172900
1.313000 1.425000 0.175700
1.388000 1.425000 0.178300
1.463000 1.425000 0.180600
1.538000 1.425000 0.182500
1.613000 1.425000 0.184100
1.688000 1.425000 0.185400
1.763000 1.425000 0.186200
1.838000 1.425000 0.186700
1.913000 1.425000 0.186800
1.988000 1.425000 0.186500
2.063000 1.425000 0.185800
2.138000 1.425000 0.184700
2.213000 1.425000 0.183400
2.288000 1.425000 0.181700
2.363000 1.425000 0.179700
2.438000 1.425000 0.177500
2.513000 1.425000 0.175000
2.588000 1.425000 0.172400
2.663000 1.425000 0.169700
2.738000 1.425000 0.166900
2.813000 1.425000 0.164000
2.888000 1.425000 0.161100
2.963000 1.425000 0.158300
3.038000 1.425000 0.155500
3.113000 1.425000 0.152900
3.188000 1.425000 0.150400
3.263000 1.425000 0.148100
3.338000 1.425000 0.146000
3.413000 1.425000 0.144200
3.488000 1.425000 0.142600
3.563000 1.425000 0.141300
3.638000 1.425000 0.140300
3.713000 1.425000 0.139700
3.788000 1.425000 0.139400
3.863000 1.425000 0.000000
-0.037500 1.575000 0.000000
0.037500 1.575000 0.094340
0.112500 1.575000 0.094640
0.187500 1.575000 0.095230
0.262500 1.575000 0.096100
0.337500 1.575000 0.097230
0.412500 1.575000 0.098600
0.487500 1.575000 0.100200
0.562500 1.575000 0.102000
0.637500 1.575000 0.103900
0.712500 1.575000 0.106000
0.787500 1.575000 0.108100
0.862500 1.575000 0.110300
0.937500 1.575000 0.112600
1.012000 1.575000 0.114800
1.087000 1.575000 0.116900
1.163000 1.575000 0.119000
1.238000 1.575000 0.121000
1.313000 1.575000 0.122800
1.388000 1.575000 0.124500
1.463000 1.575000 0.125900
1.538000 1.575000 0.127200
1.613000 1.575000 0.128200
1.688000 1.575000 0.129000
1.763000 1.575000 0.129500
1.838000 1.575000 0.129800
1.913000 1.575000 0.129900
1.988000 1.575000 0.129600
2.063000 1.575000 0.129200
2.138000 1.575000 0.128500
2.213000 1.575000 0.127500
2.288000 1.575000 0.126400
2.363000 1.575000 0.125100
2.438000 1.575000 0.123600
2.513000 1.575000 0.122000
2.588000 1.575000 0.120300
2.663000 1.575000 0.118500
2.738000 1.575000 0.116600
2.813000 1.575000 0.114700
2.888000 1.575000 0.112800
2.963000 1.575000 0.110900
3.038000 1.575000 0.109100
3.113000 1.575000 0.107300
3.188000 1.575000 0.105700
3.263000 1.575000 0.104200
3.338000 1.575000 0.102800
3.413000 1.575000 0.101600
3.488000 1.575000 0.100600
3.563000 1.575000 0.099720
3.638000 1.575000 0.099090
3.713000 1.575000 0.098660
3.788000 1.575000 0.098450
3.863000 1.575000 0.000000
-0.037500 1.725000 0.000000
0.037500 1.725000 0.066580
0.112500 1.725000 0.066770
0.187500 1.725000 0.067140
0.262500 1.725000 0.067690
0.337500 1.725000 0.068400
0.412500 1.725000 0.069270
0.487500 1.725000 0.070280
0.562500 1.725000 0.071410
0.637500 1.725000 0.072640
0.712500 1.725000 0.073950
0.787500 1.725000 0.075310
0.862500 1.725000 0.076720
0.937500 1.725000 0.078130
1.012000 1.725000 0.079540
1.087000 1.725000 0.080910
1.163000 1.725000 0.082240
1.238000 1.725000 0.083490
1.313000 1.725000 0.084650
1.388000 1.725000 0.085700
1.463000 1.725000 0.086630
1.538000 1.725000 0.087420
1.613000 1.725000 0.088060
1.688000 1.725000 0.088560
1.763000 1.725000 0.088880
1.838000 1.725000 0.089050
1.913000 1.725000 0.089050
1.988000 1.725000 0.088890
2.063000 1.725000 0.088570
2.138000 1.725000 0.088100
2.213000 1.725000 0.087490
2.288000 1.725000 0.086740
2.363000 1.725000 0.085880
2.438000 1.725000 0.084910
2.513000 1.725000 0.083850
2.588000 1.725000 0.082720
2.663000 1.725000 0.081540
2.738000 1.725000 0.080320
2.813000 1.725000 0.079080
2.888000 1.725000 0.077840
2.963000 1.725000 0.076620
3.038000 1.725000 0.075430
3.113000 1.725000 0.074300
3.188000 1.725000 0.073230
3.263000 1.725000 0.072240
3.338000 1.725000 0.071340
3.413000 1.725000 0.070560
3.488000 1.725000 0.069890
3.563000 1.725000 0.069340
3.638000 1.725000 0.068930
3.713000 1.725000 0.068650
3.788000 1.725000 0.068520
3.863000 1.725000 0.000000
-0.037500 1.875000 0.000000
0.037500 1.875000 0.046000
0.112500 1.875000 0.046120
0.187500 1.875000 0.046350
0.262500 1.875000 0.046690
0.337500 1.875000 0.047130
0.412500 1.875000 0.047670
0.487500 1.875000 0.048290
0.562500 1.875000 0.048990
0.637500 1.875000 0.049760
0.712500 1.875000 0.050570
0.787500 1.875000 0.051420
0.862500 1.875000 0.052290
0.937500 1.875000 0.053170
1.012000 1.875000 0.054050
1.087000 1.875000 0.054910
1.163000 1.875000 0.055730
1.238000 1.875000 0.056500
1.313000 1.875000 0.057220
1.388000 1.875000 0.057880
1.463000 1.875000 0.058450
1.538000 1.875000 0.058940
1.613000 1.875000 0.059330
1.688000 1.875000 0.059630
1.763000 1.875000 0.059830
1.838000 1.875000 0.059920
1.913000 1.875000 0.059910
1.988000 1.875000 0.059800
2.063000 1.875000 0.059590
2.138000 1.875000 0.059280
2.213000 1.875000 0.058880
2.288000 1.875000 0.058400
2.363000 1.875000 0.057850
2.438000 1.875000 0.057220
2.513000 1.875000 0.056550
2.588000 1.875000 0.055820
2.663000 1.875000 0.055070
2.738000 1.875000 0.054290
2.813000 1.875000 0.053490
2.888000 1.875000 0.052700
2.963000 1.875000 0.051920
3.038000 1.875000 0.051160
3.113000 1.875000 0.050440
3.188000 1.875000 0.049760
3.263000 1.875000 0.049130
3.338000 1.875000 0.048560
3.413000 1.875000 0.048060
3.488000 1.875000 0.047630
3.563000 1.875000 0.047280
3.638000 1.875000 0.047020
3.713000 1.875000 0.046840
3.788000 1.875000 0.046760
3.863000 1.875000 0.000000
-0.037500 2.025000 0.000000
0.037500 2.025000 0.030790
0.112500 2.025000 0.030860
0.187500 2.025000 0.030990
0.262500 2.025000 0.031190
0.337500 2.025000 0.031460
0.412500 2.025000 0.031780
0.487500 2.025000 0.032150
0.562500 2.025000 0.032560
0.637500 2.025000 0.033020
0.712500 2.025000 0.033500
0.787500 2.025000 0.034010
0.862500 2.025000 0.034520
0.937500 2.025000 0.035050
1.012000 2.025000 0.035570
1.087000 2.025000 0.036080
1.163000 2.025000 0.036570
1.238000 2.025000 0.037030
1.313000 2.025000 0.037450
1.388000 2.025000 0.037840
1.463000 2.025000 0.038180
1.538000 2.025000 0.038460
1.613000 2.025000 0.038690
1.688000 2.025000 0.038870
1.763000 2.025000 0.038980
1.838000 2.025000 0.039020
1.913000 2.025000 0.039010
1.988000 2.025000 0.038930
2.063000 2.025000 0.038800
2.138000 2.025000 0.038600
2.213000 2.025000 0.038360
2.288000 2.025000 0.038060
2.363000 2.025000 0.037710
2.438000 2.025000 0.037330
2.513000 2.025000 0.036910
2.588000 2.025000 0.036470
2.663000 2.025000 0.036000
2.738000 2.025000 0.035530
2.813000 2.025000 0.035040
2.888000 2.025000 0.034550
2.963000 2.025000 0.034080
3.038000 2.025000 0.033610
3.113000 2.025000 0.033170
3.188000 2.025000 0.032750
3.263000 2.025000 0.032370
3.338000 2.025000 0.032020
3.413000 2.025000 0.031720
3.488000 2.025000 0.031460
3.563000 2.025000 0.031240
3.638000 2.025000 0.031080
3.713000 2.025000 0.030980
3.788000 2.025000 0.030920
3.863000 2.025000 0.000000
-0.037500 2.175000 0.000000
0.037500 2.175000 0.019440
0.112500 2.175000 0.019480
0.187500 2.175000 0.019550
0.262500 2.175000 0.019660
0.337500 2.175000 0.019790
0.412500 2.175000 0.019960
0.487500 2.175000 0.020160
0.562500 2.175000 0.020370
0.637500 2.175000 0.020610
0.712500 2.175000 0.020870
0.787500 2.175000 0.021130
0.862500 2.175000 0.021410
0.937500 2.175000 0.021680
1.012000 2.175000 0.021950
1.087000 2.175000 0.022220
1.163000 2.175000 0.022480
1.238000 2.175000 0.022720
1.313000 2.175000 0.022940
1.388000 2.175000 0.023140
1.463000 2.175000 0.023310
1.538000 2.175000 0.023460
1.613000 2.175000 0.023580
1.688000 2.175000 0.023660
1.763000 2.175000 0.023710
1.838000 2.175000 0.023730
1.913000 2.175000 0.023720
1.988000 2.175000 0.023670
2.063000 2.175000 0.023590
2.138000 2.175000 0.023480
2.213000 2.175000 0.023340
2.288000 2.175000 0.023170
2.363000 2.175000 0.022970
2.438000 2.175000 0.022760
2.513000 2.175000 0.022530
2.588000 2.175000 0.022280
2.663000 2.175000 0.022030
2.738000 2.175000 0.021760
2.813000 2.175000 0.021490
2.888000 2.175000 0.021230
2.963000 2.175000 0.020960
3.038000 2.175000 0.020710
3.113000 2.175000 0.020470
3.188000 2.175000 0.020240
3.263000 2.175000 0.020030
3.338000 2.175000 0.019840
3.413000 2.175000 0.019670
3.488000 2.175000 0.019530
3.563000 2.175000 0.019410
3.638000 2.175000 0.019320
3.713000 2.175000 0.019260
3.788000 2.175000 0.019230
3.863000 2.175000 0.000000
-0.037500 2.325000 0.000000
0.037500 2.325000 0.013640
0.112500 2.325000 0.013660
0.187500 2.325000 0.013700
0.262500 2.325000 0.013760
0.337500 2.325000 0.013830
0.412500 2.325000 0.013920
0.487500 2.325000 0.014030
0.562500 2.325000 0.014150
0.637500 2.325000 0.014280
0.712500 2.325000 0.014410
0.787500 2.325000 0.014560
0.862500 2.325000 0.014700
0.937500 2.325000 0.014850
1.012000 2.325000 0.015000
1.087000 2.325000 0.015140
1.163000 2.325000 0.015280
1.238000 2.325000 0.015410
1.313000 2.325000 0.015530
1.388000 2.325000 0.015630
1.463000 2.325000 0.015720
1.538000 2.325000 0.015800
1.613000 2.325000 0.015860
1.688000 2.325000 0.015900
1.763000 2.325000 0.015920
1.838000 2.325000 0.015930
1.913000 2.325000 0.015910
1.988000 2.325000 0.015880
2.063000 2.325000 0.015820
2.138000 2.325000 0.015750
2.213000 2.325000 0.015670
2.288000 2.325000 0.015570
2.363000 2.325000 0.015450
2.438000 2.325000 0.015320
2.513000 2.325000 0.015190
2.588000 2.325000 0.015040
2.663000 2.325000 0.014890
2.738000 2.325000 0.014740
2.813000 2.325000 0.014580
2.888000 2.325000 0.014420
2.963000 2.325000 0.014270
3.038000 2.325000 0.014120
3.113000 2.325000 0.013980
3.188000 2.325000 0.013850
3.263000 2.325000 0.013730
3.338000 2.325000 0.013620
3.413000 2.325000 0.013520
3.488000 2.325000 0.013440
3.563000 2.325000 0.013370
3.638000 2.325000 0.013320
3.713000 2.325000 0.013290
3.788000 2.325000 0.013270
3.863000 2.325000 0.000000
-0.037500 2.475000 0.000000
0.037500 2.475000 0.011300
0.112500 2.475000 0.011310
0.187500 2.475000 0.011340
0.262500 2.475000 0.011380
0.337500 2.475000 0.011440
0.412500 2.475000 0.011500
0.487500 2.475000 0.011580
0.562500 2.475000 0.011660
0.637500 2.475000 0.011750
0.712500 2.475000 0.011850
0.787500 2.475000 0.011950
0.862500 2.475000 0.012060
0.937500 2.475000 0.012160
1.012000 2.475000 0.012270
1.087000 2.475000 0.012370
1.163000 2.475000 0.012470
1.238000 2.475000 0.012560
1.313000 2.475000 0.012640
1.388000 2.475000 0.012710
1.463000 2.475000 0.012780
1.538000 2.475000 0.012830
1.613000 2.475000 0.012870
1.688000 2.475000 0.012900
1.763000 2.475000 0.012910
1.838000 2.475000 0.012910
1.913000 2.475000 0.012890
1.988000 2.475000 0.012860
2.063000 2.475000 0.012820
2.138000 2.475000 0.012770
2.213000 2.475000 0.012700
2.288000 2.475000 0.012620
2.363000 2.475000 0.012540
2.438000 2.475000 0.012440
2.513000 2.475000 0.012340
2.588000 2.475000 0.012230
2.663000 2.475000 0.012120
2.738000 2.475000 0.012000
2.813000 2.475000 0.011880
2.888000 2.475000 0.011770
2.963000 2.475000 0.011650
3.038000 2.475000 0.011540
3.113000 2.475000 0.011440
3.188000 2.475000 0.011340
3.263000 2.475000 0.011250
3.338000 2.475000 0.011170
3.413000 2.475000 0.011100
3.488000 2.475000 0.011040
3.563000 2.475000 0.010990
3.638000 2.475000 0.010950
3.713000 2.475000 0.010920
3.788000 2.475000 0.010910
3.863000 2.475000 0.000000
-0.037500 2.625000 0.000000
0.037500 2.625000 0.009455
0.112500 2.625000 0.009465
0.187500 2.625000 0.009485
0.262500 2.625000 0.009515
0.337500 2.625000 0.009554
0.412500 2.625000 0.009602
0.487500 2.625000 0.009657
0.562500 2.625000 0.009719
0.637500 2.625000 0.009787
0.712500 2.625000 0.009859
0.787500 2.625000 0.009934
0.862500 2.625000 0.010010
0.937500 2.625000 0.010090
1.012000 2.625000 0.010160
1.087000 2.625000 0.010240
1.163000 2.625000 0.010310
1.238000 2.625000 0.010380
1.313000 2.625000 0.010440
1.388000 2.625000 0.010490
1.463000 2.625000 0.010530
1.538000 2.625000 0.010570
1.613000 2.625000 0.010600
1.688000 2.625000 0.010610
1.763000 2.625000 0.010620
1.838000 2.625000 0.010620
1.913000 2.625000 0.010610
1.988000 2.625000 0.010580
2.063000 2.625000 0.010550
2.138000 2.625000 0.010500
2.213000 2.625000 0.010450
2.288000 2.625000 0.010390
2.363000 2.625000 0.010320
2.438000 2.625000 0.010250
2.513000 2.625000 0.010170
2.588000 2.625000 0.010090
2.663000 2.625000 0.009999
2.738000 2.625000 0.009910
2.813000 2.625000 0.009821
2.888000 2.625000 0.009732
2.963000 2.625000 0.009645
3.038000 2.625000 0.009560
3.113000 2.625000 0.009480
3.188000 2.625000 0.009405
3.263000 2.625000 0.009337
3.338000 2.625000 0.009275
3.413000 2.625000 0.009221
3.488000 2.625000 0.009175
3.563000 2.625000 0.009138
3.638000 2.625000 0.009110
3.713000 2.625000 0.009091
3.788000 2.625000 0.009081
3.863000 2.625000 0.000000
-0.037500 2.775000 0.000000
0.037500 2.775000 0.008049
0.112500 2.775000 0.008057
0.187500 2.775000 0.008072
0.262500 2.775000 0.008096
0.337500 2.775000 0.008126
0.412500 2.775000 0.008164
0.487500 2.775000 0.008207
0.562500 2.775000 0.008255
0.637500 2.775000 0.008307
0.712500 2.775000 0.008363
0.787500 2.775000 0.008422
0.862500 2.775000 0.008481
0.937500 2.775000 0.008541
1.012000 2.775000 0.008600
1.087000 2.775000 0.008658
1.163000 2.775000 0.008712
1.238000 2.775000 0.008763
1.313000 2.775000 0.008809
1.388000 2.775000 0.008850
1.463000 2.775000 0.008884
1.538000 2.775000 0.008912
1.613000 2.775000 0.008932
1.688000 2.775000 0.008944
1.763000 2.775000 0.008949
1.838000 2.775000 0.008945
1.913000 2.775000 0.008933
1.988000 2.775000 0.008912
2.063000 2.775000 0.008884
2.138000 2.775000 0.008849
2.213000 2.775000 0.008806
2.288000 2.775000 0.008757
2.363000 2.775000 0.008702
2.438000 2.775000 0.008642
2.513000 2.775000 0.008578
2.588000 2.775000 0.008510
2.663000 2.775000 0.008440
2.738000 2.775000 0.008369
2.813000 2.775000 0.008297
2.888000 2.775000 0.008226
2.963000 2.775000 0.008156
3.038000 2.775000 0.008088
3.113000 2.775000 0.008025
3.188000 2.775000 0.007965
3.263000 2.775000 0.007910
3.338000 2.775000 0.007861
3.413000 2.775000 0.007818
3.488000 2.775000 0.007781
3.563000 2.775000 0.007752
3.638000 2.775000 0.007729
3.713000 2.775000 0.007714
3.788000 2.775000 0.007707
3.863000 2.775000 0.000000
-0.037500 2.925000 0.000000
0.037500 2.925000 0.006014
0.112500 2.925000 0.006020
0.187500 2.925000 0.006031
0.262500 2.925000 0.006048
0.337500 2.925000 0.006070
0.412500 2.925000 0.006096
0.487500 2.925000 0.006127
0.562500 2.925000 0.006161
0.637500 2.925000 0.006198
0.712500 2.925000 0.006238
0.787500 2.925000 0.006279
0.862500 2.925000 0.006321
0.937500 2.925000 0.006363
1.012000 2.925000 0.006405
1.087000 2.925000 0.006446
1.163000 2.925000 0.006484
1.238000 2.925000 0.006520
1.313000 2.925000 0.006552
1.388000 2.925000 0.006581
1.463000 2.925000 0.006605
1.538000 2.925000 0.006624
1.613000 2.925000 0.006638
1.688000 2.925000 0.006646
1.763000 2.925000 0.006648
1.838000 2.925000 0.006645
1.913000 2.925000 0.006636
1.988000 2.925000 0.006621
2.063000 2.925000 0.006600
2.138000 2.925000 0.006574
2.213000 2.925000 0.006543
2.288000 2.925000 0.006507
2.363000 2.925000 0.006467
2.438000 2.925000 0.006424
2.513000 2.925000 0.006377
2.588000 2.925000 0.006328
2.663000 2.925000 0.006278
2.738000 2.925000 0.006226
2.813000 2.925000 0.006175
2.888000 2.925000 0.006123
2.963000 2.925000 0.006073
3.038000 2.925000 0.006025
3.113000 2.925000 0.005979
3.188000 2.925000 0.005936
3.263000 2.925000 0.005897
3.338000 2.925000 0.005862
3.413000 2.925000 0.005831
3.488000 2.925000 0.005805
3.563000 2.925000 0.005784
3.638000 2.925000 0.005768
3.713000 2.925000 0.005757
3.788000 2.925000 0.005752
3.863000 2.925000 0.000000
-0.037500 3.075000 0.000000
0.037500 3.075000 0.003961
0.112500 3.075000 0.003964
0.187500 3.075000 0.003971
0.262500 3.075000 0.003982
0.337500 3.075000 0.003995
0.412500 3.075000 0.004011
0.487500 3.075000 0.004030
0.562500 3.075000 0.004051
0.637500 3.075000 0.004074
0.712500 3.075000 0.004098
0.787500 3.075000 0.004124
0.862500 3.075000 0.004149
0.937500 3.075000 0.004175
1.012000 3.075000 0.004201
1.087000 3.075000 0.004226
1.163000 3.075000 0.004249
1.238000 3.075000 0.004271
1.313000 3.075000 0.004290
1.388000 3.075000 0.004308
1.463000 3.075000 0.004322
1.538000 3.075000 0.004333
1.613000 3.075000 0.004341
1.688000 3.075000 0.004346
1.763000 3.075000 0.004347
1.838000 3.075000 0.004345
1.913000 3.075000 0.004338
1.988000 3.075000 0.004328
2.063000 3.075000 0.004315
2.138000 3.075000 0.004298
2.213000 3.075000 0.004279
2.288000 3.075000 0.004256
2.363000 3.075000 0.004231
2.438000 3.075000 0.004203
2.513000 3.075000 0.004174
2.588000 3.075000 0.004143
2.663000 3.075000 0.004111
2.738000 3.075000 0.004079
2.813000 3.075000 0.004046
2.888000 3.075000 0.004014
2.963000 3.075000 0.003983
3.038000 3.075000 0.003952
3.113000 3.075000 0.003924
3.188000 3.075000 0.003897
3.263000 3.075000 0.003872
3.338000 3.075000 0.003850
3.413000 3.075000 0.003831
3.488000 3.075000 0.003814
3.563000 3.075000 0.003801
3.638000 3.075000 0.003791
3.713000 3.075000 0.003785
3.788000 3.075000 0.003781
3.863000 3.075000 0.000000
-0.037500 3.225000 0.000000
0.037500 3.225000 0.002590
0.112500 3.225000 0.002592
0.187500 3.225000 0.002596
0.262500 3.225000 0.002602
0.337500 3.225000 0.002611
0.412500 3.225000 0.002621
0.487500 3.225000 0.002632
0.562500 3.225000 0.002645
0.637500 3.225000 0.002659
0.712500 3.225000 0.002674
0.787500 3.225000 0.002689
0.862500 3.225000 0.002705
0.937500 3.225000 0.002720
1.012000 3.225000 0.002736
1.087000 3.225000 0.002751
1.163000 3.225000 0.002765
1.238000 3.225000 0.002778
1.313000 3.225000 0.002790
1.388000 3.225000 0.002800
1.463000 3.225000 0.002809
1.538000 3.225000 0.002816
1.613000 3.225000 0.002820
1.688000 3.225000 0.002823
1.763000 3.225000 0.002823
1.838000 3.225000 0.002821
1.913000 3.225000 0.002817
1.988000 3.225000 0.002811
2.063000 3.225000 0.002802
2.138000 3.225000 0.002792
2.213000 3.225000 0.002779
2.288000 3.225000 0.002765
2.363000 3.225000 0.002749
2.438000 3.225000 0.002732
2.513000 3.225000 0.002713
2.588000 3.225000 0.002694
2.663000 3.225000 0.002674
2.738000 3.225000 0.002654
2.813000 3.225000 0.002634
2.888000 3.225000 0.002613
2.963000 3.225000 0.002594
3.038000 3.225000 0.002575
3.113000 3.225000 0.002557
3.188000 3.225000 0.002540
3.263000 3.225000 0.002525
3.338000 3.225000 0.002511
3.413000 3.225000 0.002499
3.488000 3.225000 0.002489
3.563000 3.225000 0.002481
3.638000 3.225000 0.002474
3.713000 3.225000 0.002470
3.788000 3.225000 0.002468
3.863000 3.225000 0.000000
-0.037500 3.375000 0.000000
0.037500 3.375000 0.001681
0.112500 3.375000 0.001683
0.187500 3.375000 0.001685
0.262500 3.375000 0.001689
0.337500 3.375000 0.001694
0.412500 3.375000 0.001700
0.487500 3.375000 0.001707
0.562500 3.375000 0.001715
0.637500 3.375000 0.001723
0.712500 3.375000 0.001732
0.787500 3.375000 0.001741
0.862500 3.375000 0.001751
0.937500 3.375000 0.001760
1.012000 3.375000 0.001770
1.087000 3.375000 0.001779
1.163000 3.375000 0.001787
1.238000 3.375000 0.001795
1.313000 3.375000 0.001802
1.388000 3.375000 0.001809
1.463000 3.375000 0.001814
1.538000 3.375000 0.001818
1.613000 3.375000 0.001820
1.688000 3.375000 0.001822
1.763000 3.375000 0.001822
1.838000 3.375000 0.001820
1.913000 3.375000 0.001817
1.988000 3.375000 0.001813
2.063000 3.375000 0.001808
2.138000 3.375000 0.001801
2.213000 3.375000 0.001793
2.288000 3.375000 0.001784
2.363000 3.375000 0.001774
2.438000 3.375000 0.001764
2.513000 3.375000 0.001752
2.588000 3.375000 0.001740
2.663000 3.375000 0.001728
2.738000 3.375000 0.001715
2.813000 3.375000 0.001703
2.888000 3.375000 0.001690
2.963000 3.375000 0.001678
3.038000 3.375000 0.001666
3.113000 3.375000 0.001655
3.188000 3.375000 0.001645
3.263000 3.375000 0.001635
3.338000 3.375000 0.001626
3.413000 3.375000 0.001619
3.488000 3.375000 0.001613
3.563000 3.375000 0.001607
3.638000 3.375000 0.001604
3.713000 3.375000 0.001601
3.788000 3.375000 0.001600
3.863000 3.375000 0.000000
-0.037500 3.525000 0.000000
0.037500 3.525000 0.001084
0.112500 3.525000 0.001085
0.187500 3.525000 0.001086
0.262500 3.525000 0.001088
0.337500 3.525000 0.001091
0.412500 3.525000 0.001095
0.487500 3.525000 0.001099
0.562500 3.525000 0.001104
0.637500 3.525000 0.001109
0.712500 3.525000 0.001114
0.787500 3.525000 0.001120
0.862500 3.525000 0.001126
0.937500 3.525000 0.001131
1.012000 3.525000 0.001137
1.087000 3.525000 0.001142
1.163000 3.525000 0.001148
1.238000 3.525000 0.001152
1.313000 3.525000 0.001157
1.388000 3.525000 0.001160
1.463000 3.525000 0.001163
1.538000 3.525000 0.001165
1.613000 3.525000 0.001167
1.688000 3.525000 0.001168
1.763000 3.525000 0.001168
1.838000 3.525000 0.001167
1.913000 3.525000 0.001165
1.988000 3.525000 0.001162
2.063000 3.525000 0.001159
2.138000 3.525000 0.001155
2.213000 3.525000 0.001150
2.288000 3.525000 0.001144
2.363000 3.525000 0.001138
2.438000 3.525000 0.001131
2.513000 3.525000 0.001124
2.588000 3.525000 0.001117
2.663000 3.525000 0.001109
2.738000 3.525000 0.001101
2.813000 3.525000 0.001093
2.888000 3.525000 0.001086
2.963000 3.525000 0.001078
3.038000 3.525000 0.001071
3.113000 3.525000 0.001064
3.188000 3.525000 0.001058
3.263000 3.525000 0.001052
3.338000 3.525000 0.001046
3.413000 3.525000 0.001042
3.488000 3.525000 0.001038
3.563000 3.525000 0.001035
3.638000 3.525000 0.001032
3.713000 3.525000 0.001030
3.788000 3.525000 0.001030
3.863000 3.525000 0.000000
-0.037500 3.675000 0.000000
0.037500 3.675000 0.000694
0.112500 3.675000 0.000694
0.187500 3.675000 0.000695
0.262500 3.675000 0.000697
0.337500 3.675000 0.000698
0.412500 3.675000 0.000700
0.487500 3.675000 0.000703
0.562500 3.675000 0.000706
0.637500 3.675000 0.000709
0.712500 3.675000 0.000712
0.787500 3.675000 0.000715
0.862500 3.675000 0.000719
0.937500 3.675000 0.000722
1.012000 3.675000 0.000726
1.087000 3.675000 0.000729
1.163000 3.675000 0.000732
1.238000 3.675000 0.000735
1.313000 3.675000 0.000737
1.388000 3.675000 0.000739
1.463000 3.675000 0.000741
1.538000 3.675000 0.000742
1.613000 3.675000 0.000743
1.688000 3.675000 0.000744
1.763000 3.675000 0.000744
1.838000 3.675000 0.000743
1.913000 3.675000 0.000742
1.988000 3.675000 0.000740
2.063000 3.675000 0.000738
2.138000 3.675000 0.000735
2.213000 3.675000 0.000732
2.288000 3.675000 0.000729
2.363000 3.675000 0.000725
2.438000 3.675000 0.000721
2.513000 3.675000 0.000716
2.588000 3.675000 0.000712
2.663000 3.675000 0.000707
2.738000 3.675000 0.000702
2.813000 3.675000 0.000698
2.888000 3.675000 0.000693
2.963000 3.675000 0.000688
3.038000 3.675000 0.000684
3.113000 3.675000 0.000679
3.188000 3.675000 0.000676
3.263000 3.675000 0.000672
3.338000 3.675000 0.000669
3.413000 3.675000 0.000666
3.488000 3.675000 0.000663
3.563000 3.675000 0.000661
3.638000 3.675000 0.000660
3.713000 3.675000 0.000659
3.788000 3.675000 0.000658
3.863000 3.675000 0.000000
-0.037500 3.825000 0.000000
0.037500 3.825000 0.000441
0.112500 3.825000 0.000441
0.187500 3.825000 0.000442
0.262500 3.825000 0.000443
0.337500 3.825000 0.000444
0.412500 3.825000 0.000445
0.487500 3.825000 0.000446
0.562500 3.825000 0.000448
0.637500 3.825000 0.000450
0.712500 3.825000 0.000452
0.787500 3.825000 0.000454
0.862500 3.825000 0.000456
0.937500 3.825000 0.000458
1.012000 3.825000 0.000460
1.087000 3.825000 0.000462
1.163000 3.825000 0.000464
1.238000 3.825000 0.000465
1.313000 3.825000 0.000467
1.388000 3.825000 0.000468
1.463000 3.825000 0.000469
1.538000 3.825000 0.000470
1.613000 3.825000 0.000470
1.688000 3.825000 0.000471
1.763000 3.825000 0.000470
1.838000 3.825000 0.000470
1.913000 3.825000 0.000469
1.988000 3.825000 0.000468
2.063000 3.825000 0.000467
2.138000 3.825000 0.000465
2.213000 3.825000 0.000463
2.288000 3.825000 0.000461
2.363000 3.825000 0.000459
2.438000 3.825000 0.000456
2.513000 3.825000 0.000454
2.588000 3.825000 0.000451
2.663000 3.825000 0.000448
2.738000 3.825000 0.000445
2.813000 3.825000 0.000442
2.888000 3.825000 0.000439
2.963000 3.825000 0.000436
3.038000 3.825000 0.000434
3.113000 3.825000 0.000431
3.188000 3.825000 0.000429
3.263000 3.825000 0.000426
3.338000 3.825000 0.000424
3.413000 3.825000 0.000423
3.488000 3.825000 0.000421
3.563000 3.825000 0.000420
3.638000 3.825000 0.000419
3.713000 3.825000 0.000418
3.788000 3.825000 0.000418
3.863000 3.825000 0.000000
-0.037500 3.975000 0.000000
0.037500 3.975000 0.000278
0.112500 3.975000 0.000278
0.187500 3.975000 0.000279
0.262500 3.975000 0.000279
0.337500 3.975000 0.000280
0.412500 3.975000 0.000281
0.487500 3.975000 0.000282
0.562500 3.975000 0.000283
0.637500 3.975000 0.000284
0.712500 3.975000 0.000285
0.787500 3.975000 0.000286
0.862500 3.975000 0.000287
0.937500 3.975000 0.000288
1.012000 3.975000 0.000290
1.087000 3.975000 0.000291
1.163000 3.975000 0.000292
1.238000 3.975000 0.000293
1.313000 3.975000 0.000294
1.388000 3.975000 0.000294
1.463000 3.975000 0.000295
1.538000 3.975000 0.000295
1.613000 3.975000 0.000296
1.688000 3.975000 0.000296
1.763000 3.975000 0.000296
1.838000 3.975000 0.000295
1.913000 3.975000 0.000295
1.988000 3.975000 0.000294
2.063000 3.975000 0.000293
2.138000 3.975000 0.000292
2.213000 3.975000 0.000291
2.288000 3.975000 0.000290
2.363000 3.975000 0.000289
2.438000 3.975000 0.000287
2.513000 3.975000 0.000285
2.588000 3.975000 0.000284
2.663000 3.975000 0.000282
2.738000 3.975000 0.000280
2.813000 3.975000 0.000278
2.888000 3.975000 0.000277
2.963000 3.975000 0.000275
3.038000 3.975000 0.000273
3.113000 3.975000 0.000272
3.188000 3.975000 0.000270
3.263000 3.975000 0.000269
3.338000 3.975000 0.000268
3.413000 3.975000 0.000266
3.488000 3.975000 0.000266
3.563000 3.975000 0.000265
3.638000 3.975000 0.000264
3.713000 3.975000 0.000264
3.788000 3.975000 0.000264
3.863000 3.975000 0.000000
-0.037500 4.125000 0.000000
0.037500 4.125000 0.000175
0.112500 4.125000 0.000175
0.187500 4.125000 0.000175
0.262500 4.125000 0.000175
0.337500 4.125000 0.000175
0.412500 4.125000 0.000176
0.487500 4.125000 0.000177
0.562500 4.125000 0.000177
0.637500 4.125000 0.000178
0.712500 4.125000 0.000178
0.787500 4.125000 0.000179
0.862500 4.125000 0.000180
0.937500 4.125000 0.000181
1.012000 4.125000 0.000181
1.087000 4.125000 0.000182
1.163000 4.125000 0.000183
1.238000 4.125000 0.000183
1.313000 4.125000 0.000184
1.388000 4.125000 0.000184
1.463000 4.125000 0.000184
1.538000 4.125000 0.000185
1.613000 4.125000 0.000185
1.688000 4.125000 0.000185
1.763000 4.125000 0.000185
1.838000 4.125000 0.000184
1.913000 4.125000 0.000184
1.988000 4.125000 0.000184
2.063000 4.125000 0.000183
2.138000 4.125000 0.000183
2.213000 4.125000 0.000182
2.288000 4.125000 0.000181
2.363000 4.125000 0.000180
2.438000 4.125000 0.000179
2.513000 4.125000 0.000178
2.588000 4.125000 0.000177
2.663000 4.125000 0.000176
2.738000 4.125000 0.000175
2.813000 4.125000 0.000174
2.888000 4.125000 0.000173
2.963000 4.125000 0.000172
3.038000 4.125000 0.000171
3.113000 4.125000 0.000170
3.188000 4.125000 0.000169
3.263000 4.125000 0.000168
3.338000 4.125000 0.000168
3.413000 4.125000 0.000167
3.488000 4.125000 0.000167
3.563000 4.125000 0.000166
3.638000 4.125000 0.000166
3.713000 4.125000 0.000165
3.788000 4.125000 0.000165
3.863000 4.125000 0.000000
-0.037500 4.275000 0.000000
0.037500 4.275000 0.000109
0.112500 4.275000 0.000109
0.187500 4.275000 0.000109
0.262500 4.275000 0.000109
0.337500 4.275000 0.000109
0.412500 4.275000 0.000110
0.487500 4.275000 0.000110
0.562500 4.275000 0.000110
0.637500 4.275000 0.000111
0.712500 4.275000 0.000111
0.787500 4.275000 0.000111
0.862500 4.275000 0.000112
0.937500 4.275000 0.000112
1.012000 4.275000 0.000113
1.087000 4.275000 0.000113
1.163000 4.275000 0.000113
1.238000 4.275000 0.000114
1.313000 4.275000 0.000114
1.388000 4.275000 0.000114
1.463000 4.275000 0.000115
1.538000 4.275000 0.000115
1.613000 4.275000 0.000115
1.688000 4.275000 0.000115
1.763000 4.275000 0.000115
1.838000 4.275000 0.000115
1.913000 4.275000 0.000114
1.988000 4.275000 0.000114
2.063000 4.275000 0.000114
2.138000 4.275000 0.000113
2.213000 4.275000 0.000113
2.288000 4.275000 0.000113
2.363000 4.275000 0.000112
2.438000 4.275000 0.000112
2.513000 4.275000 0.000111
2.588000 4.275000 0.000110
2.663000 4.275000 0.000110
2.738000 4.275000 0.000109
2.813000 4.275000 0.000108
2.888000 4.275000 0.000108
2.963000 4.275000 0.000107
3.038000 4.275000 0.000107
3.113000 4.275000 0.000106
3.188000 4.275000 0.000106
3.263000 4.275000 0.000105
3.338000 4.275000 0.000105
3.413000 4.275000 0.000104
3.488000 4.275000 0.000104
3.563000 4.275000 0.000104
3.638000 4.275000 0.000103
3.713000 4.275000 0.000103
3.788000 4.275000 0.000103
3.863000 4.275000 0.000000
-0.037500 4.425000 0.000000
0.037500 4.425000 0.000068
0.112500 4.425000 0.000068
0.187500 4.425000 0.000068
0.262500 4.425000 0.000068
0.337500 4.425000 0.000068
0.412500 4.425000 0.000068
0.487500 4.425000 0.000068
0.562500 4.425000 0.000069
0.637500 4.425000 0.000069
0.712500 4.425000 0.000069
0.787500 4.425000 0.000069
0.862500 4.425000 0.000069
0.937500 4.425000 0.000070
1.012000 4.425000 0.000070
1.087000 4.425000 0.000070
1.163000 4.425000 0.000070
1.238000 4.425000 0.000071
1.313000 4.425000 0.000071
1.388000 4.425000 0.000071
1.463000 4.425000 0.000071
1.538000 4.425000 0.000071
1.613000 4.425000 0.000071
1.688000 4.425000 0.000071
1.763000 4.425000 0.000071
1.838000 4.425000 0.000071
1.913000 4.425000 0.000071
1.988000 4.425000 0.000071
2.063000 4.425000 0.000071
2.138000 4.425000 0.000070
2.213000 4.425000 0.000070
2.288000 4.425000 0.000070
2.363000 4.425000 0.000070
2.438000 4.425000 0.000069
2.513000 4.425000 0.000069
2.588000 4.425000 0.000068
2.663000 4.425000 0.000068
2.738000 4.425000 0.000068
2.813000 4.425000 0.000067
2.888000 4.425000 0.000067
2.963000 4.425000 0.000067
3.038000 4.425000 0.000066
3.113000 4.425000 0.000066
3.188000 4.425000 0.000066
3.263000 4.425000 0.000065
3.338000 4.425000 0.000065
3.413000 4.425000 0.000065
3.488000 4.425000 0.000065
3.563000 4.425000 0.000064
3.638000 4.425000 0.000064
3.713000 4.425000 0.000064
3.788000 4.425000 0.000064
3.863000 4.425000 0.000000
-0.037500 4.575000 0.000000
0.037500 4.575000 0.000042
0.112500 4.575000 0.000042
0.187500 4.575000 0.000042
0.262500 4.575000 0.000042
0.337500 4.575000 0.000042
0.412500 4.575000 0.000043
0.487500 4.575000 0.000043
0.562500 4.575000 0.000043
0.637500 4.575000 0.000043
0.712500 4.575000 0.000043
0.787500 4.575000 0.000043
0.862500 4.575000 0.000043
0.937500 4.575000 0.000043
1.012000 4.575000 0.000044
1.087000 4.575000 0.000044
1.163000 4.575000 0.000044
1.238000 4.575000 0.000044
1.313000 4.575000 0.000044
1.388000 4.575000 0.000044
1.463000 4.575000 0.000044
1.538000 4.575000 0.000044
1.613000 4.575000 0.000044
1.688000 4.575000 0.000044
1.763000 4.575000 0.000044
1.838000 4.575000 0.000044
1.913000 4.575000 0.000044
1.988000 4.575000 0.000044
2.063000 4.575000 0.000044
2.138000 4.575000 0.000044
2.213000 4.575000 0.000044
2.288000 4.575000 0.000043
2.363000 4.575000 0.000043
2.438000 4.575000 0.000043
2.513000 4.575000 0.000043
2.588000 4.575000 0.000043
2.663000 4.575000 0.000042
2.738000 4.575000 0.000042
2.813000 4.575000 0.000042
2.888000 4.575000 0.000042
2.963000 4.575000 0.000042
3.038000 4.575000 0.000041
3.113000 4.575000 0.000041
3.188000 4.575000 0.000041
3.263000 4.575000 0.000041
3.338000 4.575000 0.000041
3.413000 4.575000 0.000040
3.488000 4.575000 0.000040
3.563000 4.575000 0.000040
3.638000 4.575000 0.000040
3.713000 4.575000 0.000040
3.788000 4.575000 0.000040
3.863000 4.575000 0.000000
-0.037500 4.725000 0.000000
0.037500 4.725000 0.000027
0.112500 4.725000 0.000027
0.187500 4.725000 0.000027
0.262500 4.725000 0.000027
0.337500 4.725000 0.000027
0.412500 4.725000 0.000027
0.487500 4.725000 0.000027
0.562500 4.725000 0.000027
0.637500 4.725000 0.000027
0.712500 4.725000 0.000027
0.787500 4.725000 0.000028
0.862500 4.725000 0.000028
0.937500 4.725000 0.000028
1.012000 4.725000 0.000028
1.087000 4.725000 0.000028
1.163000 4.725000 0.000028
1.238000 4.725000 0.000028
1.313000 4.725000 0.000028
1.388000 4.725000 0.000028
1.463000 4.725000 0.000028
1.538000 4.725000 0.000028
1.613000 4.725000 0.000028
1.688000 4.725000 0.000028
1.763000 4.725000 0.000028
1.838000 4.725000 0.000028
1.913000 4.725000 0.000028
1.988000 4.725000 0.000028
2.063000 4.725000 0.000028
2.138000 4.725000 0.000028
2.213000 4.725000 0.000028
2.288000 4.725000 0.000028
2.363000 4.725000 0.000028
2.438000 4.725000 0.000027
2.513000 4.725000 0.000027
2.588000 4.725000 0.000027
2.663000 4.725000 0.000027
2.738000 4.725000 0.000027
2.813000 4.725000 0.000027
2.888000 4.725000 0.000027
2.963000 4.725000 0.000026
3.038000 4.725000 0.000026
3.113000 4.725000 0.000026
3.188000 4.725000 0.000026
3.263000 4.725000 0.000026
3.338000 4.725000 0.000026
3.413000 4.725000 0.000026
3.488000 4.725000 0.000026
3.563000 4.725000 0.000026
3.638000 4.725000 0.000026
3.713000 4.725000 0.000026
3.788000 4.725000 0.000026
3.863000 4.725000 0.000000
-0.037500 4.875000 0.000000
0.037500 4.875000 0.000018
0.112500 4.875000 0.000018
0.187500 4.875000 0.000018
0.262500 4.875000 0.000018
0.337500 4.875000 0.000019
0.412500 4.875000 0.000019
0.487500 4.875000 0.000019
0.562500 4.875000 0.000019
0.637500 4.875000 0.000019
0.712500 4.875000 0.000019
0.787500 4.875000 0.000019
0.862500 4.875000 0.000019
0.937500 4.875000 0.000019
1.012000 4.875000 0.000019
1.087000 4.875000 0.000019
1.163000 4.875000 0.000019
1.238000 4.875000 0.000019
1.313000 4.875000 0.000019
1.388000 4.875000 0.000019
1.463000 4.875000 0.000019
1.538000 4.875000 0.000019
1.613000 4.875000 0.000019
1.688000 4.875000 0.000019
1.763000 4.875000 0.000019
1.838000 4.875000 0.000019
1.913000 4.875000 0.000019
1.988000 4.875000 0.000019
2.063000 4.875000 0.000019
2.138000 4.875000 0.000019
2.213000 4.875000 0.000019
2.288000 4.875000 0.000019
2.363000 4.875000 0.000019
2.438000 4.875000 0.000019
2.513000 4.875000 0.000019
2.588000 4.875000 0.000019
2.663000 4.875000 0.000018
2.738000 4.875000 0.000018
2.813000 4.875000 0.000018
2.888000 4.875000 0.000018
2.963000 4.875000 0.000018
3.038000 4.875000 0.000018
3.113000 4.875000 0.000018
3.188000 4.875000 0.000018
3.263000 4.875000 0.000018
3.338000 4.875000 0.000018
3.413000 4.875000 0.000018
3.488000 4.875000 0.000018
3.563000 4.875000 0.000018
3.638000 4.875000 0.000018
3.713000 4.875000 0.000017
3.788000 4.875000 0.000017
3.863000 4.875000 0.000000
-0.037500 5.025000 0.000000
0.037500 5.025000 0.000015
0.112500 5.025000 0.000015
0.187500 5.025000 0.000015
0.262500 5.025000 0.000015
0.337500 5.025000 0.000015
0.412500 5.025000 0.000015
0.487500 5.025000 0.000015
0.562500 5.025000 0.000015
0.637500 5.025000 0.000015
0.712500 5.025000 0.000015
0.787500 5.025000 0.000015
0.862500 5.025000 0.000015
0.937500 5.025000 0.000015
1.012000 5.025000 0.000015
1.087000 5.025000 0.000015
1.163000 5.025000 0.000015
1.238000 5.025000 0.000015
1.313000 5.025000 0.000015
1.388000 5.025000 0.000015
1.463000 5.025000 0.000015
1.538000 5.025000 0.000015
1.613000 5.025000 0.000015
1.688000 5.025000 0.000015
1.763000 5.025000 0.000015
1.838000 5.025000 0.000015
1.913000 5.025000 0.000015
1.988000 5.025000 0.000015
2.063000 5.025000 0.000015
2.138000 5.025000 0.000015
2.213000 5.025000 0.000015
2.288000 5.025000 0.000015
2.363000 5.025000 0.000015
2.438000 5.025000 0.000015
2.513000 5.025000 0.000015
2.588000 5.025000 0.000015
2.663000 5.025000 0.000015
2.738000 5.025000 0.000015
2.813000 5.025000 0.000014
2.888000 5.025000 0.000014
2.963000 5.025000 0.000014
3.038000 5.025000 0.000014
3.113000 5.025000 0.000014
3.188000 5.025000 0.000014
3.263000 5.025000 0.000014
3.338000 5.025000 0.000014
3.413000 5.025000 0.000014
3.488000 5.025000 0.000014
3.563000 5.025000 0.000014
3.638000 5.025000 0.000014
3.713000 5.025000 0.000014
3.788000 5.025000 0.000014
3.863000 5.025000 0.000000
-0.037500 5.175000 0.000000
0.037500 5.175000 0.000000
0.112500 5.175000 0.000000
0.187500 5.175000 0.000000
0.262500 5.175000 0.000000
0.337500 5.175000 0.000000
0.412500 5.175000 0.000000
0.487500 5.175000 0.000000
0.562500 5.175000 0.000000
0.637500 5.175000 0.000000
0.712500 5.175000 0.000000
0.787500 5.175000 0.000000
0.862500 5.175000 0.000000
0.937500 5.175000 0.000000
1.012000 5.175000 0.000000
1.087000 5.175000 0.000000
1.163000 5.175000 0.000000
1.238000 5.175000 0.000000
1.313000 5.175000 0.000000
1.388000 5.175000 0.000000
1.463000 5.175000 0.000000
1.538000 5.175000 0.000000
1.613000 5.175000 0.000000
1.688000 5.175000 0.000000
1.763000 5.175000 0.000000
1.838000 5.175000 0.000000
1.913000 5.175000 0.000000
1.988000 5.175000 0.000000
2.063000 5.175000 0.000000
2.138000 5.175000 0.000000
2.213000 5.175000 0.000000
2.288000 5.175000 0.000000
2.363000 5.175000 0.000000
2.438000 5.175000 0.000000
2.513000 5.175000 0.000000
2.588000 5.175000 0.000000
2.663000 5.175000 0.000000
2.738000 5.175000 0.000000
2.813000 5.175000 0.000000
2.888000 5.175000 0.000000
2.963000 5.175000 0.000000
3.038000 5.175000 0.000000
3.113000 5.175000 0.000000
3.188000 5.175000 0.000000
3.263000 5.175000 0.000000
3.338000 5.175000 0.000000
3.413000 5.175000 0.000000
3.488000 5.175000 0.000000
3.563000 5.175000 0.000000
3.638000 5.175000 0.000000
3.713000 5.175000 0.000000
3.788000 5.175000 0.000000
3.863000 5.175000 0.000000
