-0.037500 -0.075000 0.000000
0.037500 -0.075000 0.000000
0.112500 -0.075000 0.000000
0.187500 -0.075000 0.000000
0.262500 -0.075000 0.000000
0.337500 -0.075000 0.000000
0.412500 -0.075000 0.000000
0.487500 -0.075000 0.000000
0.562500 -0.075000 0.000000
0.637500 -0.075000 0.000000
0.712500 -0.075000 0.000000
0.787500 -0.075000 0.000000
0.862500 -0.075000 0.000000
0.937500 -0.075000 0.000000
1.012000 -0.075000 0.000000
1.087000 -0.075000 0.000000
1.163000 -0.075000 0.000000
1.238000 -0.075000 0.000000
1.313000 -0.075000 0.000000
1.388000 -0.075000 0.000000
1.463000 -0.075000 0.000000
1.538000 -0.075000 0.000000
1.613000 -0.075000 0.000000
1.688000 -0.075000 0.000000
1.763000 -0.075000 0.000000
1.838000 -0.075000 0.000000
1.913000 -0.075000 0.000000
1.988000 -0.075000 0.000000
2.063000 -0.075000 0.000000
2.138000 -0.075000 0.000000
2.213000 -0.075000 0.000000
2.288000 -0.075000 0.000000
2.363000 -0.075000 0.000000
2.438000 -0.075000 0.000000
2.513000 -0.075000 0.000000
2.588000 -0.075000 0.000000
2.663000 -0.075000 0.000000
2.738000 -0.075000 0.000000
2.813000 -0.075000 0.000000
2.888000 -0.075000 0.000000
2.963000 -0.075000 0.000000
3.038000 -0.075000 0.000000
3.113000 -0.075000 0.000000
3.188000 -0.075000 0.000000
3.263000 -0.075000 0.000000
3.338000 -0.075000 0.000000
3.413000 -0.075000 0.000000
3.488000 -0.075000 0.000000
3.563000 -0.075000 0.000000
3.638000 -0.075000 0.000000
3.713000 -0.075000 0.000000
3.788000 -0.075000 0.000000
3.863000 -0.075000 0.000000
-0.037500 0.075000 0.000000
0.037500 0.075000 0.062780
0.112500 0.075000 0.125600
0.187500 0.075000 0.188300
0.262500 0.075000 0.251100
0.337500 0.075000 0.313800
0.412500 0.075000 0.376500
0.487500 0.075000 0.439200
0.562500 0.075000 0.501600
0.637500 0.075000 0.563900
0.712500 0.075000 0.625900
0.787500 0.075000 0.687400
0.862500 0.075000 0.748300
0.937500 0.075000 0.808400
1.012000 0.075000 0.867500
1.087000 0.075000 0.925100
1.163000 0.075000 0.981000
1.238000 0.075000 1.035000
1.313000 0.075000 1.086000
1.388000 0.075000 1.133000
1.463000 0.075000 1.177000
1.538000 0.075000 1.216000
1.613000 0.075000 1.249000
1.688000 0.075000 1.277000
1.763000 0.075000 1.298000
1.838000 0.075000 1.312000
1.913000 0.075000 1.318000
1.988000 0.075000 1.318000
2.063000 0.075000 1.310000
2.138000 0.075000 1.296000
2.213000 0.075000 1.277000
2.288000 0.075000 1.252000
2.363000 0.075000 1.223000
2.438000 0.075000 1.191000
2.513000 0.075000 1.156000
2.588000 0.075000 1.120000
2.663000 0.075000 1.083000
2.738000 0.075000 1.046000
2.813000 0.075000 1.009000
2.888000 0.075000 0.972100
2.963000 0.075000 0.936100
3.038000 0.075000 0.901100
3.113000 0.075000 0.867200
3.188000 0.075000 0.834500
3.263000 0.075000 0.803000
3.338000 0.075000 0.772800
3.413000 0.075000 0.743900
3.488000 0.075000 0.716300
3.563000 0.075000 0.689900
3.638000 0.075000 0.664700
3.713000 0.075000 0.640700
3.788000 0.075000 0.617900
3.863000 0.075000 0.000000
-0.037500 0.225000 0.000000
0.037500 0.225000 0.062780
0.112500 0.225000 0.125600
0.187500 0.225000 0.188300
0.262500 0.225000 0.251100
0.337500 0.225000 0.313800
0.412500 0.225000 0.376500
0.487500 0.225000 0.439200
0.562500 0.225000 0.501600
0.637500 0.225000 0.563900
0.712500 0.225000 0.625900
0.787500 0.225000 0.687400
0.862500 0.225000 0.748300
0.937500 0.225000 0.808400
1.012000 0.225000 0.867500
1.087000 0.225000 0.925100
1.163000 0.225000 0.981000
1.238000 0.225000 1.035000
1.313000 0.225000 1.086000
1.388000 0.225000 1.133000
1.463000 0.225000 1.177000
1.538000 0.225000 1.216000
1.613000 0.225000 1.249000
1.688000 0.225000 1.277000
1.763000 0.225000 1.298000
1.838000 0.225000 1.312000
1.913000 0.225000 1.318000
1.988000 0.225000 1.318000
2.063000 0.225000 1.310000
2.138000 0.225000 1.296000
2.213000 0.225000 1.277000
2.288000 0.225000 1.252000
2.363000 0.225000 1.223000
2.438000 0.225000 1.191000
2.513000 0.225000 1.156000
2.588000 0.225000 1.120000
2.663000 0.225000 1.083000
2.738000 0.225000 1.046000
2.813000 0.225000 1.009000
2.888000 0.225000 0.972100
2.963000 0.225000 0.936100
3.038000 0.225000 0.901100
3.113000 0.225000 0.867200
3.188000 0.225000 0.834500
3.263000 0.225000 0.803000
3.338000 0.225000 0.772800
3.413000 0.225000 0.743900
3.488000 0.225000 0.716300
3.563000 0.225000 0.689900
3.638000 0.225000 0.664700
3.713000 0.225000 0.640700
3.788000 0.225000 0.617900
3.863000 0.225000 0.000000
-0.037500 0.375000 0.000000
0.037500 0.375000 0.336500
0.112500 0.375000 0.353100
0.187500 0.375000 0.379400
0.262500 0.375000 0.412000
0.337500 0.375000 0.448900
0.412500 0.375000 0.488600
0.487500 0.375000 0.530400
0.562500 0.375000 0.573500
0.637500 0.375000 0.617600
0.712500 0.375000 0.662200
0.787500 0.375000 0.706900
0.862500 0.375000 0.751600
0.937500 0.375000 0.795800
1.012000 0.375000 0.839300
1.087000 0.375000 0.881700
1.163000 0.375000 0.922600
1.238000 0.375000 0.961700
1.313000 0.375000 0.998600
1.388000 0.375000 1.033000
1.463000 0.375000 1.064000
1.538000 0.375000 1.091000
1.613000 0.375000 1.114000
1.688000 0.375000 1.133000
1.763000 0.375000 1.148000
1.838000 0.375000 1.157000
1.913000 0.375000 1.161000
1.988000 0.375000 1.160000
2.063000 0.375000 1.154000
2.138000 0.375000 1.144000
2.213000 0.375000 1.130000
2.288000 0.375000 1.112000
2.363000 0.375000 1.091000
2.438000 0.375000 1.067000
2.513000 0.375000 1.041000
2.588000 0.375000 1.014000
2.663000 0.375000 0.986500
2.738000 0.375000 0.958100
2.813000 0.375000 0.929500
2.888000 0.375000 0.901000
2.963000 0.375000 0.873000
3.038000 0.375000 0.845700
3.113000 0.375000 0.819200
3.188000 0.375000 0.793600
3.263000 0.375000 0.769200
3.338000 0.375000 0.746100
3.413000 0.375000 0.724400
3.488000 0.375000 0.704400
3.563000 0.375000 0.686300
3.638000 0.375000 0.670600
3.713000 0.375000 0.658200
3.788000 0.375000 0.650700
3.863000 0.375000 0.000000
-0.037500 0.525000 0.000000
0.037500 0.525000 0.472000
0.112500 0.525000 0.478400
0.187500 0.525000 0.490300
0.262500 0.525000 0.506500
0.337500 0.525000 0.526200
0.412500 0.525000 0.548500
0.487500 0.525000 0.573000
0.562500 0.525000 0.599000
0.637500 0.525000 0.626200
0.712500 0.525000 0.654200
0.787500 0.525000 0.682600
0.862500 0.525000 0.711200
0.937500 0.525000 0.739700
1.012000 0.525000 0.767700
1.087000 0.525000 0.795000
1.163000 0.525000 0.821400
1.238000 0.525000 0.846400
1.313000 0.525000 0.869800
1.388000 0.525000 0.891400
1.463000 0.525000 0.910800
1.538000 0.525000 0.927800
1.613000 0.525000 0.942100
1.688000 0.525000 0.953600
1.763000 0.525000 0.961900
1.838000 0.525000 0.967200
1.913000 0.525000 0.969200
1.988000 0.525000 0.968100
2.063000 0.525000 0.964000
2.138000 0.525000 0.956900
2.213000 0.525000 0.947300
2.288000 0.525000 0.935200
2.363000 0.525000 0.921100
2.438000 0.525000 0.905300
2.513000 0.525000 0.888000
2.588000 0.525000 0.869700
2.663000 0.525000 0.850600
2.738000 0.525000 0.831100
2.813000 0.525000 0.811300
2.888000 0.525000 0.791600
2.963000 0.525000 0.772100
3.038000 0.525000 0.753100
3.113000 0.525000 0.734700
3.188000 0.525000 0.717100
3.263000 0.525000 0.700400
3.338000 0.525000 0.684900
3.413000 0.525000 0.670600
3.488000 0.525000 0.657900
3.563000 0.525000 0.646900
3.638000 0.525000 0.638000
3.713000 0.525000 0.631600
3.788000 0.525000 0.628200
3.863000 0.525000 0.000000
-0.037500 0.675000 0.000000
0.037500 0.675000 0.528300
0.112500 0.675000 0.531300
0.187500 0.675000 0.537200
0.262500 0.675000 0.545700
0.337500 0.675000 0.556500
0.412500 0.675000 0.569300
0.487500 0.675000 0.583700
0.562500 0.675000 0.599400
0.637500 0.675000 0.616200
0.712500 0.675000 0.633800
0.787500 0.675000 0.651900
0.862500 0.675000 0.670300
0.937500 0.675000 0.688700
1.012000 0.675000 0.706800
1.087000 0.675000 0.724500
1.163000 0.675000 0.741600
1.238000 0.675000 0.757700
1.313000 0.675000 0.772700
1.388000 0.675000 0.786500
1.463000 0.675000 0.798700
1.538000 0.675000 0.809300
1.613000 0.675000 0.818100
1.688000 0.675000 0.825000
1.763000 0.675000 0.829900
1.838000 0.675000 0.832700
1.913000 0.675000 0.833500
1.988000 0.675000 0.832300
2.063000 0.675000 0.829100
2.138000 0.675000 0.824000
2.213000 0.675000 0.817200
2.288000 0.675000 0.808800
2.363000 0.675000 0.799000
2.438000 0.675000 0.788000
2.513000 0.675000 0.776000
2.588000 0.675000 0.763200
2.663000 0.675000 0.749800
2.738000 0.675000 0.736100
2.813000 0.675000 0.722100
2.888000 0.675000 0.708100
2.963000 0.675000 0.694300
3.038000 0.675000 0.680800
3.113000 0.675000 0.667800
3.188000 0.675000 0.655500
3.263000 0.675000 0.644000
3.338000 0.675000 0.633400
3.413000 0.675000 0.623900
3.488000 0.675000 0.615600
3.563000 0.675000 0.608700
3.638000 0.675000 0.603400
3.713000 0.675000 0.599800
3.788000 0.675000 0.597900
3.863000 0.675000 0.000000
-0.037500 0.825000 0.000000
0.037500 0.825000 0.533900
0.112500 0.825000 0.536000
0.187500 0.825000 0.540300
0.262500 0.825000 0.546600
0.337500 0.825000 0.554600
0.412500 0.825000 0.564200
0.487500 0.825000 0.575300
0.562500 0.825000 0.587400
0.637500 0.825000 0.600500
0.712500 0.825000 0.614300
0.787500 0.825000 0.628600
0.862500 0.825000 0.643200
0.937500 0.825000 0.657800
1.012000 0.825000 0.672200
1.087000 0.825000 0.686300
1.163000 0.825000 0.699900
1.238000 0.825000 0.712700
1.313000 0.825000 0.724600
1.388000 0.825000 0.735400
1.463000 0.825000 0.745000
1.538000 0.825000 0.753300
1.613000 0.825000 0.760100
1.688000 0.825000 0.765400
1.763000 0.825000 0.769000
1.838000 0.825000 0.771000
1.913000 0.825000 0.771400
1.988000 0.825000 0.770100
2.063000 0.825000 0.767300
2.138000 0.825000 0.762900
2.213000 0.825000 0.757200
2.288000 0.825000 0.750100
2.363000 0.825000 0.742000
2.438000 0.825000 0.732800
2.513000 0.825000 0.722800
2.588000 0.825000 0.712100
2.663000 0.825000 0.700900
2.738000 0.825000 0.689300
2.813000 0.825000 0.677600
2.888000 0.825000 0.665900
2.963000 0.825000 0.654400
3.038000 0.825000 0.643100
3.113000 0.825000 0.632200
3.188000 0.825000 0.622000
3.263000 0.825000 0.612400
3.338000 0.825000 0.603700
3.413000 0.825000 0.596000
3.488000 0.825000 0.589300
3.563000 0.825000 0.583900
3.638000 0.825000 0.579700
3.713000 0.825000 0.576800
3.788000 0.825000 0.575400
3.863000 0.825000 0.000000
-0.037500 0.975000 0.000000
0.037500 0.975000 0.524400
0.112500 0.975000 0.526100
0.187500 0.975000 0.529400
0.262500 0.975000 0.534300
0.337500 0.975000 0.540600
0.412500 0.975000 0.548200
0.487500 0.975000 0.557000
0.562500 0.975000 0.566700
0.637500 0.975000 0.577300
0.712500 0.975000 0.588400
0.787500 0.975000 0.600000
0.862500 0.975000 0.611900
0.937500 0.975000 0.623800
1.012000 0.975000 0.635600
1.087000 0.975000 0.647100
1.163000 0.975000 0.658200
1.238000 0.975000 0.668600
1.313000 0.975000 0.678300
1.388000 0.975000 0.687100
1.463000 0.975000 0.694800
1.538000 0.975000 0.701500
1.613000 0.975000 0.706900
1.688000 0.975000 0.711100
1.763000 0.975000 0.713900
1.838000 0.975000 0.715300
1.913000 0.975000 0.715400
1.988000 0.975000 0.714100
2.063000 0.975000 0.711600
2.138000 0.975000 0.707800
2.213000 0.975000 0.702800
2.288000 0.975000 0.696700
2.363000 0.975000 0.689700
2.438000 0.975000 0.681800
2.513000 0.975000 0.673300
2.588000 0.975000 0.664100
2.663000 0.975000 0.654600
2.738000 0.975000 0.644700
2.813000 0.975000 0.634700
2.888000 0.975000 0.624700
2.963000 0.975000 0.614800
3.038000 0.975000 0.605200
3.113000 0.975000 0.596000
3.188000 0.975000 0.587300
3.263000 0.975000 0.579200
3.338000 0.975000 0.571900
3.413000 0.975000 0.565400
3.488000 0.975000 0.559800
3.563000 0.975000 0.555300
3.638000 0.975000 0.551900
3.713000 0.975000 0.549500
3.788000 0.975000 0.548400
3.863000 0.975000 0.000000
-0.037500 1.125000 0.000000
0.037500 1.125000 0.504500
0.112500 1.125000 0.505800
0.187500 1.125000 0.508600
0.262500 1.125000 0.512700
0.337500 1.125000 0.517900
0.412500 1.125000 0.524300
0.487500 1.125000 0.531700
0.562500 1.125000 0.539900
0.637500 1.125000 0.548900
0.712500 1.125000 0.558300
0.787500 1.125000 0.568200
0.862500 1.125000 0.578300
0.937500 1.125000 0.588400
1.012000 1.125000 0.598500
1.087000 1.125000 0.608300
1.163000 1.125000 0.617700
1.238000 1.125000 0.626600
1.313000 1.125000 0.634800
1.388000 1.125000 0.642300
1.463000 1.125000 0.648900
1.538000 1.125000 0.654500
1.613000 1.125000 0.659000
1.688000 1.125000 0.662400
1.763000 1.125000 0.664700
1.838000 1.125000 0.665800
1.913000 1.125000 0.665800
1.988000 1.125000 0.664600
2.063000 1.125000 0.662200
2.138000 1.125000 0.658800
2.213000 1.125000 0.654300
2.288000 1.125000 0.649000
2.363000 1.125000 0.642700
2.438000 1.125000 0.635800
2.513000 1.125000 0.628300
2.588000 1.125000 0.620200
2.663000 1.125000 0.611800
2.738000 1.125000 0.603100
2.813000 1.125000 0.594300
2.888000 1.125000 0.585500
2.963000 1.125000 0.576800
3.038000 1.125000 0.568300
3.113000 1.125000 0.560200
3.188000 1.125000 0.552600
3.263000 1.125000 0.545500
3.338000 1.125000 0.539100
3.413000 1.125000 0.533500
3.488000 1.125000 0.528700
3.563000 1.125000 0.524700
3.638000 1.125000 0.521800
3.713000 1.125000 0.519700
3.788000 1.125000 0.518700
3.863000 1.125000 0.000000
-0.037500 1.275000 0.000000
0.037500 1.275000 0.449200
0.112500 1.275000 0.450300
0.187500 1.275000 0.452600
0.262500 1.275000 0.455800
0.337500 1.275000 0.460100
0.412500 1.275000 0.465300
0.487500 1.275000 0.471200
0.562500 1.275000 0.477900
0.637500 1.275000 0.485100
0.712500 1.275000 0.492800
0.787500 1.275000 0.500800
0.862500 1.275000 0.509100
0.937500 1.275000 0.517300
1.012000 1.275000 0.525500
1.087000 1.275000 0.533500
1.163000 1.275000 0.541200
1.238000 1.275000 0.548400
1.313000 1.275000 0.555100
1.388000 1.275000 0.561200
1.463000 1.275000 0.566500
1.538000 1.275000 0.571100
1.613000 1.275000 0.574700
1.688000 1.275000 0.577500
1.763000 1.275000 0.579300
1.838000 1.275000 0.580100
1.913000 1.275000 0.579900
1.988000 1.275000 0.578800
2.063000 1.275000 0.576800
2.138000 1.275000 0.573900
2.213000 1.275000 0.570100
2.288000 1.275000 0.565600
2.363000 1.275000 0.560400
2.438000 1.275000 0.554600
2.513000 1.275000 0.548300
2.588000 1.275000 0.541500
2.663000 1.275000 0.534400
2.738000 1.275000 0.527200
2.813000 1.275000 0.519800
2.888000 1.275000 0.512400
2.963000 1.275000 0.505200
3.038000 1.275000 0.498100
3.113000 1.275000 0.491400
3.188000 1.275000 0.485000
3.263000 1.275000 0.479100
3.338000 1.275000 0.473800
3.413000 1.275000 0.469100
3.488000 1.275000 0.465100
3.563000 1.275000 0.461900
3.638000 1.275000 0.459400
3.713000 1.275000 0.457700
3.788000 1.275000 0.456900
3.863000 1.275000 0.000000
-0.037500 1.425000 0.000000
0.037500 1.425000 0.369800
0.112500 1.425000 0.370600
0.187500 1.425000 0.372200
0.262500 1.425000 0.374600
0.337500 1.425000 0.377700
0.412500 1.425000 0.381400
0.487500 1.425000 0.385800
0.562500 1.425000 0.390600
0.637500 1.425000 0.395900
0.712500 1.425000 0.401500
0.787500 1.425000 0.407400
0.862500 1.425000 0.413400
0.937500 1.425000 0.419500
1.012000 1.425000 0.425500
1.087000 1.425000 0.431300
1.163000 1.425000 0.437000
1.238000 1.425000 0.442300
1.313000 1.425000 0.447200
1.388000 1.425000 0.451600
1.463000 1.425000 0.455500
1.538000 1.425000 0.458700
1.613000 1.425000 0.461400
1.688000 1.425000 0.463300
1.763000 1.425000 0.464500
1.838000 1.425000 0.465100
1.913000 1.425000 0.464900
1.988000 1.425000 0.463900
2.063000 1.425000 0.462300
2.138000 1.425000 0.460100
2.213000 1.425000 0.457200
2.288000 1.425000 0.453700
2.363000 1.425000 0.449700
2.438000 1.425000 0.445300
2.513000 1.425000 0.440500
2.588000 1.425000 0.435300
2.663000 1.425000 0.430000
2.738000 1.425000 0.424500
2.813000 1.425000 0.418900
2.888000 1.425000 0.413300
2.963000 1.425000 0.407800
3.038000 1.425000 0.402400
3.113000 1.425000 0.397300
3.188000 1.425000 0.392500
3.263000 1.425000 0.388100
3.338000 1.425000 0.384100
3.413000 1.425000 0.380500
3.488000 1.425000 0.377500
3.563000 1.425000 0.375100
3.638000 1.425000 0.373200
3.713000 1.425000 0.372000
3.788000 1.425000 0.371400
3.863000 1.425000 0.000000
-0.037500 1.575000 0.000000
0.037500 1.575000 0.297400
0.112500 1.575000 0.298000
0.187500 1.575000 0.299100
0.262500 1.575000 0.300800
0.337500 1.575000 0.303000
0.412500 1.575000 0.305700
0.487500 1.575000 0.308800
0.562500 1.575000 0.312300
0.637500 1.575000 0.316100
0.712500 1.575000 0.320100
0.787500 1.575000 0.324400
0.862500 1.575000 0.328700
0.937500 1.575000 0.333000
1.012000 1.575000 0.337300
1.087000 1.575000 0.341600
1.163000 1.575000 0.345600
1.238000 1.575000 0.349400
1.313000 1.575000 0.352900
1.388000 1.575000 0.356100
1.463000 1.575000 0.358800
1.538000 1.575000 0.361200
1.613000 1.575000 0.363000
1.688000 1.575000 0.364400
1.763000 1.575000 0.365200
1.838000 1.575000 0.365500
1.913000 1.575000 0.365300
1.988000 1.575000 0.364500
2.063000 1.575000 0.363300
2.138000 1.575000 0.361500
2.213000 1.575000 0.359400
2.288000 1.575000 0.356700
2.363000 1.575000 0.353800
2.438000 1.575000 0.350400
2.513000 1.575000 0.346800
2.588000 1.575000 0.343000
2.663000 1.575000 0.339000
2.738000 1.575000 0.334900
2.813000 1.575000 0.330700
2.888000 1.575000 0.326600
2.963000 1.575000 0.322500
3.038000 1.575000 0.318500
3.113000 1.575000 0.314700
3.188000 1.575000 0.311200
3.263000 1.575000 0.307900
3.338000 1.575000 0.304900
3.413000 1.575000 0.302300
3.488000 1.575000 0.300100
3.563000 1.575000 0.298300
3.638000 1.575000 0.296900
3.713000 1.575000 0.295900
3.788000 1.575000 0.295500
3.863000 1.575000 0.000000
-0.037500 1.725000 0.000000
0.037500 1.725000 0.233700
0.112500 1.725000 0.234100
0.187500 1.725000 0.234900
0.262500 1.725000 0.236100
0.337500 1.725000 0.237600
0.412500 1.725000 0.239500
0.487500 1.725000 0.241700
0.562500 1.725000 0.244100
0.637500 1.725000 0.246800
0.712500 1.725000 0.249600
0.787500 1.725000 0.252600
0.862500 1.725000 0.255600
0.937500 1.725000 0.258700
1.012000 1.725000 0.261700
1.087000 1.725000 0.264700
1.163000 1.725000 0.267500
1.238000 1.725000 0.270200
1.313000 1.725000 0.272700
1.388000 1.725000 0.274900
1.463000 1.725000 0.276800
1.538000 1.725000 0.278400
1.613000 1.725000 0.279700
1.688000 1.725000 0.280600
1.763000 1.725000 0.281100
1.838000 1.725000 0.281300
1.913000 1.725000 0.281100
1.988000 1.725000 0.280500
2.063000 1.725000 0.279500
2.138000 1.725000 0.278200
2.213000 1.725000 0.276600
2.288000 1.725000 0.274700
2.363000 1.725000 0.272500
2.438000 1.725000 0.270100
2.513000 1.725000 0.267400
2.588000 1.725000 0.264600
2.663000 1.725000 0.261700
2.738000 1.725000 0.258700
2.813000 1.725000 0.255700
2.888000 1.725000 0.252700
2.963000 1.725000 0.249700
3.038000 1.725000 0.246800
3.113000 1.725000 0.244000
3.188000 1.725000 0.241500
3.263000 1.725000 0.239100
3.338000 1.725000 0.236900
3.413000 1.725000 0.235000
3.488000 1.725000 0.233400
3.563000 1.725000 0.232100
3.638000 1.725000 0.231100
3.713000 1.725000 0.230400
3.788000 1.725000 0.230000
3.863000 1.725000 0.000000
-0.037500 1.875000 0.000000
0.037500 1.875000 0.178900
0.112500 1.875000 0.179200
0.187500 1.875000 0.179800
0.262500 1.875000 0.180600
0.337500 1.875000 0.181600
0.412500 1.875000 0.182900
0.487500 1.875000 0.184400
0.562500 1.875000 0.186100
0.637500 1.875000 0.187900
0.712500 1.875000 0.189800
0.787500 1.875000 0.191800
0.862500 1.875000 0.193900
0.937500 1.875000 0.196000
1.012000 1.875000 0.198100
1.087000 1.875000 0.200100
1.163000 1.875000 0.202000
1.238000 1.875000 0.203800
1.313000 1.875000 0.205500
1.388000 1.875000 0.207000
1.463000 1.875000 0.208300
1.538000 1.875000 0.209400
1.613000 1.875000 0.210200
1.688000 1.875000 0.210800
1.763000 1.875000 0.211100
1.838000 1.875000 0.211200
1.913000 1.875000 0.211000
1.988000 1.875000 0.210500
2.063000 1.875000 0.209800
2.138000 1.875000 0.208900
2.213000 1.875000 0.207700
2.288000 1.875000 0.206300
2.363000 1.875000 0.204800
2.438000 1.875000 0.203000
2.513000 1.875000 0.201200
2.588000 1.875000 0.199200
2.663000 1.875000 0.197100
2.738000 1.875000 0.195000
2.813000 1.875000 0.192800
2.888000 1.875000 0.190700
2.963000 1.875000 0.188600
3.038000 1.875000 0.186600
3.113000 1.875000 0.184600
3.188000 1.875000 0.182800
3.263000 1.875000 0.181100
3.338000 1.875000 0.179600
3.413000 1.875000 0.178300
3.488000 1.875000 0.177100
3.563000 1.875000 0.176200
3.638000 1.875000 0.175500
3.713000 1.875000 0.175000
3.788000 1.875000 0.174700
3.863000 1.875000 0.000000
-0.037500 2.025000 0.000000
0.037500 2.025000 0.132700
0.112500 2.025000 0.132900
0.187500 2.025000 0.133300
0.262500 2.025000 0.133800
0.337500 2.025000 0.134500
0.412500 2.025000 0.135300
0.487500 2.025000 0.136200
0.562500 2.025000 0.137300
0.637500 2.025000 0.138500
0.712500 2.025000 0.139700
0.787500 2.025000 0.141000
0.862500 2.025000 0.142400
0.937500 2.025000 0.143700
1.012000 2.025000 0.145100
1.087000 2.025000 0.146300
1.163000 2.025000 0.147600
1.238000 2.025000 0.148700
1.313000 2.025000 0.149800
1.388000 2.025000 0.150800
1.463000 2.025000 0.151600
1.538000 2.025000 0.152200
1.613000 2.025000 0.152800
1.688000 2.025000 0.153100
1.763000 2.025000 0.153300
1.838000 2.025000 0.153300
1.913000 2.025000 0.153100
1.988000 2.025000 0.152800
2.063000 2.025000 0.152300
2.138000 2.025000 0.151600
2.213000 2.025000 0.150800
2.288000 2.025000 0.149900
2.363000 2.025000 0.148800
2.438000 2.025000 0.147600
2.513000 2.025000 0.146400
2.588000 2.025000 0.145000
2.663000 2.025000 0.143600
2.738000 2.025000 0.142200
2.813000 2.025000 0.140800
2.888000 2.025000 0.139300
2.963000 2.025000 0.137900
3.038000 2.025000 0.136500
3.113000 2.025000 0.135200
3.188000 2.025000 0.134000
3.263000 2.025000 0.132900
3.338000 2.025000 0.131900
3.413000 2.025000 0.131000
3.488000 2.025000 0.130200
3.563000 2.025000 0.129600
3.638000 2.025000 0.129100
3.713000 2.025000 0.128800
3.788000 2.025000 0.128600
3.863000 2.025000 0.000000
-0.037500 2.175000 0.000000
0.037500 2.175000 0.094060
0.112500 2.175000 0.094160
0.187500 2.175000 0.094350
0.262500 2.175000 0.094640
0.337500 2.175000 0.095030
0.412500 2.175000 0.095490
0.487500 2.175000 0.096040
0.562500 2.175000 0.096650
0.637500 2.175000 0.097310
0.712500 2.175000 0.098020
0.787500 2.175000 0.098750
0.862500 2.175000 0.099510
0.937500 2.175000 0.100300
1.012000 2.175000 0.101000
1.087000 2.175000 0.101700
1.163000 2.175000 0.102400
1.238000 2.175000 0.103100
1.313000 2.175000 0.103700
1.388000 2.175000 0.104200
1.463000 2.175000 0.104600
1.538000 2.175000 0.105000
1.613000 2.175000 0.105300
1.688000 2.175000 0.105400
1.763000 2.175000 0.105500
1.838000 2.175000 0.105500
1.913000 2.175000 0.105300
1.988000 2.175000 0.105100
2.063000 2.175000 0.104800
2.138000 2.175000 0.104300
2.213000 2.175000 0.103800
2.288000 2.175000 0.103200
2.363000 2.175000 0.102600
2.438000 2.175000 0.101800
2.513000 2.175000 0.101000
2.588000 2.175000 0.100200
2.663000 2.175000 0.099370
2.738000 2.175000 0.098500
2.813000 2.175000 0.097620
2.888000 2.175000 0.096740
2.963000 2.175000 0.095880
3.038000 2.175000 0.095060
3.113000 2.175000 0.094270
3.188000 2.175000 0.093530
3.263000 2.175000 0.092850
3.338000 2.175000 0.092240
3.413000 2.175000 0.091700
3.488000 2.175000 0.091240
3.563000 2.175000 0.090870
3.638000 2.175000 0.090580
3.713000 2.175000 0.090390
3.788000 2.175000 0.090290
3.863000 2.175000 0.000000
-0.037500 2.325000 0.000000
0.037500 2.325000 0.072490
0.112500 2.325000 0.072550
0.187500 2.325000 0.072660
0.262500 2.325000 0.072820
0.337500 2.325000 0.073040
0.412500 2.325000 0.073310
0.487500 2.325000 0.073630
0.562500 2.325000 0.073980
0.637500 2.325000 0.074360
0.712500 2.325000 0.074760
0.787500 2.325000 0.075190
0.862500 2.325000 0.075620
0.937500 2.325000 0.076050
1.012000 2.325000 0.076480
1.087000 2.325000 0.076890
1.163000 2.325000 0.077280
1.238000 2.325000 0.077640
1.313000 2.325000 0.077960
1.388000 2.325000 0.078250
1.463000 2.325000 0.078480
1.538000 2.325000 0.078660
1.613000 2.325000 0.078790
1.688000 2.325000 0.078850
1.763000 2.325000 0.078860
1.838000 2.325000 0.078800
1.913000 2.325000 0.078680
1.988000 2.325000 0.078500
2.063000 2.325000 0.078270
2.138000 2.325000 0.077970
2.213000 2.325000 0.077620
2.288000 2.325000 0.077230
2.363000 2.325000 0.076790
2.438000 2.325000 0.076310
2.513000 2.325000 0.075800
2.588000 2.325000 0.075270
2.663000 2.325000 0.074720
2.738000 2.325000 0.074160
2.813000 2.325000 0.073600
2.888000 2.325000 0.073040
2.963000 2.325000 0.072490
3.038000 2.325000 0.071970
3.113000 2.325000 0.071470
3.188000 2.325000 0.071000
3.263000 2.325000 0.070580
3.338000 2.325000 0.070190
3.413000 2.325000 0.069860
3.488000 2.325000 0.069570
3.563000 2.325000 0.069340
3.638000 2.325000 0.069170
3.713000 2.325000 0.069050
3.788000 2.325000 0.069000
3.863000 2.325000 0.000000
-0.037500 2.475000 0.000000
0.037500 2.475000 0.063250
0.112500 2.475000 0.063290
0.187500 2.475000 0.063380
0.262500 2.475000 0.063500
0.337500 2.475000 0.063660
0.412500 2.475000 0.063870
0.487500 2.475000 0.064100
0.562500 2.475000 0.064360
0.637500 2.475000 0.064640
0.712500 2.475000 0.064940
0.787500 2.475000 0.065260
0.862500 2.475000 0.065580
0.937500 2.475000 0.065900
1.012000 2.475000 0.066210
1.087000 2.475000 0.066510
1.163000 2.475000 0.066790
1.238000 2.475000 0.067060
1.313000 2.475000 0.067290
1.388000 2.475000 0.067490
1.463000 2.475000 0.067650
1.538000 2.475000 0.067770
1.613000 2.475000 0.067850
1.688000 2.475000 0.067890
1.763000 2.475000 0.067870
1.838000 2.475000 0.067810
1.913000 2.475000 0.067700
1.988000 2.475000 0.067550
2.063000 2.475000 0.067350
2.138000 2.475000 0.067100
2.213000 2.475000 0.066820
2.288000 2.475000 0.066500
2.363000 2.475000 0.066140
2.438000 2.475000 0.065760
2.513000 2.475000 0.065350
2.588000 2.475000 0.064930
2.663000 2.475000 0.064490
2.738000 2.475000 0.064050
2.813000 2.475000 0.063600
2.888000 2.475000 0.063160
2.963000 2.475000 0.062730
3.038000 2.475000 0.062320
3.113000 2.475000 0.061930
3.188000 2.475000 0.061560
3.263000 2.475000 0.061230
3.338000 2.475000 0.060930
3.413000 2.475000 0.060670
3.488000 2.475000 0.060450
3.563000 2.475000 0.060280
3.638000 2.475000 0.060150
3.713000 2.475000 0.060060
3.788000 2.475000 0.060020
3.863000 2.475000 0.000000
-0.037500 2.625000 0.000000
0.037500 2.625000 0.055540
0.112500 2.625000 0.055570
0.187500 2.625000 0.055640
0.262500 2.625000 0.055730
0.337500 2.625000 0.055860
0.412500 2.625000 0.056020
0.487500 2.625000 0.056200
0.562500 2.625000 0.056400
0.637500 2.625000 0.056610
0.712500 2.625000 0.056840
0.787500 2.625000 0.057080
0.862500 2.625000 0.057330
0.937500 2.625000 0.057570
1.012000 2.625000 0.057810
1.087000 2.625000 0.058030
1.163000 2.625000 0.058250
1.238000 2.625000 0.058440
1.313000 2.625000 0.058610
1.388000 2.625000 0.058760
1.463000 2.625000 0.058880
1.538000 2.625000 0.058960
1.613000 2.625000 0.059010
1.688000 2.625000 0.059020
1.763000 2.625000 0.059000
1.838000 2.625000 0.058940
1.913000 2.625000 0.058840
1.988000 2.625000 0.058710
2.063000 2.625000 0.058530
2.138000 2.625000 0.058330
2.213000 2.625000 0.058090
2.288000 2.625000 0.057830
2.363000 2.625000 0.057530
2.438000 2.625000 0.057220
2.513000 2.625000 0.056890
2.588000 2.625000 0.056540
2.663000 2.625000 0.056190
2.738000 2.625000 0.055830
2.813000 2.625000 0.055470
2.888000 2.625000 0.055110
2.963000 2.625000 0.054760
3.038000 2.625000 0.054430
3.113000 2.625000 0.054120
3.188000 2.625000 0.053820
3.263000 2.625000 0.053560
3.338000 2.625000 0.053320
3.413000 2.625000 0.053110
3.488000 2.625000 0.052940
3.563000 2.625000 0.052800
3.638000 2.625000 0.052700
3.713000 2.625000 0.052630
3.788000 2.625000 0.052600
3.863000 2.625000 0.000000
-0.037500 2.775000 0.000000
0.037500 2.775000 0.049270
0.112500 2.775000 0.049300
0.187500 2.775000 0.049360
0.262500 2.775000 0.049440
0.337500 2.775000 0.049550
0.412500 2.775000 0.049670
0.487500 2.775000 0.049820
0.562500 2.775000 0.049980
0.637500 2.775000 0.050160
0.712500 2.775000 0.050350
0.787500 2.775000 0.050540
0.862500 2.775000 0.050740
0.937500 2.775000 0.050930
1.012000 2.775000 0.051120
1.087000 2.775000 0.051300
1.163000 2.775000 0.051470
1.238000 2.775000 0.051630
1.313000 2.775000 0.051760
1.388000 2.775000 0.051870
1.463000 2.775000 0.051960
1.538000 2.775000 0.052030
1.613000 2.775000 0.052060
1.688000 2.775000 0.052060
1.763000 2.775000 0.052040
1.838000 2.775000 0.051980
1.913000 2.775000 0.051890
1.988000 2.775000 0.051770
2.063000 2.775000 0.051620
2.138000 2.775000 0.051440
2.213000 2.775000 0.051240
2.288000 2.775000 0.051010
2.363000 2.775000 0.050760
2.438000 2.775000 0.050500
2.513000 2.775000 0.050220
2.588000 2.775000 0.049920
2.663000 2.775000 0.049620
2.738000 2.775000 0.049320
2.813000 2.775000 0.049020
2.888000 2.775000 0.048720
2.963000 2.775000 0.048430
3.038000 2.775000 0.048150
3.113000 2.775000 0.047880
3.188000 2.775000 0.047640
3.263000 2.775000 0.047420
3.338000 2.775000 0.047220
3.413000 2.775000 0.047050
3.488000 2.775000 0.046900
3.563000 2.775000 0.046790
3.638000 2.775000 0.046710
3.713000 2.775000 0.046650
3.788000 2.775000 0.046630
3.863000 2.775000 0.000000
-0.037500 2.925000 0.000000
0.037500 2.925000 0.039480
0.112500 2.925000 0.039500
0.187500 2.925000 0.039550
0.262500 2.925000 0.039610
0.337500 2.925000 0.039690
0.412500 2.925000 0.039790
0.487500 2.925000 0.039900
0.562500 2.925000 0.040030
0.637500 2.925000 0.040160
0.712500 2.925000 0.040300
0.787500 2.925000 0.040450
0.862500 2.925000 0.040600
0.937500 2.925000 0.040740
1.012000 2.925000 0.040890
1.087000 2.925000 0.041020
1.163000 2.925000 0.041150
1.238000 2.925000 0.041270
1.313000 2.925000 0.041370
1.388000 2.925000 0.041450
1.463000 2.925000 0.041520
1.538000 2.925000 0.041560
1.613000 2.925000 0.041580
1.688000 2.925000 0.041580
1.763000 2.925000 0.041560
1.838000 2.925000 0.041510
1.913000 2.925000 0.041440
1.988000 2.925000 0.041340
2.063000 2.925000 0.041220
2.138000 2.925000 0.041080
2.213000 2.925000 0.040920
2.288000 2.925000 0.040750
2.363000 2.925000 0.040550
2.438000 2.925000 0.040340
2.513000 2.925000 0.040120
2.588000 2.925000 0.039900
2.663000 2.925000 0.039660
2.738000 2.925000 0.039430
2.813000 2.925000 0.039190
2.888000 2.925000 0.038960
2.963000 2.925000 0.038730
3.038000 2.925000 0.038520
3.113000 2.925000 0.038310
3.188000 2.925000 0.038120
3.263000 2.925000 0.037950
3.338000 2.925000 0.037800
3.413000 2.925000 0.037660
3.488000 2.925000 0.037550
3.563000 2.925000 0.037470
3.638000 2.925000 0.037400
3.713000 2.925000 0.037360
3.788000 2.925000 0.037340
3.863000 2.925000 0.000000
-0.037500 3.075000 0.000000
0.037500 3.075000 0.028540
0.112500 3.075000 0.028550
0.187500 3.075000 0.028580
0.262500 3.075000 0.028620
0.337500 3.075000 0.028680
0.412500 3.075000 0.028740
0.487500 3.075000 0.028820
0.562500 3.075000 0.028900
0.637500 3.075000 0.028990
0.712500 3.075000 0.029090
0.787500 3.075000 0.029180
0.862500 3.075000 0.029280
0.937500 3.075000 0.029380
1.012000 3.075000 0.029480
1.087000 3.075000 0.029570
1.163000 3.075000 0.029650
1.238000 3.075000 0.029730
1.313000 3.075000 0.029790
1.388000 3.075000 0.029840
1.463000 3.075000 0.029890
1.538000 3.075000 0.029910
1.613000 3.075000 0.029920
1.688000 3.075000 0.029920
1.763000 3.075000 0.029900
1.838000 3.075000 0.029860
1.913000 3.075000 0.029810
1.988000 3.075000 0.029740
2.063000 3.075000 0.029660
2.138000 3.075000 0.029560
2.213000 3.075000 0.029450
2.288000 3.075000 0.029320
2.363000 3.075000 0.029190
2.438000 3.075000 0.029040
2.513000 3.075000 0.028890
2.588000 3.075000 0.028730
2.663000 3.075000 0.028570
2.738000 3.075000 0.028400
2.813000 3.075000 0.028240
2.888000 3.075000 0.028080
2.963000 3.075000 0.027920
3.038000 3.075000 0.027770
3.113000 3.075000 0.027630
3.188000 3.075000 0.027500
3.263000 3.075000 0.027380
3.338000 3.075000 0.027270
3.413000 3.075000 0.027180
3.488000 3.075000 0.027100
3.563000 3.075000 0.027040
3.638000 3.075000 0.026990
3.713000 3.075000 0.026960
3.788000 3.075000 0.026950
3.863000 3.075000 0.000000
-0.037500 3.225000 0.000000
0.037500 3.225000 0.020450
0.112500 3.225000 0.020460
0.187500 3.225000 0.020480
0.262500 3.225000 0.020510
0.337500 3.225000 0.020540
0.412500 3.225000 0.020590
0.487500 3.225000 0.020640
0.562500 3.225000 0.020690
0.637500 3.225000 0.020750
0.712500 3.225000 0.020810
0.787500 3.225000 0.020880
0.862500 3.225000 0.020940
0.937500 3.225000 0.021010
1.012000 3.225000 0.021070
1.087000 3.225000 0.021130
1.163000 3.225000 0.021180
1.238000 3.225000 0.021230
1.313000 3.225000 0.021280
1.388000 3.225000 0.021310
1.463000 3.225000 0.021340
1.538000 3.225000 0.021350
1.613000 3.225000 0.021360
1.688000 3.225000 0.021350
1.763000 3.225000 0.021340
1.838000 3.225000 0.021310
1.913000 3.225000 0.021270
1.988000 3.225000 0.021220
2.063000 3.225000 0.021160
2.138000 3.225000 0.021090
2.213000 3.225000 0.021010
2.288000 3.225000 0.020930
2.363000 3.225000 0.020830
2.438000 3.225000 0.020730
2.513000 3.225000 0.020620
2.588000 3.225000 0.020520
2.663000 3.225000 0.020400
2.738000 3.225000 0.020290
2.813000 3.225000 0.020180
2.888000 3.225000 0.020070
2.963000 3.225000 0.019960
3.038000 3.225000 0.019860
3.113000 3.225000 0.019760
3.188000 3.225000 0.019670
3.263000 3.225000 0.019580
3.338000 3.225000 0.019510
3.413000 3.225000 0.019450
3.488000 3.225000 0.019390
3.563000 3.225000 0.019350
3.638000 3.225000 0.019310
3.713000 3.225000 0.019290
3.788000 3.225000 0.019280
3.863000 3.225000 0.000000
-0.037500 3.375000 0.000000
0.037500 3.375000 0.014540
0.112500 3.375000 0.014540
0.187500 3.375000 0.014560
0.262500 3.375000 0.014570
0.337500 3.375000 0.014600
0.412500 3.375000 0.014620
0.487500 3.375000 0.014660
0.562500 3.375000 0.014690
0.637500 3.375000 0.014730
0.712500 3.375000 0.014770
0.787500 3.375000 0.014810
0.862500 3.375000 0.014860
0.937500 3.375000 0.014900
1.012000 3.375000 0.014940
1.087000 3.375000 0.014980
1.163000 3.375000 0.015010
1.238000 3.375000 0.015050
1.313000 3.375000 0.015070
1.388000 3.375000 0.015090
1.463000 3.375000 0.015110
1.538000 3.375000 0.015120
1.613000 3.375000 0.015120
1.688000 3.375000 0.015110
1.763000 3.375000 0.015100
1.838000 3.375000 0.015080
1.913000 3.375000 0.015050
1.988000 3.375000 0.015020
2.063000 3.375000 0.014980
2.138000 3.375000 0.014930
2.213000 3.375000 0.014870
2.288000 3.375000 0.014810
2.363000 3.375000 0.014750
2.438000 3.375000 0.014680
2.513000 3.375000 0.014610
2.588000 3.375000 0.014530
2.663000 3.375000 0.014460
2.738000 3.375000 0.014380
2.813000 3.375000 0.014300
2.888000 3.375000 0.014230
2.963000 3.375000 0.014150
3.038000 3.375000 0.014080
3.113000 3.375000 0.014010
3.188000 3.375000 0.013950
3.263000 3.375000 0.013900
3.338000 3.375000 0.013840
3.413000 3.375000 0.013800
3.488000 3.375000 0.013760
3.563000 3.375000 0.013730
3.638000 3.375000 0.013710
3.713000 3.375000 0.013690
3.788000 3.375000 0.013680
3.863000 3.375000 0.000000
-0.037500 3.525000 0.000000
0.037500 3.525000 0.010250
0.112500 3.525000 0.010250
0.187500 3.525000 0.010260
0.262500 3.525000 0.010270
0.337500 3.525000 0.010290
0.412500 3.525000 0.010310
0.487500 3.525000 0.010330
0.562500 3.525000 0.010350
0.637500 3.525000 0.010370
0.712500 3.525000 0.010400
0.787500 3.525000 0.010430
0.862500 3.525000 0.010460
0.937500 3.525000 0.010480
1.012000 3.525000 0.010510
1.087000 3.525000 0.010530
1.163000 3.525000 0.010560
1.238000 3.525000 0.010580
1.313000 3.525000 0.010590
1.388000 3.525000 0.010610
1.463000 3.525000 0.010620
1.538000 3.525000 0.010620
1.613000 3.525000 0.010620
1.688000 3.525000 0.010620
1.763000 3.525000 0.010610
1.838000 3.525000 0.010590
1.913000 3.525000 0.010570
1.988000 3.525000 0.010550
2.063000 3.525000 0.010520
2.138000 3.525000 0.010480
2.213000 3.525000 0.010450
2.288000 3.525000 0.010410
2.363000 3.525000 0.010360
2.438000 3.525000 0.010310
2.513000 3.525000 0.010260
2.588000 3.525000 0.010210
2.663000 3.525000 0.010160
2.738000 3.525000 0.010110
2.813000 3.525000 0.010060
2.888000 3.525000 0.010000
2.963000 3.525000 0.009955
3.038000 3.525000 0.009907
3.113000 3.525000 0.009861
3.188000 3.525000 0.009819
3.263000 3.525000 0.009780
3.338000 3.525000 0.009745
3.413000 3.525000 0.009714
3.488000 3.525000 0.009688
3.563000 3.525000 0.009666
3.638000 3.525000 0.009648
3.713000 3.525000 0.009635
3.788000 3.525000 0.009627
3.863000 3.525000 0.000000
-0.037500 3.675000 0.000000
0.037500 3.675000 0.007170
0.112500 3.675000 0.007172
0.187500 3.675000 0.007177
0.262500 3.675000 0.007184
0.337500 3.675000 0.007193
0.412500 3.675000 0.007205
0.487500 3.675000 0.007218
0.562500 3.675000 0.007233
0.637500 3.675000 0.007249
0.712500 3.675000 0.007266
0.787500 3.675000 0.007284
0.862500 3.675000 0.007302
0.937500 3.675000 0.007319
1.012000 3.675000 0.007336
1.087000 3.675000 0.007351
1.163000 3.675000 0.007366
1.238000 3.675000 0.007378
1.313000 3.675000 0.007389
1.388000 3.675000 0.007397
1.463000 3.675000 0.007402
1.538000 3.675000 0.007404
1.613000 3.675000 0.007404
1.688000 3.675000 0.007400
1.763000 3.675000 0.007393
1.838000 3.675000 0.007382
1.913000 3.675000 0.007368
1.988000 3.675000 0.007351
2.063000 3.675000 0.007331
2.138000 3.675000 0.007308
2.213000 3.675000 0.007283
2.288000 3.675000 0.007255
2.363000 3.675000 0.007224
2.438000 3.675000 0.007192
2.513000 3.675000 0.007159
2.588000 3.675000 0.007124
2.663000 3.675000 0.007089
2.738000 3.675000 0.007053
2.813000 3.675000 0.007018
2.888000 3.675000 0.006983
2.963000 3.675000 0.006949
3.038000 3.675000 0.006917
3.113000 3.675000 0.006886
3.188000 3.675000 0.006857
3.263000 3.675000 0.006831
3.338000 3.675000 0.006807
3.413000 3.675000 0.006786
3.488000 3.675000 0.006768
3.563000 3.675000 0.006753
3.638000 3.675000 0.006740
3.713000 3.675000 0.006731
3.788000 3.675000 0.006726
3.863000 3.675000 0.000000
-0.037500 3.825000 0.000000
0.037500 3.825000 0.004978
0.112500 3.825000 0.004980
0.187500 3.825000 0.004983
0.262500 3.825000 0.004988
0.337500 3.825000 0.004994
0.412500 3.825000 0.005001
0.487500 3.825000 0.005009
0.562500 3.825000 0.005019
0.637500 3.825000 0.005029
0.712500 3.825000 0.005040
0.787500 3.825000 0.005051
0.862500 3.825000 0.005062
0.937500 3.825000 0.005073
1.012000 3.825000 0.005084
1.087000 3.825000 0.005094
1.163000 3.825000 0.005103
1.238000 3.825000 0.005111
1.313000 3.825000 0.005117
1.388000 3.825000 0.005122
1.463000 3.825000 0.005125
1.538000 3.825000 0.005126
1.613000 3.825000 0.005125
1.688000 3.825000 0.005122
1.763000 3.825000 0.005116
1.838000 3.825000 0.005109
1.913000 3.825000 0.005099
1.988000 3.825000 0.005088
2.063000 3.825000 0.005074
2.138000 3.825000 0.005058
2.213000 3.825000 0.005041
2.288000 3.825000 0.005022
2.363000 3.825000 0.005001
2.438000 3.825000 0.004980
2.513000 3.825000 0.004957
2.588000 3.825000 0.004934
2.663000 3.825000 0.004910
2.738000 3.825000 0.004886
2.813000 3.825000 0.004863
2.888000 3.825000 0.004839
2.963000 3.825000 0.004817
3.038000 3.825000 0.004795
3.113000 3.825000 0.004774
3.188000 3.825000 0.004755
3.263000 3.825000 0.004737
3.338000 3.825000 0.004721
3.413000 3.825000 0.004707
3.488000 3.825000 0.004694
3.563000 3.825000 0.004684
3.638000 3.825000 0.004675
3.713000 3.825000 0.004669
3.788000 3.825000 0.004665
3.863000 3.825000 0.000000
-0.037500 3.975000 0.000000
0.037500 3.975000 0.003434
0.112500 3.975000 0.003435
0.187500 3.975000 0.003437
0.262500 3.975000 0.003439
0.337500 3.975000 0.003443
0.412500 3.975000 0.003448
0.487500 3.975000 0.003453
0.562500 3.975000 0.003459
0.637500 3.975000 0.003466
0.712500 3.975000 0.003473
0.787500 3.975000 0.003480
0.862500 3.975000 0.003487
0.937500 3.975000 0.003494
1.012000 3.975000 0.003500
1.087000 3.975000 0.003507
1.163000 3.975000 0.003512
1.238000 3.975000 0.003517
1.313000 3.975000 0.003521
1.388000 3.975000 0.003523
1.463000 3.975000 0.003525
1.538000 3.975000 0.003525
1.613000 3.975000 0.003524
1.688000 3.975000 0.003522
1.763000 3.975000 0.003518
1.838000 3.975000 0.003513
1.913000 3.975000 0.003506
1.988000 3.975000 0.003498
2.063000 3.975000 0.003489
2.138000 3.975000 0.003478
2.213000 3.975000 0.003467
2.288000 3.975000 0.003454
2.363000 3.975000 0.003440
2.438000 3.975000 0.003425
2.513000 3.975000 0.003410
2.588000 3.975000 0.003395
2.663000 3.975000 0.003379
2.738000 3.975000 0.003363
2.813000 3.975000 0.003347
2.888000 3.975000 0.003332
2.963000 3.975000 0.003316
3.038000 3.975000 0.003302
3.113000 3.975000 0.003288
3.188000 3.975000 0.003275
3.263000 3.975000 0.003263
3.338000 3.975000 0.003252
3.413000 3.975000 0.003243
3.488000 3.975000 0.003235
3.563000 3.975000 0.003228
3.638000 3.975000 0.003222
3.713000 3.975000 0.003217
3.788000 3.975000 0.003215
3.863000 3.975000 0.000000
-0.037500 4.125000 0.000000
0.037500 4.125000 0.002355
0.112500 4.125000 0.002355
0.187500 4.125000 0.002356
0.262500 4.125000 0.002358
0.337500 4.125000 0.002361
0.412500 4.125000 0.002364
0.487500 4.125000 0.002367
0.562500 4.125000 0.002371
0.637500 4.125000 0.002375
0.712500 4.125000 0.002379
0.787500 4.125000 0.002384
0.862500 4.125000 0.002388
0.937500 4.125000 0.002392
1.012000 4.125000 0.002396
1.087000 4.125000 0.002400
1.163000 4.125000 0.002404
1.238000 4.125000 0.002407
1.313000 4.125000 0.002409
1.388000 4.125000 0.002410
1.463000 4.125000 0.002411
1.538000 4.125000 0.002411
1.613000 4.125000 0.002410
1.688000 4.125000 0.002409
1.763000 4.125000 0.002406
1.838000 4.125000 0.002402
1.913000 4.125000 0.002398
1.988000 4.125000 0.002392
2.063000 4.125000 0.002386
2.138000 4.125000 0.002379
2.213000 4.125000 0.002371
2.288000 4.125000 0.002362
2.363000 4.125000 0.002353
2.438000 4.125000 0.002343
2.513000 4.125000 0.002333
2.588000 4.125000 0.002323
2.663000 4.125000 0.002312
2.738000 4.125000 0.002302
2.813000 4.125000 0.002291
2.888000 4.125000 0.002281
2.963000 4.125000 0.002271
3.038000 4.125000 0.002261
3.113000 4.125000 0.002252
3.188000 4.125000 0.002243
3.263000 4.125000 0.002235
3.338000 4.125000 0.002228
3.413000 4.125000 0.002222
3.488000 4.125000 0.002216
3.563000 4.125000 0.002212
3.638000 4.125000 0.002208
3.713000 4.125000 0.002205
3.788000 4.125000 0.002203
3.863000 4.125000 0.000000
-0.037500 4.275000 0.000000
0.037500 4.275000 0.001609
0.112500 4.275000 0.001609
0.187500 4.275000 0.001610
0.262500 4.275000 0.001611
0.337500 4.275000 0.001612
0.412500 4.275000 0.001614
0.487500 4.275000 0.001616
0.562500 4.275000 0.001619
0.637500 4.275000 0.001621
0.712500 4.275000 0.001624
0.787500 4.275000 0.001627
0.862500 4.275000 0.001629
0.937500 4.275000 0.001632
1.012000 4.275000 0.001635
1.087000 4.275000 0.001637
1.163000 4.275000 0.001639
1.238000 4.275000 0.001641
1.313000 4.275000 0.001642
1.388000 4.275000 0.001643
1.463000 4.275000 0.001643
1.538000 4.275000 0.001643
1.613000 4.275000 0.001642
1.688000 4.275000 0.001641
1.763000 4.275000 0.001639
1.838000 4.275000 0.001637
1.913000 4.275000 0.001634
1.988000 4.275000 0.001630
2.063000 4.275000 0.001626
2.138000 4.275000 0.001621
2.213000 4.275000 0.001615
2.288000 4.275000 0.001610
2.363000 4.275000 0.001604
2.438000 4.275000 0.001597
2.513000 4.275000 0.001591
2.588000 4.275000 0.001584
2.663000 4.275000 0.001577
2.738000 4.275000 0.001570
2.813000 4.275000 0.001563
2.888000 4.275000 0.001556
2.963000 4.275000 0.001549
3.038000 4.275000 0.001543
3.113000 4.275000 0.001537
3.188000 4.275000 0.001531
3.263000 4.275000 0.001526
3.338000 4.275000 0.001521
3.413000 4.275000 0.001517
3.488000 4.275000 0.001513
3.563000 4.275000 0.001510
3.638000 4.275000 0.001507
3.713000 4.275000 0.001505
3.788000 4.275000 0.001504
3.863000 4.275000 0.000000
-0.037500 4.425000 0.000000
0.037500 4.425000 0.001099
0.112500 4.425000 0.001100
0.187500 4.425000 0.001100
0.262500 4.425000 0.001101
0.337500 4.425000 0.001102
0.412500 4.425000 0.001103
0.487500 4.425000 0.001104
0.562500 4.425000 0.001106
0.637500 4.425000 0.001107
0.712500 4.425000 0.001109
0.787500 4.425000 0.001111
0.862500 4.425000 0.001112
0.937500 4.425000 0.001114
1.012000 4.425000 0.001115
1.087000 4.425000 0.001117
1.163000 4.425000 0.001118
1.238000 4.425000 0.001119
1.313000 4.425000 0.001120
1.388000 4.425000 0.001120
1.463000 4.425000 0.001120
1.538000 4.425000 0.001120
1.613000 4.425000 0.001120
1.688000 4.425000 0.001119
1.763000 4.425000 0.001117
1.838000 4.425000 0.001116
1.913000 4.425000 0.001113
1.988000 4.425000 0.001111
2.063000 4.425000 0.001108
2.138000 4.425000 0.001105
2.213000 4.425000 0.001101
2.288000 4.425000 0.001098
2.363000 4.425000 0.001093
2.438000 4.425000 0.001089
2.513000 4.425000 0.001085
2.588000 4.425000 0.001080
2.663000 4.425000 0.001076
2.738000 4.425000 0.001071
2.813000 4.425000 0.001066
2.888000 4.425000 0.001062
2.963000 4.425000 0.001057
3.038000 4.425000 0.001053
3.113000 4.425000 0.001049
3.188000 4.425000 0.001045
3.263000 4.425000 0.001042
3.338000 4.425000 0.001039
3.413000 4.425000 0.001036
3.488000 4.425000 0.001033
3.563000 4.425000 0.001031
3.638000 4.425000 0.001029
3.713000 4.425000 0.001028
3.788000 4.425000 0.001027
3.863000 4.425000 0.000000
-0.037500 4.575000 0.000000
0.037500 4.575000 0.000758
0.112500 4.575000 0.000758
0.187500 4.575000 0.000759
0.262500 4.575000 0.000759
0.337500 4.575000 0.000760
0.412500 4.575000 0.000760
0.487500 4.575000 0.000761
0.562500 4.575000 0.000762
0.637500 4.575000 0.000763
0.712500 4.575000 0.000764
0.787500 4.575000 0.000765
0.862500 4.575000 0.000766
0.937500 4.575000 0.000767
1.012000 4.575000 0.000768
1.087000 4.575000 0.000769
1.163000 4.575000 0.000770
1.238000 4.575000 0.000770
1.313000 4.575000 0.000771
1.388000 4.575000 0.000771
1.463000 4.575000 0.000771
1.538000 4.575000 0.000771
1.613000 4.575000 0.000770
1.688000 4.575000 0.000770
1.763000 4.575000 0.000769
1.838000 4.575000 0.000768
1.913000 4.575000 0.000766
1.988000 4.575000 0.000765
2.063000 4.575000 0.000762
2.138000 4.575000 0.000760
2.213000 4.575000 0.000758
2.288000 4.575000 0.000755
2.363000 4.575000 0.000753
2.438000 4.575000 0.000750
2.513000 4.575000 0.000747
2.588000 4.575000 0.000744
2.663000 4.575000 0.000741
2.738000 4.575000 0.000738
2.813000 4.575000 0.000735
2.888000 4.575000 0.000731
2.963000 4.575000 0.000729
3.038000 4.575000 0.000726
3.113000 4.575000 0.000723
3.188000 4.575000 0.000721
3.263000 4.575000 0.000718
3.338000 4.575000 0.000716
3.413000 4.575000 0.000714
3.488000 4.575000 0.000713
3.563000 4.575000 0.000711
3.638000 4.575000 0.000710
3.713000 4.575000 0.000709
3.788000 4.575000 0.000708
3.863000 4.575000 0.000000
-0.037500 4.725000 0.000000
0.037500 4.725000 0.000538
0.112500 4.725000 0.000538
0.187500 4.725000 0.000538
0.262500 4.725000 0.000539
0.337500 4.725000 0.000539
0.412500 4.725000 0.000539
0.487500 4.725000 0.000540
0.562500 4.725000 0.000540
0.637500 4.725000 0.000541
0.712500 4.725000 0.000542
0.787500 4.725000 0.000542
0.862500 4.725000 0.000543
0.937500 4.725000 0.000544
1.012000 4.725000 0.000544
1.087000 4.725000 0.000545
1.163000 4.725000 0.000545
1.238000 4.725000 0.000546
1.313000 4.725000 0.000546
1.388000 4.725000 0.000546
1.463000 4.725000 0.000546
1.538000 4.725000 0.000546
1.613000 4.725000 0.000546
1.688000 4.725000 0.000545
1.763000 4.725000 0.000544
1.838000 4.725000 0.000543
1.913000 4.725000 0.000542
1.988000 4.725000 0.000541
2.063000 4.725000 0.000540
2.138000 4.725000 0.000538
2.213000 4.725000 0.000537
2.288000 4.725000 0.000535
2.363000 4.725000 0.000533
2.438000 4.725000 0.000531
2.513000 4.725000 0.000529
2.588000 4.725000 0.000527
2.663000 4.725000 0.000525
2.738000 4.725000 0.000523
2.813000 4.725000 0.000521
2.888000 4.725000 0.000518
2.963000 4.725000 0.000516
3.038000 4.725000 0.000515
3.113000 4.725000 0.000513
3.188000 4.725000 0.000511
3.263000 4.725000 0.000509
3.338000 4.725000 0.000508
3.413000 4.725000 0.000507
3.488000 4.725000 0.000505
3.563000 4.725000 0.000504
3.638000 4.725000 0.000503
3.713000 4.725000 0.000503
3.788000 4.725000 0.000502
3.863000 4.725000 0.000000
-0.037500 4.875000 0.000000
0.037500 4.875000 0.000407
0.112500 4.875000 0.000407
0.187500 4.875000 0.000407
0.262500 4.875000 0.000407
0.337500 4.875000 0.000407
0.412500 4.875000 0.000408
0.487500 4.875000 0.000408
0.562500 4.875000 0.000409
0.637500 4.875000 0.000409
0.712500 4.875000 0.000409
0.787500 4.875000 0.000410
0.862500 4.875000 0.000410
0.937500 4.875000 0.000411
1.012000 4.875000 0.000411
1.087000 4.875000 0.000411
1.163000 4.875000 0.000412
1.238000 4.875000 0.000412
1.313000 4.875000 0.000412
1.388000 4.875000 0.000412
1.463000 4.875000 0.000412
1.538000 4.875000 0.000412
1.613000 4.875000 0.000412
1.688000 4.875000 0.000411
1.763000 4.875000 0.000411
1.838000 4.875000 0.000410
1.913000 4.875000 0.000409
1.988000 4.875000 0.000408
2.063000 4.875000 0.000407
2.138000 4.875000 0.000406
2.213000 4.875000 0.000405
2.288000 4.875000 0.000404
2.363000 4.875000 0.000402
2.438000 4.875000 0.000401
2.513000 4.875000 0.000399
2.588000 4.875000 0.000398
2.663000 4.875000 0.000396
2.738000 4.875000 0.000395
2.813000 4.875000 0.000393
2.888000 4.875000 0.000392
2.963000 4.875000 0.000390
3.038000 4.875000 0.000389
3.113000 4.875000 0.000387
3.188000 4.875000 0.000386
3.263000 4.875000 0.000385
3.338000 4.875000 0.000384
3.413000 4.875000 0.000383
3.488000 4.875000 0.000382
3.563000 4.875000 0.000381
3.638000 4.875000 0.000381
3.713000 4.875000 0.000380
3.788000 4.875000 0.000380
3.863000 4.875000 0.000000
-0.037500 5.025000 0.000000
0.037500 5.025000 0.000346
0.112500 5.025000 0.000346
0.187500 5.025000 0.000346
0.262500 5.025000 0.000346
0.337500 5.025000 0.000346
0.412500 5.025000 0.000346
0.487500 5.025000 0.000347
0.562500 5.025000 0.000347
0.637500 5.025000 0.000347
0.712500 5.025000 0.000348
0.787500 5.025000 0.000348
0.862500 5.025000 0.000349
0.937500 5.025000 0.000349
1.012000 5.025000 0.000349
1.087000 5.025000 0.000349
1.163000 5.025000 0.000350
1.238000 5.025000 0.000350
1.313000 5.025000 0.000350
1.388000 5.025000 0.000350
1.463000 5.025000 0.000350
1.538000 5.025000 0.000350
1.613000 5.025000 0.000349
1.688000 5.025000 0.000349
1.763000 5.025000 0.000349
1.838000 5.025000 0.000348
1.913000 5.025000 0.000347
1.988000 5.025000 0.000347
2.063000 5.025000 0.000346
2.138000 5.025000 0.000345
2.213000 5.025000 0.000344
2.288000 5.025000 0.000343
2.363000 5.025000 0.000342
2.438000 5.025000 0.000340
2.513000 5.025000 0.000339
2.588000 5.025000 0.000338
2.663000 5.025000 0.000337
2.738000 5.025000 0.000335
2.813000 5.025000 0.000334
2.888000 5.025000 0.000333
2.963000 5.025000 0.000331
3.038000 5.025000 0.000330
3.113000 5.025000 0.000329
3.188000 5.025000 0.000328
3.263000 5.025000 0.000327
3.338000 5.025000 0.000326
3.413000 5.025000 0.000325
3.488000 5.025000 0.000325
3.563000 5.025000 0.000324
3.638000 5.025000 0.000323
3.713000 5.025000 0.000323
3.788000 5.025000 0.000323
3.863000 5.025000 0.000000
-0.037500 5.175000 0.000000
0.037500 5.175000 0.000000
0.112500 5.175000 0.000000
0.187500 5.175000 0.000000
0.262500 5.175000 0.000000
0.337500 5.175000 0.000000
0.412500 5.175000 0.000000
0.487500 5.175000 0.000000
0.562500 5.175000 0.000000
0.637500 5.175000 0.000000
0.712500 5.175000 0.000000
0.787500 5.175000 0.000000
0.862500 5.175000 0.000000
0.937500 5.175000 0.000000
1.012000 5.175000 0.000000
1.087000 5.175000 0.000000
1.163000 5.175000 0.000000
1.238000 5.175000 0.000000
1.313000 5.175000 0.000000
1.388000 5.175000 0.000000
1.463000 5.175000 0.000000
1.538000 5.175000 0.000000
1.613000 5.175000 0.000000
1.688000 5.175000 0.000000
1.763000 5.175000 0.000000
1.838000 5.175000 0.000000
1.913000 5.175000 0.000000
1.988000 5.175000 0.000000
2.063000 5.175000 0.000000
2.138000 5.175000 0.000000
2.213000 5.175000 0.000000
2.288000 5.175000 0.000000
2.363000 5.175000 0.000000
2.438000 5.175000 0.000000
2.513000 5.175000 0.000000
2.588000 5.175000 0.000000
2.663000 5.175000 0.000000
2.738000 5.175000 0.000000
2.813000 5.175000 0.000000
2.888000 5.175000 0.000000
2.963000 5.175000 0.000000
3.038000 5.175000 0.000000
3.113000 5.175000 0.000000
3.188000 5.175000 0.000000
3.263000 5.175000 0.000000
3.338000 5.175000 0.000000
3.413000 5.175000 0.000000
3.488000 5.175000 0.000000
3.563000 5.175000 0.000000
3.638000 5.175000 0.000000
3.713000 5.175000 0.000000
3.788000 5.175000 0.000000
3.863000 5.175000 0.000000
