-0.037500 -0.075000 0.000000
0.037500 -0.075000 0.000000
0.112500 -0.075000 0.000000
0.187500 -0.075000 0.000000
0.262500 -0.075000 0.000000
0.337500 -0.075000 0.000000
0.412500 -0.075000 0.000000
0.487500 -0.075000 0.000000
0.562500 -0.075000 0.000000
0.637500 -0.075000 0.000000
0.712500 -0.075000 0.000000
0.787500 -0.075000 0.000000
0.862500 -0.075000 0.000000
0.937500 -0.075000 0.000000
1.012000 -0.075000 0.000000
1.087000 -0.075000 0.000000
1.163000 -0.075000 0.000000
1.238000 -0.075000 0.000000
1.313000 -0.075000 0.000000
1.388000 -0.075000 0.000000
1.463000 -0.075000 0.000000
1.538000 -0.075000 0.000000
1.613000 -0.075000 0.000000
1.688000 -0.075000 0.000000
1.763000 -0.075000 0.000000
1.838000 -0.075000 0.000000
1.913000 -0.075000 0.000000
1.988000 -0.075000 0.000000
2.063000 -0.075000 0.000000
2.138000 -0.075000 0.000000
2.213000 -0.075000 0.000000
2.288000 -0.075000 0.000000
2.363000 -0.075000 0.000000
2.438000 -0.075000 0.000000
2.513000 -0.075000 0.000000
2.588000 -0.075000 0.000000
2.663000 -0.075000 0.000000
2.738000 -0.075000 0.000000
2.813000 -0.075000 0.000000
2.888000 -0.075000 0.000000
2.963000 -0.075000 0.000000
3.038000 -0.075000 0.000000
3.113000 -0.075000 0.000000
3.188000 -0.075000 0.000000
3.263000 -0.075000 0.000000
3.338000 -0.075000 0.000000
3.413000 -0.075000 0.000000
3.488000 -0.075000 0.000000
3.563000 -0.075000 0.000000
3.638000 -0.075000 0.000000
3.713000 -0.075000 0.000000
3.788000 -0.075000 0.000000
3.863000 -0.075000 0.000000
-0.037500 0.075000 0.000000
0.037500 0.075000 0.046490
0.112500 0.075000 0.092980
0.187500 0.075000 0.139500
0.262500 0.075000 0.185900
0.337500 0.075000 0.232400
0.412500 0.075000 0.278800
0.487500 0.075000 0.325200
0.562500 0.075000 0.371500
0.637500 0.075000 0.417600
0.712500 0.075000 0.463500
0.787500 0.075000 0.509000
0.862500 0.075000 0.554100
0.937500 0.075000 0.598600
1.012000 0.075000 0.642400
1.087000 0.075000 0.685100
1.163000 0.075000 0.726500
1.238000 0.075000 0.766200
1.313000 0.075000 0.803900
1.388000 0.075000 0.839200
1.463000 0.075000 0.871400
1.538000 0.075000 0.900300
1.613000 0.075000 0.925100
1.688000 0.075000 0.945500
1.763000 0.075000 0.961000
1.838000 0.075000 0.971300
1.913000 0.075000 0.976300
1.988000 0.075000 0.975900
2.063000 0.075000 0.970300
2.138000 0.075000 0.960000
2.213000 0.075000 0.945300
2.288000 0.075000 0.927000
2.363000 0.075000 0.905600
2.438000 0.075000 0.881800
2.513000 0.075000 0.856300
2.588000 0.075000 0.829600
2.663000 0.075000 0.802300
2.738000 0.075000 0.774600
2.813000 0.075000 0.747100
2.888000 0.075000 0.719900
2.963000 0.075000 0.693200
3.038000 0.075000 0.667300
3.113000 0.075000 0.642200
3.188000 0.075000 0.617900
3.263000 0.075000 0.594600
3.338000 0.075000 0.572300
3.413000 0.075000 0.550900
3.488000 0.075000 0.530400
3.563000 0.075000 0.510900
3.638000 0.075000 0.492200
3.713000 0.075000 0.474500
3.788000 0.075000 0.457500
3.863000 0.075000 0.000000
-0.037500 0.225000 0.000000
0.037500 0.225000 0.046490
0.112500 0.225000 0.092980
0.187500 0.225000 0.139500
0.262500 0.225000 0.185900
0.337500 0.225000 0.232400
0.412500 0.225000 0.278800
0.487500 0.225000 0.325200
0.562500 0.225000 0.371500
0.637500 0.225000 0.417600
0.712500 0.225000 0.463500
0.787500 0.225000 0.509000
0.862500 0.225000 0.554100
0.937500 0.225000 0.598600
1.012000 0.225000 0.642400
1.087000 0.225000 0.685100
1.163000 0.225000 0.726500
1.238000 0.225000 0.766200
1.313000 0.225000 0.803900
1.388000 0.225000 0.839200
1.463000 0.225000 0.871400
1.538000 0.225000 0.900300
1.613000 0.225000 0.925100
1.688000 0.225000 0.945500
1.763000 0.225000 0.961000
1.838000 0.225000 0.971300
1.913000 0.225000 0.976300
1.988000 0.225000 0.975900
2.063000 0.225000 0.970300
2.138000 0.225000 0.960000
2.213000 0.225000 0.945300
2.288000 0.225000 0.927000
2.363000 0.225000 0.905600
2.438000 0.225000 0.881800
2.513000 0.225000 0.856300
2.588000 0.225000 0.829600
2.663000 0.225000 0.802300
2.738000 0.225000 0.774600
2.813000 0.225000 0.747100
2.888000 0.225000 0.719900
2.963000 0.225000 0.693200
3.038000 0.225000 0.667300
3.113000 0.225000 0.642200
3.188000 0.225000 0.617900
3.263000 0.225000 0.594600
3.338000 0.225000 0.572300
3.413000 0.225000 0.550900
3.488000 0.225000 0.530400
3.563000 0.225000 0.510900
3.638000 0.225000 0.492200
3.713000 0.225000 0.474500
3.788000 0.225000 0.457500
3.863000 0.225000 0.000000
-0.037500 0.375000 0.000000
0.037500 0.375000 0.126300
0.112500 0.375000 0.137500
0.187500 0.375000 0.155000
0.262500 0.375000 0.176300
0.337500 0.375000 0.200100
0.412500 0.375000 0.225500
0.487500 0.375000 0.252100
0.562500 0.375000 0.279300
0.637500 0.375000 0.306900
0.712500 0.375000 0.334800
0.787500 0.375000 0.362800
0.862500 0.375000 0.390600
0.937500 0.375000 0.418000
1.012000 0.375000 0.445100
1.087000 0.375000 0.471400
1.163000 0.375000 0.496900
1.238000 0.375000 0.521200
1.313000 0.375000 0.544200
1.388000 0.375000 0.565500
1.463000 0.375000 0.584900
1.538000 0.375000 0.602100
1.613000 0.375000 0.616800
1.688000 0.375000 0.628800
1.763000 0.375000 0.637800
1.838000 0.375000 0.643700
1.913000 0.375000 0.646500
1.988000 0.375000 0.646200
2.063000 0.375000 0.642800
2.138000 0.375000 0.636600
2.213000 0.375000 0.627900
2.288000 0.375000 0.616900
2.363000 0.375000 0.604000
2.438000 0.375000 0.589600
2.513000 0.375000 0.574000
2.588000 0.375000 0.557500
2.663000 0.375000 0.540500
2.738000 0.375000 0.523200
2.813000 0.375000 0.505800
2.888000 0.375000 0.488600
2.963000 0.375000 0.471600
3.038000 0.375000 0.455000
3.113000 0.375000 0.438900
3.188000 0.375000 0.423400
3.263000 0.375000 0.408600
3.338000 0.375000 0.394400
3.413000 0.375000 0.381000
3.488000 0.375000 0.368600
3.563000 0.375000 0.357200
3.638000 0.375000 0.347200
3.713000 0.375000 0.339200
3.788000 0.375000 0.334200
3.863000 0.375000 0.000000
-0.037500 0.525000 0.000000
0.037500 0.525000 0.131300
0.112500 0.525000 0.135100
0.187500 0.525000 0.141900
0.262500 0.525000 0.151000
0.337500 0.525000 0.162000
0.412500 0.525000 0.174300
0.487500 0.525000 0.187600
0.562500 0.525000 0.201600
0.637500 0.525000 0.216200
0.712500 0.525000 0.231100
0.787500 0.525000 0.246100
0.862500 0.525000 0.261200
0.937500 0.525000 0.276200
1.012000 0.525000 0.290900
1.087000 0.525000 0.305300
1.163000 0.525000 0.319100
1.238000 0.525000 0.332300
1.313000 0.525000 0.344700
1.388000 0.525000 0.356200
1.463000 0.525000 0.366600
1.538000 0.525000 0.375700
1.613000 0.525000 0.383400
1.688000 0.525000 0.389600
1.763000 0.525000 0.394300
1.838000 0.525000 0.397300
1.913000 0.525000 0.398700
1.988000 0.525000 0.398400
2.063000 0.525000 0.396500
2.138000 0.525000 0.393100
2.213000 0.525000 0.388400
2.288000 0.525000 0.382400
2.363000 0.525000 0.375400
2.438000 0.525000 0.367500
2.513000 0.525000 0.358900
2.588000 0.525000 0.349700
2.663000 0.525000 0.340200
2.738000 0.525000 0.330500
2.813000 0.525000 0.320700
2.888000 0.525000 0.310900
2.963000 0.525000 0.301200
3.038000 0.525000 0.291700
3.113000 0.525000 0.282500
3.188000 0.525000 0.273700
3.263000 0.525000 0.265300
3.338000 0.525000 0.257500
3.413000 0.525000 0.250200
3.488000 0.525000 0.243600
3.563000 0.525000 0.237800
3.638000 0.525000 0.233000
3.713000 0.525000 0.229600
3.788000 0.525000 0.227700
3.863000 0.525000 0.000000
-0.037500 0.675000 0.000000
0.037500 0.675000 0.126100
0.112500 0.675000 0.127600
0.187500 0.675000 0.130400
0.262500 0.675000 0.134600
0.337500 0.675000 0.139700
0.412500 0.675000 0.145800
0.487500 0.675000 0.152600
0.562500 0.675000 0.160000
0.637500 0.675000 0.167800
0.712500 0.675000 0.175900
0.787500 0.675000 0.184300
0.862500 0.675000 0.192700
0.937500 0.675000 0.201100
1.012000 0.675000 0.209400
1.087000 0.675000 0.217500
1.163000 0.675000 0.225400
1.238000 0.675000 0.232800
1.313000 0.675000 0.239700
1.388000 0.675000 0.246100
1.463000 0.675000 0.251800
1.538000 0.675000 0.256800
1.613000 0.675000 0.261000
1.688000 0.675000 0.264300
1.763000 0.675000 0.266800
1.838000 0.675000 0.268300
1.913000 0.675000 0.269000
1.988000 0.675000 0.268700
2.063000 0.675000 0.267600
2.138000 0.675000 0.265600
2.213000 0.675000 0.262800
2.288000 0.675000 0.259400
2.363000 0.675000 0.255300
2.438000 0.675000 0.250800
2.513000 0.675000 0.245700
2.588000 0.675000 0.240400
2.663000 0.675000 0.234800
2.738000 0.675000 0.229000
2.813000 0.675000 0.223100
2.888000 0.675000 0.217300
2.963000 0.675000 0.211500
3.038000 0.675000 0.205800
3.113000 0.675000 0.200300
3.188000 0.675000 0.195100
3.263000 0.675000 0.190200
3.338000 0.675000 0.185600
3.413000 0.675000 0.181500
3.488000 0.675000 0.177900
3.563000 0.675000 0.174800
3.638000 0.675000 0.172400
3.713000 0.675000 0.170800
3.788000 0.675000 0.170000
3.863000 0.675000 0.000000
-0.037500 0.825000 0.000000
0.037500 0.825000 0.117300
0.112500 0.825000 0.118300
0.187500 0.825000 0.120100
0.262500 0.825000 0.122900
0.337500 0.825000 0.126300
0.412500 0.825000 0.130500
0.487500 0.825000 0.135200
0.562500 0.825000 0.140400
0.637500 0.825000 0.146000
0.712500 0.825000 0.151800
0.787500 0.825000 0.157800
0.862500 0.825000 0.163900
0.937500 0.825000 0.170100
1.012000 0.825000 0.176100
1.087000 0.825000 0.182000
1.163000 0.825000 0.187700
1.238000 0.825000 0.193100
1.313000 0.825000 0.198100
1.388000 0.825000 0.202700
1.463000 0.825000 0.206900
1.538000 0.825000 0.210500
1.613000 0.825000 0.213500
1.688000 0.825000 0.215800
1.763000 0.825000 0.217600
1.838000 0.825000 0.218600
1.913000 0.825000 0.219000
1.988000 0.825000 0.218800
2.063000 0.825000 0.217900
2.138000 0.825000 0.216400
2.213000 0.825000 0.214300
2.288000 0.825000 0.211800
2.363000 0.825000 0.208700
2.438000 0.825000 0.205300
2.513000 0.825000 0.201600
2.588000 0.825000 0.197500
2.663000 0.825000 0.193300
2.738000 0.825000 0.189000
2.813000 0.825000 0.184500
2.888000 0.825000 0.180100
2.963000 0.825000 0.175700
3.038000 0.825000 0.171400
3.113000 0.825000 0.167300
3.188000 0.825000 0.163400
3.263000 0.825000 0.159700
3.338000 0.825000 0.156300
3.413000 0.825000 0.153300
3.488000 0.825000 0.150700
3.563000 0.825000 0.148500
3.638000 0.825000 0.146800
3.713000 0.825000 0.145700
3.788000 0.825000 0.145100
3.863000 0.825000 0.000000
-0.037500 0.975000 0.000000
0.037500 0.975000 0.106400
0.112500 0.975000 0.107000
0.187500 0.975000 0.108300
0.262500 0.975000 0.110200
0.337500 0.975000 0.112700
0.412500 0.975000 0.115700
0.487500 0.975000 0.119100
0.562500 0.975000 0.122900
0.637500 0.975000 0.127000
0.712500 0.975000 0.131300
0.787500 0.975000 0.135800
0.862500 0.975000 0.140300
0.937500 0.975000 0.144900
1.012000 0.975000 0.149400
1.087000 0.975000 0.153800
1.163000 0.975000 0.158100
1.238000 0.975000 0.162100
1.313000 0.975000 0.165900
1.388000 0.975000 0.169300
1.463000 0.975000 0.172400
1.538000 0.975000 0.175000
1.613000 0.975000 0.177200
1.688000 0.975000 0.179000
1.763000 0.975000 0.180200
1.838000 0.975000 0.181000
1.913000 0.975000 0.181200
1.988000 0.975000 0.181000
2.063000 0.975000 0.180300
2.138000 0.975000 0.179100
2.213000 0.975000 0.177500
2.288000 0.975000 0.175600
2.363000 0.975000 0.173200
2.438000 0.975000 0.170600
2.513000 0.975000 0.167700
2.588000 0.975000 0.164600
2.663000 0.975000 0.161300
2.738000 0.975000 0.158000
2.813000 0.975000 0.154600
2.888000 0.975000 0.151100
2.963000 0.975000 0.147700
3.038000 0.975000 0.144400
3.113000 0.975000 0.141200
3.188000 0.975000 0.138200
3.263000 0.975000 0.135400
3.338000 0.975000 0.132800
3.413000 0.975000 0.130600
3.488000 0.975000 0.128600
3.563000 0.975000 0.127000
3.638000 0.975000 0.125700
3.713000 0.975000 0.124900
3.788000 0.975000 0.124500
3.863000 0.975000 0.000000
-0.037500 1.125000 0.000000
0.037500 1.125000 0.095210
0.112500 1.125000 0.095710
0.187500 1.125000 0.096700
0.262500 1.125000 0.098170
0.337500 1.125000 0.100100
0.412500 1.125000 0.102400
0.487500 1.125000 0.105000
0.562500 1.125000 0.107900
0.637500 1.125000 0.111100
0.712500 1.125000 0.114500
0.787500 1.125000 0.118000
0.862500 1.125000 0.121500
0.937500 1.125000 0.125100
1.012000 1.125000 0.128700
1.087000 1.125000 0.132200
1.163000 1.125000 0.135500
1.238000 1.125000 0.138700
1.313000 1.125000 0.141600
1.388000 1.125000 0.144300
1.463000 1.125000 0.146700
1.538000 1.125000 0.148800
1.613000 1.125000 0.150500
1.688000 1.125000 0.151900
1.763000 1.125000 0.152900
1.838000 1.125000 0.153400
1.913000 1.125000 0.153600
1.988000 1.125000 0.153400
2.063000 1.125000 0.152800
2.138000 1.125000 0.151900
2.213000 1.125000 0.150600
2.288000 1.125000 0.149000
2.363000 1.125000 0.147100
2.438000 1.125000 0.145000
2.513000 1.125000 0.142600
2.588000 1.125000 0.140100
2.663000 1.125000 0.137500
2.738000 1.125000 0.134800
2.813000 1.125000 0.132000
2.888000 1.125000 0.129300
2.963000 1.125000 0.126500
3.038000 1.125000 0.123900
3.113000 1.125000 0.121300
3.188000 1.125000 0.118900
3.263000 1.125000 0.116600
3.338000 1.125000 0.114600
3.413000 1.125000 0.112800
3.488000 1.125000 0.111200
3.563000 1.125000 0.109900
3.638000 1.125000 0.109000
3.713000 1.125000 0.108300
3.788000 1.125000 0.108000
3.863000 1.125000 0.000000
-0.037500 1.275000 0.000000
0.037500 1.275000 0.074250
0.112500 1.275000 0.074610
0.187500 1.275000 0.075310
0.262500 1.275000 0.076340
0.337500 1.275000 0.077670
0.412500 1.275000 0.079290
0.487500 1.275000 0.081160
0.562500 1.275000 0.083240
0.637500 1.275000 0.085490
0.712500 1.275000 0.087880
0.787500 1.275000 0.090370
0.862500 1.275000 0.092920
0.937500 1.275000 0.095480
1.012000 1.275000 0.098030
1.087000 1.275000 0.100500
1.163000 1.275000 0.102900
1.238000 1.275000 0.105200
1.313000 1.275000 0.107300
1.388000 1.275000 0.109200
1.463000 1.275000 0.110900
1.538000 1.275000 0.112400
1.613000 1.275000 0.113600
1.688000 1.275000 0.114600
1.763000 1.275000 0.115300
1.838000 1.275000 0.115700
1.913000 1.275000 0.115800
1.988000 1.275000 0.115600
2.063000 1.275000 0.115200
2.138000 1.275000 0.114500
2.213000 1.275000 0.113500
2.288000 1.275000 0.112400
2.363000 1.275000 0.111000
2.438000 1.275000 0.109500
2.513000 1.275000 0.107800
2.588000 1.275000 0.106000
2.663000 1.275000 0.104000
2.738000 1.275000 0.102100
2.813000 1.275000 0.100100
2.888000 1.275000 0.098050
2.963000 1.275000 0.096060
3.038000 1.275000 0.094120
3.113000 1.275000 0.092260
3.188000 1.275000 0.090500
3.263000 1.275000 0.088870
3.338000 1.275000 0.087400
3.413000 1.275000 0.086090
3.488000 1.275000 0.084970
3.563000 1.275000 0.084060
3.638000 1.275000 0.083370
3.713000 1.275000 0.082900
3.788000 1.275000 0.082670
3.863000 1.275000 0.000000
-0.037500 1.425000 0.000000
0.037500 1.425000 0.051410
0.112500 1.425000 0.051630
0.187500 1.425000 0.052060
0.262500 1.425000 0.052680
0.337500 1.425000 0.053500
0.412500 1.425000 0.054490
0.487500 1.425000 0.055640
0.562500 1.425000 0.056920
0.637500 1.425000 0.058310
0.712500 1.425000 0.059790
0.787500 1.425000 0.061330
0.862500 1.425000 0.062910
0.937500 1.425000 0.064500
1.012000 1.425000 0.066080
1.087000 1.425000 0.067620
1.163000 1.425000 0.069110
1.238000 1.425000 0.070520
1.313000 1.425000 0.071830
1.388000 1.425000 0.073020
1.463000 1.425000 0.074080
1.538000 1.425000 0.074990
1.613000 1.425000 0.075750
1.688000 1.425000 0.076330
1.763000 1.425000 0.076750
1.838000 1.425000 0.076980
1.913000 1.425000 0.077040
1.988000 1.425000 0.076930
2.063000 1.425000 0.076640
2.138000 1.425000 0.076190
2.213000 1.425000 0.075590
2.288000 1.425000 0.074840
2.363000 1.425000 0.073970
2.438000 1.425000 0.072990
2.513000 1.425000 0.071910
2.588000 1.425000 0.070760
2.663000 1.425000 0.069550
2.738000 1.425000 0.068290
2.813000 1.425000 0.067020
2.888000 1.425000 0.065740
2.963000 1.425000 0.064480
3.038000 1.425000 0.063250
3.113000 1.425000 0.062070
3.188000 1.425000 0.060960
3.263000 1.425000 0.059940
3.338000 1.425000 0.059000
3.413000 1.425000 0.058180
3.488000 1.425000 0.057480
3.563000 1.425000 0.056910
3.638000 1.425000 0.056480
3.713000 1.425000 0.056190
3.788000 1.425000 0.056040
3.863000 1.425000 0.000000
-0.037500 1.575000 0.000000
0.037500 1.575000 0.035090
0.112500 1.575000 0.035230
0.187500 1.575000 0.035490
0.262500 1.575000 0.035870
0.337500 1.575000 0.036370
0.412500 1.575000 0.036970
0.487500 1.575000 0.037670
0.562500 1.575000 0.038450
0.637500 1.575000 0.039310
0.712500 1.575000 0.040210
0.787500 1.575000 0.041160
0.862500 1.575000 0.042130
0.937500 1.575000 0.043110
1.012000 1.575000 0.044080
1.087000 1.575000 0.045030
1.163000 1.575000 0.045940
1.238000 1.575000 0.046810
1.313000 1.575000 0.047620
1.388000 1.575000 0.048350
1.463000 1.575000 0.049000
1.538000 1.575000 0.049560
1.613000 1.575000 0.050020
1.688000 1.575000 0.050380
1.763000 1.575000 0.050620
1.838000 1.575000 0.050760
1.913000 1.575000 0.050790
1.988000 1.575000 0.050710
2.063000 1.575000 0.050530
2.138000 1.575000 0.050240
2.213000 1.575000 0.049850
2.288000 1.575000 0.049380
2.363000 1.575000 0.048830
2.438000 1.575000 0.048210
2.513000 1.575000 0.047540
2.588000 1.575000 0.046810
2.663000 1.575000 0.046040
2.738000 1.575000 0.045260
2.813000 1.575000 0.044450
2.888000 1.575000 0.043650
2.963000 1.575000 0.042860
3.038000 1.575000 0.042090
3.113000 1.575000 0.041350
3.188000 1.575000 0.040650
3.263000 1.575000 0.040010
3.338000 1.575000 0.039420
3.413000 1.575000 0.038910
3.488000 1.575000 0.038470
3.563000 1.575000 0.038120
3.638000 1.575000 0.037850
3.713000 1.575000 0.037660
3.788000 1.575000 0.037570
3.863000 1.575000 0.000000
-0.037500 1.725000 0.000000
0.037500 1.725000 0.023590
0.112500 1.725000 0.023670
0.187500 1.725000 0.023830
0.262500 1.725000 0.024060
0.337500 1.725000 0.024360
0.412500 1.725000 0.024730
0.487500 1.725000 0.025150
0.562500 1.725000 0.025630
0.637500 1.725000 0.026140
0.712500 1.725000 0.026690
0.787500 1.725000 0.027270
0.862500 1.725000 0.027860
0.937500 1.725000 0.028450
1.012000 1.725000 0.029050
1.087000 1.725000 0.029620
1.163000 1.725000 0.030180
1.238000 1.725000 0.030710
1.313000 1.725000 0.031200
1.388000 1.725000 0.031640
1.463000 1.725000 0.032040
1.538000 1.725000 0.032380
1.613000 1.725000 0.032660
1.688000 1.725000 0.032870
1.763000 1.725000 0.033020
1.838000 1.725000 0.033100
1.913000 1.725000 0.033110
1.988000 1.725000 0.033060
2.063000 1.725000 0.032940
2.138000 1.725000 0.032750
2.213000 1.725000 0.032510
2.288000 1.725000 0.032220
2.363000 1.725000 0.031870
2.438000 1.725000 0.031490
2.513000 1.725000 0.031060
2.588000 1.725000 0.030610
2.663000 1.725000 0.030130
2.738000 1.725000 0.029640
2.813000 1.725000 0.029140
2.888000 1.725000 0.028640
2.963000 1.725000 0.028150
3.038000 1.725000 0.027670
3.113000 1.725000 0.027210
3.188000 1.725000 0.026780
3.263000 1.725000 0.026380
3.338000 1.725000 0.026020
3.413000 1.725000 0.025700
3.488000 1.725000 0.025430
3.563000 1.725000 0.025210
3.638000 1.725000 0.025040
3.713000 1.725000 0.024930
3.788000 1.725000 0.024880
3.863000 1.725000 0.000000
-0.037500 1.875000 0.000000
0.037500 1.875000 0.015560
0.112500 1.875000 0.015600
0.187500 1.875000 0.015700
0.262500 1.875000 0.015830
0.337500 1.875000 0.016010
0.412500 1.875000 0.016230
0.487500 1.875000 0.016480
0.562500 1.875000 0.016770
0.637500 1.875000 0.017070
0.712500 1.875000 0.017400
0.787500 1.875000 0.017750
0.862500 1.875000 0.018100
0.937500 1.875000 0.018450
1.012000 1.875000 0.018810
1.087000 1.875000 0.019150
1.163000 1.875000 0.019490
1.238000 1.875000 0.019800
1.313000 1.875000 0.020090
1.388000 1.875000 0.020360
1.463000 1.875000 0.020590
1.538000 1.875000 0.020800
1.613000 1.875000 0.020960
1.688000 1.875000 0.021090
1.763000 1.875000 0.021170
1.838000 1.875000 0.021220
1.913000 1.875000 0.021220
1.988000 1.875000 0.021190
2.063000 1.875000 0.021110
2.138000 1.875000 0.021000
2.213000 1.875000 0.020850
2.288000 1.875000 0.020670
2.363000 1.875000 0.020450
2.438000 1.875000 0.020220
2.513000 1.875000 0.019960
2.588000 1.875000 0.019680
2.663000 1.875000 0.019390
2.738000 1.875000 0.019090
2.813000 1.875000 0.018780
2.888000 1.875000 0.018480
2.963000 1.875000 0.018180
3.038000 1.875000 0.017880
3.113000 1.875000 0.017600
3.188000 1.875000 0.017340
3.263000 1.875000 0.017100
3.338000 1.875000 0.016880
3.413000 1.875000 0.016680
3.488000 1.875000 0.016520
3.563000 1.875000 0.016380
3.638000 1.875000 0.016280
3.713000 1.875000 0.016210
3.788000 1.875000 0.016180
3.863000 1.875000 0.000000
-0.037500 2.025000 0.000000
0.037500 2.025000 0.009938
0.112500 2.025000 0.009964
0.187500 2.025000 0.010020
0.262500 2.025000 0.010100
0.337500 2.025000 0.010200
0.412500 2.025000 0.010320
0.487500 2.025000 0.010470
0.562500 2.025000 0.010630
0.637500 2.025000 0.010800
0.712500 2.025000 0.010990
0.787500 2.025000 0.011190
0.862500 2.025000 0.011390
0.937500 2.025000 0.011600
1.012000 2.025000 0.011800
1.087000 2.025000 0.012000
1.163000 2.025000 0.012190
1.238000 2.025000 0.012370
1.313000 2.025000 0.012530
1.388000 2.025000 0.012690
1.463000 2.025000 0.012820
1.538000 2.025000 0.012940
1.613000 2.025000 0.013030
1.688000 2.025000 0.013100
1.763000 2.025000 0.013150
1.838000 2.025000 0.013170
1.913000 2.025000 0.013170
1.988000 2.025000 0.013150
2.063000 2.025000 0.013100
2.138000 2.025000 0.013030
2.213000 2.025000 0.012940
2.288000 2.025000 0.012840
2.363000 2.025000 0.012710
2.438000 2.025000 0.012570
2.513000 2.025000 0.012420
2.588000 2.025000 0.012250
2.663000 2.025000 0.012080
2.738000 2.025000 0.011910
2.813000 2.025000 0.011730
2.888000 2.025000 0.011550
2.963000 2.025000 0.011370
3.038000 2.025000 0.011200
3.113000 2.025000 0.011030
3.188000 2.025000 0.010880
3.263000 2.025000 0.010740
3.338000 2.025000 0.010610
3.413000 2.025000 0.010500
3.488000 2.025000 0.010400
3.563000 2.025000 0.010320
3.638000 2.025000 0.010260
3.713000 2.025000 0.010220
3.788000 2.025000 0.010200
3.863000 2.025000 0.000000
-0.037500 2.175000 0.000000
0.037500 2.175000 0.005951
0.112500 2.175000 0.005964
0.187500 2.175000 0.005991
0.262500 2.175000 0.006030
0.337500 2.175000 0.006082
0.412500 2.175000 0.006145
0.487500 2.175000 0.006218
0.562500 2.175000 0.006300
0.637500 2.175000 0.006390
0.712500 2.175000 0.006485
0.787500 2.175000 0.006585
0.862500 2.175000 0.006688
0.937500 2.175000 0.006791
1.012000 2.175000 0.006894
1.087000 2.175000 0.006995
1.163000 2.175000 0.007092
1.238000 2.175000 0.007183
1.313000 2.175000 0.007268
1.388000 2.175000 0.007344
1.463000 2.175000 0.007412
1.538000 2.175000 0.007469
1.613000 2.175000 0.007515
1.688000 2.175000 0.007550
1.763000 2.175000 0.007572
1.838000 2.175000 0.007583
1.913000 2.175000 0.007581
1.988000 2.175000 0.007567
2.063000 2.175000 0.007541
2.138000 2.175000 0.007503
2.213000 2.175000 0.007455
2.288000 2.175000 0.007397
2.363000 2.175000 0.007330
2.438000 2.175000 0.007256
2.513000 2.175000 0.007174
2.588000 2.175000 0.007088
2.663000 2.175000 0.006997
2.738000 2.175000 0.006904
2.813000 2.175000 0.006809
2.888000 2.175000 0.006715
2.963000 2.175000 0.006621
3.038000 2.175000 0.006531
3.113000 2.175000 0.006445
3.188000 2.175000 0.006364
3.263000 2.175000 0.006289
3.338000 2.175000 0.006221
3.413000 2.175000 0.006162
3.488000 2.175000 0.006111
3.563000 2.175000 0.006069
3.638000 2.175000 0.006038
3.713000 2.175000 0.006017
3.788000 2.175000 0.006006
3.863000 2.175000 0.000000
-0.037500 2.325000 0.000000
0.037500 2.325000 0.003987
0.112500 2.325000 0.003994
0.187500 2.325000 0.004008
0.262500 2.325000 0.004029
0.337500 2.325000 0.004056
0.412500 2.325000 0.004089
0.487500 2.325000 0.004127
0.562500 2.325000 0.004171
0.637500 2.325000 0.004218
0.712500 2.325000 0.004268
0.787500 2.325000 0.004320
0.862500 2.325000 0.004374
0.937500 2.325000 0.004429
1.012000 2.325000 0.004483
1.087000 2.325000 0.004536
1.163000 2.325000 0.004586
1.238000 2.325000 0.004634
1.313000 2.325000 0.004678
1.388000 2.325000 0.004718
1.463000 2.325000 0.004753
1.538000 2.325000 0.004782
1.613000 2.325000 0.004805
1.688000 2.325000 0.004822
1.763000 2.325000 0.004832
1.838000 2.325000 0.004836
1.913000 2.325000 0.004833
1.988000 2.325000 0.004823
2.063000 2.325000 0.004807
2.138000 2.325000 0.004785
2.213000 2.325000 0.004757
2.288000 2.325000 0.004723
2.363000 2.325000 0.004685
2.438000 2.325000 0.004643
2.513000 2.325000 0.004597
2.588000 2.325000 0.004548
2.663000 2.325000 0.004497
2.738000 2.325000 0.004445
2.813000 2.325000 0.004392
2.888000 2.325000 0.004339
2.963000 2.325000 0.004287
3.038000 2.325000 0.004236
3.113000 2.325000 0.004188
3.188000 2.325000 0.004143
3.263000 2.325000 0.004102
3.338000 2.325000 0.004064
3.413000 2.325000 0.004031
3.488000 2.325000 0.004003
3.563000 2.325000 0.003980
3.638000 2.325000 0.003963
3.713000 2.325000 0.003951
3.788000 2.325000 0.003946
3.863000 2.325000 0.000000
-0.037500 2.475000 0.000000
0.037500 2.475000 0.003214
0.112500 2.475000 0.003219
0.187500 2.475000 0.003229
0.262500 2.475000 0.003243
0.337500 2.475000 0.003262
0.412500 2.475000 0.003285
0.487500 2.475000 0.003312
0.562500 2.475000 0.003342
0.637500 2.475000 0.003375
0.712500 2.475000 0.003411
0.787500 2.475000 0.003447
0.862500 2.475000 0.003485
0.937500 2.475000 0.003523
1.012000 2.475000 0.003561
1.087000 2.475000 0.003597
1.163000 2.475000 0.003633
1.238000 2.475000 0.003666
1.313000 2.475000 0.003696
1.388000 2.475000 0.003724
1.463000 2.475000 0.003748
1.538000 2.475000 0.003767
1.613000 2.475000 0.003783
1.688000 2.475000 0.003794
1.763000 2.475000 0.003801
1.838000 2.475000 0.003802
1.913000 2.475000 0.003799
1.988000 2.475000 0.003792
2.063000 2.475000 0.003779
2.138000 2.475000 0.003762
2.213000 2.475000 0.003741
2.288000 2.475000 0.003717
2.363000 2.475000 0.003689
2.438000 2.475000 0.003658
2.513000 2.475000 0.003624
2.588000 2.475000 0.003588
2.663000 2.475000 0.003551
2.738000 2.475000 0.003513
2.813000 2.475000 0.003474
2.888000 2.475000 0.003436
2.963000 2.475000 0.003398
3.038000 2.475000 0.003362
3.113000 2.475000 0.003327
3.188000 2.475000 0.003294
3.263000 2.475000 0.003264
3.338000 2.475000 0.003237
3.413000 2.475000 0.003213
3.488000 2.475000 0.003193
3.563000 2.475000 0.003177
3.638000 2.475000 0.003164
3.713000 2.475000 0.003156
3.788000 2.475000 0.003152
3.863000 2.475000 0.000000
-0.037500 2.625000 0.000000
0.037500 2.625000 0.002621
0.112500 2.625000 0.002624
0.187500 2.625000 0.002631
0.262500 2.625000 0.002642
0.337500 2.625000 0.002655
0.412500 2.625000 0.002672
0.487500 2.625000 0.002691
0.562500 2.625000 0.002713
0.637500 2.625000 0.002737
0.712500 2.625000 0.002762
0.787500 2.625000 0.002789
0.862500 2.625000 0.002816
0.937500 2.625000 0.002843
1.012000 2.625000 0.002870
1.087000 2.625000 0.002897
1.163000 2.625000 0.002922
1.238000 2.625000 0.002946
1.313000 2.625000 0.002967
1.388000 2.625000 0.002987
1.463000 2.625000 0.003004
1.538000 2.625000 0.003018
1.613000 2.625000 0.003028
1.688000 2.625000 0.003036
1.763000 2.625000 0.003040
1.838000 2.625000 0.003041
1.913000 2.625000 0.003038
1.988000 2.625000 0.003031
2.063000 2.625000 0.003022
2.138000 2.625000 0.003009
2.213000 2.625000 0.002993
2.288000 2.625000 0.002974
2.363000 2.625000 0.002953
2.438000 2.625000 0.002929
2.513000 2.625000 0.002904
2.588000 2.625000 0.002877
2.663000 2.625000 0.002849
2.738000 2.625000 0.002821
2.813000 2.625000 0.002792
2.888000 2.625000 0.002764
2.963000 2.625000 0.002735
3.038000 2.625000 0.002708
3.113000 2.625000 0.002682
3.188000 2.625000 0.002658
3.263000 2.625000 0.002636
3.338000 2.625000 0.002616
3.413000 2.625000 0.002599
3.488000 2.625000 0.002584
3.563000 2.625000 0.002572
3.638000 2.625000 0.002562
3.713000 2.625000 0.002556
3.788000 2.625000 0.002553
3.863000 2.625000 0.000000
-0.037500 2.775000 0.000000
0.037500 2.775000 0.002182
0.112500 2.775000 0.002184
0.187500 2.775000 0.002190
0.262500 2.775000 0.002198
0.337500 2.775000 0.002208
0.412500 2.775000 0.002221
0.487500 2.775000 0.002236
0.562500 2.775000 0.002253
0.637500 2.775000 0.002271
0.712500 2.775000 0.002290
0.787500 2.775000 0.002310
0.862500 2.775000 0.002331
0.937500 2.775000 0.002352
1.012000 2.775000 0.002372
1.087000 2.775000 0.002393
1.163000 2.775000 0.002412
1.238000 2.775000 0.002430
1.313000 2.775000 0.002446
1.388000 2.775000 0.002461
1.463000 2.775000 0.002474
1.538000 2.775000 0.002484
1.613000 2.775000 0.002492
1.688000 2.775000 0.002498
1.763000 2.775000 0.002500
1.838000 2.775000 0.002500
1.913000 2.775000 0.002498
1.988000 2.775000 0.002493
2.063000 2.775000 0.002485
2.138000 2.775000 0.002474
2.213000 2.775000 0.002462
2.288000 2.775000 0.002447
2.363000 2.775000 0.002430
2.438000 2.775000 0.002411
2.513000 2.775000 0.002392
2.588000 2.775000 0.002371
2.663000 2.775000 0.002349
2.738000 2.775000 0.002326
2.813000 2.775000 0.002304
2.888000 2.775000 0.002281
2.963000 2.775000 0.002260
3.038000 2.775000 0.002238
3.113000 2.775000 0.002218
3.188000 2.775000 0.002199
3.263000 2.775000 0.002182
3.338000 2.775000 0.002166
3.413000 2.775000 0.002153
3.488000 2.775000 0.002141
3.563000 2.775000 0.002132
3.638000 2.775000 0.002125
3.713000 2.775000 0.002120
3.788000 2.775000 0.002118
3.863000 2.775000 0.000000
-0.037500 2.925000 0.000000
0.037500 2.925000 0.001571
0.112500 2.925000 0.001573
0.187500 2.925000 0.001577
0.262500 2.925000 0.001582
0.337500 2.925000 0.001590
0.412500 2.925000 0.001598
0.487500 2.925000 0.001609
0.562500 2.925000 0.001620
0.637500 2.925000 0.001633
0.712500 2.925000 0.001646
0.787500 2.925000 0.001660
0.862500 2.925000 0.001674
0.937500 2.925000 0.001688
1.012000 2.925000 0.001702
1.087000 2.925000 0.001716
1.163000 2.925000 0.001729
1.238000 2.925000 0.001742
1.313000 2.925000 0.001753
1.388000 2.925000 0.001763
1.463000 2.925000 0.001771
1.538000 2.925000 0.001779
1.613000 2.925000 0.001784
1.688000 2.925000 0.001788
1.763000 2.925000 0.001789
1.838000 2.925000 0.001789
1.913000 2.925000 0.001787
1.988000 2.925000 0.001784
2.063000 2.925000 0.001778
2.138000 2.925000 0.001771
2.213000 2.925000 0.001762
2.288000 2.925000 0.001752
2.363000 2.925000 0.001740
2.438000 2.925000 0.001727
2.513000 2.925000 0.001713
2.588000 2.925000 0.001699
2.663000 2.925000 0.001683
2.738000 2.925000 0.001668
2.813000 2.925000 0.001652
2.888000 2.925000 0.001637
2.963000 2.925000 0.001621
3.038000 2.925000 0.001607
3.113000 2.925000 0.001593
3.188000 2.925000 0.001580
3.263000 2.925000 0.001568
3.338000 2.925000 0.001557
3.413000 2.925000 0.001548
3.488000 2.925000 0.001540
3.563000 2.925000 0.001534
3.638000 2.925000 0.001529
3.713000 2.925000 0.001525
3.788000 2.925000 0.001524
3.863000 2.925000 0.000000
-0.037500 3.075000 0.000000
0.037500 3.075000 0.000985
0.112500 3.075000 0.000986
0.187500 3.075000 0.000988
0.262500 3.075000 0.000992
0.337500 3.075000 0.000996
0.412500 3.075000 0.001001
0.487500 3.075000 0.001007
0.562500 3.075000 0.001014
0.637500 3.075000 0.001021
0.712500 3.075000 0.001029
0.787500 3.075000 0.001037
0.862500 3.075000 0.001046
0.937500 3.075000 0.001054
1.012000 3.075000 0.001062
1.087000 3.075000 0.001070
1.163000 3.075000 0.001078
1.238000 3.075000 0.001085
1.313000 3.075000 0.001092
1.388000 3.075000 0.001098
1.463000 3.075000 0.001103
1.538000 3.075000 0.001107
1.613000 3.075000 0.001110
1.688000 3.075000 0.001112
1.763000 3.075000 0.001113
1.838000 3.075000 0.001113
1.913000 3.075000 0.001112
1.988000 3.075000 0.001110
2.063000 3.075000 0.001106
2.138000 3.075000 0.001102
2.213000 3.075000 0.001096
2.288000 3.075000 0.001090
2.363000 3.075000 0.001083
2.438000 3.075000 0.001075
2.513000 3.075000 0.001067
2.588000 3.075000 0.001058
2.663000 3.075000 0.001049
2.738000 3.075000 0.001040
2.813000 3.075000 0.001031
2.888000 3.075000 0.001021
2.963000 3.075000 0.001012
3.038000 3.075000 0.001003
3.113000 3.075000 0.000995
3.188000 3.075000 0.000987
3.263000 3.075000 0.000980
3.338000 3.075000 0.000974
3.413000 3.075000 0.000968
3.488000 3.075000 0.000964
3.563000 3.075000 0.000960
3.638000 3.075000 0.000957
3.713000 3.075000 0.000955
3.788000 3.075000 0.000954
3.863000 3.075000 0.000000
-0.037500 3.225000 0.000000
0.037500 3.225000 0.000613
0.112500 3.225000 0.000613
0.187500 3.225000 0.000615
0.262500 3.225000 0.000617
0.337500 3.225000 0.000619
0.412500 3.225000 0.000622
0.487500 3.225000 0.000626
0.562500 3.225000 0.000630
0.637500 3.225000 0.000634
0.712500 3.225000 0.000638
0.787500 3.225000 0.000643
0.862500 3.225000 0.000648
0.937500 3.225000 0.000653
1.012000 3.225000 0.000658
1.087000 3.225000 0.000663
1.163000 3.225000 0.000667
1.238000 3.225000 0.000671
1.313000 3.225000 0.000675
1.388000 3.225000 0.000679
1.463000 3.225000 0.000682
1.538000 3.225000 0.000684
1.613000 3.225000 0.000686
1.688000 3.225000 0.000687
1.763000 3.225000 0.000688
1.838000 3.225000 0.000687
1.913000 3.225000 0.000687
1.988000 3.225000 0.000685
2.063000 3.225000 0.000683
2.138000 3.225000 0.000681
2.213000 3.225000 0.000677
2.288000 3.225000 0.000674
2.363000 3.225000 0.000669
2.438000 3.225000 0.000665
2.513000 3.225000 0.000660
2.588000 3.225000 0.000655
2.663000 3.225000 0.000649
2.738000 3.225000 0.000644
2.813000 3.225000 0.000638
2.888000 3.225000 0.000633
2.963000 3.225000 0.000627
3.038000 3.225000 0.000622
3.113000 3.225000 0.000617
3.188000 3.225000 0.000613
3.263000 3.225000 0.000608
3.338000 3.225000 0.000605
3.413000 3.225000 0.000601
3.488000 3.225000 0.000599
3.563000 3.225000 0.000596
3.638000 3.225000 0.000594
3.713000 3.225000 0.000593
3.788000 3.225000 0.000593
3.863000 3.225000 0.000000
-0.037500 3.375000 0.000000
0.037500 3.375000 0.000378
0.112500 3.375000 0.000379
0.187500 3.375000 0.000379
0.262500 3.375000 0.000380
0.337500 3.375000 0.000382
0.412500 3.375000 0.000384
0.487500 3.375000 0.000386
0.562500 3.375000 0.000388
0.637500 3.375000 0.000391
0.712500 3.375000 0.000393
0.787500 3.375000 0.000396
0.862500 3.375000 0.000399
0.937500 3.375000 0.000402
1.012000 3.375000 0.000405
1.087000 3.375000 0.000407
1.163000 3.375000 0.000410
1.238000 3.375000 0.000412
1.313000 3.375000 0.000415
1.388000 3.375000 0.000417
1.463000 3.375000 0.000418
1.538000 3.375000 0.000420
1.613000 3.375000 0.000421
1.688000 3.375000 0.000421
1.763000 3.375000 0.000422
1.838000 3.375000 0.000422
1.913000 3.375000 0.000421
1.988000 3.375000 0.000420
2.063000 3.375000 0.000419
2.138000 3.375000 0.000417
2.213000 3.375000 0.000415
2.288000 3.375000 0.000413
2.363000 3.375000 0.000411
2.438000 3.375000 0.000408
2.513000 3.375000 0.000405
2.588000 3.375000 0.000402
2.663000 3.375000 0.000399
2.738000 3.375000 0.000396
2.813000 3.375000 0.000392
2.888000 3.375000 0.000389
2.963000 3.375000 0.000386
3.038000 3.375000 0.000383
3.113000 3.375000 0.000380
3.188000 3.375000 0.000377
3.263000 3.375000 0.000375
3.338000 3.375000 0.000373
3.413000 3.375000 0.000370
3.488000 3.375000 0.000369
3.563000 3.375000 0.000368
3.638000 3.375000 0.000366
3.713000 3.375000 0.000366
3.788000 3.375000 0.000365
3.863000 3.375000 0.000000
-0.037500 3.525000 0.000000
0.037500 3.525000 0.000232
0.112500 3.525000 0.000232
0.187500 3.525000 0.000232
0.262500 3.525000 0.000233
0.337500 3.525000 0.000234
0.412500 3.525000 0.000235
0.487500 3.525000 0.000236
0.562500 3.525000 0.000237
0.637500 3.525000 0.000239
0.712500 3.525000 0.000240
0.787500 3.525000 0.000242
0.862500 3.525000 0.000244
0.937500 3.525000 0.000245
1.012000 3.525000 0.000247
1.087000 3.525000 0.000249
1.163000 3.525000 0.000250
1.238000 3.525000 0.000251
1.313000 3.525000 0.000253
1.388000 3.525000 0.000254
1.463000 3.525000 0.000255
1.538000 3.525000 0.000256
1.613000 3.525000 0.000256
1.688000 3.525000 0.000257
1.763000 3.525000 0.000257
1.838000 3.525000 0.000257
1.913000 3.525000 0.000256
1.988000 3.525000 0.000256
2.063000 3.525000 0.000255
2.138000 3.525000 0.000254
2.213000 3.525000 0.000253
2.288000 3.525000 0.000252
2.363000 3.525000 0.000250
2.438000 3.525000 0.000249
2.513000 3.525000 0.000247
2.588000 3.525000 0.000245
2.663000 3.525000 0.000243
2.738000 3.525000 0.000241
2.813000 3.525000 0.000239
2.888000 3.525000 0.000238
2.963000 3.525000 0.000236
3.038000 3.525000 0.000234
3.113000 3.525000 0.000232
3.188000 3.525000 0.000231
3.263000 3.525000 0.000229
3.338000 3.525000 0.000228
3.413000 3.525000 0.000227
3.488000 3.525000 0.000226
3.563000 3.525000 0.000225
3.638000 3.525000 0.000224
3.713000 3.525000 0.000224
3.788000 3.525000 0.000224
3.863000 3.525000 0.000000
-0.037500 3.675000 0.000000
0.037500 3.675000 0.000141
0.112500 3.675000 0.000141
0.187500 3.675000 0.000141
0.262500 3.675000 0.000142
0.337500 3.675000 0.000142
0.412500 3.675000 0.000143
0.487500 3.675000 0.000143
0.562500 3.675000 0.000144
0.637500 3.675000 0.000145
0.712500 3.675000 0.000146
0.787500 3.675000 0.000147
0.862500 3.675000 0.000148
0.937500 3.675000 0.000149
1.012000 3.675000 0.000150
1.087000 3.675000 0.000150
1.163000 3.675000 0.000151
1.238000 3.675000 0.000152
1.313000 3.675000 0.000153
1.388000 3.675000 0.000154
1.463000 3.675000 0.000154
1.538000 3.675000 0.000155
1.613000 3.675000 0.000155
1.688000 3.675000 0.000155
1.763000 3.675000 0.000155
1.838000 3.675000 0.000155
1.913000 3.675000 0.000155
1.988000 3.675000 0.000155
2.063000 3.675000 0.000154
2.138000 3.675000 0.000154
2.213000 3.675000 0.000153
2.288000 3.675000 0.000152
2.363000 3.675000 0.000151
2.438000 3.675000 0.000150
2.513000 3.675000 0.000149
2.588000 3.675000 0.000148
2.663000 3.675000 0.000147
2.738000 3.675000 0.000146
2.813000 3.675000 0.000145
2.888000 3.675000 0.000144
2.963000 3.675000 0.000143
3.038000 3.675000 0.000142
3.113000 3.675000 0.000141
3.188000 3.675000 0.000140
3.263000 3.675000 0.000139
3.338000 3.675000 0.000138
3.413000 3.675000 0.000138
3.488000 3.675000 0.000137
3.563000 3.675000 0.000137
3.638000 3.675000 0.000136
3.713000 3.675000 0.000136
3.788000 3.675000 0.000136
3.863000 3.675000 0.000000
-0.037500 3.825000 0.000000
0.037500 3.825000 0.000085
0.112500 3.825000 0.000085
0.187500 3.825000 0.000085
0.262500 3.825000 0.000085
0.337500 3.825000 0.000086
0.412500 3.825000 0.000086
0.487500 3.825000 0.000086
0.562500 3.825000 0.000087
0.637500 3.825000 0.000087
0.712500 3.825000 0.000088
0.787500 3.825000 0.000088
0.862500 3.825000 0.000089
0.937500 3.825000 0.000089
1.012000 3.825000 0.000090
1.087000 3.825000 0.000090
1.163000 3.825000 0.000091
1.238000 3.825000 0.000091
1.313000 3.825000 0.000092
1.388000 3.825000 0.000092
1.463000 3.825000 0.000093
1.538000 3.825000 0.000093
1.613000 3.825000 0.000093
1.688000 3.825000 0.000093
1.763000 3.825000 0.000093
1.838000 3.825000 0.000093
1.913000 3.825000 0.000093
1.988000 3.825000 0.000093
2.063000 3.825000 0.000093
2.138000 3.825000 0.000092
2.213000 3.825000 0.000092
2.288000 3.825000 0.000091
2.363000 3.825000 0.000091
2.438000 3.825000 0.000090
2.513000 3.825000 0.000090
2.588000 3.825000 0.000089
2.663000 3.825000 0.000089
2.738000 3.825000 0.000088
2.813000 3.825000 0.000087
2.888000 3.825000 0.000087
2.963000 3.825000 0.000086
3.038000 3.825000 0.000085
3.113000 3.825000 0.000085
3.188000 3.825000 0.000084
3.263000 3.825000 0.000084
3.338000 3.825000 0.000083
3.413000 3.825000 0.000083
3.488000 3.825000 0.000083
3.563000 3.825000 0.000082
3.638000 3.825000 0.000082
3.713000 3.825000 0.000082
3.788000 3.825000 0.000082
3.863000 3.825000 0.000000
-0.037500 3.975000 0.000000
0.037500 3.975000 0.000051
0.112500 3.975000 0.000051
0.187500 3.975000 0.000051
0.262500 3.975000 0.000051
0.337500 3.975000 0.000051
0.412500 3.975000 0.000051
0.487500 3.975000 0.000052
0.562500 3.975000 0.000052
0.637500 3.975000 0.000052
0.712500 3.975000 0.000052
0.787500 3.975000 0.000053
0.862500 3.975000 0.000053
0.937500 3.975000 0.000053
1.012000 3.975000 0.000054
1.087000 3.975000 0.000054
1.163000 3.975000 0.000054
1.238000 3.975000 0.000055
1.313000 3.975000 0.000055
1.388000 3.975000 0.000055
1.463000 3.975000 0.000055
1.538000 3.975000 0.000055
1.613000 3.975000 0.000055
1.688000 3.975000 0.000055
1.763000 3.975000 0.000055
1.838000 3.975000 0.000055
1.913000 3.975000 0.000055
1.988000 3.975000 0.000055
2.063000 3.975000 0.000055
2.138000 3.975000 0.000055
2.213000 3.975000 0.000055
2.288000 3.975000 0.000054
2.363000 3.975000 0.000054
2.438000 3.975000 0.000054
2.513000 3.975000 0.000054
2.588000 3.975000 0.000053
2.663000 3.975000 0.000053
2.738000 3.975000 0.000052
2.813000 3.975000 0.000052
2.888000 3.975000 0.000052
2.963000 3.975000 0.000051
3.038000 3.975000 0.000051
3.113000 3.975000 0.000051
3.188000 3.975000 0.000050
3.263000 3.975000 0.000050
3.338000 3.975000 0.000050
3.413000 3.975000 0.000050
3.488000 3.975000 0.000049
3.563000 3.975000 0.000049
3.638000 3.975000 0.000049
3.713000 3.975000 0.000049
3.788000 3.975000 0.000049
3.863000 3.975000 0.000000
-0.037500 4.125000 0.000000
0.037500 4.125000 0.000030
0.112500 4.125000 0.000030
0.187500 4.125000 0.000030
0.262500 4.125000 0.000030
0.337500 4.125000 0.000030
0.412500 4.125000 0.000030
0.487500 4.125000 0.000031
0.562500 4.125000 0.000031
0.637500 4.125000 0.000031
0.712500 4.125000 0.000031
0.787500 4.125000 0.000031
0.862500 4.125000 0.000031
0.937500 4.125000 0.000032
1.012000 4.125000 0.000032
1.087000 4.125000 0.000032
1.163000 4.125000 0.000032
1.238000 4.125000 0.000032
1.313000 4.125000 0.000032
1.388000 4.125000 0.000033
1.463000 4.125000 0.000033
1.538000 4.125000 0.000033
1.613000 4.125000 0.000033
1.688000 4.125000 0.000033
1.763000 4.125000 0.000033
1.838000 4.125000 0.000033
1.913000 4.125000 0.000033
1.988000 4.125000 0.000033
2.063000 4.125000 0.000033
2.138000 4.125000 0.000033
2.213000 4.125000 0.000032
2.288000 4.125000 0.000032
2.363000 4.125000 0.000032
2.438000 4.125000 0.000032
2.513000 4.125000 0.000032
2.588000 4.125000 0.000031
2.663000 4.125000 0.000031
2.738000 4.125000 0.000031
2.813000 4.125000 0.000031
2.888000 4.125000 0.000031
2.963000 4.125000 0.000030
3.038000 4.125000 0.000030
3.113000 4.125000 0.000030
3.188000 4.125000 0.000030
3.263000 4.125000 0.000030
3.338000 4.125000 0.000030
3.413000 4.125000 0.000029
3.488000 4.125000 0.000029
3.563000 4.125000 0.000029
3.638000 4.125000 0.000029
3.713000 4.125000 0.000029
3.788000 4.125000 0.000029
3.863000 4.125000 0.000000
-0.037500 4.275000 0.000000
0.037500 4.275000 0.000018
0.112500 4.275000 0.000018
0.187500 4.275000 0.000018
0.262500 4.275000 0.000018
0.337500 4.275000 0.000018
0.412500 4.275000 0.000018
0.487500 4.275000 0.000018
0.562500 4.275000 0.000018
0.637500 4.275000 0.000018
0.712500 4.275000 0.000018
0.787500 4.275000 0.000018
0.862500 4.275000 0.000018
0.937500 4.275000 0.000019
1.012000 4.275000 0.000019
1.087000 4.275000 0.000019
1.163000 4.275000 0.000019
1.238000 4.275000 0.000019
1.313000 4.275000 0.000019
1.388000 4.275000 0.000019
1.463000 4.275000 0.000019
1.538000 4.275000 0.000019
1.613000 4.275000 0.000019
1.688000 4.275000 0.000019
1.763000 4.275000 0.000019
1.838000 4.275000 0.000019
1.913000 4.275000 0.000019
1.988000 4.275000 0.000019
2.063000 4.275000 0.000019
2.138000 4.275000 0.000019
2.213000 4.275000 0.000019
2.288000 4.275000 0.000019
2.363000 4.275000 0.000019
2.438000 4.275000 0.000019
2.513000 4.275000 0.000019
2.588000 4.275000 0.000019
2.663000 4.275000 0.000018
2.738000 4.275000 0.000018
2.813000 4.275000 0.000018
2.888000 4.275000 0.000018
2.963000 4.275000 0.000018
3.038000 4.275000 0.000018
3.113000 4.275000 0.000018
3.188000 4.275000 0.000018
3.263000 4.275000 0.000018
3.338000 4.275000 0.000017
3.413000 4.275000 0.000017
3.488000 4.275000 0.000017
3.563000 4.275000 0.000017
3.638000 4.275000 0.000017
3.713000 4.275000 0.000017
3.788000 4.275000 0.000017
3.863000 4.275000 0.000000
-0.037500 4.425000 0.000000
0.037500 4.425000 0.000010
0.112500 4.425000 0.000010
0.187500 4.425000 0.000010
0.262500 4.425000 0.000010
0.337500 4.425000 0.000010
0.412500 4.425000 0.000011
0.487500 4.425000 0.000011
0.562500 4.425000 0.000011
0.637500 4.425000 0.000011
0.712500 4.425000 0.000011
0.787500 4.425000 0.000011
0.862500 4.425000 0.000011
0.937500 4.425000 0.000011
1.012000 4.425000 0.000011
1.087000 4.425000 0.000011
1.163000 4.425000 0.000011
1.238000 4.425000 0.000011
1.313000 4.425000 0.000011
1.388000 4.425000 0.000011
1.463000 4.425000 0.000011
1.538000 4.425000 0.000011
1.613000 4.425000 0.000011
1.688000 4.425000 0.000011
1.763000 4.425000 0.000011
1.838000 4.425000 0.000011
1.913000 4.425000 0.000011
1.988000 4.425000 0.000011
2.063000 4.425000 0.000011
2.138000 4.425000 0.000011
2.213000 4.425000 0.000011
2.288000 4.425000 0.000011
2.363000 4.425000 0.000011
2.438000 4.425000 0.000011
2.513000 4.425000 0.000011
2.588000 4.425000 0.000011
2.663000 4.425000 0.000011
2.738000 4.425000 0.000011
2.813000 4.425000 0.000011
2.888000 4.425000 0.000011
2.963000 4.425000 0.000010
3.038000 4.425000 0.000010
3.113000 4.425000 0.000010
3.188000 4.425000 0.000010
3.263000 4.425000 0.000010
3.338000 4.425000 0.000010
3.413000 4.425000 0.000010
3.488000 4.425000 0.000010
3.563000 4.425000 0.000010
3.638000 4.425000 0.000010
3.713000 4.425000 0.000010
3.788000 4.425000 0.000010
3.863000 4.425000 0.000000
-0.037500 4.575000 0.000000
0.037500 4.575000 0.000006
0.112500 4.575000 0.000006
0.187500 4.575000 0.000006
0.262500 4.575000 0.000006
0.337500 4.575000 0.000006
0.412500 4.575000 0.000006
0.487500 4.575000 0.000006
0.562500 4.575000 0.000006
0.637500 4.575000 0.000006
0.712500 4.575000 0.000006
0.787500 4.575000 0.000006
0.862500 4.575000 0.000006
0.937500 4.575000 0.000006
1.012000 4.575000 0.000006
1.087000 4.575000 0.000006
1.163000 4.575000 0.000006
1.238000 4.575000 0.000006
1.313000 4.575000 0.000006
1.388000 4.575000 0.000007
1.463000 4.575000 0.000007
1.538000 4.575000 0.000007
1.613000 4.575000 0.000007
1.688000 4.575000 0.000007
1.763000 4.575000 0.000007
1.838000 4.575000 0.000007
1.913000 4.575000 0.000007
1.988000 4.575000 0.000007
2.063000 4.575000 0.000007
2.138000 4.575000 0.000007
2.213000 4.575000 0.000006
2.288000 4.575000 0.000006
2.363000 4.575000 0.000006
2.438000 4.575000 0.000006
2.513000 4.575000 0.000006
2.588000 4.575000 0.000006
2.663000 4.575000 0.000006
2.738000 4.575000 0.000006
2.813000 4.575000 0.000006
2.888000 4.575000 0.000006
2.963000 4.575000 0.000006
3.038000 4.575000 0.000006
3.113000 4.575000 0.000006
3.188000 4.575000 0.000006
3.263000 4.575000 0.000006
3.338000 4.575000 0.000006
3.413000 4.575000 0.000006
3.488000 4.575000 0.000006
3.563000 4.575000 0.000006
3.638000 4.575000 0.000006
3.713000 4.575000 0.000006
3.788000 4.575000 0.000006
3.863000 4.575000 0.000000
-0.037500 4.725000 0.000000
0.037500 4.725000 0.000004
0.112500 4.725000 0.000004
0.187500 4.725000 0.000004
0.262500 4.725000 0.000004
0.337500 4.725000 0.000004
0.412500 4.725000 0.000004
0.487500 4.725000 0.000004
0.562500 4.725000 0.000004
0.637500 4.725000 0.000004
0.712500 4.725000 0.000004
0.787500 4.725000 0.000004
0.862500 4.725000 0.000004
0.937500 4.725000 0.000004
1.012000 4.725000 0.000004
1.087000 4.725000 0.000004
1.163000 4.725000 0.000004
1.238000 4.725000 0.000004
1.313000 4.725000 0.000004
1.388000 4.725000 0.000004
1.463000 4.725000 0.000004
1.538000 4.725000 0.000004
1.613000 4.725000 0.000004
1.688000 4.725000 0.000004
1.763000 4.725000 0.000004
1.838000 4.725000 0.000004
1.913000 4.725000 0.000004
1.988000 4.725000 0.000004
2.063000 4.725000 0.000004
2.138000 4.725000 0.000004
2.213000 4.725000 0.000004
2.288000 4.725000 0.000004
2.363000 4.725000 0.000004
2.438000 4.725000 0.000004
2.513000 4.725000 0.000004
2.588000 4.725000 0.000004
2.663000 4.725000 0.000004
2.738000 4.725000 0.000004
2.813000 4.725000 0.000004
2.888000 4.725000 0.000004
2.963000 4.725000 0.000004
3.038000 4.725000 0.000004
3.113000 4.725000 0.000004
3.188000 4.725000 0.000004
3.263000 4.725000 0.000004
3.338000 4.725000 0.000004
3.413000 4.725000 0.000004
3.488000 4.725000 0.000004
3.563000 4.725000 0.000004
3.638000 4.725000 0.000004
3.713000 4.725000 0.000004
3.788000 4.725000 0.000004
3.863000 4.725000 0.000000
-0.037500 4.875000 0.000000
0.037500 4.875000 0.000002
0.112500 4.875000 0.000002
0.187500 4.875000 0.000002
0.262500 4.875000 0.000002
0.337500 4.875000 0.000002
0.412500 4.875000 0.000002
0.487500 4.875000 0.000002
0.562500 4.875000 0.000002
0.637500 4.875000 0.000002
0.712500 4.875000 0.000002
0.787500 4.875000 0.000002
0.862500 4.875000 0.000002
0.937500 4.875000 0.000002
1.012000 4.875000 0.000002
1.087000 4.875000 0.000002
1.163000 4.875000 0.000002
1.238000 4.875000 0.000002
1.313000 4.875000 0.000002
1.388000 4.875000 0.000002
1.463000 4.875000 0.000002
1.538000 4.875000 0.000002
1.613000 4.875000 0.000002
1.688000 4.875000 0.000002
1.763000 4.875000 0.000002
1.838000 4.875000 0.000002
1.913000 4.875000 0.000002
1.988000 4.875000 0.000002
2.063000 4.875000 0.000002
2.138000 4.875000 0.000002
2.213000 4.875000 0.000002
2.288000 4.875000 0.000002
2.363000 4.875000 0.000002
2.438000 4.875000 0.000002
2.513000 4.875000 0.000002
2.588000 4.875000 0.000002
2.663000 4.875000 0.000002
2.738000 4.875000 0.000002
2.813000 4.875000 0.000002
2.888000 4.875000 0.000002
2.963000 4.875000 0.000002
3.038000 4.875000 0.000002
3.113000 4.875000 0.000002
3.188000 4.875000 0.000002
3.263000 4.875000 0.000002
3.338000 4.875000 0.000002
3.413000 4.875000 0.000002
3.488000 4.875000 0.000002
3.563000 4.875000 0.000002
3.638000 4.875000 0.000002
3.713000 4.875000 0.000002
3.788000 4.875000 0.000002
3.863000 4.875000 0.000000
-0.037500 5.025000 0.000000
0.037500 5.025000 0.000002
0.112500 5.025000 0.000002
0.187500 5.025000 0.000002
0.262500 5.025000 0.000002
0.337500 5.025000 0.000002
0.412500 5.025000 0.000002
0.487500 5.025000 0.000002
0.562500 5.025000 0.000002
0.637500 5.025000 0.000002
0.712500 5.025000 0.000002
0.787500 5.025000 0.000002
0.862500 5.025000 0.000002
0.937500 5.025000 0.000002
1.012000 5.025000 0.000002
1.087000 5.025000 0.000002
1.163000 5.025000 0.000002
1.238000 5.025000 0.000002
1.313000 5.025000 0.000002
1.388000 5.025000 0.000002
1.463000 5.025000 0.000002
1.538000 5.025000 0.000002
1.613000 5.025000 0.000002
1.688000 5.025000 0.000002
1.763000 5.025000 0.000002
1.838000 5.025000 0.000002
1.913000 5.025000 0.000002
1.988000 5.025000 0.000002
2.063000 5.025000 0.000002
2.138000 5.025000 0.000002
2.213000 5.025000 0.000002
2.288000 5.025000 0.000002
2.363000 5.025000 0.000002
2.438000 5.025000 0.000002
2.513000 5.025000 0.000002
2.588000 5.025000 0.000002
2.663000 5.025000 0.000002
2.738000 5.025000 0.000002
2.813000 5.025000 0.000002
2.888000 5.025000 0.000002
2.963000 5.025000 0.000002
3.038000 5.025000 0.000002
3.113000 5.025000 0.000002
3.188000 5.025000 0.000002
3.263000 5.025000 0.000002
3.338000 5.025000 0.000002
3.413000 5.025000 0.000002
3.488000 5.025000 0.000002
3.563000 5.025000 0.000002
3.638000 5.025000 0.000002
3.713000 5.025000 0.000002
3.788000 5.025000 0.000002
3.863000 5.025000 0.000000
-0.037500 5.175000 0.000000
0.037500 5.175000 0.000000
0.112500 5.175000 0.000000
0.187500 5.175000 0.000000
0.262500 5.175000 0.000000
0.337500 5.175000 0.000000
0.412500 5.175000 0.000000
0.487500 5.175000 0.000000
0.562500 5.175000 0.000000
0.637500 5.175000 0.000000
0.712500 5.175000 0.000000
0.787500 5.175000 0.000000
0.862500 5.175000 0.000000
0.937500 5.175000 0.000000
1.012000 5.175000 0.000000
1.087000 5.175000 0.000000
1.163000 5.175000 0.000000
1.238000 5.175000 0.000000
1.313000 5.175000 0.000000
1.388000 5.175000 0.000000
1.463000 5.175000 0.000000
1.538000 5.175000 0.000000
1.613000 5.175000 0.000000
1.688000 5.175000 0.000000
1.763000 5.175000 0.000000
1.838000 5.175000 0.000000
1.913000 5.175000 0.000000
1.988000 5.175000 0.000000
2.063000 5.175000 0.000000
2.138000 5.175000 0.000000
2.213000 5.175000 0.000000
2.288000 5.175000 0.000000
2.363000 5.175000 0.000000
2.438000 5.175000 0.000000
2.513000 5.175000 0.000000
2.588000 5.175000 0.000000
2.663000 5.175000 0.000000
2.738000 5.175000 0.000000
2.813000 5.175000 0.000000
2.888000 5.175000 0.000000
2.963000 5.175000 0.000000
3.038000 5.175000 0.000000
3.113000 5.175000 0.000000
3.188000 5.175000 0.000000
3.263000 5.175000 0.000000
3.338000 5.175000 0.000000
3.413000 5.175000 0.000000
3.488000 5.175000 0.000000
3.563000 5.175000 0.000000
3.638000 5.175000 0.000000
3.713000 5.175000 0.000000
3.788000 5.175000 0.000000
3.863000 5.175000 0.000000
