-0.037500 -0.075000 0.000000
0.037500 -0.075000 0.000000
0.112500 -0.075000 0.000000
0.187500 -0.075000 0.000000
0.262500 -0.075000 0.000000
0.337500 -0.075000 0.000000
0.412500 -0.075000 0.000000
0.487500 -0.075000 0.000000
0.562500 -0.075000 0.000000
0.637500 -0.075000 0.000000
0.712500 -0.075000 0.000000
0.787500 -0.075000 0.000000
0.862500 -0.075000 0.000000
0.937500 -0.075000 0.000000
1.012000 -0.075000 0.000000
1.087000 -0.075000 0.000000
1.163000 -0.075000 0.000000
1.238000 -0.075000 0.000000
1.313000 -0.075000 0.000000
1.388000 -0.075000 0.000000
1.463000 -0.075000 0.000000
1.538000 -0.075000 0.000000
1.613000 -0.075000 0.000000
1.688000 -0.075000 0.000000
1.763000 -0.075000 0.000000
1.838000 -0.075000 0.000000
1.913000 -0.075000 0.000000
1.988000 -0.075000 0.000000
2.063000 -0.075000 0.000000
2.138000 -0.075000 0.000000
2.213000 -0.075000 0.000000
2.288000 -0.075000 0.000000
2.363000 -0.075000 0.000000
2.438000 -0.075000 0.000000
2.513000 -0.075000 0.000000
2.588000 -0.075000 0.000000
2.663000 -0.075000 0.000000
2.738000 -0.075000 0.000000
2.813000 -0.075000 0.000000
2.888000 -0.075000 0.000000
2.963000 -0.075000 0.000000
3.038000 -0.075000 0.000000
3.113000 -0.075000 0.000000
3.188000 -0.075000 0.000000
3.263000 -0.075000 0.000000
3.338000 -0.075000 0.000000
3.413000 -0.075000 0.000000
3.488000 -0.075000 0.000000
3.563000 -0.075000 0.000000
3.638000 -0.075000 0.000000
3.713000 -0.075000 0.000000
3.788000 -0.075000 0.000000
3.863000 -0.075000 0.000000
-0.037500 0.075000 0.000000
0.037500 0.075000 0.074950
0.112500 0.075000 0.149900
0.187500 0.075000 0.224800
0.262500 0.075000 0.299800
0.337500 0.075000 0.374700
0.412500 0.075000 0.449500
0.487500 0.075000 0.524300
0.562500 0.075000 0.598900
0.637500 0.075000 0.673200
0.712500 0.075000 0.747100
0.787500 0.075000 0.820600
0.862500 0.075000 0.893300
0.937500 0.075000 0.965100
1.012000 0.075000 1.036000
1.087000 0.075000 1.104000
1.163000 0.075000 1.171000
1.238000 0.075000 1.235000
1.313000 0.075000 1.296000
1.388000 0.075000 1.353000
1.463000 0.075000 1.405000
1.538000 0.075000 1.451000
1.613000 0.075000 1.491000
1.688000 0.075000 1.524000
1.763000 0.075000 1.549000
1.838000 0.075000 1.566000
1.913000 0.075000 1.574000
1.988000 0.075000 1.573000
2.063000 0.075000 1.564000
2.138000 0.075000 1.548000
2.213000 0.075000 1.524000
2.288000 0.075000 1.494000
2.363000 0.075000 1.460000
2.438000 0.075000 1.422000
2.513000 0.075000 1.380000
2.588000 0.075000 1.337000
2.663000 0.075000 1.293000
2.738000 0.075000 1.249000
2.813000 0.075000 1.204000
2.888000 0.075000 1.161000
2.963000 0.075000 1.118000
3.038000 0.075000 1.076000
3.113000 0.075000 1.035000
3.188000 0.075000 0.996200
3.263000 0.075000 0.958600
3.338000 0.075000 0.922600
3.413000 0.075000 0.888100
3.488000 0.075000 0.855100
3.563000 0.075000 0.823600
3.638000 0.075000 0.793600
3.713000 0.075000 0.764900
3.788000 0.075000 0.737600
3.863000 0.075000 0.000000
-0.037500 0.225000 0.000000
0.037500 0.225000 0.074950
0.112500 0.225000 0.149900
0.187500 0.225000 0.224800
0.262500 0.225000 0.299800
0.337500 0.225000 0.374700
0.412500 0.225000 0.449500
0.487500 0.225000 0.524300
0.562500 0.225000 0.598900
0.637500 0.225000 0.673200
0.712500 0.225000 0.747100
0.787500 0.225000 0.820600
0.862500 0.225000 0.893300
0.937500 0.225000 0.965100
1.012000 0.225000 1.036000
1.087000 0.225000 1.104000
1.163000 0.225000 1.171000
1.238000 0.225000 1.235000
1.313000 0.225000 1.296000
1.388000 0.225000 1.353000
1.463000 0.225000 1.405000
1.538000 0.225000 1.451000
1.613000 0.225000 1.491000
1.688000 0.225000 1.524000
1.763000 0.225000 1.549000
1.838000 0.225000 1.566000
1.913000 0.225000 1.574000
1.988000 0.225000 1.573000
2.063000 0.225000 1.564000
2.138000 0.225000 1.548000
2.213000 0.225000 1.524000
2.288000 0.225000 1.494000
2.363000 0.225000 1.460000
2.438000 0.225000 1.422000
2.513000 0.225000 1.380000
2.588000 0.225000 1.337000
2.663000 0.225000 1.293000
2.738000 0.225000 1.249000
2.813000 0.225000 1.204000
2.888000 0.225000 1.161000
2.963000 0.225000 1.118000
3.038000 0.225000 1.076000
3.113000 0.225000 1.035000
3.188000 0.225000 0.996200
3.263000 0.225000 0.958600
3.338000 0.225000 0.922600
3.413000 0.225000 0.888100
3.488000 0.225000 0.855100
3.563000 0.225000 0.823600
3.638000 0.225000 0.793600
3.713000 0.225000 0.764900
3.788000 0.225000 0.737600
3.863000 0.225000 0.000000
-0.037500 0.375000 0.000000
0.037500 0.375000 0.345100
0.112500 0.375000 0.364600
0.187500 0.375000 0.395400
0.262500 0.375000 0.433500
0.337500 0.375000 0.476400
0.412500 0.375000 0.522700
0.487500 0.375000 0.571200
0.562500 0.375000 0.621200
0.637500 0.375000 0.672200
0.712500 0.375000 0.723900
0.787500 0.375000 0.775700
0.862500 0.375000 0.827300
0.937500 0.375000 0.878500
1.012000 0.375000 0.928700
1.087000 0.375000 0.977700
1.163000 0.375000 1.025000
1.238000 0.375000 1.070000
1.313000 0.375000 1.113000
1.388000 0.375000 1.152000
1.463000 0.375000 1.188000
1.538000 0.375000 1.220000
1.613000 0.375000 1.247000
1.688000 0.375000 1.269000
1.763000 0.375000 1.286000
1.838000 0.375000 1.296000
1.913000 0.375000 1.301000
1.988000 0.375000 1.300000
2.063000 0.375000 1.294000
2.138000 0.375000 1.282000
2.213000 0.375000 1.266000
2.288000 0.375000 1.245000
2.363000 0.375000 1.221000
2.438000 0.375000 1.194000
2.513000 0.375000 1.164000
2.588000 0.375000 1.133000
2.663000 0.375000 1.101000
2.738000 0.375000 1.068000
2.813000 0.375000 1.035000
2.888000 0.375000 1.003000
2.963000 0.375000 0.970600
3.038000 0.375000 0.939200
3.113000 0.375000 0.908700
3.188000 0.375000 0.879400
3.263000 0.375000 0.851300
3.338000 0.375000 0.824700
3.413000 0.375000 0.799700
3.488000 0.375000 0.776500
3.563000 0.375000 0.755600
3.638000 0.375000 0.737400
3.713000 0.375000 0.723000
3.788000 0.375000 0.714100
3.863000 0.375000 0.000000
-0.037500 0.525000 0.000000
0.037500 0.525000 0.459800
0.112500 0.525000 0.467100
0.187500 0.525000 0.480700
0.262500 0.525000 0.499100
0.337500 0.525000 0.521400
0.412500 0.525000 0.546700
0.487500 0.525000 0.574300
0.562500 0.525000 0.603700
0.637500 0.525000 0.634300
0.712500 0.525000 0.665700
0.787500 0.525000 0.697600
0.862500 0.525000 0.729700
0.937500 0.525000 0.761700
1.012000 0.525000 0.793100
1.087000 0.525000 0.823800
1.163000 0.525000 0.853400
1.238000 0.525000 0.881500
1.313000 0.525000 0.907800
1.388000 0.525000 0.932100
1.463000 0.525000 0.954000
1.538000 0.525000 0.973100
1.613000 0.525000 0.989300
1.688000 0.525000 1.002000
1.763000 0.525000 1.012000
1.838000 0.525000 1.018000
1.913000 0.525000 1.020000
1.988000 0.525000 1.019000
2.063000 0.525000 1.015000
2.138000 0.525000 1.007000
2.213000 0.525000 0.996400
2.288000 0.525000 0.983100
2.363000 0.525000 0.967500
2.438000 0.525000 0.950000
2.513000 0.525000 0.930900
2.588000 0.525000 0.910600
2.663000 0.525000 0.889500
2.738000 0.525000 0.867900
2.813000 0.525000 0.846000
2.888000 0.525000 0.824200
2.963000 0.525000 0.802700
3.038000 0.525000 0.781600
3.113000 0.525000 0.761200
3.188000 0.525000 0.741700
3.263000 0.525000 0.723200
3.338000 0.525000 0.706000
3.413000 0.525000 0.690100
3.488000 0.525000 0.675900
3.563000 0.525000 0.663600
3.638000 0.525000 0.653600
3.713000 0.525000 0.646400
3.788000 0.525000 0.642500
3.863000 0.525000 0.000000
-0.037500 0.675000 0.000000
0.037500 0.675000 0.502500
0.112500 0.675000 0.505900
0.187500 0.675000 0.512400
0.262500 0.675000 0.521800
0.337500 0.675000 0.533700
0.412500 0.675000 0.547800
0.487500 0.675000 0.563600
0.562500 0.675000 0.580900
0.637500 0.675000 0.599400
0.712500 0.675000 0.618600
0.787500 0.675000 0.638500
0.862500 0.675000 0.658600
0.937500 0.675000 0.678700
1.012000 0.675000 0.698600
1.087000 0.675000 0.718000
1.163000 0.675000 0.736600
1.238000 0.675000 0.754300
1.313000 0.675000 0.770800
1.388000 0.675000 0.785900
1.463000 0.675000 0.799400
1.538000 0.675000 0.811100
1.613000 0.675000 0.820800
1.688000 0.675000 0.828500
1.763000 0.675000 0.834000
1.838000 0.675000 0.837200
1.913000 0.675000 0.838300
1.988000 0.675000 0.837100
2.063000 0.675000 0.833800
2.138000 0.675000 0.828500
2.213000 0.675000 0.821300
2.288000 0.675000 0.812300
2.363000 0.675000 0.801900
2.438000 0.675000 0.790100
2.513000 0.675000 0.777300
2.588000 0.675000 0.763600
2.663000 0.675000 0.749300
2.738000 0.675000 0.734500
2.813000 0.675000 0.719500
2.888000 0.675000 0.704500
2.963000 0.675000 0.689700
3.038000 0.675000 0.675300
3.113000 0.675000 0.661300
3.188000 0.675000 0.648100
3.263000 0.675000 0.635700
3.338000 0.675000 0.624300
3.413000 0.675000 0.614000
3.488000 0.675000 0.605100
3.563000 0.675000 0.597700
3.638000 0.675000 0.591900
3.713000 0.675000 0.587900
3.788000 0.675000 0.585900
3.863000 0.675000 0.000000
-0.037500 0.825000 0.000000
0.037500 0.825000 0.501400
0.112500 0.825000 0.503800
0.187500 0.825000 0.508400
0.262500 0.825000 0.515200
0.337500 0.825000 0.523900
0.412500 0.825000 0.534400
0.487500 0.825000 0.546300
0.562500 0.825000 0.559400
0.637500 0.825000 0.573600
0.712500 0.825000 0.588500
0.787500 0.825000 0.603900
0.862500 0.825000 0.619600
0.937500 0.825000 0.635300
1.012000 0.825000 0.650900
1.087000 0.825000 0.666100
1.163000 0.825000 0.680700
1.238000 0.825000 0.694500
1.313000 0.825000 0.707400
1.388000 0.825000 0.719100
1.463000 0.825000 0.729600
1.538000 0.825000 0.738600
1.613000 0.825000 0.746000
1.688000 0.825000 0.751800
1.763000 0.825000 0.755900
1.838000 0.825000 0.758200
1.913000 0.825000 0.758700
1.988000 0.825000 0.757600
2.063000 0.825000 0.754700
2.138000 0.825000 0.750200
2.213000 0.825000 0.744300
2.288000 0.825000 0.736900
2.363000 0.825000 0.728400
2.438000 0.825000 0.718700
2.513000 0.825000 0.708200
2.588000 0.825000 0.697000
2.663000 0.825000 0.685200
2.738000 0.825000 0.673100
2.813000 0.825000 0.660800
2.888000 0.825000 0.648500
2.963000 0.825000 0.636300
3.038000 0.825000 0.624400
3.113000 0.825000 0.613000
3.188000 0.825000 0.602200
3.263000 0.825000 0.592100
3.338000 0.825000 0.582900
3.413000 0.825000 0.574700
3.488000 0.825000 0.567700
3.563000 0.825000 0.561900
3.638000 0.825000 0.557400
3.713000 0.825000 0.554400
3.788000 0.825000 0.552900
3.863000 0.825000 0.000000
-0.037500 0.975000 0.000000
0.037500 0.975000 0.486500
0.112500 0.975000 0.488200
0.187500 0.975000 0.491800
0.262500 0.975000 0.497000
0.337500 0.975000 0.503700
0.412500 0.975000 0.511800
0.487500 0.975000 0.521100
0.562500 0.975000 0.531500
0.637500 0.975000 0.542700
0.712500 0.975000 0.554600
0.787500 0.975000 0.566900
0.862500 0.975000 0.579500
0.937500 0.975000 0.592100
1.012000 0.975000 0.604600
1.087000 0.975000 0.616800
1.163000 0.975000 0.628600
1.238000 0.975000 0.639700
1.313000 0.975000 0.650000
1.388000 0.975000 0.659400
1.463000 0.975000 0.667700
1.538000 0.975000 0.674800
1.613000 0.975000 0.680700
1.688000 0.975000 0.685200
1.763000 0.975000 0.688300
1.838000 0.975000 0.690000
1.913000 0.975000 0.690300
1.988000 0.975000 0.689100
2.063000 0.975000 0.686600
2.138000 0.975000 0.682700
2.213000 0.975000 0.677700
2.288000 0.975000 0.671500
2.363000 0.975000 0.664300
2.438000 0.975000 0.656200
2.513000 0.975000 0.647400
2.588000 0.975000 0.638000
2.663000 0.975000 0.628100
2.738000 0.975000 0.617900
2.813000 0.975000 0.607600
2.888000 0.975000 0.597200
2.963000 0.975000 0.587000
3.038000 0.975000 0.577100
3.113000 0.975000 0.567500
3.188000 0.975000 0.558500
3.263000 0.975000 0.550100
3.338000 0.975000 0.542500
3.413000 0.975000 0.535800
3.488000 0.975000 0.530000
3.563000 0.975000 0.525300
3.638000 0.975000 0.521700
3.713000 0.975000 0.519300
3.788000 0.975000 0.518100
3.863000 0.975000 0.000000
-0.037500 1.125000 0.000000
0.037500 1.125000 0.462600
0.112500 1.125000 0.464100
0.187500 1.125000 0.467000
0.262500 1.125000 0.471200
0.337500 1.125000 0.476700
0.412500 1.125000 0.483400
0.487500 1.125000 0.491200
0.562500 1.125000 0.499800
0.637500 1.125000 0.509100
0.712500 1.125000 0.519000
0.787500 1.125000 0.529400
0.862500 1.125000 0.539900
0.937500 1.125000 0.550500
1.012000 1.125000 0.561100
1.087000 1.125000 0.571300
1.163000 1.125000 0.581200
1.238000 1.125000 0.590600
1.313000 1.125000 0.599200
1.388000 1.125000 0.607100
1.463000 1.125000 0.614000
1.538000 1.125000 0.619900
1.613000 1.125000 0.624800
1.688000 1.125000 0.628500
1.763000 1.125000 0.631000
1.838000 1.125000 0.632300
1.913000 1.125000 0.632400
1.988000 1.125000 0.631300
2.063000 1.125000 0.629000
2.138000 1.125000 0.625600
2.213000 1.125000 0.621200
2.288000 1.125000 0.615800
2.363000 1.125000 0.609500
2.438000 1.125000 0.602500
2.513000 1.125000 0.594800
2.588000 1.125000 0.586700
2.663000 1.125000 0.578100
2.738000 1.125000 0.569300
2.813000 1.125000 0.560300
2.888000 1.125000 0.551300
2.963000 1.125000 0.542500
3.038000 1.125000 0.533900
3.113000 1.125000 0.525600
3.188000 1.125000 0.517800
3.263000 1.125000 0.510600
3.338000 1.125000 0.504100
3.413000 1.125000 0.498300
3.488000 1.125000 0.493400
3.563000 1.125000 0.489400
3.638000 1.125000 0.486300
3.713000 1.125000 0.484300
3.788000 1.125000 0.483200
3.863000 1.125000 0.000000
-0.037500 1.275000 0.000000
0.037500 1.275000 0.403100
0.112500 1.275000 0.404200
0.187500 1.275000 0.406500
0.262500 1.275000 0.409800
0.337500 1.275000 0.414200
0.412500 1.275000 0.419500
0.487500 1.275000 0.425600
0.562500 1.275000 0.432400
0.637500 1.275000 0.439800
0.712500 1.275000 0.447700
0.787500 1.275000 0.455900
0.862500 1.275000 0.464300
0.937500 1.275000 0.472700
1.012000 1.275000 0.481100
1.087000 1.275000 0.489300
1.163000 1.275000 0.497200
1.238000 1.275000 0.504600
1.313000 1.275000 0.511500
1.388000 1.275000 0.517800
1.463000 1.275000 0.523300
1.538000 1.275000 0.528000
1.613000 1.275000 0.531800
1.688000 1.275000 0.534700
1.763000 1.275000 0.536600
1.838000 1.275000 0.537600
1.913000 1.275000 0.537600
1.988000 1.275000 0.536600
2.063000 1.275000 0.534700
2.138000 1.275000 0.531900
2.213000 1.275000 0.528200
2.288000 1.275000 0.523800
2.363000 1.275000 0.518600
2.438000 1.275000 0.512900
2.513000 1.275000 0.506600
2.588000 1.275000 0.500000
2.663000 1.275000 0.493000
2.738000 1.275000 0.485800
2.813000 1.275000 0.478400
2.888000 1.275000 0.471100
2.963000 1.275000 0.463900
3.038000 1.275000 0.456900
3.113000 1.275000 0.450200
3.188000 1.275000 0.443800
3.263000 1.275000 0.438000
3.338000 1.275000 0.432700
3.413000 1.275000 0.428000
3.488000 1.275000 0.424000
3.563000 1.275000 0.420800
3.638000 1.275000 0.418300
3.713000 1.275000 0.416600
3.788000 1.275000 0.415800
3.863000 1.275000 0.000000
-0.037500 1.425000 0.000000
0.037500 1.425000 0.322400
0.112500 1.425000 0.323200
0.187500 1.425000 0.324900
0.262500 1.425000 0.327200
0.337500 1.425000 0.330300
0.412500 1.425000 0.334000
0.487500 1.425000 0.338300
0.562500 1.425000 0.343200
0.637500 1.425000 0.348400
0.712500 1.425000 0.354000
0.787500 1.425000 0.359800
0.862500 1.425000 0.365800
0.937500 1.425000 0.371800
1.012000 1.425000 0.377800
1.087000 1.425000 0.383600
1.163000 1.425000 0.389200
1.238000 1.425000 0.394500
1.313000 1.425000 0.399400
1.388000 1.425000 0.403800
1.463000 1.425000 0.407700
1.538000 1.425000 0.411000
1.613000 1.425000 0.413700
1.688000 1.425000 0.415700
1.763000 1.425000 0.417000
1.838000 1.425000 0.417600
1.913000 1.425000 0.417500
1.988000 1.425000 0.416700
2.063000 1.425000 0.415300
2.138000 1.425000 0.413100
2.213000 1.425000 0.410400
2.288000 1.425000 0.407100
2.363000 1.425000 0.403300
2.438000 1.425000 0.399100
2.513000 1.425000 0.394500
2.588000 1.425000 0.389600
2.663000 1.425000 0.384400
2.738000 1.425000 0.379100
2.813000 1.425000 0.373700
2.888000 1.425000 0.368300
2.963000 1.425000 0.363000
3.038000 1.425000 0.357900
3.113000 1.425000 0.352900
3.188000 1.425000 0.348300
3.263000 1.425000 0.344000
3.338000 1.425000 0.340100
3.413000 1.425000 0.336700
3.488000 1.425000 0.333800
3.563000 1.425000 0.331500
3.638000 1.425000 0.329700
3.713000 1.425000 0.328400
3.788000 1.425000 0.327800
3.863000 1.425000 0.000000
-0.037500 1.575000 0.000000
0.037500 1.575000 0.252500
0.112500 1.575000 0.253100
0.187500 1.575000 0.254200
0.262500 1.575000 0.255800
0.337500 1.575000 0.258000
0.412500 1.575000 0.260600
0.487500 1.575000 0.263600
0.562500 1.575000 0.266900
0.637500 1.575000 0.270600
0.712500 1.575000 0.274500
0.787500 1.575000 0.278600
0.862500 1.575000 0.282800
0.937500 1.575000 0.287000
1.012000 1.575000 0.291200
1.087000 1.575000 0.295300
1.163000 1.575000 0.299200
1.238000 1.575000 0.302900
1.313000 1.575000 0.306300
1.388000 1.575000 0.309400
1.463000 1.575000 0.312100
1.538000 1.575000 0.314400
1.613000 1.575000 0.316200
1.688000 1.575000 0.317600
1.763000 1.575000 0.318400
1.838000 1.575000 0.318800
1.913000 1.575000 0.318700
1.988000 1.575000 0.318100
2.063000 1.575000 0.316900
2.138000 1.575000 0.315400
2.213000 1.575000 0.313400
2.288000 1.575000 0.311000
2.363000 1.575000 0.308200
2.438000 1.575000 0.305100
2.513000 1.575000 0.301800
2.588000 1.575000 0.298200
2.663000 1.575000 0.294500
2.738000 1.575000 0.290600
2.813000 1.575000 0.286700
2.888000 1.575000 0.282800
2.963000 1.575000 0.279000
3.038000 1.575000 0.275300
3.113000 1.575000 0.271700
3.188000 1.575000 0.268400
3.263000 1.575000 0.265300
3.338000 1.575000 0.262500
3.413000 1.575000 0.260000
3.488000 1.575000 0.257900
3.563000 1.575000 0.256200
3.638000 1.575000 0.254900
3.713000 1.575000 0.254000
3.788000 1.575000 0.253600
3.863000 1.575000 0.000000
-0.037500 1.725000 0.000000
0.037500 1.725000 0.193500
0.112500 1.725000 0.193900
0.187500 1.725000 0.194700
0.262500 1.725000 0.195800
0.337500 1.725000 0.197300
0.412500 1.725000 0.199000
0.487500 1.725000 0.201100
0.562500 1.725000 0.203400
0.637500 1.725000 0.205900
0.712500 1.725000 0.208600
0.787500 1.725000 0.211400
0.862500 1.725000 0.214300
0.937500 1.725000 0.217200
1.012000 1.725000 0.220000
1.087000 1.725000 0.222800
1.163000 1.725000 0.225500
1.238000 1.725000 0.228100
1.313000 1.725000 0.230400
1.388000 1.725000 0.232500
1.463000 1.725000 0.234300
1.538000 1.725000 0.235900
1.613000 1.725000 0.237100
1.688000 1.725000 0.238000
1.763000 1.725000 0.238600
1.838000 1.725000 0.238800
1.913000 1.725000 0.238700
1.988000 1.725000 0.238200
2.063000 1.725000 0.237400
2.138000 1.725000 0.236200
2.213000 1.725000 0.234800
2.288000 1.725000 0.233000
2.363000 1.725000 0.231100
2.438000 1.725000 0.228900
2.513000 1.725000 0.226500
2.588000 1.725000 0.223900
2.663000 1.725000 0.221300
2.738000 1.725000 0.218600
2.813000 1.725000 0.215800
2.888000 1.725000 0.213000
2.963000 1.725000 0.210300
3.038000 1.725000 0.207700
3.113000 1.725000 0.205200
3.188000 1.725000 0.202800
3.263000 1.725000 0.200600
3.338000 1.725000 0.198600
3.413000 1.725000 0.196900
3.488000 1.725000 0.195400
3.563000 1.725000 0.194200
3.638000 1.725000 0.193300
3.713000 1.725000 0.192600
3.788000 1.725000 0.192300
3.863000 1.725000 0.000000
-0.037500 1.875000 0.000000
0.037500 1.875000 0.144700
0.112500 1.875000 0.145000
0.187500 1.875000 0.145500
0.262500 1.875000 0.146200
0.337500 1.875000 0.147200
0.412500 1.875000 0.148400
0.487500 1.875000 0.149800
0.562500 1.875000 0.151300
0.637500 1.875000 0.153000
0.712500 1.875000 0.154800
0.787500 1.875000 0.156600
0.862500 1.875000 0.158500
0.937500 1.875000 0.160500
1.012000 1.875000 0.162400
1.087000 1.875000 0.164300
1.163000 1.875000 0.166000
1.238000 1.875000 0.167700
1.313000 1.875000 0.169300
1.388000 1.875000 0.170700
1.463000 1.875000 0.171900
1.538000 1.875000 0.172900
1.613000 1.875000 0.173700
1.688000 1.875000 0.174300
1.763000 1.875000 0.174600
1.838000 1.875000 0.174700
1.913000 1.875000 0.174600
1.988000 1.875000 0.174200
2.063000 1.875000 0.173700
2.138000 1.875000 0.172800
2.213000 1.875000 0.171800
2.288000 1.875000 0.170600
2.363000 1.875000 0.169200
2.438000 1.875000 0.167700
2.513000 1.875000 0.166000
2.588000 1.875000 0.164300
2.663000 1.875000 0.162500
2.738000 1.875000 0.160600
2.813000 1.875000 0.158700
2.888000 1.875000 0.156800
2.963000 1.875000 0.154900
3.038000 1.875000 0.153100
3.113000 1.875000 0.151300
3.188000 1.875000 0.149700
3.263000 1.875000 0.148200
3.338000 1.875000 0.146800
3.413000 1.875000 0.145600
3.488000 1.875000 0.144600
3.563000 1.875000 0.143800
3.638000 1.875000 0.143100
3.713000 1.875000 0.142700
3.788000 1.875000 0.142400
3.863000 1.875000 0.000000
-0.037500 2.025000 0.000000
0.037500 2.025000 0.104800
0.112500 2.025000 0.105000
0.187500 2.025000 0.105300
0.262500 2.025000 0.105800
0.337500 2.025000 0.106400
0.412500 2.025000 0.107100
0.487500 2.025000 0.108000
0.562500 2.025000 0.109000
0.637500 2.025000 0.110000
0.712500 2.025000 0.111200
0.787500 2.025000 0.112300
0.862500 2.025000 0.113500
0.937500 2.025000 0.114800
1.012000 2.025000 0.116000
1.087000 2.025000 0.117200
1.163000 2.025000 0.118300
1.238000 2.025000 0.119300
1.313000 2.025000 0.120300
1.388000 2.025000 0.121200
1.463000 2.025000 0.121900
1.538000 2.025000 0.122600
1.613000 2.025000 0.123100
1.688000 2.025000 0.123400
1.763000 2.025000 0.123600
1.838000 2.025000 0.123600
1.913000 2.025000 0.123500
1.988000 2.025000 0.123300
2.063000 2.025000 0.122800
2.138000 2.025000 0.122300
2.213000 2.025000 0.121600
2.288000 2.025000 0.120800
2.363000 2.025000 0.119900
2.438000 2.025000 0.118900
2.513000 2.025000 0.117800
2.588000 2.025000 0.116600
2.663000 2.025000 0.115400
2.738000 2.025000 0.114100
2.813000 2.025000 0.112900
2.888000 2.025000 0.111600
2.963000 2.025000 0.110400
3.038000 2.025000 0.109200
3.113000 2.025000 0.108100
3.188000 2.025000 0.107000
3.263000 2.025000 0.106000
3.338000 2.025000 0.105100
3.413000 2.025000 0.104300
3.488000 2.025000 0.103700
3.563000 2.025000 0.103100
3.638000 2.025000 0.102700
3.713000 2.025000 0.102400
3.788000 2.025000 0.102200
3.863000 2.025000 0.000000
-0.037500 2.175000 0.000000
0.037500 2.175000 0.072340
0.112500 2.175000 0.072420
0.187500 2.175000 0.072600
0.262500 2.175000 0.072860
0.337500 2.175000 0.073200
0.412500 2.175000 0.073610
0.487500 2.175000 0.074090
0.562500 2.175000 0.074640
0.637500 2.175000 0.075230
0.712500 2.175000 0.075860
0.787500 2.175000 0.076520
0.862500 2.175000 0.077190
0.937500 2.175000 0.077870
1.012000 2.175000 0.078540
1.087000 2.175000 0.079190
1.163000 2.175000 0.079820
1.238000 2.175000 0.080400
1.313000 2.175000 0.080930
1.388000 2.175000 0.081400
1.463000 2.175000 0.081810
1.538000 2.175000 0.082140
1.613000 2.175000 0.082400
1.688000 2.175000 0.082570
1.763000 2.175000 0.082650
1.838000 2.175000 0.082640
1.913000 2.175000 0.082550
1.988000 2.175000 0.082360
2.063000 2.175000 0.082100
2.138000 2.175000 0.081750
2.213000 2.175000 0.081320
2.288000 2.175000 0.080830
2.363000 2.175000 0.080270
2.438000 2.175000 0.079650
2.513000 2.175000 0.078990
2.588000 2.175000 0.078300
2.663000 2.175000 0.077570
2.738000 2.175000 0.076830
2.813000 2.175000 0.076080
2.888000 2.175000 0.075340
2.963000 2.175000 0.074610
3.038000 2.175000 0.073900
3.113000 2.175000 0.073230
3.188000 2.175000 0.072600
3.263000 2.175000 0.072020
3.338000 2.175000 0.071490
3.413000 2.175000 0.071030
3.488000 2.175000 0.070640
3.563000 2.175000 0.070310
3.638000 2.175000 0.070060
3.713000 2.175000 0.069890
3.788000 2.175000 0.069800
3.863000 2.175000 0.000000
-0.037500 2.325000 0.000000
0.037500 2.325000 0.054600
0.112500 2.325000 0.054650
0.187500 2.325000 0.054750
0.262500 2.325000 0.054900
0.337500 2.325000 0.055090
0.412500 2.325000 0.055330
0.487500 2.325000 0.055600
0.562500 2.325000 0.055910
0.637500 2.325000 0.056250
0.712500 2.325000 0.056600
0.787500 2.325000 0.056980
0.862500 2.325000 0.057360
0.937500 2.325000 0.057740
1.012000 2.325000 0.058120
1.087000 2.325000 0.058480
1.163000 2.325000 0.058830
1.238000 2.325000 0.059150
1.313000 2.325000 0.059450
1.388000 2.325000 0.059700
1.463000 2.325000 0.059920
1.538000 2.325000 0.060090
1.613000 2.325000 0.060210
1.688000 2.325000 0.060290
1.763000 2.325000 0.060310
1.838000 2.325000 0.060280
1.913000 2.325000 0.060190
1.988000 2.325000 0.060050
2.063000 2.325000 0.059870
2.138000 2.325000 0.059630
2.213000 2.325000 0.059350
2.288000 2.325000 0.059030
2.363000 2.325000 0.058670
2.438000 2.325000 0.058270
2.513000 2.325000 0.057850
2.588000 2.325000 0.057410
2.663000 2.325000 0.056960
2.738000 2.325000 0.056490
2.813000 2.325000 0.056020
2.888000 2.325000 0.055560
2.963000 2.325000 0.055110
3.038000 2.325000 0.054670
3.113000 2.325000 0.054250
3.188000 2.325000 0.053860
3.263000 2.325000 0.053500
3.338000 2.325000 0.053180
3.413000 2.325000 0.052900
3.488000 2.325000 0.052660
3.563000 2.325000 0.052460
3.638000 2.325000 0.052310
3.713000 2.325000 0.052210
3.788000 2.325000 0.052160
3.863000 2.325000 0.000000
-0.037500 2.475000 0.000000
0.037500 2.475000 0.047110
0.112500 2.475000 0.047150
0.187500 2.475000 0.047220
0.262500 2.475000 0.047330
0.337500 2.475000 0.047470
0.412500 2.475000 0.047650
0.487500 2.475000 0.047850
0.562500 2.475000 0.048080
0.637500 2.475000 0.048320
0.712500 2.475000 0.048590
0.787500 2.475000 0.048860
0.862500 2.475000 0.049140
0.937500 2.475000 0.049420
1.012000 2.475000 0.049690
1.087000 2.475000 0.049960
1.163000 2.475000 0.050210
1.238000 2.475000 0.050440
1.313000 2.475000 0.050650
1.388000 2.475000 0.050840
1.463000 2.475000 0.050990
1.538000 2.475000 0.051100
1.613000 2.475000 0.051180
1.688000 2.475000 0.051230
1.763000 2.475000 0.051230
1.838000 2.475000 0.051190
1.913000 2.475000 0.051110
1.988000 2.475000 0.051000
2.063000 2.475000 0.050840
2.138000 2.475000 0.050650
2.213000 2.475000 0.050420
2.288000 2.475000 0.050160
2.363000 2.475000 0.049880
2.438000 2.475000 0.049570
2.513000 2.475000 0.049240
2.588000 2.475000 0.048890
2.663000 2.475000 0.048530
2.738000 2.475000 0.048170
2.813000 2.475000 0.047800
2.888000 2.475000 0.047440
2.963000 2.475000 0.047090
3.038000 2.475000 0.046750
3.113000 2.475000 0.046420
3.188000 2.475000 0.046120
3.263000 2.475000 0.045840
3.338000 2.475000 0.045600
3.413000 2.475000 0.045380
3.488000 2.475000 0.045200
3.563000 2.475000 0.045050
3.638000 2.475000 0.044930
3.713000 2.475000 0.044860
3.788000 2.475000 0.044820
3.863000 2.475000 0.000000
-0.037500 2.625000 0.000000
0.037500 2.625000 0.040930
0.112500 2.625000 0.040960
0.187500 2.625000 0.041010
0.262500 2.625000 0.041090
0.337500 2.625000 0.041200
0.412500 2.625000 0.041340
0.487500 2.625000 0.041490
0.562500 2.625000 0.041670
0.637500 2.625000 0.041850
0.712500 2.625000 0.042050
0.787500 2.625000 0.042260
0.862500 2.625000 0.042470
0.937500 2.625000 0.042680
1.012000 2.625000 0.042890
1.087000 2.625000 0.043090
1.163000 2.625000 0.043280
1.238000 2.625000 0.043450
1.313000 2.625000 0.043600
1.388000 2.625000 0.043740
1.463000 2.625000 0.043850
1.538000 2.625000 0.043930
1.613000 2.625000 0.043980
1.688000 2.625000 0.044000
1.763000 2.625000 0.044000
1.838000 2.625000 0.043960
1.913000 2.625000 0.043890
1.988000 2.625000 0.043780
2.063000 2.625000 0.043650
2.138000 2.625000 0.043490
2.213000 2.625000 0.043310
2.288000 2.625000 0.043100
2.363000 2.625000 0.042860
2.438000 2.625000 0.042610
2.513000 2.625000 0.042350
2.588000 2.625000 0.042070
2.663000 2.625000 0.041780
2.738000 2.625000 0.041490
2.813000 2.625000 0.041200
2.888000 2.625000 0.040910
2.963000 2.625000 0.040620
3.038000 2.625000 0.040350
3.113000 2.625000 0.040100
3.188000 2.625000 0.039860
3.263000 2.625000 0.039640
3.338000 2.625000 0.039440
3.413000 2.625000 0.039270
3.488000 2.625000 0.039130
3.563000 2.625000 0.039020
3.638000 2.625000 0.038930
3.713000 2.625000 0.038870
3.788000 2.625000 0.038840
3.863000 2.625000 0.000000
-0.037500 2.775000 0.000000
0.037500 2.775000 0.035970
0.112500 2.775000 0.035990
0.187500 2.775000 0.036040
0.262500 2.775000 0.036110
0.337500 2.775000 0.036200
0.412500 2.775000 0.036300
0.487500 2.775000 0.036430
0.562500 2.775000 0.036570
0.637500 2.775000 0.036720
0.712500 2.775000 0.036880
0.787500 2.775000 0.037040
0.862500 2.775000 0.037210
0.937500 2.775000 0.037380
1.012000 2.775000 0.037550
1.087000 2.775000 0.037700
1.163000 2.775000 0.037850
1.238000 2.775000 0.037990
1.313000 2.775000 0.038110
1.388000 2.775000 0.038210
1.463000 2.775000 0.038300
1.538000 2.775000 0.038360
1.613000 2.775000 0.038400
1.688000 2.775000 0.038410
1.763000 2.775000 0.038400
1.838000 2.775000 0.038360
1.913000 2.775000 0.038300
1.988000 2.775000 0.038210
2.063000 2.775000 0.038090
2.138000 2.775000 0.037960
2.213000 2.775000 0.037800
2.288000 2.775000 0.037620
2.363000 2.775000 0.037430
2.438000 2.775000 0.037210
2.513000 2.775000 0.036990
2.588000 2.775000 0.036760
2.663000 2.775000 0.036520
2.738000 2.775000 0.036280
2.813000 2.775000 0.036030
2.888000 2.775000 0.035790
2.963000 2.775000 0.035560
3.038000 2.775000 0.035330
3.113000 2.775000 0.035120
3.188000 2.775000 0.034920
3.263000 2.775000 0.034740
3.338000 2.775000 0.034580
3.413000 2.775000 0.034440
3.488000 2.775000 0.034330
3.563000 2.775000 0.034230
3.638000 2.775000 0.034160
3.713000 2.775000 0.034110
3.788000 2.775000 0.034090
3.863000 2.775000 0.000000
-0.037500 2.925000 0.000000
0.037500 2.925000 0.028350
0.112500 2.925000 0.028370
0.187500 2.925000 0.028410
0.262500 2.925000 0.028460
0.337500 2.925000 0.028530
0.412500 2.925000 0.028610
0.487500 2.925000 0.028700
0.562500 2.925000 0.028810
0.637500 2.925000 0.028920
0.712500 2.925000 0.029040
0.787500 2.925000 0.029160
0.862500 2.925000 0.029290
0.937500 2.925000 0.029410
1.012000 2.925000 0.029530
1.087000 2.925000 0.029650
1.163000 2.925000 0.029760
1.238000 2.925000 0.029860
1.313000 2.925000 0.029950
1.388000 2.925000 0.030030
1.463000 2.925000 0.030090
1.538000 2.925000 0.030130
1.613000 2.925000 0.030160
1.688000 2.925000 0.030160
1.763000 2.925000 0.030150
1.838000 2.925000 0.030120
1.913000 2.925000 0.030070
1.988000 2.925000 0.030000
2.063000 2.925000 0.029910
2.138000 2.925000 0.029800
2.213000 2.925000 0.029680
2.288000 2.925000 0.029550
2.363000 2.925000 0.029400
2.438000 2.925000 0.029230
2.513000 2.925000 0.029060
2.588000 2.925000 0.028880
2.663000 2.925000 0.028700
2.738000 2.925000 0.028520
2.813000 2.925000 0.028330
2.888000 2.925000 0.028150
2.963000 2.925000 0.027970
3.038000 2.925000 0.027800
3.113000 2.925000 0.027640
3.188000 2.925000 0.027490
3.263000 2.925000 0.027350
3.338000 2.925000 0.027230
3.413000 2.925000 0.027120
3.488000 2.925000 0.027030
3.563000 2.925000 0.026960
3.638000 2.925000 0.026910
3.713000 2.925000 0.026870
3.788000 2.925000 0.026850
3.863000 2.925000 0.000000
-0.037500 3.075000 0.000000
0.037500 3.075000 0.020050
0.112500 3.075000 0.020060
0.187500 3.075000 0.020090
0.262500 3.075000 0.020120
0.337500 3.075000 0.020170
0.412500 3.075000 0.020220
0.487500 3.075000 0.020280
0.562500 3.075000 0.020350
0.637500 3.075000 0.020420
0.712500 3.075000 0.020500
0.787500 3.075000 0.020580
0.862500 3.075000 0.020660
0.937500 3.075000 0.020740
1.012000 3.075000 0.020820
1.087000 3.075000 0.020900
1.163000 3.075000 0.020970
1.238000 3.075000 0.021040
1.313000 3.075000 0.021090
1.388000 3.075000 0.021140
1.463000 3.075000 0.021180
1.538000 3.075000 0.021210
1.613000 3.075000 0.021220
1.688000 3.075000 0.021220
1.763000 3.075000 0.021210
1.838000 3.075000 0.021190
1.913000 3.075000 0.021150
1.988000 3.075000 0.021100
2.063000 3.075000 0.021040
2.138000 3.075000 0.020970
2.213000 3.075000 0.020880
2.288000 3.075000 0.020790
2.363000 3.075000 0.020690
2.438000 3.075000 0.020580
2.513000 3.075000 0.020460
2.588000 3.075000 0.020340
2.663000 3.075000 0.020220
2.738000 3.075000 0.020090
2.813000 3.075000 0.019960
2.888000 3.075000 0.019840
2.963000 3.075000 0.019720
3.038000 3.075000 0.019600
3.113000 3.075000 0.019490
3.188000 3.075000 0.019390
3.263000 3.075000 0.019300
3.338000 3.075000 0.019220
3.413000 3.075000 0.019150
3.488000 3.075000 0.019090
3.563000 3.075000 0.019040
3.638000 3.075000 0.019000
3.713000 3.075000 0.018970
3.788000 3.075000 0.018960
3.863000 3.075000 0.000000
-0.037500 3.225000 0.000000
0.037500 3.225000 0.014070
0.112500 3.225000 0.014080
0.187500 3.225000 0.014100
0.262500 3.225000 0.014120
0.337500 3.225000 0.014150
0.412500 3.225000 0.014180
0.487500 3.225000 0.014220
0.562500 3.225000 0.014260
0.637500 3.225000 0.014310
0.712500 3.225000 0.014360
0.787500 3.225000 0.014420
0.862500 3.225000 0.014470
0.937500 3.225000 0.014520
1.012000 3.225000 0.014570
1.087000 3.225000 0.014620
1.163000 3.225000 0.014670
1.238000 3.225000 0.014710
1.313000 3.225000 0.014750
1.388000 3.225000 0.014780
1.463000 3.225000 0.014800
1.538000 3.225000 0.014810
1.613000 3.225000 0.014820
1.688000 3.225000 0.014820
1.763000 3.225000 0.014810
1.838000 3.225000 0.014800
1.913000 3.225000 0.014770
1.988000 3.225000 0.014740
2.063000 3.225000 0.014690
2.138000 3.225000 0.014640
2.213000 3.225000 0.014590
2.288000 3.225000 0.014520
2.363000 3.225000 0.014450
2.438000 3.225000 0.014380
2.513000 3.225000 0.014300
2.588000 3.225000 0.014220
2.663000 3.225000 0.014130
2.738000 3.225000 0.014050
2.813000 3.225000 0.013960
2.888000 3.225000 0.013880
2.963000 3.225000 0.013800
3.038000 3.225000 0.013720
3.113000 3.225000 0.013650
3.188000 3.225000 0.013580
3.263000 3.225000 0.013520
3.338000 3.225000 0.013460
3.413000 3.225000 0.013410
3.488000 3.225000 0.013370
3.563000 3.225000 0.013340
3.638000 3.225000 0.013310
3.713000 3.225000 0.013290
3.788000 3.225000 0.013280
3.863000 3.225000 0.000000
-0.037500 3.375000 0.000000
0.037500 3.375000 0.009806
0.112500 3.375000 0.009810
0.187500 3.375000 0.009820
0.262500 3.375000 0.009833
0.337500 3.375000 0.009851
0.412500 3.375000 0.009873
0.487500 3.375000 0.009899
0.562500 3.375000 0.009927
0.637500 3.375000 0.009958
0.712500 3.375000 0.009990
0.787500 3.375000 0.010020
0.862500 3.375000 0.010060
0.937500 3.375000 0.010090
1.012000 3.375000 0.010120
1.087000 3.375000 0.010160
1.163000 3.375000 0.010180
1.238000 3.375000 0.010210
1.313000 3.375000 0.010230
1.388000 3.375000 0.010250
1.463000 3.375000 0.010270
1.538000 3.375000 0.010280
1.613000 3.375000 0.010280
1.688000 3.375000 0.010280
1.763000 3.375000 0.010270
1.838000 3.375000 0.010260
1.913000 3.375000 0.010240
1.988000 3.375000 0.010220
2.063000 3.375000 0.010190
2.138000 3.375000 0.010150
2.213000 3.375000 0.010110
2.288000 3.375000 0.010070
2.363000 3.375000 0.010020
2.438000 3.375000 0.009974
2.513000 3.375000 0.009921
2.588000 3.375000 0.009866
2.663000 3.375000 0.009810
2.738000 3.375000 0.009753
2.813000 3.375000 0.009696
2.888000 3.375000 0.009641
2.963000 3.375000 0.009586
3.038000 3.375000 0.009534
3.113000 3.375000 0.009485
3.188000 3.375000 0.009439
3.263000 3.375000 0.009397
3.338000 3.375000 0.009359
3.413000 3.375000 0.009326
3.488000 3.375000 0.009297
3.563000 3.375000 0.009273
3.638000 3.375000 0.009254
3.713000 3.375000 0.009239
3.788000 3.375000 0.009231
3.863000 3.375000 0.000000
-0.037500 3.525000 0.000000
0.037500 3.525000 0.006780
0.112500 3.525000 0.006783
0.187500 3.525000 0.006789
0.262500 3.525000 0.006797
0.337500 3.525000 0.006808
0.412500 3.525000 0.006822
0.487500 3.525000 0.006838
0.562500 3.525000 0.006856
0.637500 3.525000 0.006876
0.712500 3.525000 0.006897
0.787500 3.525000 0.006918
0.862500 3.525000 0.006940
0.937500 3.525000 0.006961
1.012000 3.525000 0.006982
1.087000 3.525000 0.007002
1.163000 3.525000 0.007020
1.238000 3.525000 0.007036
1.313000 3.525000 0.007050
1.388000 3.525000 0.007062
1.463000 3.525000 0.007070
1.538000 3.525000 0.007076
1.613000 3.525000 0.007077
1.688000 3.525000 0.007076
1.763000 3.525000 0.007070
1.838000 3.525000 0.007061
1.913000 3.525000 0.007049
1.988000 3.525000 0.007032
2.063000 3.525000 0.007012
2.138000 3.525000 0.006989
2.213000 3.525000 0.006963
2.288000 3.525000 0.006934
2.363000 3.525000 0.006902
2.438000 3.525000 0.006869
2.513000 3.525000 0.006833
2.588000 3.525000 0.006797
2.663000 3.525000 0.006759
2.738000 3.525000 0.006721
2.813000 3.525000 0.006684
2.888000 3.525000 0.006647
2.963000 3.525000 0.006611
3.038000 3.525000 0.006576
3.113000 3.525000 0.006543
3.188000 3.525000 0.006513
3.263000 3.525000 0.006484
3.338000 3.525000 0.006459
3.413000 3.525000 0.006437
3.488000 3.525000 0.006417
3.563000 3.525000 0.006401
3.638000 3.525000 0.006387
3.713000 3.525000 0.006376
3.788000 3.525000 0.006371
3.863000 3.525000 0.000000
-0.037500 3.675000 0.000000
0.037500 3.675000 0.004653
0.112500 3.675000 0.004655
0.187500 3.675000 0.004658
0.262500 3.675000 0.004664
0.337500 3.675000 0.004671
0.412500 3.675000 0.004679
0.487500 3.675000 0.004689
0.562500 3.675000 0.004701
0.637500 3.675000 0.004713
0.712500 3.675000 0.004726
0.787500 3.675000 0.004740
0.862500 3.675000 0.004753
0.937500 3.675000 0.004767
1.012000 3.675000 0.004780
1.087000 3.675000 0.004793
1.163000 3.675000 0.004804
1.238000 3.675000 0.004814
1.313000 3.675000 0.004823
1.388000 3.675000 0.004830
1.463000 3.675000 0.004835
1.538000 3.675000 0.004838
1.613000 3.675000 0.004838
1.688000 3.675000 0.004837
1.763000 3.675000 0.004833
1.838000 3.675000 0.004826
1.913000 3.675000 0.004817
1.988000 3.675000 0.004806
2.063000 3.675000 0.004793
2.138000 3.675000 0.004777
2.213000 3.675000 0.004759
2.288000 3.675000 0.004740
2.363000 3.675000 0.004719
2.438000 3.675000 0.004697
2.513000 3.675000 0.004673
2.588000 3.675000 0.004649
2.663000 3.675000 0.004624
2.738000 3.675000 0.004599
2.813000 3.675000 0.004574
2.888000 3.675000 0.004550
2.963000 3.675000 0.004526
3.038000 3.675000 0.004503
3.113000 3.675000 0.004481
3.188000 3.675000 0.004461
3.263000 3.675000 0.004442
3.338000 3.675000 0.004425
3.413000 3.675000 0.004410
3.488000 3.675000 0.004397
3.563000 3.675000 0.004386
3.638000 3.675000 0.004377
3.713000 3.675000 0.004369
3.788000 3.675000 0.004365
3.863000 3.675000 0.000000
-0.037500 3.825000 0.000000
0.037500 3.825000 0.003171
0.112500 3.825000 0.003172
0.187500 3.825000 0.003174
0.262500 3.825000 0.003177
0.337500 3.825000 0.003182
0.412500 3.825000 0.003187
0.487500 3.825000 0.003193
0.562500 3.825000 0.003201
0.637500 3.825000 0.003208
0.712500 3.825000 0.003217
0.787500 3.825000 0.003225
0.862500 3.825000 0.003234
0.937500 3.825000 0.003242
1.012000 3.825000 0.003250
1.087000 3.825000 0.003258
1.163000 3.825000 0.003265
1.238000 3.825000 0.003271
1.313000 3.825000 0.003276
1.388000 3.825000 0.003281
1.463000 3.825000 0.003283
1.538000 3.825000 0.003285
1.613000 3.825000 0.003285
1.688000 3.825000 0.003284
1.763000 3.825000 0.003281
1.838000 3.825000 0.003276
1.913000 3.825000 0.003270
1.988000 3.825000 0.003263
2.063000 3.825000 0.003254
2.138000 3.825000 0.003243
2.213000 3.825000 0.003231
2.288000 3.825000 0.003219
2.363000 3.825000 0.003205
2.438000 3.825000 0.003190
2.513000 3.825000 0.003174
2.588000 3.825000 0.003159
2.663000 3.825000 0.003142
2.738000 3.825000 0.003126
2.813000 3.825000 0.003109
2.888000 3.825000 0.003093
2.963000 3.825000 0.003078
3.038000 3.825000 0.003063
3.113000 3.825000 0.003048
3.188000 3.825000 0.003035
3.263000 3.825000 0.003022
3.338000 3.825000 0.003011
3.413000 3.825000 0.003001
3.488000 3.825000 0.002993
3.563000 3.825000 0.002985
3.638000 3.825000 0.002979
3.713000 3.825000 0.002974
3.788000 3.825000 0.002971
3.863000 3.825000 0.000000
-0.037500 3.975000 0.000000
0.037500 3.975000 0.002146
0.112500 3.975000 0.002147
0.187500 3.975000 0.002148
0.262500 3.975000 0.002150
0.337500 3.975000 0.002153
0.412500 3.975000 0.002156
0.487500 3.975000 0.002160
0.562500 3.975000 0.002165
0.637500 3.975000 0.002170
0.712500 3.975000 0.002175
0.787500 3.975000 0.002180
0.862500 3.975000 0.002185
0.937500 3.975000 0.002191
1.012000 3.975000 0.002196
1.087000 3.975000 0.002201
1.163000 3.975000 0.002205
1.238000 3.975000 0.002209
1.313000 3.975000 0.002212
1.388000 3.975000 0.002214
1.463000 3.975000 0.002216
1.538000 3.975000 0.002217
1.613000 3.975000 0.002216
1.688000 3.975000 0.002215
1.763000 3.975000 0.002213
1.838000 3.975000 0.002210
1.913000 3.975000 0.002206
1.988000 3.975000 0.002201
2.063000 3.975000 0.002195
2.138000 3.975000 0.002188
2.213000 3.975000 0.002180
2.288000 3.975000 0.002172
2.363000 3.975000 0.002163
2.438000 3.975000 0.002153
2.513000 3.975000 0.002143
2.588000 3.975000 0.002132
2.663000 3.975000 0.002122
2.738000 3.975000 0.002111
2.813000 3.975000 0.002100
2.888000 3.975000 0.002090
2.963000 3.975000 0.002079
3.038000 3.975000 0.002070
3.113000 3.975000 0.002060
3.188000 3.975000 0.002051
3.263000 3.975000 0.002043
3.338000 3.975000 0.002036
3.413000 3.975000 0.002029
3.488000 3.975000 0.002023
3.563000 3.975000 0.002018
3.638000 3.975000 0.002014
3.713000 3.975000 0.002011
3.788000 3.975000 0.002009
3.863000 3.975000 0.000000
-0.037500 4.125000 0.000000
0.037500 4.125000 0.001445
0.112500 4.125000 0.001445
0.187500 4.125000 0.001446
0.262500 4.125000 0.001447
0.337500 4.125000 0.001449
0.412500 4.125000 0.001451
0.487500 4.125000 0.001453
0.562500 4.125000 0.001456
0.637500 4.125000 0.001459
0.712500 4.125000 0.001462
0.787500 4.125000 0.001465
0.862500 4.125000 0.001469
0.937500 4.125000 0.001472
1.012000 4.125000 0.001475
1.087000 4.125000 0.001478
1.163000 4.125000 0.001481
1.238000 4.125000 0.001483
1.313000 4.125000 0.001485
1.388000 4.125000 0.001486
1.463000 4.125000 0.001487
1.538000 4.125000 0.001487
1.613000 4.125000 0.001487
1.688000 4.125000 0.001486
1.763000 4.125000 0.001485
1.838000 4.125000 0.001483
1.913000 4.125000 0.001480
1.988000 4.125000 0.001476
2.063000 4.125000 0.001472
2.138000 4.125000 0.001468
2.213000 4.125000 0.001463
2.288000 4.125000 0.001457
2.363000 4.125000 0.001451
2.438000 4.125000 0.001445
2.513000 4.125000 0.001438
2.588000 4.125000 0.001432
2.663000 4.125000 0.001425
2.738000 4.125000 0.001418
2.813000 4.125000 0.001411
2.888000 4.125000 0.001404
2.963000 4.125000 0.001397
3.038000 4.125000 0.001391
3.113000 4.125000 0.001385
3.188000 4.125000 0.001379
3.263000 4.125000 0.001374
3.338000 4.125000 0.001369
3.413000 4.125000 0.001364
3.488000 4.125000 0.001361
3.563000 4.125000 0.001357
3.638000 4.125000 0.001354
3.713000 4.125000 0.001352
3.788000 4.125000 0.001351
3.863000 4.125000 0.000000
-0.037500 4.275000 0.000000
0.037500 4.275000 0.000968
0.112500 4.275000 0.000968
0.187500 4.275000 0.000969
0.262500 4.275000 0.000970
0.337500 4.275000 0.000971
0.412500 4.275000 0.000972
0.487500 4.275000 0.000974
0.562500 4.275000 0.000975
0.637500 4.275000 0.000977
0.712500 4.275000 0.000979
0.787500 4.275000 0.000981
0.862500 4.275000 0.000983
0.937500 4.275000 0.000985
1.012000 4.275000 0.000987
1.087000 4.275000 0.000989
1.163000 4.275000 0.000990
1.238000 4.275000 0.000992
1.313000 4.275000 0.000993
1.388000 4.275000 0.000994
1.463000 4.275000 0.000994
1.538000 4.275000 0.000994
1.613000 4.275000 0.000994
1.688000 4.275000 0.000993
1.763000 4.275000 0.000992
1.838000 4.275000 0.000991
1.913000 4.275000 0.000989
1.988000 4.275000 0.000987
2.063000 4.275000 0.000984
2.138000 4.275000 0.000981
2.213000 4.275000 0.000978
2.288000 4.275000 0.000974
2.363000 4.275000 0.000970
2.438000 4.275000 0.000966
2.513000 4.275000 0.000962
2.588000 4.275000 0.000957
2.663000 4.275000 0.000953
2.738000 4.275000 0.000948
2.813000 4.275000 0.000944
2.888000 4.275000 0.000939
2.963000 4.275000 0.000935
3.038000 4.275000 0.000931
3.113000 4.275000 0.000927
3.188000 4.275000 0.000923
3.263000 4.275000 0.000920
3.338000 4.275000 0.000917
3.413000 4.275000 0.000914
3.488000 4.275000 0.000911
3.563000 4.275000 0.000909
3.638000 4.275000 0.000907
3.713000 4.275000 0.000906
3.788000 4.275000 0.000905
3.863000 4.275000 0.000000
-0.037500 4.425000 0.000000
0.037500 4.425000 0.000649
0.112500 4.425000 0.000649
0.187500 4.425000 0.000649
0.262500 4.425000 0.000650
0.337500 4.425000 0.000650
0.412500 4.425000 0.000651
0.487500 4.425000 0.000652
0.562500 4.425000 0.000653
0.637500 4.425000 0.000654
0.712500 4.425000 0.000655
0.787500 4.425000 0.000657
0.862500 4.425000 0.000658
0.937500 4.425000 0.000659
1.012000 4.425000 0.000660
1.087000 4.425000 0.000661
1.163000 4.425000 0.000662
1.238000 4.425000 0.000663
1.313000 4.425000 0.000664
1.388000 4.425000 0.000664
1.463000 4.425000 0.000664
1.538000 4.425000 0.000664
1.613000 4.425000 0.000664
1.688000 4.425000 0.000664
1.763000 4.425000 0.000663
1.838000 4.425000 0.000662
1.913000 4.425000 0.000661
1.988000 4.425000 0.000659
2.063000 4.425000 0.000658
2.138000 4.425000 0.000656
2.213000 4.425000 0.000653
2.288000 4.425000 0.000651
2.363000 4.425000 0.000648
2.438000 4.425000 0.000646
2.513000 4.425000 0.000643
2.588000 4.425000 0.000640
2.663000 4.425000 0.000637
2.738000 4.425000 0.000634
2.813000 4.425000 0.000631
2.888000 4.425000 0.000629
2.963000 4.425000 0.000626
3.038000 4.425000 0.000623
3.113000 4.425000 0.000620
3.188000 4.425000 0.000618
3.263000 4.425000 0.000616
3.338000 4.425000 0.000614
3.413000 4.425000 0.000612
3.488000 4.425000 0.000610
3.563000 4.425000 0.000609
3.638000 4.425000 0.000608
3.713000 4.425000 0.000607
3.788000 4.425000 0.000606
3.863000 4.425000 0.000000
-0.037500 4.575000 0.000000
0.037500 4.575000 0.000438
0.112500 4.575000 0.000438
0.187500 4.575000 0.000439
0.262500 4.575000 0.000439
0.337500 4.575000 0.000439
0.412500 4.575000 0.000440
0.487500 4.575000 0.000440
0.562500 4.575000 0.000441
0.637500 4.575000 0.000442
0.712500 4.575000 0.000442
0.787500 4.575000 0.000443
0.862500 4.575000 0.000444
0.937500 4.575000 0.000445
1.012000 4.575000 0.000445
1.087000 4.575000 0.000446
1.163000 4.575000 0.000447
1.238000 4.575000 0.000447
1.313000 4.575000 0.000448
1.388000 4.575000 0.000448
1.463000 4.575000 0.000448
1.538000 4.575000 0.000448
1.613000 4.575000 0.000448
1.688000 4.575000 0.000447
1.763000 4.575000 0.000447
1.838000 4.575000 0.000446
1.913000 4.575000 0.000445
1.988000 4.575000 0.000444
2.063000 4.575000 0.000443
2.138000 4.575000 0.000442
2.213000 4.575000 0.000440
2.288000 4.575000 0.000439
2.363000 4.575000 0.000437
2.438000 4.575000 0.000435
2.513000 4.575000 0.000434
2.588000 4.575000 0.000432
2.663000 4.575000 0.000430
2.738000 4.575000 0.000428
2.813000 4.575000 0.000426
2.888000 4.575000 0.000424
2.963000 4.575000 0.000422
3.038000 4.575000 0.000421
3.113000 4.575000 0.000419
3.188000 4.575000 0.000417
3.263000 4.575000 0.000416
3.338000 4.575000 0.000414
3.413000 4.575000 0.000413
3.488000 4.575000 0.000412
3.563000 4.575000 0.000411
3.638000 4.575000 0.000410
3.713000 4.575000 0.000410
3.788000 4.575000 0.000409
3.863000 4.575000 0.000000
-0.037500 4.725000 0.000000
0.037500 4.725000 0.000304
0.112500 4.725000 0.000304
0.187500 4.725000 0.000305
0.262500 4.725000 0.000305
0.337500 4.725000 0.000305
0.412500 4.725000 0.000305
0.487500 4.725000 0.000306
0.562500 4.725000 0.000306
0.637500 4.725000 0.000307
0.712500 4.725000 0.000307
0.787500 4.725000 0.000308
0.862500 4.725000 0.000308
0.937500 4.725000 0.000308
1.012000 4.725000 0.000309
1.087000 4.725000 0.000309
1.163000 4.725000 0.000310
1.238000 4.725000 0.000310
1.313000 4.725000 0.000310
1.388000 4.725000 0.000310
1.463000 4.725000 0.000310
1.538000 4.725000 0.000310
1.613000 4.725000 0.000310
1.688000 4.725000 0.000310
1.763000 4.725000 0.000309
1.838000 4.725000 0.000309
1.913000 4.725000 0.000308
1.988000 4.725000 0.000308
2.063000 4.725000 0.000307
2.138000 4.725000 0.000306
2.213000 4.725000 0.000305
2.288000 4.725000 0.000304
2.363000 4.725000 0.000303
2.438000 4.725000 0.000302
2.513000 4.725000 0.000300
2.588000 4.725000 0.000299
2.663000 4.725000 0.000298
2.738000 4.725000 0.000297
2.813000 4.725000 0.000295
2.888000 4.725000 0.000294
2.963000 4.725000 0.000293
3.038000 4.725000 0.000292
3.113000 4.725000 0.000291
3.188000 4.725000 0.000289
3.263000 4.725000 0.000289
3.338000 4.725000 0.000288
3.413000 4.725000 0.000287
3.488000 4.725000 0.000286
3.563000 4.725000 0.000285
3.638000 4.725000 0.000285
3.713000 4.725000 0.000284
3.788000 4.725000 0.000284
3.863000 4.725000 0.000000
-0.037500 4.875000 0.000000
0.037500 4.875000 0.000225
0.112500 4.875000 0.000226
0.187500 4.875000 0.000226
0.262500 4.875000 0.000226
0.337500 4.875000 0.000226
0.412500 4.875000 0.000226
0.487500 4.875000 0.000226
0.562500 4.875000 0.000227
0.637500 4.875000 0.000227
0.712500 4.875000 0.000227
0.787500 4.875000 0.000228
0.862500 4.875000 0.000228
0.937500 4.875000 0.000228
1.012000 4.875000 0.000228
1.087000 4.875000 0.000229
1.163000 4.875000 0.000229
1.238000 4.875000 0.000229
1.313000 4.875000 0.000229
1.388000 4.875000 0.000229
1.463000 4.875000 0.000229
1.538000 4.875000 0.000229
1.613000 4.875000 0.000229
1.688000 4.875000 0.000229
1.763000 4.875000 0.000229
1.838000 4.875000 0.000228
1.913000 4.875000 0.000228
1.988000 4.875000 0.000227
2.063000 4.875000 0.000227
2.138000 4.875000 0.000226
2.213000 4.875000 0.000225
2.288000 4.875000 0.000225
2.363000 4.875000 0.000224
2.438000 4.875000 0.000223
2.513000 4.875000 0.000222
2.588000 4.875000 0.000221
2.663000 4.875000 0.000220
2.738000 4.875000 0.000219
2.813000 4.875000 0.000219
2.888000 4.875000 0.000218
2.963000 4.875000 0.000217
3.038000 4.875000 0.000216
3.113000 4.875000 0.000215
3.188000 4.875000 0.000214
3.263000 4.875000 0.000214
3.338000 4.875000 0.000213
3.413000 4.875000 0.000212
3.488000 4.875000 0.000212
3.563000 4.875000 0.000211
3.638000 4.875000 0.000211
3.713000 4.875000 0.000211
3.788000 4.875000 0.000210
3.863000 4.875000 0.000000
-0.037500 5.025000 0.000000
0.037500 5.025000 0.000189
0.112500 5.025000 0.000189
0.187500 5.025000 0.000189
0.262500 5.025000 0.000189
0.337500 5.025000 0.000189
0.412500 5.025000 0.000190
0.487500 5.025000 0.000190
0.562500 5.025000 0.000190
0.637500 5.025000 0.000190
0.712500 5.025000 0.000190
0.787500 5.025000 0.000191
0.862500 5.025000 0.000191
0.937500 5.025000 0.000191
1.012000 5.025000 0.000191
1.087000 5.025000 0.000192
1.163000 5.025000 0.000192
1.238000 5.025000 0.000192
1.313000 5.025000 0.000192
1.388000 5.025000 0.000192
1.463000 5.025000 0.000192
1.538000 5.025000 0.000192
1.613000 5.025000 0.000192
1.688000 5.025000 0.000192
1.763000 5.025000 0.000191
1.838000 5.025000 0.000191
1.913000 5.025000 0.000191
1.988000 5.025000 0.000190
2.063000 5.025000 0.000190
2.138000 5.025000 0.000189
2.213000 5.025000 0.000189
2.288000 5.025000 0.000188
2.363000 5.025000 0.000187
2.438000 5.025000 0.000187
2.513000 5.025000 0.000186
2.588000 5.025000 0.000185
2.663000 5.025000 0.000184
2.738000 5.025000 0.000184
2.813000 5.025000 0.000183
2.888000 5.025000 0.000182
2.963000 5.025000 0.000182
3.038000 5.025000 0.000181
3.113000 5.025000 0.000180
3.188000 5.025000 0.000180
3.263000 5.025000 0.000179
3.338000 5.025000 0.000179
3.413000 5.025000 0.000178
3.488000 5.025000 0.000177
3.563000 5.025000 0.000177
3.638000 5.025000 0.000177
3.713000 5.025000 0.000177
3.788000 5.025000 0.000176
3.863000 5.025000 0.000000
-0.037500 5.175000 0.000000
0.037500 5.175000 0.000000
0.112500 5.175000 0.000000
0.187500 5.175000 0.000000
0.262500 5.175000 0.000000
0.337500 5.175000 0.000000
0.412500 5.175000 0.000000
0.487500 5.175000 0.000000
0.562500 5.175000 0.000000
0.637500 5.175000 0.000000
0.712500 5.175000 0.000000
0.787500 5.175000 0.000000
0.862500 5.175000 0.000000
0.937500 5.175000 0.000000
1.012000 5.175000 0.000000
1.087000 5.175000 0.000000
1.163000 5.175000 0.000000
1.238000 5.175000 0.000000
1.313000 5.175000 0.000000
1.388000 5.175000 0.000000
1.463000 5.175000 0.000000
1.538000 5.175000 0.000000
1.613000 5.175000 0.000000
1.688000 5.175000 0.000000
1.763000 5.175000 0.000000
1.838000 5.175000 0.000000
1.913000 5.175000 0.000000
1.988000 5.175000 0.000000
2.063000 5.175000 0.000000
2.138000 5.175000 0.000000
2.213000 5.175000 0.000000
2.288000 5.175000 0.000000
2.363000 5.175000 0.000000
2.438000 5.175000 0.000000
2.513000 5.175000 0.000000
2.588000 5.175000 0.000000
2.663000 5.175000 0.000000
2.738000 5.175000 0.000000
2.813000 5.175000 0.000000
2.888000 5.175000 0.000000
2.963000 5.175000 0.000000
3.038000 5.175000 0.000000
3.113000 5.175000 0.000000
3.188000 5.175000 0.000000
3.263000 5.175000 0.000000
3.338000 5.175000 0.000000
3.413000 5.175000 0.000000
3.488000 5.175000 0.000000
3.563000 5.175000 0.000000
3.638000 5.175000 0.000000
3.713000 5.175000 0.000000
3.788000 5.175000 0.000000
3.863000 5.175000 0.000000
