-0.037500 -0.075000 0.000000
0.037500 -0.075000 0.000000
0.112500 -0.075000 0.000000
0.187500 -0.075000 0.000000
0.262500 -0.075000 0.000000
0.337500 -0.075000 0.000000
0.412500 -0.075000 0.000000
0.487500 -0.075000 0.000000
0.562500 -0.075000 0.000000
0.637500 -0.075000 0.000000
0.712500 -0.075000 0.000000
0.787500 -0.075000 0.000000
0.862500 -0.075000 0.000000
0.937500 -0.075000 0.000000
1.012000 -0.075000 0.000000
1.087000 -0.075000 0.000000
1.163000 -0.075000 0.000000
1.238000 -0.075000 0.000000
1.313000 -0.075000 0.000000
1.388000 -0.075000 0.000000
1.463000 -0.075000 0.000000
1.538000 -0.075000 0.000000
1.613000 -0.075000 0.000000
1.688000 -0.075000 0.000000
1.763000 -0.075000 0.000000
1.838000 -0.075000 0.000000
1.913000 -0.075000 0.000000
1.988000 -0.075000 0.000000
2.063000 -0.075000 0.000000
2.138000 -0.075000 0.000000
2.213000 -0.075000 0.000000
2.288000 -0.075000 0.000000
2.363000 -0.075000 0.000000
2.438000 -0.075000 0.000000
2.513000 -0.075000 0.000000
2.588000 -0.075000 0.000000
2.663000 -0.075000 0.000000
2.738000 -0.075000 0.000000
2.813000 -0.075000 0.000000
2.888000 -0.075000 0.000000
2.963000 -0.075000 0.000000
3.038000 -0.075000 0.000000
3.113000 -0.075000 0.000000
3.188000 -0.075000 0.000000
3.263000 -0.075000 0.000000
3.338000 -0.075000 0.000000
3.413000 -0.075000 0.000000
3.488000 -0.075000 0.000000
3.563000 -0.075000 0.000000
3.638000 -0.075000 0.000000
3.713000 -0.075000 0.000000
3.788000 -0.075000 0.000000
3.863000 -0.075000 0.000000
-0.037500 0.075000 0.000000
0.037500 0.075000 0.000010
0.112500 0.075000 0.000010
0.187500 0.075000 0.000020
0.262500 0.075000 0.000020
0.337500 0.075000 0.000030
0.412500 0.075000 0.000040
0.487500 0.075000 0.000040
0.562500 0.075000 0.000050
0.637500 0.075000 0.000060
0.712500 0.075000 0.000060
0.787500 0.075000 0.000070
0.862500 0.075000 0.000070
0.937500 0.075000 0.000080
1.012000 0.075000 0.000090
1.087000 0.075000 0.000090
1.163000 0.075000 0.000100
1.238000 0.075000 0.000100
1.313000 0.075000 0.000110
1.388000 0.075000 0.000110
1.463000 0.075000 0.000120
1.538000 0.075000 0.000120
1.613000 0.075000 0.000120
1.688000 0.075000 0.000130
1.763000 0.075000 0.000130
1.838000 0.075000 0.000130
1.913000 0.075000 0.000130
1.988000 0.075000 0.000130
2.063000 0.075000 0.000130
2.138000 0.075000 0.000130
2.213000 0.075000 0.000130
2.288000 0.075000 0.000120
2.363000 0.075000 0.000120
2.438000 0.075000 0.000120
2.513000 0.075000 0.000110
2.588000 0.075000 0.000110
2.663000 0.075000 0.000110
2.738000 0.075000 0.000100
2.813000 0.075000 0.000100
2.888000 0.075000 0.000100
2.963000 0.075000 0.000090
3.038000 0.075000 0.000090
3.113000 0.075000 0.000090
3.188000 0.075000 0.000080
3.263000 0.075000 0.000080
3.338000 0.075000 0.000080
3.413000 0.075000 0.000070
3.488000 0.075000 0.000070
3.563000 0.075000 0.000070
3.638000 0.075000 0.000070
3.713000 0.075000 0.000060
3.788000 0.075000 0.000060
3.863000 0.075000 0.000000
-0.037500 0.225000 0.000000
0.037500 0.225000 0.000010
0.112500 0.225000 0.000010
0.187500 0.225000 0.000020
0.262500 0.225000 0.000020
0.337500 0.225000 0.000030
0.412500 0.225000 0.000040
0.487500 0.225000 0.000040
0.562500 0.225000 0.000050
0.637500 0.225000 0.000060
0.712500 0.225000 0.000060
0.787500 0.225000 0.000070
0.862500 0.225000 0.000070
0.937500 0.225000 0.000080
1.012000 0.225000 0.000090
1.087000 0.225000 0.000090
1.163000 0.225000 0.000100
1.238000 0.225000 0.000100
1.313000 0.225000 0.000110
1.388000 0.225000 0.000110
1.463000 0.225000 0.000120
1.538000 0.225000 0.000120
1.613000 0.225000 0.000120
1.688000 0.225000 0.000130
1.763000 0.225000 0.000130
1.838000 0.225000 0.000130
1.913000 0.225000 0.000130
1.988000 0.225000 0.000130
2.063000 0.225000 0.000130
2.138000 0.225000 0.000130
2.213000 0.225000 0.000130
2.288000 0.225000 0.000120
2.363000 0.225000 0.000120
2.438000 0.225000 0.000120
2.513000 0.225000 0.000110
2.588000 0.225000 0.000110
2.663000 0.225000 0.000110
2.738000 0.225000 0.000100
2.813000 0.225000 0.000100
2.888000 0.225000 0.000100
2.963000 0.225000 0.000090
3.038000 0.225000 0.000090
3.113000 0.225000 0.000090
3.188000 0.225000 0.000080
3.263000 0.225000 0.000080
3.338000 0.225000 0.000080
3.413000 0.225000 0.000070
3.488000 0.225000 0.000070
3.563000 0.225000 0.000070
3.638000 0.225000 0.000070
3.713000 0.225000 0.000060
3.788000 0.225000 0.000060
3.863000 0.225000 0.000000
-0.037500 0.375000 0.000000
0.037500 0.375000 0.046960
0.112500 0.375000 0.046920
0.187500 0.375000 0.046900
0.262500 0.375000 0.046900
0.337500 0.375000 0.046890
0.412500 0.375000 0.046890
0.487500 0.375000 0.046890
0.562500 0.375000 0.046890
0.637500 0.375000 0.046880
0.712500 0.375000 0.046880
0.787500 0.375000 0.046870
0.862500 0.375000 0.046860
0.937500 0.375000 0.046840
1.012000 0.375000 0.046830
1.087000 0.375000 0.046810
1.163000 0.375000 0.046790
1.238000 0.375000 0.046760
1.313000 0.375000 0.046740
1.388000 0.375000 0.046700
1.463000 0.375000 0.046670
1.538000 0.375000 0.046630
1.613000 0.375000 0.046580
1.688000 0.375000 0.046540
1.763000 0.375000 0.046480
1.838000 0.375000 0.046430
1.913000 0.375000 0.046370
1.988000 0.375000 0.046300
2.063000 0.375000 0.046240
2.138000 0.375000 0.046170
2.213000 0.375000 0.046100
2.288000 0.375000 0.046030
2.363000 0.375000 0.045950
2.438000 0.375000 0.045880
2.513000 0.375000 0.045800
2.588000 0.375000 0.045730
2.663000 0.375000 0.045660
2.738000 0.375000 0.045580
2.813000 0.375000 0.045510
2.888000 0.375000 0.045440
2.963000 0.375000 0.045380
3.038000 0.375000 0.045310
3.113000 0.375000 0.045260
3.188000 0.375000 0.045200
3.263000 0.375000 0.045150
3.338000 0.375000 0.045110
3.413000 0.375000 0.045070
3.488000 0.375000 0.045030
3.563000 0.375000 0.045010
3.638000 0.375000 0.044990
3.713000 0.375000 0.044980
3.788000 0.375000 0.044990
3.863000 0.375000 0.000000
-0.037500 0.525000 0.000000
0.037500 0.525000 0.091720
0.112500 0.525000 0.091710
0.187500 0.525000 0.091710
0.262500 0.525000 0.091720
0.337500 0.525000 0.091720
0.412500 0.525000 0.091710
0.487500 0.525000 0.091710
0.562500 0.525000 0.091700
0.637500 0.525000 0.091680
0.712500 0.525000 0.091660
0.787500 0.525000 0.091640
0.862500 0.525000 0.091610
0.937500 0.525000 0.091580
1.012000 0.525000 0.091540
1.087000 0.525000 0.091500
1.163000 0.525000 0.091450
1.238000 0.525000 0.091390
1.313000 0.525000 0.091330
1.388000 0.525000 0.091260
1.463000 0.525000 0.091180
1.538000 0.525000 0.091100
1.613000 0.525000 0.091010
1.688000 0.525000 0.090910
1.763000 0.525000 0.090800
1.838000 0.525000 0.090690
1.913000 0.525000 0.090580
1.988000 0.525000 0.090460
2.063000 0.525000 0.090330
2.138000 0.525000 0.090200
2.213000 0.525000 0.090070
2.288000 0.525000 0.089930
2.363000 0.525000 0.089790
2.438000 0.525000 0.089650
2.513000 0.525000 0.089520
2.588000 0.525000 0.089380
2.663000 0.525000 0.089240
2.738000 0.525000 0.089100
2.813000 0.525000 0.088970
2.888000 0.525000 0.088850
2.963000 0.525000 0.088730
3.038000 0.525000 0.088610
3.113000 0.525000 0.088500
3.188000 0.525000 0.088400
3.263000 0.525000 0.088310
3.338000 0.525000 0.088230
3.413000 0.525000 0.088150
3.488000 0.525000 0.088090
3.563000 0.525000 0.088040
3.638000 0.525000 0.088010
3.713000 0.525000 0.088000
3.788000 0.525000 0.088030
3.863000 0.525000 0.000000
-0.037500 0.675000 0.000000
0.037500 0.675000 0.119000
0.112500 0.675000 0.119000
0.187500 0.675000 0.119000
0.262500 0.675000 0.119000
0.337500 0.675000 0.119000
0.412500 0.675000 0.119000
0.487500 0.675000 0.119000
0.562500 0.675000 0.119000
0.637500 0.675000 0.119000
0.712500 0.675000 0.118900
0.787500 0.675000 0.118900
0.862500 0.675000 0.118900
0.937500 0.675000 0.118800
1.012000 0.675000 0.118800
1.087000 0.675000 0.118700
1.163000 0.675000 0.118600
1.238000 0.675000 0.118500
1.313000 0.675000 0.118500
1.388000 0.675000 0.118400
1.463000 0.675000 0.118300
1.538000 0.675000 0.118100
1.613000 0.675000 0.118000
1.688000 0.675000 0.117900
1.763000 0.675000 0.117800
1.838000 0.675000 0.117600
1.913000 0.675000 0.117500
1.988000 0.675000 0.117300
2.063000 0.675000 0.117200
2.138000 0.675000 0.117000
2.213000 0.675000 0.116800
2.288000 0.675000 0.116700
2.363000 0.675000 0.116500
2.438000 0.675000 0.116300
2.513000 0.675000 0.116100
2.588000 0.675000 0.116000
2.663000 0.675000 0.115800
2.738000 0.675000 0.115600
2.813000 0.675000 0.115400
2.888000 0.675000 0.115300
2.963000 0.675000 0.115100
3.038000 0.675000 0.115000
3.113000 0.675000 0.114900
3.188000 0.675000 0.114700
3.263000 0.675000 0.114600
3.338000 0.675000 0.114500
3.413000 0.675000 0.114400
3.488000 0.675000 0.114300
3.563000 0.675000 0.114300
3.638000 0.675000 0.114200
3.713000 0.675000 0.114200
3.788000 0.675000 0.114200
3.863000 0.675000 0.000000
-0.037500 0.825000 0.000000
0.037500 0.825000 0.131100
0.112500 0.825000 0.131100
0.187500 0.825000 0.131100
0.262500 0.825000 0.131100
0.337500 0.825000 0.131100
0.412500 0.825000 0.131100
0.487500 0.825000 0.131000
0.562500 0.825000 0.131000
0.637500 0.825000 0.131000
0.712500 0.825000 0.131000
0.787500 0.825000 0.130900
0.862500 0.825000 0.130900
0.937500 0.825000 0.130800
1.012000 0.825000 0.130700
1.087000 0.825000 0.130700
1.163000 0.825000 0.130600
1.238000 0.825000 0.130500
1.313000 0.825000 0.130400
1.388000 0.825000 0.130300
1.463000 0.825000 0.130200
1.538000 0.825000 0.130100
1.613000 0.825000 0.129900
1.688000 0.825000 0.129800
1.763000 0.825000 0.129700
1.838000 0.825000 0.129500
1.913000 0.825000 0.129300
1.988000 0.825000 0.129200
2.063000 0.825000 0.129000
2.138000 0.825000 0.128800
2.213000 0.825000 0.128600
2.288000 0.825000 0.128400
2.363000 0.825000 0.128200
2.438000 0.825000 0.128000
2.513000 0.825000 0.127800
2.588000 0.825000 0.127700
2.663000 0.825000 0.127500
2.738000 0.825000 0.127300
2.813000 0.825000 0.127100
2.888000 0.825000 0.126900
2.963000 0.825000 0.126800
3.038000 0.825000 0.126600
3.113000 0.825000 0.126400
3.188000 0.825000 0.126300
3.263000 0.825000 0.126200
3.338000 0.825000 0.126100
3.413000 0.825000 0.126000
3.488000 0.825000 0.125900
3.563000 0.825000 0.125800
3.638000 0.825000 0.125700
3.713000 0.825000 0.125700
3.788000 0.825000 0.125700
3.863000 0.825000 0.000000
-0.037500 0.975000 0.000000
0.037500 0.975000 0.141600
0.112500 0.975000 0.141600
0.187500 0.975000 0.141500
0.262500 0.975000 0.141500
0.337500 0.975000 0.141500
0.412500 0.975000 0.141500
0.487500 0.975000 0.141500
0.562500 0.975000 0.141400
0.637500 0.975000 0.141400
0.712500 0.975000 0.141400
0.787500 0.975000 0.141300
0.862500 0.975000 0.141300
0.937500 0.975000 0.141200
1.012000 0.975000 0.141100
1.087000 0.975000 0.141100
1.163000 0.975000 0.141000
1.238000 0.975000 0.140900
1.313000 0.975000 0.140800
1.388000 0.975000 0.140700
1.463000 0.975000 0.140500
1.538000 0.975000 0.140400
1.613000 0.975000 0.140300
1.688000 0.975000 0.140100
1.763000 0.975000 0.139900
1.838000 0.975000 0.139800
1.913000 0.975000 0.139600
1.988000 0.975000 0.139400
2.063000 0.975000 0.139200
2.138000 0.975000 0.139000
2.213000 0.975000 0.138800
2.288000 0.975000 0.138600
2.363000 0.975000 0.138400
2.438000 0.975000 0.138200
2.513000 0.975000 0.138000
2.588000 0.975000 0.137800
2.663000 0.975000 0.137600
2.738000 0.975000 0.137400
2.813000 0.975000 0.137200
2.888000 0.975000 0.137000
2.963000 0.975000 0.136800
3.038000 0.975000 0.136600
3.113000 0.975000 0.136400
3.188000 0.975000 0.136300
3.263000 0.975000 0.136200
3.338000 0.975000 0.136000
3.413000 0.975000 0.135900
3.488000 0.975000 0.135800
3.563000 0.975000 0.135700
3.638000 0.975000 0.135600
3.713000 0.975000 0.135600
3.788000 0.975000 0.135600
3.863000 0.975000 0.000000
-0.037500 1.125000 0.000000
0.037500 1.125000 0.150100
0.112500 1.125000 0.150100
0.187500 1.125000 0.150100
0.262500 1.125000 0.150000
0.337500 1.125000 0.150000
0.412500 1.125000 0.150000
0.487500 1.125000 0.150000
0.562500 1.125000 0.149900
0.637500 1.125000 0.149900
0.712500 1.125000 0.149900
0.787500 1.125000 0.149800
0.862500 1.125000 0.149800
0.937500 1.125000 0.149700
1.012000 1.125000 0.149600
1.087000 1.125000 0.149500
1.163000 1.125000 0.149400
1.238000 1.125000 0.149300
1.313000 1.125000 0.149200
1.388000 1.125000 0.149100
1.463000 1.125000 0.149000
1.538000 1.125000 0.148800
1.613000 1.125000 0.148700
1.688000 1.125000 0.148500
1.763000 1.125000 0.148300
1.838000 1.125000 0.148200
1.913000 1.125000 0.148000
1.988000 1.125000 0.147800
2.063000 1.125000 0.147600
2.138000 1.125000 0.147300
2.213000 1.125000 0.147100
2.288000 1.125000 0.146900
2.363000 1.125000 0.146700
2.438000 1.125000 0.146400
2.513000 1.125000 0.146200
2.588000 1.125000 0.146000
2.663000 1.125000 0.145800
2.738000 1.125000 0.145600
2.813000 1.125000 0.145300
2.888000 1.125000 0.145100
2.963000 1.125000 0.144900
3.038000 1.125000 0.144800
3.113000 1.125000 0.144600
3.188000 1.125000 0.144400
3.263000 1.125000 0.144300
3.338000 1.125000 0.144100
3.413000 1.125000 0.144000
3.488000 1.125000 0.143900
3.563000 1.125000 0.143800
3.638000 1.125000 0.143700
3.713000 1.125000 0.143700
3.788000 1.125000 0.143700
3.863000 1.125000 0.000000
-0.037500 1.275000 0.000000
0.037500 1.275000 0.163700
0.112500 1.275000 0.163600
0.187500 1.275000 0.163600
0.262500 1.275000 0.163600
0.337500 1.275000 0.163600
0.412500 1.275000 0.163500
0.487500 1.275000 0.163500
0.562500 1.275000 0.163500
0.637500 1.275000 0.163400
0.712500 1.275000 0.163400
0.787500 1.275000 0.163300
0.862500 1.275000 0.163300
0.937500 1.275000 0.163200
1.012000 1.275000 0.163100
1.087000 1.275000 0.163100
1.163000 1.275000 0.163000
1.238000 1.275000 0.162900
1.313000 1.275000 0.162700
1.388000 1.275000 0.162600
1.463000 1.275000 0.162500
1.538000 1.275000 0.162300
1.613000 1.275000 0.162100
1.688000 1.275000 0.162000
1.763000 1.275000 0.161800
1.838000 1.275000 0.161600
1.913000 1.275000 0.161300
1.988000 1.275000 0.161100
2.063000 1.275000 0.160900
2.138000 1.275000 0.160600
2.213000 1.275000 0.160400
2.288000 1.275000 0.160100
2.363000 1.275000 0.159900
2.438000 1.275000 0.159600
2.513000 1.275000 0.159400
2.588000 1.275000 0.159100
2.663000 1.275000 0.158800
2.738000 1.275000 0.158600
2.813000 1.275000 0.158400
2.888000 1.275000 0.158100
2.963000 1.275000 0.157900
3.038000 1.275000 0.157700
3.113000 1.275000 0.157500
3.188000 1.275000 0.157300
3.263000 1.275000 0.157100
3.338000 1.275000 0.157000
3.413000 1.275000 0.156800
3.488000 1.275000 0.156700
3.563000 1.275000 0.156600
3.638000 1.275000 0.156600
3.713000 1.275000 0.156500
3.788000 1.275000 0.156600
3.863000 1.275000 0.000000
-0.037500 1.425000 0.000000
0.037500 1.425000 0.177900
0.112500 1.425000 0.177900
0.187500 1.425000 0.177900
0.262500 1.425000 0.177800
0.337500 1.425000 0.177800
0.412500 1.425000 0.177800
0.487500 1.425000 0.177800
0.562500 1.425000 0.177800
0.637500 1.425000 0.177700
0.712500 1.425000 0.177700
0.787500 1.425000 0.177600
0.862500 1.425000 0.177600
0.937500 1.425000 0.177500
1.012000 1.425000 0.177400
1.087000 1.425000 0.177300
1.163000 1.425000 0.177200
1.238000 1.425000 0.177100
1.313000 1.425000 0.177000
1.388000 1.425000 0.176900
1.463000 1.425000 0.176700
1.538000 1.425000 0.176500
1.613000 1.425000 0.176400
1.688000 1.425000 0.176200
1.763000 1.425000 0.175900
1.838000 1.425000 0.175700
1.913000 1.425000 0.175500
1.988000 1.425000 0.175200
2.063000 1.425000 0.175000
2.138000 1.425000 0.174700
2.213000 1.425000 0.174400
2.288000 1.425000 0.174100
2.363000 1.425000 0.173800
2.438000 1.425000 0.173500
2.513000 1.425000 0.173200
2.588000 1.425000 0.173000
2.663000 1.425000 0.172700
2.738000 1.425000 0.172400
2.813000 1.425000 0.172100
2.888000 1.425000 0.171800
2.963000 1.425000 0.171600
3.038000 1.425000 0.171400
3.113000 1.425000 0.171100
3.188000 1.425000 0.170900
3.263000 1.425000 0.170700
3.338000 1.425000 0.170600
3.413000 1.425000 0.170400
3.488000 1.425000 0.170300
3.563000 1.425000 0.170200
3.638000 1.425000 0.170200
3.713000 1.425000 0.170200
3.788000 1.425000 0.170300
3.863000 1.425000 0.000000
-0.037500 1.575000 0.000000
0.037500 1.575000 0.186400
0.112500 1.575000 0.186400
0.187500 1.575000 0.186400
0.262500 1.575000 0.186400
0.337500 1.575000 0.186400
0.412500 1.575000 0.186400
0.487500 1.575000 0.186400
0.562500 1.575000 0.186300
0.637500 1.575000 0.186300
0.712500 1.575000 0.186300
0.787500 1.575000 0.186200
0.862500 1.575000 0.186200
0.937500 1.575000 0.186100
1.012000 1.575000 0.186000
1.087000 1.575000 0.185900
1.163000 1.575000 0.185800
1.238000 1.575000 0.185700
1.313000 1.575000 0.185600
1.388000 1.575000 0.185400
1.463000 1.575000 0.185300
1.538000 1.575000 0.185100
1.613000 1.575000 0.184900
1.688000 1.575000 0.184700
1.763000 1.575000 0.184500
1.838000 1.575000 0.184200
1.913000 1.575000 0.184000
1.988000 1.575000 0.183700
2.063000 1.575000 0.183400
2.138000 1.575000 0.183100
2.213000 1.575000 0.182800
2.288000 1.575000 0.182500
2.363000 1.575000 0.182200
2.438000 1.575000 0.181900
2.513000 1.575000 0.181600
2.588000 1.575000 0.181300
2.663000 1.575000 0.181000
2.738000 1.575000 0.180700
2.813000 1.575000 0.180400
2.888000 1.575000 0.180100
2.963000 1.575000 0.179900
3.038000 1.575000 0.179600
3.113000 1.575000 0.179400
3.188000 1.575000 0.179200
3.263000 1.575000 0.179000
3.338000 1.575000 0.178800
3.413000 1.575000 0.178700
3.488000 1.575000 0.178600
3.563000 1.575000 0.178500
3.638000 1.575000 0.178400
3.713000 1.575000 0.178400
3.788000 1.575000 0.178600
3.863000 1.575000 0.000000
-0.037500 1.725000 0.000000
0.037500 1.725000 0.189900
0.112500 1.725000 0.189900
0.187500 1.725000 0.189900
0.262500 1.725000 0.189900
0.337500 1.725000 0.189900
0.412500 1.725000 0.189800
0.487500 1.725000 0.189800
0.562500 1.725000 0.189800
0.637500 1.725000 0.189800
0.712500 1.725000 0.189700
0.787500 1.725000 0.189700
0.862500 1.725000 0.189600
0.937500 1.725000 0.189600
1.012000 1.725000 0.189500
1.087000 1.725000 0.189400
1.163000 1.725000 0.189300
1.238000 1.725000 0.189200
1.313000 1.725000 0.189000
1.388000 1.725000 0.188900
1.463000 1.725000 0.188700
1.538000 1.725000 0.188500
1.613000 1.725000 0.188300
1.688000 1.725000 0.188100
1.763000 1.725000 0.187900
1.838000 1.725000 0.187600
1.913000 1.725000 0.187400
1.988000 1.725000 0.187100
2.063000 1.725000 0.186800
2.138000 1.725000 0.186500
2.213000 1.725000 0.186200
2.288000 1.725000 0.185900
2.363000 1.725000 0.185600
2.438000 1.725000 0.185300
2.513000 1.725000 0.185000
2.588000 1.725000 0.184700
2.663000 1.725000 0.184400
2.738000 1.725000 0.184100
2.813000 1.725000 0.183800
2.888000 1.725000 0.183500
2.963000 1.725000 0.183200
3.038000 1.725000 0.183000
3.113000 1.725000 0.182800
3.188000 1.725000 0.182500
3.263000 1.725000 0.182400
3.338000 1.725000 0.182200
3.413000 1.725000 0.182100
3.488000 1.725000 0.181900
3.563000 1.725000 0.181900
3.638000 1.725000 0.181800
3.713000 1.725000 0.181800
3.788000 1.725000 0.181900
3.863000 1.725000 0.000000
-0.037500 1.875000 0.000000
0.037500 1.875000 0.188800
0.112500 1.875000 0.188800
0.187500 1.875000 0.188800
0.262500 1.875000 0.188800
0.337500 1.875000 0.188800
0.412500 1.875000 0.188700
0.487500 1.875000 0.188700
0.562500 1.875000 0.188700
0.637500 1.875000 0.188700
0.712500 1.875000 0.188600
0.787500 1.875000 0.188600
0.862500 1.875000 0.188500
0.937500 1.875000 0.188400
1.012000 1.875000 0.188300
1.087000 1.875000 0.188200
1.163000 1.875000 0.188100
1.238000 1.875000 0.188000
1.313000 1.875000 0.187900
1.388000 1.875000 0.187700
1.463000 1.875000 0.187600
1.538000 1.875000 0.187400
1.613000 1.875000 0.187200
1.688000 1.875000 0.187000
1.763000 1.875000 0.186700
1.838000 1.875000 0.186500
1.913000 1.875000 0.186300
1.988000 1.875000 0.186000
2.063000 1.875000 0.185700
2.138000 1.875000 0.185400
2.213000 1.875000 0.185100
2.288000 1.875000 0.184800
2.363000 1.875000 0.184500
2.438000 1.875000 0.184200
2.513000 1.875000 0.183900
2.588000 1.875000 0.183600
2.663000 1.875000 0.183300
2.738000 1.875000 0.183100
2.813000 1.875000 0.182800
2.888000 1.875000 0.182500
2.963000 1.875000 0.182300
3.038000 1.875000 0.182000
3.113000 1.875000 0.181800
3.188000 1.875000 0.181600
3.263000 1.875000 0.181400
3.338000 1.875000 0.181300
3.413000 1.875000 0.181100
3.488000 1.875000 0.181000
3.563000 1.875000 0.180900
3.638000 1.875000 0.180900
3.713000 1.875000 0.180900
3.788000 1.875000 0.181000
3.863000 1.875000 0.000000
-0.037500 2.025000 0.000000
0.037500 2.025000 0.183800
0.112500 2.025000 0.183800
0.187500 2.025000 0.183800
0.262500 2.025000 0.183800
0.337500 2.025000 0.183800
0.412500 2.025000 0.183800
0.487500 2.025000 0.183800
0.562500 2.025000 0.183700
0.637500 2.025000 0.183700
0.712500 2.025000 0.183700
0.787500 2.025000 0.183600
0.862500 2.025000 0.183500
0.937500 2.025000 0.183500
1.012000 2.025000 0.183400
1.087000 2.025000 0.183300
1.163000 2.025000 0.183200
1.238000 2.025000 0.183000
1.313000 2.025000 0.182900
1.388000 2.025000 0.182800
1.463000 2.025000 0.182600
1.538000 2.025000 0.182400
1.613000 2.025000 0.182200
1.688000 2.025000 0.182000
1.763000 2.025000 0.181800
1.838000 2.025000 0.181600
1.913000 2.025000 0.181300
1.988000 2.025000 0.181100
2.063000 2.025000 0.180800
2.138000 2.025000 0.180600
2.213000 2.025000 0.180300
2.288000 2.025000 0.180000
2.363000 2.025000 0.179700
2.438000 2.025000 0.179500
2.513000 2.025000 0.179200
2.588000 2.025000 0.178900
2.663000 2.025000 0.178600
2.738000 2.025000 0.178400
2.813000 2.025000 0.178100
2.888000 2.025000 0.177900
2.963000 2.025000 0.177600
3.038000 2.025000 0.177400
3.113000 2.025000 0.177200
3.188000 2.025000 0.177000
3.263000 2.025000 0.176900
3.338000 2.025000 0.176700
3.413000 2.025000 0.176600
3.488000 2.025000 0.176500
3.563000 2.025000 0.176400
3.638000 2.025000 0.176400
3.713000 2.025000 0.176400
3.788000 2.025000 0.176500
3.863000 2.025000 0.000000
-0.037500 2.175000 0.000000
0.037500 2.175000 0.175900
0.112500 2.175000 0.175900
0.187500 2.175000 0.175900
0.262500 2.175000 0.175900
0.337500 2.175000 0.175900
0.412500 2.175000 0.175900
0.487500 2.175000 0.175800
0.562500 2.175000 0.175800
0.637500 2.175000 0.175700
0.712500 2.175000 0.175700
0.787500 2.175000 0.175600
0.862500 2.175000 0.175500
0.937500 2.175000 0.175500
1.012000 2.175000 0.175400
1.087000 2.175000 0.175300
1.163000 2.175000 0.175200
1.238000 2.175000 0.175000
1.313000 2.175000 0.174900
1.388000 2.175000 0.174800
1.463000 2.175000 0.174600
1.538000 2.175000 0.174400
1.613000 2.175000 0.174200
1.688000 2.175000 0.174100
1.763000 2.175000 0.173900
1.838000 2.175000 0.173600
1.913000 2.175000 0.173400
1.988000 2.175000 0.173200
2.063000 2.175000 0.173000
2.138000 2.175000 0.172700
2.213000 2.175000 0.172500
2.288000 2.175000 0.172200
2.363000 2.175000 0.172000
2.438000 2.175000 0.171700
2.513000 2.175000 0.171500
2.588000 2.175000 0.171300
2.663000 2.175000 0.171000
2.738000 2.175000 0.170800
2.813000 2.175000 0.170600
2.888000 2.175000 0.170300
2.963000 2.175000 0.170100
3.038000 2.175000 0.170000
3.113000 2.175000 0.169800
3.188000 2.175000 0.169600
3.263000 2.175000 0.169500
3.338000 2.175000 0.169300
3.413000 2.175000 0.169200
3.488000 2.175000 0.169100
3.563000 2.175000 0.169100
3.638000 2.175000 0.169000
3.713000 2.175000 0.169000
3.788000 2.175000 0.169100
3.863000 2.175000 0.000000
-0.037500 2.325000 0.000000
0.037500 2.325000 0.169200
0.112500 2.325000 0.169200
0.187500 2.325000 0.169200
0.262500 2.325000 0.169200
0.337500 2.325000 0.169200
0.412500 2.325000 0.169100
0.487500 2.325000 0.169100
0.562500 2.325000 0.169000
0.637500 2.325000 0.169000
0.712500 2.325000 0.168900
0.787500 2.325000 0.168900
0.862500 2.325000 0.168800
0.937500 2.325000 0.168700
1.012000 2.325000 0.168600
1.087000 2.325000 0.168500
1.163000 2.325000 0.168400
1.238000 2.325000 0.168300
1.313000 2.325000 0.168100
1.388000 2.325000 0.168000
1.463000 2.325000 0.167800
1.538000 2.325000 0.167700
1.613000 2.325000 0.167500
1.688000 2.325000 0.167300
1.763000 2.325000 0.167100
1.838000 2.325000 0.167000
1.913000 2.325000 0.166700
1.988000 2.325000 0.166500
2.063000 2.325000 0.166300
2.138000 2.325000 0.166100
2.213000 2.325000 0.165900
2.288000 2.325000 0.165700
2.363000 2.325000 0.165400
2.438000 2.325000 0.165200
2.513000 2.325000 0.165000
2.588000 2.325000 0.164800
2.663000 2.325000 0.164600
2.738000 2.325000 0.164400
2.813000 2.325000 0.164200
2.888000 2.325000 0.164000
2.963000 2.325000 0.163800
3.038000 2.325000 0.163600
3.113000 2.325000 0.163500
3.188000 2.325000 0.163300
3.263000 2.325000 0.163200
3.338000 2.325000 0.163100
3.413000 2.325000 0.163000
3.488000 2.325000 0.162900
3.563000 2.325000 0.162800
3.638000 2.325000 0.162800
3.713000 2.325000 0.162800
3.788000 2.325000 0.162800
3.863000 2.325000 0.000000
-0.037500 2.475000 0.000000
0.037500 2.475000 0.165400
0.112500 2.475000 0.165400
0.187500 2.475000 0.165300
0.262500 2.475000 0.165300
0.337500 2.475000 0.165300
0.412500 2.475000 0.165300
0.487500 2.475000 0.165200
0.562500 2.475000 0.165200
0.637500 2.475000 0.165100
0.712500 2.475000 0.165100
0.787500 2.475000 0.165000
0.862500 2.475000 0.164900
0.937500 2.475000 0.164800
1.012000 2.475000 0.164800
1.087000 2.475000 0.164600
1.163000 2.475000 0.164500
1.238000 2.475000 0.164400
1.313000 2.475000 0.164300
1.388000 2.475000 0.164100
1.463000 2.475000 0.164000
1.538000 2.475000 0.163800
1.613000 2.475000 0.163700
1.688000 2.475000 0.163500
1.763000 2.475000 0.163300
1.838000 2.475000 0.163100
1.913000 2.475000 0.162900
1.988000 2.475000 0.162700
2.063000 2.475000 0.162500
2.138000 2.475000 0.162300
2.213000 2.475000 0.162100
2.288000 2.475000 0.161900
2.363000 2.475000 0.161700
2.438000 2.475000 0.161500
2.513000 2.475000 0.161300
2.588000 2.475000 0.161100
2.663000 2.475000 0.160900
2.738000 2.475000 0.160700
2.813000 2.475000 0.160500
2.888000 2.475000 0.160300
2.963000 2.475000 0.160100
3.038000 2.475000 0.160000
3.113000 2.475000 0.159800
3.188000 2.475000 0.159700
3.263000 2.475000 0.159600
3.338000 2.475000 0.159500
3.413000 2.475000 0.159400
3.488000 2.475000 0.159300
3.563000 2.475000 0.159200
3.638000 2.475000 0.159200
3.713000 2.475000 0.159100
3.788000 2.475000 0.159100
3.863000 2.475000 0.000000
-0.037500 2.625000 0.000000
0.037500 2.625000 0.161200
0.112500 2.625000 0.161200
0.187500 2.625000 0.161100
0.262500 2.625000 0.161100
0.337500 2.625000 0.161100
0.412500 2.625000 0.161100
0.487500 2.625000 0.161000
0.562500 2.625000 0.161000
0.637500 2.625000 0.160900
0.712500 2.625000 0.160900
0.787500 2.625000 0.160800
0.862500 2.625000 0.160700
0.937500 2.625000 0.160600
1.012000 2.625000 0.160500
1.087000 2.625000 0.160400
1.163000 2.625000 0.160300
1.238000 2.625000 0.160200
1.313000 2.625000 0.160100
1.388000 2.625000 0.159900
1.463000 2.625000 0.159800
1.538000 2.625000 0.159600
1.613000 2.625000 0.159500
1.688000 2.625000 0.159300
1.763000 2.625000 0.159100
1.838000 2.625000 0.158900
1.913000 2.625000 0.158800
1.988000 2.625000 0.158600
2.063000 2.625000 0.158400
2.138000 2.625000 0.158200
2.213000 2.625000 0.158000
2.288000 2.625000 0.157800
2.363000 2.625000 0.157600
2.438000 2.625000 0.157300
2.513000 2.625000 0.157100
2.588000 2.625000 0.157000
2.663000 2.625000 0.156800
2.738000 2.625000 0.156600
2.813000 2.625000 0.156400
2.888000 2.625000 0.156200
2.963000 2.625000 0.156100
3.038000 2.625000 0.155900
3.113000 2.625000 0.155800
3.188000 2.625000 0.155600
3.263000 2.625000 0.155500
3.338000 2.625000 0.155400
3.413000 2.625000 0.155300
3.488000 2.625000 0.155200
3.563000 2.625000 0.155200
3.638000 2.625000 0.155100
3.713000 2.625000 0.155100
3.788000 2.625000 0.155100
3.863000 2.625000 0.000000
-0.037500 2.775000 0.000000
0.037500 2.775000 0.156600
0.112500 2.775000 0.156600
0.187500 2.775000 0.156600
0.262500 2.775000 0.156500
0.337500 2.775000 0.156500
0.412500 2.775000 0.156500
0.487500 2.775000 0.156400
0.562500 2.775000 0.156400
0.637500 2.775000 0.156300
0.712500 2.775000 0.156300
0.787500 2.775000 0.156200
0.862500 2.775000 0.156100
0.937500 2.775000 0.156100
1.012000 2.775000 0.156000
1.087000 2.775000 0.155900
1.163000 2.775000 0.155700
1.238000 2.775000 0.155600
1.313000 2.775000 0.155500
1.388000 2.775000 0.155400
1.463000 2.775000 0.155200
1.538000 2.775000 0.155100
1.613000 2.775000 0.154900
1.688000 2.775000 0.154800
1.763000 2.775000 0.154600
1.838000 2.775000 0.154400
1.913000 2.775000 0.154200
1.988000 2.775000 0.154000
2.063000 2.775000 0.153900
2.138000 2.775000 0.153700
2.213000 2.775000 0.153500
2.288000 2.775000 0.153300
2.363000 2.775000 0.153100
2.438000 2.775000 0.152900
2.513000 2.775000 0.152700
2.588000 2.775000 0.152500
2.663000 2.775000 0.152300
2.738000 2.775000 0.152100
2.813000 2.775000 0.151900
2.888000 2.775000 0.151800
2.963000 2.775000 0.151600
3.038000 2.775000 0.151500
3.113000 2.775000 0.151300
3.188000 2.775000 0.151200
3.263000 2.775000 0.151100
3.338000 2.775000 0.151000
3.413000 2.775000 0.150900
3.488000 2.775000 0.150800
3.563000 2.775000 0.150800
3.638000 2.775000 0.150700
3.713000 2.775000 0.150700
3.788000 2.775000 0.150700
3.863000 2.775000 0.000000
-0.037500 2.925000 0.000000
0.037500 2.925000 0.146900
0.112500 2.925000 0.146900
0.187500 2.925000 0.146900
0.262500 2.925000 0.146900
0.337500 2.925000 0.146900
0.412500 2.925000 0.146800
0.487500 2.925000 0.146800
0.562500 2.925000 0.146700
0.637500 2.925000 0.146700
0.712500 2.925000 0.146600
0.787500 2.925000 0.146600
0.862500 2.925000 0.146500
0.937500 2.925000 0.146400
1.012000 2.925000 0.146300
1.087000 2.925000 0.146200
1.163000 2.925000 0.146100
1.238000 2.925000 0.146000
1.313000 2.925000 0.145900
1.388000 2.925000 0.145800
1.463000 2.925000 0.145600
1.538000 2.925000 0.145500
1.613000 2.925000 0.145400
1.688000 2.925000 0.145200
1.763000 2.925000 0.145000
1.838000 2.925000 0.144900
1.913000 2.925000 0.144700
1.988000 2.925000 0.144500
2.063000 2.925000 0.144300
2.138000 2.925000 0.144100
2.213000 2.925000 0.144000
2.288000 2.925000 0.143800
2.363000 2.925000 0.143600
2.438000 2.925000 0.143400
2.513000 2.925000 0.143200
2.588000 2.925000 0.143000
2.663000 2.925000 0.142800
2.738000 2.925000 0.142700
2.813000 2.925000 0.142500
2.888000 2.925000 0.142300
2.963000 2.925000 0.142200
3.038000 2.925000 0.142000
3.113000 2.925000 0.141900
3.188000 2.925000 0.141800
3.263000 2.925000 0.141700
3.338000 2.925000 0.141600
3.413000 2.925000 0.141500
3.488000 2.925000 0.141400
3.563000 2.925000 0.141400
3.638000 2.925000 0.141300
3.713000 2.925000 0.141300
3.788000 2.925000 0.141300
3.863000 2.925000 0.000000
-0.037500 3.075000 0.000000
0.037500 3.075000 0.132000
0.112500 3.075000 0.132000
0.187500 3.075000 0.132000
0.262500 3.075000 0.132000
0.337500 3.075000 0.131900
0.412500 3.075000 0.131900
0.487500 3.075000 0.131900
0.562500 3.075000 0.131800
0.637500 3.075000 0.131800
0.712500 3.075000 0.131700
0.787500 3.075000 0.131700
0.862500 3.075000 0.131600
0.937500 3.075000 0.131600
1.012000 3.075000 0.131500
1.087000 3.075000 0.131400
1.163000 3.075000 0.131300
1.238000 3.075000 0.131200
1.313000 3.075000 0.131100
1.388000 3.075000 0.131000
1.463000 3.075000 0.130800
1.538000 3.075000 0.130700
1.613000 3.075000 0.130600
1.688000 3.075000 0.130400
1.763000 3.075000 0.130300
1.838000 3.075000 0.130100
1.913000 3.075000 0.130000
1.988000 3.075000 0.129800
2.063000 3.075000 0.129600
2.138000 3.075000 0.129500
2.213000 3.075000 0.129300
2.288000 3.075000 0.129100
2.363000 3.075000 0.128900
2.438000 3.075000 0.128800
2.513000 3.075000 0.128600
2.588000 3.075000 0.128400
2.663000 3.075000 0.128300
2.738000 3.075000 0.128100
2.813000 3.075000 0.128000
2.888000 3.075000 0.127800
2.963000 3.075000 0.127700
3.038000 3.075000 0.127500
3.113000 3.075000 0.127400
3.188000 3.075000 0.127300
3.263000 3.075000 0.127200
3.338000 3.075000 0.127100
3.413000 3.075000 0.127000
3.488000 3.075000 0.126900
3.563000 3.075000 0.126900
3.638000 3.075000 0.126800
3.713000 3.075000 0.126800
3.788000 3.075000 0.126800
3.863000 3.075000 0.000000
-0.037500 3.225000 0.000000
0.037500 3.225000 0.117200
0.112500 3.225000 0.117200
0.187500 3.225000 0.117200
0.262500 3.225000 0.117200
0.337500 3.225000 0.117100
0.412500 3.225000 0.117100
0.487500 3.225000 0.117100
0.562500 3.225000 0.117000
0.637500 3.225000 0.117000
0.712500 3.225000 0.117000
0.787500 3.225000 0.116900
0.862500 3.225000 0.116900
0.937500 3.225000 0.116800
1.012000 3.225000 0.116700
1.087000 3.225000 0.116600
1.163000 3.225000 0.116600
1.238000 3.225000 0.116500
1.313000 3.225000 0.116400
1.388000 3.225000 0.116300
1.463000 3.225000 0.116200
1.538000 3.225000 0.116000
1.613000 3.225000 0.115900
1.688000 3.225000 0.115800
1.763000 3.225000 0.115700
1.838000 3.225000 0.115500
1.913000 3.225000 0.115400
1.988000 3.225000 0.115200
2.063000 3.225000 0.115100
2.138000 3.225000 0.114900
2.213000 3.225000 0.114800
2.288000 3.225000 0.114600
2.363000 3.225000 0.114400
2.438000 3.225000 0.114300
2.513000 3.225000 0.114100
2.588000 3.225000 0.114000
2.663000 3.225000 0.113800
2.738000 3.225000 0.113700
2.813000 3.225000 0.113500
2.888000 3.225000 0.113400
2.963000 3.225000 0.113300
3.038000 3.225000 0.113200
3.113000 3.225000 0.113000
3.188000 3.225000 0.112900
3.263000 3.225000 0.112800
3.338000 3.225000 0.112800
3.413000 3.225000 0.112700
3.488000 3.225000 0.112600
3.563000 3.225000 0.112600
3.638000 3.225000 0.112500
3.713000 3.225000 0.112500
3.788000 3.225000 0.112500
3.863000 3.225000 0.000000
-0.037500 3.375000 0.000000
0.037500 3.375000 0.102900
0.112500 3.375000 0.102900
0.187500 3.375000 0.102900
0.262500 3.375000 0.102900
0.337500 3.375000 0.102900
0.412500 3.375000 0.102800
0.487500 3.375000 0.102800
0.562500 3.375000 0.102800
0.637500 3.375000 0.102800
0.712500 3.375000 0.102700
0.787500 3.375000 0.102700
0.862500 3.375000 0.102600
0.937500 3.375000 0.102600
1.012000 3.375000 0.102500
1.087000 3.375000 0.102400
1.163000 3.375000 0.102400
1.238000 3.375000 0.102300
1.313000 3.375000 0.102200
1.388000 3.375000 0.102100
1.463000 3.375000 0.102000
1.538000 3.375000 0.101900
1.613000 3.375000 0.101800
1.688000 3.375000 0.101700
1.763000 3.375000 0.101600
1.838000 3.375000 0.101400
1.913000 3.375000 0.101300
1.988000 3.375000 0.101200
2.063000 3.375000 0.101000
2.138000 3.375000 0.100900
2.213000 3.375000 0.100800
2.288000 3.375000 0.100600
2.363000 3.375000 0.100500
2.438000 3.375000 0.100300
2.513000 3.375000 0.100200
2.588000 3.375000 0.100100
2.663000 3.375000 0.099930
2.738000 3.375000 0.099800
2.813000 3.375000 0.099670
2.888000 3.375000 0.099550
2.963000 3.375000 0.099440
3.038000 3.375000 0.099330
3.113000 3.375000 0.099230
3.188000 3.375000 0.099130
3.263000 3.375000 0.099050
3.338000 3.375000 0.098970
3.413000 3.375000 0.098900
3.488000 3.375000 0.098840
3.563000 3.375000 0.098790
3.638000 3.375000 0.098750
3.713000 3.375000 0.098720
3.788000 3.375000 0.098690
3.863000 3.375000 0.000000
-0.037500 3.525000 0.000000
0.037500 3.525000 0.089470
0.112500 3.525000 0.089470
0.187500 3.525000 0.089470
0.262500 3.525000 0.089460
0.337500 3.525000 0.089440
0.412500 3.525000 0.089430
0.487500 3.525000 0.089400
0.562500 3.525000 0.089380
0.637500 3.525000 0.089350
0.712500 3.525000 0.089310
0.787500 3.525000 0.089270
0.862500 3.525000 0.089230
0.937500 3.525000 0.089180
1.012000 3.525000 0.089120
1.087000 3.525000 0.089060
1.163000 3.525000 0.089000
1.238000 3.525000 0.088930
1.313000 3.525000 0.088850
1.388000 3.525000 0.088770
1.463000 3.525000 0.088680
1.538000 3.525000 0.088590
1.613000 3.525000 0.088500
1.688000 3.525000 0.088400
1.763000 3.525000 0.088290
1.838000 3.525000 0.088180
1.913000 3.525000 0.088070
1.988000 3.525000 0.087950
2.063000 3.525000 0.087830
2.138000 3.525000 0.087710
2.213000 3.525000 0.087590
2.288000 3.525000 0.087460
2.363000 3.525000 0.087340
2.438000 3.525000 0.087220
2.513000 3.525000 0.087100
2.588000 3.525000 0.086970
2.663000 3.525000 0.086860
2.738000 3.525000 0.086740
2.813000 3.525000 0.086630
2.888000 3.525000 0.086520
2.963000 3.525000 0.086420
3.038000 3.525000 0.086330
3.113000 3.525000 0.086240
3.188000 3.525000 0.086150
3.263000 3.525000 0.086080
3.338000 3.525000 0.086010
3.413000 3.525000 0.085950
3.488000 3.525000 0.085890
3.563000 3.525000 0.085850
3.638000 3.525000 0.085810
3.713000 3.525000 0.085780
3.788000 3.525000 0.085740
3.863000 3.525000 0.000000
-0.037500 3.675000 0.000000
0.037500 3.675000 0.077100
0.112500 3.675000 0.077100
0.187500 3.675000 0.077100
0.262500 3.675000 0.077090
0.337500 3.675000 0.077080
0.412500 3.675000 0.077070
0.487500 3.675000 0.077050
0.562500 3.675000 0.077020
0.637500 3.675000 0.077000
0.712500 3.675000 0.076970
0.787500 3.675000 0.076930
0.862500 3.675000 0.076890
0.937500 3.675000 0.076850
1.012000 3.675000 0.076800
1.087000 3.675000 0.076750
1.163000 3.675000 0.076690
1.238000 3.675000 0.076630
1.313000 3.675000 0.076570
1.388000 3.675000 0.076490
1.463000 3.675000 0.076420
1.538000 3.675000 0.076340
1.613000 3.675000 0.076260
1.688000 3.675000 0.076170
1.763000 3.675000 0.076080
1.838000 3.675000 0.075980
1.913000 3.675000 0.075880
1.988000 3.675000 0.075780
2.063000 3.675000 0.075680
2.138000 3.675000 0.075570
2.213000 3.675000 0.075470
2.288000 3.675000 0.075360
2.363000 3.675000 0.075250
2.438000 3.675000 0.075140
2.513000 3.675000 0.075040
2.588000 3.675000 0.074930
2.663000 3.675000 0.074830
2.738000 3.675000 0.074730
2.813000 3.675000 0.074630
2.888000 3.675000 0.074540
2.963000 3.675000 0.074450
3.038000 3.675000 0.074370
3.113000 3.675000 0.074290
3.188000 3.675000 0.074210
3.263000 3.675000 0.074150
3.338000 3.675000 0.074090
3.413000 3.675000 0.074030
3.488000 3.675000 0.073980
3.563000 3.675000 0.073940
3.638000 3.675000 0.073910
3.713000 3.675000 0.073870
3.788000 3.675000 0.073830
3.863000 3.675000 0.000000
-0.037500 3.825000 0.000000
0.037500 3.825000 0.065950
0.112500 3.825000 0.065950
0.187500 3.825000 0.065950
0.262500 3.825000 0.065940
0.337500 3.825000 0.065930
0.412500 3.825000 0.065920
0.487500 3.825000 0.065900
0.562500 3.825000 0.065880
0.637500 3.825000 0.065860
0.712500 3.825000 0.065830
0.787500 3.825000 0.065800
0.862500 3.825000 0.065760
0.937500 3.825000 0.065730
1.012000 3.825000 0.065690
1.087000 3.825000 0.065640
1.163000 3.825000 0.065590
1.238000 3.825000 0.065540
1.313000 3.825000 0.065480
1.388000 3.825000 0.065420
1.463000 3.825000 0.065360
1.538000 3.825000 0.065290
1.613000 3.825000 0.065220
1.688000 3.825000 0.065140
1.763000 3.825000 0.065060
1.838000 3.825000 0.064980
1.913000 3.825000 0.064890
1.988000 3.825000 0.064810
2.063000 3.825000 0.064720
2.138000 3.825000 0.064630
2.213000 3.825000 0.064530
2.288000 3.825000 0.064440
2.363000 3.825000 0.064350
2.438000 3.825000 0.064260
2.513000 3.825000 0.064160
2.588000 3.825000 0.064070
2.663000 3.825000 0.063980
2.738000 3.825000 0.063900
2.813000 3.825000 0.063810
2.888000 3.825000 0.063730
2.963000 3.825000 0.063660
3.038000 3.825000 0.063580
3.113000 3.825000 0.063520
3.188000 3.825000 0.063450
3.263000 3.825000 0.063390
3.338000 3.825000 0.063340
3.413000 3.825000 0.063290
3.488000 3.825000 0.063250
3.563000 3.825000 0.063210
3.638000 3.825000 0.063180
3.713000 3.825000 0.063150
3.788000 3.825000 0.063100
3.863000 3.825000 0.000000
-0.037500 3.975000 0.000000
0.037500 3.975000 0.056090
0.112500 3.975000 0.056090
0.187500 3.975000 0.056090
0.262500 3.975000 0.056080
0.337500 3.975000 0.056070
0.412500 3.975000 0.056060
0.487500 3.975000 0.056040
0.562500 3.975000 0.056030
0.637500 3.975000 0.056010
0.712500 3.975000 0.055980
0.787500 3.975000 0.055960
0.862500 3.975000 0.055930
0.937500 3.975000 0.055890
1.012000 3.975000 0.055860
1.087000 3.975000 0.055820
1.163000 3.975000 0.055780
1.238000 3.975000 0.055730
1.313000 3.975000 0.055680
1.388000 3.975000 0.055630
1.463000 3.975000 0.055580
1.538000 3.975000 0.055520
1.613000 3.975000 0.055460
1.688000 3.975000 0.055390
1.763000 3.975000 0.055320
1.838000 3.975000 0.055250
1.913000 3.975000 0.055180
1.988000 3.975000 0.055110
2.063000 3.975000 0.055030
2.138000 3.975000 0.054950
2.213000 3.975000 0.054870
2.288000 3.975000 0.054790
2.363000 3.975000 0.054710
2.438000 3.975000 0.054630
2.513000 3.975000 0.054560
2.588000 3.975000 0.054480
2.663000 3.975000 0.054400
2.738000 3.975000 0.054330
2.813000 3.975000 0.054260
2.888000 3.975000 0.054190
2.963000 3.975000 0.054120
3.038000 3.975000 0.054060
3.113000 3.975000 0.054000
3.188000 3.975000 0.053950
3.263000 3.975000 0.053890
3.338000 3.975000 0.053850
3.413000 3.975000 0.053810
3.488000 3.975000 0.053770
3.563000 3.975000 0.053730
3.638000 3.975000 0.053700
3.713000 3.975000 0.053670
3.788000 3.975000 0.053630
3.863000 3.975000 0.000000
-0.037500 4.125000 0.000000
0.037500 4.125000 0.047550
0.112500 4.125000 0.047550
0.187500 4.125000 0.047550
0.262500 4.125000 0.047540
0.337500 4.125000 0.047540
0.412500 4.125000 0.047520
0.487500 4.125000 0.047510
0.562500 4.125000 0.047500
0.637500 4.125000 0.047480
0.712500 4.125000 0.047460
0.787500 4.125000 0.047440
0.862500 4.125000 0.047410
0.937500 4.125000 0.047380
1.012000 4.125000 0.047350
1.087000 4.125000 0.047320
1.163000 4.125000 0.047280
1.238000 4.125000 0.047250
1.313000 4.125000 0.047200
1.388000 4.125000 0.047160
1.463000 4.125000 0.047110
1.538000 4.125000 0.047060
1.613000 4.125000 0.047010
1.688000 4.125000 0.046950
1.763000 4.125000 0.046890
1.838000 4.125000 0.046830
1.913000 4.125000 0.046770
1.988000 4.125000 0.046710
2.063000 4.125000 0.046640
2.138000 4.125000 0.046580
2.213000 4.125000 0.046510
2.288000 4.125000 0.046440
2.363000 4.125000 0.046380
2.438000 4.125000 0.046310
2.513000 4.125000 0.046240
2.588000 4.125000 0.046180
2.663000 4.125000 0.046110
2.738000 4.125000 0.046050
2.813000 4.125000 0.045990
2.888000 4.125000 0.045930
2.963000 4.125000 0.045870
3.038000 4.125000 0.045820
3.113000 4.125000 0.045770
3.188000 4.125000 0.045720
3.263000 4.125000 0.045680
3.338000 4.125000 0.045640
3.413000 4.125000 0.045600
3.488000 4.125000 0.045560
3.563000 4.125000 0.045530
3.638000 4.125000 0.045510
3.713000 4.125000 0.045480
3.788000 4.125000 0.045430
3.863000 4.125000 0.000000
-0.037500 4.275000 0.000000
0.037500 4.275000 0.040330
0.112500 4.275000 0.040340
0.187500 4.275000 0.040330
0.262500 4.275000 0.040330
0.337500 4.275000 0.040320
0.412500 4.275000 0.040310
0.487500 4.275000 0.040300
0.562500 4.275000 0.040290
0.637500 4.275000 0.040270
0.712500 4.275000 0.040260
0.787500 4.275000 0.040240
0.862500 4.275000 0.040210
0.937500 4.275000 0.040190
1.012000 4.275000 0.040160
1.087000 4.275000 0.040140
1.163000 4.275000 0.040110
1.238000 4.275000 0.040070
1.313000 4.275000 0.040040
1.388000 4.275000 0.040000
1.463000 4.275000 0.039960
1.538000 4.275000 0.039910
1.613000 4.275000 0.039870
1.688000 4.275000 0.039820
1.763000 4.275000 0.039770
1.838000 4.275000 0.039720
1.913000 4.275000 0.039670
1.988000 4.275000 0.039610
2.063000 4.275000 0.039560
2.138000 4.275000 0.039500
2.213000 4.275000 0.039450
2.288000 4.275000 0.039390
2.363000 4.275000 0.039330
2.438000 4.275000 0.039270
2.513000 4.275000 0.039220
2.588000 4.275000 0.039160
2.663000 4.275000 0.039110
2.738000 4.275000 0.039050
2.813000 4.275000 0.039000
2.888000 4.275000 0.038950
2.963000 4.275000 0.038900
3.038000 4.275000 0.038860
3.113000 4.275000 0.038810
3.188000 4.275000 0.038770
3.263000 4.275000 0.038730
3.338000 4.275000 0.038700
3.413000 4.275000 0.038670
3.488000 4.275000 0.038640
3.563000 4.275000 0.038610
3.638000 4.275000 0.038580
3.713000 4.275000 0.038560
3.788000 4.275000 0.038520
3.863000 4.275000 0.000000
-0.037500 4.425000 0.000000
0.037500 4.425000 0.034410
0.112500 4.425000 0.034410
0.187500 4.425000 0.034410
0.262500 4.425000 0.034410
0.337500 4.425000 0.034400
0.412500 4.425000 0.034390
0.487500 4.425000 0.034380
0.562500 4.425000 0.034370
0.637500 4.425000 0.034360
0.712500 4.425000 0.034340
0.787500 4.425000 0.034330
0.862500 4.425000 0.034310
0.937500 4.425000 0.034290
1.012000 4.425000 0.034260
1.087000 4.425000 0.034240
1.163000 4.425000 0.034210
1.238000 4.425000 0.034180
1.313000 4.425000 0.034150
1.388000 4.425000 0.034120
1.463000 4.425000 0.034090
1.538000 4.425000 0.034050
1.613000 4.425000 0.034010
1.688000 4.425000 0.033970
1.763000 4.425000 0.033930
1.838000 4.425000 0.033880
1.913000 4.425000 0.033840
1.988000 4.425000 0.033790
2.063000 4.425000 0.033740
2.138000 4.425000 0.033700
2.213000 4.425000 0.033650
2.288000 4.425000 0.033600
2.363000 4.425000 0.033550
2.438000 4.425000 0.033500
2.513000 4.425000 0.033450
2.588000 4.425000 0.033400
2.663000 4.425000 0.033360
2.738000 4.425000 0.033310
2.813000 4.425000 0.033270
2.888000 4.425000 0.033220
2.963000 4.425000 0.033180
3.038000 4.425000 0.033140
3.113000 4.425000 0.033100
3.188000 4.425000 0.033070
3.263000 4.425000 0.033040
3.338000 4.425000 0.033010
3.413000 4.425000 0.032980
3.488000 4.425000 0.032950
3.563000 4.425000 0.032930
3.638000 4.425000 0.032900
3.713000 4.425000 0.032880
3.788000 4.425000 0.032840
3.863000 4.425000 0.000000
-0.037500 4.575000 0.000000
0.037500 4.575000 0.029740
0.112500 4.575000 0.029740
0.187500 4.575000 0.029740
0.262500 4.575000 0.029730
0.337500 4.575000 0.029730
0.412500 4.575000 0.029720
0.487500 4.575000 0.029710
0.562500 4.575000 0.029700
0.637500 4.575000 0.029690
0.712500 4.575000 0.029680
0.787500 4.575000 0.029660
0.862500 4.575000 0.029650
0.937500 4.575000 0.029630
1.012000 4.575000 0.029610
1.087000 4.575000 0.029590
1.163000 4.575000 0.029560
1.238000 4.575000 0.029540
1.313000 4.575000 0.029510
1.388000 4.575000 0.029480
1.463000 4.575000 0.029450
1.538000 4.575000 0.029420
1.613000 4.575000 0.029390
1.688000 4.575000 0.029350
1.763000 4.575000 0.029320
1.838000 4.575000 0.029280
1.913000 4.575000 0.029240
1.988000 4.575000 0.029200
2.063000 4.575000 0.029160
2.138000 4.575000 0.029120
2.213000 4.575000 0.029070
2.288000 4.575000 0.029030
2.363000 4.575000 0.028990
2.438000 4.575000 0.028950
2.513000 4.575000 0.028900
2.588000 4.575000 0.028860
2.663000 4.575000 0.028820
2.738000 4.575000 0.028780
2.813000 4.575000 0.028740
2.888000 4.575000 0.028710
2.963000 4.575000 0.028670
3.038000 4.575000 0.028640
3.113000 4.575000 0.028600
3.188000 4.575000 0.028570
3.263000 4.575000 0.028540
3.338000 4.575000 0.028520
3.413000 4.575000 0.028490
3.488000 4.575000 0.028470
3.563000 4.575000 0.028450
3.638000 4.575000 0.028430
3.713000 4.575000 0.028400
3.788000 4.575000 0.028370
3.863000 4.575000 0.000000
-0.037500 4.725000 0.000000
0.037500 4.725000 0.026270
0.112500 4.725000 0.026270
0.187500 4.725000 0.026270
0.262500 4.725000 0.026270
0.337500 4.725000 0.026260
0.412500 4.725000 0.026250
0.487500 4.725000 0.026250
0.562500 4.725000 0.026240
0.637500 4.725000 0.026230
0.712500 4.725000 0.026220
0.787500 4.725000 0.026200
0.862500 4.725000 0.026190
0.937500 4.725000 0.026170
1.012000 4.725000 0.026150
1.087000 4.725000 0.026130
1.163000 4.725000 0.026110
1.238000 4.725000 0.026090
1.313000 4.725000 0.026070
1.388000 4.725000 0.026040
1.463000 4.725000 0.026010
1.538000 4.725000 0.025990
1.613000 4.725000 0.025960
1.688000 4.725000 0.025930
1.763000 4.725000 0.025890
1.838000 4.725000 0.025860
1.913000 4.725000 0.025820
1.988000 4.725000 0.025790
2.063000 4.725000 0.025750
2.138000 4.725000 0.025720
2.213000 4.725000 0.025680
2.288000 4.725000 0.025640
2.363000 4.725000 0.025600
2.438000 4.725000 0.025570
2.513000 4.725000 0.025530
2.588000 4.725000 0.025490
2.663000 4.725000 0.025460
2.738000 4.725000 0.025420
2.813000 4.725000 0.025390
2.888000 4.725000 0.025350
2.963000 4.725000 0.025320
3.038000 4.725000 0.025290
3.113000 4.725000 0.025260
3.188000 4.725000 0.025230
3.263000 4.725000 0.025210
3.338000 4.725000 0.025180
3.413000 4.725000 0.025160
3.488000 4.725000 0.025140
3.563000 4.725000 0.025120
3.638000 4.725000 0.025100
3.713000 4.725000 0.025080
3.788000 4.725000 0.025040
3.863000 4.725000 0.000000
-0.037500 4.875000 0.000000
0.037500 4.875000 0.023950
0.112500 4.875000 0.023960
0.187500 4.875000 0.023960
0.262500 4.875000 0.023960
0.337500 4.875000 0.023960
0.412500 4.875000 0.023950
0.487500 4.875000 0.023950
0.562500 4.875000 0.023940
0.637500 4.875000 0.023930
0.712500 4.875000 0.023920
0.787500 4.875000 0.023910
0.862500 4.875000 0.023890
0.937500 4.875000 0.023880
1.012000 4.875000 0.023860
1.087000 4.875000 0.023840
1.163000 4.875000 0.023820
1.238000 4.875000 0.023800
1.313000 4.875000 0.023780
1.388000 4.875000 0.023760
1.463000 4.875000 0.023730
1.538000 4.875000 0.023710
1.613000 4.875000 0.023680
1.688000 4.875000 0.023650
1.763000 4.875000 0.023620
1.838000 4.875000 0.023590
1.913000 4.875000 0.023560
1.988000 4.875000 0.023530
2.063000 4.875000 0.023500
2.138000 4.875000 0.023460
2.213000 4.875000 0.023430
2.288000 4.875000 0.023390
2.363000 4.875000 0.023360
2.438000 4.875000 0.023320
2.513000 4.875000 0.023290
2.588000 4.875000 0.023260
2.663000 4.875000 0.023220
2.738000 4.875000 0.023190
2.813000 4.875000 0.023160
2.888000 4.875000 0.023130
2.963000 4.875000 0.023100
3.038000 4.875000 0.023070
3.113000 4.875000 0.023050
3.188000 4.875000 0.023020
3.263000 4.875000 0.023000
3.338000 4.875000 0.022980
3.413000 4.875000 0.022950
3.488000 4.875000 0.022940
3.563000 4.875000 0.022920
3.638000 4.875000 0.022900
3.713000 4.875000 0.022880
3.788000 4.875000 0.022840
3.863000 4.875000 0.000000
-0.037500 5.025000 0.000000
0.037500 5.025000 0.022750
0.112500 5.025000 0.022740
0.187500 5.025000 0.022740
0.262500 5.025000 0.022730
0.337500 5.025000 0.022720
0.412500 5.025000 0.022710
0.487500 5.025000 0.022700
0.562500 5.025000 0.022690
0.637500 5.025000 0.022680
0.712500 5.025000 0.022670
0.787500 5.025000 0.022660
0.862500 5.025000 0.022650
0.937500 5.025000 0.022630
1.012000 5.025000 0.022610
1.087000 5.025000 0.022600
1.163000 5.025000 0.022580
1.238000 5.025000 0.022560
1.313000 5.025000 0.022540
1.388000 5.025000 0.022520
1.463000 5.025000 0.022490
1.538000 5.025000 0.022470
1.613000 5.025000 0.022440
1.688000 5.025000 0.022410
1.763000 5.025000 0.022390
1.838000 5.025000 0.022360
1.913000 5.025000 0.022330
1.988000 5.025000 0.022300
2.063000 5.025000 0.022260
2.138000 5.025000 0.022230
2.213000 5.025000 0.022200
2.288000 5.025000 0.022170
2.363000 5.025000 0.022130
2.438000 5.025000 0.022100
2.513000 5.025000 0.022070
2.588000 5.025000 0.022040
2.663000 5.025000 0.022010
2.738000 5.025000 0.021980
2.813000 5.025000 0.021950
2.888000 5.025000 0.021920
2.963000 5.025000 0.021890
3.038000 5.025000 0.021860
3.113000 5.025000 0.021840
3.188000 5.025000 0.021810
3.263000 5.025000 0.021790
3.338000 5.025000 0.021770
3.413000 5.025000 0.021750
3.488000 5.025000 0.021730
3.563000 5.025000 0.021710
3.638000 5.025000 0.021690
3.713000 5.025000 0.021670
3.788000 5.025000 0.021640
3.863000 5.025000 0.000000
-0.037500 5.175000 0.000000
0.037500 5.175000 0.000000
0.112500 5.175000 0.000000
0.187500 5.175000 0.000000
0.262500 5.175000 0.000000
0.337500 5.175000 0.000000
0.412500 5.175000 0.000000
0.487500 5.175000 0.000000
0.562500 5.175000 0.000000
0.637500 5.175000 0.000000
0.712500 5.175000 0.000000
0.787500 5.175000 0.000000
0.862500 5.175000 0.000000
0.937500 5.175000 0.000000
1.012000 5.175000 0.000000
1.087000 5.175000 0.000000
1.163000 5.175000 0.000000
1.238000 5.175000 0.000000
1.313000 5.175000 0.000000
1.388000 5.175000 0.000000
1.463000 5.175000 0.000000
1.538000 5.175000 0.000000
1.613000 5.175000 0.000000
1.688000 5.175000 0.000000
1.763000 5.175000 0.000000
1.838000 5.175000 0.000000
1.913000 5.175000 0.000000
1.988000 5.175000 0.000000
2.063000 5.175000 0.000000
2.138000 5.175000 0.000000
2.213000 5.175000 0.000000
2.288000 5.175000 0.000000
2.363000 5.175000 0.000000
2.438000 5.175000 0.000000
2.513000 5.175000 0.000000
2.588000 5.175000 0.000000
2.663000 5.175000 0.000000
2.738000 5.175000 0.000000
2.813000 5.175000 0.000000
2.888000 5.175000 0.000000
2.963000 5.175000 0.000000
3.038000 5.175000 0.000000
3.113000 5.175000 0.000000
3.188000 5.175000 0.000000
3.263000 5.175000 0.000000
3.338000 5.175000 0.000000
3.413000 5.175000 0.000000
3.488000 5.175000 0.000000
3.563000 5.175000 0.000000
3.638000 5.175000 0.000000
3.713000 5.175000 0.000000
3.788000 5.175000 0.000000
3.863000 5.175000 0.000000
