-0.037500 -0.075000 0.000000
0.037500 -0.075000 0.000000
0.112500 -0.075000 0.000000
0.187500 -0.075000 0.000000
0.262500 -0.075000 0.000000
0.337500 -0.075000 0.000000
0.412500 -0.075000 0.000000
0.487500 -0.075000 0.000000
0.562500 -0.075000 0.000000
0.637500 -0.075000 0.000000
0.712500 -0.075000 0.000000
0.787500 -0.075000 0.000000
0.862500 -0.075000 0.000000
0.937500 -0.075000 0.000000
1.012000 -0.075000 0.000000
1.087000 -0.075000 0.000000
1.163000 -0.075000 0.000000
1.238000 -0.075000 0.000000
1.313000 -0.075000 0.000000
1.388000 -0.075000 0.000000
1.463000 -0.075000 0.000000
1.538000 -0.075000 0.000000
1.613000 -0.075000 0.000000
1.688000 -0.075000 0.000000
1.763000 -0.075000 0.000000
1.838000 -0.075000 0.000000
1.913000 -0.075000 0.000000
1.988000 -0.075000 0.000000
2.063000 -0.075000 0.000000
2.138000 -0.075000 0.000000
2.213000 -0.075000 0.000000
2.288000 -0.075000 0.000000
2.363000 -0.075000 0.000000
2.438000 -0.075000 0.000000
2.513000 -0.075000 0.000000
2.588000 -0.075000 0.000000
2.663000 -0.075000 0.000000
2.738000 -0.075000 0.000000
2.813000 -0.075000 0.000000
2.888000 -0.075000 0.000000
2.963000 -0.075000 0.000000
3.038000 -0.075000 0.000000
3.113000 -0.075000 0.000000
3.188000 -0.075000 0.000000
3.263000 -0.075000 0.000000
3.338000 -0.075000 0.000000
3.413000 -0.075000 0.000000
3.488000 -0.075000 0.000000
3.563000 -0.075000 0.000000
3.638000 -0.075000 0.000000
3.713000 -0.075000 0.000000
3.788000 -0.075000 0.000000
3.863000 -0.075000 0.000000
-0.037500 0.075000 0.000000
0.037500 0.075000 0.003660
0.112500 0.075000 0.007310
0.187500 0.075000 0.010970
0.262500 0.075000 0.014620
0.337500 0.075000 0.018280
0.412500 0.075000 0.021930
0.487500 0.075000 0.025570
0.562500 0.075000 0.029210
0.637500 0.075000 0.032840
0.712500 0.075000 0.036450
0.787500 0.075000 0.040030
0.862500 0.075000 0.043580
0.937500 0.075000 0.047080
1.012000 0.075000 0.050520
1.087000 0.075000 0.053870
1.163000 0.075000 0.057130
1.238000 0.075000 0.060250
1.313000 0.075000 0.063220
1.388000 0.075000 0.065990
1.463000 0.075000 0.068530
1.538000 0.075000 0.070800
1.613000 0.075000 0.072750
1.688000 0.075000 0.074360
1.763000 0.075000 0.075570
1.838000 0.075000 0.076390
1.913000 0.075000 0.076780
1.988000 0.075000 0.076740
2.063000 0.075000 0.076310
2.138000 0.075000 0.075490
2.213000 0.075000 0.074340
2.288000 0.075000 0.072900
2.363000 0.075000 0.071220
2.438000 0.075000 0.069350
2.513000 0.075000 0.067340
2.588000 0.075000 0.065240
2.663000 0.075000 0.063090
2.738000 0.075000 0.060920
2.813000 0.075000 0.058750
2.888000 0.075000 0.056610
2.963000 0.075000 0.054520
3.038000 0.075000 0.052480
3.113000 0.075000 0.050500
3.188000 0.075000 0.048600
3.263000 0.075000 0.046760
3.338000 0.075000 0.045010
3.413000 0.075000 0.043320
3.488000 0.075000 0.041710
3.563000 0.075000 0.040180
3.638000 0.075000 0.038710
3.713000 0.075000 0.037310
3.788000 0.075000 0.035980
3.863000 0.075000 0.000000
-0.037500 0.225000 0.000000
0.037500 0.225000 0.003660
0.112500 0.225000 0.007310
0.187500 0.225000 0.010970
0.262500 0.225000 0.014620
0.337500 0.225000 0.018280
0.412500 0.225000 0.021930
0.487500 0.225000 0.025570
0.562500 0.225000 0.029210
0.637500 0.225000 0.032840
0.712500 0.225000 0.036450
0.787500 0.225000 0.040030
0.862500 0.225000 0.043580
0.937500 0.225000 0.047080
1.012000 0.225000 0.050520
1.087000 0.225000 0.053870
1.163000 0.225000 0.057130
1.238000 0.225000 0.060250
1.313000 0.225000 0.063220
1.388000 0.225000 0.065990
1.463000 0.225000 0.068530
1.538000 0.225000 0.070800
1.613000 0.225000 0.072750
1.688000 0.225000 0.074360
1.763000 0.225000 0.075570
1.838000 0.225000 0.076390
1.913000 0.225000 0.076780
1.988000 0.225000 0.076740
2.063000 0.225000 0.076310
2.138000 0.225000 0.075490
2.213000 0.225000 0.074340
2.288000 0.225000 0.072900
2.363000 0.225000 0.071220
2.438000 0.225000 0.069350
2.513000 0.225000 0.067340
2.588000 0.225000 0.065240
2.663000 0.225000 0.063090
2.738000 0.225000 0.060920
2.813000 0.225000 0.058750
2.888000 0.225000 0.056610
2.963000 0.225000 0.054520
3.038000 0.225000 0.052480
3.113000 0.225000 0.050500
3.188000 0.225000 0.048600
3.263000 0.225000 0.046760
3.338000 0.225000 0.045010
3.413000 0.225000 0.043320
3.488000 0.225000 0.041710
3.563000 0.225000 0.040180
3.638000 0.225000 0.038710
3.713000 0.225000 0.037310
3.788000 0.225000 0.035980
3.863000 0.225000 0.000000
-0.037500 0.375000 0.000000
0.037500 0.375000 0.007546
0.112500 0.375000 0.008381
0.187500 0.375000 0.009667
0.262500 0.375000 0.011230
0.337500 0.375000 0.012960
0.412500 0.375000 0.014800
0.487500 0.375000 0.016720
0.562500 0.375000 0.018680
0.637500 0.375000 0.020660
0.712500 0.375000 0.022660
0.787500 0.375000 0.024660
0.862500 0.375000 0.026650
0.937500 0.375000 0.028610
1.012000 0.375000 0.030540
1.087000 0.375000 0.032420
1.163000 0.375000 0.034240
1.238000 0.375000 0.035980
1.313000 0.375000 0.037620
1.388000 0.375000 0.039150
1.463000 0.375000 0.040540
1.538000 0.375000 0.041770
1.613000 0.375000 0.042830
1.688000 0.375000 0.043690
1.763000 0.375000 0.044340
1.838000 0.375000 0.044770
1.913000 0.375000 0.044970
1.988000 0.375000 0.044950
2.063000 0.375000 0.044710
2.138000 0.375000 0.044270
2.213000 0.375000 0.043650
2.288000 0.375000 0.042860
2.363000 0.375000 0.041950
2.438000 0.375000 0.040920
2.513000 0.375000 0.039810
2.588000 0.375000 0.038640
2.663000 0.375000 0.037430
2.738000 0.375000 0.036200
2.813000 0.375000 0.034970
2.888000 0.375000 0.033750
2.963000 0.375000 0.032550
3.038000 0.375000 0.031370
3.113000 0.375000 0.030230
3.188000 0.375000 0.029130
3.263000 0.375000 0.028080
3.338000 0.375000 0.027070
3.413000 0.375000 0.026120
3.488000 0.375000 0.025220
3.563000 0.375000 0.024400
3.638000 0.375000 0.023680
3.713000 0.375000 0.023080
3.788000 0.375000 0.022700
3.863000 0.375000 0.000000
-0.037500 0.525000 0.000000
0.037500 0.525000 0.006553
0.112500 0.525000 0.006807
0.187500 0.525000 0.007272
0.262500 0.525000 0.007897
0.337500 0.525000 0.008642
0.412500 0.525000 0.009472
0.487500 0.525000 0.010370
0.562500 0.525000 0.011300
0.637500 0.525000 0.012270
0.712500 0.525000 0.013250
0.787500 0.525000 0.014250
0.862500 0.525000 0.015240
0.937500 0.525000 0.016230
1.012000 0.525000 0.017200
1.087000 0.525000 0.018140
1.163000 0.525000 0.019060
1.238000 0.525000 0.019930
1.313000 0.525000 0.020740
1.388000 0.525000 0.021500
1.463000 0.525000 0.022180
1.538000 0.525000 0.022780
1.613000 0.525000 0.023300
1.688000 0.525000 0.023710
1.763000 0.525000 0.024020
1.838000 0.525000 0.024230
1.913000 0.525000 0.024320
1.988000 0.525000 0.024300
2.063000 0.525000 0.024180
2.138000 0.525000 0.023960
2.213000 0.525000 0.023650
2.288000 0.525000 0.023260
2.363000 0.525000 0.022810
2.438000 0.525000 0.022290
2.513000 0.525000 0.021730
2.588000 0.525000 0.021140
2.663000 0.525000 0.020530
2.738000 0.525000 0.019900
2.813000 0.525000 0.019270
2.888000 0.525000 0.018640
2.963000 0.525000 0.018010
3.038000 0.525000 0.017400
3.113000 0.525000 0.016810
3.188000 0.525000 0.016250
3.263000 0.525000 0.015710
3.338000 0.525000 0.015200
3.413000 0.525000 0.014720
3.488000 0.525000 0.014290
3.563000 0.525000 0.013900
3.638000 0.525000 0.013580
3.713000 0.525000 0.013320
3.788000 0.525000 0.013140
3.863000 0.525000 0.000000
-0.037500 0.675000 0.000000
0.037500 0.675000 0.005423
0.112500 0.675000 0.005512
0.187500 0.675000 0.005688
0.262500 0.675000 0.005941
0.337500 0.675000 0.006259
0.412500 0.675000 0.006631
0.487500 0.675000 0.007045
0.562500 0.675000 0.007492
0.637500 0.675000 0.007964
0.712500 0.675000 0.008453
0.787500 0.675000 0.008953
0.862500 0.675000 0.009457
0.937500 0.675000 0.009960
1.012000 0.675000 0.010460
1.087000 0.675000 0.010940
1.163000 0.675000 0.011410
1.238000 0.675000 0.011850
1.313000 0.675000 0.012260
1.388000 0.675000 0.012640
1.463000 0.675000 0.012990
1.538000 0.675000 0.013290
1.613000 0.675000 0.013540
1.688000 0.675000 0.013750
1.763000 0.675000 0.013900
1.838000 0.675000 0.014000
1.913000 0.675000 0.014040
1.988000 0.675000 0.014030
2.063000 0.675000 0.013970
2.138000 0.675000 0.013860
2.213000 0.675000 0.013700
2.288000 0.675000 0.013500
2.363000 0.675000 0.013270
2.438000 0.675000 0.013000
2.513000 0.675000 0.012720
2.588000 0.675000 0.012410
2.663000 0.675000 0.012090
2.738000 0.675000 0.011760
2.813000 0.675000 0.011420
2.888000 0.675000 0.011080
2.963000 0.675000 0.010750
3.038000 0.675000 0.010430
3.113000 0.675000 0.010110
3.188000 0.675000 0.009814
3.263000 0.675000 0.009532
3.338000 0.675000 0.009271
3.413000 0.675000 0.009035
3.488000 0.675000 0.008828
3.563000 0.675000 0.008655
3.638000 0.675000 0.008519
3.713000 0.675000 0.008423
3.788000 0.675000 0.008365
3.863000 0.675000 0.000000
-0.037500 0.825000 0.000000
0.037500 0.825000 0.004614
0.112500 0.825000 0.004666
0.187500 0.825000 0.004772
0.262500 0.825000 0.004927
0.337500 0.825000 0.005126
0.412500 0.825000 0.005362
0.487500 0.825000 0.005629
0.562500 0.825000 0.005921
0.637500 0.825000 0.006233
0.712500 0.825000 0.006559
0.787500 0.825000 0.006894
0.862500 0.825000 0.007234
0.937500 0.825000 0.007574
1.012000 0.825000 0.007911
1.087000 0.825000 0.008239
1.163000 0.825000 0.008555
1.238000 0.825000 0.008855
1.313000 0.825000 0.009135
1.388000 0.825000 0.009393
1.463000 0.825000 0.009624
1.538000 0.825000 0.009826
1.613000 0.825000 0.009996
1.688000 0.825000 0.010130
1.763000 0.825000 0.010230
1.838000 0.825000 0.010300
1.913000 0.825000 0.010330
1.988000 0.825000 0.010320
2.063000 0.825000 0.010270
2.138000 0.825000 0.010200
2.213000 0.825000 0.010090
2.288000 0.825000 0.009958
2.363000 0.825000 0.009799
2.438000 0.825000 0.009619
2.513000 0.825000 0.009421
2.588000 0.825000 0.009209
2.663000 0.825000 0.008986
2.738000 0.825000 0.008757
2.813000 0.825000 0.008524
2.888000 0.825000 0.008291
2.963000 0.825000 0.008060
3.038000 0.825000 0.007834
3.113000 0.825000 0.007617
3.188000 0.825000 0.007411
3.263000 0.825000 0.007219
3.338000 0.825000 0.007043
3.413000 0.825000 0.006887
3.488000 0.825000 0.006754
3.563000 0.825000 0.006646
3.638000 0.825000 0.006566
3.713000 0.825000 0.006515
3.788000 0.825000 0.006487
3.863000 0.825000 0.000000
-0.037500 0.975000 0.000000
0.037500 0.975000 0.003832
0.112500 0.975000 0.003868
0.187500 0.975000 0.003937
0.262500 0.975000 0.004040
0.337500 0.975000 0.004171
0.412500 0.975000 0.004328
0.487500 0.975000 0.004508
0.562500 0.975000 0.004705
0.637500 0.975000 0.004918
0.712500 0.975000 0.005141
0.787500 0.975000 0.005372
0.862500 0.975000 0.005608
0.937500 0.975000 0.005844
1.012000 0.975000 0.006077
1.087000 0.975000 0.006306
1.163000 0.975000 0.006526
1.238000 0.975000 0.006734
1.313000 0.975000 0.006929
1.388000 0.975000 0.007108
1.463000 0.975000 0.007268
1.538000 0.975000 0.007408
1.613000 0.975000 0.007525
1.688000 0.975000 0.007619
1.763000 0.975000 0.007688
1.838000 0.975000 0.007732
1.913000 0.975000 0.007751
1.988000 0.975000 0.007745
2.063000 0.975000 0.007715
2.138000 0.975000 0.007662
2.213000 0.975000 0.007587
2.288000 0.975000 0.007493
2.363000 0.975000 0.007382
2.438000 0.975000 0.007255
2.513000 0.975000 0.007115
2.588000 0.975000 0.006966
2.663000 0.975000 0.006808
2.738000 0.975000 0.006646
2.813000 0.975000 0.006480
2.888000 0.975000 0.006315
2.963000 0.975000 0.006151
3.038000 0.975000 0.005991
3.113000 0.975000 0.005838
3.188000 0.975000 0.005693
3.263000 0.975000 0.005559
3.338000 0.975000 0.005438
3.413000 0.975000 0.005332
3.488000 0.975000 0.005244
3.563000 0.975000 0.005175
3.638000 0.975000 0.005127
3.713000 0.975000 0.005099
3.788000 0.975000 0.005087
3.863000 0.975000 0.000000
-0.037500 1.125000 0.000000
0.037500 1.125000 0.003200
0.112500 1.125000 0.003226
0.187500 1.125000 0.003277
0.262500 1.125000 0.003351
0.337500 1.125000 0.003445
0.412500 1.125000 0.003559
0.487500 1.125000 0.003689
0.562500 1.125000 0.003833
0.637500 1.125000 0.003989
0.712500 1.125000 0.004153
0.787500 1.125000 0.004323
0.862500 1.125000 0.004497
0.937500 1.125000 0.004671
1.012000 1.125000 0.004844
1.087000 1.125000 0.005014
1.163000 1.125000 0.005177
1.238000 1.125000 0.005332
1.313000 1.125000 0.005476
1.388000 1.125000 0.005608
1.463000 1.125000 0.005727
1.538000 1.125000 0.005830
1.613000 1.125000 0.005917
1.688000 1.125000 0.005986
1.763000 1.125000 0.006037
1.838000 1.125000 0.006069
1.913000 1.125000 0.006083
1.988000 1.125000 0.006078
2.063000 1.125000 0.006055
2.138000 1.125000 0.006015
2.213000 1.125000 0.005960
2.288000 1.125000 0.005889
2.363000 1.125000 0.005806
2.438000 1.125000 0.005711
2.513000 1.125000 0.005607
2.588000 1.125000 0.005494
2.663000 1.125000 0.005376
2.738000 1.125000 0.005254
2.813000 1.125000 0.005130
2.888000 1.125000 0.005005
2.963000 1.125000 0.004882
3.038000 1.125000 0.004763
3.113000 1.125000 0.004648
3.188000 1.125000 0.004540
3.263000 1.125000 0.004441
3.338000 1.125000 0.004352
3.413000 1.125000 0.004275
3.488000 1.125000 0.004211
3.563000 1.125000 0.004163
3.638000 1.125000 0.004129
3.713000 1.125000 0.004112
3.788000 1.125000 0.004105
3.863000 1.125000 0.000000
-0.037500 1.275000 0.000000
0.037500 1.275000 0.002225
0.112500 1.275000 0.002243
0.187500 1.275000 0.002277
0.262500 1.275000 0.002325
0.337500 1.275000 0.002386
0.412500 1.275000 0.002459
0.487500 1.275000 0.002544
0.562500 1.275000 0.002637
0.637500 1.275000 0.002738
0.712500 1.275000 0.002844
0.787500 1.275000 0.002955
0.862500 1.275000 0.003068
0.937500 1.275000 0.003182
1.012000 1.275000 0.003295
1.087000 1.275000 0.003406
1.163000 1.275000 0.003512
1.238000 1.275000 0.003614
1.313000 1.275000 0.003708
1.388000 1.275000 0.003795
1.463000 1.275000 0.003872
1.538000 1.275000 0.003939
1.613000 1.275000 0.003996
1.688000 1.275000 0.004041
1.763000 1.275000 0.004074
1.838000 1.275000 0.004096
1.913000 1.275000 0.004105
1.988000 1.275000 0.004101
2.063000 1.275000 0.004087
2.138000 1.275000 0.004061
2.213000 1.275000 0.004024
2.288000 1.275000 0.003978
2.363000 1.275000 0.003924
2.438000 1.275000 0.003862
2.513000 1.275000 0.003793
2.588000 1.275000 0.003719
2.663000 1.275000 0.003642
2.738000 1.275000 0.003562
2.813000 1.275000 0.003480
2.888000 1.275000 0.003398
2.963000 1.275000 0.003318
3.038000 1.275000 0.003239
3.113000 1.275000 0.003164
3.188000 1.275000 0.003094
3.263000 1.275000 0.003030
3.338000 1.275000 0.002972
3.413000 1.275000 0.002923
3.488000 1.275000 0.002883
3.563000 1.275000 0.002853
3.638000 1.275000 0.002833
3.713000 1.275000 0.002824
3.788000 1.275000 0.002820
3.863000 1.275000 0.000000
-0.037500 1.425000 0.000000
0.037500 1.425000 0.001335
0.112500 1.425000 0.001344
0.187500 1.425000 0.001362
0.262500 1.425000 0.001389
0.337500 1.425000 0.001422
0.412500 1.425000 0.001462
0.487500 1.425000 0.001509
0.562500 1.425000 0.001560
0.637500 1.425000 0.001616
0.712500 1.425000 0.001675
0.787500 1.425000 0.001736
0.862500 1.425000 0.001799
0.937500 1.425000 0.001862
1.012000 1.425000 0.001925
1.087000 1.425000 0.001986
1.163000 1.425000 0.002045
1.238000 1.425000 0.002102
1.313000 1.425000 0.002154
1.388000 1.425000 0.002202
1.463000 1.425000 0.002245
1.538000 1.425000 0.002283
1.613000 1.425000 0.002314
1.688000 1.425000 0.002340
1.763000 1.425000 0.002358
1.838000 1.425000 0.002370
1.913000 1.425000 0.002375
1.988000 1.425000 0.002373
2.063000 1.425000 0.002365
2.138000 1.425000 0.002350
2.213000 1.425000 0.002330
2.288000 1.425000 0.002304
2.363000 1.425000 0.002274
2.438000 1.425000 0.002239
2.513000 1.425000 0.002201
2.588000 1.425000 0.002160
2.663000 1.425000 0.002116
2.738000 1.425000 0.002071
2.813000 1.425000 0.002026
2.888000 1.425000 0.001980
2.963000 1.425000 0.001935
3.038000 1.425000 0.001891
3.113000 1.425000 0.001850
3.188000 1.425000 0.001811
3.263000 1.425000 0.001775
3.338000 1.425000 0.001744
3.413000 1.425000 0.001717
3.488000 1.425000 0.001695
3.563000 1.425000 0.001679
3.638000 1.425000 0.001668
3.713000 1.425000 0.001662
3.788000 1.425000 0.001657
3.863000 1.425000 0.000000
-0.037500 1.575000 0.000000
0.037500 1.575000 0.000788
0.112500 1.575000 0.000792
0.187500 1.575000 0.000802
0.262500 1.575000 0.000816
0.337500 1.575000 0.000834
0.412500 1.575000 0.000856
0.487500 1.575000 0.000881
0.562500 1.575000 0.000909
0.637500 1.575000 0.000940
0.712500 1.575000 0.000972
0.787500 1.575000 0.001006
0.862500 1.575000 0.001040
0.937500 1.575000 0.001075
1.012000 1.575000 0.001110
1.087000 1.575000 0.001143
1.163000 1.575000 0.001176
1.238000 1.575000 0.001207
1.313000 1.575000 0.001236
1.388000 1.575000 0.001263
1.463000 1.575000 0.001286
1.538000 1.575000 0.001307
1.613000 1.575000 0.001324
1.688000 1.575000 0.001338
1.763000 1.575000 0.001348
1.838000 1.575000 0.001355
1.913000 1.575000 0.001358
1.988000 1.575000 0.001357
2.063000 1.575000 0.001352
2.138000 1.575000 0.001344
2.213000 1.575000 0.001333
2.288000 1.575000 0.001319
2.363000 1.575000 0.001302
2.438000 1.575000 0.001283
2.513000 1.575000 0.001261
2.588000 1.575000 0.001239
2.663000 1.575000 0.001215
2.738000 1.575000 0.001190
2.813000 1.575000 0.001165
2.888000 1.575000 0.001140
2.963000 1.575000 0.001115
3.038000 1.575000 0.001091
3.113000 1.575000 0.001068
3.188000 1.575000 0.001047
3.263000 1.575000 0.001027
3.338000 1.575000 0.001010
3.413000 1.575000 0.000996
3.488000 1.575000 0.000984
3.563000 1.575000 0.000975
3.638000 1.575000 0.000968
3.713000 1.575000 0.000965
3.788000 1.575000 0.000961
3.863000 1.575000 0.000000
-0.037500 1.725000 0.000000
0.037500 1.725000 0.000453
0.112500 1.725000 0.000455
0.187500 1.725000 0.000461
0.262500 1.725000 0.000468
0.337500 1.725000 0.000478
0.412500 1.725000 0.000490
0.487500 1.725000 0.000503
0.562500 1.725000 0.000518
0.637500 1.725000 0.000535
0.712500 1.725000 0.000552
0.787500 1.725000 0.000570
0.862500 1.725000 0.000589
0.937500 1.725000 0.000608
1.012000 1.725000 0.000627
1.087000 1.725000 0.000645
1.163000 1.725000 0.000663
1.238000 1.725000 0.000680
1.313000 1.725000 0.000695
1.388000 1.725000 0.000710
1.463000 1.725000 0.000723
1.538000 1.725000 0.000734
1.613000 1.725000 0.000743
1.688000 1.725000 0.000751
1.763000 1.725000 0.000756
1.838000 1.725000 0.000760
1.913000 1.725000 0.000761
1.988000 1.725000 0.000761
2.063000 1.725000 0.000759
2.138000 1.725000 0.000754
2.213000 1.725000 0.000748
2.288000 1.725000 0.000740
2.363000 1.725000 0.000731
2.438000 1.725000 0.000721
2.513000 1.725000 0.000709
2.588000 1.725000 0.000697
2.663000 1.725000 0.000684
2.738000 1.725000 0.000670
2.813000 1.725000 0.000657
2.888000 1.725000 0.000643
2.963000 1.725000 0.000630
3.038000 1.725000 0.000617
3.113000 1.725000 0.000605
3.188000 1.725000 0.000593
3.263000 1.725000 0.000583
3.338000 1.725000 0.000574
3.413000 1.725000 0.000566
3.488000 1.725000 0.000560
3.563000 1.725000 0.000555
3.638000 1.725000 0.000552
3.713000 1.725000 0.000549
3.788000 1.725000 0.000547
3.863000 1.725000 0.000000
-0.037500 1.875000 0.000000
0.037500 1.875000 0.000253
0.112500 1.875000 0.000254
0.187500 1.875000 0.000257
0.262500 1.875000 0.000261
0.337500 1.875000 0.000266
0.412500 1.875000 0.000272
0.487500 1.875000 0.000280
0.562500 1.875000 0.000288
0.637500 1.875000 0.000296
0.712500 1.875000 0.000305
0.787500 1.875000 0.000315
0.862500 1.875000 0.000325
0.937500 1.875000 0.000335
1.012000 1.875000 0.000345
1.087000 1.875000 0.000355
1.163000 1.875000 0.000364
1.238000 1.875000 0.000373
1.313000 1.875000 0.000381
1.388000 1.875000 0.000389
1.463000 1.875000 0.000396
1.538000 1.875000 0.000402
1.613000 1.875000 0.000407
1.688000 1.875000 0.000411
1.763000 1.875000 0.000414
1.838000 1.875000 0.000416
1.913000 1.875000 0.000417
1.988000 1.875000 0.000416
2.063000 1.875000 0.000415
2.138000 1.875000 0.000413
2.213000 1.875000 0.000410
2.288000 1.875000 0.000406
2.363000 1.875000 0.000401
2.438000 1.875000 0.000395
2.513000 1.875000 0.000389
2.588000 1.875000 0.000383
2.663000 1.875000 0.000376
2.738000 1.875000 0.000369
2.813000 1.875000 0.000361
2.888000 1.875000 0.000354
2.963000 1.875000 0.000347
3.038000 1.875000 0.000340
3.113000 1.875000 0.000334
3.188000 1.875000 0.000328
3.263000 1.875000 0.000322
3.338000 1.875000 0.000318
3.413000 1.875000 0.000314
3.488000 1.875000 0.000310
3.563000 1.875000 0.000308
3.638000 1.875000 0.000306
3.713000 1.875000 0.000305
3.788000 1.875000 0.000304
3.863000 1.875000 0.000000
-0.037500 2.025000 0.000000
0.037500 2.025000 0.000135
0.112500 2.025000 0.000136
0.187500 2.025000 0.000137
0.262500 2.025000 0.000139
0.337500 2.025000 0.000142
0.412500 2.025000 0.000145
0.487500 2.025000 0.000148
0.562500 2.025000 0.000152
0.637500 2.025000 0.000157
0.712500 2.025000 0.000162
0.787500 2.025000 0.000167
0.862500 2.025000 0.000171
0.937500 2.025000 0.000177
1.012000 2.025000 0.000182
1.087000 2.025000 0.000187
1.163000 2.025000 0.000191
1.238000 2.025000 0.000196
1.313000 2.025000 0.000200
1.388000 2.025000 0.000204
1.463000 2.025000 0.000208
1.538000 2.025000 0.000211
1.613000 2.025000 0.000213
1.688000 2.025000 0.000215
1.763000 2.025000 0.000217
1.838000 2.025000 0.000218
1.913000 2.025000 0.000218
1.988000 2.025000 0.000218
2.063000 2.025000 0.000217
2.138000 2.025000 0.000216
2.213000 2.025000 0.000215
2.288000 2.025000 0.000213
2.363000 2.025000 0.000210
2.438000 2.025000 0.000207
2.513000 2.025000 0.000204
2.588000 2.025000 0.000201
2.663000 2.025000 0.000198
2.738000 2.025000 0.000194
2.813000 2.025000 0.000190
2.888000 2.025000 0.000187
2.963000 2.025000 0.000183
3.038000 2.025000 0.000180
3.113000 2.025000 0.000176
3.188000 2.025000 0.000173
3.263000 2.025000 0.000171
3.338000 2.025000 0.000168
3.413000 2.025000 0.000166
3.488000 2.025000 0.000165
3.563000 2.025000 0.000163
3.638000 2.025000 0.000163
3.713000 2.025000 0.000162
3.788000 2.025000 0.000161
3.863000 2.025000 0.000000
-0.037500 2.175000 0.000000
0.037500 2.175000 0.000064
0.112500 2.175000 0.000065
0.187500 2.175000 0.000065
0.262500 2.175000 0.000066
0.337500 2.175000 0.000067
0.412500 2.175000 0.000069
0.487500 2.175000 0.000070
0.562500 2.175000 0.000072
0.637500 2.175000 0.000074
0.712500 2.175000 0.000076
0.787500 2.175000 0.000078
0.862500 2.175000 0.000080
0.937500 2.175000 0.000083
1.012000 2.175000 0.000085
1.087000 2.175000 0.000087
1.163000 2.175000 0.000089
1.238000 2.175000 0.000091
1.313000 2.175000 0.000093
1.388000 2.175000 0.000095
1.463000 2.175000 0.000097
1.538000 2.175000 0.000098
1.613000 2.175000 0.000099
1.688000 2.175000 0.000100
1.763000 2.175000 0.000101
1.838000 2.175000 0.000101
1.913000 2.175000 0.000101
1.988000 2.175000 0.000101
2.063000 2.175000 0.000101
2.138000 2.175000 0.000101
2.213000 2.175000 0.000100
2.288000 2.175000 0.000099
2.363000 2.175000 0.000098
2.438000 2.175000 0.000097
2.513000 2.175000 0.000095
2.588000 2.175000 0.000094
2.663000 2.175000 0.000092
2.738000 2.175000 0.000091
2.813000 2.175000 0.000089
2.888000 2.175000 0.000087
2.963000 2.175000 0.000086
3.038000 2.175000 0.000084
3.113000 2.175000 0.000083
3.188000 2.175000 0.000082
3.263000 2.175000 0.000080
3.338000 2.175000 0.000079
3.413000 2.175000 0.000079
3.488000 2.175000 0.000078
3.563000 2.175000 0.000077
3.638000 2.175000 0.000077
3.713000 2.175000 0.000077
3.788000 2.175000 0.000077
3.863000 2.175000 0.000000
-0.037500 2.325000 0.000000
0.037500 2.325000 0.000034
0.112500 2.325000 0.000034
0.187500 2.325000 0.000034
0.262500 2.325000 0.000034
0.337500 2.325000 0.000035
0.412500 2.325000 0.000036
0.487500 2.325000 0.000036
0.562500 2.325000 0.000037
0.637500 2.325000 0.000038
0.712500 2.325000 0.000039
0.787500 2.325000 0.000040
0.862500 2.325000 0.000041
0.937500 2.325000 0.000042
1.012000 2.325000 0.000043
1.087000 2.325000 0.000044
1.163000 2.325000 0.000045
1.238000 2.325000 0.000046
1.313000 2.325000 0.000047
1.388000 2.325000 0.000048
1.463000 2.325000 0.000048
1.538000 2.325000 0.000049
1.613000 2.325000 0.000050
1.688000 2.325000 0.000050
1.763000 2.325000 0.000050
1.838000 2.325000 0.000050
1.913000 2.325000 0.000051
1.988000 2.325000 0.000051
2.063000 2.325000 0.000050
2.138000 2.325000 0.000050
2.213000 2.325000 0.000050
2.288000 2.325000 0.000049
2.363000 2.325000 0.000049
2.438000 2.325000 0.000048
2.513000 2.325000 0.000048
2.588000 2.325000 0.000047
2.663000 2.325000 0.000046
2.738000 2.325000 0.000046
2.813000 2.325000 0.000045
2.888000 2.325000 0.000044
2.963000 2.325000 0.000044
3.038000 2.325000 0.000043
3.113000 2.325000 0.000042
3.188000 2.325000 0.000042
3.263000 2.325000 0.000041
3.338000 2.325000 0.000041
3.413000 2.325000 0.000040
3.488000 2.325000 0.000040
3.563000 2.325000 0.000040
3.638000 2.325000 0.000040
3.713000 2.325000 0.000040
3.788000 2.325000 0.000040
3.863000 2.325000 0.000000
-0.037500 2.475000 0.000000
0.037500 2.475000 0.000023
0.112500 2.475000 0.000023
0.187500 2.475000 0.000023
0.262500 2.475000 0.000023
0.337500 2.475000 0.000024
0.412500 2.475000 0.000024
0.487500 2.475000 0.000024
0.562500 2.475000 0.000025
0.637500 2.475000 0.000026
0.712500 2.475000 0.000026
0.787500 2.475000 0.000027
0.862500 2.475000 0.000027
0.937500 2.475000 0.000028
1.012000 2.475000 0.000029
1.087000 2.475000 0.000029
1.163000 2.475000 0.000030
1.238000 2.475000 0.000031
1.313000 2.475000 0.000031
1.388000 2.475000 0.000032
1.463000 2.475000 0.000032
1.538000 2.475000 0.000032
1.613000 2.475000 0.000033
1.688000 2.475000 0.000033
1.763000 2.475000 0.000033
1.838000 2.475000 0.000033
1.913000 2.475000 0.000033
1.988000 2.475000 0.000033
2.063000 2.475000 0.000033
2.138000 2.475000 0.000033
2.213000 2.475000 0.000033
2.288000 2.475000 0.000033
2.363000 2.475000 0.000032
2.438000 2.475000 0.000032
2.513000 2.475000 0.000032
2.588000 2.475000 0.000031
2.663000 2.475000 0.000031
2.738000 2.475000 0.000030
2.813000 2.475000 0.000030
2.888000 2.475000 0.000030
2.963000 2.475000 0.000029
3.038000 2.475000 0.000029
3.113000 2.475000 0.000028
3.188000 2.475000 0.000028
3.263000 2.475000 0.000028
3.338000 2.475000 0.000027
3.413000 2.475000 0.000027
3.488000 2.475000 0.000027
3.563000 2.475000 0.000027
3.638000 2.475000 0.000027
3.713000 2.475000 0.000027
3.788000 2.475000 0.000027
3.863000 2.475000 0.000000
-0.037500 2.625000 0.000000
0.037500 2.625000 0.000016
0.112500 2.625000 0.000016
0.187500 2.625000 0.000016
0.262500 2.625000 0.000016
0.337500 2.625000 0.000016
0.412500 2.625000 0.000016
0.487500 2.625000 0.000017
0.562500 2.625000 0.000017
0.637500 2.625000 0.000017
0.712500 2.625000 0.000018
0.787500 2.625000 0.000018
0.862500 2.625000 0.000019
0.937500 2.625000 0.000019
1.012000 2.625000 0.000019
1.087000 2.625000 0.000020
1.163000 2.625000 0.000020
1.238000 2.625000 0.000021
1.313000 2.625000 0.000021
1.388000 2.625000 0.000021
1.463000 2.625000 0.000022
1.538000 2.625000 0.000022
1.613000 2.625000 0.000022
1.688000 2.625000 0.000022
1.763000 2.625000 0.000022
1.838000 2.625000 0.000022
1.913000 2.625000 0.000022
1.988000 2.625000 0.000022
2.063000 2.625000 0.000022
2.138000 2.625000 0.000022
2.213000 2.625000 0.000022
2.288000 2.625000 0.000022
2.363000 2.625000 0.000022
2.438000 2.625000 0.000022
2.513000 2.625000 0.000021
2.588000 2.625000 0.000021
2.663000 2.625000 0.000021
2.738000 2.625000 0.000021
2.813000 2.625000 0.000020
2.888000 2.625000 0.000020
2.963000 2.625000 0.000020
3.038000 2.625000 0.000019
3.113000 2.625000 0.000019
3.188000 2.625000 0.000019
3.263000 2.625000 0.000019
3.338000 2.625000 0.000019
3.413000 2.625000 0.000019
3.488000 2.625000 0.000019
3.563000 2.625000 0.000019
3.638000 2.625000 0.000019
3.713000 2.625000 0.000019
3.788000 2.625000 0.000019
3.863000 2.625000 0.000000
-0.037500 2.775000 0.000000
0.037500 2.775000 0.000011
0.112500 2.775000 0.000011
0.187500 2.775000 0.000011
0.262500 2.775000 0.000011
0.337500 2.775000 0.000012
0.412500 2.775000 0.000012
0.487500 2.775000 0.000012
0.562500 2.775000 0.000012
0.637500 2.775000 0.000012
0.712500 2.775000 0.000013
0.787500 2.775000 0.000013
0.862500 2.775000 0.000013
0.937500 2.775000 0.000014
1.012000 2.775000 0.000014
1.087000 2.775000 0.000014
1.163000 2.775000 0.000014
1.238000 2.775000 0.000015
1.313000 2.775000 0.000015
1.388000 2.775000 0.000015
1.463000 2.775000 0.000015
1.538000 2.775000 0.000015
1.613000 2.775000 0.000016
1.688000 2.775000 0.000016
1.763000 2.775000 0.000016
1.838000 2.775000 0.000016
1.913000 2.775000 0.000016
1.988000 2.775000 0.000016
2.063000 2.775000 0.000016
2.138000 2.775000 0.000016
2.213000 2.775000 0.000016
2.288000 2.775000 0.000016
2.363000 2.775000 0.000016
2.438000 2.775000 0.000015
2.513000 2.775000 0.000015
2.588000 2.775000 0.000015
2.663000 2.775000 0.000015
2.738000 2.775000 0.000015
2.813000 2.775000 0.000015
2.888000 2.775000 0.000014
2.963000 2.775000 0.000014
3.038000 2.775000 0.000014
3.113000 2.775000 0.000014
3.188000 2.775000 0.000014
3.263000 2.775000 0.000014
3.338000 2.775000 0.000014
3.413000 2.775000 0.000013
3.488000 2.775000 0.000013
3.563000 2.775000 0.000013
3.638000 2.775000 0.000013
3.713000 2.775000 0.000014
3.788000 2.775000 0.000014
3.863000 2.775000 0.000000
-0.037500 2.925000 0.000000
0.037500 2.925000 0.000006
0.112500 2.925000 0.000006
0.187500 2.925000 0.000007
0.262500 2.925000 0.000007
0.337500 2.925000 0.000007
0.412500 2.925000 0.000007
0.487500 2.925000 0.000007
0.562500 2.925000 0.000007
0.637500 2.925000 0.000007
0.712500 2.925000 0.000007
0.787500 2.925000 0.000008
0.862500 2.925000 0.000008
0.937500 2.925000 0.000008
1.012000 2.925000 0.000008
1.087000 2.925000 0.000008
1.163000 2.925000 0.000008
1.238000 2.925000 0.000009
1.313000 2.925000 0.000009
1.388000 2.925000 0.000009
1.463000 2.925000 0.000009
1.538000 2.925000 0.000009
1.613000 2.925000 0.000009
1.688000 2.925000 0.000009
1.763000 2.925000 0.000009
1.838000 2.925000 0.000009
1.913000 2.925000 0.000009
1.988000 2.925000 0.000009
2.063000 2.925000 0.000009
2.138000 2.925000 0.000009
2.213000 2.925000 0.000009
2.288000 2.925000 0.000009
2.363000 2.925000 0.000009
2.438000 2.925000 0.000009
2.513000 2.925000 0.000009
2.588000 2.925000 0.000009
2.663000 2.925000 0.000009
2.738000 2.925000 0.000009
2.813000 2.925000 0.000009
2.888000 2.925000 0.000008
2.963000 2.925000 0.000008
3.038000 2.925000 0.000008
3.113000 2.925000 0.000008
3.188000 2.925000 0.000008
3.263000 2.925000 0.000008
3.338000 2.925000 0.000008
3.413000 2.925000 0.000008
3.488000 2.925000 0.000008
3.563000 2.925000 0.000008
3.638000 2.925000 0.000008
3.713000 2.925000 0.000008
3.788000 2.925000 0.000008
3.863000 2.925000 0.000000
-0.037500 3.075000 0.000000
0.037500 3.075000 0.000003
0.112500 3.075000 0.000003
0.187500 3.075000 0.000003
0.262500 3.075000 0.000003
0.337500 3.075000 0.000003
0.412500 3.075000 0.000003
0.487500 3.075000 0.000003
0.562500 3.075000 0.000003
0.637500 3.075000 0.000003
0.712500 3.075000 0.000004
0.787500 3.075000 0.000004
0.862500 3.075000 0.000004
0.937500 3.075000 0.000004
1.012000 3.075000 0.000004
1.087000 3.075000 0.000004
1.163000 3.075000 0.000004
1.238000 3.075000 0.000004
1.313000 3.075000 0.000004
1.388000 3.075000 0.000004
1.463000 3.075000 0.000004
1.538000 3.075000 0.000004
1.613000 3.075000 0.000004
1.688000 3.075000 0.000004
1.763000 3.075000 0.000004
1.838000 3.075000 0.000004
1.913000 3.075000 0.000004
1.988000 3.075000 0.000004
2.063000 3.075000 0.000004
2.138000 3.075000 0.000004
2.213000 3.075000 0.000004
2.288000 3.075000 0.000004
2.363000 3.075000 0.000004
2.438000 3.075000 0.000004
2.513000 3.075000 0.000004
2.588000 3.075000 0.000004
2.663000 3.075000 0.000004
2.738000 3.075000 0.000004
2.813000 3.075000 0.000004
2.888000 3.075000 0.000004
2.963000 3.075000 0.000004
3.038000 3.075000 0.000004
3.113000 3.075000 0.000004
3.188000 3.075000 0.000004
3.263000 3.075000 0.000004
3.338000 3.075000 0.000004
3.413000 3.075000 0.000004
3.488000 3.075000 0.000004
3.563000 3.075000 0.000004
3.638000 3.075000 0.000004
3.713000 3.075000 0.000004
3.788000 3.075000 0.000004
3.863000 3.075000 0.000000
-0.037500 3.225000 0.000000
0.037500 3.225000 0.000001
0.112500 3.225000 0.000001
0.187500 3.225000 0.000002
0.262500 3.225000 0.000002
0.337500 3.225000 0.000002
0.412500 3.225000 0.000002
0.487500 3.225000 0.000002
0.562500 3.225000 0.000002
0.637500 3.225000 0.000002
0.712500 3.225000 0.000002
0.787500 3.225000 0.000002
0.862500 3.225000 0.000002
0.937500 3.225000 0.000002
1.012000 3.225000 0.000002
1.087000 3.225000 0.000002
1.163000 3.225000 0.000002
1.238000 3.225000 0.000002
1.313000 3.225000 0.000002
1.388000 3.225000 0.000002
1.463000 3.225000 0.000002
1.538000 3.225000 0.000002
1.613000 3.225000 0.000002
1.688000 3.225000 0.000002
1.763000 3.225000 0.000002
1.838000 3.225000 0.000002
1.913000 3.225000 0.000002
1.988000 3.225000 0.000002
2.063000 3.225000 0.000002
2.138000 3.225000 0.000002
2.213000 3.225000 0.000002
2.288000 3.225000 0.000002
2.363000 3.225000 0.000002
2.438000 3.225000 0.000002
2.513000 3.225000 0.000002
2.588000 3.225000 0.000002
2.663000 3.225000 0.000002
2.738000 3.225000 0.000002
2.813000 3.225000 0.000002
2.888000 3.225000 0.000002
2.963000 3.225000 0.000002
3.038000 3.225000 0.000002
3.113000 3.225000 0.000002
3.188000 3.225000 0.000002
3.263000 3.225000 0.000002
3.338000 3.225000 0.000002
3.413000 3.225000 0.000002
3.488000 3.225000 0.000002
3.563000 3.225000 0.000002
3.638000 3.225000 0.000002
3.713000 3.225000 0.000002
3.788000 3.225000 0.000002
3.863000 3.225000 0.000000
-0.037500 3.375000 0.000000
0.037500 3.375000 0.000001
0.112500 3.375000 0.000001
0.187500 3.375000 0.000001
0.262500 3.375000 0.000001
0.337500 3.375000 0.000001
0.412500 3.375000 0.000001
0.487500 3.375000 0.000001
0.562500 3.375000 0.000001
0.637500 3.375000 0.000001
0.712500 3.375000 0.000001
0.787500 3.375000 0.000001
0.862500 3.375000 0.000001
0.937500 3.375000 0.000001
1.012000 3.375000 0.000001
1.087000 3.375000 0.000001
1.163000 3.375000 0.000001
1.238000 3.375000 0.000001
1.313000 3.375000 0.000001
1.388000 3.375000 0.000001
1.463000 3.375000 0.000001
1.538000 3.375000 0.000001
1.613000 3.375000 0.000001
1.688000 3.375000 0.000001
1.763000 3.375000 0.000001
1.838000 3.375000 0.000001
1.913000 3.375000 0.000001
1.988000 3.375000 0.000001
2.063000 3.375000 0.000001
2.138000 3.375000 0.000001
2.213000 3.375000 0.000001
2.288000 3.375000 0.000001
2.363000 3.375000 0.000001
2.438000 3.375000 0.000001
2.513000 3.375000 0.000001
2.588000 3.375000 0.000001
2.663000 3.375000 0.000001
2.738000 3.375000 0.000001
2.813000 3.375000 0.000001
2.888000 3.375000 0.000001
2.963000 3.375000 0.000001
3.038000 3.375000 0.000001
3.113000 3.375000 0.000001
3.188000 3.375000 0.000001
3.263000 3.375000 0.000001
3.338000 3.375000 0.000001
3.413000 3.375000 0.000001
3.488000 3.375000 0.000001
3.563000 3.375000 0.000001
3.638000 3.375000 0.000001
3.713000 3.375000 0.000001
3.788000 3.375000 0.000001
3.863000 3.375000 0.000000
-0.037500 3.525000 0.000000
0.037500 3.525000 0.000000
0.112500 3.525000 0.000000
0.187500 3.525000 0.000000
0.262500 3.525000 0.000000
0.337500 3.525000 0.000000
0.412500 3.525000 0.000000
0.487500 3.525000 0.000000
0.562500 3.525000 0.000000
0.637500 3.525000 0.000000
0.712500 3.525000 0.000000
0.787500 3.525000 0.000000
0.862500 3.525000 0.000000
0.937500 3.525000 0.000000
1.012000 3.525000 0.000000
1.087000 3.525000 0.000000
1.163000 3.525000 0.000000
1.238000 3.525000 0.000000
1.313000 3.525000 0.000000
1.388000 3.525000 0.000000
1.463000 3.525000 0.000000
1.538000 3.525000 0.000000
1.613000 3.525000 0.000000
1.688000 3.525000 0.000000
1.763000 3.525000 0.000000
1.838000 3.525000 0.000000
1.913000 3.525000 0.000000
1.988000 3.525000 0.000000
2.063000 3.525000 0.000000
2.138000 3.525000 0.000000
2.213000 3.525000 0.000000
2.288000 3.525000 0.000000
2.363000 3.525000 0.000000
2.438000 3.525000 0.000000
2.513000 3.525000 0.000000
2.588000 3.525000 0.000000
2.663000 3.525000 0.000000
2.738000 3.525000 0.000000
2.813000 3.525000 0.000000
2.888000 3.525000 0.000000
2.963000 3.525000 0.000000
3.038000 3.525000 0.000000
3.113000 3.525000 0.000000
3.188000 3.525000 0.000000
3.263000 3.525000 0.000000
3.338000 3.525000 0.000000
3.413000 3.525000 0.000000
3.488000 3.525000 0.000000
3.563000 3.525000 0.000000
3.638000 3.525000 0.000000
3.713000 3.525000 0.000000
3.788000 3.525000 0.000000
3.863000 3.525000 0.000000
-0.037500 3.675000 0.000000
0.037500 3.675000 0.000000
0.112500 3.675000 0.000000
0.187500 3.675000 0.000000
0.262500 3.675000 0.000000
0.337500 3.675000 0.000000
0.412500 3.675000 0.000000
0.487500 3.675000 0.000000
0.562500 3.675000 0.000000
0.637500 3.675000 0.000000
0.712500 3.675000 0.000000
0.787500 3.675000 0.000000
0.862500 3.675000 0.000000
0.937500 3.675000 0.000000
1.012000 3.675000 0.000000
1.087000 3.675000 0.000000
1.163000 3.675000 0.000000
1.238000 3.675000 0.000000
1.313000 3.675000 0.000000
1.388000 3.675000 0.000000
1.463000 3.675000 0.000000
1.538000 3.675000 0.000000
1.613000 3.675000 0.000000
1.688000 3.675000 0.000000
1.763000 3.675000 0.000000
1.838000 3.675000 0.000000
1.913000 3.675000 0.000000
1.988000 3.675000 0.000000
2.063000 3.675000 0.000000
2.138000 3.675000 0.000000
2.213000 3.675000 0.000000
2.288000 3.675000 0.000000
2.363000 3.675000 0.000000
2.438000 3.675000 0.000000
2.513000 3.675000 0.000000
2.588000 3.675000 0.000000
2.663000 3.675000 0.000000
2.738000 3.675000 0.000000
2.813000 3.675000 0.000000
2.888000 3.675000 0.000000
2.963000 3.675000 0.000000
3.038000 3.675000 0.000000
3.113000 3.675000 0.000000
3.188000 3.675000 0.000000
3.263000 3.675000 0.000000
3.338000 3.675000 0.000000
3.413000 3.675000 0.000000
3.488000 3.675000 0.000000
3.563000 3.675000 0.000000
3.638000 3.675000 0.000000
3.713000 3.675000 0.000000
3.788000 3.675000 0.000000
3.863000 3.675000 0.000000
-0.037500 3.825000 0.000000
0.037500 3.825000 0.000000
0.112500 3.825000 0.000000
0.187500 3.825000 0.000000
0.262500 3.825000 0.000000
0.337500 3.825000 0.000000
0.412500 3.825000 0.000000
0.487500 3.825000 0.000000
0.562500 3.825000 0.000000
0.637500 3.825000 0.000000
0.712500 3.825000 0.000000
0.787500 3.825000 0.000000
0.862500 3.825000 0.000000
0.937500 3.825000 0.000000
1.012000 3.825000 0.000000
1.087000 3.825000 0.000000
1.163000 3.825000 0.000000
1.238000 3.825000 0.000000
1.313000 3.825000 0.000000
1.388000 3.825000 0.000000
1.463000 3.825000 0.000000
1.538000 3.825000 0.000000
1.613000 3.825000 0.000000
1.688000 3.825000 0.000000
1.763000 3.825000 0.000000
1.838000 3.825000 0.000000
1.913000 3.825000 0.000000
1.988000 3.825000 0.000000
2.063000 3.825000 0.000000
2.138000 3.825000 0.000000
2.213000 3.825000 0.000000
2.288000 3.825000 0.000000
2.363000 3.825000 0.000000
2.438000 3.825000 0.000000
2.513000 3.825000 0.000000
2.588000 3.825000 0.000000
2.663000 3.825000 0.000000
2.738000 3.825000 0.000000
2.813000 3.825000 0.000000
2.888000 3.825000 0.000000
2.963000 3.825000 0.000000
3.038000 3.825000 0.000000
3.113000 3.825000 0.000000
3.188000 3.825000 0.000000
3.263000 3.825000 0.000000
3.338000 3.825000 0.000000
3.413000 3.825000 0.000000
3.488000 3.825000 0.000000
3.563000 3.825000 0.000000
3.638000 3.825000 0.000000
3.713000 3.825000 0.000000
3.788000 3.825000 0.000000
3.863000 3.825000 0.000000
-0.037500 3.975000 0.000000
0.037500 3.975000 0.000000
0.112500 3.975000 0.000000
0.187500 3.975000 0.000000
0.262500 3.975000 0.000000
0.337500 3.975000 0.000000
0.412500 3.975000 0.000000
0.487500 3.975000 0.000000
0.562500 3.975000 0.000000
0.637500 3.975000 0.000000
0.712500 3.975000 0.000000
0.787500 3.975000 0.000000
0.862500 3.975000 0.000000
0.937500 3.975000 0.000000
1.012000 3.975000 0.000000
1.087000 3.975000 0.000000
1.163000 3.975000 0.000000
1.238000 3.975000 0.000000
1.313000 3.975000 0.000000
1.388000 3.975000 0.000000
1.463000 3.975000 0.000000
1.538000 3.975000 0.000000
1.613000 3.975000 0.000000
1.688000 3.975000 0.000000
1.763000 3.975000 0.000000
1.838000 3.975000 0.000000
1.913000 3.975000 0.000000
1.988000 3.975000 0.000000
2.063000 3.975000 0.000000
2.138000 3.975000 0.000000
2.213000 3.975000 0.000000
2.288000 3.975000 0.000000
2.363000 3.975000 0.000000
2.438000 3.975000 0.000000
2.513000 3.975000 0.000000
2.588000 3.975000 0.000000
2.663000 3.975000 0.000000
2.738000 3.975000 0.000000
2.813000 3.975000 0.000000
2.888000 3.975000 0.000000
2.963000 3.975000 0.000000
3.038000 3.975000 0.000000
3.113000 3.975000 0.000000
3.188000 3.975000 0.000000
3.263000 3.975000 0.000000
3.338000 3.975000 0.000000
3.413000 3.975000 0.000000
3.488000 3.975000 0.000000
3.563000 3.975000 0.000000
3.638000 3.975000 0.000000
3.713000 3.975000 0.000000
3.788000 3.975000 0.000000
3.863000 3.975000 0.000000
-0.037500 4.125000 0.000000
0.037500 4.125000 0.000000
0.112500 4.125000 0.000000
0.187500 4.125000 0.000000
0.262500 4.125000 0.000000
0.337500 4.125000 0.000000
0.412500 4.125000 0.000000
0.487500 4.125000 0.000000
0.562500 4.125000 0.000000
0.637500 4.125000 0.000000
0.712500 4.125000 0.000000
0.787500 4.125000 0.000000
0.862500 4.125000 0.000000
0.937500 4.125000 0.000000
1.012000 4.125000 0.000000
1.087000 4.125000 0.000000
1.163000 4.125000 0.000000
1.238000 4.125000 0.000000
1.313000 4.125000 0.000000
1.388000 4.125000 0.000000
1.463000 4.125000 0.000000
1.538000 4.125000 0.000000
1.613000 4.125000 0.000000
1.688000 4.125000 0.000000
1.763000 4.125000 0.000000
1.838000 4.125000 0.000000
1.913000 4.125000 0.000000
1.988000 4.125000 0.000000
2.063000 4.125000 0.000000
2.138000 4.125000 0.000000
2.213000 4.125000 0.000000
2.288000 4.125000 0.000000
2.363000 4.125000 0.000000
2.438000 4.125000 0.000000
2.513000 4.125000 0.000000
2.588000 4.125000 0.000000
2.663000 4.125000 0.000000
2.738000 4.125000 0.000000
2.813000 4.125000 0.000000
2.888000 4.125000 0.000000
2.963000 4.125000 0.000000
3.038000 4.125000 0.000000
3.113000 4.125000 0.000000
3.188000 4.125000 0.000000
3.263000 4.125000 0.000000
3.338000 4.125000 0.000000
3.413000 4.125000 0.000000
3.488000 4.125000 0.000000
3.563000 4.125000 0.000000
3.638000 4.125000 0.000000
3.713000 4.125000 0.000000
3.788000 4.125000 0.000000
3.863000 4.125000 0.000000
-0.037500 4.275000 0.000000
0.037500 4.275000 0.000000
0.112500 4.275000 0.000000
0.187500 4.275000 0.000000
0.262500 4.275000 0.000000
0.337500 4.275000 0.000000
0.412500 4.275000 0.000000
0.487500 4.275000 0.000000
0.562500 4.275000 0.000000
0.637500 4.275000 0.000000
0.712500 4.275000 0.000000
0.787500 4.275000 0.000000
0.862500 4.275000 0.000000
0.937500 4.275000 0.000000
1.012000 4.275000 0.000000
1.087000 4.275000 0.000000
1.163000 4.275000 0.000000
1.238000 4.275000 0.000000
1.313000 4.275000 0.000000
1.388000 4.275000 0.000000
1.463000 4.275000 0.000000
1.538000 4.275000 0.000000
1.613000 4.275000 0.000000
1.688000 4.275000 0.000000
1.763000 4.275000 0.000000
1.838000 4.275000 0.000000
1.913000 4.275000 0.000000
1.988000 4.275000 0.000000
2.063000 4.275000 0.000000
2.138000 4.275000 0.000000
2.213000 4.275000 0.000000
2.288000 4.275000 0.000000
2.363000 4.275000 0.000000
2.438000 4.275000 0.000000
2.513000 4.275000 0.000000
2.588000 4.275000 0.000000
2.663000 4.275000 0.000000
2.738000 4.275000 0.000000
2.813000 4.275000 0.000000
2.888000 4.275000 0.000000
2.963000 4.275000 0.000000
3.038000 4.275000 0.000000
3.113000 4.275000 0.000000
3.188000 4.275000 0.000000
3.263000 4.275000 0.000000
3.338000 4.275000 0.000000
3.413000 4.275000 0.000000
3.488000 4.275000 0.000000
3.563000 4.275000 0.000000
3.638000 4.275000 0.000000
3.713000 4.275000 0.000000
3.788000 4.275000 0.000000
3.863000 4.275000 0.000000
-0.037500 4.425000 0.000000
0.037500 4.425000 0.000000
0.112500 4.425000 0.000000
0.187500 4.425000 0.000000
0.262500 4.425000 0.000000
0.337500 4.425000 0.000000
0.412500 4.425000 0.000000
0.487500 4.425000 0.000000
0.562500 4.425000 0.000000
0.637500 4.425000 0.000000
0.712500 4.425000 0.000000
0.787500 4.425000 0.000000
0.862500 4.425000 0.000000
0.937500 4.425000 0.000000
1.012000 4.425000 0.000000
1.087000 4.425000 0.000000
1.163000 4.425000 0.000000
1.238000 4.425000 0.000000
1.313000 4.425000 0.000000
1.388000 4.425000 0.000000
1.463000 4.425000 0.000000
1.538000 4.425000 0.000000
1.613000 4.425000 0.000000
1.688000 4.425000 0.000000
1.763000 4.425000 0.000000
1.838000 4.425000 0.000000
1.913000 4.425000 0.000000
1.988000 4.425000 0.000000
2.063000 4.425000 0.000000
2.138000 4.425000 0.000000
2.213000 4.425000 0.000000
2.288000 4.425000 0.000000
2.363000 4.425000 0.000000
2.438000 4.425000 0.000000
2.513000 4.425000 0.000000
2.588000 4.425000 0.000000
2.663000 4.425000 0.000000
2.738000 4.425000 0.000000
2.813000 4.425000 0.000000
2.888000 4.425000 0.000000
2.963000 4.425000 0.000000
3.038000 4.425000 0.000000
3.113000 4.425000 0.000000
3.188000 4.425000 0.000000
3.263000 4.425000 0.000000
3.338000 4.425000 0.000000
3.413000 4.425000 0.000000
3.488000 4.425000 0.000000
3.563000 4.425000 0.000000
3.638000 4.425000 0.000000
3.713000 4.425000 0.000000
3.788000 4.425000 0.000000
3.863000 4.425000 0.000000
-0.037500 4.575000 0.000000
0.037500 4.575000 0.000000
0.112500 4.575000 0.000000
0.187500 4.575000 0.000000
0.262500 4.575000 0.000000
0.337500 4.575000 0.000000
0.412500 4.575000 0.000000
0.487500 4.575000 0.000000
0.562500 4.575000 0.000000
0.637500 4.575000 0.000000
0.712500 4.575000 0.000000
0.787500 4.575000 0.000000
0.862500 4.575000 0.000000
0.937500 4.575000 0.000000
1.012000 4.575000 0.000000
1.087000 4.575000 0.000000
1.163000 4.575000 0.000000
1.238000 4.575000 0.000000
1.313000 4.575000 0.000000
1.388000 4.575000 0.000000
1.463000 4.575000 0.000000
1.538000 4.575000 0.000000
1.613000 4.575000 0.000000
1.688000 4.575000 0.000000
1.763000 4.575000 0.000000
1.838000 4.575000 0.000000
1.913000 4.575000 0.000000
1.988000 4.575000 0.000000
2.063000 4.575000 0.000000
2.138000 4.575000 0.000000
2.213000 4.575000 0.000000
2.288000 4.575000 0.000000
2.363000 4.575000 0.000000
2.438000 4.575000 0.000000
2.513000 4.575000 0.000000
2.588000 4.575000 0.000000
2.663000 4.575000 0.000000
2.738000 4.575000 0.000000
2.813000 4.575000 0.000000
2.888000 4.575000 0.000000
2.963000 4.575000 0.000000
3.038000 4.575000 0.000000
3.113000 4.575000 0.000000
3.188000 4.575000 0.000000
3.263000 4.575000 0.000000
3.338000 4.575000 0.000000
3.413000 4.575000 0.000000
3.488000 4.575000 0.000000
3.563000 4.575000 0.000000
3.638000 4.575000 0.000000
3.713000 4.575000 0.000000
3.788000 4.575000 0.000000
3.863000 4.575000 0.000000
-0.037500 4.725000 0.000000
0.037500 4.725000 0.000000
0.112500 4.725000 0.000000
0.187500 4.725000 0.000000
0.262500 4.725000 0.000000
0.337500 4.725000 0.000000
0.412500 4.725000 0.000000
0.487500 4.725000 0.000000
0.562500 4.725000 0.000000
0.637500 4.725000 0.000000
0.712500 4.725000 0.000000
0.787500 4.725000 0.000000
0.862500 4.725000 0.000000
0.937500 4.725000 0.000000
1.012000 4.725000 0.000000
1.087000 4.725000 0.000000
1.163000 4.725000 0.000000
1.238000 4.725000 0.000000
1.313000 4.725000 0.000000
1.388000 4.725000 0.000000
1.463000 4.725000 0.000000
1.538000 4.725000 0.000000
1.613000 4.725000 0.000000
1.688000 4.725000 0.000000
1.763000 4.725000 0.000000
1.838000 4.725000 0.000000
1.913000 4.725000 0.000000
1.988000 4.725000 0.000000
2.063000 4.725000 0.000000
2.138000 4.725000 0.000000
2.213000 4.725000 0.000000
2.288000 4.725000 0.000000
2.363000 4.725000 0.000000
2.438000 4.725000 0.000000
2.513000 4.725000 0.000000
2.588000 4.725000 0.000000
2.663000 4.725000 0.000000
2.738000 4.725000 0.000000
2.813000 4.725000 0.000000
2.888000 4.725000 0.000000
2.963000 4.725000 0.000000
3.038000 4.725000 0.000000
3.113000 4.725000 0.000000
3.188000 4.725000 0.000000
3.263000 4.725000 0.000000
3.338000 4.725000 0.000000
3.413000 4.725000 0.000000
3.488000 4.725000 0.000000
3.563000 4.725000 0.000000
3.638000 4.725000 0.000000
3.713000 4.725000 0.000000
3.788000 4.725000 0.000000
3.863000 4.725000 0.000000
-0.037500 4.875000 0.000000
0.037500 4.875000 0.000000
0.112500 4.875000 0.000000
0.187500 4.875000 0.000000
0.262500 4.875000 0.000000
0.337500 4.875000 0.000000
0.412500 4.875000 0.000000
0.487500 4.875000 0.000000
0.562500 4.875000 0.000000
0.637500 4.875000 0.000000
0.712500 4.875000 0.000000
0.787500 4.875000 0.000000
0.862500 4.875000 0.000000
0.937500 4.875000 0.000000
1.012000 4.875000 0.000000
1.087000 4.875000 0.000000
1.163000 4.875000 0.000000
1.238000 4.875000 0.000000
1.313000 4.875000 0.000000
1.388000 4.875000 0.000000
1.463000 4.875000 0.000000
1.538000 4.875000 0.000000
1.613000 4.875000 0.000000
1.688000 4.875000 0.000000
1.763000 4.875000 0.000000
1.838000 4.875000 0.000000
1.913000 4.875000 0.000000
1.988000 4.875000 0.000000
2.063000 4.875000 0.000000
2.138000 4.875000 0.000000
2.213000 4.875000 0.000000
2.288000 4.875000 0.000000
2.363000 4.875000 0.000000
2.438000 4.875000 0.000000
2.513000 4.875000 0.000000
2.588000 4.875000 0.000000
2.663000 4.875000 0.000000
2.738000 4.875000 0.000000
2.813000 4.875000 0.000000
2.888000 4.875000 0.000000
2.963000 4.875000 0.000000
3.038000 4.875000 0.000000
3.113000 4.875000 0.000000
3.188000 4.875000 0.000000
3.263000 4.875000 0.000000
3.338000 4.875000 0.000000
3.413000 4.875000 0.000000
3.488000 4.875000 0.000000
3.563000 4.875000 0.000000
3.638000 4.875000 0.000000
3.713000 4.875000 0.000000
3.788000 4.875000 0.000000
3.863000 4.875000 0.000000
-0.037500 5.025000 0.000000
0.037500 5.025000 0.000000
0.112500 5.025000 0.000000
0.187500 5.025000 0.000000
0.262500 5.025000 0.000000
0.337500 5.025000 0.000000
0.412500 5.025000 0.000000
0.487500 5.025000 0.000000
0.562500 5.025000 0.000000
0.637500 5.025000 0.000000
0.712500 5.025000 0.000000
0.787500 5.025000 0.000000
0.862500 5.025000 0.000000
0.937500 5.025000 0.000000
1.012000 5.025000 0.000000
1.087000 5.025000 0.000000
1.163000 5.025000 0.000000
1.238000 5.025000 0.000000
1.313000 5.025000 0.000000
1.388000 5.025000 0.000000
1.463000 5.025000 0.000000
1.538000 5.025000 0.000000
1.613000 5.025000 0.000000
1.688000 5.025000 0.000000
1.763000 5.025000 0.000000
1.838000 5.025000 0.000000
1.913000 5.025000 0.000000
1.988000 5.025000 0.000000
2.063000 5.025000 0.000000
2.138000 5.025000 0.000000
2.213000 5.025000 0.000000
2.288000 5.025000 0.000000
2.363000 5.025000 0.000000
2.438000 5.025000 0.000000
2.513000 5.025000 0.000000
2.588000 5.025000 0.000000
2.663000 5.025000 0.000000
2.738000 5.025000 0.000000
2.813000 5.025000 0.000000
2.888000 5.025000 0.000000
2.963000 5.025000 0.000000
3.038000 5.025000 0.000000
3.113000 5.025000 0.000000
3.188000 5.025000 0.000000
3.263000 5.025000 0.000000
3.338000 5.025000 0.000000
3.413000 5.025000 0.000000
3.488000 5.025000 0.000000
3.563000 5.025000 0.000000
3.638000 5.025000 0.000000
3.713000 5.025000 0.000000
3.788000 5.025000 0.000000
3.863000 5.025000 0.000000
-0.037500 5.175000 0.000000
0.037500 5.175000 0.000000
0.112500 5.175000 0.000000
0.187500 5.175000 0.000000
0.262500 5.175000 0.000000
0.337500 5.175000 0.000000
0.412500 5.175000 0.000000
0.487500 5.175000 0.000000
0.562500 5.175000 0.000000
0.637500 5.175000 0.000000
0.712500 5.175000 0.000000
0.787500 5.175000 0.000000
0.862500 5.175000 0.000000
0.937500 5.175000 0.000000
1.012000 5.175000 0.000000
1.087000 5.175000 0.000000
1.163000 5.175000 0.000000
1.238000 5.175000 0.000000
1.313000 5.175000 0.000000
1.388000 5.175000 0.000000
1.463000 5.175000 0.000000
1.538000 5.175000 0.000000
1.613000 5.175000 0.000000
1.688000 5.175000 0.000000
1.763000 5.175000 0.000000
1.838000 5.175000 0.000000
1.913000 5.175000 0.000000
1.988000 5.175000 0.000000
2.063000 5.175000 0.000000
2.138000 5.175000 0.000000
2.213000 5.175000 0.000000
2.288000 5.175000 0.000000
2.363000 5.175000 0.000000
2.438000 5.175000 0.000000
2.513000 5.175000 0.000000
2.588000 5.175000 0.000000
2.663000 5.175000 0.000000
2.738000 5.175000 0.000000
2.813000 5.175000 0.000000
2.888000 5.175000 0.000000
2.963000 5.175000 0.000000
3.038000 5.175000 0.000000
3.113000 5.175000 0.000000
3.188000 5.175000 0.000000
3.263000 5.175000 0.000000
3.338000 5.175000 0.000000
3.413000 5.175000 0.000000
3.488000 5.175000 0.000000
3.563000 5.175000 0.000000
3.638000 5.175000 0.000000
3.713000 5.175000 0.000000
3.788000 5.175000 0.000000
3.863000 5.175000 0.000000
