-0.037500 -0.075000 0.000000
0.037500 -0.075000 0.000000
0.112500 -0.075000 0.000000
0.187500 -0.075000 0.000000
0.262500 -0.075000 0.000000
0.337500 -0.075000 0.000000
0.412500 -0.075000 0.000000
0.487500 -0.075000 0.000000
0.562500 -0.075000 0.000000
0.637500 -0.075000 0.000000
0.712500 -0.075000 0.000000
0.787500 -0.075000 0.000000
0.862500 -0.075000 0.000000
0.937500 -0.075000 0.000000
1.012000 -0.075000 0.000000
1.087000 -0.075000 0.000000
1.163000 -0.075000 0.000000
1.238000 -0.075000 0.000000
1.313000 -0.075000 0.000000
1.388000 -0.075000 0.000000
1.463000 -0.075000 0.000000
1.538000 -0.075000 0.000000
1.613000 -0.075000 0.000000
1.688000 -0.075000 0.000000
1.763000 -0.075000 0.000000
1.838000 -0.075000 0.000000
1.913000 -0.075000 0.000000
1.988000 -0.075000 0.000000
2.063000 -0.075000 0.000000
2.138000 -0.075000 0.000000
2.213000 -0.075000 0.000000
2.288000 -0.075000 0.000000
2.363000 -0.075000 0.000000
2.438000 -0.075000 0.000000
2.513000 -0.075000 0.000000
2.588000 -0.075000 0.000000
2.663000 -0.075000 0.000000
2.738000 -0.075000 0.000000
2.813000 -0.075000 0.000000
2.888000 -0.075000 0.000000
2.963000 -0.075000 0.000000
3.038000 -0.075000 0.000000
3.113000 -0.075000 0.000000
3.188000 -0.075000 0.000000
3.263000 -0.075000 0.000000
3.338000 -0.075000 0.000000
3.413000 -0.075000 0.000000
3.488000 -0.075000 0.000000
3.563000 -0.075000 0.000000
3.638000 -0.075000 0.000000
3.713000 -0.075000 0.000000
3.788000 -0.075000 0.000000
3.863000 -0.075000 0.000000
-0.037500 0.075000 0.000000
0.037500 0.075000 0.038470
0.112500 0.075000 0.076940
0.187500 0.075000 0.115400
0.262500 0.075000 0.153900
0.337500 0.075000 0.192300
0.412500 0.075000 0.230700
0.487500 0.075000 0.269100
0.562500 0.075000 0.307400
0.637500 0.075000 0.345500
0.712500 0.075000 0.383500
0.787500 0.075000 0.421200
0.862500 0.075000 0.458500
0.937500 0.075000 0.495400
1.012000 0.075000 0.531500
1.087000 0.075000 0.566900
1.163000 0.075000 0.601100
1.238000 0.075000 0.634000
1.313000 0.075000 0.665200
1.388000 0.075000 0.694400
1.463000 0.075000 0.721100
1.538000 0.075000 0.744900
1.613000 0.075000 0.765500
1.688000 0.075000 0.782400
1.763000 0.075000 0.795200
1.838000 0.075000 0.803700
1.913000 0.075000 0.807800
1.988000 0.075000 0.807500
2.063000 0.075000 0.802900
2.138000 0.075000 0.794300
2.213000 0.075000 0.782200
2.288000 0.075000 0.767000
2.363000 0.075000 0.749400
2.438000 0.075000 0.729700
2.513000 0.075000 0.708600
2.588000 0.075000 0.686500
2.663000 0.075000 0.663800
2.738000 0.075000 0.641000
2.813000 0.075000 0.618200
2.888000 0.075000 0.595700
2.963000 0.075000 0.573600
3.038000 0.075000 0.552200
3.113000 0.075000 0.531400
3.188000 0.075000 0.511300
3.263000 0.075000 0.492000
3.338000 0.075000 0.473500
3.413000 0.075000 0.455800
3.488000 0.075000 0.438900
3.563000 0.075000 0.422700
3.638000 0.075000 0.407300
3.713000 0.075000 0.392600
3.788000 0.075000 0.378600
3.863000 0.075000 0.000000
-0.037500 0.225000 0.000000
0.037500 0.225000 0.038470
0.112500 0.225000 0.076940
0.187500 0.225000 0.115400
0.262500 0.225000 0.153900
0.337500 0.225000 0.192300
0.412500 0.225000 0.230700
0.487500 0.225000 0.269100
0.562500 0.225000 0.307400
0.637500 0.225000 0.345500
0.712500 0.225000 0.383500
0.787500 0.225000 0.421200
0.862500 0.225000 0.458500
0.937500 0.225000 0.495400
1.012000 0.225000 0.531500
1.087000 0.225000 0.566900
1.163000 0.225000 0.601100
1.238000 0.225000 0.634000
1.313000 0.225000 0.665200
1.388000 0.225000 0.694400
1.463000 0.225000 0.721100
1.538000 0.225000 0.744900
1.613000 0.225000 0.765500
1.688000 0.225000 0.782400
1.763000 0.225000 0.795200
1.838000 0.225000 0.803700
1.913000 0.225000 0.807800
1.988000 0.225000 0.807500
2.063000 0.225000 0.802900
2.138000 0.225000 0.794300
2.213000 0.225000 0.782200
2.288000 0.225000 0.767000
2.363000 0.225000 0.749400
2.438000 0.225000 0.729700
2.513000 0.225000 0.708600
2.588000 0.225000 0.686500
2.663000 0.225000 0.663800
2.738000 0.225000 0.641000
2.813000 0.225000 0.618200
2.888000 0.225000 0.595700
2.963000 0.225000 0.573600
3.038000 0.225000 0.552200
3.113000 0.225000 0.531400
3.188000 0.225000 0.511300
3.263000 0.225000 0.492000
3.338000 0.225000 0.473500
3.413000 0.225000 0.455800
3.488000 0.225000 0.438900
3.563000 0.225000 0.422700
3.638000 0.225000 0.407300
3.713000 0.225000 0.392600
3.788000 0.225000 0.378600
3.863000 0.225000 0.000000
-0.037500 0.375000 0.000000
0.037500 0.375000 0.100800
0.112500 0.375000 0.110000
0.187500 0.375000 0.124300
0.262500 0.375000 0.141800
0.337500 0.375000 0.161300
0.412500 0.375000 0.182200
0.487500 0.375000 0.203900
0.562500 0.375000 0.226100
0.637500 0.375000 0.248800
0.712500 0.375000 0.271600
0.787500 0.375000 0.294400
0.862500 0.375000 0.317100
0.937500 0.375000 0.339600
1.012000 0.375000 0.361700
1.087000 0.375000 0.383200
1.163000 0.375000 0.404000
1.238000 0.375000 0.423900
1.313000 0.375000 0.442700
1.388000 0.375000 0.460100
1.463000 0.375000 0.476000
1.538000 0.375000 0.490000
1.613000 0.375000 0.502100
1.688000 0.375000 0.511900
1.763000 0.375000 0.519300
1.838000 0.375000 0.524100
1.913000 0.375000 0.526400
1.988000 0.375000 0.526100
2.063000 0.375000 0.523400
2.138000 0.375000 0.518300
2.213000 0.375000 0.511200
2.288000 0.375000 0.502200
2.363000 0.375000 0.491700
2.438000 0.375000 0.479900
2.513000 0.375000 0.467100
2.588000 0.375000 0.453700
2.663000 0.375000 0.439800
2.738000 0.375000 0.425700
2.813000 0.375000 0.411500
2.888000 0.375000 0.397400
2.963000 0.375000 0.383600
3.038000 0.375000 0.370000
3.113000 0.375000 0.356900
3.188000 0.375000 0.344200
3.263000 0.375000 0.332100
3.338000 0.375000 0.320500
3.413000 0.375000 0.309600
3.488000 0.375000 0.299400
3.563000 0.375000 0.290100
3.638000 0.375000 0.281900
3.713000 0.375000 0.275400
3.788000 0.375000 0.271300
3.863000 0.375000 0.000000
-0.037500 0.525000 0.000000
0.037500 0.525000 0.102500
0.112500 0.525000 0.105600
0.187500 0.525000 0.111100
0.262500 0.525000 0.118600
0.337500 0.525000 0.127500
0.412500 0.525000 0.137400
0.487500 0.525000 0.148200
0.562500 0.525000 0.159600
0.637500 0.525000 0.171300
0.712500 0.525000 0.183400
0.787500 0.525000 0.195500
0.862500 0.525000 0.207700
0.937500 0.525000 0.219800
1.012000 0.525000 0.231700
1.087000 0.525000 0.243300
1.163000 0.525000 0.254500
1.238000 0.525000 0.265200
1.313000 0.525000 0.275200
1.388000 0.525000 0.284500
1.463000 0.525000 0.292800
1.538000 0.525000 0.300200
1.613000 0.525000 0.306500
1.688000 0.525000 0.311500
1.763000 0.525000 0.315300
1.838000 0.525000 0.317700
1.913000 0.525000 0.318800
1.988000 0.525000 0.318600
2.063000 0.525000 0.317100
2.138000 0.525000 0.314400
2.213000 0.525000 0.310500
2.288000 0.525000 0.305700
2.363000 0.525000 0.300100
2.438000 0.525000 0.293700
2.513000 0.525000 0.286800
2.588000 0.525000 0.279400
2.663000 0.525000 0.271700
2.738000 0.525000 0.263900
2.813000 0.525000 0.256000
2.888000 0.525000 0.248100
2.963000 0.525000 0.240300
3.038000 0.525000 0.232700
3.113000 0.525000 0.225300
3.188000 0.525000 0.218200
3.263000 0.525000 0.211400
3.338000 0.525000 0.205000
3.413000 0.525000 0.199200
3.488000 0.525000 0.193800
3.563000 0.525000 0.189200
3.638000 0.525000 0.185300
3.713000 0.525000 0.182500
3.788000 0.525000 0.181000
3.863000 0.525000 0.000000
-0.037500 0.675000 0.000000
0.037500 0.675000 0.097220
0.112500 0.675000 0.098420
0.187500 0.675000 0.100700
0.262500 0.675000 0.104000
0.337500 0.675000 0.108200
0.412500 0.675000 0.113100
0.487500 0.675000 0.118500
0.562500 0.675000 0.124400
0.637500 0.675000 0.130700
0.712500 0.675000 0.137200
0.787500 0.675000 0.143900
0.862500 0.675000 0.150600
0.937500 0.675000 0.157400
1.012000 0.675000 0.164000
1.087000 0.675000 0.170500
1.163000 0.675000 0.176700
1.238000 0.675000 0.182700
1.313000 0.675000 0.188200
1.388000 0.675000 0.193300
1.463000 0.675000 0.197900
1.538000 0.675000 0.201900
1.613000 0.675000 0.205200
1.688000 0.675000 0.207900
1.763000 0.675000 0.209900
1.838000 0.675000 0.211200
1.913000 0.675000 0.211700
1.988000 0.675000 0.211500
2.063000 0.675000 0.210600
2.138000 0.675000 0.209000
2.213000 0.675000 0.206800
2.288000 0.675000 0.204100
2.363000 0.675000 0.200800
2.438000 0.675000 0.197200
2.513000 0.675000 0.193200
2.588000 0.675000 0.188900
2.663000 0.675000 0.184500
2.738000 0.675000 0.179900
2.813000 0.675000 0.175200
2.888000 0.675000 0.170500
2.963000 0.675000 0.165900
3.038000 0.675000 0.161400
3.113000 0.675000 0.157000
3.188000 0.675000 0.152900
3.263000 0.675000 0.148900
3.338000 0.675000 0.145300
3.413000 0.675000 0.142000
3.488000 0.675000 0.139100
3.563000 0.675000 0.136700
3.638000 0.675000 0.134800
3.713000 0.675000 0.133500
3.788000 0.675000 0.132800
3.863000 0.675000 0.000000
-0.037500 0.825000 0.000000
0.037500 0.825000 0.089830
0.112500 0.825000 0.090590
0.187500 0.825000 0.092090
0.262500 0.825000 0.094260
0.337500 0.825000 0.097040
0.412500 0.825000 0.100400
0.487500 0.825000 0.104100
0.562500 0.825000 0.108200
0.637500 0.825000 0.112700
0.712500 0.825000 0.117300
0.787500 0.825000 0.122100
0.862500 0.825000 0.126900
0.937500 0.825000 0.131800
1.012000 0.825000 0.136600
1.087000 0.825000 0.141300
1.163000 0.825000 0.145800
1.238000 0.825000 0.150100
1.313000 0.825000 0.154100
1.388000 0.825000 0.157800
1.463000 0.825000 0.161100
1.538000 0.825000 0.163900
1.613000 0.825000 0.166300
1.688000 0.825000 0.168200
1.763000 0.825000 0.169600
1.838000 0.825000 0.170500
1.913000 0.825000 0.170800
1.988000 0.825000 0.170600
2.063000 0.825000 0.169900
2.138000 0.825000 0.168700
2.213000 0.825000 0.167100
2.288000 0.825000 0.165100
2.363000 0.825000 0.162700
2.438000 0.825000 0.160000
2.513000 0.825000 0.157000
2.588000 0.825000 0.153800
2.663000 0.825000 0.150500
2.738000 0.825000 0.147000
2.813000 0.825000 0.143500
2.888000 0.825000 0.140000
2.963000 0.825000 0.136600
3.038000 0.825000 0.133200
3.113000 0.825000 0.129900
3.188000 0.825000 0.126800
3.263000 0.825000 0.123900
3.338000 0.825000 0.121200
3.413000 0.825000 0.118800
3.488000 0.825000 0.116800
3.563000 0.825000 0.115000
3.638000 0.825000 0.113700
3.713000 0.825000 0.112800
3.788000 0.825000 0.112300
3.863000 0.825000 0.000000
-0.037500 0.975000 0.000000
0.037500 0.975000 0.080900
0.112500 0.975000 0.081420
0.187500 0.975000 0.082460
0.262500 0.975000 0.083980
0.337500 0.975000 0.085940
0.412500 0.975000 0.088300
0.487500 0.975000 0.091000
0.562500 0.975000 0.093990
0.637500 0.975000 0.097220
0.712500 0.975000 0.100600
0.787500 0.975000 0.104100
0.862500 0.975000 0.107700
0.937500 0.975000 0.111300
1.012000 0.975000 0.114900
1.087000 0.975000 0.118400
1.163000 0.975000 0.121800
1.238000 0.975000 0.125000
1.313000 0.975000 0.127900
1.388000 0.975000 0.130600
1.463000 0.975000 0.133100
1.538000 0.975000 0.135100
1.613000 0.975000 0.136900
1.688000 0.975000 0.138300
1.763000 0.975000 0.139300
1.838000 0.975000 0.139900
1.913000 0.975000 0.140100
1.988000 0.975000 0.139900
2.063000 0.975000 0.139400
2.138000 0.975000 0.138500
2.213000 0.975000 0.137200
2.288000 0.975000 0.135700
2.363000 0.975000 0.133800
2.438000 0.975000 0.131800
2.513000 0.975000 0.129500
2.588000 0.975000 0.127100
2.663000 0.975000 0.124500
2.738000 0.975000 0.121900
2.813000 0.975000 0.119200
2.888000 0.975000 0.116500
2.963000 0.975000 0.113800
3.038000 0.975000 0.111200
3.113000 0.975000 0.108700
3.188000 0.975000 0.106400
3.263000 0.975000 0.104200
3.338000 0.975000 0.102100
3.413000 0.975000 0.100400
3.488000 0.975000 0.098810
3.563000 0.975000 0.097550
3.638000 0.975000 0.096580
3.713000 0.975000 0.095920
3.788000 0.975000 0.095590
3.863000 0.975000 0.000000
-0.037500 1.125000 0.000000
0.037500 1.125000 0.071990
0.112500 1.125000 0.072390
0.187500 1.125000 0.073170
0.262500 1.125000 0.074320
0.337500 1.125000 0.075810
0.412500 1.125000 0.077610
0.487500 1.125000 0.079680
0.562500 1.125000 0.081990
0.637500 1.125000 0.084480
0.712500 1.125000 0.087120
0.787500 1.125000 0.089860
0.862500 1.125000 0.092670
0.937500 1.125000 0.095490
1.012000 1.125000 0.098280
1.087000 1.125000 0.101000
1.163000 1.125000 0.103600
1.238000 1.125000 0.106100
1.313000 1.125000 0.108500
1.388000 1.125000 0.110600
1.463000 1.125000 0.112500
1.538000 1.125000 0.114100
1.613000 1.125000 0.115500
1.688000 1.125000 0.116500
1.763000 1.125000 0.117300
1.838000 1.125000 0.117700
1.913000 1.125000 0.117900
1.988000 1.125000 0.117700
2.063000 1.125000 0.117300
2.138000 1.125000 0.116500
2.213000 1.125000 0.115500
2.288000 1.125000 0.114300
2.363000 1.125000 0.112800
2.438000 1.125000 0.111200
2.513000 1.125000 0.109400
2.588000 1.125000 0.107400
2.663000 1.125000 0.105400
2.738000 1.125000 0.103300
2.813000 1.125000 0.101100
2.888000 1.125000 0.098950
2.963000 1.125000 0.096810
3.038000 1.125000 0.094730
3.113000 1.125000 0.092730
3.188000 1.125000 0.090840
3.263000 1.125000 0.089090
3.338000 1.125000 0.087490
3.413000 1.125000 0.086080
3.488000 1.125000 0.084870
3.563000 1.125000 0.083870
3.638000 1.125000 0.083120
3.713000 1.125000 0.082610
3.788000 1.125000 0.082350
3.863000 1.125000 0.000000
-0.037500 1.275000 0.000000
0.037500 1.275000 0.055550
0.112500 1.275000 0.055820
0.187500 1.275000 0.056370
0.262500 1.275000 0.057170
0.337500 1.275000 0.058210
0.412500 1.275000 0.059470
0.487500 1.275000 0.060920
0.562500 1.275000 0.062540
0.637500 1.275000 0.064290
0.712500 1.275000 0.066150
0.787500 1.275000 0.068090
0.862500 1.275000 0.070070
0.937500 1.275000 0.072060
1.012000 1.275000 0.074040
1.087000 1.275000 0.075970
1.163000 1.275000 0.077840
1.238000 1.275000 0.079600
1.313000 1.275000 0.081240
1.388000 1.275000 0.082740
1.463000 1.275000 0.084080
1.538000 1.275000 0.085230
1.613000 1.275000 0.086180
1.688000 1.275000 0.086930
1.763000 1.275000 0.087460
1.838000 1.275000 0.087780
1.913000 1.275000 0.087870
1.988000 1.275000 0.087750
2.063000 1.275000 0.087420
2.138000 1.275000 0.086880
2.213000 1.275000 0.086160
2.288000 1.275000 0.085260
2.363000 1.275000 0.084210
2.438000 1.275000 0.083020
2.513000 1.275000 0.081710
2.588000 1.275000 0.080310
2.663000 1.275000 0.078840
2.738000 1.275000 0.077320
2.813000 1.275000 0.075770
2.888000 1.275000 0.074220
2.963000 1.275000 0.072690
3.038000 1.275000 0.071190
3.113000 1.275000 0.069760
3.188000 1.275000 0.068400
3.263000 1.275000 0.067150
3.338000 1.275000 0.066010
3.413000 1.275000 0.065000
3.488000 1.275000 0.064140
3.563000 1.275000 0.063440
3.638000 1.275000 0.062900
3.713000 1.275000 0.062540
3.788000 1.275000 0.062360
3.863000 1.275000 0.000000
-0.037500 1.425000 0.000000
0.037500 1.425000 0.037930
0.112500 1.425000 0.038100
0.187500 1.425000 0.038430
0.262500 1.425000 0.038910
0.337500 1.425000 0.039540
0.412500 1.425000 0.040300
0.487500 1.425000 0.041180
0.562500 1.425000 0.042170
0.637500 1.425000 0.043230
0.712500 1.425000 0.044370
0.787500 1.425000 0.045550
0.862500 1.425000 0.046760
0.937500 1.425000 0.047980
1.012000 1.425000 0.049200
1.087000 1.425000 0.050380
1.163000 1.425000 0.051530
1.238000 1.425000 0.052610
1.313000 1.425000 0.053610
1.388000 1.425000 0.054530
1.463000 1.425000 0.055350
1.538000 1.425000 0.056050
1.613000 1.425000 0.056630
1.688000 1.425000 0.057090
1.763000 1.425000 0.057410
1.838000 1.425000 0.057590
1.913000 1.425000 0.057640
1.988000 1.425000 0.057560
2.063000 1.425000 0.057340
2.138000 1.425000 0.057000
2.213000 1.425000 0.056550
2.288000 1.425000 0.055980
2.363000 1.425000 0.055320
2.438000 1.425000 0.054570
2.513000 1.425000 0.053760
2.588000 1.425000 0.052880
2.663000 1.425000 0.051960
2.738000 1.425000 0.051000
2.813000 1.425000 0.050030
2.888000 1.425000 0.049060
2.963000 1.425000 0.048100
3.038000 1.425000 0.047170
3.113000 1.425000 0.046270
3.188000 1.425000 0.045430
3.263000 1.425000 0.044640
3.338000 1.425000 0.043940
3.413000 1.425000 0.043310
3.488000 1.425000 0.042780
3.563000 1.425000 0.042350
3.638000 1.425000 0.042020
3.713000 1.425000 0.041790
3.788000 1.425000 0.041680
3.863000 1.425000 0.000000
-0.037500 1.575000 0.000000
0.037500 1.575000 0.025550
0.112500 1.575000 0.025650
0.187500 1.575000 0.025850
0.262500 1.575000 0.026140
0.337500 1.575000 0.026520
0.412500 1.575000 0.026980
0.487500 1.575000 0.027510
0.562500 1.575000 0.028100
0.637500 1.575000 0.028750
0.712500 1.575000 0.029440
0.787500 1.575000 0.030160
0.862500 1.575000 0.030890
0.937500 1.575000 0.031630
1.012000 1.575000 0.032370
1.087000 1.575000 0.033090
1.163000 1.575000 0.033790
1.238000 1.575000 0.034450
1.313000 1.575000 0.035060
1.388000 1.575000 0.035620
1.463000 1.575000 0.036110
1.538000 1.575000 0.036540
1.613000 1.575000 0.036890
1.688000 1.575000 0.037160
1.763000 1.575000 0.037350
1.838000 1.575000 0.037460
1.913000 1.575000 0.037480
1.988000 1.575000 0.037430
2.063000 1.575000 0.037290
2.138000 1.575000 0.037080
2.213000 1.575000 0.036790
2.288000 1.575000 0.036440
2.363000 1.575000 0.036020
2.438000 1.575000 0.035560
2.513000 1.575000 0.035050
2.588000 1.575000 0.034510
2.663000 1.575000 0.033930
2.738000 1.575000 0.033340
2.813000 1.575000 0.032740
2.888000 1.575000 0.032130
2.963000 1.575000 0.031540
3.038000 1.575000 0.030960
3.113000 1.575000 0.030400
3.188000 1.575000 0.029880
3.263000 1.575000 0.029400
3.338000 1.575000 0.028960
3.413000 1.575000 0.028570
3.488000 1.575000 0.028250
3.563000 1.575000 0.027980
3.638000 1.575000 0.027780
3.713000 1.575000 0.027640
3.788000 1.575000 0.027570
3.863000 1.575000 0.000000
-0.037500 1.725000 0.000000
0.037500 1.725000 0.016960
0.112500 1.725000 0.017020
0.187500 1.725000 0.017140
0.262500 1.725000 0.017310
0.337500 1.725000 0.017540
0.412500 1.725000 0.017810
0.487500 1.725000 0.018130
0.562500 1.725000 0.018490
0.637500 1.725000 0.018880
0.712500 1.725000 0.019290
0.787500 1.725000 0.019720
0.862500 1.725000 0.020160
0.937500 1.725000 0.020610
1.012000 1.725000 0.021050
1.087000 1.725000 0.021490
1.163000 1.725000 0.021910
1.238000 1.725000 0.022300
1.313000 1.725000 0.022670
1.388000 1.725000 0.023010
1.463000 1.725000 0.023300
1.538000 1.725000 0.023560
1.613000 1.725000 0.023770
1.688000 1.725000 0.023930
1.763000 1.725000 0.024040
1.838000 1.725000 0.024110
1.913000 1.725000 0.024120
1.988000 1.725000 0.024080
2.063000 1.725000 0.023990
2.138000 1.725000 0.023860
2.213000 1.725000 0.023680
2.288000 1.725000 0.023460
2.363000 1.725000 0.023210
2.438000 1.725000 0.022920
2.513000 1.725000 0.022610
2.588000 1.725000 0.022270
2.663000 1.725000 0.021920
2.738000 1.725000 0.021550
2.813000 1.725000 0.021180
2.888000 1.725000 0.020810
2.963000 1.725000 0.020450
3.038000 1.725000 0.020090
3.113000 1.725000 0.019750
3.188000 1.725000 0.019430
3.263000 1.725000 0.019130
3.338000 1.725000 0.018870
3.413000 1.725000 0.018630
3.488000 1.725000 0.018430
3.563000 1.725000 0.018270
3.638000 1.725000 0.018140
3.713000 1.725000 0.018060
3.788000 1.725000 0.018020
3.863000 1.725000 0.000000
-0.037500 1.875000 0.000000
0.037500 1.875000 0.011050
0.112500 1.875000 0.011080
0.187500 1.875000 0.011150
0.262500 1.875000 0.011250
0.337500 1.875000 0.011390
0.412500 1.875000 0.011550
0.487500 1.875000 0.011740
0.562500 1.875000 0.011950
0.637500 1.875000 0.012170
0.712500 1.875000 0.012420
0.787500 1.875000 0.012670
0.862500 1.875000 0.012940
0.937500 1.875000 0.013200
1.012000 1.875000 0.013460
1.087000 1.875000 0.013720
1.163000 1.875000 0.013970
1.238000 1.875000 0.014200
1.313000 1.875000 0.014420
1.388000 1.875000 0.014620
1.463000 1.875000 0.014790
1.538000 1.875000 0.014940
1.613000 1.875000 0.015070
1.688000 1.875000 0.015160
1.763000 1.875000 0.015230
1.838000 1.875000 0.015260
1.913000 1.875000 0.015260
1.988000 1.875000 0.015240
2.063000 1.875000 0.015180
2.138000 1.875000 0.015100
2.213000 1.875000 0.014990
2.288000 1.875000 0.014860
2.363000 1.875000 0.014710
2.438000 1.875000 0.014530
2.513000 1.875000 0.014340
2.588000 1.875000 0.014140
2.663000 1.875000 0.013930
2.738000 1.875000 0.013710
2.813000 1.875000 0.013480
2.888000 1.875000 0.013260
2.963000 1.875000 0.013040
3.038000 1.875000 0.012820
3.113000 1.875000 0.012620
3.188000 1.875000 0.012420
3.263000 1.875000 0.012250
3.338000 1.875000 0.012080
3.413000 1.875000 0.011940
3.488000 1.875000 0.011820
3.563000 1.875000 0.011720
3.638000 1.875000 0.011650
3.713000 1.875000 0.011600
3.788000 1.875000 0.011570
3.863000 1.875000 0.000000
-0.037500 2.025000 0.000000
0.037500 2.025000 0.006970
0.112500 2.025000 0.006989
0.187500 2.025000 0.007028
0.262500 2.025000 0.007086
0.337500 2.025000 0.007161
0.412500 2.025000 0.007252
0.487500 2.025000 0.007359
0.562500 2.025000 0.007478
0.637500 2.025000 0.007607
0.712500 2.025000 0.007746
0.787500 2.025000 0.007891
0.862500 2.025000 0.008039
0.937500 2.025000 0.008189
1.012000 2.025000 0.008339
1.087000 2.025000 0.008485
1.163000 2.025000 0.008625
1.238000 2.025000 0.008759
1.313000 2.025000 0.008882
1.388000 2.025000 0.008994
1.463000 2.025000 0.009093
1.538000 2.025000 0.009178
1.613000 2.025000 0.009247
1.688000 2.025000 0.009300
1.763000 2.025000 0.009336
1.838000 2.025000 0.009354
1.913000 2.025000 0.009355
1.988000 2.025000 0.009339
2.063000 2.025000 0.009306
2.138000 2.025000 0.009257
2.213000 2.025000 0.009194
2.288000 2.025000 0.009116
2.363000 2.025000 0.009025
2.438000 2.025000 0.008924
2.513000 2.025000 0.008813
2.588000 2.025000 0.008694
2.663000 2.025000 0.008570
2.738000 2.025000 0.008442
2.813000 2.025000 0.008312
2.888000 2.025000 0.008182
2.963000 2.025000 0.008053
3.038000 2.025000 0.007929
3.113000 2.025000 0.007810
3.188000 2.025000 0.007697
3.263000 2.025000 0.007594
3.338000 2.025000 0.007500
3.413000 2.025000 0.007418
3.488000 2.025000 0.007348
3.563000 2.025000 0.007290
3.638000 2.025000 0.007247
3.713000 2.025000 0.007217
3.788000 2.025000 0.007203
3.863000 2.025000 0.000000
-0.037500 2.175000 0.000000
0.037500 2.175000 0.004113
0.112500 2.175000 0.004122
0.187500 2.175000 0.004142
0.262500 2.175000 0.004171
0.337500 2.175000 0.004208
0.412500 2.175000 0.004254
0.487500 2.175000 0.004308
0.562500 2.175000 0.004367
0.637500 2.175000 0.004433
0.712500 2.175000 0.004502
0.787500 2.175000 0.004575
0.862500 2.175000 0.004650
0.937500 2.175000 0.004726
1.012000 2.175000 0.004801
1.087000 2.175000 0.004874
1.163000 2.175000 0.004945
1.238000 2.175000 0.005012
1.313000 2.175000 0.005074
1.388000 2.175000 0.005130
1.463000 2.175000 0.005179
1.538000 2.175000 0.005222
1.613000 2.175000 0.005256
1.688000 2.175000 0.005281
1.763000 2.175000 0.005298
1.838000 2.175000 0.005307
1.913000 2.175000 0.005306
1.988000 2.175000 0.005296
2.063000 2.175000 0.005278
2.138000 2.175000 0.005252
2.213000 2.175000 0.005217
2.288000 2.175000 0.005176
2.363000 2.175000 0.005128
2.438000 2.175000 0.005075
2.513000 2.175000 0.005017
2.588000 2.175000 0.004955
2.663000 2.175000 0.004890
2.738000 2.175000 0.004823
2.813000 2.175000 0.004755
2.888000 2.175000 0.004687
2.963000 2.175000 0.004620
3.038000 2.175000 0.004556
3.113000 2.175000 0.004494
3.188000 2.175000 0.004435
3.263000 2.175000 0.004382
3.338000 2.175000 0.004333
3.413000 2.175000 0.004290
3.488000 2.175000 0.004254
3.563000 2.175000 0.004224
3.638000 2.175000 0.004201
3.713000 2.175000 0.004186
3.788000 2.175000 0.004179
3.863000 2.175000 0.000000
-0.037500 2.325000 0.000000
0.037500 2.325000 0.002719
0.112500 2.325000 0.002724
0.187500 2.325000 0.002734
0.262500 2.325000 0.002749
0.337500 2.325000 0.002769
0.412500 2.325000 0.002793
0.487500 2.325000 0.002820
0.562500 2.325000 0.002852
0.637500 2.325000 0.002886
0.712500 2.325000 0.002922
0.787500 2.325000 0.002960
0.862500 2.325000 0.002999
0.937500 2.325000 0.003039
1.012000 2.325000 0.003078
1.087000 2.325000 0.003116
1.163000 2.325000 0.003153
1.238000 2.325000 0.003188
1.313000 2.325000 0.003220
1.388000 2.325000 0.003248
1.463000 2.325000 0.003274
1.538000 2.325000 0.003295
1.613000 2.325000 0.003312
1.688000 2.325000 0.003325
1.763000 2.325000 0.003333
1.838000 2.325000 0.003336
1.913000 2.325000 0.003334
1.988000 2.325000 0.003328
2.063000 2.325000 0.003317
2.138000 2.325000 0.003301
2.213000 2.325000 0.003282
2.288000 2.325000 0.003258
2.363000 2.325000 0.003231
2.438000 2.325000 0.003201
2.513000 2.325000 0.003169
2.588000 2.325000 0.003134
2.663000 2.325000 0.003098
2.738000 2.325000 0.003061
2.813000 2.325000 0.003023
2.888000 2.325000 0.002986
2.963000 2.325000 0.002949
3.038000 2.325000 0.002913
3.113000 2.325000 0.002879
3.188000 2.325000 0.002847
3.263000 2.325000 0.002818
3.338000 2.325000 0.002791
3.413000 2.325000 0.002768
3.488000 2.325000 0.002748
3.563000 2.325000 0.002732
3.638000 2.325000 0.002719
3.713000 2.325000 0.002711
3.788000 2.325000 0.002707
3.863000 2.325000 0.000000
-0.037500 2.475000 0.000000
0.037500 2.475000 0.002174
0.112500 2.475000 0.002177
0.187500 2.475000 0.002184
0.262500 2.475000 0.002195
0.337500 2.475000 0.002208
0.412500 2.475000 0.002225
0.487500 2.475000 0.002244
0.562500 2.475000 0.002266
0.637500 2.475000 0.002290
0.712500 2.475000 0.002315
0.787500 2.475000 0.002342
0.862500 2.475000 0.002369
0.937500 2.475000 0.002396
1.012000 2.475000 0.002423
1.087000 2.475000 0.002450
1.163000 2.475000 0.002475
1.238000 2.475000 0.002499
1.313000 2.475000 0.002522
1.388000 2.475000 0.002541
1.463000 2.475000 0.002559
1.538000 2.475000 0.002573
1.613000 2.475000 0.002585
1.688000 2.475000 0.002593
1.763000 2.475000 0.002598
1.838000 2.475000 0.002600
1.913000 2.475000 0.002598
1.988000 2.475000 0.002593
2.063000 2.475000 0.002584
2.138000 2.475000 0.002573
2.213000 2.475000 0.002558
2.288000 2.475000 0.002541
2.363000 2.475000 0.002521
2.438000 2.475000 0.002500
2.513000 2.475000 0.002476
2.588000 2.475000 0.002451
2.663000 2.475000 0.002425
2.738000 2.475000 0.002398
2.813000 2.475000 0.002371
2.888000 2.475000 0.002344
2.963000 2.475000 0.002317
3.038000 2.475000 0.002292
3.113000 2.475000 0.002267
3.188000 2.475000 0.002244
3.263000 2.475000 0.002223
3.338000 2.475000 0.002204
3.413000 2.475000 0.002187
3.488000 2.475000 0.002173
3.563000 2.475000 0.002162
3.638000 2.475000 0.002153
3.713000 2.475000 0.002147
3.788000 2.475000 0.002144
3.863000 2.475000 0.000000
-0.037500 2.625000 0.000000
0.037500 2.625000 0.001758
0.112500 2.625000 0.001761
0.187500 2.625000 0.001766
0.262500 2.625000 0.001773
0.337500 2.625000 0.001783
0.412500 2.625000 0.001795
0.487500 2.625000 0.001809
0.562500 2.625000 0.001824
0.637500 2.625000 0.001841
0.712500 2.625000 0.001860
0.787500 2.625000 0.001879
0.862500 2.625000 0.001898
0.937500 2.625000 0.001918
1.012000 2.625000 0.001937
1.087000 2.625000 0.001956
1.163000 2.625000 0.001974
1.238000 2.625000 0.001991
1.313000 2.625000 0.002007
1.388000 2.625000 0.002021
1.463000 2.625000 0.002033
1.538000 2.625000 0.002044
1.613000 2.625000 0.002051
1.688000 2.625000 0.002057
1.763000 2.625000 0.002060
1.838000 2.625000 0.002061
1.913000 2.625000 0.002059
1.988000 2.625000 0.002055
2.063000 2.625000 0.002049
2.138000 2.625000 0.002040
2.213000 2.625000 0.002029
2.288000 2.625000 0.002016
2.363000 2.625000 0.002001
2.438000 2.625000 0.001985
2.513000 2.625000 0.001967
2.588000 2.625000 0.001949
2.663000 2.625000 0.001929
2.738000 2.625000 0.001909
2.813000 2.625000 0.001889
2.888000 2.625000 0.001869
2.963000 2.625000 0.001850
3.038000 2.625000 0.001831
3.113000 2.625000 0.001813
3.188000 2.625000 0.001796
3.263000 2.625000 0.001780
3.338000 2.625000 0.001766
3.413000 2.625000 0.001754
3.488000 2.625000 0.001744
3.563000 2.625000 0.001735
3.638000 2.625000 0.001729
3.713000 2.625000 0.001725
3.788000 2.625000 0.001723
3.863000 2.625000 0.000000
-0.037500 2.775000 0.000000
0.037500 2.775000 0.001454
0.112500 2.775000 0.001455
0.187500 2.775000 0.001459
0.262500 2.775000 0.001465
0.337500 2.775000 0.001473
0.412500 2.775000 0.001482
0.487500 2.775000 0.001492
0.562500 2.775000 0.001504
0.637500 2.775000 0.001517
0.712500 2.775000 0.001531
0.787500 2.775000 0.001545
0.862500 2.775000 0.001560
0.937500 2.775000 0.001575
1.012000 2.775000 0.001590
1.087000 2.775000 0.001604
1.163000 2.775000 0.001618
1.238000 2.775000 0.001631
1.313000 2.775000 0.001642
1.388000 2.775000 0.001653
1.463000 2.775000 0.001662
1.538000 2.775000 0.001670
1.613000 2.775000 0.001676
1.688000 2.775000 0.001680
1.763000 2.775000 0.001682
1.838000 2.775000 0.001682
1.913000 2.775000 0.001681
1.988000 2.775000 0.001677
2.063000 2.775000 0.001672
2.138000 2.775000 0.001665
2.213000 2.775000 0.001656
2.288000 2.775000 0.001646
2.363000 2.775000 0.001635
2.438000 2.775000 0.001622
2.513000 2.775000 0.001608
2.588000 2.775000 0.001594
2.663000 2.775000 0.001579
2.738000 2.775000 0.001563
2.813000 2.775000 0.001548
2.888000 2.775000 0.001532
2.963000 2.775000 0.001517
3.038000 2.775000 0.001502
3.113000 2.775000 0.001488
3.188000 2.775000 0.001475
3.263000 2.775000 0.001463
3.338000 2.775000 0.001452
3.413000 2.775000 0.001443
3.488000 2.775000 0.001435
3.563000 2.775000 0.001429
3.638000 2.775000 0.001424
3.713000 2.775000 0.001420
3.788000 2.775000 0.001419
3.863000 2.775000 0.000000
-0.037500 2.925000 0.000000
0.037500 2.925000 0.001034
0.112500 2.925000 0.001036
0.187500 2.925000 0.001038
0.262500 2.925000 0.001042
0.337500 2.925000 0.001048
0.412500 2.925000 0.001054
0.487500 2.925000 0.001061
0.562500 2.925000 0.001069
0.637500 2.925000 0.001078
0.712500 2.925000 0.001087
0.787500 2.925000 0.001097
0.862500 2.925000 0.001107
0.937500 2.925000 0.001117
1.012000 2.925000 0.001127
1.087000 2.925000 0.001137
1.163000 2.925000 0.001146
1.238000 2.925000 0.001155
1.313000 2.925000 0.001163
1.388000 2.925000 0.001170
1.463000 2.925000 0.001177
1.538000 2.925000 0.001182
1.613000 2.925000 0.001186
1.688000 2.925000 0.001188
1.763000 2.925000 0.001190
1.838000 2.925000 0.001190
1.913000 2.925000 0.001189
1.988000 2.925000 0.001186
2.063000 2.925000 0.001183
2.138000 2.925000 0.001178
2.213000 2.925000 0.001172
2.288000 2.925000 0.001165
2.363000 2.925000 0.001157
2.438000 2.925000 0.001148
2.513000 2.925000 0.001139
2.588000 2.925000 0.001129
2.663000 2.925000 0.001118
2.738000 2.925000 0.001108
2.813000 2.925000 0.001097
2.888000 2.925000 0.001086
2.963000 2.925000 0.001076
3.038000 2.925000 0.001066
3.113000 2.925000 0.001056
3.188000 2.925000 0.001048
3.263000 2.925000 0.001039
3.338000 2.925000 0.001032
3.413000 2.925000 0.001026
3.488000 2.925000 0.001020
3.563000 2.925000 0.001016
3.638000 2.925000 0.001013
3.713000 2.925000 0.001011
3.788000 2.925000 0.001010
3.863000 2.925000 0.000000
-0.037500 3.075000 0.000000
0.037500 3.075000 0.000638
0.112500 3.075000 0.000639
0.187500 3.075000 0.000641
0.262500 3.075000 0.000643
0.337500 3.075000 0.000646
0.412500 3.075000 0.000650
0.487500 3.075000 0.000654
0.562500 3.075000 0.000659
0.637500 3.075000 0.000664
0.712500 3.075000 0.000669
0.787500 3.075000 0.000675
0.862500 3.075000 0.000681
0.937500 3.075000 0.000687
1.012000 3.075000 0.000692
1.087000 3.075000 0.000698
1.163000 3.075000 0.000704
1.238000 3.075000 0.000709
1.313000 3.075000 0.000713
1.388000 3.075000 0.000718
1.463000 3.075000 0.000721
1.538000 3.075000 0.000724
1.613000 3.075000 0.000726
1.688000 3.075000 0.000728
1.763000 3.075000 0.000729
1.838000 3.075000 0.000729
1.913000 3.075000 0.000728
1.988000 3.075000 0.000727
2.063000 3.075000 0.000724
2.138000 3.075000 0.000722
2.213000 3.075000 0.000718
2.288000 3.075000 0.000714
2.363000 3.075000 0.000709
2.438000 3.075000 0.000704
2.513000 3.075000 0.000698
2.588000 3.075000 0.000692
2.663000 3.075000 0.000686
2.738000 3.075000 0.000680
2.813000 3.075000 0.000674
2.888000 3.075000 0.000668
2.963000 3.075000 0.000661
3.038000 3.075000 0.000656
3.113000 3.075000 0.000650
3.188000 3.075000 0.000645
3.263000 3.075000 0.000640
3.338000 3.075000 0.000636
3.413000 3.075000 0.000632
3.488000 3.075000 0.000629
3.563000 3.075000 0.000626
3.638000 3.075000 0.000624
3.713000 3.075000 0.000623
3.788000 3.075000 0.000623
3.863000 3.075000 0.000000
-0.037500 3.225000 0.000000
0.037500 3.225000 0.000391
0.112500 3.225000 0.000391
0.187500 3.225000 0.000392
0.262500 3.225000 0.000393
0.337500 3.225000 0.000395
0.412500 3.225000 0.000397
0.487500 3.225000 0.000400
0.562500 3.225000 0.000403
0.637500 3.225000 0.000406
0.712500 3.225000 0.000409
0.787500 3.225000 0.000412
0.862500 3.225000 0.000415
0.937500 3.225000 0.000419
1.012000 3.225000 0.000422
1.087000 3.225000 0.000426
1.163000 3.225000 0.000429
1.238000 3.225000 0.000432
1.313000 3.225000 0.000434
1.388000 3.225000 0.000437
1.463000 3.225000 0.000439
1.538000 3.225000 0.000441
1.613000 3.225000 0.000442
1.688000 3.225000 0.000443
1.763000 3.225000 0.000443
1.838000 3.225000 0.000443
1.913000 3.225000 0.000443
1.988000 3.225000 0.000442
2.063000 3.225000 0.000441
2.138000 3.225000 0.000439
2.213000 3.225000 0.000437
2.288000 3.225000 0.000434
2.363000 3.225000 0.000431
2.438000 3.225000 0.000428
2.513000 3.225000 0.000425
2.588000 3.225000 0.000422
2.663000 3.225000 0.000418
2.738000 3.225000 0.000415
2.813000 3.225000 0.000411
2.888000 3.225000 0.000407
2.963000 3.225000 0.000404
3.038000 3.225000 0.000400
3.113000 3.225000 0.000397
3.188000 3.225000 0.000394
3.263000 3.225000 0.000391
3.338000 3.225000 0.000389
3.413000 3.225000 0.000386
3.488000 3.225000 0.000385
3.563000 3.225000 0.000383
3.638000 3.225000 0.000382
3.713000 3.225000 0.000381
3.788000 3.225000 0.000381
3.863000 3.225000 0.000000
-0.037500 3.375000 0.000000
0.037500 3.375000 0.000237
0.112500 3.375000 0.000238
0.187500 3.375000 0.000238
0.262500 3.375000 0.000239
0.337500 3.375000 0.000240
0.412500 3.375000 0.000241
0.487500 3.375000 0.000243
0.562500 3.375000 0.000244
0.637500 3.375000 0.000246
0.712500 3.375000 0.000248
0.787500 3.375000 0.000250
0.862500 3.375000 0.000252
0.937500 3.375000 0.000254
1.012000 3.375000 0.000255
1.087000 3.375000 0.000257
1.163000 3.375000 0.000259
1.238000 3.375000 0.000261
1.313000 3.375000 0.000262
1.388000 3.375000 0.000264
1.463000 3.375000 0.000265
1.538000 3.375000 0.000266
1.613000 3.375000 0.000267
1.688000 3.375000 0.000267
1.763000 3.375000 0.000267
1.838000 3.375000 0.000267
1.913000 3.375000 0.000267
1.988000 3.375000 0.000267
2.063000 3.375000 0.000266
2.138000 3.375000 0.000265
2.213000 3.375000 0.000264
2.288000 3.375000 0.000262
2.363000 3.375000 0.000261
2.438000 3.375000 0.000259
2.513000 3.375000 0.000257
2.588000 3.375000 0.000255
2.663000 3.375000 0.000253
2.738000 3.375000 0.000251
2.813000 3.375000 0.000249
2.888000 3.375000 0.000247
2.963000 3.375000 0.000244
3.038000 3.375000 0.000242
3.113000 3.375000 0.000240
3.188000 3.375000 0.000239
3.263000 3.375000 0.000237
3.338000 3.375000 0.000236
3.413000 3.375000 0.000234
3.488000 3.375000 0.000233
3.563000 3.375000 0.000232
3.638000 3.375000 0.000232
3.713000 3.375000 0.000232
3.788000 3.375000 0.000231
3.863000 3.375000 0.000000
-0.037500 3.525000 0.000000
0.037500 3.525000 0.000143
0.112500 3.525000 0.000143
0.187500 3.525000 0.000144
0.262500 3.525000 0.000144
0.337500 3.525000 0.000145
0.412500 3.525000 0.000145
0.487500 3.525000 0.000146
0.562500 3.525000 0.000147
0.637500 3.525000 0.000148
0.712500 3.525000 0.000149
0.787500 3.525000 0.000150
0.862500 3.525000 0.000151
0.937500 3.525000 0.000152
1.012000 3.525000 0.000154
1.087000 3.525000 0.000154
1.163000 3.525000 0.000156
1.238000 3.525000 0.000156
1.313000 3.525000 0.000157
1.388000 3.525000 0.000158
1.463000 3.525000 0.000159
1.538000 3.525000 0.000160
1.613000 3.525000 0.000160
1.688000 3.525000 0.000160
1.763000 3.525000 0.000160
1.838000 3.525000 0.000160
1.913000 3.525000 0.000160
1.988000 3.525000 0.000160
2.063000 3.525000 0.000159
2.138000 3.525000 0.000159
2.213000 3.525000 0.000158
2.288000 3.525000 0.000157
2.363000 3.525000 0.000156
2.438000 3.525000 0.000155
2.513000 3.525000 0.000154
2.588000 3.525000 0.000153
2.663000 3.525000 0.000152
2.738000 3.525000 0.000151
2.813000 3.525000 0.000149
2.888000 3.525000 0.000148
2.963000 3.525000 0.000147
3.038000 3.525000 0.000146
3.113000 3.525000 0.000145
3.188000 3.525000 0.000144
3.263000 3.525000 0.000143
3.338000 3.525000 0.000142
3.413000 3.525000 0.000141
3.488000 3.525000 0.000141
3.563000 3.525000 0.000140
3.638000 3.525000 0.000140
3.713000 3.525000 0.000139
3.788000 3.525000 0.000139
3.863000 3.525000 0.000000
-0.037500 3.675000 0.000000
0.037500 3.675000 0.000086
0.112500 3.675000 0.000086
0.187500 3.675000 0.000086
0.262500 3.675000 0.000086
0.337500 3.675000 0.000086
0.412500 3.675000 0.000087
0.487500 3.675000 0.000087
0.562500 3.675000 0.000088
0.637500 3.675000 0.000088
0.712500 3.675000 0.000089
0.787500 3.675000 0.000090
0.862500 3.675000 0.000090
0.937500 3.675000 0.000091
1.012000 3.675000 0.000091
1.087000 3.675000 0.000092
1.163000 3.675000 0.000093
1.238000 3.675000 0.000093
1.313000 3.675000 0.000094
1.388000 3.675000 0.000094
1.463000 3.675000 0.000095
1.538000 3.675000 0.000095
1.613000 3.675000 0.000095
1.688000 3.675000 0.000095
1.763000 3.675000 0.000095
1.838000 3.675000 0.000095
1.913000 3.675000 0.000095
1.988000 3.675000 0.000095
2.063000 3.675000 0.000095
2.138000 3.675000 0.000094
2.213000 3.675000 0.000094
2.288000 3.675000 0.000094
2.363000 3.675000 0.000093
2.438000 3.675000 0.000092
2.513000 3.675000 0.000092
2.588000 3.675000 0.000091
2.663000 3.675000 0.000090
2.738000 3.675000 0.000090
2.813000 3.675000 0.000089
2.888000 3.675000 0.000088
2.963000 3.675000 0.000088
3.038000 3.675000 0.000087
3.113000 3.675000 0.000086
3.188000 3.675000 0.000086
3.263000 3.675000 0.000085
3.338000 3.675000 0.000085
3.413000 3.675000 0.000084
3.488000 3.675000 0.000084
3.563000 3.675000 0.000084
3.638000 3.675000 0.000083
3.713000 3.675000 0.000083
3.788000 3.675000 0.000083
3.863000 3.675000 0.000000
-0.037500 3.825000 0.000000
0.037500 3.825000 0.000051
0.112500 3.825000 0.000051
0.187500 3.825000 0.000051
0.262500 3.825000 0.000051
0.337500 3.825000 0.000051
0.412500 3.825000 0.000051
0.487500 3.825000 0.000052
0.562500 3.825000 0.000052
0.637500 3.825000 0.000052
0.712500 3.825000 0.000053
0.787500 3.825000 0.000053
0.862500 3.825000 0.000053
0.937500 3.825000 0.000054
1.012000 3.825000 0.000054
1.087000 3.825000 0.000054
1.163000 3.825000 0.000055
1.238000 3.825000 0.000055
1.313000 3.825000 0.000055
1.388000 3.825000 0.000056
1.463000 3.825000 0.000056
1.538000 3.825000 0.000056
1.613000 3.825000 0.000056
1.688000 3.825000 0.000056
1.763000 3.825000 0.000056
1.838000 3.825000 0.000056
1.913000 3.825000 0.000056
1.988000 3.825000 0.000056
2.063000 3.825000 0.000056
2.138000 3.825000 0.000056
2.213000 3.825000 0.000056
2.288000 3.825000 0.000055
2.363000 3.825000 0.000055
2.438000 3.825000 0.000055
2.513000 3.825000 0.000054
2.588000 3.825000 0.000054
2.663000 3.825000 0.000053
2.738000 3.825000 0.000053
2.813000 3.825000 0.000053
2.888000 3.825000 0.000052
2.963000 3.825000 0.000052
3.038000 3.825000 0.000052
3.113000 3.825000 0.000051
3.188000 3.825000 0.000051
3.263000 3.825000 0.000051
3.338000 3.825000 0.000050
3.413000 3.825000 0.000050
3.488000 3.825000 0.000050
3.563000 3.825000 0.000050
3.638000 3.825000 0.000049
3.713000 3.825000 0.000049
3.788000 3.825000 0.000049
3.863000 3.825000 0.000000
-0.037500 3.975000 0.000000
0.037500 3.975000 0.000030
0.112500 3.975000 0.000030
0.187500 3.975000 0.000030
0.262500 3.975000 0.000030
0.337500 3.975000 0.000030
0.412500 3.975000 0.000030
0.487500 3.975000 0.000030
0.562500 3.975000 0.000031
0.637500 3.975000 0.000031
0.712500 3.975000 0.000031
0.787500 3.975000 0.000031
0.862500 3.975000 0.000031
0.937500 3.975000 0.000032
1.012000 3.975000 0.000032
1.087000 3.975000 0.000032
1.163000 3.975000 0.000032
1.238000 3.975000 0.000032
1.313000 3.975000 0.000032
1.388000 3.975000 0.000033
1.463000 3.975000 0.000033
1.538000 3.975000 0.000033
1.613000 3.975000 0.000033
1.688000 3.975000 0.000033
1.763000 3.975000 0.000033
1.838000 3.975000 0.000033
1.913000 3.975000 0.000033
1.988000 3.975000 0.000033
2.063000 3.975000 0.000033
2.138000 3.975000 0.000033
2.213000 3.975000 0.000033
2.288000 3.975000 0.000032
2.363000 3.975000 0.000032
2.438000 3.975000 0.000032
2.513000 3.975000 0.000032
2.588000 3.975000 0.000032
2.663000 3.975000 0.000031
2.738000 3.975000 0.000031
2.813000 3.975000 0.000031
2.888000 3.975000 0.000031
2.963000 3.975000 0.000030
3.038000 3.975000 0.000030
3.113000 3.975000 0.000030
3.188000 3.975000 0.000030
3.263000 3.975000 0.000030
3.338000 3.975000 0.000030
3.413000 3.975000 0.000029
3.488000 3.975000 0.000029
3.563000 3.975000 0.000029
3.638000 3.975000 0.000029
3.713000 3.975000 0.000029
3.788000 3.975000 0.000029
3.863000 3.975000 0.000000
-0.037500 4.125000 0.000000
0.037500 4.125000 0.000017
0.112500 4.125000 0.000017
0.187500 4.125000 0.000017
0.262500 4.125000 0.000017
0.337500 4.125000 0.000018
0.412500 4.125000 0.000018
0.487500 4.125000 0.000018
0.562500 4.125000 0.000018
0.637500 4.125000 0.000018
0.712500 4.125000 0.000018
0.787500 4.125000 0.000018
0.862500 4.125000 0.000018
0.937500 4.125000 0.000018
1.012000 4.125000 0.000018
1.087000 4.125000 0.000019
1.163000 4.125000 0.000019
1.238000 4.125000 0.000019
1.313000 4.125000 0.000019
1.388000 4.125000 0.000019
1.463000 4.125000 0.000019
1.538000 4.125000 0.000019
1.613000 4.125000 0.000019
1.688000 4.125000 0.000019
1.763000 4.125000 0.000019
1.838000 4.125000 0.000019
1.913000 4.125000 0.000019
1.988000 4.125000 0.000019
2.063000 4.125000 0.000019
2.138000 4.125000 0.000019
2.213000 4.125000 0.000019
2.288000 4.125000 0.000019
2.363000 4.125000 0.000019
2.438000 4.125000 0.000019
2.513000 4.125000 0.000019
2.588000 4.125000 0.000018
2.663000 4.125000 0.000018
2.738000 4.125000 0.000018
2.813000 4.125000 0.000018
2.888000 4.125000 0.000018
2.963000 4.125000 0.000018
3.038000 4.125000 0.000018
3.113000 4.125000 0.000018
3.188000 4.125000 0.000017
3.263000 4.125000 0.000017
3.338000 4.125000 0.000017
3.413000 4.125000 0.000017
3.488000 4.125000 0.000017
3.563000 4.125000 0.000017
3.638000 4.125000 0.000017
3.713000 4.125000 0.000017
3.788000 4.125000 0.000017
3.863000 4.125000 0.000000
-0.037500 4.275000 0.000000
0.037500 4.275000 0.000010
0.112500 4.275000 0.000010
0.187500 4.275000 0.000010
0.262500 4.275000 0.000010
0.337500 4.275000 0.000010
0.412500 4.275000 0.000010
0.487500 4.275000 0.000010
0.562500 4.275000 0.000010
0.637500 4.275000 0.000010
0.712500 4.275000 0.000010
0.787500 4.275000 0.000010
0.862500 4.275000 0.000011
0.937500 4.275000 0.000011
1.012000 4.275000 0.000011
1.087000 4.275000 0.000011
1.163000 4.275000 0.000011
1.238000 4.275000 0.000011
1.313000 4.275000 0.000011
1.388000 4.275000 0.000011
1.463000 4.275000 0.000011
1.538000 4.275000 0.000011
1.613000 4.275000 0.000011
1.688000 4.275000 0.000011
1.763000 4.275000 0.000011
1.838000 4.275000 0.000011
1.913000 4.275000 0.000011
1.988000 4.275000 0.000011
2.063000 4.275000 0.000011
2.138000 4.275000 0.000011
2.213000 4.275000 0.000011
2.288000 4.275000 0.000011
2.363000 4.275000 0.000011
2.438000 4.275000 0.000011
2.513000 4.275000 0.000011
2.588000 4.275000 0.000011
2.663000 4.275000 0.000011
2.738000 4.275000 0.000010
2.813000 4.275000 0.000010
2.888000 4.275000 0.000010
2.963000 4.275000 0.000010
3.038000 4.275000 0.000010
3.113000 4.275000 0.000010
3.188000 4.275000 0.000010
3.263000 4.275000 0.000010
3.338000 4.275000 0.000010
3.413000 4.275000 0.000010
3.488000 4.275000 0.000010
3.563000 4.275000 0.000010
3.638000 4.275000 0.000010
3.713000 4.275000 0.000010
3.788000 4.275000 0.000010
3.863000 4.275000 0.000000
-0.037500 4.425000 0.000000
0.037500 4.425000 0.000006
0.112500 4.425000 0.000006
0.187500 4.425000 0.000006
0.262500 4.425000 0.000006
0.337500 4.425000 0.000006
0.412500 4.425000 0.000006
0.487500 4.425000 0.000006
0.562500 4.425000 0.000006
0.637500 4.425000 0.000006
0.712500 4.425000 0.000006
0.787500 4.425000 0.000006
0.862500 4.425000 0.000006
0.937500 4.425000 0.000006
1.012000 4.425000 0.000006
1.087000 4.425000 0.000006
1.163000 4.425000 0.000006
1.238000 4.425000 0.000006
1.313000 4.425000 0.000006
1.388000 4.425000 0.000006
1.463000 4.425000 0.000006
1.538000 4.425000 0.000006
1.613000 4.425000 0.000006
1.688000 4.425000 0.000006
1.763000 4.425000 0.000006
1.838000 4.425000 0.000006
1.913000 4.425000 0.000006
1.988000 4.425000 0.000006
2.063000 4.425000 0.000006
2.138000 4.425000 0.000006
2.213000 4.425000 0.000006
2.288000 4.425000 0.000006
2.363000 4.425000 0.000006
2.438000 4.425000 0.000006
2.513000 4.425000 0.000006
2.588000 4.425000 0.000006
2.663000 4.425000 0.000006
2.738000 4.425000 0.000006
2.813000 4.425000 0.000006
2.888000 4.425000 0.000006
2.963000 4.425000 0.000006
3.038000 4.425000 0.000006
3.113000 4.425000 0.000006
3.188000 4.425000 0.000006
3.263000 4.425000 0.000006
3.338000 4.425000 0.000006
3.413000 4.425000 0.000006
3.488000 4.425000 0.000006
3.563000 4.425000 0.000006
3.638000 4.425000 0.000006
3.713000 4.425000 0.000006
3.788000 4.425000 0.000006
3.863000 4.425000 0.000000
-0.037500 4.575000 0.000000
0.037500 4.575000 0.000003
0.112500 4.575000 0.000003
0.187500 4.575000 0.000003
0.262500 4.575000 0.000003
0.337500 4.575000 0.000003
0.412500 4.575000 0.000003
0.487500 4.575000 0.000003
0.562500 4.575000 0.000003
0.637500 4.575000 0.000003
0.712500 4.575000 0.000003
0.787500 4.575000 0.000003
0.862500 4.575000 0.000003
0.937500 4.575000 0.000003
1.012000 4.575000 0.000003
1.087000 4.575000 0.000004
1.163000 4.575000 0.000004
1.238000 4.575000 0.000004
1.313000 4.575000 0.000004
1.388000 4.575000 0.000004
1.463000 4.575000 0.000004
1.538000 4.575000 0.000004
1.613000 4.575000 0.000004
1.688000 4.575000 0.000004
1.763000 4.575000 0.000004
1.838000 4.575000 0.000004
1.913000 4.575000 0.000004
1.988000 4.575000 0.000004
2.063000 4.575000 0.000004
2.138000 4.575000 0.000004
2.213000 4.575000 0.000004
2.288000 4.575000 0.000004
2.363000 4.575000 0.000004
2.438000 4.575000 0.000004
2.513000 4.575000 0.000004
2.588000 4.575000 0.000003
2.663000 4.575000 0.000003
2.738000 4.575000 0.000003
2.813000 4.575000 0.000003
2.888000 4.575000 0.000003
2.963000 4.575000 0.000003
3.038000 4.575000 0.000003
3.113000 4.575000 0.000003
3.188000 4.575000 0.000003
3.263000 4.575000 0.000003
3.338000 4.575000 0.000003
3.413000 4.575000 0.000003
3.488000 4.575000 0.000003
3.563000 4.575000 0.000003
3.638000 4.575000 0.000003
3.713000 4.575000 0.000003
3.788000 4.575000 0.000003
3.863000 4.575000 0.000000
-0.037500 4.725000 0.000000
0.037500 4.725000 0.000002
0.112500 4.725000 0.000002
0.187500 4.725000 0.000002
0.262500 4.725000 0.000002
0.337500 4.725000 0.000002
0.412500 4.725000 0.000002
0.487500 4.725000 0.000002
0.562500 4.725000 0.000002
0.637500 4.725000 0.000002
0.712500 4.725000 0.000002
0.787500 4.725000 0.000002
0.862500 4.725000 0.000002
0.937500 4.725000 0.000002
1.012000 4.725000 0.000002
1.087000 4.725000 0.000002
1.163000 4.725000 0.000002
1.238000 4.725000 0.000002
1.313000 4.725000 0.000002
1.388000 4.725000 0.000002
1.463000 4.725000 0.000002
1.538000 4.725000 0.000002
1.613000 4.725000 0.000002
1.688000 4.725000 0.000002
1.763000 4.725000 0.000002
1.838000 4.725000 0.000002
1.913000 4.725000 0.000002
1.988000 4.725000 0.000002
2.063000 4.725000 0.000002
2.138000 4.725000 0.000002
2.213000 4.725000 0.000002
2.288000 4.725000 0.000002
2.363000 4.725000 0.000002
2.438000 4.725000 0.000002
2.513000 4.725000 0.000002
2.588000 4.725000 0.000002
2.663000 4.725000 0.000002
2.738000 4.725000 0.000002
2.813000 4.725000 0.000002
2.888000 4.725000 0.000002
2.963000 4.725000 0.000002
3.038000 4.725000 0.000002
3.113000 4.725000 0.000002
3.188000 4.725000 0.000002
3.263000 4.725000 0.000002
3.338000 4.725000 0.000002
3.413000 4.725000 0.000002
3.488000 4.725000 0.000002
3.563000 4.725000 0.000002
3.638000 4.725000 0.000002
3.713000 4.725000 0.000002
3.788000 4.725000 0.000002
3.863000 4.725000 0.000000
-0.037500 4.875000 0.000000
0.037500 4.875000 0.000001
0.112500 4.875000 0.000001
0.187500 4.875000 0.000001
0.262500 4.875000 0.000001
0.337500 4.875000 0.000001
0.412500 4.875000 0.000001
0.487500 4.875000 0.000001
0.562500 4.875000 0.000001
0.637500 4.875000 0.000001
0.712500 4.875000 0.000001
0.787500 4.875000 0.000001
0.862500 4.875000 0.000001
0.937500 4.875000 0.000001
1.012000 4.875000 0.000001
1.087000 4.875000 0.000001
1.163000 4.875000 0.000001
1.238000 4.875000 0.000001
1.313000 4.875000 0.000001
1.388000 4.875000 0.000001
1.463000 4.875000 0.000001
1.538000 4.875000 0.000001
1.613000 4.875000 0.000001
1.688000 4.875000 0.000001
1.763000 4.875000 0.000001
1.838000 4.875000 0.000001
1.913000 4.875000 0.000001
1.988000 4.875000 0.000001
2.063000 4.875000 0.000001
2.138000 4.875000 0.000001
2.213000 4.875000 0.000001
2.288000 4.875000 0.000001
2.363000 4.875000 0.000001
2.438000 4.875000 0.000001
2.513000 4.875000 0.000001
2.588000 4.875000 0.000001
2.663000 4.875000 0.000001
2.738000 4.875000 0.000001
2.813000 4.875000 0.000001
2.888000 4.875000 0.000001
2.963000 4.875000 0.000001
3.038000 4.875000 0.000001
3.113000 4.875000 0.000001
3.188000 4.875000 0.000001
3.263000 4.875000 0.000001
3.338000 4.875000 0.000001
3.413000 4.875000 0.000001
3.488000 4.875000 0.000001
3.563000 4.875000 0.000001
3.638000 4.875000 0.000001
3.713000 4.875000 0.000001
3.788000 4.875000 0.000001
3.863000 4.875000 0.000000
-0.037500 5.025000 0.000000
0.037500 5.025000 0.000001
0.112500 5.025000 0.000001
0.187500 5.025000 0.000001
0.262500 5.025000 0.000001
0.337500 5.025000 0.000001
0.412500 5.025000 0.000001
0.487500 5.025000 0.000001
0.562500 5.025000 0.000001
0.637500 5.025000 0.000001
0.712500 5.025000 0.000001
0.787500 5.025000 0.000001
0.862500 5.025000 0.000001
0.937500 5.025000 0.000001
1.012000 5.025000 0.000001
1.087000 5.025000 0.000001
1.163000 5.025000 0.000001
1.238000 5.025000 0.000001
1.313000 5.025000 0.000001
1.388000 5.025000 0.000001
1.463000 5.025000 0.000001
1.538000 5.025000 0.000001
1.613000 5.025000 0.000001
1.688000 5.025000 0.000001
1.763000 5.025000 0.000001
1.838000 5.025000 0.000001
1.913000 5.025000 0.000001
1.988000 5.025000 0.000001
2.063000 5.025000 0.000001
2.138000 5.025000 0.000001
2.213000 5.025000 0.000001
2.288000 5.025000 0.000001
2.363000 5.025000 0.000001
2.438000 5.025000 0.000001
2.513000 5.025000 0.000001
2.588000 5.025000 0.000001
2.663000 5.025000 0.000001
2.738000 5.025000 0.000001
2.813000 5.025000 0.000001
2.888000 5.025000 0.000001
2.963000 5.025000 0.000001
3.038000 5.025000 0.000001
3.113000 5.025000 0.000001
3.188000 5.025000 0.000001
3.263000 5.025000 0.000001
3.338000 5.025000 0.000001
3.413000 5.025000 0.000001
3.488000 5.025000 0.000001
3.563000 5.025000 0.000001
3.638000 5.025000 0.000001
3.713000 5.025000 0.000001
3.788000 5.025000 0.000001
3.863000 5.025000 0.000000
-0.037500 5.175000 0.000000
0.037500 5.175000 0.000000
0.112500 5.175000 0.000000
0.187500 5.175000 0.000000
0.262500 5.175000 0.000000
0.337500 5.175000 0.000000
0.412500 5.175000 0.000000
0.487500 5.175000 0.000000
0.562500 5.175000 0.000000
0.637500 5.175000 0.000000
0.712500 5.175000 0.000000
0.787500 5.175000 0.000000
0.862500 5.175000 0.000000
0.937500 5.175000 0.000000
1.012000 5.175000 0.000000
1.087000 5.175000 0.000000
1.163000 5.175000 0.000000
1.238000 5.175000 0.000000
1.313000 5.175000 0.000000
1.388000 5.175000 0.000000
1.463000 5.175000 0.000000
1.538000 5.175000 0.000000
1.613000 5.175000 0.000000
1.688000 5.175000 0.000000
1.763000 5.175000 0.000000
1.838000 5.175000 0.000000
1.913000 5.175000 0.000000
1.988000 5.175000 0.000000
2.063000 5.175000 0.000000
2.138000 5.175000 0.000000
2.213000 5.175000 0.000000
2.288000 5.175000 0.000000
2.363000 5.175000 0.000000
2.438000 5.175000 0.000000
2.513000 5.175000 0.000000
2.588000 5.175000 0.000000
2.663000 5.175000 0.000000
2.738000 5.175000 0.000000
2.813000 5.175000 0.000000
2.888000 5.175000 0.000000
2.963000 5.175000 0.000000
3.038000 5.175000 0.000000
3.113000 5.175000 0.000000
3.188000 5.175000 0.000000
3.263000 5.175000 0.000000
3.338000 5.175000 0.000000
3.413000 5.175000 0.000000
3.488000 5.175000 0.000000
3.563000 5.175000 0.000000
3.638000 5.175000 0.000000
3.713000 5.175000 0.000000
3.788000 5.175000 0.000000
3.863000 5.175000 0.000000
