-0.037500 -0.075000 0.000000
0.037500 -0.075000 0.000000
0.112500 -0.075000 0.000000
0.187500 -0.075000 0.000000
0.262500 -0.075000 0.000000
0.337500 -0.075000 0.000000
0.412500 -0.075000 0.000000
0.487500 -0.075000 0.000000
0.562500 -0.075000 0.000000
0.637500 -0.075000 0.000000
0.712500 -0.075000 0.000000
0.787500 -0.075000 0.000000
0.862500 -0.075000 0.000000
0.937500 -0.075000 0.000000
1.012000 -0.075000 0.000000
1.087000 -0.075000 0.000000
1.163000 -0.075000 0.000000
1.238000 -0.075000 0.000000
1.313000 -0.075000 0.000000
1.388000 -0.075000 0.000000
1.463000 -0.075000 0.000000
1.538000 -0.075000 0.000000
1.613000 -0.075000 0.000000
1.688000 -0.075000 0.000000
1.763000 -0.075000 0.000000
1.838000 -0.075000 0.000000
1.913000 -0.075000 0.000000
1.988000 -0.075000 0.000000
2.063000 -0.075000 0.000000
2.138000 -0.075000 0.000000
2.213000 -0.075000 0.000000
2.288000 -0.075000 0.000000
2.363000 -0.075000 0.000000
2.438000 -0.075000 0.000000
2.513000 -0.075000 0.000000
2.588000 -0.075000 0.000000
2.663000 -0.075000 0.000000
2.738000 -0.075000 0.000000
2.813000 -0.075000 0.000000
2.888000 -0.075000 0.000000
2.963000 -0.075000 0.000000
3.038000 -0.075000 0.000000
3.113000 -0.075000 0.000000
3.188000 -0.075000 0.000000
3.263000 -0.075000 0.000000
3.338000 -0.075000 0.000000
3.413000 -0.075000 0.000000
3.488000 -0.075000 0.000000
3.563000 -0.075000 0.000000
3.638000 -0.075000 0.000000
3.713000 -0.075000 0.000000
3.788000 -0.075000 0.000000
3.863000 -0.075000 0.000000
-0.037500 0.075000 0.000000
0.037500 0.075000 0.000020
0.112500 0.075000 0.000030
0.187500 0.075000 0.000050
0.262500 0.075000 0.000070
0.337500 0.075000 0.000090
0.412500 0.075000 0.000100
0.487500 0.075000 0.000120
0.562500 0.075000 0.000140
0.637500 0.075000 0.000160
0.712500 0.075000 0.000170
0.787500 0.075000 0.000190
0.862500 0.075000 0.000210
0.937500 0.075000 0.000220
1.012000 0.075000 0.000240
1.087000 0.075000 0.000250
1.163000 0.075000 0.000270
1.238000 0.075000 0.000280
1.313000 0.075000 0.000300
1.388000 0.075000 0.000310
1.463000 0.075000 0.000320
1.538000 0.075000 0.000330
1.613000 0.075000 0.000340
1.688000 0.075000 0.000350
1.763000 0.075000 0.000360
1.838000 0.075000 0.000360
1.913000 0.075000 0.000360
1.988000 0.075000 0.000360
2.063000 0.075000 0.000360
2.138000 0.075000 0.000360
2.213000 0.075000 0.000350
2.288000 0.075000 0.000340
2.363000 0.075000 0.000340
2.438000 0.075000 0.000330
2.513000 0.075000 0.000320
2.588000 0.075000 0.000310
2.663000 0.075000 0.000300
2.738000 0.075000 0.000290
2.813000 0.075000 0.000280
2.888000 0.075000 0.000270
2.963000 0.075000 0.000260
3.038000 0.075000 0.000250
3.113000 0.075000 0.000240
3.188000 0.075000 0.000230
3.263000 0.075000 0.000220
3.338000 0.075000 0.000210
3.413000 0.075000 0.000200
3.488000 0.075000 0.000200
3.563000 0.075000 0.000190
3.638000 0.075000 0.000180
3.713000 0.075000 0.000180
3.788000 0.075000 0.000170
3.863000 0.075000 0.000000
-0.037500 0.225000 0.000000
0.037500 0.225000 0.000020
0.112500 0.225000 0.000030
0.187500 0.225000 0.000050
0.262500 0.225000 0.000070
0.337500 0.225000 0.000090
0.412500 0.225000 0.000100
0.487500 0.225000 0.000120
0.562500 0.225000 0.000140
0.637500 0.225000 0.000160
0.712500 0.225000 0.000170
0.787500 0.225000 0.000190
0.862500 0.225000 0.000210
0.937500 0.225000 0.000220
1.012000 0.225000 0.000240
1.087000 0.225000 0.000250
1.163000 0.225000 0.000270
1.238000 0.225000 0.000280
1.313000 0.225000 0.000300
1.388000 0.225000 0.000310
1.463000 0.225000 0.000320
1.538000 0.225000 0.000330
1.613000 0.225000 0.000340
1.688000 0.225000 0.000350
1.763000 0.225000 0.000360
1.838000 0.225000 0.000360
1.913000 0.225000 0.000360
1.988000 0.225000 0.000360
2.063000 0.225000 0.000360
2.138000 0.225000 0.000360
2.213000 0.225000 0.000350
2.288000 0.225000 0.000340
2.363000 0.225000 0.000340
2.438000 0.225000 0.000330
2.513000 0.225000 0.000320
2.588000 0.225000 0.000310
2.663000 0.225000 0.000300
2.738000 0.225000 0.000290
2.813000 0.225000 0.000280
2.888000 0.225000 0.000270
2.963000 0.225000 0.000260
3.038000 0.225000 0.000250
3.113000 0.225000 0.000240
3.188000 0.225000 0.000230
3.263000 0.225000 0.000220
3.338000 0.225000 0.000210
3.413000 0.225000 0.000200
3.488000 0.225000 0.000200
3.563000 0.225000 0.000190
3.638000 0.225000 0.000180
3.713000 0.225000 0.000180
3.788000 0.225000 0.000170
3.863000 0.225000 0.000000
-0.037500 0.375000 0.000000
0.037500 0.375000 0.052430
0.112500 0.375000 0.052400
0.187500 0.375000 0.052390
0.262500 0.375000 0.052390
0.337500 0.375000 0.052400
0.412500 0.375000 0.052410
0.487500 0.375000 0.052420
0.562500 0.375000 0.052430
0.637500 0.375000 0.052450
0.712500 0.375000 0.052460
0.787500 0.375000 0.052470
0.862500 0.375000 0.052470
0.937500 0.375000 0.052480
1.012000 0.375000 0.052480
1.087000 0.375000 0.052470
1.163000 0.375000 0.052460
1.238000 0.375000 0.052450
1.313000 0.375000 0.052430
1.388000 0.375000 0.052410
1.463000 0.375000 0.052380
1.538000 0.375000 0.052340
1.613000 0.375000 0.052300
1.688000 0.375000 0.052250
1.763000 0.375000 0.052190
1.838000 0.375000 0.052130
1.913000 0.375000 0.052060
1.988000 0.375000 0.051980
2.063000 0.375000 0.051900
2.138000 0.375000 0.051810
2.213000 0.375000 0.051720
2.288000 0.375000 0.051620
2.363000 0.375000 0.051520
2.438000 0.375000 0.051420
2.513000 0.375000 0.051320
2.588000 0.375000 0.051220
2.663000 0.375000 0.051120
2.738000 0.375000 0.051010
2.813000 0.375000 0.050920
2.888000 0.375000 0.050820
2.963000 0.375000 0.050730
3.038000 0.375000 0.050640
3.113000 0.375000 0.050550
3.188000 0.375000 0.050470
3.263000 0.375000 0.050400
3.338000 0.375000 0.050340
3.413000 0.375000 0.050280
3.488000 0.375000 0.050230
3.563000 0.375000 0.050200
3.638000 0.375000 0.050170
3.713000 0.375000 0.050160
3.788000 0.375000 0.050160
3.863000 0.375000 0.000000
-0.037500 0.525000 0.000000
0.037500 0.525000 0.102200
0.112500 0.525000 0.102200
0.187500 0.525000 0.102200
0.262500 0.525000 0.102300
0.337500 0.525000 0.102300
0.412500 0.525000 0.102300
0.487500 0.525000 0.102300
0.562500 0.525000 0.102300
0.637500 0.525000 0.102300
0.712500 0.525000 0.102300
0.787500 0.525000 0.102300
0.862500 0.525000 0.102300
0.937500 0.525000 0.102300
1.012000 0.525000 0.102200
1.087000 0.525000 0.102200
1.163000 0.525000 0.102200
1.238000 0.525000 0.102100
1.313000 0.525000 0.102100
1.388000 0.525000 0.102000
1.463000 0.525000 0.101900
1.538000 0.525000 0.101800
1.613000 0.525000 0.101700
1.688000 0.525000 0.101600
1.763000 0.525000 0.101500
1.838000 0.525000 0.101400
1.913000 0.525000 0.101200
1.988000 0.525000 0.101100
2.063000 0.525000 0.100900
2.138000 0.525000 0.100800
2.213000 0.525000 0.100600
2.288000 0.525000 0.100400
2.363000 0.525000 0.100300
2.438000 0.525000 0.100100
2.513000 0.525000 0.099890
2.588000 0.525000 0.099710
2.663000 0.525000 0.099530
2.738000 0.525000 0.099350
2.813000 0.525000 0.099170
2.888000 0.525000 0.099000
2.963000 0.525000 0.098830
3.038000 0.525000 0.098680
3.113000 0.525000 0.098530
3.188000 0.525000 0.098390
3.263000 0.525000 0.098270
3.338000 0.525000 0.098150
3.413000 0.525000 0.098060
3.488000 0.525000 0.097970
3.563000 0.525000 0.097910
3.638000 0.525000 0.097860
3.713000 0.525000 0.097850
3.788000 0.525000 0.097870
3.863000 0.525000 0.000000
-0.037500 0.675000 0.000000
0.037500 0.675000 0.132400
0.112500 0.675000 0.132400
0.187500 0.675000 0.132500
0.262500 0.675000 0.132500
0.337500 0.675000 0.132500
0.412500 0.675000 0.132500
0.487500 0.675000 0.132500
0.562500 0.675000 0.132500
0.637500 0.675000 0.132500
0.712500 0.675000 0.132500
0.787500 0.675000 0.132400
0.862500 0.675000 0.132400
0.937500 0.675000 0.132400
1.012000 0.675000 0.132300
1.087000 0.675000 0.132300
1.163000 0.675000 0.132200
1.238000 0.675000 0.132100
1.313000 0.675000 0.132100
1.388000 0.675000 0.132000
1.463000 0.675000 0.131900
1.538000 0.675000 0.131700
1.613000 0.675000 0.131600
1.688000 0.675000 0.131500
1.763000 0.675000 0.131300
1.838000 0.675000 0.131100
1.913000 0.675000 0.131000
1.988000 0.675000 0.130800
2.063000 0.675000 0.130600
2.138000 0.675000 0.130400
2.213000 0.675000 0.130200
2.288000 0.675000 0.129900
2.363000 0.675000 0.129700
2.438000 0.675000 0.129500
2.513000 0.675000 0.129300
2.588000 0.675000 0.129000
2.663000 0.675000 0.128800
2.738000 0.675000 0.128600
2.813000 0.675000 0.128400
2.888000 0.675000 0.128200
2.963000 0.675000 0.128000
3.038000 0.675000 0.127800
3.113000 0.675000 0.127600
3.188000 0.675000 0.127400
3.263000 0.675000 0.127300
3.338000 0.675000 0.127100
3.413000 0.675000 0.127000
3.488000 0.675000 0.126900
3.563000 0.675000 0.126800
3.638000 0.675000 0.126700
3.713000 0.675000 0.126700
3.788000 0.675000 0.126700
3.863000 0.675000 0.000000
-0.037500 0.825000 0.000000
0.037500 0.825000 0.145600
0.112500 0.825000 0.145600
0.187500 0.825000 0.145600
0.262500 0.825000 0.145700
0.337500 0.825000 0.145700
0.412500 0.825000 0.145700
0.487500 0.825000 0.145700
0.562500 0.825000 0.145700
0.637500 0.825000 0.145600
0.712500 0.825000 0.145600
0.787500 0.825000 0.145600
0.862500 0.825000 0.145600
0.937500 0.825000 0.145500
1.012000 0.825000 0.145500
1.087000 0.825000 0.145400
1.163000 0.825000 0.145300
1.238000 0.825000 0.145300
1.313000 0.825000 0.145200
1.388000 0.825000 0.145100
1.463000 0.825000 0.144900
1.538000 0.825000 0.144800
1.613000 0.825000 0.144700
1.688000 0.825000 0.144500
1.763000 0.825000 0.144300
1.838000 0.825000 0.144100
1.913000 0.825000 0.143900
1.988000 0.825000 0.143700
2.063000 0.825000 0.143500
2.138000 0.825000 0.143300
2.213000 0.825000 0.143100
2.288000 0.825000 0.142800
2.363000 0.825000 0.142600
2.438000 0.825000 0.142300
2.513000 0.825000 0.142100
2.588000 0.825000 0.141800
2.663000 0.825000 0.141600
2.738000 0.825000 0.141300
2.813000 0.825000 0.141100
2.888000 0.825000 0.140900
2.963000 0.825000 0.140700
3.038000 0.825000 0.140400
3.113000 0.825000 0.140200
3.188000 0.825000 0.140100
3.263000 0.825000 0.139900
3.338000 0.825000 0.139700
3.413000 0.825000 0.139600
3.488000 0.825000 0.139500
3.563000 0.825000 0.139400
3.638000 0.825000 0.139300
3.713000 0.825000 0.139300
3.788000 0.825000 0.139300
3.863000 0.825000 0.000000
-0.037500 0.975000 0.000000
0.037500 0.975000 0.157000
0.112500 0.975000 0.157000
0.187500 0.975000 0.157000
0.262500 0.975000 0.157000
0.337500 0.975000 0.157000
0.412500 0.975000 0.157000
0.487500 0.975000 0.157000
0.562500 0.975000 0.156900
0.637500 0.975000 0.156900
0.712500 0.975000 0.156900
0.787500 0.975000 0.156900
0.862500 0.975000 0.156800
0.937500 0.975000 0.156800
1.012000 0.975000 0.156700
1.087000 0.975000 0.156700
1.163000 0.975000 0.156600
1.238000 0.975000 0.156500
1.313000 0.975000 0.156400
1.388000 0.975000 0.156300
1.463000 0.975000 0.156100
1.538000 0.975000 0.156000
1.613000 0.975000 0.155800
1.688000 0.975000 0.155700
1.763000 0.975000 0.155500
1.838000 0.975000 0.155300
1.913000 0.975000 0.155100
1.988000 0.975000 0.154800
2.063000 0.975000 0.154600
2.138000 0.975000 0.154300
2.213000 0.975000 0.154100
2.288000 0.975000 0.153800
2.363000 0.975000 0.153600
2.438000 0.975000 0.153300
2.513000 0.975000 0.153000
2.588000 0.975000 0.152800
2.663000 0.975000 0.152500
2.738000 0.975000 0.152200
2.813000 0.975000 0.152000
2.888000 0.975000 0.151700
2.963000 0.975000 0.151500
3.038000 0.975000 0.151300
3.113000 0.975000 0.151000
3.188000 0.975000 0.150800
3.263000 0.975000 0.150700
3.338000 0.975000 0.150500
3.413000 0.975000 0.150300
3.488000 0.975000 0.150200
3.563000 0.975000 0.150100
3.638000 0.975000 0.150000
3.713000 0.975000 0.149900
3.788000 0.975000 0.149900
3.863000 0.975000 0.000000
-0.037500 1.125000 0.000000
0.037500 1.125000 0.166100
0.112500 1.125000 0.166100
0.187500 1.125000 0.166000
0.262500 1.125000 0.166000
0.337500 1.125000 0.166000
0.412500 1.125000 0.166000
0.487500 1.125000 0.166000
0.562500 1.125000 0.166000
0.637500 1.125000 0.165900
0.712500 1.125000 0.165900
0.787500 1.125000 0.165900
0.862500 1.125000 0.165800
0.937500 1.125000 0.165800
1.012000 1.125000 0.165700
1.087000 1.125000 0.165700
1.163000 1.125000 0.165600
1.238000 1.125000 0.165500
1.313000 1.125000 0.165400
1.388000 1.125000 0.165200
1.463000 1.125000 0.165100
1.538000 1.125000 0.164900
1.613000 1.125000 0.164800
1.688000 1.125000 0.164600
1.763000 1.125000 0.164400
1.838000 1.125000 0.164200
1.913000 1.125000 0.163900
1.988000 1.125000 0.163700
2.063000 1.125000 0.163500
2.138000 1.125000 0.163200
2.213000 1.125000 0.162900
2.288000 1.125000 0.162600
2.363000 1.125000 0.162400
2.438000 1.125000 0.162100
2.513000 1.125000 0.161800
2.588000 1.125000 0.161500
2.663000 1.125000 0.161200
2.738000 1.125000 0.160900
2.813000 1.125000 0.160600
2.888000 1.125000 0.160400
2.963000 1.125000 0.160100
3.038000 1.125000 0.159900
3.113000 1.125000 0.159600
3.188000 1.125000 0.159400
3.263000 1.125000 0.159200
3.338000 1.125000 0.159000
3.413000 1.125000 0.158900
3.488000 1.125000 0.158700
3.563000 1.125000 0.158600
3.638000 1.125000 0.158500
3.713000 1.125000 0.158500
3.788000 1.125000 0.158500
3.863000 1.125000 0.000000
-0.037500 1.275000 0.000000
0.037500 1.275000 0.180000
0.112500 1.275000 0.180000
0.187500 1.275000 0.180000
0.262500 1.275000 0.179900
0.337500 1.275000 0.179900
0.412500 1.275000 0.179900
0.487500 1.275000 0.179900
0.562500 1.275000 0.179900
0.637500 1.275000 0.179900
0.712500 1.275000 0.179900
0.787500 1.275000 0.179800
0.862500 1.275000 0.179800
0.937500 1.275000 0.179800
1.012000 1.275000 0.179700
1.087000 1.275000 0.179600
1.163000 1.275000 0.179500
1.238000 1.275000 0.179400
1.313000 1.275000 0.179300
1.388000 1.275000 0.179200
1.463000 1.275000 0.179100
1.538000 1.275000 0.178900
1.613000 1.275000 0.178700
1.688000 1.275000 0.178500
1.763000 1.275000 0.178300
1.838000 1.275000 0.178000
1.913000 1.275000 0.177800
1.988000 1.275000 0.177500
2.063000 1.275000 0.177200
2.138000 1.275000 0.176900
2.213000 1.275000 0.176600
2.288000 1.275000 0.176300
2.363000 1.275000 0.176000
2.438000 1.275000 0.175700
2.513000 1.275000 0.175300
2.588000 1.275000 0.175000
2.663000 1.275000 0.174700
2.738000 1.275000 0.174400
2.813000 1.275000 0.174000
2.888000 1.275000 0.173700
2.963000 1.275000 0.173400
3.038000 1.275000 0.173200
3.113000 1.275000 0.172900
3.188000 1.275000 0.172700
3.263000 1.275000 0.172400
3.338000 1.275000 0.172200
3.413000 1.275000 0.172000
3.488000 1.275000 0.171900
3.563000 1.275000 0.171800
3.638000 1.275000 0.171700
3.713000 1.275000 0.171600
3.788000 1.275000 0.171700
3.863000 1.275000 0.000000
-0.037500 1.425000 0.000000
0.037500 1.425000 0.193900
0.112500 1.425000 0.193900
0.187500 1.425000 0.193900
0.262500 1.425000 0.193900
0.337500 1.425000 0.193900
0.412500 1.425000 0.193900
0.487500 1.425000 0.193900
0.562500 1.425000 0.193900
0.637500 1.425000 0.193900
0.712500 1.425000 0.193800
0.787500 1.425000 0.193800
0.862500 1.425000 0.193800
0.937500 1.425000 0.193700
1.012000 1.425000 0.193700
1.087000 1.425000 0.193600
1.163000 1.425000 0.193500
1.238000 1.425000 0.193400
1.313000 1.425000 0.193300
1.388000 1.425000 0.193200
1.463000 1.425000 0.193000
1.538000 1.425000 0.192800
1.613000 1.425000 0.192600
1.688000 1.425000 0.192400
1.763000 1.425000 0.192200
1.838000 1.425000 0.191900
1.913000 1.425000 0.191600
1.988000 1.425000 0.191300
2.063000 1.425000 0.191000
2.138000 1.425000 0.190700
2.213000 1.425000 0.190400
2.288000 1.425000 0.190000
2.363000 1.425000 0.189600
2.438000 1.425000 0.189300
2.513000 1.425000 0.188900
2.588000 1.425000 0.188500
2.663000 1.425000 0.188200
2.738000 1.425000 0.187800
2.813000 1.425000 0.187500
2.888000 1.425000 0.187100
2.963000 1.425000 0.186800
3.038000 1.425000 0.186500
3.113000 1.425000 0.186200
3.188000 1.425000 0.185900
3.263000 1.425000 0.185700
3.338000 1.425000 0.185500
3.413000 1.425000 0.185300
3.488000 1.425000 0.185100
3.563000 1.425000 0.185000
3.638000 1.425000 0.184900
3.713000 1.425000 0.184900
3.788000 1.425000 0.185000
3.863000 1.425000 0.000000
-0.037500 1.575000 0.000000
0.037500 1.575000 0.201300
0.112500 1.575000 0.201300
0.187500 1.575000 0.201300
0.262500 1.575000 0.201300
0.337500 1.575000 0.201300
0.412500 1.575000 0.201300
0.487500 1.575000 0.201300
0.562500 1.575000 0.201300
0.637500 1.575000 0.201300
0.712500 1.575000 0.201300
0.787500 1.575000 0.201300
0.862500 1.575000 0.201300
0.937500 1.575000 0.201200
1.012000 1.575000 0.201200
1.087000 1.575000 0.201100
1.163000 1.575000 0.201000
1.238000 1.575000 0.200900
1.313000 1.575000 0.200800
1.388000 1.575000 0.200600
1.463000 1.575000 0.200500
1.538000 1.575000 0.200300
1.613000 1.575000 0.200100
1.688000 1.575000 0.199800
1.763000 1.575000 0.199600
1.838000 1.575000 0.199300
1.913000 1.575000 0.199000
1.988000 1.575000 0.198700
2.063000 1.575000 0.198400
2.138000 1.575000 0.198000
2.213000 1.575000 0.197700
2.288000 1.575000 0.197300
2.363000 1.575000 0.196900
2.438000 1.575000 0.196600
2.513000 1.575000 0.196200
2.588000 1.575000 0.195800
2.663000 1.575000 0.195400
2.738000 1.575000 0.195000
2.813000 1.575000 0.194700
2.888000 1.575000 0.194300
2.963000 1.575000 0.194000
3.038000 1.575000 0.193600
3.113000 1.575000 0.193300
3.188000 1.575000 0.193100
3.263000 1.575000 0.192800
3.338000 1.575000 0.192600
3.413000 1.575000 0.192400
3.488000 1.575000 0.192200
3.563000 1.575000 0.192100
3.638000 1.575000 0.192100
3.713000 1.575000 0.192100
3.788000 1.575000 0.192200
3.863000 1.575000 0.000000
-0.037500 1.725000 0.000000
0.037500 1.725000 0.203000
0.112500 1.725000 0.203000
0.187500 1.725000 0.203000
0.262500 1.725000 0.203000
0.337500 1.725000 0.203000
0.412500 1.725000 0.203000
0.487500 1.725000 0.203000
0.562500 1.725000 0.203000
0.637500 1.725000 0.203000
0.712500 1.725000 0.203000
0.787500 1.725000 0.203000
0.862500 1.725000 0.202900
0.937500 1.725000 0.202900
1.012000 1.725000 0.202800
1.087000 1.725000 0.202800
1.163000 1.725000 0.202700
1.238000 1.725000 0.202600
1.313000 1.725000 0.202500
1.388000 1.725000 0.202300
1.463000 1.725000 0.202100
1.538000 1.725000 0.201900
1.613000 1.725000 0.201700
1.688000 1.725000 0.201500
1.763000 1.725000 0.201300
1.838000 1.725000 0.201000
1.913000 1.725000 0.200700
1.988000 1.725000 0.200400
2.063000 1.725000 0.200000
2.138000 1.725000 0.199700
2.213000 1.725000 0.199300
2.288000 1.725000 0.199000
2.363000 1.725000 0.198600
2.438000 1.725000 0.198200
2.513000 1.725000 0.197800
2.588000 1.725000 0.197400
2.663000 1.725000 0.197100
2.738000 1.725000 0.196700
2.813000 1.725000 0.196300
2.888000 1.725000 0.196000
2.963000 1.725000 0.195600
3.038000 1.725000 0.195300
3.113000 1.725000 0.195000
3.188000 1.725000 0.194700
3.263000 1.725000 0.194500
3.338000 1.725000 0.194300
3.413000 1.725000 0.194100
3.488000 1.725000 0.193900
3.563000 1.725000 0.193800
3.638000 1.725000 0.193800
3.713000 1.725000 0.193800
3.788000 1.725000 0.193900
3.863000 1.725000 0.000000
-0.037500 1.875000 0.000000
0.037500 1.875000 0.199700
0.112500 1.875000 0.199700
0.187500 1.875000 0.199700
0.262500 1.875000 0.199700
0.337500 1.875000 0.199700
0.412500 1.875000 0.199700
0.487500 1.875000 0.199700
0.562500 1.875000 0.199700
0.637500 1.875000 0.199700
0.712500 1.875000 0.199600
0.787500 1.875000 0.199600
0.862500 1.875000 0.199600
0.937500 1.875000 0.199500
1.012000 1.875000 0.199500
1.087000 1.875000 0.199400
1.163000 1.875000 0.199300
1.238000 1.875000 0.199200
1.313000 1.875000 0.199100
1.388000 1.875000 0.198900
1.463000 1.875000 0.198700
1.538000 1.875000 0.198500
1.613000 1.875000 0.198300
1.688000 1.875000 0.198100
1.763000 1.875000 0.197900
1.838000 1.875000 0.197600
1.913000 1.875000 0.197300
1.988000 1.875000 0.197000
2.063000 1.875000 0.196700
2.138000 1.875000 0.196400
2.213000 1.875000 0.196000
2.288000 1.875000 0.195700
2.363000 1.875000 0.195300
2.438000 1.875000 0.194900
2.513000 1.875000 0.194600
2.588000 1.875000 0.194200
2.663000 1.875000 0.193800
2.738000 1.875000 0.193500
2.813000 1.875000 0.193100
2.888000 1.875000 0.192800
2.963000 1.875000 0.192500
3.038000 1.875000 0.192200
3.113000 1.875000 0.191900
3.188000 1.875000 0.191600
3.263000 1.875000 0.191400
3.338000 1.875000 0.191200
3.413000 1.875000 0.191000
3.488000 1.875000 0.190900
3.563000 1.875000 0.190800
3.638000 1.875000 0.190700
3.713000 1.875000 0.190700
3.788000 1.875000 0.190800
3.863000 1.875000 0.000000
-0.037500 2.025000 0.000000
0.037500 2.025000 0.192200
0.112500 2.025000 0.192200
0.187500 2.025000 0.192300
0.262500 2.025000 0.192300
0.337500 2.025000 0.192300
0.412500 2.025000 0.192300
0.487500 2.025000 0.192200
0.562500 2.025000 0.192200
0.637500 2.025000 0.192200
0.712500 2.025000 0.192200
0.787500 2.025000 0.192100
0.862500 2.025000 0.192100
0.937500 2.025000 0.192000
1.012000 2.025000 0.192000
1.087000 2.025000 0.191900
1.163000 2.025000 0.191800
1.238000 2.025000 0.191600
1.313000 2.025000 0.191500
1.388000 2.025000 0.191400
1.463000 2.025000 0.191200
1.538000 2.025000 0.191000
1.613000 2.025000 0.190800
1.688000 2.025000 0.190600
1.763000 2.025000 0.190400
1.838000 2.025000 0.190100
1.913000 2.025000 0.189800
1.988000 2.025000 0.189600
2.063000 2.025000 0.189300
2.138000 2.025000 0.189000
2.213000 2.025000 0.188700
2.288000 2.025000 0.188300
2.363000 2.025000 0.188000
2.438000 2.025000 0.187700
2.513000 2.025000 0.187300
2.588000 2.025000 0.187000
2.663000 2.025000 0.186700
2.738000 2.025000 0.186300
2.813000 2.025000 0.186000
2.888000 2.025000 0.185700
2.963000 2.025000 0.185400
3.038000 2.025000 0.185200
3.113000 2.025000 0.184900
3.188000 2.025000 0.184700
3.263000 2.025000 0.184500
3.338000 2.025000 0.184300
3.413000 2.025000 0.184100
3.488000 2.025000 0.184000
3.563000 2.025000 0.183900
3.638000 2.025000 0.183900
3.713000 2.025000 0.183800
3.788000 2.025000 0.183900
3.863000 2.025000 0.000000
-0.037500 2.175000 0.000000
0.037500 2.175000 0.181700
0.112500 2.175000 0.181700
0.187500 2.175000 0.181700
0.262500 2.175000 0.181700
0.337500 2.175000 0.181700
0.412500 2.175000 0.181700
0.487500 2.175000 0.181700
0.562500 2.175000 0.181600
0.637500 2.175000 0.181600
0.712500 2.175000 0.181600
0.787500 2.175000 0.181500
0.862500 2.175000 0.181500
0.937500 2.175000 0.181400
1.012000 2.175000 0.181300
1.087000 2.175000 0.181200
1.163000 2.175000 0.181100
1.238000 2.175000 0.181000
1.313000 2.175000 0.180800
1.388000 2.175000 0.180700
1.463000 2.175000 0.180500
1.538000 2.175000 0.180400
1.613000 2.175000 0.180200
1.688000 2.175000 0.180000
1.763000 2.175000 0.179700
1.838000 2.175000 0.179500
1.913000 2.175000 0.179300
1.988000 2.175000 0.179000
2.063000 2.175000 0.178800
2.138000 2.175000 0.178500
2.213000 2.175000 0.178200
2.288000 2.175000 0.177900
2.363000 2.175000 0.177600
2.438000 2.175000 0.177300
2.513000 2.175000 0.177100
2.588000 2.175000 0.176800
2.663000 2.175000 0.176500
2.738000 2.175000 0.176200
2.813000 2.175000 0.175900
2.888000 2.175000 0.175700
2.963000 2.175000 0.175400
3.038000 2.175000 0.175200
3.113000 2.175000 0.175000
3.188000 2.175000 0.174800
3.263000 2.175000 0.174600
3.338000 2.175000 0.174500
3.413000 2.175000 0.174300
3.488000 2.175000 0.174200
3.563000 2.175000 0.174100
3.638000 2.175000 0.174100
3.713000 2.175000 0.174000
3.788000 2.175000 0.174100
3.863000 2.175000 0.000000
-0.037500 2.325000 0.000000
0.037500 2.325000 0.173300
0.112500 2.325000 0.173300
0.187500 2.325000 0.173300
0.262500 2.325000 0.173300
0.337500 2.325000 0.173300
0.412500 2.325000 0.173300
0.487500 2.325000 0.173300
0.562500 2.325000 0.173200
0.637500 2.325000 0.173200
0.712500 2.325000 0.173100
0.787500 2.325000 0.173100
0.862500 2.325000 0.173000
0.937500 2.325000 0.172900
1.012000 2.325000 0.172800
1.087000 2.325000 0.172700
1.163000 2.325000 0.172600
1.238000 2.325000 0.172500
1.313000 2.325000 0.172300
1.388000 2.325000 0.172200
1.463000 2.325000 0.172000
1.538000 2.325000 0.171900
1.613000 2.325000 0.171700
1.688000 2.325000 0.171500
1.763000 2.325000 0.171300
1.838000 2.325000 0.171100
1.913000 2.325000 0.170900
1.988000 2.325000 0.170600
2.063000 2.325000 0.170400
2.138000 2.325000 0.170200
2.213000 2.325000 0.169900
2.288000 2.325000 0.169700
2.363000 2.325000 0.169400
2.438000 2.325000 0.169100
2.513000 2.325000 0.168900
2.588000 2.325000 0.168600
2.663000 2.325000 0.168400
2.738000 2.325000 0.168200
2.813000 2.325000 0.167900
2.888000 2.325000 0.167700
2.963000 2.325000 0.167500
3.038000 2.325000 0.167300
3.113000 2.325000 0.167100
3.188000 2.325000 0.166900
3.263000 2.325000 0.166800
3.338000 2.325000 0.166600
3.413000 2.325000 0.166500
3.488000 2.325000 0.166400
3.563000 2.325000 0.166300
3.638000 2.325000 0.166300
3.713000 2.325000 0.166300
3.788000 2.325000 0.166300
3.863000 2.325000 0.000000
-0.037500 2.475000 0.000000
0.037500 2.475000 0.168700
0.112500 2.475000 0.168700
0.187500 2.475000 0.168700
0.262500 2.475000 0.168700
0.337500 2.475000 0.168700
0.412500 2.475000 0.168600
0.487500 2.475000 0.168600
0.562500 2.475000 0.168600
0.637500 2.475000 0.168500
0.712500 2.475000 0.168500
0.787500 2.475000 0.168400
0.862500 2.475000 0.168300
0.937500 2.475000 0.168300
1.012000 2.475000 0.168200
1.087000 2.475000 0.168100
1.163000 2.475000 0.167900
1.238000 2.475000 0.167800
1.313000 2.475000 0.167700
1.388000 2.475000 0.167500
1.463000 2.475000 0.167400
1.538000 2.475000 0.167200
1.613000 2.475000 0.167100
1.688000 2.475000 0.166900
1.763000 2.475000 0.166700
1.838000 2.475000 0.166500
1.913000 2.475000 0.166300
1.988000 2.475000 0.166000
2.063000 2.475000 0.165800
2.138000 2.475000 0.165600
2.213000 2.475000 0.165300
2.288000 2.475000 0.165100
2.363000 2.475000 0.164900
2.438000 2.475000 0.164600
2.513000 2.475000 0.164400
2.588000 2.475000 0.164100
2.663000 2.475000 0.163900
2.738000 2.475000 0.163700
2.813000 2.475000 0.163500
2.888000 2.475000 0.163300
2.963000 2.475000 0.163100
3.038000 2.475000 0.162900
3.113000 2.475000 0.162700
3.188000 2.475000 0.162500
3.263000 2.475000 0.162400
3.338000 2.475000 0.162300
3.413000 2.475000 0.162100
3.488000 2.475000 0.162100
3.563000 2.475000 0.162000
3.638000 2.475000 0.161900
3.713000 2.475000 0.161900
3.788000 2.475000 0.161900
3.863000 2.475000 0.000000
-0.037500 2.625000 0.000000
0.037500 2.625000 0.163800
0.112500 2.625000 0.163800
0.187500 2.625000 0.163800
0.262500 2.625000 0.163800
0.337500 2.625000 0.163700
0.412500 2.625000 0.163700
0.487500 2.625000 0.163700
0.562500 2.625000 0.163600
0.637500 2.625000 0.163600
0.712500 2.625000 0.163500
0.787500 2.625000 0.163400
0.862500 2.625000 0.163400
0.937500 2.625000 0.163300
1.012000 2.625000 0.163200
1.087000 2.625000 0.163100
1.163000 2.625000 0.163000
1.238000 2.625000 0.162900
1.313000 2.625000 0.162700
1.388000 2.625000 0.162600
1.463000 2.625000 0.162400
1.538000 2.625000 0.162300
1.613000 2.625000 0.162100
1.688000 2.625000 0.161900
1.763000 2.625000 0.161700
1.838000 2.625000 0.161500
1.913000 2.625000 0.161300
1.988000 2.625000 0.161100
2.063000 2.625000 0.160900
2.138000 2.625000 0.160700
2.213000 2.625000 0.160500
2.288000 2.625000 0.160200
2.363000 2.625000 0.160000
2.438000 2.625000 0.159800
2.513000 2.625000 0.159500
2.588000 2.625000 0.159300
2.663000 2.625000 0.159100
2.738000 2.625000 0.158900
2.813000 2.625000 0.158700
2.888000 2.625000 0.158500
2.963000 2.625000 0.158300
3.038000 2.625000 0.158100
3.113000 2.625000 0.157900
3.188000 2.625000 0.157800
3.263000 2.625000 0.157700
3.338000 2.625000 0.157500
3.413000 2.625000 0.157400
3.488000 2.625000 0.157300
3.563000 2.625000 0.157300
3.638000 2.625000 0.157200
3.713000 2.625000 0.157200
3.788000 2.625000 0.157200
3.863000 2.625000 0.000000
-0.037500 2.775000 0.000000
0.037500 2.775000 0.158600
0.112500 2.775000 0.158600
0.187500 2.775000 0.158500
0.262500 2.775000 0.158500
0.337500 2.775000 0.158500
0.412500 2.775000 0.158500
0.487500 2.775000 0.158400
0.562500 2.775000 0.158400
0.637500 2.775000 0.158400
0.712500 2.775000 0.158300
0.787500 2.775000 0.158200
0.862500 2.775000 0.158200
0.937500 2.775000 0.158100
1.012000 2.775000 0.158000
1.087000 2.775000 0.157900
1.163000 2.775000 0.157800
1.238000 2.775000 0.157700
1.313000 2.775000 0.157500
1.388000 2.775000 0.157400
1.463000 2.775000 0.157300
1.538000 2.775000 0.157100
1.613000 2.775000 0.156900
1.688000 2.775000 0.156800
1.763000 2.775000 0.156600
1.838000 2.775000 0.156400
1.913000 2.775000 0.156200
1.988000 2.775000 0.156000
2.063000 2.775000 0.155800
2.138000 2.775000 0.155500
2.213000 2.775000 0.155300
2.288000 2.775000 0.155100
2.363000 2.775000 0.154900
2.438000 2.775000 0.154700
2.513000 2.775000 0.154400
2.588000 2.775000 0.154200
2.663000 2.775000 0.154000
2.738000 2.775000 0.153800
2.813000 2.775000 0.153600
2.888000 2.775000 0.153400
2.963000 2.775000 0.153200
3.038000 2.775000 0.153100
3.113000 2.775000 0.152900
3.188000 2.775000 0.152800
3.263000 2.775000 0.152600
3.338000 2.775000 0.152500
3.413000 2.775000 0.152400
3.488000 2.775000 0.152300
3.563000 2.775000 0.152300
3.638000 2.775000 0.152200
3.713000 2.775000 0.152200
3.788000 2.775000 0.152100
3.863000 2.775000 0.000000
-0.037500 2.925000 0.000000
0.037500 2.925000 0.147800
0.112500 2.925000 0.147800
0.187500 2.925000 0.147800
0.262500 2.925000 0.147700
0.337500 2.925000 0.147700
0.412500 2.925000 0.147700
0.487500 2.925000 0.147700
0.562500 2.925000 0.147600
0.637500 2.925000 0.147600
0.712500 2.925000 0.147500
0.787500 2.925000 0.147500
0.862500 2.925000 0.147400
0.937500 2.925000 0.147300
1.012000 2.925000 0.147200
1.087000 2.925000 0.147100
1.163000 2.925000 0.147000
1.238000 2.925000 0.146900
1.313000 2.925000 0.146800
1.388000 2.925000 0.146700
1.463000 2.925000 0.146500
1.538000 2.925000 0.146400
1.613000 2.925000 0.146200
1.688000 2.925000 0.146100
1.763000 2.925000 0.145900
1.838000 2.925000 0.145700
1.913000 2.925000 0.145500
1.988000 2.925000 0.145300
2.063000 2.925000 0.145100
2.138000 2.925000 0.144900
2.213000 2.925000 0.144700
2.288000 2.925000 0.144500
2.363000 2.925000 0.144300
2.438000 2.925000 0.144100
2.513000 2.925000 0.143900
2.588000 2.925000 0.143700
2.663000 2.925000 0.143500
2.738000 2.925000 0.143300
2.813000 2.925000 0.143100
2.888000 2.925000 0.142900
2.963000 2.925000 0.142700
3.038000 2.925000 0.142600
3.113000 2.925000 0.142400
3.188000 2.925000 0.142300
3.263000 2.925000 0.142200
3.338000 2.925000 0.142000
3.413000 2.925000 0.141900
3.488000 2.925000 0.141900
3.563000 2.925000 0.141800
3.638000 2.925000 0.141700
3.713000 2.925000 0.141700
3.788000 2.925000 0.141700
3.863000 2.925000 0.000000
-0.037500 3.075000 0.000000
0.037500 3.075000 0.131400
0.112500 3.075000 0.131400
0.187500 3.075000 0.131400
0.262500 3.075000 0.131400
0.337500 3.075000 0.131400
0.412500 3.075000 0.131400
0.487500 3.075000 0.131300
0.562500 3.075000 0.131300
0.637500 3.075000 0.131300
0.712500 3.075000 0.131200
0.787500 3.075000 0.131200
0.862500 3.075000 0.131100
0.937500 3.075000 0.131000
1.012000 3.075000 0.131000
1.087000 3.075000 0.130900
1.163000 3.075000 0.130800
1.238000 3.075000 0.130700
1.313000 3.075000 0.130600
1.388000 3.075000 0.130500
1.463000 3.075000 0.130300
1.538000 3.075000 0.130200
1.613000 3.075000 0.130100
1.688000 3.075000 0.129900
1.763000 3.075000 0.129800
1.838000 3.075000 0.129600
1.913000 3.075000 0.129400
1.988000 3.075000 0.129300
2.063000 3.075000 0.129100
2.138000 3.075000 0.128900
2.213000 3.075000 0.128700
2.288000 3.075000 0.128500
2.363000 3.075000 0.128300
2.438000 3.075000 0.128100
2.513000 3.075000 0.127900
2.588000 3.075000 0.127800
2.663000 3.075000 0.127600
2.738000 3.075000 0.127400
2.813000 3.075000 0.127200
2.888000 3.075000 0.127100
2.963000 3.075000 0.126900
3.038000 3.075000 0.126700
3.113000 3.075000 0.126600
3.188000 3.075000 0.126500
3.263000 3.075000 0.126400
3.338000 3.075000 0.126300
3.413000 3.075000 0.126200
3.488000 3.075000 0.126100
3.563000 3.075000 0.126000
3.638000 3.075000 0.126000
3.713000 3.075000 0.125900
3.788000 3.075000 0.125900
3.863000 3.075000 0.000000
-0.037500 3.225000 0.000000
0.037500 3.225000 0.115500
0.112500 3.225000 0.115500
0.187500 3.225000 0.115500
0.262500 3.225000 0.115500
0.337500 3.225000 0.115500
0.412500 3.225000 0.115500
0.487500 3.225000 0.115400
0.562500 3.225000 0.115400
0.637500 3.225000 0.115400
0.712500 3.225000 0.115300
0.787500 3.225000 0.115300
0.862500 3.225000 0.115200
0.937500 3.225000 0.115200
1.012000 3.225000 0.115100
1.087000 3.225000 0.115000
1.163000 3.225000 0.115000
1.238000 3.225000 0.114900
1.313000 3.225000 0.114800
1.388000 3.225000 0.114700
1.463000 3.225000 0.114600
1.538000 3.225000 0.114400
1.613000 3.225000 0.114300
1.688000 3.225000 0.114200
1.763000 3.225000 0.114000
1.838000 3.225000 0.113900
1.913000 3.225000 0.113700
1.988000 3.225000 0.113600
2.063000 3.225000 0.113400
2.138000 3.225000 0.113300
2.213000 3.225000 0.113100
2.288000 3.225000 0.112900
2.363000 3.225000 0.112700
2.438000 3.225000 0.112600
2.513000 3.225000 0.112400
2.588000 3.225000 0.112200
2.663000 3.225000 0.112100
2.738000 3.225000 0.111900
2.813000 3.225000 0.111800
2.888000 3.225000 0.111600
2.963000 3.225000 0.111500
3.038000 3.225000 0.111300
3.113000 3.225000 0.111200
3.188000 3.225000 0.111100
3.263000 3.225000 0.111000
3.338000 3.225000 0.110900
3.413000 3.225000 0.110800
3.488000 3.225000 0.110800
3.563000 3.225000 0.110700
3.638000 3.225000 0.110600
3.713000 3.225000 0.110600
3.788000 3.225000 0.110600
3.863000 3.225000 0.000000
-0.037500 3.375000 0.000000
0.037500 3.375000 0.100400
0.112500 3.375000 0.100400
0.187500 3.375000 0.100400
0.262500 3.375000 0.100400
0.337500 3.375000 0.100400
0.412500 3.375000 0.100400
0.487500 3.375000 0.100300
0.562500 3.375000 0.100300
0.637500 3.375000 0.100300
0.712500 3.375000 0.100200
0.787500 3.375000 0.100200
0.862500 3.375000 0.100200
0.937500 3.375000 0.100100
1.012000 3.375000 0.100000
1.087000 3.375000 0.099980
1.163000 3.375000 0.099910
1.238000 3.375000 0.099830
1.313000 3.375000 0.099750
1.388000 3.375000 0.099660
1.463000 3.375000 0.099560
1.538000 3.375000 0.099460
1.613000 3.375000 0.099350
1.688000 3.375000 0.099230
1.763000 3.375000 0.099110
1.838000 3.375000 0.098980
1.913000 3.375000 0.098840
1.988000 3.375000 0.098710
2.063000 3.375000 0.098560
2.138000 3.375000 0.098420
2.213000 3.375000 0.098270
2.288000 3.375000 0.098120
2.363000 3.375000 0.097970
2.438000 3.375000 0.097820
2.513000 3.375000 0.097670
2.588000 3.375000 0.097520
2.663000 3.375000 0.097380
2.738000 3.375000 0.097240
2.813000 3.375000 0.097100
2.888000 3.375000 0.096970
2.963000 3.375000 0.096850
3.038000 3.375000 0.096730
3.113000 3.375000 0.096620
3.188000 3.375000 0.096520
3.263000 3.375000 0.096430
3.338000 3.375000 0.096340
3.413000 3.375000 0.096270
3.488000 3.375000 0.096210
3.563000 3.375000 0.096150
3.638000 3.375000 0.096110
3.713000 3.375000 0.096070
3.788000 3.375000 0.096030
3.863000 3.375000 0.000000
-0.037500 3.525000 0.000000
0.037500 3.525000 0.086380
0.112500 3.525000 0.086380
0.187500 3.525000 0.086380
0.262500 3.525000 0.086370
0.337500 3.525000 0.086360
0.412500 3.525000 0.086340
0.487500 3.525000 0.086320
0.562500 3.525000 0.086300
0.637500 3.525000 0.086270
0.712500 3.525000 0.086240
0.787500 3.525000 0.086210
0.862500 3.525000 0.086170
0.937500 3.525000 0.086120
1.012000 3.525000 0.086070
1.087000 3.525000 0.086010
1.163000 3.525000 0.085950
1.238000 3.525000 0.085890
1.313000 3.525000 0.085810
1.388000 3.525000 0.085730
1.463000 3.525000 0.085650
1.538000 3.525000 0.085560
1.613000 3.525000 0.085460
1.688000 3.525000 0.085360
1.763000 3.525000 0.085250
1.838000 3.525000 0.085140
1.913000 3.525000 0.085030
1.988000 3.525000 0.084910
2.063000 3.525000 0.084780
2.138000 3.525000 0.084660
2.213000 3.525000 0.084530
2.288000 3.525000 0.084400
2.363000 3.525000 0.084270
2.438000 3.525000 0.084140
2.513000 3.525000 0.084010
2.588000 3.525000 0.083880
2.663000 3.525000 0.083760
2.738000 3.525000 0.083630
2.813000 3.525000 0.083510
2.888000 3.525000 0.083400
2.963000 3.525000 0.083290
3.038000 3.525000 0.083190
3.113000 3.525000 0.083090
3.188000 3.525000 0.083010
3.263000 3.525000 0.082930
3.338000 3.525000 0.082850
3.413000 3.525000 0.082790
3.488000 3.525000 0.082730
3.563000 3.525000 0.082680
3.638000 3.525000 0.082640
3.713000 3.525000 0.082600
3.788000 3.525000 0.082560
3.863000 3.525000 0.000000
-0.037500 3.675000 0.000000
0.037500 3.675000 0.073640
0.112500 3.675000 0.073640
0.187500 3.675000 0.073640
0.262500 3.675000 0.073630
0.337500 3.675000 0.073620
0.412500 3.675000 0.073610
0.487500 3.675000 0.073590
0.562500 3.675000 0.073570
0.637500 3.675000 0.073550
0.712500 3.675000 0.073520
0.787500 3.675000 0.073490
0.862500 3.675000 0.073460
0.937500 3.675000 0.073420
1.012000 3.675000 0.073370
1.087000 3.675000 0.073320
1.163000 3.675000 0.073270
1.238000 3.675000 0.073210
1.313000 3.675000 0.073150
1.388000 3.675000 0.073080
1.463000 3.675000 0.073010
1.538000 3.675000 0.072930
1.613000 3.675000 0.072850
1.688000 3.675000 0.072760
1.763000 3.675000 0.072670
1.838000 3.675000 0.072570
1.913000 3.675000 0.072480
1.988000 3.675000 0.072370
2.063000 3.675000 0.072270
2.138000 3.675000 0.072160
2.213000 3.675000 0.072050
2.288000 3.675000 0.071940
2.363000 3.675000 0.071820
2.438000 3.675000 0.071710
2.513000 3.675000 0.071600
2.588000 3.675000 0.071490
2.663000 3.675000 0.071380
2.738000 3.675000 0.071280
2.813000 3.675000 0.071180
2.888000 3.675000 0.071080
2.963000 3.675000 0.070980
3.038000 3.675000 0.070900
3.113000 3.675000 0.070810
3.188000 3.675000 0.070740
3.263000 3.675000 0.070670
3.338000 3.675000 0.070600
3.413000 3.675000 0.070550
3.488000 3.675000 0.070500
3.563000 3.675000 0.070450
3.638000 3.675000 0.070420
3.713000 3.675000 0.070380
3.788000 3.675000 0.070330
3.863000 3.675000 0.000000
-0.037500 3.825000 0.000000
0.037500 3.825000 0.062290
0.112500 3.825000 0.062290
0.187500 3.825000 0.062290
0.262500 3.825000 0.062280
0.337500 3.825000 0.062270
0.412500 3.825000 0.062260
0.487500 3.825000 0.062250
0.562500 3.825000 0.062230
0.637500 3.825000 0.062210
0.712500 3.825000 0.062190
0.787500 3.825000 0.062160
0.862500 3.825000 0.062130
0.937500 3.825000 0.062100
1.012000 3.825000 0.062060
1.087000 3.825000 0.062020
1.163000 3.825000 0.061970
1.238000 3.825000 0.061920
1.313000 3.825000 0.061870
1.388000 3.825000 0.061810
1.463000 3.825000 0.061750
1.538000 3.825000 0.061680
1.613000 3.825000 0.061610
1.688000 3.825000 0.061540
1.763000 3.825000 0.061460
1.838000 3.825000 0.061380
1.913000 3.825000 0.061290
1.988000 3.825000 0.061210
2.063000 3.825000 0.061120
2.138000 3.825000 0.061020
2.213000 3.825000 0.060930
2.288000 3.825000 0.060840
2.363000 3.825000 0.060740
2.438000 3.825000 0.060640
2.513000 3.825000 0.060550
2.588000 3.825000 0.060460
2.663000 3.825000 0.060360
2.738000 3.825000 0.060270
2.813000 3.825000 0.060190
2.888000 3.825000 0.060110
2.963000 3.825000 0.060030
3.038000 3.825000 0.059950
3.113000 3.825000 0.059880
3.188000 3.825000 0.059810
3.263000 3.825000 0.059750
3.338000 3.825000 0.059700
3.413000 3.825000 0.059650
3.488000 3.825000 0.059610
3.563000 3.825000 0.059570
3.638000 3.825000 0.059530
3.713000 3.825000 0.059500
3.788000 3.825000 0.059450
3.863000 3.825000 0.000000
-0.037500 3.975000 0.000000
0.037500 3.975000 0.052370
0.112500 3.975000 0.052370
0.187500 3.975000 0.052370
0.262500 3.975000 0.052370
0.337500 3.975000 0.052360
0.412500 3.975000 0.052350
0.487500 3.975000 0.052330
0.562500 3.975000 0.052320
0.637500 3.975000 0.052300
0.712500 3.975000 0.052280
0.787500 3.975000 0.052260
0.862500 3.975000 0.052230
0.937500 3.975000 0.052200
1.012000 3.975000 0.052170
1.087000 3.975000 0.052140
1.163000 3.975000 0.052100
1.238000 3.975000 0.052060
1.313000 3.975000 0.052010
1.388000 3.975000 0.051960
1.463000 3.975000 0.051910
1.538000 3.975000 0.051850
1.613000 3.975000 0.051790
1.688000 3.975000 0.051730
1.763000 3.975000 0.051660
1.838000 3.975000 0.051600
1.913000 3.975000 0.051520
1.988000 3.975000 0.051450
2.063000 3.975000 0.051370
2.138000 3.975000 0.051300
2.213000 3.975000 0.051220
2.288000 3.975000 0.051140
2.363000 3.975000 0.051060
2.438000 3.975000 0.050980
2.513000 3.975000 0.050900
2.588000 3.975000 0.050820
2.663000 3.975000 0.050740
2.738000 3.975000 0.050660
2.813000 3.975000 0.050590
2.888000 3.975000 0.050520
2.963000 3.975000 0.050450
3.038000 3.975000 0.050390
3.113000 3.975000 0.050330
3.188000 3.975000 0.050280
3.263000 3.975000 0.050220
3.338000 3.975000 0.050180
3.413000 3.975000 0.050140
3.488000 3.975000 0.050100
3.563000 3.975000 0.050060
3.638000 3.975000 0.050030
3.713000 3.975000 0.050000
3.788000 3.975000 0.049950
3.863000 3.975000 0.000000
-0.037500 4.125000 0.000000
0.037500 4.125000 0.043880
0.112500 4.125000 0.043880
0.187500 4.125000 0.043880
0.262500 4.125000 0.043870
0.337500 4.125000 0.043870
0.412500 4.125000 0.043860
0.487500 4.125000 0.043850
0.562500 4.125000 0.043830
0.637500 4.125000 0.043820
0.712500 4.125000 0.043800
0.787500 4.125000 0.043780
0.862500 4.125000 0.043760
0.937500 4.125000 0.043730
1.012000 4.125000 0.043710
1.087000 4.125000 0.043680
1.163000 4.125000 0.043640
1.238000 4.125000 0.043610
1.313000 4.125000 0.043570
1.388000 4.125000 0.043530
1.463000 4.125000 0.043480
1.538000 4.125000 0.043440
1.613000 4.125000 0.043390
1.688000 4.125000 0.043330
1.763000 4.125000 0.043280
1.838000 4.125000 0.043220
1.913000 4.125000 0.043160
1.988000 4.125000 0.043100
2.063000 4.125000 0.043030
2.138000 4.125000 0.042970
2.213000 4.125000 0.042900
2.288000 4.125000 0.042830
2.363000 4.125000 0.042770
2.438000 4.125000 0.042700
2.513000 4.125000 0.042630
2.588000 4.125000 0.042570
2.663000 4.125000 0.042500
2.738000 4.125000 0.042440
2.813000 4.125000 0.042380
2.888000 4.125000 0.042320
2.963000 4.125000 0.042260
3.038000 4.125000 0.042210
3.113000 4.125000 0.042160
3.188000 4.125000 0.042110
3.263000 4.125000 0.042070
3.338000 4.125000 0.042030
3.413000 4.125000 0.041990
3.488000 4.125000 0.041960
3.563000 4.125000 0.041930
3.638000 4.125000 0.041900
3.713000 4.125000 0.041870
3.788000 4.125000 0.041830
3.863000 4.125000 0.000000
-0.037500 4.275000 0.000000
0.037500 4.275000 0.036770
0.112500 4.275000 0.036770
0.187500 4.275000 0.036770
0.262500 4.275000 0.036770
0.337500 4.275000 0.036760
0.412500 4.275000 0.036750
0.487500 4.275000 0.036740
0.562500 4.275000 0.036730
0.637500 4.275000 0.036720
0.712500 4.275000 0.036700
0.787500 4.275000 0.036690
0.862500 4.275000 0.036670
0.937500 4.275000 0.036650
1.012000 4.275000 0.036620
1.087000 4.275000 0.036600
1.163000 4.275000 0.036570
1.238000 4.275000 0.036540
1.313000 4.275000 0.036510
1.388000 4.275000 0.036470
1.463000 4.275000 0.036430
1.538000 4.275000 0.036390
1.613000 4.275000 0.036350
1.688000 4.275000 0.036310
1.763000 4.275000 0.036260
1.838000 4.275000 0.036210
1.913000 4.275000 0.036160
1.988000 4.275000 0.036110
2.063000 4.275000 0.036060
2.138000 4.275000 0.036000
2.213000 4.275000 0.035940
2.288000 4.275000 0.035890
2.363000 4.275000 0.035830
2.438000 4.275000 0.035780
2.513000 4.275000 0.035720
2.588000 4.275000 0.035660
2.663000 4.275000 0.035610
2.738000 4.275000 0.035560
2.813000 4.275000 0.035500
2.888000 4.275000 0.035450
2.963000 4.275000 0.035410
3.038000 4.275000 0.035360
3.113000 4.275000 0.035320
3.188000 4.275000 0.035280
3.263000 4.275000 0.035240
3.338000 4.275000 0.035210
3.413000 4.275000 0.035180
3.488000 4.275000 0.035150
3.563000 4.275000 0.035130
3.638000 4.275000 0.035100
3.713000 4.275000 0.035070
3.788000 4.275000 0.035030
3.863000 4.275000 0.000000
-0.037500 4.425000 0.000000
0.037500 4.425000 0.030990
0.112500 4.425000 0.030990
0.187500 4.425000 0.030990
0.262500 4.425000 0.030980
0.337500 4.425000 0.030980
0.412500 4.425000 0.030970
0.487500 4.425000 0.030960
0.562500 4.425000 0.030950
0.637500 4.425000 0.030940
0.712500 4.425000 0.030930
0.787500 4.425000 0.030910
0.862500 4.425000 0.030900
0.937500 4.425000 0.030880
1.012000 4.425000 0.030860
1.087000 4.425000 0.030840
1.163000 4.425000 0.030820
1.238000 4.425000 0.030790
1.313000 4.425000 0.030760
1.388000 4.425000 0.030730
1.463000 4.425000 0.030700
1.538000 4.425000 0.030670
1.613000 4.425000 0.030630
1.688000 4.425000 0.030590
1.763000 4.425000 0.030550
1.838000 4.425000 0.030510
1.913000 4.425000 0.030470
1.988000 4.425000 0.030420
2.063000 4.425000 0.030380
2.138000 4.425000 0.030330
2.213000 4.425000 0.030290
2.288000 4.425000 0.030240
2.363000 4.425000 0.030190
2.438000 4.425000 0.030140
2.513000 4.425000 0.030100
2.588000 4.425000 0.030050
2.663000 4.425000 0.030000
2.738000 4.425000 0.029960
2.813000 4.425000 0.029920
2.888000 4.425000 0.029870
2.963000 4.425000 0.029830
3.038000 4.425000 0.029800
3.113000 4.425000 0.029760
3.188000 4.425000 0.029730
3.263000 4.425000 0.029700
3.338000 4.425000 0.029670
3.413000 4.425000 0.029640
3.488000 4.425000 0.029620
3.563000 4.425000 0.029590
3.638000 4.425000 0.029570
3.713000 4.425000 0.029550
3.788000 4.425000 0.029510
3.863000 4.425000 0.000000
-0.037500 4.575000 0.000000
0.037500 4.575000 0.026460
0.112500 4.575000 0.026460
0.187500 4.575000 0.026460
0.262500 4.575000 0.026460
0.337500 4.575000 0.026450
0.412500 4.575000 0.026450
0.487500 4.575000 0.026440
0.562500 4.575000 0.026430
0.637500 4.575000 0.026420
0.712500 4.575000 0.026410
0.787500 4.575000 0.026400
0.862500 4.575000 0.026380
0.937500 4.575000 0.026370
1.012000 4.575000 0.026350
1.087000 4.575000 0.026330
1.163000 4.575000 0.026310
1.238000 4.575000 0.026290
1.313000 4.575000 0.026270
1.388000 4.575000 0.026240
1.463000 4.575000 0.026210
1.538000 4.575000 0.026180
1.613000 4.575000 0.026150
1.688000 4.575000 0.026120
1.763000 4.575000 0.026090
1.838000 4.575000 0.026050
1.913000 4.575000 0.026010
1.988000 4.575000 0.025980
2.063000 4.575000 0.025940
2.138000 4.575000 0.025900
2.213000 4.575000 0.025860
2.288000 4.575000 0.025820
2.363000 4.575000 0.025780
2.438000 4.575000 0.025740
2.513000 4.575000 0.025700
2.588000 4.575000 0.025660
2.663000 4.575000 0.025620
2.738000 4.575000 0.025580
2.813000 4.575000 0.025540
2.888000 4.575000 0.025510
2.963000 4.575000 0.025470
3.038000 4.575000 0.025440
3.113000 4.575000 0.025410
3.188000 4.575000 0.025380
3.263000 4.575000 0.025350
3.338000 4.575000 0.025330
3.413000 4.575000 0.025310
3.488000 4.575000 0.025290
3.563000 4.575000 0.025270
3.638000 4.575000 0.025250
3.713000 4.575000 0.025220
3.788000 4.575000 0.025190
3.863000 4.575000 0.000000
-0.037500 4.725000 0.000000
0.037500 4.725000 0.023120
0.112500 4.725000 0.023130
0.187500 4.725000 0.023130
0.262500 4.725000 0.023120
0.337500 4.725000 0.023120
0.412500 4.725000 0.023110
0.487500 4.725000 0.023110
0.562500 4.725000 0.023100
0.637500 4.725000 0.023090
0.712500 4.725000 0.023080
0.787500 4.725000 0.023070
0.862500 4.725000 0.023060
0.937500 4.725000 0.023040
1.012000 4.725000 0.023030
1.087000 4.725000 0.023010
1.163000 4.725000 0.022990
1.238000 4.725000 0.022970
1.313000 4.725000 0.022950
1.388000 4.725000 0.022930
1.463000 4.725000 0.022900
1.538000 4.725000 0.022880
1.613000 4.725000 0.022850
1.688000 4.725000 0.022820
1.763000 4.725000 0.022790
1.838000 4.725000 0.022760
1.913000 4.725000 0.022730
1.988000 4.725000 0.022700
2.063000 4.725000 0.022660
2.138000 4.725000 0.022630
2.213000 4.725000 0.022590
2.288000 4.725000 0.022560
2.363000 4.725000 0.022520
2.438000 4.725000 0.022490
2.513000 4.725000 0.022450
2.588000 4.725000 0.022420
2.663000 4.725000 0.022380
2.738000 4.725000 0.022350
2.813000 4.725000 0.022320
2.888000 4.725000 0.022290
2.963000 4.725000 0.022260
3.038000 4.725000 0.022230
3.113000 4.725000 0.022200
3.188000 4.725000 0.022180
3.263000 4.725000 0.022150
3.338000 4.725000 0.022130
3.413000 4.725000 0.022110
3.488000 4.725000 0.022090
3.563000 4.725000 0.022080
3.638000 4.725000 0.022060
3.713000 4.725000 0.022040
3.788000 4.725000 0.022000
3.863000 4.725000 0.000000
-0.037500 4.875000 0.000000
0.037500 4.875000 0.020910
0.112500 4.875000 0.020910
0.187500 4.875000 0.020920
0.262500 4.875000 0.020920
0.337500 4.875000 0.020910
0.412500 4.875000 0.020910
0.487500 4.875000 0.020910
0.562500 4.875000 0.020900
0.637500 4.875000 0.020890
0.712500 4.875000 0.020880
0.787500 4.875000 0.020870
0.862500 4.875000 0.020860
0.937500 4.875000 0.020850
1.012000 4.875000 0.020830
1.087000 4.875000 0.020820
1.163000 4.875000 0.020800
1.238000 4.875000 0.020780
1.313000 4.875000 0.020770
1.388000 4.875000 0.020740
1.463000 4.875000 0.020720
1.538000 4.875000 0.020700
1.613000 4.875000 0.020680
1.688000 4.875000 0.020650
1.763000 4.875000 0.020620
1.838000 4.875000 0.020590
1.913000 4.875000 0.020570
1.988000 4.875000 0.020540
2.063000 4.875000 0.020510
2.138000 4.875000 0.020470
2.213000 4.875000 0.020440
2.288000 4.875000 0.020410
2.363000 4.875000 0.020380
2.438000 4.875000 0.020350
2.513000 4.875000 0.020310
2.588000 4.875000 0.020280
2.663000 4.875000 0.020250
2.738000 4.875000 0.020220
2.813000 4.875000 0.020190
2.888000 4.875000 0.020170
2.963000 4.875000 0.020140
3.038000 4.875000 0.020110
3.113000 4.875000 0.020090
3.188000 4.875000 0.020070
3.263000 4.875000 0.020040
3.338000 4.875000 0.020020
3.413000 4.875000 0.020010
3.488000 4.875000 0.019990
3.563000 4.875000 0.019970
3.638000 4.875000 0.019960
3.713000 4.875000 0.019940
3.788000 4.875000 0.019900
3.863000 4.875000 0.000000
-0.037500 5.025000 0.000000
0.037500 5.025000 0.019770
0.112500 5.025000 0.019760
0.187500 5.025000 0.019750
0.262500 5.025000 0.019740
0.337500 5.025000 0.019740
0.412500 5.025000 0.019730
0.487500 5.025000 0.019720
0.562500 5.025000 0.019710
0.637500 5.025000 0.019710
0.712500 5.025000 0.019700
0.787500 5.025000 0.019690
0.862500 5.025000 0.019670
0.937500 5.025000 0.019660
1.012000 5.025000 0.019650
1.087000 5.025000 0.019630
1.163000 5.025000 0.019620
1.238000 5.025000 0.019600
1.313000 5.025000 0.019580
1.388000 5.025000 0.019560
1.463000 5.025000 0.019540
1.538000 5.025000 0.019520
1.613000 5.025000 0.019500
1.688000 5.025000 0.019470
1.763000 5.025000 0.019450
1.838000 5.025000 0.019420
1.913000 5.025000 0.019390
1.988000 5.025000 0.019360
2.063000 5.025000 0.019330
2.138000 5.025000 0.019300
2.213000 5.025000 0.019280
2.288000 5.025000 0.019240
2.363000 5.025000 0.019210
2.438000 5.025000 0.019180
2.513000 5.025000 0.019150
2.588000 5.025000 0.019120
2.663000 5.025000 0.019100
2.738000 5.025000 0.019070
2.813000 5.025000 0.019040
2.888000 5.025000 0.019010
2.963000 5.025000 0.018990
3.038000 5.025000 0.018960
3.113000 5.025000 0.018940
3.188000 5.025000 0.018920
3.263000 5.025000 0.018900
3.338000 5.025000 0.018880
3.413000 5.025000 0.018860
3.488000 5.025000 0.018840
3.563000 5.025000 0.018830
3.638000 5.025000 0.018810
3.713000 5.025000 0.018790
3.788000 5.025000 0.018760
3.863000 5.025000 0.000000
-0.037500 5.175000 0.000000
0.037500 5.175000 0.000000
0.112500 5.175000 0.000000
0.187500 5.175000 0.000000
0.262500 5.175000 0.000000
0.337500 5.175000 0.000000
0.412500 5.175000 0.000000
0.487500 5.175000 0.000000
0.562500 5.175000 0.000000
0.637500 5.175000 0.000000
0.712500 5.175000 0.000000
0.787500 5.175000 0.000000
0.862500 5.175000 0.000000
0.937500 5.175000 0.000000
1.012000 5.175000 0.000000
1.087000 5.175000 0.000000
1.163000 5.175000 0.000000
1.238000 5.175000 0.000000
1.313000 5.175000 0.000000
1.388000 5.175000 0.000000
1.463000 5.175000 0.000000
1.538000 5.175000 0.000000
1.613000 5.175000 0.000000
1.688000 5.175000 0.000000
1.763000 5.175000 0.000000
1.838000 5.175000 0.000000
1.913000 5.175000 0.000000
1.988000 5.175000 0.000000
2.063000 5.175000 0.000000
2.138000 5.175000 0.000000
2.213000 5.175000 0.000000
2.288000 5.175000 0.000000
2.363000 5.175000 0.000000
2.438000 5.175000 0.000000
2.513000 5.175000 0.000000
2.588000 5.175000 0.000000
2.663000 5.175000 0.000000
2.738000 5.175000 0.000000
2.813000 5.175000 0.000000
2.888000 5.175000 0.000000
2.963000 5.175000 0.000000
3.038000 5.175000 0.000000
3.113000 5.175000 0.000000
3.188000 5.175000 0.000000
3.263000 5.175000 0.000000
3.338000 5.175000 0.000000
3.413000 5.175000 0.000000
3.488000 5.175000 0.000000
3.563000 5.175000 0.000000
3.638000 5.175000 0.000000
3.713000 5.175000 0.000000
3.788000 5.175000 0.000000
3.863000 5.175000 0.000000
