-0.037500 -0.075000 0.000000
0.037500 -0.075000 0.000000
0.112500 -0.075000 0.000000
0.187500 -0.075000 0.000000
0.262500 -0.075000 0.000000
0.337500 -0.075000 0.000000
0.412500 -0.075000 0.000000
0.487500 -0.075000 0.000000
0.562500 -0.075000 0.000000
0.637500 -0.075000 0.000000
0.712500 -0.075000 0.000000
0.787500 -0.075000 0.000000
0.862500 -0.075000 0.000000
0.937500 -0.075000 0.000000
1.012000 -0.075000 0.000000
1.087000 -0.075000 0.000000
1.163000 -0.075000 0.000000
1.238000 -0.075000 0.000000
1.313000 -0.075000 0.000000
1.388000 -0.075000 0.000000
1.463000 -0.075000 0.000000
1.538000 -0.075000 0.000000
1.613000 -0.075000 0.000000
1.688000 -0.075000 0.000000
1.763000 -0.075000 0.000000
1.838000 -0.075000 0.000000
1.913000 -0.075000 0.000000
1.988000 -0.075000 0.000000
2.063000 -0.075000 0.000000
2.138000 -0.075000 0.000000
2.213000 -0.075000 0.000000
2.288000 -0.075000 0.000000
2.363000 -0.075000 0.000000
2.438000 -0.075000 0.000000
2.513000 -0.075000 0.000000
2.588000 -0.075000 0.000000
2.663000 -0.075000 0.000000
2.738000 -0.075000 0.000000
2.813000 -0.075000 0.000000
2.888000 -0.075000 0.000000
2.963000 -0.075000 0.000000
3.038000 -0.075000 0.000000
3.113000 -0.075000 0.000000
3.188000 -0.075000 0.000000
3.263000 -0.075000 0.000000
3.338000 -0.075000 0.000000
3.413000 -0.075000 0.000000
3.488000 -0.075000 0.000000
3.563000 -0.075000 0.000000
3.638000 -0.075000 0.000000
3.713000 -0.075000 0.000000
3.788000 -0.075000 0.000000
3.863000 -0.075000 0.000000
-0.037500 0.075000 0.000000
0.037500 0.075000 0.000850
0.112500 0.075000 0.001710
0.187500 0.075000 0.002560
0.262500 0.075000 0.003420
0.337500 0.075000 0.004270
0.412500 0.075000 0.005120
0.487500 0.075000 0.005980
0.562500 0.075000 0.006830
0.637500 0.075000 0.007670
0.712500 0.075000 0.008520
0.787500 0.075000 0.009350
0.862500 0.075000 0.010180
0.937500 0.075000 0.011000
1.012000 0.075000 0.011800
1.087000 0.075000 0.012590
1.163000 0.075000 0.013350
1.238000 0.075000 0.014080
1.313000 0.075000 0.014770
1.388000 0.075000 0.015420
1.463000 0.075000 0.016010
1.538000 0.075000 0.016540
1.613000 0.075000 0.017000
1.688000 0.075000 0.017370
1.763000 0.075000 0.017660
1.838000 0.075000 0.017850
1.913000 0.075000 0.017940
1.988000 0.075000 0.017930
2.063000 0.075000 0.017830
2.138000 0.075000 0.017640
2.213000 0.075000 0.017370
2.288000 0.075000 0.017030
2.363000 0.075000 0.016640
2.438000 0.075000 0.016200
2.513000 0.075000 0.015740
2.588000 0.075000 0.015240
2.663000 0.075000 0.014740
2.738000 0.075000 0.014230
2.813000 0.075000 0.013730
2.888000 0.075000 0.013230
2.963000 0.075000 0.012740
3.038000 0.075000 0.012260
3.113000 0.075000 0.011800
3.188000 0.075000 0.011350
3.263000 0.075000 0.010930
3.338000 0.075000 0.010520
3.413000 0.075000 0.010120
3.488000 0.075000 0.009750
3.563000 0.075000 0.009390
3.638000 0.075000 0.009050
3.713000 0.075000 0.008720
3.788000 0.075000 0.008410
3.863000 0.075000 0.000000
-0.037500 0.225000 0.000000
0.037500 0.225000 0.000850
0.112500 0.225000 0.001710
0.187500 0.225000 0.002560
0.262500 0.225000 0.003420
0.337500 0.225000 0.004270
0.412500 0.225000 0.005120
0.487500 0.225000 0.005980
0.562500 0.225000 0.006830
0.637500 0.225000 0.007670
0.712500 0.225000 0.008520
0.787500 0.225000 0.009350
0.862500 0.225000 0.010180
0.937500 0.225000 0.011000
1.012000 0.225000 0.011800
1.087000 0.225000 0.012590
1.163000 0.225000 0.013350
1.238000 0.225000 0.014080
1.313000 0.225000 0.014770
1.388000 0.225000 0.015420
1.463000 0.225000 0.016010
1.538000 0.225000 0.016540
1.613000 0.225000 0.017000
1.688000 0.225000 0.017370
1.763000 0.225000 0.017660
1.838000 0.225000 0.017850
1.913000 0.225000 0.017940
1.988000 0.225000 0.017930
2.063000 0.225000 0.017830
2.138000 0.225000 0.017640
2.213000 0.225000 0.017370
2.288000 0.225000 0.017030
2.363000 0.225000 0.016640
2.438000 0.225000 0.016200
2.513000 0.225000 0.015740
2.588000 0.225000 0.015240
2.663000 0.225000 0.014740
2.738000 0.225000 0.014230
2.813000 0.225000 0.013730
2.888000 0.225000 0.013230
2.963000 0.225000 0.012740
3.038000 0.225000 0.012260
3.113000 0.225000 0.011800
3.188000 0.225000 0.011350
3.263000 0.225000 0.010930
3.338000 0.225000 0.010520
3.413000 0.225000 0.010120
3.488000 0.225000 0.009750
3.563000 0.225000 0.009390
3.638000 0.225000 0.009050
3.713000 0.225000 0.008720
3.788000 0.225000 0.008410
3.863000 0.225000 0.000000
-0.037500 0.375000 0.000000
0.037500 0.375000 0.001531
0.112500 0.375000 0.001723
0.187500 0.375000 0.002016
0.262500 0.375000 0.002372
0.337500 0.375000 0.002764
0.412500 0.375000 0.003181
0.487500 0.375000 0.003614
0.562500 0.375000 0.004055
0.637500 0.375000 0.004501
0.712500 0.375000 0.004951
0.787500 0.375000 0.005399
0.862500 0.375000 0.005845
0.937500 0.375000 0.006286
1.012000 0.375000 0.006719
1.087000 0.375000 0.007142
1.163000 0.375000 0.007551
1.238000 0.375000 0.007942
1.313000 0.375000 0.008311
1.388000 0.375000 0.008654
1.463000 0.375000 0.008966
1.538000 0.375000 0.009243
1.613000 0.375000 0.009481
1.688000 0.375000 0.009675
1.763000 0.375000 0.009822
1.838000 0.375000 0.009919
1.913000 0.375000 0.009965
1.988000 0.375000 0.009960
2.063000 0.375000 0.009907
2.138000 0.375000 0.009809
2.213000 0.375000 0.009669
2.288000 0.375000 0.009494
2.363000 0.375000 0.009288
2.438000 0.375000 0.009058
2.513000 0.375000 0.008810
2.588000 0.375000 0.008547
2.663000 0.375000 0.008277
2.738000 0.375000 0.008002
2.813000 0.375000 0.007728
2.888000 0.375000 0.007455
2.963000 0.375000 0.007186
3.038000 0.375000 0.006924
3.113000 0.375000 0.006669
3.188000 0.375000 0.006424
3.263000 0.375000 0.006189
3.338000 0.375000 0.005965
3.413000 0.375000 0.005752
3.488000 0.375000 0.005553
3.563000 0.375000 0.005370
3.638000 0.375000 0.005209
3.713000 0.375000 0.005076
3.788000 0.375000 0.004989
3.863000 0.375000 0.000000
-0.037500 0.525000 0.000000
0.037500 0.525000 0.001124
0.112500 0.525000 0.001179
0.187500 0.525000 0.001280
0.262500 0.525000 0.001415
0.337500 0.525000 0.001575
0.412500 0.525000 0.001753
0.487500 0.525000 0.001943
0.562500 0.525000 0.002141
0.637500 0.525000 0.002346
0.712500 0.525000 0.002553
0.787500 0.525000 0.002762
0.862500 0.525000 0.002971
0.937500 0.525000 0.003178
1.012000 0.525000 0.003381
1.087000 0.525000 0.003579
1.163000 0.525000 0.003771
1.238000 0.525000 0.003953
1.313000 0.525000 0.004125
1.388000 0.525000 0.004283
1.463000 0.525000 0.004427
1.538000 0.525000 0.004555
1.613000 0.525000 0.004663
1.688000 0.525000 0.004751
1.763000 0.525000 0.004817
1.838000 0.525000 0.004861
1.913000 0.525000 0.004881
1.988000 0.525000 0.004879
2.063000 0.525000 0.004855
2.138000 0.525000 0.004809
2.213000 0.525000 0.004745
2.288000 0.525000 0.004665
2.363000 0.525000 0.004570
2.438000 0.525000 0.004463
2.513000 0.525000 0.004348
2.588000 0.525000 0.004225
2.663000 0.525000 0.004098
2.738000 0.525000 0.003968
2.813000 0.525000 0.003837
2.888000 0.525000 0.003707
2.963000 0.525000 0.003579
3.038000 0.525000 0.003454
3.113000 0.525000 0.003332
3.188000 0.525000 0.003216
3.263000 0.525000 0.003105
3.338000 0.525000 0.003000
3.413000 0.525000 0.002903
3.488000 0.525000 0.002814
3.563000 0.525000 0.002736
3.638000 0.525000 0.002671
3.713000 0.525000 0.002619
3.788000 0.525000 0.002581
3.863000 0.525000 0.000000
-0.037500 0.675000 0.000000
0.037500 0.675000 0.000785
0.112500 0.675000 0.000802
0.187500 0.675000 0.000837
0.262500 0.675000 0.000887
0.337500 0.675000 0.000950
0.412500 0.675000 0.001023
0.487500 0.675000 0.001104
0.562500 0.675000 0.001190
0.637500 0.675000 0.001281
0.712500 0.675000 0.001376
0.787500 0.675000 0.001471
0.862500 0.675000 0.001568
0.937500 0.675000 0.001664
1.012000 0.675000 0.001758
1.087000 0.675000 0.001851
1.163000 0.675000 0.001939
1.238000 0.675000 0.002024
1.313000 0.675000 0.002103
1.388000 0.675000 0.002176
1.463000 0.675000 0.002242
1.538000 0.675000 0.002300
1.613000 0.675000 0.002350
1.688000 0.675000 0.002389
1.763000 0.675000 0.002419
1.838000 0.675000 0.002439
1.913000 0.675000 0.002448
1.988000 0.675000 0.002447
2.063000 0.675000 0.002437
2.138000 0.675000 0.002416
2.213000 0.675000 0.002388
2.288000 0.675000 0.002351
2.363000 0.675000 0.002308
2.438000 0.675000 0.002259
2.513000 0.675000 0.002206
2.588000 0.675000 0.002149
2.663000 0.675000 0.002089
2.738000 0.675000 0.002028
2.813000 0.675000 0.001966
2.888000 0.675000 0.001904
2.963000 0.675000 0.001843
3.038000 0.675000 0.001784
3.113000 0.675000 0.001727
3.188000 0.675000 0.001672
3.263000 0.675000 0.001621
3.338000 0.675000 0.001574
3.413000 0.675000 0.001531
3.488000 0.675000 0.001494
3.563000 0.675000 0.001464
3.638000 0.675000 0.001440
3.713000 0.675000 0.001423
3.788000 0.675000 0.001413
3.863000 0.675000 0.000000
-0.037500 0.825000 0.000000
0.037500 0.825000 0.000589
0.112500 0.825000 0.000599
0.187500 0.825000 0.000618
0.262500 0.825000 0.000646
0.337500 0.825000 0.000682
0.412500 0.825000 0.000725
0.487500 0.825000 0.000773
0.562500 0.825000 0.000825
0.637500 0.825000 0.000881
0.712500 0.825000 0.000938
0.787500 0.825000 0.000997
0.862500 0.825000 0.001057
0.937500 0.825000 0.001117
1.012000 0.825000 0.001176
1.087000 0.825000 0.001234
1.163000 0.825000 0.001289
1.238000 0.825000 0.001342
1.313000 0.825000 0.001391
1.388000 0.825000 0.001437
1.463000 0.825000 0.001478
1.538000 0.825000 0.001514
1.613000 0.825000 0.001544
1.688000 0.825000 0.001569
1.763000 0.825000 0.001587
1.838000 0.825000 0.001600
1.913000 0.825000 0.001606
1.988000 0.825000 0.001605
2.063000 0.825000 0.001599
2.138000 0.825000 0.001587
2.213000 0.825000 0.001569
2.288000 0.825000 0.001547
2.363000 0.825000 0.001520
2.438000 0.825000 0.001490
2.513000 0.825000 0.001457
2.588000 0.825000 0.001421
2.663000 0.825000 0.001384
2.738000 0.825000 0.001346
2.813000 0.825000 0.001307
2.888000 0.825000 0.001268
2.963000 0.825000 0.001230
3.038000 0.825000 0.001192
3.113000 0.825000 0.001156
3.188000 0.825000 0.001123
3.263000 0.825000 0.001091
3.338000 0.825000 0.001063
3.413000 0.825000 0.001038
3.488000 0.825000 0.001018
3.563000 0.825000 0.001001
3.638000 0.825000 0.000990
3.713000 0.825000 0.000983
3.788000 0.825000 0.000979
3.863000 0.825000 0.000000
-0.037500 0.975000 0.000000
0.037500 0.975000 0.000426
0.112500 0.975000 0.000432
0.187500 0.975000 0.000444
0.262500 0.975000 0.000461
0.337500 0.975000 0.000482
0.412500 0.975000 0.000508
0.487500 0.975000 0.000537
0.562500 0.975000 0.000569
0.637500 0.975000 0.000603
0.712500 0.975000 0.000639
0.787500 0.975000 0.000676
0.862500 0.975000 0.000713
0.937500 0.975000 0.000751
1.012000 0.975000 0.000788
1.087000 0.975000 0.000824
1.163000 0.975000 0.000859
1.238000 0.975000 0.000892
1.313000 0.975000 0.000924
1.388000 0.975000 0.000952
1.463000 0.975000 0.000978
1.538000 0.975000 0.001001
1.613000 0.975000 0.001020
1.688000 0.975000 0.001036
1.763000 0.975000 0.001047
1.838000 0.975000 0.001055
1.913000 0.975000 0.001059
1.988000 0.975000 0.001059
2.063000 0.975000 0.001055
2.138000 0.975000 0.001048
2.213000 0.975000 0.001037
2.288000 0.975000 0.001023
2.363000 0.975000 0.001007
2.438000 0.975000 0.000988
2.513000 0.975000 0.000967
2.588000 0.975000 0.000945
2.663000 0.975000 0.000922
2.738000 0.975000 0.000897
2.813000 0.975000 0.000873
2.888000 0.975000 0.000848
2.963000 0.975000 0.000824
3.038000 0.975000 0.000801
3.113000 0.975000 0.000778
3.188000 0.975000 0.000758
3.263000 0.975000 0.000738
3.338000 0.975000 0.000722
3.413000 0.975000 0.000707
3.488000 0.975000 0.000696
3.563000 0.975000 0.000687
3.638000 0.975000 0.000682
3.713000 0.975000 0.000680
3.788000 0.975000 0.000680
3.863000 0.975000 0.000000
-0.037500 1.125000 0.000000
0.037500 1.125000 0.000315
0.112500 1.125000 0.000319
0.187500 1.125000 0.000327
0.262500 1.125000 0.000338
0.337500 1.125000 0.000352
0.412500 1.125000 0.000369
0.487500 1.125000 0.000388
0.562500 1.125000 0.000409
0.637500 1.125000 0.000431
0.712500 1.125000 0.000455
0.787500 1.125000 0.000480
0.862500 1.125000 0.000505
0.937500 1.125000 0.000530
1.012000 1.125000 0.000555
1.087000 1.125000 0.000580
1.163000 1.125000 0.000603
1.238000 1.125000 0.000626
1.313000 1.125000 0.000647
1.388000 1.125000 0.000666
1.463000 1.125000 0.000684
1.538000 1.125000 0.000699
1.613000 1.125000 0.000712
1.688000 1.125000 0.000722
1.763000 1.125000 0.000730
1.838000 1.125000 0.000736
1.913000 1.125000 0.000738
1.988000 1.125000 0.000739
2.063000 1.125000 0.000736
2.138000 1.125000 0.000731
2.213000 1.125000 0.000724
2.288000 1.125000 0.000715
2.363000 1.125000 0.000704
2.438000 1.125000 0.000692
2.513000 1.125000 0.000678
2.588000 1.125000 0.000663
2.663000 1.125000 0.000647
2.738000 1.125000 0.000631
2.813000 1.125000 0.000615
2.888000 1.125000 0.000598
2.963000 1.125000 0.000582
3.038000 1.125000 0.000566
3.113000 1.125000 0.000552
3.188000 1.125000 0.000538
3.263000 1.125000 0.000525
3.338000 1.125000 0.000515
3.413000 1.125000 0.000506
3.488000 1.125000 0.000499
3.563000 1.125000 0.000494
3.638000 1.125000 0.000492
3.713000 1.125000 0.000492
3.788000 1.125000 0.000492
3.863000 1.125000 0.000000
-0.037500 1.275000 0.000000
0.037500 1.275000 0.000179
0.112500 1.275000 0.000181
0.187500 1.275000 0.000186
0.262500 1.275000 0.000192
0.337500 1.275000 0.000200
0.412500 1.275000 0.000210
0.487500 1.275000 0.000220
0.562500 1.275000 0.000232
0.637500 1.275000 0.000245
0.712500 1.275000 0.000258
0.787500 1.275000 0.000272
0.862500 1.275000 0.000286
0.937500 1.275000 0.000300
1.012000 1.275000 0.000314
1.087000 1.275000 0.000328
1.163000 1.275000 0.000341
1.238000 1.275000 0.000354
1.313000 1.275000 0.000365
1.388000 1.275000 0.000376
1.463000 1.275000 0.000386
1.538000 1.275000 0.000395
1.613000 1.275000 0.000402
1.688000 1.275000 0.000408
1.763000 1.275000 0.000413
1.838000 1.275000 0.000416
1.913000 1.275000 0.000418
1.988000 1.275000 0.000418
2.063000 1.275000 0.000417
2.138000 1.275000 0.000414
2.213000 1.275000 0.000410
2.288000 1.275000 0.000405
2.363000 1.275000 0.000399
2.438000 1.275000 0.000392
2.513000 1.275000 0.000385
2.588000 1.275000 0.000377
2.663000 1.275000 0.000368
2.738000 1.275000 0.000359
2.813000 1.275000 0.000350
2.888000 1.275000 0.000341
2.963000 1.275000 0.000332
3.038000 1.275000 0.000323
3.113000 1.275000 0.000315
3.188000 1.275000 0.000308
3.263000 1.275000 0.000301
3.338000 1.275000 0.000296
3.413000 1.275000 0.000291
3.488000 1.275000 0.000288
3.563000 1.275000 0.000286
3.638000 1.275000 0.000286
3.713000 1.275000 0.000287
3.788000 1.275000 0.000288
3.863000 1.275000 0.000000
-0.037500 1.425000 0.000000
0.037500 1.425000 0.000084
0.112500 1.425000 0.000085
0.187500 1.425000 0.000087
0.262500 1.425000 0.000090
0.337500 1.425000 0.000094
0.412500 1.425000 0.000098
0.487500 1.425000 0.000103
0.562500 1.425000 0.000108
0.637500 1.425000 0.000114
0.712500 1.425000 0.000120
0.787500 1.425000 0.000126
0.862500 1.425000 0.000133
0.937500 1.425000 0.000139
1.012000 1.425000 0.000146
1.087000 1.425000 0.000152
1.163000 1.425000 0.000158
1.238000 1.425000 0.000164
1.313000 1.425000 0.000169
1.388000 1.425000 0.000174
1.463000 1.425000 0.000179
1.538000 1.425000 0.000183
1.613000 1.425000 0.000186
1.688000 1.425000 0.000189
1.763000 1.425000 0.000191
1.838000 1.425000 0.000193
1.913000 1.425000 0.000194
1.988000 1.425000 0.000194
2.063000 1.425000 0.000193
2.138000 1.425000 0.000192
2.213000 1.425000 0.000191
2.288000 1.425000 0.000188
2.363000 1.425000 0.000186
2.438000 1.425000 0.000183
2.513000 1.425000 0.000179
2.588000 1.425000 0.000176
2.663000 1.425000 0.000172
2.738000 1.425000 0.000168
2.813000 1.425000 0.000163
2.888000 1.425000 0.000159
2.963000 1.425000 0.000155
3.038000 1.425000 0.000152
3.113000 1.425000 0.000148
3.188000 1.425000 0.000145
3.263000 1.425000 0.000142
3.338000 1.425000 0.000140
3.413000 1.425000 0.000138
3.488000 1.425000 0.000137
3.563000 1.425000 0.000137
3.638000 1.425000 0.000137
3.713000 1.425000 0.000138
3.788000 1.425000 0.000138
3.863000 1.425000 0.000000
-0.037500 1.575000 0.000000
0.037500 1.575000 0.000038
0.112500 1.575000 0.000039
0.187500 1.575000 0.000040
0.262500 1.575000 0.000041
0.337500 1.575000 0.000043
0.412500 1.575000 0.000045
0.487500 1.575000 0.000047
0.562500 1.575000 0.000049
0.637500 1.575000 0.000052
0.712500 1.575000 0.000055
0.787500 1.575000 0.000057
0.862500 1.575000 0.000060
0.937500 1.575000 0.000063
1.012000 1.575000 0.000066
1.087000 1.575000 0.000069
1.163000 1.575000 0.000072
1.238000 1.575000 0.000074
1.313000 1.575000 0.000077
1.388000 1.575000 0.000079
1.463000 1.575000 0.000081
1.538000 1.575000 0.000083
1.613000 1.575000 0.000085
1.688000 1.575000 0.000086
1.763000 1.575000 0.000087
1.838000 1.575000 0.000088
1.913000 1.575000 0.000088
1.988000 1.575000 0.000088
2.063000 1.575000 0.000088
2.138000 1.575000 0.000088
2.213000 1.575000 0.000087
2.288000 1.575000 0.000086
2.363000 1.575000 0.000085
2.438000 1.575000 0.000083
2.513000 1.575000 0.000082
2.588000 1.575000 0.000080
2.663000 1.575000 0.000079
2.738000 1.575000 0.000077
2.813000 1.575000 0.000075
2.888000 1.575000 0.000073
2.963000 1.575000 0.000071
3.038000 1.575000 0.000070
3.113000 1.575000 0.000068
3.188000 1.575000 0.000067
3.263000 1.575000 0.000066
3.338000 1.575000 0.000065
3.413000 1.575000 0.000064
3.488000 1.575000 0.000064
3.563000 1.575000 0.000064
3.638000 1.575000 0.000064
3.713000 1.575000 0.000065
3.788000 1.575000 0.000065
3.863000 1.575000 0.000000
-0.037500 1.725000 0.000000
0.037500 1.725000 0.000017
0.112500 1.725000 0.000017
0.187500 1.725000 0.000018
0.262500 1.725000 0.000018
0.337500 1.725000 0.000019
0.412500 1.725000 0.000020
0.487500 1.725000 0.000021
0.562500 1.725000 0.000022
0.637500 1.725000 0.000023
0.712500 1.725000 0.000024
0.787500 1.725000 0.000025
0.862500 1.725000 0.000027
0.937500 1.725000 0.000028
1.012000 1.725000 0.000029
1.087000 1.725000 0.000030
1.163000 1.725000 0.000032
1.238000 1.725000 0.000033
1.313000 1.725000 0.000034
1.388000 1.725000 0.000035
1.463000 1.725000 0.000036
1.538000 1.725000 0.000037
1.613000 1.725000 0.000037
1.688000 1.725000 0.000038
1.763000 1.725000 0.000038
1.838000 1.725000 0.000039
1.913000 1.725000 0.000039
1.988000 1.725000 0.000039
2.063000 1.725000 0.000039
2.138000 1.725000 0.000039
2.213000 1.725000 0.000038
2.288000 1.725000 0.000038
2.363000 1.725000 0.000038
2.438000 1.725000 0.000037
2.513000 1.725000 0.000036
2.588000 1.725000 0.000036
2.663000 1.725000 0.000035
2.738000 1.725000 0.000034
2.813000 1.725000 0.000033
2.888000 1.725000 0.000033
2.963000 1.725000 0.000032
3.038000 1.725000 0.000031
3.113000 1.725000 0.000030
3.188000 1.725000 0.000030
3.263000 1.725000 0.000029
3.338000 1.725000 0.000029
3.413000 1.725000 0.000029
3.488000 1.725000 0.000029
3.563000 1.725000 0.000029
3.638000 1.725000 0.000029
3.713000 1.725000 0.000030
3.788000 1.725000 0.000030
3.863000 1.725000 0.000000
-0.037500 1.875000 0.000000
0.037500 1.875000 0.000007
0.112500 1.875000 0.000007
0.187500 1.875000 0.000007
0.262500 1.875000 0.000008
0.337500 1.875000 0.000008
0.412500 1.875000 0.000008
0.487500 1.875000 0.000009
0.562500 1.875000 0.000009
0.637500 1.875000 0.000010
0.712500 1.875000 0.000010
0.787500 1.875000 0.000011
0.862500 1.875000 0.000011
0.937500 1.875000 0.000012
1.012000 1.875000 0.000012
1.087000 1.875000 0.000013
1.163000 1.875000 0.000013
1.238000 1.875000 0.000014
1.313000 1.875000 0.000014
1.388000 1.875000 0.000015
1.463000 1.875000 0.000015
1.538000 1.875000 0.000015
1.613000 1.875000 0.000016
1.688000 1.875000 0.000016
1.763000 1.875000 0.000016
1.838000 1.875000 0.000016
1.913000 1.875000 0.000017
1.988000 1.875000 0.000017
2.063000 1.875000 0.000017
2.138000 1.875000 0.000016
2.213000 1.875000 0.000016
2.288000 1.875000 0.000016
2.363000 1.875000 0.000016
2.438000 1.875000 0.000016
2.513000 1.875000 0.000016
2.588000 1.875000 0.000015
2.663000 1.875000 0.000015
2.738000 1.875000 0.000015
2.813000 1.875000 0.000014
2.888000 1.875000 0.000014
2.963000 1.875000 0.000014
3.038000 1.875000 0.000013
3.113000 1.875000 0.000013
3.188000 1.875000 0.000013
3.263000 1.875000 0.000013
3.338000 1.875000 0.000013
3.413000 1.875000 0.000013
3.488000 1.875000 0.000013
3.563000 1.875000 0.000013
3.638000 1.875000 0.000013
3.713000 1.875000 0.000013
3.788000 1.875000 0.000013
3.863000 1.875000 0.000000
-0.037500 2.025000 0.000000
0.037500 2.025000 0.000003
0.112500 2.025000 0.000003
0.187500 2.025000 0.000003
0.262500 2.025000 0.000003
0.337500 2.025000 0.000003
0.412500 2.025000 0.000003
0.487500 2.025000 0.000003
0.562500 2.025000 0.000004
0.637500 2.025000 0.000004
0.712500 2.025000 0.000004
0.787500 2.025000 0.000004
0.862500 2.025000 0.000004
0.937500 2.025000 0.000005
1.012000 2.025000 0.000005
1.087000 2.025000 0.000005
1.163000 2.025000 0.000005
1.238000 2.025000 0.000006
1.313000 2.025000 0.000006
1.388000 2.025000 0.000006
1.463000 2.025000 0.000006
1.538000 2.025000 0.000006
1.613000 2.025000 0.000006
1.688000 2.025000 0.000006
1.763000 2.025000 0.000007
1.838000 2.025000 0.000007
1.913000 2.025000 0.000007
1.988000 2.025000 0.000007
2.063000 2.025000 0.000007
2.138000 2.025000 0.000007
2.213000 2.025000 0.000007
2.288000 2.025000 0.000007
2.363000 2.025000 0.000006
2.438000 2.025000 0.000006
2.513000 2.025000 0.000006
2.588000 2.025000 0.000006
2.663000 2.025000 0.000006
2.738000 2.025000 0.000006
2.813000 2.025000 0.000006
2.888000 2.025000 0.000006
2.963000 2.025000 0.000006
3.038000 2.025000 0.000005
3.113000 2.025000 0.000005
3.188000 2.025000 0.000005
3.263000 2.025000 0.000005
3.338000 2.025000 0.000005
3.413000 2.025000 0.000005
3.488000 2.025000 0.000005
3.563000 2.025000 0.000005
3.638000 2.025000 0.000005
3.713000 2.025000 0.000005
3.788000 2.025000 0.000005
3.863000 2.025000 0.000000
-0.037500 2.175000 0.000000
0.037500 2.175000 0.000001
0.112500 2.175000 0.000001
0.187500 2.175000 0.000001
0.262500 2.175000 0.000001
0.337500 2.175000 0.000001
0.412500 2.175000 0.000001
0.487500 2.175000 0.000001
0.562500 2.175000 0.000001
0.637500 2.175000 0.000001
0.712500 2.175000 0.000001
0.787500 2.175000 0.000001
0.862500 2.175000 0.000002
0.937500 2.175000 0.000002
1.012000 2.175000 0.000002
1.087000 2.175000 0.000002
1.163000 2.175000 0.000002
1.238000 2.175000 0.000002
1.313000 2.175000 0.000002
1.388000 2.175000 0.000002
1.463000 2.175000 0.000002
1.538000 2.175000 0.000002
1.613000 2.175000 0.000002
1.688000 2.175000 0.000002
1.763000 2.175000 0.000002
1.838000 2.175000 0.000002
1.913000 2.175000 0.000002
1.988000 2.175000 0.000002
2.063000 2.175000 0.000002
2.138000 2.175000 0.000002
2.213000 2.175000 0.000002
2.288000 2.175000 0.000002
2.363000 2.175000 0.000002
2.438000 2.175000 0.000002
2.513000 2.175000 0.000002
2.588000 2.175000 0.000002
2.663000 2.175000 0.000002
2.738000 2.175000 0.000002
2.813000 2.175000 0.000002
2.888000 2.175000 0.000002
2.963000 2.175000 0.000002
3.038000 2.175000 0.000002
3.113000 2.175000 0.000002
3.188000 2.175000 0.000002
3.263000 2.175000 0.000002
3.338000 2.175000 0.000002
3.413000 2.175000 0.000002
3.488000 2.175000 0.000002
3.563000 2.175000 0.000002
3.638000 2.175000 0.000002
3.713000 2.175000 0.000002
3.788000 2.175000 0.000002
3.863000 2.175000 0.000000
-0.037500 2.325000 0.000000
0.037500 2.325000 0.000000
0.112500 2.325000 0.000000
0.187500 2.325000 0.000000
0.262500 2.325000 0.000000
0.337500 2.325000 0.000000
0.412500 2.325000 0.000000
0.487500 2.325000 0.000000
0.562500 2.325000 0.000000
0.637500 2.325000 0.000000
0.712500 2.325000 0.000001
0.787500 2.325000 0.000001
0.862500 2.325000 0.000001
0.937500 2.325000 0.000001
1.012000 2.325000 0.000001
1.087000 2.325000 0.000001
1.163000 2.325000 0.000001
1.238000 2.325000 0.000001
1.313000 2.325000 0.000001
1.388000 2.325000 0.000001
1.463000 2.325000 0.000001
1.538000 2.325000 0.000001
1.613000 2.325000 0.000001
1.688000 2.325000 0.000001
1.763000 2.325000 0.000001
1.838000 2.325000 0.000001
1.913000 2.325000 0.000001
1.988000 2.325000 0.000001
2.063000 2.325000 0.000001
2.138000 2.325000 0.000001
2.213000 2.325000 0.000001
2.288000 2.325000 0.000001
2.363000 2.325000 0.000001
2.438000 2.325000 0.000001
2.513000 2.325000 0.000001
2.588000 2.325000 0.000001
2.663000 2.325000 0.000001
2.738000 2.325000 0.000001
2.813000 2.325000 0.000001
2.888000 2.325000 0.000001
2.963000 2.325000 0.000001
3.038000 2.325000 0.000001
3.113000 2.325000 0.000001
3.188000 2.325000 0.000001
3.263000 2.325000 0.000001
3.338000 2.325000 0.000001
3.413000 2.325000 0.000001
3.488000 2.325000 0.000001
3.563000 2.325000 0.000001
3.638000 2.325000 0.000001
3.713000 2.325000 0.000001
3.788000 2.325000 0.000001
3.863000 2.325000 0.000000
-0.037500 2.475000 0.000000
0.037500 2.475000 0.000000
0.112500 2.475000 0.000000
0.187500 2.475000 0.000000
0.262500 2.475000 0.000000
0.337500 2.475000 0.000000
0.412500 2.475000 0.000000
0.487500 2.475000 0.000000
0.562500 2.475000 0.000000
0.637500 2.475000 0.000000
0.712500 2.475000 0.000000
0.787500 2.475000 0.000000
0.862500 2.475000 0.000000
0.937500 2.475000 0.000000
1.012000 2.475000 0.000000
1.087000 2.475000 0.000000
1.163000 2.475000 0.000000
1.238000 2.475000 0.000000
1.313000 2.475000 0.000000
1.388000 2.475000 0.000000
1.463000 2.475000 0.000000
1.538000 2.475000 0.000000
1.613000 2.475000 0.000000
1.688000 2.475000 0.000000
1.763000 2.475000 0.000000
1.838000 2.475000 0.000000
1.913000 2.475000 0.000000
1.988000 2.475000 0.000000
2.063000 2.475000 0.000000
2.138000 2.475000 0.000000
2.213000 2.475000 0.000000
2.288000 2.475000 0.000000
2.363000 2.475000 0.000000
2.438000 2.475000 0.000000
2.513000 2.475000 0.000000
2.588000 2.475000 0.000000
2.663000 2.475000 0.000000
2.738000 2.475000 0.000000
2.813000 2.475000 0.000000
2.888000 2.475000 0.000000
2.963000 2.475000 0.000000
3.038000 2.475000 0.000000
3.113000 2.475000 0.000000
3.188000 2.475000 0.000000
3.263000 2.475000 0.000000
3.338000 2.475000 0.000000
3.413000 2.475000 0.000000
3.488000 2.475000 0.000000
3.563000 2.475000 0.000000
3.638000 2.475000 0.000000
3.713000 2.475000 0.000000
3.788000 2.475000 0.000000
3.863000 2.475000 0.000000
-0.037500 2.625000 0.000000
0.037500 2.625000 0.000000
0.112500 2.625000 0.000000
0.187500 2.625000 0.000000
0.262500 2.625000 0.000000
0.337500 2.625000 0.000000
0.412500 2.625000 0.000000
0.487500 2.625000 0.000000
0.562500 2.625000 0.000000
0.637500 2.625000 0.000000
0.712500 2.625000 0.000000
0.787500 2.625000 0.000000
0.862500 2.625000 0.000000
0.937500 2.625000 0.000000
1.012000 2.625000 0.000000
1.087000 2.625000 0.000000
1.163000 2.625000 0.000000
1.238000 2.625000 0.000000
1.313000 2.625000 0.000000
1.388000 2.625000 0.000000
1.463000 2.625000 0.000000
1.538000 2.625000 0.000000
1.613000 2.625000 0.000000
1.688000 2.625000 0.000000
1.763000 2.625000 0.000000
1.838000 2.625000 0.000000
1.913000 2.625000 0.000000
1.988000 2.625000 0.000000
2.063000 2.625000 0.000000
2.138000 2.625000 0.000000
2.213000 2.625000 0.000000
2.288000 2.625000 0.000000
2.363000 2.625000 0.000000
2.438000 2.625000 0.000000
2.513000 2.625000 0.000000
2.588000 2.625000 0.000000
2.663000 2.625000 0.000000
2.738000 2.625000 0.000000
2.813000 2.625000 0.000000
2.888000 2.625000 0.000000
2.963000 2.625000 0.000000
3.038000 2.625000 0.000000
3.113000 2.625000 0.000000
3.188000 2.625000 0.000000
3.263000 2.625000 0.000000
3.338000 2.625000 0.000000
3.413000 2.625000 0.000000
3.488000 2.625000 0.000000
3.563000 2.625000 0.000000
3.638000 2.625000 0.000000
3.713000 2.625000 0.000000
3.788000 2.625000 0.000000
3.863000 2.625000 0.000000
-0.037500 2.775000 0.000000
0.037500 2.775000 0.000000
0.112500 2.775000 0.000000
0.187500 2.775000 0.000000
0.262500 2.775000 0.000000
0.337500 2.775000 0.000000
0.412500 2.775000 0.000000
0.487500 2.775000 0.000000
0.562500 2.775000 0.000000
0.637500 2.775000 0.000000
0.712500 2.775000 0.000000
0.787500 2.775000 0.000000
0.862500 2.775000 0.000000
0.937500 2.775000 0.000000
1.012000 2.775000 0.000000
1.087000 2.775000 0.000000
1.163000 2.775000 0.000000
1.238000 2.775000 0.000000
1.313000 2.775000 0.000000
1.388000 2.775000 0.000000
1.463000 2.775000 0.000000
1.538000 2.775000 0.000000
1.613000 2.775000 0.000000
1.688000 2.775000 0.000000
1.763000 2.775000 0.000000
1.838000 2.775000 0.000000
1.913000 2.775000 0.000000
1.988000 2.775000 0.000000
2.063000 2.775000 0.000000
2.138000 2.775000 0.000000
2.213000 2.775000 0.000000
2.288000 2.775000 0.000000
2.363000 2.775000 0.000000
2.438000 2.775000 0.000000
2.513000 2.775000 0.000000
2.588000 2.775000 0.000000
2.663000 2.775000 0.000000
2.738000 2.775000 0.000000
2.813000 2.775000 0.000000
2.888000 2.775000 0.000000
2.963000 2.775000 0.000000
3.038000 2.775000 0.000000
3.113000 2.775000 0.000000
3.188000 2.775000 0.000000
3.263000 2.775000 0.000000
3.338000 2.775000 0.000000
3.413000 2.775000 0.000000
3.488000 2.775000 0.000000
3.563000 2.775000 0.000000
3.638000 2.775000 0.000000
3.713000 2.775000 0.000000
3.788000 2.775000 0.000000
3.863000 2.775000 0.000000
-0.037500 2.925000 0.000000
0.037500 2.925000 0.000000
0.112500 2.925000 0.000000
0.187500 2.925000 0.000000
0.262500 2.925000 0.000000
0.337500 2.925000 0.000000
0.412500 2.925000 0.000000
0.487500 2.925000 0.000000
0.562500 2.925000 0.000000
0.637500 2.925000 0.000000
0.712500 2.925000 0.000000
0.787500 2.925000 0.000000
0.862500 2.925000 0.000000
0.937500 2.925000 0.000000
1.012000 2.925000 0.000000
1.087000 2.925000 0.000000
1.163000 2.925000 0.000000
1.238000 2.925000 0.000000
1.313000 2.925000 0.000000
1.388000 2.925000 0.000000
1.463000 2.925000 0.000000
1.538000 2.925000 0.000000
1.613000 2.925000 0.000000
1.688000 2.925000 0.000000
1.763000 2.925000 0.000000
1.838000 2.925000 0.000000
1.913000 2.925000 0.000000
1.988000 2.925000 0.000000
2.063000 2.925000 0.000000
2.138000 2.925000 0.000000
2.213000 2.925000 0.000000
2.288000 2.925000 0.000000
2.363000 2.925000 0.000000
2.438000 2.925000 0.000000
2.513000 2.925000 0.000000
2.588000 2.925000 0.000000
2.663000 2.925000 0.000000
2.738000 2.925000 0.000000
2.813000 2.925000 0.000000
2.888000 2.925000 0.000000
2.963000 2.925000 0.000000
3.038000 2.925000 0.000000
3.113000 2.925000 0.000000
3.188000 2.925000 0.000000
3.263000 2.925000 0.000000
3.338000 2.925000 0.000000
3.413000 2.925000 0.000000
3.488000 2.925000 0.000000
3.563000 2.925000 0.000000
3.638000 2.925000 0.000000
3.713000 2.925000 0.000000
3.788000 2.925000 0.000000
3.863000 2.925000 0.000000
-0.037500 3.075000 0.000000
0.037500 3.075000 0.000000
0.112500 3.075000 0.000000
0.187500 3.075000 0.000000
0.262500 3.075000 0.000000
0.337500 3.075000 0.000000
0.412500 3.075000 0.000000
0.487500 3.075000 0.000000
0.562500 3.075000 0.000000
0.637500 3.075000 0.000000
0.712500 3.075000 0.000000
0.787500 3.075000 0.000000
0.862500 3.075000 0.000000
0.937500 3.075000 0.000000
1.012000 3.075000 0.000000
1.087000 3.075000 0.000000
1.163000 3.075000 0.000000
1.238000 3.075000 0.000000
1.313000 3.075000 0.000000
1.388000 3.075000 0.000000
1.463000 3.075000 0.000000
1.538000 3.075000 0.000000
1.613000 3.075000 0.000000
1.688000 3.075000 0.000000
1.763000 3.075000 0.000000
1.838000 3.075000 0.000000
1.913000 3.075000 0.000000
1.988000 3.075000 0.000000
2.063000 3.075000 0.000000
2.138000 3.075000 0.000000
2.213000 3.075000 0.000000
2.288000 3.075000 0.000000
2.363000 3.075000 0.000000
2.438000 3.075000 0.000000
2.513000 3.075000 0.000000
2.588000 3.075000 0.000000
2.663000 3.075000 0.000000
2.738000 3.075000 0.000000
2.813000 3.075000 0.000000
2.888000 3.075000 0.000000
2.963000 3.075000 0.000000
3.038000 3.075000 0.000000
3.113000 3.075000 0.000000
3.188000 3.075000 0.000000
3.263000 3.075000 0.000000
3.338000 3.075000 0.000000
3.413000 3.075000 0.000000
3.488000 3.075000 0.000000
3.563000 3.075000 0.000000
3.638000 3.075000 0.000000
3.713000 3.075000 0.000000
3.788000 3.075000 0.000000
3.863000 3.075000 0.000000
-0.037500 3.225000 0.000000
0.037500 3.225000 0.000000
0.112500 3.225000 0.000000
0.187500 3.225000 0.000000
0.262500 3.225000 0.000000
0.337500 3.225000 0.000000
0.412500 3.225000 0.000000
0.487500 3.225000 0.000000
0.562500 3.225000 0.000000
0.637500 3.225000 0.000000
0.712500 3.225000 0.000000
0.787500 3.225000 0.000000
0.862500 3.225000 0.000000
0.937500 3.225000 0.000000
1.012000 3.225000 0.000000
1.087000 3.225000 0.000000
1.163000 3.225000 0.000000
1.238000 3.225000 0.000000
1.313000 3.225000 0.000000
1.388000 3.225000 0.000000
1.463000 3.225000 0.000000
1.538000 3.225000 0.000000
1.613000 3.225000 0.000000
1.688000 3.225000 0.000000
1.763000 3.225000 0.000000
1.838000 3.225000 0.000000
1.913000 3.225000 0.000000
1.988000 3.225000 0.000000
2.063000 3.225000 0.000000
2.138000 3.225000 0.000000
2.213000 3.225000 0.000000
2.288000 3.225000 0.000000
2.363000 3.225000 0.000000
2.438000 3.225000 0.000000
2.513000 3.225000 0.000000
2.588000 3.225000 0.000000
2.663000 3.225000 0.000000
2.738000 3.225000 0.000000
2.813000 3.225000 0.000000
2.888000 3.225000 0.000000
2.963000 3.225000 0.000000
3.038000 3.225000 0.000000
3.113000 3.225000 0.000000
3.188000 3.225000 0.000000
3.263000 3.225000 0.000000
3.338000 3.225000 0.000000
3.413000 3.225000 0.000000
3.488000 3.225000 0.000000
3.563000 3.225000 0.000000
3.638000 3.225000 0.000000
3.713000 3.225000 0.000000
3.788000 3.225000 0.000000
3.863000 3.225000 0.000000
-0.037500 3.375000 0.000000
0.037500 3.375000 0.000000
0.112500 3.375000 0.000000
0.187500 3.375000 0.000000
0.262500 3.375000 0.000000
0.337500 3.375000 0.000000
0.412500 3.375000 0.000000
0.487500 3.375000 0.000000
0.562500 3.375000 0.000000
0.637500 3.375000 0.000000
0.712500 3.375000 0.000000
0.787500 3.375000 0.000000
0.862500 3.375000 0.000000
0.937500 3.375000 0.000000
1.012000 3.375000 0.000000
1.087000 3.375000 0.000000
1.163000 3.375000 0.000000
1.238000 3.375000 0.000000
1.313000 3.375000 0.000000
1.388000 3.375000 0.000000
1.463000 3.375000 0.000000
1.538000 3.375000 0.000000
1.613000 3.375000 0.000000
1.688000 3.375000 0.000000
1.763000 3.375000 0.000000
1.838000 3.375000 0.000000
1.913000 3.375000 0.000000
1.988000 3.375000 0.000000
2.063000 3.375000 0.000000
2.138000 3.375000 0.000000
2.213000 3.375000 0.000000
2.288000 3.375000 0.000000
2.363000 3.375000 0.000000
2.438000 3.375000 0.000000
2.513000 3.375000 0.000000
2.588000 3.375000 0.000000
2.663000 3.375000 0.000000
2.738000 3.375000 0.000000
2.813000 3.375000 0.000000
2.888000 3.375000 0.000000
2.963000 3.375000 0.000000
3.038000 3.375000 0.000000
3.113000 3.375000 0.000000
3.188000 3.375000 0.000000
3.263000 3.375000 0.000000
3.338000 3.375000 0.000000
3.413000 3.375000 0.000000
3.488000 3.375000 0.000000
3.563000 3.375000 0.000000
3.638000 3.375000 0.000000
3.713000 3.375000 0.000000
3.788000 3.375000 0.000000
3.863000 3.375000 0.000000
-0.037500 3.525000 0.000000
0.037500 3.525000 0.000000
0.112500 3.525000 0.000000
0.187500 3.525000 0.000000
0.262500 3.525000 0.000000
0.337500 3.525000 0.000000
0.412500 3.525000 0.000000
0.487500 3.525000 0.000000
0.562500 3.525000 0.000000
0.637500 3.525000 0.000000
0.712500 3.525000 0.000000
0.787500 3.525000 0.000000
0.862500 3.525000 0.000000
0.937500 3.525000 0.000000
1.012000 3.525000 0.000000
1.087000 3.525000 0.000000
1.163000 3.525000 0.000000
1.238000 3.525000 0.000000
1.313000 3.525000 0.000000
1.388000 3.525000 0.000000
1.463000 3.525000 0.000000
1.538000 3.525000 0.000000
1.613000 3.525000 0.000000
1.688000 3.525000 0.000000
1.763000 3.525000 0.000000
1.838000 3.525000 0.000000
1.913000 3.525000 0.000000
1.988000 3.525000 0.000000
2.063000 3.525000 0.000000
2.138000 3.525000 0.000000
2.213000 3.525000 0.000000
2.288000 3.525000 0.000000
2.363000 3.525000 0.000000
2.438000 3.525000 0.000000
2.513000 3.525000 0.000000
2.588000 3.525000 0.000000
2.663000 3.525000 0.000000
2.738000 3.525000 0.000000
2.813000 3.525000 0.000000
2.888000 3.525000 0.000000
2.963000 3.525000 0.000000
3.038000 3.525000 0.000000
3.113000 3.525000 0.000000
3.188000 3.525000 0.000000
3.263000 3.525000 0.000000
3.338000 3.525000 0.000000
3.413000 3.525000 0.000000
3.488000 3.525000 0.000000
3.563000 3.525000 0.000000
3.638000 3.525000 0.000000
3.713000 3.525000 0.000000
3.788000 3.525000 0.000000
3.863000 3.525000 0.000000
-0.037500 3.675000 0.000000
0.037500 3.675000 0.000000
0.112500 3.675000 0.000000
0.187500 3.675000 0.000000
0.262500 3.675000 0.000000
0.337500 3.675000 0.000000
0.412500 3.675000 0.000000
0.487500 3.675000 0.000000
0.562500 3.675000 0.000000
0.637500 3.675000 0.000000
0.712500 3.675000 0.000000
0.787500 3.675000 0.000000
0.862500 3.675000 0.000000
0.937500 3.675000 0.000000
1.012000 3.675000 0.000000
1.087000 3.675000 0.000000
1.163000 3.675000 0.000000
1.238000 3.675000 0.000000
1.313000 3.675000 0.000000
1.388000 3.675000 0.000000
1.463000 3.675000 0.000000
1.538000 3.675000 0.000000
1.613000 3.675000 0.000000
1.688000 3.675000 0.000000
1.763000 3.675000 0.000000
1.838000 3.675000 0.000000
1.913000 3.675000 0.000000
1.988000 3.675000 0.000000
2.063000 3.675000 0.000000
2.138000 3.675000 0.000000
2.213000 3.675000 0.000000
2.288000 3.675000 0.000000
2.363000 3.675000 0.000000
2.438000 3.675000 0.000000
2.513000 3.675000 0.000000
2.588000 3.675000 0.000000
2.663000 3.675000 0.000000
2.738000 3.675000 0.000000
2.813000 3.675000 0.000000
2.888000 3.675000 0.000000
2.963000 3.675000 0.000000
3.038000 3.675000 0.000000
3.113000 3.675000 0.000000
3.188000 3.675000 0.000000
3.263000 3.675000 0.000000
3.338000 3.675000 0.000000
3.413000 3.675000 0.000000
3.488000 3.675000 0.000000
3.563000 3.675000 0.000000
3.638000 3.675000 0.000000
3.713000 3.675000 0.000000
3.788000 3.675000 0.000000
3.863000 3.675000 0.000000
-0.037500 3.825000 0.000000
0.037500 3.825000 0.000000
0.112500 3.825000 0.000000
0.187500 3.825000 0.000000
0.262500 3.825000 0.000000
0.337500 3.825000 0.000000
0.412500 3.825000 0.000000
0.487500 3.825000 0.000000
0.562500 3.825000 0.000000
0.637500 3.825000 0.000000
0.712500 3.825000 0.000000
0.787500 3.825000 0.000000
0.862500 3.825000 0.000000
0.937500 3.825000 0.000000
1.012000 3.825000 0.000000
1.087000 3.825000 0.000000
1.163000 3.825000 0.000000
1.238000 3.825000 0.000000
1.313000 3.825000 0.000000
1.388000 3.825000 0.000000
1.463000 3.825000 0.000000
1.538000 3.825000 0.000000
1.613000 3.825000 0.000000
1.688000 3.825000 0.000000
1.763000 3.825000 0.000000
1.838000 3.825000 0.000000
1.913000 3.825000 0.000000
1.988000 3.825000 0.000000
2.063000 3.825000 0.000000
2.138000 3.825000 0.000000
2.213000 3.825000 0.000000
2.288000 3.825000 0.000000
2.363000 3.825000 0.000000
2.438000 3.825000 0.000000
2.513000 3.825000 0.000000
2.588000 3.825000 0.000000
2.663000 3.825000 0.000000
2.738000 3.825000 0.000000
2.813000 3.825000 0.000000
2.888000 3.825000 0.000000
2.963000 3.825000 0.000000
3.038000 3.825000 0.000000
3.113000 3.825000 0.000000
3.188000 3.825000 0.000000
3.263000 3.825000 0.000000
3.338000 3.825000 0.000000
3.413000 3.825000 0.000000
3.488000 3.825000 0.000000
3.563000 3.825000 0.000000
3.638000 3.825000 0.000000
3.713000 3.825000 0.000000
3.788000 3.825000 0.000000
3.863000 3.825000 0.000000
-0.037500 3.975000 0.000000
0.037500 3.975000 0.000000
0.112500 3.975000 0.000000
0.187500 3.975000 0.000000
0.262500 3.975000 0.000000
0.337500 3.975000 0.000000
0.412500 3.975000 0.000000
0.487500 3.975000 0.000000
0.562500 3.975000 0.000000
0.637500 3.975000 0.000000
0.712500 3.975000 0.000000
0.787500 3.975000 0.000000
0.862500 3.975000 0.000000
0.937500 3.975000 0.000000
1.012000 3.975000 0.000000
1.087000 3.975000 0.000000
1.163000 3.975000 0.000000
1.238000 3.975000 0.000000
1.313000 3.975000 0.000000
1.388000 3.975000 0.000000
1.463000 3.975000 0.000000
1.538000 3.975000 0.000000
1.613000 3.975000 0.000000
1.688000 3.975000 0.000000
1.763000 3.975000 0.000000
1.838000 3.975000 0.000000
1.913000 3.975000 0.000000
1.988000 3.975000 0.000000
2.063000 3.975000 0.000000
2.138000 3.975000 0.000000
2.213000 3.975000 0.000000
2.288000 3.975000 0.000000
2.363000 3.975000 0.000000
2.438000 3.975000 0.000000
2.513000 3.975000 0.000000
2.588000 3.975000 0.000000
2.663000 3.975000 0.000000
2.738000 3.975000 0.000000
2.813000 3.975000 0.000000
2.888000 3.975000 0.000000
2.963000 3.975000 0.000000
3.038000 3.975000 0.000000
3.113000 3.975000 0.000000
3.188000 3.975000 0.000000
3.263000 3.975000 0.000000
3.338000 3.975000 0.000000
3.413000 3.975000 0.000000
3.488000 3.975000 0.000000
3.563000 3.975000 0.000000
3.638000 3.975000 0.000000
3.713000 3.975000 0.000000
3.788000 3.975000 0.000000
3.863000 3.975000 0.000000
-0.037500 4.125000 0.000000
0.037500 4.125000 0.000000
0.112500 4.125000 0.000000
0.187500 4.125000 0.000000
0.262500 4.125000 0.000000
0.337500 4.125000 0.000000
0.412500 4.125000 0.000000
0.487500 4.125000 0.000000
0.562500 4.125000 0.000000
0.637500 4.125000 0.000000
0.712500 4.125000 0.000000
0.787500 4.125000 0.000000
0.862500 4.125000 0.000000
0.937500 4.125000 0.000000
1.012000 4.125000 0.000000
1.087000 4.125000 0.000000
1.163000 4.125000 0.000000
1.238000 4.125000 0.000000
1.313000 4.125000 0.000000
1.388000 4.125000 0.000000
1.463000 4.125000 0.000000
1.538000 4.125000 0.000000
1.613000 4.125000 0.000000
1.688000 4.125000 0.000000
1.763000 4.125000 0.000000
1.838000 4.125000 0.000000
1.913000 4.125000 0.000000
1.988000 4.125000 0.000000
2.063000 4.125000 0.000000
2.138000 4.125000 0.000000
2.213000 4.125000 0.000000
2.288000 4.125000 0.000000
2.363000 4.125000 0.000000
2.438000 4.125000 0.000000
2.513000 4.125000 0.000000
2.588000 4.125000 0.000000
2.663000 4.125000 0.000000
2.738000 4.125000 0.000000
2.813000 4.125000 0.000000
2.888000 4.125000 0.000000
2.963000 4.125000 0.000000
3.038000 4.125000 0.000000
3.113000 4.125000 0.000000
3.188000 4.125000 0.000000
3.263000 4.125000 0.000000
3.338000 4.125000 0.000000
3.413000 4.125000 0.000000
3.488000 4.125000 0.000000
3.563000 4.125000 0.000000
3.638000 4.125000 0.000000
3.713000 4.125000 0.000000
3.788000 4.125000 0.000000
3.863000 4.125000 0.000000
-0.037500 4.275000 0.000000
0.037500 4.275000 0.000000
0.112500 4.275000 0.000000
0.187500 4.275000 0.000000
0.262500 4.275000 0.000000
0.337500 4.275000 0.000000
0.412500 4.275000 0.000000
0.487500 4.275000 0.000000
0.562500 4.275000 0.000000
0.637500 4.275000 0.000000
0.712500 4.275000 0.000000
0.787500 4.275000 0.000000
0.862500 4.275000 0.000000
0.937500 4.275000 0.000000
1.012000 4.275000 0.000000
1.087000 4.275000 0.000000
1.163000 4.275000 0.000000
1.238000 4.275000 0.000000
1.313000 4.275000 0.000000
1.388000 4.275000 0.000000
1.463000 4.275000 0.000000
1.538000 4.275000 0.000000
1.613000 4.275000 0.000000
1.688000 4.275000 0.000000
1.763000 4.275000 0.000000
1.838000 4.275000 0.000000
1.913000 4.275000 0.000000
1.988000 4.275000 0.000000
2.063000 4.275000 0.000000
2.138000 4.275000 0.000000
2.213000 4.275000 0.000000
2.288000 4.275000 0.000000
2.363000 4.275000 0.000000
2.438000 4.275000 0.000000
2.513000 4.275000 0.000000
2.588000 4.275000 0.000000
2.663000 4.275000 0.000000
2.738000 4.275000 0.000000
2.813000 4.275000 0.000000
2.888000 4.275000 0.000000
2.963000 4.275000 0.000000
3.038000 4.275000 0.000000
3.113000 4.275000 0.000000
3.188000 4.275000 0.000000
3.263000 4.275000 0.000000
3.338000 4.275000 0.000000
3.413000 4.275000 0.000000
3.488000 4.275000 0.000000
3.563000 4.275000 0.000000
3.638000 4.275000 0.000000
3.713000 4.275000 0.000000
3.788000 4.275000 0.000000
3.863000 4.275000 0.000000
-0.037500 4.425000 0.000000
0.037500 4.425000 0.000000
0.112500 4.425000 0.000000
0.187500 4.425000 0.000000
0.262500 4.425000 0.000000
0.337500 4.425000 0.000000
0.412500 4.425000 0.000000
0.487500 4.425000 0.000000
0.562500 4.425000 0.000000
0.637500 4.425000 0.000000
0.712500 4.425000 0.000000
0.787500 4.425000 0.000000
0.862500 4.425000 0.000000
0.937500 4.425000 0.000000
1.012000 4.425000 0.000000
1.087000 4.425000 0.000000
1.163000 4.425000 0.000000
1.238000 4.425000 0.000000
1.313000 4.425000 0.000000
1.388000 4.425000 0.000000
1.463000 4.425000 0.000000
1.538000 4.425000 0.000000
1.613000 4.425000 0.000000
1.688000 4.425000 0.000000
1.763000 4.425000 0.000000
1.838000 4.425000 0.000000
1.913000 4.425000 0.000000
1.988000 4.425000 0.000000
2.063000 4.425000 0.000000
2.138000 4.425000 0.000000
2.213000 4.425000 0.000000
2.288000 4.425000 0.000000
2.363000 4.425000 0.000000
2.438000 4.425000 0.000000
2.513000 4.425000 0.000000
2.588000 4.425000 0.000000
2.663000 4.425000 0.000000
2.738000 4.425000 0.000000
2.813000 4.425000 0.000000
2.888000 4.425000 0.000000
2.963000 4.425000 0.000000
3.038000 4.425000 0.000000
3.113000 4.425000 0.000000
3.188000 4.425000 0.000000
3.263000 4.425000 0.000000
3.338000 4.425000 0.000000
3.413000 4.425000 0.000000
3.488000 4.425000 0.000000
3.563000 4.425000 0.000000
3.638000 4.425000 0.000000
3.713000 4.425000 0.000000
3.788000 4.425000 0.000000
3.863000 4.425000 0.000000
-0.037500 4.575000 0.000000
0.037500 4.575000 0.000000
0.112500 4.575000 0.000000
0.187500 4.575000 0.000000
0.262500 4.575000 0.000000
0.337500 4.575000 0.000000
0.412500 4.575000 0.000000
0.487500 4.575000 0.000000
0.562500 4.575000 0.000000
0.637500 4.575000 0.000000
0.712500 4.575000 0.000000
0.787500 4.575000 0.000000
0.862500 4.575000 0.000000
0.937500 4.575000 0.000000
1.012000 4.575000 0.000000
1.087000 4.575000 0.000000
1.163000 4.575000 0.000000
1.238000 4.575000 0.000000
1.313000 4.575000 0.000000
1.388000 4.575000 0.000000
1.463000 4.575000 0.000000
1.538000 4.575000 0.000000
1.613000 4.575000 0.000000
1.688000 4.575000 0.000000
1.763000 4.575000 0.000000
1.838000 4.575000 0.000000
1.913000 4.575000 0.000000
1.988000 4.575000 0.000000
2.063000 4.575000 0.000000
2.138000 4.575000 0.000000
2.213000 4.575000 0.000000
2.288000 4.575000 0.000000
2.363000 4.575000 0.000000
2.438000 4.575000 0.000000
2.513000 4.575000 0.000000
2.588000 4.575000 0.000000
2.663000 4.575000 0.000000
2.738000 4.575000 0.000000
2.813000 4.575000 0.000000
2.888000 4.575000 0.000000
2.963000 4.575000 0.000000
3.038000 4.575000 0.000000
3.113000 4.575000 0.000000
3.188000 4.575000 0.000000
3.263000 4.575000 0.000000
3.338000 4.575000 0.000000
3.413000 4.575000 0.000000
3.488000 4.575000 0.000000
3.563000 4.575000 0.000000
3.638000 4.575000 0.000000
3.713000 4.575000 0.000000
3.788000 4.575000 0.000000
3.863000 4.575000 0.000000
-0.037500 4.725000 0.000000
0.037500 4.725000 0.000000
0.112500 4.725000 0.000000
0.187500 4.725000 0.000000
0.262500 4.725000 0.000000
0.337500 4.725000 0.000000
0.412500 4.725000 0.000000
0.487500 4.725000 0.000000
0.562500 4.725000 0.000000
0.637500 4.725000 0.000000
0.712500 4.725000 0.000000
0.787500 4.725000 0.000000
0.862500 4.725000 0.000000
0.937500 4.725000 0.000000
1.012000 4.725000 0.000000
1.087000 4.725000 0.000000
1.163000 4.725000 0.000000
1.238000 4.725000 0.000000
1.313000 4.725000 0.000000
1.388000 4.725000 0.000000
1.463000 4.725000 0.000000
1.538000 4.725000 0.000000
1.613000 4.725000 0.000000
1.688000 4.725000 0.000000
1.763000 4.725000 0.000000
1.838000 4.725000 0.000000
1.913000 4.725000 0.000000
1.988000 4.725000 0.000000
2.063000 4.725000 0.000000
2.138000 4.725000 0.000000
2.213000 4.725000 0.000000
2.288000 4.725000 0.000000
2.363000 4.725000 0.000000
2.438000 4.725000 0.000000
2.513000 4.725000 0.000000
2.588000 4.725000 0.000000
2.663000 4.725000 0.000000
2.738000 4.725000 0.000000
2.813000 4.725000 0.000000
2.888000 4.725000 0.000000
2.963000 4.725000 0.000000
3.038000 4.725000 0.000000
3.113000 4.725000 0.000000
3.188000 4.725000 0.000000
3.263000 4.725000 0.000000
3.338000 4.725000 0.000000
3.413000 4.725000 0.000000
3.488000 4.725000 0.000000
3.563000 4.725000 0.000000
3.638000 4.725000 0.000000
3.713000 4.725000 0.000000
3.788000 4.725000 0.000000
3.863000 4.725000 0.000000
-0.037500 4.875000 0.000000
0.037500 4.875000 0.000000
0.112500 4.875000 0.000000
0.187500 4.875000 0.000000
0.262500 4.875000 0.000000
0.337500 4.875000 0.000000
0.412500 4.875000 0.000000
0.487500 4.875000 0.000000
0.562500 4.875000 0.000000
0.637500 4.875000 0.000000
0.712500 4.875000 0.000000
0.787500 4.875000 0.000000
0.862500 4.875000 0.000000
0.937500 4.875000 0.000000
1.012000 4.875000 0.000000
1.087000 4.875000 0.000000
1.163000 4.875000 0.000000
1.238000 4.875000 0.000000
1.313000 4.875000 0.000000
1.388000 4.875000 0.000000
1.463000 4.875000 0.000000
1.538000 4.875000 0.000000
1.613000 4.875000 0.000000
1.688000 4.875000 0.000000
1.763000 4.875000 0.000000
1.838000 4.875000 0.000000
1.913000 4.875000 0.000000
1.988000 4.875000 0.000000
2.063000 4.875000 0.000000
2.138000 4.875000 0.000000
2.213000 4.875000 0.000000
2.288000 4.875000 0.000000
2.363000 4.875000 0.000000
2.438000 4.875000 0.000000
2.513000 4.875000 0.000000
2.588000 4.875000 0.000000
2.663000 4.875000 0.000000
2.738000 4.875000 0.000000
2.813000 4.875000 0.000000
2.888000 4.875000 0.000000
2.963000 4.875000 0.000000
3.038000 4.875000 0.000000
3.113000 4.875000 0.000000
3.188000 4.875000 0.000000
3.263000 4.875000 0.000000
3.338000 4.875000 0.000000
3.413000 4.875000 0.000000
3.488000 4.875000 0.000000
3.563000 4.875000 0.000000
3.638000 4.875000 0.000000
3.713000 4.875000 0.000000
3.788000 4.875000 0.000000
3.863000 4.875000 0.000000
-0.037500 5.025000 0.000000
0.037500 5.025000 0.000000
0.112500 5.025000 0.000000
0.187500 5.025000 0.000000
0.262500 5.025000 0.000000
0.337500 5.025000 0.000000
0.412500 5.025000 0.000000
0.487500 5.025000 0.000000
0.562500 5.025000 0.000000
0.637500 5.025000 0.000000
0.712500 5.025000 0.000000
0.787500 5.025000 0.000000
0.862500 5.025000 0.000000
0.937500 5.025000 0.000000
1.012000 5.025000 0.000000
1.087000 5.025000 0.000000
1.163000 5.025000 0.000000
1.238000 5.025000 0.000000
1.313000 5.025000 0.000000
1.388000 5.025000 0.000000
1.463000 5.025000 0.000000
1.538000 5.025000 0.000000
1.613000 5.025000 0.000000
1.688000 5.025000 0.000000
1.763000 5.025000 0.000000
1.838000 5.025000 0.000000
1.913000 5.025000 0.000000
1.988000 5.025000 0.000000
2.063000 5.025000 0.000000
2.138000 5.025000 0.000000
2.213000 5.025000 0.000000
2.288000 5.025000 0.000000
2.363000 5.025000 0.000000
2.438000 5.025000 0.000000
2.513000 5.025000 0.000000
2.588000 5.025000 0.000000
2.663000 5.025000 0.000000
2.738000 5.025000 0.000000
2.813000 5.025000 0.000000
2.888000 5.025000 0.000000
2.963000 5.025000 0.000000
3.038000 5.025000 0.000000
3.113000 5.025000 0.000000
3.188000 5.025000 0.000000
3.263000 5.025000 0.000000
3.338000 5.025000 0.000000
3.413000 5.025000 0.000000
3.488000 5.025000 0.000000
3.563000 5.025000 0.000000
3.638000 5.025000 0.000000
3.713000 5.025000 0.000000
3.788000 5.025000 0.000000
3.863000 5.025000 0.000000
-0.037500 5.175000 0.000000
0.037500 5.175000 0.000000
0.112500 5.175000 0.000000
0.187500 5.175000 0.000000
0.262500 5.175000 0.000000
0.337500 5.175000 0.000000
0.412500 5.175000 0.000000
0.487500 5.175000 0.000000
0.562500 5.175000 0.000000
0.637500 5.175000 0.000000
0.712500 5.175000 0.000000
0.787500 5.175000 0.000000
0.862500 5.175000 0.000000
0.937500 5.175000 0.000000
1.012000 5.175000 0.000000
1.087000 5.175000 0.000000
1.163000 5.175000 0.000000
1.238000 5.175000 0.000000
1.313000 5.175000 0.000000
1.388000 5.175000 0.000000
1.463000 5.175000 0.000000
1.538000 5.175000 0.000000
1.613000 5.175000 0.000000
1.688000 5.175000 0.000000
1.763000 5.175000 0.000000
1.838000 5.175000 0.000000
1.913000 5.175000 0.000000
1.988000 5.175000 0.000000
2.063000 5.175000 0.000000
2.138000 5.175000 0.000000
2.213000 5.175000 0.000000
2.288000 5.175000 0.000000
2.363000 5.175000 0.000000
2.438000 5.175000 0.000000
2.513000 5.175000 0.000000
2.588000 5.175000 0.000000
2.663000 5.175000 0.000000
2.738000 5.175000 0.000000
2.813000 5.175000 0.000000
2.888000 5.175000 0.000000
2.963000 5.175000 0.000000
3.038000 5.175000 0.000000
3.113000 5.175000 0.000000
3.188000 5.175000 0.000000
3.263000 5.175000 0.000000
3.338000 5.175000 0.000000
3.413000 5.175000 0.000000
3.488000 5.175000 0.000000
3.563000 5.175000 0.000000
3.638000 5.175000 0.000000
3.713000 5.175000 0.000000
3.788000 5.175000 0.000000
3.863000 5.175000 0.000000
