-0.037500 -0.075000 0.000000
0.037500 -0.075000 0.000000
0.112500 -0.075000 0.000000
0.187500 -0.075000 0.000000
0.262500 -0.075000 0.000000
0.337500 -0.075000 0.000000
0.412500 -0.075000 0.000000
0.487500 -0.075000 0.000000
0.562500 -0.075000 0.000000
0.637500 -0.075000 0.000000
0.712500 -0.075000 0.000000
0.787500 -0.075000 0.000000
0.862500 -0.075000 0.000000
0.937500 -0.075000 0.000000
1.012000 -0.075000 0.000000
1.087000 -0.075000 0.000000
1.163000 -0.075000 0.000000
1.238000 -0.075000 0.000000
1.313000 -0.075000 0.000000
1.388000 -0.075000 0.000000
1.463000 -0.075000 0.000000
1.538000 -0.075000 0.000000
1.613000 -0.075000 0.000000
1.688000 -0.075000 0.000000
1.763000 -0.075000 0.000000
1.838000 -0.075000 0.000000
1.913000 -0.075000 0.000000
1.988000 -0.075000 0.000000
2.063000 -0.075000 0.000000
2.138000 -0.075000 0.000000
2.213000 -0.075000 0.000000
2.288000 -0.075000 0.000000
2.363000 -0.075000 0.000000
2.438000 -0.075000 0.000000
2.513000 -0.075000 0.000000
2.588000 -0.075000 0.000000
2.663000 -0.075000 0.000000
2.738000 -0.075000 0.000000
2.813000 -0.075000 0.000000
2.888000 -0.075000 0.000000
2.963000 -0.075000 0.000000
3.038000 -0.075000 0.000000
3.113000 -0.075000 0.000000
3.188000 -0.075000 0.000000
3.263000 -0.075000 0.000000
3.338000 -0.075000 0.000000
3.413000 -0.075000 0.000000
3.488000 -0.075000 0.000000
3.563000 -0.075000 0.000000
3.638000 -0.075000 0.000000
3.713000 -0.075000 0.000000
3.788000 -0.075000 0.000000
3.863000 -0.075000 0.000000
-0.037500 0.075000 0.000000
0.037500 0.075000 0.024350
0.112500 0.075000 0.048710
0.187500 0.075000 0.073060
0.262500 0.075000 0.097410
0.337500 0.075000 0.121700
0.412500 0.075000 0.146100
0.487500 0.075000 0.170400
0.562500 0.075000 0.194600
0.637500 0.075000 0.218800
0.712500 0.075000 0.242800
0.787500 0.075000 0.266600
0.862500 0.075000 0.290300
0.937500 0.075000 0.313600
1.012000 0.075000 0.336500
1.087000 0.075000 0.358900
1.163000 0.075000 0.380600
1.238000 0.075000 0.401400
1.313000 0.075000 0.421100
1.388000 0.075000 0.439600
1.463000 0.075000 0.456500
1.538000 0.075000 0.471600
1.613000 0.075000 0.484600
1.688000 0.075000 0.495300
1.763000 0.075000 0.503400
1.838000 0.075000 0.508800
1.913000 0.075000 0.511400
1.988000 0.075000 0.511200
2.063000 0.075000 0.508300
2.138000 0.075000 0.502900
2.213000 0.075000 0.495200
2.288000 0.075000 0.485600
2.363000 0.075000 0.474400
2.438000 0.075000 0.462000
2.513000 0.075000 0.448600
2.588000 0.075000 0.434600
2.663000 0.075000 0.420300
2.738000 0.075000 0.405800
2.813000 0.075000 0.391400
2.888000 0.075000 0.377100
2.963000 0.075000 0.363200
3.038000 0.075000 0.349600
3.113000 0.075000 0.336400
3.188000 0.075000 0.323700
3.263000 0.075000 0.311500
3.338000 0.075000 0.299800
3.413000 0.075000 0.288600
3.488000 0.075000 0.277900
3.563000 0.075000 0.267600
3.638000 0.075000 0.257900
3.713000 0.075000 0.248600
3.788000 0.075000 0.239700
3.863000 0.075000 0.000000
-0.037500 0.225000 0.000000
0.037500 0.225000 0.024350
0.112500 0.225000 0.048710
0.187500 0.225000 0.073060
0.262500 0.225000 0.097410
0.337500 0.225000 0.121700
0.412500 0.225000 0.146100
0.487500 0.225000 0.170400
0.562500 0.225000 0.194600
0.637500 0.225000 0.218800
0.712500 0.225000 0.242800
0.787500 0.225000 0.266600
0.862500 0.225000 0.290300
0.937500 0.225000 0.313600
1.012000 0.225000 0.336500
1.087000 0.225000 0.358900
1.163000 0.225000 0.380600
1.238000 0.225000 0.401400
1.313000 0.225000 0.421100
1.388000 0.225000 0.439600
1.463000 0.225000 0.456500
1.538000 0.225000 0.471600
1.613000 0.225000 0.484600
1.688000 0.225000 0.495300
1.763000 0.225000 0.503400
1.838000 0.225000 0.508800
1.913000 0.225000 0.511400
1.988000 0.225000 0.511200
2.063000 0.225000 0.508300
2.138000 0.225000 0.502900
2.213000 0.225000 0.495200
2.288000 0.225000 0.485600
2.363000 0.225000 0.474400
2.438000 0.225000 0.462000
2.513000 0.225000 0.448600
2.588000 0.225000 0.434600
2.663000 0.225000 0.420300
2.738000 0.225000 0.405800
2.813000 0.225000 0.391400
2.888000 0.225000 0.377100
2.963000 0.225000 0.363200
3.038000 0.225000 0.349600
3.113000 0.225000 0.336400
3.188000 0.225000 0.323700
3.263000 0.225000 0.311500
3.338000 0.225000 0.299800
3.413000 0.225000 0.288600
3.488000 0.225000 0.277900
3.563000 0.225000 0.267600
3.638000 0.225000 0.257900
3.713000 0.225000 0.248600
3.788000 0.225000 0.239700
3.863000 0.225000 0.000000
-0.037500 0.375000 0.000000
0.037500 0.375000 0.059660
0.112500 0.375000 0.065430
0.187500 0.375000 0.074360
0.262500 0.375000 0.085240
0.337500 0.375000 0.097360
0.412500 0.375000 0.110300
0.487500 0.375000 0.123700
0.562500 0.375000 0.137500
0.637500 0.375000 0.151600
0.712500 0.375000 0.165700
0.787500 0.375000 0.179800
0.862500 0.375000 0.193800
0.937500 0.375000 0.207700
1.012000 0.375000 0.221400
1.087000 0.375000 0.234700
1.163000 0.375000 0.247600
1.238000 0.375000 0.259900
1.313000 0.375000 0.271500
1.388000 0.375000 0.282300
1.463000 0.375000 0.292100
1.538000 0.375000 0.300800
1.613000 0.375000 0.308300
1.688000 0.375000 0.314300
1.763000 0.375000 0.318900
1.838000 0.375000 0.321900
1.913000 0.375000 0.323300
1.988000 0.375000 0.323200
2.063000 0.375000 0.321500
2.138000 0.375000 0.318400
2.213000 0.375000 0.313900
2.288000 0.375000 0.308400
2.363000 0.375000 0.301900
2.438000 0.375000 0.294600
2.513000 0.375000 0.286700
2.588000 0.375000 0.278400
2.663000 0.375000 0.269800
2.738000 0.375000 0.261100
2.813000 0.375000 0.252400
2.888000 0.375000 0.243700
2.963000 0.375000 0.235100
3.038000 0.375000 0.226800
3.113000 0.375000 0.218700
3.188000 0.375000 0.210800
3.263000 0.375000 0.203300
3.338000 0.375000 0.196200
3.413000 0.375000 0.189400
3.488000 0.375000 0.183100
3.563000 0.375000 0.177400
3.638000 0.375000 0.172300
3.713000 0.375000 0.168200
3.788000 0.375000 0.165700
3.863000 0.375000 0.000000
-0.037500 0.525000 0.000000
0.037500 0.525000 0.058230
0.112500 0.525000 0.060100
0.187500 0.525000 0.063480
0.262500 0.525000 0.068020
0.337500 0.525000 0.073440
0.412500 0.525000 0.079500
0.487500 0.525000 0.086040
0.562500 0.525000 0.092930
0.637500 0.525000 0.100100
0.712500 0.525000 0.107300
0.787500 0.525000 0.114700
0.862500 0.525000 0.122100
0.937500 0.525000 0.129400
1.012000 0.525000 0.136600
1.087000 0.525000 0.143600
1.163000 0.525000 0.150400
1.238000 0.525000 0.156800
1.313000 0.525000 0.162900
1.388000 0.525000 0.168500
1.463000 0.525000 0.173600
1.538000 0.525000 0.178000
1.613000 0.525000 0.181800
1.688000 0.525000 0.184900
1.763000 0.525000 0.187200
1.838000 0.525000 0.188700
1.913000 0.525000 0.189400
1.988000 0.525000 0.189200
2.063000 0.525000 0.188300
2.138000 0.525000 0.186700
2.213000 0.525000 0.184400
2.288000 0.525000 0.181500
2.363000 0.525000 0.178100
2.438000 0.525000 0.174200
2.513000 0.525000 0.170000
2.588000 0.525000 0.165600
2.663000 0.525000 0.161000
2.738000 0.525000 0.156300
2.813000 0.525000 0.151500
2.888000 0.525000 0.146800
2.963000 0.525000 0.142100
3.038000 0.525000 0.137500
3.113000 0.525000 0.133000
3.188000 0.525000 0.128800
3.263000 0.525000 0.124700
3.338000 0.525000 0.120900
3.413000 0.525000 0.117300
3.488000 0.525000 0.114100
3.563000 0.525000 0.111300
3.638000 0.525000 0.108900
3.713000 0.525000 0.107200
3.788000 0.525000 0.106300
3.863000 0.525000 0.000000
-0.037500 0.675000 0.000000
0.037500 0.675000 0.053880
0.112500 0.675000 0.054600
0.187500 0.675000 0.055980
0.262500 0.675000 0.057960
0.337500 0.675000 0.060440
0.412500 0.675000 0.063350
0.487500 0.675000 0.066600
0.562500 0.675000 0.070130
0.637500 0.675000 0.073860
0.712500 0.675000 0.077740
0.787500 0.675000 0.081710
0.862500 0.675000 0.085720
0.937500 0.675000 0.089720
1.012000 0.675000 0.093670
1.087000 0.675000 0.097530
1.163000 0.675000 0.101200
1.238000 0.675000 0.104800
1.313000 0.675000 0.108100
1.388000 0.675000 0.111100
1.463000 0.675000 0.113800
1.538000 0.675000 0.116200
1.613000 0.675000 0.118200
1.688000 0.675000 0.119800
1.763000 0.675000 0.121000
1.838000 0.675000 0.121700
1.913000 0.675000 0.122000
1.988000 0.675000 0.121900
2.063000 0.675000 0.121400
2.138000 0.675000 0.120500
2.213000 0.675000 0.119200
2.288000 0.675000 0.117600
2.363000 0.675000 0.115700
2.438000 0.675000 0.113500
2.513000 0.675000 0.111200
2.588000 0.675000 0.108700
2.663000 0.675000 0.106000
2.738000 0.675000 0.103300
2.813000 0.675000 0.100600
2.888000 0.675000 0.097810
2.963000 0.675000 0.095090
3.038000 0.675000 0.092430
3.113000 0.675000 0.089860
3.188000 0.675000 0.087400
3.263000 0.675000 0.085090
3.338000 0.675000 0.082940
3.413000 0.675000 0.081010
3.488000 0.675000 0.079300
3.563000 0.675000 0.077860
3.638000 0.675000 0.076720
3.713000 0.675000 0.075930
3.788000 0.675000 0.075520
3.863000 0.675000 0.000000
-0.037500 0.825000 0.000000
0.037500 0.825000 0.049020
0.112500 0.825000 0.049460
0.187500 0.825000 0.050340
0.262500 0.825000 0.051620
0.337500 0.825000 0.053260
0.412500 0.825000 0.055210
0.487500 0.825000 0.057420
0.562500 0.825000 0.059850
0.637500 0.825000 0.062450
0.712500 0.825000 0.065180
0.787500 0.825000 0.067990
0.862500 0.825000 0.070840
0.937500 0.825000 0.073690
1.012000 0.825000 0.076510
1.087000 0.825000 0.079270
1.163000 0.825000 0.081920
1.238000 0.825000 0.084440
1.313000 0.825000 0.086790
1.388000 0.825000 0.088940
1.463000 0.825000 0.090860
1.538000 0.825000 0.092540
1.613000 0.825000 0.093950
1.688000 0.825000 0.095070
1.763000 0.825000 0.095890
1.838000 0.825000 0.096400
1.913000 0.825000 0.096600
1.988000 0.825000 0.096500
2.063000 0.825000 0.096100
2.138000 0.825000 0.095420
2.213000 0.825000 0.094480
2.288000 0.825000 0.093300
2.363000 0.825000 0.091920
2.438000 0.825000 0.090350
2.513000 0.825000 0.088620
2.588000 0.825000 0.086780
2.663000 0.825000 0.084850
2.738000 0.825000 0.082850
2.813000 0.825000 0.080820
2.888000 0.825000 0.078790
2.963000 0.825000 0.076780
3.038000 0.825000 0.074810
3.113000 0.825000 0.072920
3.188000 0.825000 0.071110
3.263000 0.825000 0.069430
3.338000 0.825000 0.067880
3.413000 0.825000 0.066500
3.488000 0.825000 0.065300
3.563000 0.825000 0.064310
3.638000 0.825000 0.063530
3.713000 0.825000 0.063000
3.788000 0.825000 0.062730
3.863000 0.825000 0.000000
-0.037500 0.975000 0.000000
0.037500 0.975000 0.043460
0.112500 0.975000 0.043770
0.187500 0.975000 0.044370
0.262500 0.975000 0.045250
0.337500 0.975000 0.046390
0.412500 0.975000 0.047760
0.487500 0.975000 0.049330
0.562500 0.975000 0.051060
0.637500 0.975000 0.052930
0.712500 0.975000 0.054900
0.787500 0.975000 0.056940
0.862500 0.975000 0.059020
0.937500 0.975000 0.061100
1.012000 0.975000 0.063170
1.087000 0.975000 0.065190
1.163000 0.975000 0.067130
1.238000 0.975000 0.068970
1.313000 0.975000 0.070690
1.388000 0.975000 0.072260
1.463000 0.975000 0.073660
1.538000 0.975000 0.074880
1.613000 0.975000 0.075900
1.688000 0.975000 0.076710
1.763000 0.975000 0.077290
1.838000 0.975000 0.077650
1.913000 0.975000 0.077780
1.988000 0.975000 0.077690
2.063000 0.975000 0.077380
2.138000 0.975000 0.076870
2.213000 0.975000 0.076160
2.288000 0.975000 0.075280
2.363000 0.975000 0.074240
2.438000 0.975000 0.073060
2.513000 0.975000 0.071770
2.588000 0.975000 0.070380
2.663000 0.975000 0.068920
2.738000 0.975000 0.067420
2.813000 0.975000 0.065890
2.888000 0.975000 0.064350
2.963000 0.975000 0.062840
3.038000 0.975000 0.061350
3.113000 0.975000 0.059930
3.188000 0.975000 0.058580
3.263000 0.975000 0.057320
3.338000 0.975000 0.056180
3.413000 0.975000 0.055170
3.488000 0.975000 0.054300
3.563000 0.975000 0.053590
3.638000 0.975000 0.053040
3.713000 0.975000 0.052670
3.788000 0.975000 0.052480
3.863000 0.975000 0.000000
-0.037500 1.125000 0.000000
0.037500 1.125000 0.038160
0.112500 1.125000 0.038390
0.187500 1.125000 0.038840
0.262500 1.125000 0.039510
0.337500 1.125000 0.040360
0.412500 1.125000 0.041390
0.487500 1.125000 0.042580
0.562500 1.125000 0.043900
0.637500 1.125000 0.045330
0.712500 1.125000 0.046830
0.787500 1.125000 0.048400
0.862500 1.125000 0.050000
0.937500 1.125000 0.051610
1.012000 1.125000 0.053210
1.087000 1.125000 0.054770
1.163000 1.125000 0.056270
1.238000 1.125000 0.057690
1.313000 1.125000 0.059020
1.388000 1.125000 0.060230
1.463000 1.125000 0.061310
1.538000 1.125000 0.062250
1.613000 1.125000 0.063030
1.688000 1.125000 0.063640
1.763000 1.125000 0.064090
1.838000 1.125000 0.064350
1.913000 1.125000 0.064450
1.988000 1.125000 0.064370
2.063000 1.125000 0.064120
2.138000 1.125000 0.063710
2.213000 1.125000 0.063150
2.288000 1.125000 0.062460
2.363000 1.125000 0.061640
2.438000 1.125000 0.060710
2.513000 1.125000 0.059690
2.588000 1.125000 0.058600
2.663000 1.125000 0.057450
2.738000 1.125000 0.056260
2.813000 1.125000 0.055050
2.888000 1.125000 0.053840
2.963000 1.125000 0.052640
3.038000 1.125000 0.051470
3.113000 1.125000 0.050350
3.188000 1.125000 0.049290
3.263000 1.125000 0.048300
3.338000 1.125000 0.047410
3.413000 1.125000 0.046630
3.488000 1.125000 0.045960
3.563000 1.125000 0.045420
3.638000 1.125000 0.045010
3.713000 1.125000 0.044730
3.788000 1.125000 0.044590
3.863000 1.125000 0.000000
-0.037500 1.275000 0.000000
0.037500 1.275000 0.028820
0.112500 1.275000 0.028980
0.187500 1.275000 0.029300
0.262500 1.275000 0.029750
0.337500 1.275000 0.030340
0.412500 1.275000 0.031040
0.487500 1.275000 0.031860
0.562500 1.275000 0.032770
0.637500 1.275000 0.033750
0.712500 1.275000 0.034790
0.787500 1.275000 0.035880
0.862500 1.275000 0.036990
0.937500 1.275000 0.038100
1.012000 1.275000 0.039210
1.087000 1.275000 0.040290
1.163000 1.275000 0.041340
1.238000 1.275000 0.042330
1.313000 1.275000 0.043250
1.388000 1.275000 0.044090
1.463000 1.275000 0.044840
1.538000 1.275000 0.045490
1.613000 1.275000 0.046030
1.688000 1.275000 0.046450
1.763000 1.275000 0.046750
1.838000 1.275000 0.046940
1.913000 1.275000 0.047000
1.988000 1.275000 0.046940
2.063000 1.275000 0.046760
2.138000 1.275000 0.046470
2.213000 1.275000 0.046080
2.288000 1.275000 0.045580
2.363000 1.275000 0.045010
2.438000 1.275000 0.044350
2.513000 1.275000 0.043630
2.588000 1.275000 0.042860
2.663000 1.275000 0.042050
2.738000 1.275000 0.041220
2.813000 1.275000 0.040360
2.888000 1.275000 0.039510
2.963000 1.275000 0.038660
3.038000 1.275000 0.037840
3.113000 1.275000 0.037050
3.188000 1.275000 0.036310
3.263000 1.275000 0.035620
3.338000 1.275000 0.035000
3.413000 1.275000 0.034450
3.488000 1.275000 0.033990
3.563000 1.275000 0.033610
3.638000 1.275000 0.033330
3.713000 1.275000 0.033140
3.788000 1.275000 0.033040
3.863000 1.275000 0.000000
-0.037500 1.425000 0.000000
0.037500 1.425000 0.019180
0.112500 1.425000 0.019270
0.187500 1.425000 0.019450
0.262500 1.425000 0.019720
0.337500 1.425000 0.020070
0.412500 1.425000 0.020490
0.487500 1.425000 0.020970
0.562500 1.425000 0.021510
0.637500 1.425000 0.022090
0.712500 1.425000 0.022710
0.787500 1.425000 0.023360
0.862500 1.425000 0.024020
0.937500 1.425000 0.024690
1.012000 1.425000 0.025360
1.087000 1.425000 0.026010
1.163000 1.425000 0.026630
1.238000 1.425000 0.027220
1.313000 1.425000 0.027780
1.388000 1.425000 0.028280
1.463000 1.425000 0.028730
1.538000 1.425000 0.029110
1.613000 1.425000 0.029440
1.688000 1.425000 0.029690
1.763000 1.425000 0.029870
1.838000 1.425000 0.029970
1.913000 1.425000 0.030010
1.988000 1.425000 0.029960
2.063000 1.425000 0.029850
2.138000 1.425000 0.029670
2.213000 1.425000 0.029430
2.288000 1.425000 0.029130
2.363000 1.425000 0.028780
2.438000 1.425000 0.028380
2.513000 1.425000 0.027940
2.588000 1.425000 0.027470
2.663000 1.425000 0.026970
2.738000 1.425000 0.026460
2.813000 1.425000 0.025940
2.888000 1.425000 0.025420
2.963000 1.425000 0.024900
3.038000 1.425000 0.024400
3.113000 1.425000 0.023920
3.188000 1.425000 0.023470
3.263000 1.425000 0.023050
3.338000 1.425000 0.022670
3.413000 1.425000 0.022340
3.488000 1.425000 0.022060
3.563000 1.425000 0.021830
3.638000 1.425000 0.021660
3.713000 1.425000 0.021540
3.788000 1.425000 0.021480
3.863000 1.425000 0.000000
-0.037500 1.575000 0.000000
0.037500 1.575000 0.012600
0.112500 1.575000 0.012660
0.187500 1.575000 0.012760
0.262500 1.575000 0.012920
0.337500 1.575000 0.013120
0.412500 1.575000 0.013370
0.487500 1.575000 0.013660
0.562500 1.575000 0.013970
0.637500 1.575000 0.014320
0.712500 1.575000 0.014690
0.787500 1.575000 0.015070
0.862500 1.575000 0.015470
0.937500 1.575000 0.015870
1.012000 1.575000 0.016260
1.087000 1.575000 0.016650
1.163000 1.575000 0.017020
1.238000 1.575000 0.017370
1.313000 1.575000 0.017700
1.388000 1.575000 0.018000
1.463000 1.575000 0.018270
1.538000 1.575000 0.018500
1.613000 1.575000 0.018690
1.688000 1.575000 0.018830
1.763000 1.575000 0.018940
1.838000 1.575000 0.019000
1.913000 1.575000 0.019020
1.988000 1.575000 0.018990
2.063000 1.575000 0.018920
2.138000 1.575000 0.018810
2.213000 1.575000 0.018660
2.288000 1.575000 0.018480
2.363000 1.575000 0.018260
2.438000 1.575000 0.018020
2.513000 1.575000 0.017750
2.588000 1.575000 0.017470
2.663000 1.575000 0.017170
2.738000 1.575000 0.016860
2.813000 1.575000 0.016540
2.888000 1.575000 0.016220
2.963000 1.575000 0.015910
3.038000 1.575000 0.015610
3.113000 1.575000 0.015320
3.188000 1.575000 0.015040
3.263000 1.575000 0.014790
3.338000 1.575000 0.014560
3.413000 1.575000 0.014360
3.488000 1.575000 0.014190
3.563000 1.575000 0.014050
3.638000 1.575000 0.013950
3.713000 1.575000 0.013870
3.788000 1.575000 0.013830
3.863000 1.575000 0.000000
-0.037500 1.725000 0.000000
0.037500 1.725000 0.008167
0.112500 1.725000 0.008198
0.187500 1.725000 0.008259
0.262500 1.725000 0.008350
0.337500 1.725000 0.008468
0.412500 1.725000 0.008612
0.487500 1.725000 0.008779
0.562500 1.725000 0.008966
0.637500 1.725000 0.009170
0.712500 1.725000 0.009387
0.787500 1.725000 0.009613
0.862500 1.725000 0.009845
0.937500 1.725000 0.010080
1.012000 1.725000 0.010310
1.087000 1.725000 0.010540
1.163000 1.725000 0.010760
1.238000 1.725000 0.010970
1.313000 1.725000 0.011160
1.388000 1.725000 0.011340
1.463000 1.725000 0.011500
1.538000 1.725000 0.011630
1.613000 1.725000 0.011740
1.688000 1.725000 0.011830
1.763000 1.725000 0.011890
1.838000 1.725000 0.011920
1.913000 1.725000 0.011930
1.988000 1.725000 0.011910
2.063000 1.725000 0.011870
2.138000 1.725000 0.011800
2.213000 1.725000 0.011710
2.288000 1.725000 0.011600
2.363000 1.725000 0.011470
2.438000 1.725000 0.011330
2.513000 1.725000 0.011170
2.588000 1.725000 0.010990
2.663000 1.725000 0.010810
2.738000 1.725000 0.010630
2.813000 1.725000 0.010440
2.888000 1.725000 0.010250
2.963000 1.725000 0.010060
3.038000 1.725000 0.009877
3.113000 1.725000 0.009703
3.188000 1.725000 0.009539
3.263000 1.725000 0.009387
3.338000 1.725000 0.009251
3.413000 1.725000 0.009130
3.488000 1.725000 0.009028
3.563000 1.725000 0.008944
3.638000 1.725000 0.008878
3.713000 1.725000 0.008831
3.788000 1.725000 0.008805
3.863000 1.725000 0.000000
-0.037500 1.875000 0.000000
0.037500 1.875000 0.005187
0.112500 1.875000 0.005204
0.187500 1.875000 0.005239
0.262500 1.875000 0.005291
0.337500 1.875000 0.005359
0.412500 1.875000 0.005442
0.487500 1.875000 0.005539
0.562500 1.875000 0.005647
0.637500 1.875000 0.005764
0.712500 1.875000 0.005890
0.787500 1.875000 0.006021
0.862500 1.875000 0.006156
0.937500 1.875000 0.006292
1.012000 1.875000 0.006427
1.087000 1.875000 0.006559
1.163000 1.875000 0.006687
1.238000 1.875000 0.006807
1.313000 1.875000 0.006920
1.388000 1.875000 0.007022
1.463000 1.875000 0.007113
1.538000 1.875000 0.007191
1.613000 1.875000 0.007255
1.688000 1.875000 0.007305
1.763000 1.875000 0.007339
1.838000 1.875000 0.007359
1.913000 1.875000 0.007363
1.988000 1.875000 0.007351
2.063000 1.875000 0.007325
2.138000 1.875000 0.007285
2.213000 1.875000 0.007231
2.288000 1.875000 0.007165
2.363000 1.875000 0.007088
2.438000 1.875000 0.007002
2.513000 1.875000 0.006906
2.588000 1.875000 0.006805
2.663000 1.875000 0.006698
2.738000 1.875000 0.006587
2.813000 1.875000 0.006475
2.888000 1.875000 0.006363
2.963000 1.875000 0.006252
3.038000 1.875000 0.006144
3.113000 1.875000 0.006042
3.188000 1.875000 0.005945
3.263000 1.875000 0.005856
3.338000 1.875000 0.005775
3.413000 1.875000 0.005704
3.488000 1.875000 0.005643
3.563000 1.875000 0.005593
3.638000 1.875000 0.005554
3.713000 1.875000 0.005525
3.788000 1.875000 0.005509
3.863000 1.875000 0.000000
-0.037500 2.025000 0.000000
0.037500 2.025000 0.003185
0.112500 2.025000 0.003195
0.187500 2.025000 0.003214
0.262500 2.025000 0.003242
0.337500 2.025000 0.003280
0.412500 2.025000 0.003326
0.487500 2.025000 0.003380
0.562500 2.025000 0.003440
0.637500 2.025000 0.003505
0.712500 2.025000 0.003575
0.787500 2.025000 0.003648
0.862500 2.025000 0.003723
0.937500 2.025000 0.003799
1.012000 2.025000 0.003874
1.087000 2.025000 0.003948
1.163000 2.025000 0.004019
1.238000 2.025000 0.004086
1.313000 2.025000 0.004149
1.388000 2.025000 0.004206
1.463000 2.025000 0.004256
1.538000 2.025000 0.004300
1.613000 2.025000 0.004335
1.688000 2.025000 0.004363
1.763000 2.025000 0.004381
1.838000 2.025000 0.004392
1.913000 2.025000 0.004393
1.988000 2.025000 0.004386
2.063000 2.025000 0.004371
2.138000 2.025000 0.004348
2.213000 2.025000 0.004317
2.288000 2.025000 0.004279
2.363000 2.025000 0.004235
2.438000 2.025000 0.004186
2.513000 2.025000 0.004131
2.588000 2.025000 0.004073
2.663000 2.025000 0.004013
2.738000 2.025000 0.003950
2.813000 2.025000 0.003886
2.888000 2.025000 0.003822
2.963000 2.025000 0.003759
3.038000 2.025000 0.003698
3.113000 2.025000 0.003640
3.188000 2.025000 0.003585
3.263000 2.025000 0.003535
3.338000 2.025000 0.003489
3.413000 2.025000 0.003449
3.488000 2.025000 0.003414
3.563000 2.025000 0.003386
3.638000 2.025000 0.003363
3.713000 2.025000 0.003346
3.788000 2.025000 0.003337
3.863000 2.025000 0.000000
-0.037500 2.175000 0.000000
0.037500 2.175000 0.001817
0.112500 2.175000 0.001822
0.187500 2.175000 0.001831
0.262500 2.175000 0.001845
0.337500 2.175000 0.001864
0.412500 2.175000 0.001886
0.487500 2.175000 0.001913
0.562500 2.175000 0.001942
0.637500 2.175000 0.001974
0.712500 2.175000 0.002009
0.787500 2.175000 0.002045
0.862500 2.175000 0.002082
0.937500 2.175000 0.002119
1.012000 2.175000 0.002157
1.087000 2.175000 0.002193
1.163000 2.175000 0.002228
1.238000 2.175000 0.002262
1.313000 2.175000 0.002292
1.388000 2.175000 0.002320
1.463000 2.175000 0.002345
1.538000 2.175000 0.002366
1.613000 2.175000 0.002384
1.688000 2.175000 0.002397
1.763000 2.175000 0.002406
1.838000 2.175000 0.002411
1.913000 2.175000 0.002411
1.988000 2.175000 0.002407
2.063000 2.175000 0.002399
2.138000 2.175000 0.002386
2.213000 2.175000 0.002370
2.288000 2.175000 0.002351
2.363000 2.175000 0.002328
2.438000 2.175000 0.002303
2.513000 2.175000 0.002276
2.588000 2.175000 0.002246
2.663000 2.175000 0.002215
2.738000 2.175000 0.002183
2.813000 2.175000 0.002151
2.888000 2.175000 0.002118
2.963000 2.175000 0.002086
3.038000 2.175000 0.002055
3.113000 2.175000 0.002026
3.188000 2.175000 0.001998
3.263000 2.175000 0.001973
3.338000 2.175000 0.001950
3.413000 2.175000 0.001929
3.488000 2.175000 0.001912
3.563000 2.175000 0.001898
3.638000 2.175000 0.001886
3.713000 2.175000 0.001878
3.788000 2.175000 0.001873
3.863000 2.175000 0.000000
-0.037500 2.325000 0.000000
0.037500 2.325000 0.001162
0.112500 2.325000 0.001164
0.187500 2.325000 0.001169
0.262500 2.325000 0.001176
0.337500 2.325000 0.001186
0.412500 2.325000 0.001197
0.487500 2.325000 0.001211
0.562500 2.325000 0.001226
0.637500 2.325000 0.001242
0.712500 2.325000 0.001260
0.787500 2.325000 0.001279
0.862500 2.325000 0.001298
0.937500 2.325000 0.001317
1.012000 2.325000 0.001336
1.087000 2.325000 0.001355
1.163000 2.325000 0.001373
1.238000 2.325000 0.001390
1.313000 2.325000 0.001405
1.388000 2.325000 0.001420
1.463000 2.325000 0.001432
1.538000 2.325000 0.001443
1.613000 2.325000 0.001451
1.688000 2.325000 0.001458
1.763000 2.325000 0.001462
1.838000 2.325000 0.001464
1.913000 2.325000 0.001464
1.988000 2.325000 0.001461
2.063000 2.325000 0.001456
2.138000 2.325000 0.001450
2.213000 2.325000 0.001441
2.288000 2.325000 0.001430
2.363000 2.325000 0.001418
2.438000 2.325000 0.001404
2.513000 2.325000 0.001389
2.588000 2.325000 0.001373
2.663000 2.325000 0.001356
2.738000 2.325000 0.001339
2.813000 2.325000 0.001322
2.888000 2.325000 0.001304
2.963000 2.325000 0.001287
3.038000 2.325000 0.001271
3.113000 2.325000 0.001255
3.188000 2.325000 0.001240
3.263000 2.325000 0.001226
3.338000 2.325000 0.001214
3.413000 2.325000 0.001204
3.488000 2.325000 0.001195
3.563000 2.325000 0.001187
3.638000 2.325000 0.001181
3.713000 2.325000 0.001177
3.788000 2.325000 0.001175
3.863000 2.325000 0.000000
-0.037500 2.475000 0.000000
0.037500 2.475000 0.000909
0.112500 2.475000 0.000911
0.187500 2.475000 0.000914
0.262500 2.475000 0.000919
0.337500 2.475000 0.000925
0.412500 2.475000 0.000933
0.487500 2.475000 0.000942
0.562500 2.475000 0.000953
0.637500 2.475000 0.000964
0.712500 2.475000 0.000976
0.787500 2.475000 0.000989
0.862500 2.475000 0.001002
0.937500 2.475000 0.001015
1.012000 2.475000 0.001028
1.087000 2.475000 0.001041
1.163000 2.475000 0.001054
1.238000 2.475000 0.001065
1.313000 2.475000 0.001076
1.388000 2.475000 0.001086
1.463000 2.475000 0.001094
1.538000 2.475000 0.001101
1.613000 2.475000 0.001107
1.688000 2.475000 0.001112
1.763000 2.475000 0.001114
1.838000 2.475000 0.001115
1.913000 2.475000 0.001115
1.988000 2.475000 0.001113
2.063000 2.475000 0.001110
2.138000 2.475000 0.001104
2.213000 2.475000 0.001098
2.288000 2.475000 0.001090
2.363000 2.475000 0.001082
2.438000 2.475000 0.001072
2.513000 2.475000 0.001061
2.588000 2.475000 0.001050
2.663000 2.475000 0.001038
2.738000 2.475000 0.001026
2.813000 2.475000 0.001013
2.888000 2.475000 0.001001
2.963000 2.475000 0.000989
3.038000 2.475000 0.000978
3.113000 2.475000 0.000967
3.188000 2.475000 0.000956
3.263000 2.475000 0.000947
3.338000 2.475000 0.000938
3.413000 2.475000 0.000931
3.488000 2.475000 0.000925
3.563000 2.475000 0.000920
3.638000 2.475000 0.000916
3.713000 2.475000 0.000913
3.788000 2.475000 0.000912
3.863000 2.475000 0.000000
-0.037500 2.625000 0.000000
0.037500 2.625000 0.000719
0.112500 2.625000 0.000720
0.187500 2.625000 0.000723
0.262500 2.625000 0.000726
0.337500 2.625000 0.000731
0.412500 2.625000 0.000737
0.487500 2.625000 0.000743
0.562500 2.625000 0.000751
0.637500 2.625000 0.000759
0.712500 2.625000 0.000767
0.787500 2.625000 0.000776
0.862500 2.625000 0.000786
0.937500 2.625000 0.000795
1.012000 2.625000 0.000804
1.087000 2.625000 0.000813
1.163000 2.625000 0.000822
1.238000 2.625000 0.000830
1.313000 2.625000 0.000838
1.388000 2.625000 0.000845
1.463000 2.625000 0.000850
1.538000 2.625000 0.000855
1.613000 2.625000 0.000860
1.688000 2.625000 0.000862
1.763000 2.625000 0.000864
1.838000 2.625000 0.000865
1.913000 2.625000 0.000865
1.988000 2.625000 0.000863
2.063000 2.625000 0.000860
2.138000 2.625000 0.000857
2.213000 2.625000 0.000852
2.288000 2.625000 0.000846
2.363000 2.625000 0.000840
2.438000 2.625000 0.000833
2.513000 2.625000 0.000825
2.588000 2.625000 0.000817
2.663000 2.625000 0.000808
2.738000 2.625000 0.000799
2.813000 2.625000 0.000790
2.888000 2.625000 0.000781
2.963000 2.625000 0.000773
3.038000 2.625000 0.000764
3.113000 2.625000 0.000756
3.188000 2.625000 0.000749
3.263000 2.625000 0.000742
3.338000 2.625000 0.000736
3.413000 2.625000 0.000731
3.488000 2.625000 0.000727
3.563000 2.625000 0.000723
3.638000 2.625000 0.000721
3.713000 2.625000 0.000719
3.788000 2.625000 0.000718
3.863000 2.625000 0.000000
-0.037500 2.775000 0.000000
0.037500 2.775000 0.000583
0.112500 2.775000 0.000584
0.187500 2.775000 0.000586
0.262500 2.775000 0.000589
0.337500 2.775000 0.000593
0.412500 2.775000 0.000597
0.487500 2.775000 0.000602
0.562500 2.775000 0.000608
0.637500 2.775000 0.000614
0.712500 2.775000 0.000620
0.787500 2.775000 0.000627
0.862500 2.775000 0.000634
0.937500 2.775000 0.000641
1.012000 2.775000 0.000648
1.087000 2.775000 0.000654
1.163000 2.775000 0.000661
1.238000 2.775000 0.000667
1.313000 2.775000 0.000673
1.388000 2.775000 0.000678
1.463000 2.775000 0.000682
1.538000 2.775000 0.000686
1.613000 2.775000 0.000689
1.688000 2.775000 0.000691
1.763000 2.775000 0.000692
1.838000 2.775000 0.000693
1.913000 2.775000 0.000692
1.988000 2.775000 0.000691
2.063000 2.775000 0.000689
2.138000 2.775000 0.000686
2.213000 2.775000 0.000683
2.288000 2.775000 0.000678
2.363000 2.775000 0.000673
2.438000 2.775000 0.000668
2.513000 2.775000 0.000662
2.588000 2.775000 0.000656
2.663000 2.775000 0.000649
2.738000 2.775000 0.000642
2.813000 2.775000 0.000636
2.888000 2.775000 0.000629
2.963000 2.775000 0.000622
3.038000 2.775000 0.000616
3.113000 2.775000 0.000610
3.188000 2.775000 0.000604
3.263000 2.775000 0.000599
3.338000 2.775000 0.000595
3.413000 2.775000 0.000591
3.488000 2.775000 0.000588
3.563000 2.775000 0.000585
3.638000 2.775000 0.000584
3.713000 2.775000 0.000582
3.788000 2.775000 0.000582
3.863000 2.775000 0.000000
-0.037500 2.925000 0.000000
0.037500 2.925000 0.000404
0.112500 2.925000 0.000405
0.187500 2.925000 0.000406
0.262500 2.925000 0.000408
0.337500 2.925000 0.000410
0.412500 2.925000 0.000413
0.487500 2.925000 0.000417
0.562500 2.925000 0.000420
0.637500 2.925000 0.000424
0.712500 2.925000 0.000429
0.787500 2.925000 0.000433
0.862500 2.925000 0.000438
0.937500 2.925000 0.000443
1.012000 2.925000 0.000447
1.087000 2.925000 0.000452
1.163000 2.925000 0.000456
1.238000 2.925000 0.000460
1.313000 2.925000 0.000464
1.388000 2.925000 0.000467
1.463000 2.925000 0.000470
1.538000 2.925000 0.000473
1.613000 2.925000 0.000475
1.688000 2.925000 0.000476
1.763000 2.925000 0.000477
1.838000 2.925000 0.000477
1.913000 2.925000 0.000477
1.988000 2.925000 0.000476
2.063000 2.925000 0.000475
2.138000 2.925000 0.000473
2.213000 2.925000 0.000470
2.288000 2.925000 0.000468
2.363000 2.925000 0.000464
2.438000 2.925000 0.000461
2.513000 2.925000 0.000457
2.588000 2.925000 0.000452
2.663000 2.925000 0.000448
2.738000 2.925000 0.000443
2.813000 2.925000 0.000439
2.888000 2.925000 0.000434
2.963000 2.925000 0.000430
3.038000 2.925000 0.000426
3.113000 2.925000 0.000422
3.188000 2.925000 0.000418
3.263000 2.925000 0.000415
3.338000 2.925000 0.000412
3.413000 2.925000 0.000409
3.488000 2.925000 0.000407
3.563000 2.925000 0.000406
3.638000 2.925000 0.000405
3.713000 2.925000 0.000404
3.788000 2.925000 0.000403
3.863000 2.925000 0.000000
-0.037500 3.075000 0.000000
0.037500 3.075000 0.000241
0.112500 3.075000 0.000242
0.187500 3.075000 0.000242
0.262500 3.075000 0.000243
0.337500 3.075000 0.000245
0.412500 3.075000 0.000246
0.487500 3.075000 0.000248
0.562500 3.075000 0.000250
0.637500 3.075000 0.000253
0.712500 3.075000 0.000255
0.787500 3.075000 0.000258
0.862500 3.075000 0.000260
0.937500 3.075000 0.000263
1.012000 3.075000 0.000266
1.087000 3.075000 0.000268
1.163000 3.075000 0.000271
1.238000 3.075000 0.000273
1.313000 3.075000 0.000275
1.388000 3.075000 0.000277
1.463000 3.075000 0.000279
1.538000 3.075000 0.000280
1.613000 3.075000 0.000281
1.688000 3.075000 0.000282
1.763000 3.075000 0.000283
1.838000 3.075000 0.000283
1.913000 3.075000 0.000283
1.988000 3.075000 0.000282
2.063000 3.075000 0.000281
2.138000 3.075000 0.000280
2.213000 3.075000 0.000279
2.288000 3.075000 0.000277
2.363000 3.075000 0.000275
2.438000 3.075000 0.000273
2.513000 3.075000 0.000271
2.588000 3.075000 0.000269
2.663000 3.075000 0.000266
2.738000 3.075000 0.000263
2.813000 3.075000 0.000261
2.888000 3.075000 0.000258
2.963000 3.075000 0.000256
3.038000 3.075000 0.000253
3.113000 3.075000 0.000251
3.188000 3.075000 0.000249
3.263000 3.075000 0.000247
3.338000 3.075000 0.000245
3.413000 3.075000 0.000244
3.488000 3.075000 0.000243
3.563000 3.075000 0.000242
3.638000 3.075000 0.000241
3.713000 3.075000 0.000241
3.788000 3.075000 0.000241
3.863000 3.075000 0.000000
-0.037500 3.225000 0.000000
0.037500 3.225000 0.000143
0.112500 3.225000 0.000143
0.187500 3.225000 0.000144
0.262500 3.225000 0.000144
0.337500 3.225000 0.000145
0.412500 3.225000 0.000146
0.487500 3.225000 0.000147
0.562500 3.225000 0.000148
0.637500 3.225000 0.000149
0.712500 3.225000 0.000151
0.787500 3.225000 0.000152
0.862500 3.225000 0.000154
0.937500 3.225000 0.000155
1.012000 3.225000 0.000157
1.087000 3.225000 0.000158
1.163000 3.225000 0.000160
1.238000 3.225000 0.000161
1.313000 3.225000 0.000162
1.388000 3.225000 0.000163
1.463000 3.225000 0.000164
1.538000 3.225000 0.000165
1.613000 3.225000 0.000166
1.688000 3.225000 0.000166
1.763000 3.225000 0.000166
1.838000 3.225000 0.000166
1.913000 3.225000 0.000166
1.988000 3.225000 0.000166
2.063000 3.225000 0.000165
2.138000 3.225000 0.000165
2.213000 3.225000 0.000164
2.288000 3.225000 0.000163
2.363000 3.225000 0.000162
2.438000 3.225000 0.000161
2.513000 3.225000 0.000160
2.588000 3.225000 0.000158
2.663000 3.225000 0.000157
2.738000 3.225000 0.000155
2.813000 3.225000 0.000154
2.888000 3.225000 0.000152
2.963000 3.225000 0.000151
3.038000 3.225000 0.000150
3.113000 3.225000 0.000148
3.188000 3.225000 0.000147
3.263000 3.225000 0.000146
3.338000 3.225000 0.000145
3.413000 3.225000 0.000144
3.488000 3.225000 0.000144
3.563000 3.225000 0.000143
3.638000 3.225000 0.000143
3.713000 3.225000 0.000142
3.788000 3.225000 0.000142
3.863000 3.225000 0.000000
-0.037500 3.375000 0.000000
0.037500 3.375000 0.000084
0.112500 3.375000 0.000084
0.187500 3.375000 0.000084
0.262500 3.375000 0.000085
0.337500 3.375000 0.000085
0.412500 3.375000 0.000086
0.487500 3.375000 0.000086
0.562500 3.375000 0.000087
0.637500 3.375000 0.000088
0.712500 3.375000 0.000088
0.787500 3.375000 0.000089
0.862500 3.375000 0.000090
0.937500 3.375000 0.000091
1.012000 3.375000 0.000092
1.087000 3.375000 0.000092
1.163000 3.375000 0.000093
1.238000 3.375000 0.000094
1.313000 3.375000 0.000095
1.388000 3.375000 0.000095
1.463000 3.375000 0.000096
1.538000 3.375000 0.000096
1.613000 3.375000 0.000097
1.688000 3.375000 0.000097
1.763000 3.375000 0.000097
1.838000 3.375000 0.000097
1.913000 3.375000 0.000097
1.988000 3.375000 0.000097
2.063000 3.375000 0.000097
2.138000 3.375000 0.000096
2.213000 3.375000 0.000096
2.288000 3.375000 0.000095
2.363000 3.375000 0.000095
2.438000 3.375000 0.000094
2.513000 3.375000 0.000093
2.588000 3.375000 0.000092
2.663000 3.375000 0.000092
2.738000 3.375000 0.000091
2.813000 3.375000 0.000090
2.888000 3.375000 0.000089
2.963000 3.375000 0.000088
3.038000 3.375000 0.000088
3.113000 3.375000 0.000087
3.188000 3.375000 0.000086
3.263000 3.375000 0.000086
3.338000 3.375000 0.000085
3.413000 3.375000 0.000085
3.488000 3.375000 0.000084
3.563000 3.375000 0.000084
3.638000 3.375000 0.000084
3.713000 3.375000 0.000084
3.788000 3.375000 0.000083
3.863000 3.375000 0.000000
-0.037500 3.525000 0.000000
0.037500 3.525000 0.000049
0.112500 3.525000 0.000049
0.187500 3.525000 0.000049
0.262500 3.525000 0.000049
0.337500 3.525000 0.000049
0.412500 3.525000 0.000050
0.487500 3.525000 0.000050
0.562500 3.525000 0.000050
0.637500 3.525000 0.000051
0.712500 3.525000 0.000051
0.787500 3.525000 0.000052
0.862500 3.525000 0.000052
0.937500 3.525000 0.000053
1.012000 3.525000 0.000053
1.087000 3.525000 0.000054
1.163000 3.525000 0.000054
1.238000 3.525000 0.000054
1.313000 3.525000 0.000055
1.388000 3.525000 0.000055
1.463000 3.525000 0.000055
1.538000 3.525000 0.000056
1.613000 3.525000 0.000056
1.688000 3.525000 0.000056
1.763000 3.525000 0.000056
1.838000 3.525000 0.000056
1.913000 3.525000 0.000056
1.988000 3.525000 0.000056
2.063000 3.525000 0.000056
2.138000 3.525000 0.000056
2.213000 3.525000 0.000055
2.288000 3.525000 0.000055
2.363000 3.525000 0.000055
2.438000 3.525000 0.000054
2.513000 3.525000 0.000054
2.588000 3.525000 0.000054
2.663000 3.525000 0.000053
2.738000 3.525000 0.000053
2.813000 3.525000 0.000052
2.888000 3.525000 0.000052
2.963000 3.525000 0.000051
3.038000 3.525000 0.000051
3.113000 3.525000 0.000050
3.188000 3.525000 0.000050
3.263000 3.525000 0.000050
3.338000 3.525000 0.000049
3.413000 3.525000 0.000049
3.488000 3.525000 0.000049
3.563000 3.525000 0.000049
3.638000 3.525000 0.000049
3.713000 3.525000 0.000049
3.788000 3.525000 0.000048
3.863000 3.525000 0.000000
-0.037500 3.675000 0.000000
0.037500 3.675000 0.000028
0.112500 3.675000 0.000028
0.187500 3.675000 0.000028
0.262500 3.675000 0.000028
0.337500 3.675000 0.000028
0.412500 3.675000 0.000029
0.487500 3.675000 0.000029
0.562500 3.675000 0.000029
0.637500 3.675000 0.000029
0.712500 3.675000 0.000029
0.787500 3.675000 0.000030
0.862500 3.675000 0.000030
0.937500 3.675000 0.000030
1.012000 3.675000 0.000030
1.087000 3.675000 0.000031
1.163000 3.675000 0.000031
1.238000 3.675000 0.000031
1.313000 3.675000 0.000031
1.388000 3.675000 0.000032
1.463000 3.675000 0.000032
1.538000 3.675000 0.000032
1.613000 3.675000 0.000032
1.688000 3.675000 0.000032
1.763000 3.675000 0.000032
1.838000 3.675000 0.000032
1.913000 3.675000 0.000032
1.988000 3.675000 0.000032
2.063000 3.675000 0.000032
2.138000 3.675000 0.000032
2.213000 3.675000 0.000032
2.288000 3.675000 0.000032
2.363000 3.675000 0.000031
2.438000 3.675000 0.000031
2.513000 3.675000 0.000031
2.588000 3.675000 0.000031
2.663000 3.675000 0.000030
2.738000 3.675000 0.000030
2.813000 3.675000 0.000030
2.888000 3.675000 0.000030
2.963000 3.675000 0.000029
3.038000 3.675000 0.000029
3.113000 3.675000 0.000029
3.188000 3.675000 0.000029
3.263000 3.675000 0.000029
3.338000 3.675000 0.000028
3.413000 3.675000 0.000028
3.488000 3.675000 0.000028
3.563000 3.675000 0.000028
3.638000 3.675000 0.000028
3.713000 3.675000 0.000028
3.788000 3.675000 0.000028
3.863000 3.675000 0.000000
-0.037500 3.825000 0.000000
0.037500 3.825000 0.000016
0.112500 3.825000 0.000016
0.187500 3.825000 0.000016
0.262500 3.825000 0.000016
0.337500 3.825000 0.000016
0.412500 3.825000 0.000016
0.487500 3.825000 0.000016
0.562500 3.825000 0.000016
0.637500 3.825000 0.000017
0.712500 3.825000 0.000017
0.787500 3.825000 0.000017
0.862500 3.825000 0.000017
0.937500 3.825000 0.000017
1.012000 3.825000 0.000017
1.087000 3.825000 0.000017
1.163000 3.825000 0.000018
1.238000 3.825000 0.000018
1.313000 3.825000 0.000018
1.388000 3.825000 0.000018
1.463000 3.825000 0.000018
1.538000 3.825000 0.000018
1.613000 3.825000 0.000018
1.688000 3.825000 0.000018
1.763000 3.825000 0.000018
1.838000 3.825000 0.000018
1.913000 3.825000 0.000018
1.988000 3.825000 0.000018
2.063000 3.825000 0.000018
2.138000 3.825000 0.000018
2.213000 3.825000 0.000018
2.288000 3.825000 0.000018
2.363000 3.825000 0.000018
2.438000 3.825000 0.000018
2.513000 3.825000 0.000018
2.588000 3.825000 0.000017
2.663000 3.825000 0.000017
2.738000 3.825000 0.000017
2.813000 3.825000 0.000017
2.888000 3.825000 0.000017
2.963000 3.825000 0.000017
3.038000 3.825000 0.000017
3.113000 3.825000 0.000017
3.188000 3.825000 0.000016
3.263000 3.825000 0.000016
3.338000 3.825000 0.000016
3.413000 3.825000 0.000016
3.488000 3.825000 0.000016
3.563000 3.825000 0.000016
3.638000 3.825000 0.000016
3.713000 3.825000 0.000016
3.788000 3.825000 0.000016
3.863000 3.825000 0.000000
-0.037500 3.975000 0.000000
0.037500 3.975000 0.000009
0.112500 3.975000 0.000009
0.187500 3.975000 0.000009
0.262500 3.975000 0.000009
0.337500 3.975000 0.000009
0.412500 3.975000 0.000009
0.487500 3.975000 0.000009
0.562500 3.975000 0.000009
0.637500 3.975000 0.000009
0.712500 3.975000 0.000009
0.787500 3.975000 0.000009
0.862500 3.975000 0.000010
0.937500 3.975000 0.000010
1.012000 3.975000 0.000010
1.087000 3.975000 0.000010
1.163000 3.975000 0.000010
1.238000 3.975000 0.000010
1.313000 3.975000 0.000010
1.388000 3.975000 0.000010
1.463000 3.975000 0.000010
1.538000 3.975000 0.000010
1.613000 3.975000 0.000010
1.688000 3.975000 0.000010
1.763000 3.975000 0.000010
1.838000 3.975000 0.000010
1.913000 3.975000 0.000010
1.988000 3.975000 0.000010
2.063000 3.975000 0.000010
2.138000 3.975000 0.000010
2.213000 3.975000 0.000010
2.288000 3.975000 0.000010
2.363000 3.975000 0.000010
2.438000 3.975000 0.000010
2.513000 3.975000 0.000010
2.588000 3.975000 0.000010
2.663000 3.975000 0.000010
2.738000 3.975000 0.000010
2.813000 3.975000 0.000010
2.888000 3.975000 0.000009
2.963000 3.975000 0.000009
3.038000 3.975000 0.000009
3.113000 3.975000 0.000009
3.188000 3.975000 0.000009
3.263000 3.975000 0.000009
3.338000 3.975000 0.000009
3.413000 3.975000 0.000009
3.488000 3.975000 0.000009
3.563000 3.975000 0.000009
3.638000 3.975000 0.000009
3.713000 3.975000 0.000009
3.788000 3.975000 0.000009
3.863000 3.975000 0.000000
-0.037500 4.125000 0.000000
0.037500 4.125000 0.000005
0.112500 4.125000 0.000005
0.187500 4.125000 0.000005
0.262500 4.125000 0.000005
0.337500 4.125000 0.000005
0.412500 4.125000 0.000005
0.487500 4.125000 0.000005
0.562500 4.125000 0.000005
0.637500 4.125000 0.000005
0.712500 4.125000 0.000005
0.787500 4.125000 0.000005
0.862500 4.125000 0.000005
0.937500 4.125000 0.000005
1.012000 4.125000 0.000005
1.087000 4.125000 0.000005
1.163000 4.125000 0.000005
1.238000 4.125000 0.000006
1.313000 4.125000 0.000006
1.388000 4.125000 0.000006
1.463000 4.125000 0.000006
1.538000 4.125000 0.000006
1.613000 4.125000 0.000006
1.688000 4.125000 0.000006
1.763000 4.125000 0.000006
1.838000 4.125000 0.000006
1.913000 4.125000 0.000006
1.988000 4.125000 0.000006
2.063000 4.125000 0.000006
2.138000 4.125000 0.000006
2.213000 4.125000 0.000006
2.288000 4.125000 0.000006
2.363000 4.125000 0.000006
2.438000 4.125000 0.000006
2.513000 4.125000 0.000005
2.588000 4.125000 0.000005
2.663000 4.125000 0.000005
2.738000 4.125000 0.000005
2.813000 4.125000 0.000005
2.888000 4.125000 0.000005
2.963000 4.125000 0.000005
3.038000 4.125000 0.000005
3.113000 4.125000 0.000005
3.188000 4.125000 0.000005
3.263000 4.125000 0.000005
3.338000 4.125000 0.000005
3.413000 4.125000 0.000005
3.488000 4.125000 0.000005
3.563000 4.125000 0.000005
3.638000 4.125000 0.000005
3.713000 4.125000 0.000005
3.788000 4.125000 0.000005
3.863000 4.125000 0.000000
-0.037500 4.275000 0.000000
0.037500 4.275000 0.000003
0.112500 4.275000 0.000003
0.187500 4.275000 0.000003
0.262500 4.275000 0.000003
0.337500 4.275000 0.000003
0.412500 4.275000 0.000003
0.487500 4.275000 0.000003
0.562500 4.275000 0.000003
0.637500 4.275000 0.000003
0.712500 4.275000 0.000003
0.787500 4.275000 0.000003
0.862500 4.275000 0.000003
0.937500 4.275000 0.000003
1.012000 4.275000 0.000003
1.087000 4.275000 0.000003
1.163000 4.275000 0.000003
1.238000 4.275000 0.000003
1.313000 4.275000 0.000003
1.388000 4.275000 0.000003
1.463000 4.275000 0.000003
1.538000 4.275000 0.000003
1.613000 4.275000 0.000003
1.688000 4.275000 0.000003
1.763000 4.275000 0.000003
1.838000 4.275000 0.000003
1.913000 4.275000 0.000003
1.988000 4.275000 0.000003
2.063000 4.275000 0.000003
2.138000 4.275000 0.000003
2.213000 4.275000 0.000003
2.288000 4.275000 0.000003
2.363000 4.275000 0.000003
2.438000 4.275000 0.000003
2.513000 4.275000 0.000003
2.588000 4.275000 0.000003
2.663000 4.275000 0.000003
2.738000 4.275000 0.000003
2.813000 4.275000 0.000003
2.888000 4.275000 0.000003
2.963000 4.275000 0.000003
3.038000 4.275000 0.000003
3.113000 4.275000 0.000003
3.188000 4.275000 0.000003
3.263000 4.275000 0.000003
3.338000 4.275000 0.000003
3.413000 4.275000 0.000003
3.488000 4.275000 0.000003
3.563000 4.275000 0.000003
3.638000 4.275000 0.000003
3.713000 4.275000 0.000003
3.788000 4.275000 0.000003
3.863000 4.275000 0.000000
-0.037500 4.425000 0.000000
0.037500 4.425000 0.000002
0.112500 4.425000 0.000002
0.187500 4.425000 0.000002
0.262500 4.425000 0.000002
0.337500 4.425000 0.000002
0.412500 4.425000 0.000002
0.487500 4.425000 0.000002
0.562500 4.425000 0.000002
0.637500 4.425000 0.000002
0.712500 4.425000 0.000002
0.787500 4.425000 0.000002
0.862500 4.425000 0.000002
0.937500 4.425000 0.000002
1.012000 4.425000 0.000002
1.087000 4.425000 0.000002
1.163000 4.425000 0.000002
1.238000 4.425000 0.000002
1.313000 4.425000 0.000002
1.388000 4.425000 0.000002
1.463000 4.425000 0.000002
1.538000 4.425000 0.000002
1.613000 4.425000 0.000002
1.688000 4.425000 0.000002
1.763000 4.425000 0.000002
1.838000 4.425000 0.000002
1.913000 4.425000 0.000002
1.988000 4.425000 0.000002
2.063000 4.425000 0.000002
2.138000 4.425000 0.000002
2.213000 4.425000 0.000002
2.288000 4.425000 0.000002
2.363000 4.425000 0.000002
2.438000 4.425000 0.000002
2.513000 4.425000 0.000002
2.588000 4.425000 0.000002
2.663000 4.425000 0.000002
2.738000 4.425000 0.000002
2.813000 4.425000 0.000002
2.888000 4.425000 0.000002
2.963000 4.425000 0.000002
3.038000 4.425000 0.000002
3.113000 4.425000 0.000002
3.188000 4.425000 0.000002
3.263000 4.425000 0.000002
3.338000 4.425000 0.000002
3.413000 4.425000 0.000002
3.488000 4.425000 0.000002
3.563000 4.425000 0.000002
3.638000 4.425000 0.000002
3.713000 4.425000 0.000002
3.788000 4.425000 0.000002
3.863000 4.425000 0.000000
-0.037500 4.575000 0.000000
0.037500 4.575000 0.000001
0.112500 4.575000 0.000001
0.187500 4.575000 0.000001
0.262500 4.575000 0.000001
0.337500 4.575000 0.000001
0.412500 4.575000 0.000001
0.487500 4.575000 0.000001
0.562500 4.575000 0.000001
0.637500 4.575000 0.000001
0.712500 4.575000 0.000001
0.787500 4.575000 0.000001
0.862500 4.575000 0.000001
0.937500 4.575000 0.000001
1.012000 4.575000 0.000001
1.087000 4.575000 0.000001
1.163000 4.575000 0.000001
1.238000 4.575000 0.000001
1.313000 4.575000 0.000001
1.388000 4.575000 0.000001
1.463000 4.575000 0.000001
1.538000 4.575000 0.000001
1.613000 4.575000 0.000001
1.688000 4.575000 0.000001
1.763000 4.575000 0.000001
1.838000 4.575000 0.000001
1.913000 4.575000 0.000001
1.988000 4.575000 0.000001
2.063000 4.575000 0.000001
2.138000 4.575000 0.000001
2.213000 4.575000 0.000001
2.288000 4.575000 0.000001
2.363000 4.575000 0.000001
2.438000 4.575000 0.000001
2.513000 4.575000 0.000001
2.588000 4.575000 0.000001
2.663000 4.575000 0.000001
2.738000 4.575000 0.000001
2.813000 4.575000 0.000001
2.888000 4.575000 0.000001
2.963000 4.575000 0.000001
3.038000 4.575000 0.000001
3.113000 4.575000 0.000001
3.188000 4.575000 0.000001
3.263000 4.575000 0.000001
3.338000 4.575000 0.000001
3.413000 4.575000 0.000001
3.488000 4.575000 0.000001
3.563000 4.575000 0.000001
3.638000 4.575000 0.000001
3.713000 4.575000 0.000001
3.788000 4.575000 0.000001
3.863000 4.575000 0.000000
-0.037500 4.725000 0.000000
0.037500 4.725000 0.000000
0.112500 4.725000 0.000000
0.187500 4.725000 0.000000
0.262500 4.725000 0.000000
0.337500 4.725000 0.000000
0.412500 4.725000 0.000000
0.487500 4.725000 0.000000
0.562500 4.725000 0.000000
0.637500 4.725000 0.000000
0.712500 4.725000 0.000000
0.787500 4.725000 0.000000
0.862500 4.725000 0.000000
0.937500 4.725000 0.000000
1.012000 4.725000 0.000000
1.087000 4.725000 0.000000
1.163000 4.725000 0.000000
1.238000 4.725000 0.000000
1.313000 4.725000 0.000000
1.388000 4.725000 0.000000
1.463000 4.725000 0.000000
1.538000 4.725000 0.000000
1.613000 4.725000 0.000001
1.688000 4.725000 0.000001
1.763000 4.725000 0.000001
1.838000 4.725000 0.000001
1.913000 4.725000 0.000001
1.988000 4.725000 0.000001
2.063000 4.725000 0.000001
2.138000 4.725000 0.000001
2.213000 4.725000 0.000000
2.288000 4.725000 0.000000
2.363000 4.725000 0.000000
2.438000 4.725000 0.000000
2.513000 4.725000 0.000000
2.588000 4.725000 0.000000
2.663000 4.725000 0.000000
2.738000 4.725000 0.000000
2.813000 4.725000 0.000000
2.888000 4.725000 0.000000
2.963000 4.725000 0.000000
3.038000 4.725000 0.000000
3.113000 4.725000 0.000000
3.188000 4.725000 0.000000
3.263000 4.725000 0.000000
3.338000 4.725000 0.000000
3.413000 4.725000 0.000000
3.488000 4.725000 0.000000
3.563000 4.725000 0.000000
3.638000 4.725000 0.000000
3.713000 4.725000 0.000000
3.788000 4.725000 0.000000
3.863000 4.725000 0.000000
-0.037500 4.875000 0.000000
0.037500 4.875000 0.000000
0.112500 4.875000 0.000000
0.187500 4.875000 0.000000
0.262500 4.875000 0.000000
0.337500 4.875000 0.000000
0.412500 4.875000 0.000000
0.487500 4.875000 0.000000
0.562500 4.875000 0.000000
0.637500 4.875000 0.000000
0.712500 4.875000 0.000000
0.787500 4.875000 0.000000
0.862500 4.875000 0.000000
0.937500 4.875000 0.000000
1.012000 4.875000 0.000000
1.087000 4.875000 0.000000
1.163000 4.875000 0.000000
1.238000 4.875000 0.000000
1.313000 4.875000 0.000000
1.388000 4.875000 0.000000
1.463000 4.875000 0.000000
1.538000 4.875000 0.000000
1.613000 4.875000 0.000000
1.688000 4.875000 0.000000
1.763000 4.875000 0.000000
1.838000 4.875000 0.000000
1.913000 4.875000 0.000000
1.988000 4.875000 0.000000
2.063000 4.875000 0.000000
2.138000 4.875000 0.000000
2.213000 4.875000 0.000000
2.288000 4.875000 0.000000
2.363000 4.875000 0.000000
2.438000 4.875000 0.000000
2.513000 4.875000 0.000000
2.588000 4.875000 0.000000
2.663000 4.875000 0.000000
2.738000 4.875000 0.000000
2.813000 4.875000 0.000000
2.888000 4.875000 0.000000
2.963000 4.875000 0.000000
3.038000 4.875000 0.000000
3.113000 4.875000 0.000000
3.188000 4.875000 0.000000
3.263000 4.875000 0.000000
3.338000 4.875000 0.000000
3.413000 4.875000 0.000000
3.488000 4.875000 0.000000
3.563000 4.875000 0.000000
3.638000 4.875000 0.000000
3.713000 4.875000 0.000000
3.788000 4.875000 0.000000
3.863000 4.875000 0.000000
-0.037500 5.025000 0.000000
0.037500 5.025000 0.000000
0.112500 5.025000 0.000000
0.187500 5.025000 0.000000
0.262500 5.025000 0.000000
0.337500 5.025000 0.000000
0.412500 5.025000 0.000000
0.487500 5.025000 0.000000
0.562500 5.025000 0.000000
0.637500 5.025000 0.000000
0.712500 5.025000 0.000000
0.787500 5.025000 0.000000
0.862500 5.025000 0.000000
0.937500 5.025000 0.000000
1.012000 5.025000 0.000000
1.087000 5.025000 0.000000
1.163000 5.025000 0.000000
1.238000 5.025000 0.000000
1.313000 5.025000 0.000000
1.388000 5.025000 0.000000
1.463000 5.025000 0.000000
1.538000 5.025000 0.000000
1.613000 5.025000 0.000000
1.688000 5.025000 0.000000
1.763000 5.025000 0.000000
1.838000 5.025000 0.000000
1.913000 5.025000 0.000000
1.988000 5.025000 0.000000
2.063000 5.025000 0.000000
2.138000 5.025000 0.000000
2.213000 5.025000 0.000000
2.288000 5.025000 0.000000
2.363000 5.025000 0.000000
2.438000 5.025000 0.000000
2.513000 5.025000 0.000000
2.588000 5.025000 0.000000
2.663000 5.025000 0.000000
2.738000 5.025000 0.000000
2.813000 5.025000 0.000000
2.888000 5.025000 0.000000
2.963000 5.025000 0.000000
3.038000 5.025000 0.000000
3.113000 5.025000 0.000000
3.188000 5.025000 0.000000
3.263000 5.025000 0.000000
3.338000 5.025000 0.000000
3.413000 5.025000 0.000000
3.488000 5.025000 0.000000
3.563000 5.025000 0.000000
3.638000 5.025000 0.000000
3.713000 5.025000 0.000000
3.788000 5.025000 0.000000
3.863000 5.025000 0.000000
-0.037500 5.175000 0.000000
0.037500 5.175000 0.000000
0.112500 5.175000 0.000000
0.187500 5.175000 0.000000
0.262500 5.175000 0.000000
0.337500 5.175000 0.000000
0.412500 5.175000 0.000000
0.487500 5.175000 0.000000
0.562500 5.175000 0.000000
0.637500 5.175000 0.000000
0.712500 5.175000 0.000000
0.787500 5.175000 0.000000
0.862500 5.175000 0.000000
0.937500 5.175000 0.000000
1.012000 5.175000 0.000000
1.087000 5.175000 0.000000
1.163000 5.175000 0.000000
1.238000 5.175000 0.000000
1.313000 5.175000 0.000000
1.388000 5.175000 0.000000
1.463000 5.175000 0.000000
1.538000 5.175000 0.000000
1.613000 5.175000 0.000000
1.688000 5.175000 0.000000
1.763000 5.175000 0.000000
1.838000 5.175000 0.000000
1.913000 5.175000 0.000000
1.988000 5.175000 0.000000
2.063000 5.175000 0.000000
2.138000 5.175000 0.000000
2.213000 5.175000 0.000000
2.288000 5.175000 0.000000
2.363000 5.175000 0.000000
2.438000 5.175000 0.000000
2.513000 5.175000 0.000000
2.588000 5.175000 0.000000
2.663000 5.175000 0.000000
2.738000 5.175000 0.000000
2.813000 5.175000 0.000000
2.888000 5.175000 0.000000
2.963000 5.175000 0.000000
3.038000 5.175000 0.000000
3.113000 5.175000 0.000000
3.188000 5.175000 0.000000
3.263000 5.175000 0.000000
3.338000 5.175000 0.000000
3.413000 5.175000 0.000000
3.488000 5.175000 0.000000
3.563000 5.175000 0.000000
3.638000 5.175000 0.000000
3.713000 5.175000 0.000000
3.788000 5.175000 0.000000
3.863000 5.175000 0.000000
