-0.037500 -0.075000 0.000000
0.037500 -0.075000 0.000000
0.112500 -0.075000 0.000000
0.187500 -0.075000 0.000000
0.262500 -0.075000 0.000000
0.337500 -0.075000 0.000000
0.412500 -0.075000 0.000000
0.487500 -0.075000 0.000000
0.562500 -0.075000 0.000000
0.637500 -0.075000 0.000000
0.712500 -0.075000 0.000000
0.787500 -0.075000 0.000000
0.862500 -0.075000 0.000000
0.937500 -0.075000 0.000000
1.012000 -0.075000 0.000000
1.087000 -0.075000 0.000000
1.163000 -0.075000 0.000000
1.238000 -0.075000 0.000000
1.313000 -0.075000 0.000000
1.388000 -0.075000 0.000000
1.463000 -0.075000 0.000000
1.538000 -0.075000 0.000000
1.613000 -0.075000 0.000000
1.688000 -0.075000 0.000000
1.763000 -0.075000 0.000000
1.838000 -0.075000 0.000000
1.913000 -0.075000 0.000000
1.988000 -0.075000 0.000000
2.063000 -0.075000 0.000000
2.138000 -0.075000 0.000000
2.213000 -0.075000 0.000000
2.288000 -0.075000 0.000000
2.363000 -0.075000 0.000000
2.438000 -0.075000 0.000000
2.513000 -0.075000 0.000000
2.588000 -0.075000 0.000000
2.663000 -0.075000 0.000000
2.738000 -0.075000 0.000000
2.813000 -0.075000 0.000000
2.888000 -0.075000 0.000000
2.963000 -0.075000 0.000000
3.038000 -0.075000 0.000000
3.113000 -0.075000 0.000000
3.188000 -0.075000 0.000000
3.263000 -0.075000 0.000000
3.338000 -0.075000 0.000000
3.413000 -0.075000 0.000000
3.488000 -0.075000 0.000000
3.563000 -0.075000 0.000000
3.638000 -0.075000 0.000000
3.713000 -0.075000 0.000000
3.788000 -0.075000 0.000000
3.863000 -0.075000 0.000000
-0.037500 0.075000 0.000000
0.037500 0.075000 0.038470
0.112500 0.075000 0.076940
0.187500 0.075000 0.115400
0.262500 0.075000 0.153900
0.337500 0.075000 0.192300
0.412500 0.075000 0.230700
0.487500 0.075000 0.269100
0.562500 0.075000 0.307400
0.637500 0.075000 0.345500
0.712500 0.075000 0.383500
0.787500 0.075000 0.421200
0.862500 0.075000 0.458500
0.937500 0.075000 0.495400
1.012000 0.075000 0.531500
1.087000 0.075000 0.566900
1.163000 0.075000 0.601100
1.238000 0.075000 0.634000
1.313000 0.075000 0.665200
1.388000 0.075000 0.694400
1.463000 0.075000 0.721100
1.538000 0.075000 0.744900
1.613000 0.075000 0.765500
1.688000 0.075000 0.782400
1.763000 0.075000 0.795200
1.838000 0.075000 0.803700
1.913000 0.075000 0.807800
1.988000 0.075000 0.807500
2.063000 0.075000 0.802900
2.138000 0.075000 0.794300
2.213000 0.075000 0.782200
2.288000 0.075000 0.767000
2.363000 0.075000 0.749400
2.438000 0.075000 0.729700
2.513000 0.075000 0.708600
2.588000 0.075000 0.686500
2.663000 0.075000 0.663800
2.738000 0.075000 0.641000
2.813000 0.075000 0.618200
2.888000 0.075000 0.595700
2.963000 0.075000 0.573600
3.038000 0.075000 0.552200
3.113000 0.075000 0.531400
3.188000 0.075000 0.511300
3.263000 0.075000 0.492000
3.338000 0.075000 0.473500
3.413000 0.075000 0.455800
3.488000 0.075000 0.438900
3.563000 0.075000 0.422700
3.638000 0.075000 0.407300
3.713000 0.075000 0.392600
3.788000 0.075000 0.378600
3.863000 0.075000 0.000000
-0.037500 0.225000 0.000000
0.037500 0.225000 0.038470
0.112500 0.225000 0.076940
0.187500 0.225000 0.115400
0.262500 0.225000 0.153900
0.337500 0.225000 0.192300
0.412500 0.225000 0.230700
0.487500 0.225000 0.269100
0.562500 0.225000 0.307400
0.637500 0.225000 0.345500
0.712500 0.225000 0.383500
0.787500 0.225000 0.421200
0.862500 0.225000 0.458500
0.937500 0.225000 0.495400
1.012000 0.225000 0.531500
1.087000 0.225000 0.566900
1.163000 0.225000 0.601100
1.238000 0.225000 0.634000
1.313000 0.225000 0.665200
1.388000 0.225000 0.694400
1.463000 0.225000 0.721100
1.538000 0.225000 0.744900
1.613000 0.225000 0.765500
1.688000 0.225000 0.782400
1.763000 0.225000 0.795200
1.838000 0.225000 0.803700
1.913000 0.225000 0.807800
1.988000 0.225000 0.807500
2.063000 0.225000 0.802900
2.138000 0.225000 0.794300
2.213000 0.225000 0.782200
2.288000 0.225000 0.767000
2.363000 0.225000 0.749400
2.438000 0.225000 0.729700
2.513000 0.225000 0.708600
2.588000 0.225000 0.686500
2.663000 0.225000 0.663800
2.738000 0.225000 0.641000
2.813000 0.225000 0.618200
2.888000 0.225000 0.595700
2.963000 0.225000 0.573600
3.038000 0.225000 0.552200
3.113000 0.225000 0.531400
3.188000 0.225000 0.511300
3.263000 0.225000 0.492000
3.338000 0.225000 0.473500
3.413000 0.225000 0.455800
3.488000 0.225000 0.438900
3.563000 0.225000 0.422700
3.638000 0.225000 0.407300
3.713000 0.225000 0.392600
3.788000 0.225000 0.378600
3.863000 0.225000 0.000000
-0.037500 0.375000 0.000000
0.037500 0.375000 0.288000
0.112500 0.375000 0.298500
0.187500 0.375000 0.315200
0.262500 0.375000 0.336100
0.337500 0.375000 0.359700
0.412500 0.375000 0.385300
0.487500 0.375000 0.412300
0.562500 0.375000 0.440200
0.637500 0.375000 0.468800
0.712500 0.375000 0.497800
0.787500 0.375000 0.526900
0.862500 0.375000 0.556000
0.937500 0.375000 0.584800
1.012000 0.375000 0.613100
1.087000 0.375000 0.640700
1.163000 0.375000 0.667300
1.238000 0.375000 0.692800
1.313000 0.375000 0.716700
1.388000 0.375000 0.738900
1.463000 0.375000 0.759000
1.538000 0.375000 0.776700
1.613000 0.375000 0.791800
1.688000 0.375000 0.804000
1.763000 0.375000 0.813000
1.838000 0.375000 0.818900
1.913000 0.375000 0.821400
1.988000 0.375000 0.820700
2.063000 0.375000 0.816800
2.138000 0.375000 0.810000
2.213000 0.375000 0.800500
2.288000 0.375000 0.788500
2.363000 0.375000 0.774600
2.438000 0.375000 0.759000
2.513000 0.375000 0.742100
2.588000 0.375000 0.724300
2.663000 0.375000 0.705800
2.738000 0.375000 0.687000
2.813000 0.375000 0.668000
2.888000 0.375000 0.649200
2.963000 0.375000 0.630700
3.038000 0.375000 0.612600
3.113000 0.375000 0.595000
3.188000 0.375000 0.578200
3.263000 0.375000 0.562100
3.338000 0.375000 0.546900
3.413000 0.375000 0.532600
3.488000 0.375000 0.519500
3.563000 0.375000 0.507700
3.638000 0.375000 0.497600
3.713000 0.375000 0.489600
3.788000 0.375000 0.484700
3.863000 0.375000 0.000000
-0.037500 0.525000 0.000000
0.037500 0.525000 0.441800
0.112500 0.525000 0.446100
0.187500 0.525000 0.454000
0.262500 0.525000 0.465000
0.337500 0.525000 0.478300
0.412500 0.525000 0.493400
0.487500 0.525000 0.510100
0.562500 0.525000 0.527900
0.637500 0.525000 0.546500
0.712500 0.525000 0.565700
0.787500 0.525000 0.585300
0.862500 0.525000 0.605000
0.937500 0.525000 0.624600
1.012000 0.525000 0.643900
1.087000 0.525000 0.662800
1.163000 0.525000 0.680900
1.238000 0.525000 0.698100
1.313000 0.525000 0.714200
1.388000 0.525000 0.729000
1.463000 0.525000 0.742300
1.538000 0.525000 0.753800
1.613000 0.525000 0.763500
1.688000 0.525000 0.771200
1.763000 0.525000 0.776700
1.838000 0.525000 0.780100
1.913000 0.525000 0.781200
1.988000 0.525000 0.780200
2.063000 0.525000 0.777000
2.138000 0.525000 0.771900
2.213000 0.525000 0.764800
2.288000 0.525000 0.756200
2.363000 0.525000 0.746100
2.438000 0.525000 0.734700
2.513000 0.525000 0.722400
2.588000 0.525000 0.709400
2.663000 0.525000 0.695700
2.738000 0.525000 0.681800
2.813000 0.525000 0.667700
2.888000 0.525000 0.653600
2.963000 0.525000 0.639700
3.038000 0.525000 0.626100
3.113000 0.525000 0.613000
3.188000 0.525000 0.600500
3.263000 0.525000 0.588700
3.338000 0.525000 0.577700
3.413000 0.525000 0.567700
3.488000 0.525000 0.558800
3.563000 0.525000 0.551100
3.638000 0.525000 0.544900
3.713000 0.525000 0.540500
3.788000 0.525000 0.538200
3.863000 0.525000 0.000000
-0.037500 0.675000 0.000000
0.037500 0.675000 0.514600
0.112500 0.675000 0.516800
0.187500 0.675000 0.520900
0.262500 0.675000 0.527000
0.337500 0.675000 0.534700
0.412500 0.675000 0.543800
0.487500 0.675000 0.554100
0.562500 0.675000 0.565400
0.637500 0.675000 0.577500
0.712500 0.675000 0.590100
0.787500 0.675000 0.603200
0.862500 0.675000 0.616400
0.937500 0.675000 0.629700
1.012000 0.675000 0.642800
1.087000 0.675000 0.655600
1.163000 0.675000 0.667800
1.238000 0.675000 0.679400
1.313000 0.675000 0.690200
1.388000 0.675000 0.700000
1.463000 0.675000 0.708700
1.538000 0.675000 0.716200
1.613000 0.675000 0.722400
1.688000 0.675000 0.727100
1.763000 0.675000 0.730400
1.838000 0.675000 0.732200
1.913000 0.675000 0.732500
1.988000 0.675000 0.731200
2.063000 0.675000 0.728600
2.138000 0.675000 0.724500
2.213000 0.675000 0.719200
2.288000 0.675000 0.712700
2.363000 0.675000 0.705200
2.438000 0.675000 0.696800
2.513000 0.675000 0.687600
2.588000 0.675000 0.677900
2.663000 0.675000 0.667700
2.738000 0.675000 0.657200
2.813000 0.675000 0.646600
2.888000 0.675000 0.636000
2.963000 0.675000 0.625600
3.038000 0.675000 0.615400
3.113000 0.675000 0.605600
3.188000 0.675000 0.596300
3.263000 0.675000 0.587600
3.338000 0.675000 0.579600
3.413000 0.675000 0.572500
3.488000 0.675000 0.566300
3.563000 0.675000 0.561200
3.638000 0.675000 0.557300
3.713000 0.675000 0.554600
3.788000 0.675000 0.553200
3.863000 0.675000 0.000000
-0.037500 0.825000 0.000000
0.037500 0.825000 0.531100
0.112500 0.825000 0.532700
0.187500 0.825000 0.535900
0.262500 0.825000 0.540500
0.337500 0.825000 0.546400
0.412500 0.825000 0.553500
0.487500 0.825000 0.561600
0.562500 0.825000 0.570600
0.637500 0.825000 0.580300
0.712500 0.825000 0.590500
0.787500 0.825000 0.601100
0.862500 0.825000 0.611900
0.937500 0.825000 0.622800
1.012000 0.825000 0.633500
1.087000 0.825000 0.643900
1.163000 0.825000 0.653900
1.238000 0.825000 0.663400
1.313000 0.825000 0.672200
1.388000 0.825000 0.680100
1.463000 0.825000 0.687100
1.538000 0.825000 0.693100
1.613000 0.825000 0.698000
1.688000 0.825000 0.701600
1.763000 0.825000 0.704100
1.838000 0.825000 0.705300
1.913000 0.825000 0.705300
1.988000 0.825000 0.704000
2.063000 0.825000 0.701500
2.138000 0.825000 0.697900
2.213000 0.825000 0.693200
2.288000 0.825000 0.687600
2.363000 0.825000 0.681000
2.438000 0.825000 0.673700
2.513000 0.825000 0.665800
2.588000 0.825000 0.657400
2.663000 0.825000 0.648600
2.738000 0.825000 0.639500
2.813000 0.825000 0.630300
2.888000 0.825000 0.621100
2.963000 0.825000 0.612000
3.038000 0.825000 0.603200
3.113000 0.825000 0.594700
3.188000 0.825000 0.586700
3.263000 0.825000 0.579300
3.338000 0.825000 0.572500
3.413000 0.825000 0.566500
3.488000 0.825000 0.561300
3.563000 0.825000 0.557100
3.638000 0.825000 0.553900
3.713000 0.825000 0.551700
3.788000 0.825000 0.550600
3.863000 0.825000 0.000000
-0.037500 0.975000 0.000000
0.037500 0.975000 0.532700
0.112500 0.975000 0.534000
0.187500 0.975000 0.536500
0.262500 0.975000 0.540200
0.337500 0.975000 0.545000
0.412500 0.975000 0.550800
0.487500 0.975000 0.557500
0.562500 0.975000 0.564900
0.637500 0.975000 0.572900
0.712500 0.975000 0.581400
0.787500 0.975000 0.590300
0.862500 0.975000 0.599300
0.937500 0.975000 0.608400
1.012000 0.975000 0.617400
1.087000 0.975000 0.626100
1.163000 0.975000 0.634500
1.238000 0.975000 0.642500
1.313000 0.975000 0.649800
1.388000 0.975000 0.656400
1.463000 0.975000 0.662200
1.538000 0.975000 0.667100
1.613000 0.975000 0.671100
1.688000 0.975000 0.674000
1.763000 0.975000 0.675900
1.838000 0.975000 0.676700
1.913000 0.975000 0.676500
1.988000 0.975000 0.675200
2.063000 0.975000 0.672900
2.138000 0.975000 0.669600
2.213000 0.975000 0.665400
2.288000 0.975000 0.660300
2.363000 0.975000 0.654500
2.438000 0.975000 0.648100
2.513000 0.975000 0.641100
2.588000 0.975000 0.633600
2.663000 0.975000 0.625800
2.738000 0.975000 0.617800
2.813000 0.975000 0.609700
2.888000 0.975000 0.601600
2.963000 0.975000 0.593600
3.038000 0.975000 0.585800
3.113000 0.975000 0.578400
3.188000 0.975000 0.571300
3.263000 0.975000 0.564800
3.338000 0.975000 0.558900
3.413000 0.975000 0.553700
3.488000 0.975000 0.549300
3.563000 0.975000 0.545600
3.638000 0.975000 0.542900
3.713000 0.975000 0.541000
3.788000 0.975000 0.540100
3.863000 0.975000 0.000000
-0.037500 1.125000 0.000000
0.037500 1.125000 0.522600
0.112500 1.125000 0.523700
0.187500 1.125000 0.525900
0.262500 1.125000 0.529000
0.337500 1.125000 0.533100
0.412500 1.125000 0.538100
0.487500 1.125000 0.543900
0.562500 1.125000 0.550300
0.637500 1.125000 0.557300
0.712500 1.125000 0.564700
0.787500 1.125000 0.572400
0.862500 1.125000 0.580300
0.937500 1.125000 0.588200
1.012000 1.125000 0.596100
1.087000 1.125000 0.603800
1.163000 1.125000 0.611100
1.238000 1.125000 0.618000
1.313000 1.125000 0.624400
1.388000 1.125000 0.630100
1.463000 1.125000 0.635100
1.538000 1.125000 0.639400
1.613000 1.125000 0.642700
1.688000 1.125000 0.645200
1.763000 1.125000 0.646800
1.838000 1.125000 0.647400
1.913000 1.125000 0.647100
1.988000 1.125000 0.645800
2.063000 1.125000 0.643600
2.138000 1.125000 0.640500
2.213000 1.125000 0.636700
2.288000 1.125000 0.632100
2.363000 1.125000 0.626800
2.438000 1.125000 0.620900
2.513000 1.125000 0.614500
2.588000 1.125000 0.607800
2.663000 1.125000 0.600700
2.738000 1.125000 0.593400
2.813000 1.125000 0.586100
2.888000 1.125000 0.578700
2.963000 1.125000 0.571500
3.038000 1.125000 0.564400
3.113000 1.125000 0.557700
3.188000 1.125000 0.551400
3.263000 1.125000 0.545500
3.338000 1.125000 0.540200
3.413000 1.125000 0.535500
3.488000 1.125000 0.531500
3.563000 1.125000 0.528300
3.638000 1.125000 0.525800
3.713000 1.125000 0.524200
3.788000 1.125000 0.523300
3.863000 1.125000 0.000000
-0.037500 1.275000 0.000000
0.037500 1.275000 0.483300
0.112500 1.275000 0.484200
0.187500 1.275000 0.486000
0.262500 1.275000 0.488700
0.337500 1.275000 0.492100
0.412500 1.275000 0.496300
0.487500 1.275000 0.501200
0.562500 1.275000 0.506700
0.637500 1.275000 0.512600
0.712500 1.275000 0.518900
0.787500 1.275000 0.525400
0.862500 1.275000 0.532100
0.937500 1.275000 0.538900
1.012000 1.275000 0.545600
1.087000 1.275000 0.552100
1.163000 1.275000 0.558300
1.238000 1.275000 0.564200
1.313000 1.275000 0.569600
1.388000 1.275000 0.574500
1.463000 1.275000 0.578700
1.538000 1.275000 0.582300
1.613000 1.275000 0.585100
1.688000 1.275000 0.587200
1.763000 1.275000 0.588400
1.838000 1.275000 0.588900
1.913000 1.275000 0.588500
1.988000 1.275000 0.587300
2.063000 1.275000 0.585300
2.138000 1.275000 0.582600
2.213000 1.275000 0.579200
2.288000 1.275000 0.575100
2.363000 1.275000 0.570400
2.438000 1.275000 0.565300
2.513000 1.275000 0.559700
2.588000 1.275000 0.553700
2.663000 1.275000 0.547500
2.738000 1.275000 0.541200
2.813000 1.275000 0.534700
2.888000 1.275000 0.528300
2.963000 1.275000 0.522000
3.038000 1.275000 0.515800
3.113000 1.275000 0.509900
3.188000 1.275000 0.504400
3.263000 1.275000 0.499300
3.338000 1.275000 0.494700
3.413000 1.275000 0.490600
3.488000 1.275000 0.487100
3.563000 1.275000 0.484300
3.638000 1.275000 0.482200
3.713000 1.275000 0.480800
3.788000 1.275000 0.480000
3.863000 1.275000 0.000000
-0.037500 1.425000 0.000000
0.037500 1.425000 0.418000
0.112500 1.425000 0.418700
0.187500 1.425000 0.420100
0.262500 1.425000 0.422100
0.337500 1.425000 0.424800
0.412500 1.425000 0.428000
0.487500 1.425000 0.431800
0.562500 1.425000 0.436000
0.637500 1.425000 0.440500
0.712500 1.425000 0.445400
0.787500 1.425000 0.450400
0.862500 1.425000 0.455600
0.937500 1.425000 0.460800
1.012000 1.425000 0.466000
1.087000 1.425000 0.471100
1.163000 1.425000 0.475900
1.238000 1.425000 0.480400
1.313000 1.425000 0.484600
1.388000 1.425000 0.488300
1.463000 1.425000 0.491500
1.538000 1.425000 0.494200
1.613000 1.425000 0.496400
1.688000 1.425000 0.497900
1.763000 1.425000 0.498800
1.838000 1.425000 0.499000
1.913000 1.425000 0.498600
1.988000 1.425000 0.497600
2.063000 1.425000 0.495900
2.138000 1.425000 0.493700
2.213000 1.425000 0.490900
2.288000 1.425000 0.487600
2.363000 1.425000 0.483800
2.438000 1.425000 0.479600
2.513000 1.425000 0.475100
2.588000 1.425000 0.470300
2.663000 1.425000 0.465400
2.738000 1.425000 0.460200
2.813000 1.425000 0.455100
2.888000 1.425000 0.449900
2.963000 1.425000 0.444800
3.038000 1.425000 0.439900
3.113000 1.425000 0.435200
3.188000 1.425000 0.430700
3.263000 1.425000 0.426700
3.338000 1.425000 0.423000
3.413000 1.425000 0.419700
3.488000 1.425000 0.417000
3.563000 1.425000 0.414700
3.638000 1.425000 0.413000
3.713000 1.425000 0.411900
3.788000 1.425000 0.411300
3.863000 1.425000 0.000000
-0.037500 1.575000 0.000000
0.037500 1.575000 0.351900
0.112500 1.575000 0.352400
0.187500 1.575000 0.353400
0.262500 1.575000 0.355000
0.337500 1.575000 0.357000
0.412500 1.575000 0.359400
0.487500 1.575000 0.362300
0.562500 1.575000 0.365400
0.637500 1.575000 0.368900
0.712500 1.575000 0.372500
0.787500 1.575000 0.376400
0.862500 1.575000 0.380300
0.937500 1.575000 0.384200
1.012000 1.575000 0.388100
1.087000 1.575000 0.391900
1.163000 1.575000 0.395500
1.238000 1.575000 0.398900
1.313000 1.575000 0.402100
1.388000 1.575000 0.404900
1.463000 1.575000 0.407300
1.538000 1.575000 0.409300
1.613000 1.575000 0.410900
1.688000 1.575000 0.411900
1.763000 1.575000 0.412500
1.838000 1.575000 0.412700
1.913000 1.575000 0.412300
1.988000 1.575000 0.411400
2.063000 1.575000 0.410000
2.138000 1.575000 0.408200
2.213000 1.575000 0.406000
2.288000 1.575000 0.403400
2.363000 1.575000 0.400400
2.438000 1.575000 0.397100
2.513000 1.575000 0.393500
2.588000 1.575000 0.389800
2.663000 1.575000 0.385800
2.738000 1.575000 0.381800
2.813000 1.575000 0.377800
2.888000 1.575000 0.373700
2.963000 1.575000 0.369700
3.038000 1.575000 0.365900
3.113000 1.575000 0.362200
3.188000 1.575000 0.358700
3.263000 1.575000 0.355600
3.338000 1.575000 0.352700
3.413000 1.575000 0.350200
3.488000 1.575000 0.348000
3.563000 1.575000 0.346200
3.638000 1.575000 0.344900
3.713000 1.575000 0.344000
3.788000 1.575000 0.343600
3.863000 1.575000 0.000000
-0.037500 1.725000 0.000000
0.037500 1.725000 0.288700
0.112500 1.725000 0.289000
0.187500 1.725000 0.289800
0.262500 1.725000 0.290900
0.337500 1.725000 0.292400
0.412500 1.725000 0.294200
0.487500 1.725000 0.296300
0.562500 1.725000 0.298600
0.637500 1.725000 0.301100
0.712500 1.725000 0.303800
0.787500 1.725000 0.306600
0.862500 1.725000 0.309500
0.937500 1.725000 0.312400
1.012000 1.725000 0.315300
1.087000 1.725000 0.318000
1.163000 1.725000 0.320700
1.238000 1.725000 0.323200
1.313000 1.725000 0.325500
1.388000 1.725000 0.327500
1.463000 1.725000 0.329300
1.538000 1.725000 0.330700
1.613000 1.725000 0.331800
1.688000 1.725000 0.332600
1.763000 1.725000 0.332900
1.838000 1.725000 0.333000
1.913000 1.725000 0.332600
1.988000 1.725000 0.331900
2.063000 1.725000 0.330800
2.138000 1.725000 0.329400
2.213000 1.725000 0.327600
2.288000 1.725000 0.325600
2.363000 1.725000 0.323300
2.438000 1.725000 0.320800
2.513000 1.725000 0.318100
2.588000 1.725000 0.315200
2.663000 1.725000 0.312200
2.738000 1.725000 0.309100
2.813000 1.725000 0.306000
2.888000 1.725000 0.302900
2.963000 1.725000 0.299900
3.038000 1.725000 0.296900
3.113000 1.725000 0.294100
3.188000 1.725000 0.291500
3.263000 1.725000 0.289100
3.338000 1.725000 0.286900
3.413000 1.725000 0.285000
3.488000 1.725000 0.283300
3.563000 1.725000 0.282000
3.638000 1.725000 0.281000
3.713000 1.725000 0.280300
3.788000 1.725000 0.280000
3.863000 1.725000 0.000000
-0.037500 1.875000 0.000000
0.037500 1.875000 0.230500
0.112500 1.875000 0.230700
0.187500 1.875000 0.231300
0.262500 1.875000 0.232100
0.337500 1.875000 0.233100
0.412500 1.875000 0.234400
0.487500 1.875000 0.235800
0.562500 1.875000 0.237500
0.637500 1.875000 0.239300
0.712500 1.875000 0.241200
0.787500 1.875000 0.243200
0.862500 1.875000 0.245200
0.937500 1.875000 0.247300
1.012000 1.875000 0.249300
1.087000 1.875000 0.251300
1.163000 1.875000 0.253100
1.238000 1.875000 0.254900
1.313000 1.875000 0.256500
1.388000 1.875000 0.257900
1.463000 1.875000 0.259100
1.538000 1.875000 0.260100
1.613000 1.875000 0.260900
1.688000 1.875000 0.261300
1.763000 1.875000 0.261600
1.838000 1.875000 0.261500
1.913000 1.875000 0.261200
1.988000 1.875000 0.260600
2.063000 1.875000 0.259800
2.138000 1.875000 0.258700
2.213000 1.875000 0.257400
2.288000 1.875000 0.255900
2.363000 1.875000 0.254200
2.438000 1.875000 0.252300
2.513000 1.875000 0.250300
2.588000 1.875000 0.248100
2.663000 1.875000 0.245900
2.738000 1.875000 0.243600
2.813000 1.875000 0.241400
2.888000 1.875000 0.239100
2.963000 1.875000 0.236800
3.038000 1.875000 0.234700
3.113000 1.875000 0.232600
3.188000 1.875000 0.230700
3.263000 1.875000 0.228900
3.338000 1.875000 0.227300
3.413000 1.875000 0.225900
3.488000 1.875000 0.224700
3.563000 1.875000 0.223700
3.638000 1.875000 0.223000
3.713000 1.875000 0.222500
3.788000 1.875000 0.222200
3.863000 1.875000 0.000000
-0.037500 2.025000 0.000000
0.037500 2.025000 0.178300
0.112500 2.025000 0.178500
0.187500 2.025000 0.178900
0.262500 2.025000 0.179400
0.337500 2.025000 0.180100
0.412500 2.025000 0.180900
0.487500 2.025000 0.181900
0.562500 2.025000 0.183000
0.637500 2.025000 0.184200
0.712500 2.025000 0.185500
0.787500 2.025000 0.186800
0.862500 2.025000 0.188100
0.937500 2.025000 0.189500
1.012000 2.025000 0.190800
1.087000 2.025000 0.192200
1.163000 2.025000 0.193400
1.238000 2.025000 0.194500
1.313000 2.025000 0.195600
1.388000 2.025000 0.196500
1.463000 2.025000 0.197300
1.538000 2.025000 0.197900
1.613000 2.025000 0.198400
1.688000 2.025000 0.198700
1.763000 2.025000 0.198800
1.838000 2.025000 0.198700
1.913000 2.025000 0.198400
1.988000 2.025000 0.198000
2.063000 2.025000 0.197400
2.138000 2.025000 0.196600
2.213000 2.025000 0.195600
2.288000 2.025000 0.194600
2.363000 2.025000 0.193300
2.438000 2.025000 0.192000
2.513000 2.025000 0.190600
2.588000 2.025000 0.189100
2.663000 2.025000 0.187500
2.738000 2.025000 0.185900
2.813000 2.025000 0.184300
2.888000 2.025000 0.182700
2.963000 2.025000 0.181200
3.038000 2.025000 0.179600
3.113000 2.025000 0.178200
3.188000 2.025000 0.176900
3.263000 2.025000 0.175600
3.338000 2.025000 0.174500
3.413000 2.025000 0.173500
3.488000 2.025000 0.172700
3.563000 2.025000 0.172000
3.638000 2.025000 0.171500
3.713000 2.025000 0.171100
3.788000 2.025000 0.171000
3.863000 2.025000 0.000000
-0.037500 2.175000 0.000000
0.037500 2.175000 0.132500
0.112500 2.175000 0.132600
0.187500 2.175000 0.132800
0.262500 2.175000 0.133200
0.337500 2.175000 0.133600
0.412500 2.175000 0.134100
0.487500 2.175000 0.134600
0.562500 2.175000 0.135300
0.637500 2.175000 0.136000
0.712500 2.175000 0.136700
0.787500 2.175000 0.137500
0.862500 2.175000 0.138300
0.937500 2.175000 0.139100
1.012000 2.175000 0.139800
1.087000 2.175000 0.140600
1.163000 2.175000 0.141300
1.238000 2.175000 0.141900
1.313000 2.175000 0.142500
1.388000 2.175000 0.143000
1.463000 2.175000 0.143500
1.538000 2.175000 0.143800
1.613000 2.175000 0.144000
1.688000 2.175000 0.144200
1.763000 2.175000 0.144200
1.838000 2.175000 0.144100
1.913000 2.175000 0.143900
1.988000 2.175000 0.143500
2.063000 2.175000 0.143100
2.138000 2.175000 0.142600
2.213000 2.175000 0.141900
2.288000 2.175000 0.141200
2.363000 2.175000 0.140400
2.438000 2.175000 0.139600
2.513000 2.175000 0.138600
2.588000 2.175000 0.137700
2.663000 2.175000 0.136700
2.738000 2.175000 0.135700
2.813000 2.175000 0.134600
2.888000 2.175000 0.133600
2.963000 2.175000 0.132600
3.038000 2.175000 0.131700
3.113000 2.175000 0.130800
3.188000 2.175000 0.129900
3.263000 2.175000 0.129100
3.338000 2.175000 0.128400
3.413000 2.175000 0.127800
3.488000 2.175000 0.127300
3.563000 2.175000 0.126900
3.638000 2.175000 0.126600
3.713000 2.175000 0.126300
3.788000 2.175000 0.126200
3.863000 2.175000 0.000000
-0.037500 2.325000 0.000000
0.037500 2.325000 0.106100
0.112500 2.325000 0.106200
0.187500 2.325000 0.106300
0.262500 2.325000 0.106500
0.337500 2.325000 0.106700
0.412500 2.325000 0.107000
0.487500 2.325000 0.107300
0.562500 2.325000 0.107700
0.637500 2.325000 0.108100
0.712500 2.325000 0.108600
0.787500 2.325000 0.109000
0.862500 2.325000 0.109500
0.937500 2.325000 0.109900
1.012000 2.325000 0.110400
1.087000 2.325000 0.110800
1.163000 2.325000 0.111200
1.238000 2.325000 0.111600
1.313000 2.325000 0.111900
1.388000 2.325000 0.112200
1.463000 2.325000 0.112400
1.538000 2.325000 0.112600
1.613000 2.325000 0.112600
1.688000 2.325000 0.112700
1.763000 2.325000 0.112600
1.838000 2.325000 0.112500
1.913000 2.325000 0.112300
1.988000 2.325000 0.112100
2.063000 2.325000 0.111800
2.138000 2.325000 0.111400
2.213000 2.325000 0.110900
2.288000 2.325000 0.110400
2.363000 2.325000 0.109900
2.438000 2.325000 0.109300
2.513000 2.325000 0.108700
2.588000 2.325000 0.108000
2.663000 2.325000 0.107300
2.738000 2.325000 0.106700
2.813000 2.325000 0.106000
2.888000 2.325000 0.105300
2.963000 2.325000 0.104700
3.038000 2.325000 0.104000
3.113000 2.325000 0.103400
3.188000 2.325000 0.102900
3.263000 2.325000 0.102400
3.338000 2.325000 0.101900
3.413000 2.325000 0.101500
3.488000 2.325000 0.101200
3.563000 2.325000 0.100900
3.638000 2.325000 0.100700
3.713000 2.325000 0.100500
3.788000 2.325000 0.100500
3.863000 2.325000 0.000000
-0.037500 2.475000 0.000000
0.037500 2.475000 0.094510
0.112500 2.475000 0.094560
0.187500 2.475000 0.094650
0.262500 2.475000 0.094790
0.337500 2.475000 0.094970
0.412500 2.475000 0.095190
0.487500 2.475000 0.095450
0.562500 2.475000 0.095730
0.637500 2.475000 0.096040
0.712500 2.475000 0.096360
0.787500 2.475000 0.096700
0.862500 2.475000 0.097040
0.937500 2.475000 0.097390
1.012000 2.475000 0.097720
1.087000 2.475000 0.098030
1.163000 2.475000 0.098330
1.238000 2.475000 0.098590
1.313000 2.475000 0.098830
1.388000 2.475000 0.099020
1.463000 2.475000 0.099170
1.538000 2.475000 0.099270
1.613000 2.475000 0.099320
1.688000 2.475000 0.099320
1.763000 2.475000 0.099260
1.838000 2.475000 0.099140
1.913000 2.475000 0.098970
1.988000 2.475000 0.098750
2.063000 2.475000 0.098470
2.138000 2.475000 0.098150
2.213000 2.475000 0.097770
2.288000 2.475000 0.097360
2.363000 2.475000 0.096900
2.438000 2.475000 0.096420
2.513000 2.475000 0.095910
2.588000 2.475000 0.095370
2.663000 2.475000 0.094830
2.738000 2.475000 0.094280
2.813000 2.475000 0.093730
2.888000 2.475000 0.093190
2.963000 2.475000 0.092660
3.038000 2.475000 0.092150
3.113000 2.475000 0.091670
3.188000 2.475000 0.091220
3.263000 2.475000 0.090810
3.338000 2.475000 0.090440
3.413000 2.475000 0.090120
3.488000 2.475000 0.089850
3.563000 2.475000 0.089630
3.638000 2.475000 0.089460
3.713000 2.475000 0.089350
3.788000 2.475000 0.089300
3.863000 2.475000 0.000000
-0.037500 2.625000 0.000000
0.037500 2.625000 0.084560
0.112500 2.625000 0.084600
0.187500 2.625000 0.084670
0.262500 2.625000 0.084780
0.337500 2.625000 0.084920
0.412500 2.625000 0.085090
0.487500 2.625000 0.085290
0.562500 2.625000 0.085510
0.637500 2.625000 0.085750
0.712500 2.625000 0.086000
0.787500 2.625000 0.086260
0.862500 2.625000 0.086530
0.937500 2.625000 0.086790
1.012000 2.625000 0.087040
1.087000 2.625000 0.087280
1.163000 2.625000 0.087510
1.238000 2.625000 0.087700
1.313000 2.625000 0.087880
1.388000 2.625000 0.088010
1.463000 2.625000 0.088120
1.538000 2.625000 0.088180
1.613000 2.625000 0.088200
1.688000 2.625000 0.088180
1.763000 2.625000 0.088120
1.838000 2.625000 0.088010
1.913000 2.625000 0.087850
1.988000 2.625000 0.087650
2.063000 2.625000 0.087410
2.138000 2.625000 0.087130
2.213000 2.625000 0.086810
2.288000 2.625000 0.086460
2.363000 2.625000 0.086080
2.438000 2.625000 0.085670
2.513000 2.625000 0.085240
2.588000 2.625000 0.084800
2.663000 2.625000 0.084350
2.738000 2.625000 0.083890
2.813000 2.625000 0.083430
2.888000 2.625000 0.082980
2.963000 2.625000 0.082550
3.038000 2.625000 0.082130
3.113000 2.625000 0.081730
3.188000 2.625000 0.081360
3.263000 2.625000 0.081020
3.338000 2.625000 0.080720
3.413000 2.625000 0.080460
3.488000 2.625000 0.080240
3.563000 2.625000 0.080060
3.638000 2.625000 0.079920
3.713000 2.625000 0.079830
3.788000 2.625000 0.079790
3.863000 2.625000 0.000000
-0.037500 2.775000 0.000000
0.037500 2.775000 0.076230
0.112500 2.775000 0.076260
0.187500 2.775000 0.076320
0.262500 2.775000 0.076410
0.337500 2.775000 0.076530
0.412500 2.775000 0.076670
0.487500 2.775000 0.076830
0.562500 2.775000 0.077010
0.637500 2.775000 0.077210
0.712500 2.775000 0.077420
0.787500 2.775000 0.077630
0.862500 2.775000 0.077840
0.937500 2.775000 0.078060
1.012000 2.775000 0.078260
1.087000 2.775000 0.078450
1.163000 2.775000 0.078630
1.238000 2.775000 0.078790
1.313000 2.775000 0.078920
1.388000 2.775000 0.079030
1.463000 2.775000 0.079110
1.538000 2.775000 0.079150
1.613000 2.775000 0.079160
1.688000 2.775000 0.079130
1.763000 2.775000 0.079070
1.838000 2.775000 0.078960
1.913000 2.775000 0.078820
1.988000 2.775000 0.078640
2.063000 2.775000 0.078430
2.138000 2.775000 0.078180
2.213000 2.775000 0.077900
2.288000 2.775000 0.077600
2.363000 2.775000 0.077260
2.438000 2.775000 0.076910
2.513000 2.775000 0.076540
2.588000 2.775000 0.076160
2.663000 2.775000 0.075770
2.738000 2.775000 0.075380
2.813000 2.775000 0.074980
2.888000 2.775000 0.074600
2.963000 2.775000 0.074220
3.038000 2.775000 0.073870
3.113000 2.775000 0.073530
3.188000 2.775000 0.073210
3.263000 2.775000 0.072930
3.338000 2.775000 0.072670
3.413000 2.775000 0.072440
3.488000 2.775000 0.072260
3.563000 2.775000 0.072100
3.638000 2.775000 0.071990
3.713000 2.775000 0.071910
3.788000 2.775000 0.071870
3.863000 2.775000 0.000000
-0.037500 2.925000 0.000000
0.037500 2.925000 0.062670
0.112500 2.925000 0.062700
0.187500 2.925000 0.062750
0.262500 2.925000 0.062820
0.337500 2.925000 0.062910
0.412500 2.925000 0.063020
0.487500 2.925000 0.063150
0.562500 2.925000 0.063290
0.637500 2.925000 0.063440
0.712500 2.925000 0.063600
0.787500 2.925000 0.063770
0.862500 2.925000 0.063940
0.937500 2.925000 0.064100
1.012000 2.925000 0.064260
1.087000 2.925000 0.064410
1.163000 2.925000 0.064550
1.238000 2.925000 0.064670
1.313000 2.925000 0.064770
1.388000 2.925000 0.064850
1.463000 2.925000 0.064900
1.538000 2.925000 0.064930
1.613000 2.925000 0.064940
1.688000 2.925000 0.064910
1.763000 2.925000 0.064850
1.838000 2.925000 0.064760
1.913000 2.925000 0.064650
1.988000 2.925000 0.064500
2.063000 2.925000 0.064330
2.138000 2.925000 0.064130
2.213000 2.925000 0.063900
2.288000 2.925000 0.063650
2.363000 2.925000 0.063380
2.438000 2.925000 0.063100
2.513000 2.925000 0.062800
2.588000 2.925000 0.062500
2.663000 2.925000 0.062180
2.738000 2.925000 0.061870
2.813000 2.925000 0.061550
2.888000 2.925000 0.061250
2.963000 2.925000 0.060950
3.038000 2.925000 0.060660
3.113000 2.925000 0.060390
3.188000 2.925000 0.060140
3.263000 2.925000 0.059910
3.338000 2.925000 0.059710
3.413000 2.925000 0.059530
3.488000 2.925000 0.059380
3.563000 2.925000 0.059260
3.638000 2.925000 0.059170
3.713000 2.925000 0.059110
3.788000 2.925000 0.059080
3.863000 2.925000 0.000000
-0.037500 3.075000 0.000000
0.037500 3.075000 0.046880
0.112500 3.075000 0.046890
0.187500 3.075000 0.046930
0.262500 3.075000 0.046980
0.337500 3.075000 0.047040
0.412500 3.075000 0.047120
0.487500 3.075000 0.047210
0.562500 3.075000 0.047310
0.637500 3.075000 0.047410
0.712500 3.075000 0.047520
0.787500 3.075000 0.047640
0.862500 3.075000 0.047750
0.937500 3.075000 0.047870
1.012000 3.075000 0.047980
1.087000 3.075000 0.048080
1.163000 3.075000 0.048170
1.238000 3.075000 0.048250
1.313000 3.075000 0.048320
1.388000 3.075000 0.048370
1.463000 3.075000 0.048410
1.538000 3.075000 0.048420
1.613000 3.075000 0.048420
1.688000 3.075000 0.048400
1.763000 3.075000 0.048350
1.838000 3.075000 0.048280
1.913000 3.075000 0.048190
1.988000 3.075000 0.048090
2.063000 3.075000 0.047960
2.138000 3.075000 0.047810
2.213000 3.075000 0.047640
2.288000 3.075000 0.047460
2.363000 3.075000 0.047270
2.438000 3.075000 0.047060
2.513000 3.075000 0.046850
2.588000 3.075000 0.046620
2.663000 3.075000 0.046400
2.738000 3.075000 0.046170
2.813000 3.075000 0.045940
2.888000 3.075000 0.045720
2.963000 3.075000 0.045500
3.038000 3.075000 0.045300
3.113000 3.075000 0.045100
3.188000 3.075000 0.044920
3.263000 3.075000 0.044760
3.338000 3.075000 0.044610
3.413000 3.075000 0.044480
3.488000 3.075000 0.044380
3.563000 3.075000 0.044290
3.638000 3.075000 0.044230
3.713000 3.075000 0.044180
3.788000 3.075000 0.044160
3.863000 3.075000 0.000000
-0.037500 3.225000 0.000000
0.037500 3.225000 0.034750
0.112500 3.225000 0.034760
0.187500 3.225000 0.034780
0.262500 3.225000 0.034820
0.337500 3.225000 0.034860
0.412500 3.225000 0.034910
0.487500 3.225000 0.034970
0.562500 3.225000 0.035040
0.637500 3.225000 0.035110
0.712500 3.225000 0.035190
0.787500 3.225000 0.035270
0.862500 3.225000 0.035350
0.937500 3.225000 0.035420
1.012000 3.225000 0.035500
1.087000 3.225000 0.035570
1.163000 3.225000 0.035630
1.238000 3.225000 0.035680
1.313000 3.225000 0.035730
1.388000 3.225000 0.035760
1.463000 3.225000 0.035780
1.538000 3.225000 0.035790
1.613000 3.225000 0.035780
1.688000 3.225000 0.035760
1.763000 3.225000 0.035730
1.838000 3.225000 0.035680
1.913000 3.225000 0.035610
1.988000 3.225000 0.035530
2.063000 3.225000 0.035440
2.138000 3.225000 0.035330
2.213000 3.225000 0.035210
2.288000 3.225000 0.035080
2.363000 3.225000 0.034940
2.438000 3.225000 0.034790
2.513000 3.225000 0.034630
2.588000 3.225000 0.034470
2.663000 3.225000 0.034310
2.738000 3.225000 0.034150
2.813000 3.225000 0.033980
2.888000 3.225000 0.033830
2.963000 3.225000 0.033670
3.038000 3.225000 0.033520
3.113000 3.225000 0.033380
3.188000 3.225000 0.033260
3.263000 3.225000 0.033140
3.338000 3.225000 0.033030
3.413000 3.225000 0.032940
3.488000 3.225000 0.032860
3.563000 3.225000 0.032800
3.638000 3.225000 0.032750
3.713000 3.225000 0.032720
3.788000 3.225000 0.032700
3.863000 3.225000 0.000000
-0.037500 3.375000 0.000000
0.037500 3.375000 0.025530
0.112500 3.375000 0.025540
0.187500 3.375000 0.025560
0.262500 3.375000 0.025580
0.337500 3.375000 0.025610
0.412500 3.375000 0.025650
0.487500 3.375000 0.025690
0.562500 3.375000 0.025730
0.637500 3.375000 0.025780
0.712500 3.375000 0.025830
0.787500 3.375000 0.025890
0.862500 3.375000 0.025940
0.937500 3.375000 0.025990
1.012000 3.375000 0.026040
1.087000 3.375000 0.026090
1.163000 3.375000 0.026130
1.238000 3.375000 0.026160
1.313000 3.375000 0.026190
1.388000 3.375000 0.026210
1.463000 3.375000 0.026220
1.538000 3.375000 0.026230
1.613000 3.375000 0.026220
1.688000 3.375000 0.026200
1.763000 3.375000 0.026170
1.838000 3.375000 0.026140
1.913000 3.375000 0.026090
1.988000 3.375000 0.026030
2.063000 3.375000 0.025960
2.138000 3.375000 0.025880
2.213000 3.375000 0.025800
2.288000 3.375000 0.025700
2.363000 3.375000 0.025600
2.438000 3.375000 0.025500
2.513000 3.375000 0.025380
2.588000 3.375000 0.025270
2.663000 3.375000 0.025160
2.738000 3.375000 0.025040
2.813000 3.375000 0.024920
2.888000 3.375000 0.024810
2.963000 3.375000 0.024700
3.038000 3.375000 0.024600
3.113000 3.375000 0.024500
3.188000 3.375000 0.024410
3.263000 3.375000 0.024320
3.338000 3.375000 0.024250
3.413000 3.375000 0.024180
3.488000 3.375000 0.024130
3.563000 3.375000 0.024080
3.638000 3.375000 0.024040
3.713000 3.375000 0.024020
3.788000 3.375000 0.024010
3.863000 3.375000 0.000000
-0.037500 3.525000 0.000000
0.037500 3.525000 0.018610
0.112500 3.525000 0.018610
0.187500 3.525000 0.018620
0.262500 3.525000 0.018640
0.337500 3.525000 0.018660
0.412500 3.525000 0.018680
0.487500 3.525000 0.018710
0.562500 3.525000 0.018740
0.637500 3.525000 0.018770
0.712500 3.525000 0.018810
0.787500 3.525000 0.018840
0.862500 3.525000 0.018880
0.937500 3.525000 0.018910
1.012000 3.525000 0.018940
1.087000 3.525000 0.018970
1.163000 3.525000 0.019000
1.238000 3.525000 0.019020
1.313000 3.525000 0.019040
1.388000 3.525000 0.019050
1.463000 3.525000 0.019060
1.538000 3.525000 0.019060
1.613000 3.525000 0.019050
1.688000 3.525000 0.019040
1.763000 3.525000 0.019020
1.838000 3.525000 0.018990
1.913000 3.525000 0.018950
1.988000 3.525000 0.018910
2.063000 3.525000 0.018860
2.138000 3.525000 0.018810
2.213000 3.525000 0.018740
2.288000 3.525000 0.018680
2.363000 3.525000 0.018610
2.438000 3.525000 0.018530
2.513000 3.525000 0.018450
2.588000 3.525000 0.018370
2.663000 3.525000 0.018290
2.738000 3.525000 0.018210
2.813000 3.525000 0.018130
2.888000 3.525000 0.018050
2.963000 3.525000 0.017970
3.038000 3.525000 0.017900
3.113000 3.525000 0.017830
3.188000 3.525000 0.017760
3.263000 3.525000 0.017700
3.338000 3.525000 0.017650
3.413000 3.525000 0.017600
3.488000 3.525000 0.017560
3.563000 3.525000 0.017530
3.638000 3.525000 0.017500
3.713000 3.525000 0.017490
3.788000 3.525000 0.017480
3.863000 3.525000 0.000000
-0.037500 3.675000 0.000000
0.037500 3.675000 0.013450
0.112500 3.675000 0.013450
0.187500 3.675000 0.013460
0.262500 3.675000 0.013470
0.337500 3.675000 0.013480
0.412500 3.675000 0.013500
0.487500 3.675000 0.013510
0.562500 3.675000 0.013530
0.637500 3.675000 0.013560
0.712500 3.675000 0.013580
0.787500 3.675000 0.013600
0.862500 3.675000 0.013620
0.937500 3.675000 0.013650
1.012000 3.675000 0.013670
1.087000 3.675000 0.013690
1.163000 3.675000 0.013710
1.238000 3.675000 0.013720
1.313000 3.675000 0.013730
1.388000 3.675000 0.013740
1.463000 3.675000 0.013740
1.538000 3.675000 0.013740
1.613000 3.675000 0.013730
1.688000 3.675000 0.013720
1.763000 3.675000 0.013710
1.838000 3.675000 0.013690
1.913000 3.675000 0.013660
1.988000 3.675000 0.013630
2.063000 3.675000 0.013590
2.138000 3.675000 0.013560
2.213000 3.675000 0.013510
2.288000 3.675000 0.013460
2.363000 3.675000 0.013410
2.438000 3.675000 0.013360
2.513000 3.675000 0.013310
2.588000 3.675000 0.013250
2.663000 3.675000 0.013190
2.738000 3.675000 0.013130
2.813000 3.675000 0.013080
2.888000 3.675000 0.013020
2.963000 3.675000 0.012970
3.038000 3.675000 0.012920
3.113000 3.675000 0.012870
3.188000 3.675000 0.012820
3.263000 3.675000 0.012780
3.338000 3.675000 0.012740
3.413000 3.675000 0.012710
3.488000 3.675000 0.012680
3.563000 3.675000 0.012660
3.638000 3.675000 0.012640
3.713000 3.675000 0.012630
3.788000 3.675000 0.012620
3.863000 3.675000 0.000000
-0.037500 3.825000 0.000000
0.037500 3.825000 0.009643
0.112500 3.825000 0.009645
0.187500 3.825000 0.009649
0.262500 3.825000 0.009656
0.337500 3.825000 0.009665
0.412500 3.825000 0.009675
0.487500 3.825000 0.009687
0.562500 3.825000 0.009700
0.637500 3.825000 0.009714
0.712500 3.825000 0.009729
0.787500 3.825000 0.009745
0.862500 3.825000 0.009760
0.937500 3.825000 0.009774
1.012000 3.825000 0.009788
1.087000 3.825000 0.009801
1.163000 3.825000 0.009812
1.238000 3.825000 0.009821
1.313000 3.825000 0.009827
1.388000 3.825000 0.009831
1.463000 3.825000 0.009833
1.538000 3.825000 0.009831
1.613000 3.825000 0.009826
1.688000 3.825000 0.009817
1.763000 3.825000 0.009806
1.838000 3.825000 0.009790
1.913000 3.825000 0.009772
1.988000 3.825000 0.009750
2.063000 3.825000 0.009725
2.138000 3.825000 0.009697
2.213000 3.825000 0.009666
2.288000 3.825000 0.009633
2.363000 3.825000 0.009598
2.438000 3.825000 0.009561
2.513000 3.825000 0.009522
2.588000 3.825000 0.009483
2.663000 3.825000 0.009443
2.738000 3.825000 0.009403
2.813000 3.825000 0.009364
2.888000 3.825000 0.009325
2.963000 3.825000 0.009287
3.038000 3.825000 0.009251
3.113000 3.825000 0.009217
3.188000 3.825000 0.009186
3.263000 3.825000 0.009156
3.338000 3.825000 0.009130
3.413000 3.825000 0.009107
3.488000 3.825000 0.009087
3.563000 3.825000 0.009070
3.638000 3.825000 0.009057
3.713000 3.825000 0.009048
3.788000 3.825000 0.009043
3.863000 3.825000 0.000000
-0.037500 3.975000 0.000000
0.037500 3.975000 0.006867
0.112500 3.975000 0.006868
0.187500 3.975000 0.006871
0.262500 3.975000 0.006875
0.337500 3.975000 0.006881
0.412500 3.975000 0.006888
0.487500 3.975000 0.006895
0.562500 3.975000 0.006904
0.637500 3.975000 0.006913
0.712500 3.975000 0.006923
0.787500 3.975000 0.006933
0.862500 3.975000 0.006943
0.937500 3.975000 0.006952
1.012000 3.975000 0.006961
1.087000 3.975000 0.006969
1.163000 3.975000 0.006976
1.238000 3.975000 0.006981
1.313000 3.975000 0.006985
1.388000 3.975000 0.006987
1.463000 3.975000 0.006987
1.538000 3.975000 0.006985
1.613000 3.975000 0.006981
1.688000 3.975000 0.006975
1.763000 3.975000 0.006966
1.838000 3.975000 0.006955
1.913000 3.975000 0.006942
1.988000 3.975000 0.006927
2.063000 3.975000 0.006909
2.138000 3.975000 0.006889
2.213000 3.975000 0.006868
2.288000 3.975000 0.006845
2.363000 3.975000 0.006820
2.438000 3.975000 0.006795
2.513000 3.975000 0.006768
2.588000 3.975000 0.006741
2.663000 3.975000 0.006713
2.738000 3.975000 0.006686
2.813000 3.975000 0.006658
2.888000 3.975000 0.006632
2.963000 3.975000 0.006606
3.038000 3.975000 0.006581
3.113000 3.975000 0.006557
3.188000 3.975000 0.006535
3.263000 3.975000 0.006515
3.338000 3.975000 0.006497
3.413000 3.975000 0.006480
3.488000 3.975000 0.006466
3.563000 3.975000 0.006455
3.638000 3.975000 0.006445
3.713000 3.975000 0.006439
3.788000 3.975000 0.006436
3.863000 3.975000 0.000000
-0.037500 4.125000 0.000000
0.037500 4.125000 0.004862
0.112500 4.125000 0.004863
0.187500 4.125000 0.004864
0.262500 4.125000 0.004867
0.337500 4.125000 0.004871
0.412500 4.125000 0.004875
0.487500 4.125000 0.004880
0.562500 4.125000 0.004886
0.637500 4.125000 0.004892
0.712500 4.125000 0.004898
0.787500 4.125000 0.004904
0.862500 4.125000 0.004910
0.937500 4.125000 0.004916
1.012000 4.125000 0.004922
1.087000 4.125000 0.004927
1.163000 4.125000 0.004931
1.238000 4.125000 0.004934
1.313000 4.125000 0.004937
1.388000 4.125000 0.004938
1.463000 4.125000 0.004937
1.538000 4.125000 0.004935
1.613000 4.125000 0.004932
1.688000 4.125000 0.004928
1.763000 4.125000 0.004921
1.838000 4.125000 0.004913
1.913000 4.125000 0.004904
1.988000 4.125000 0.004893
2.063000 4.125000 0.004881
2.138000 4.125000 0.004867
2.213000 4.125000 0.004852
2.288000 4.125000 0.004836
2.363000 4.125000 0.004819
2.438000 4.125000 0.004802
2.513000 4.125000 0.004783
2.588000 4.125000 0.004764
2.663000 4.125000 0.004746
2.738000 4.125000 0.004727
2.813000 4.125000 0.004708
2.888000 4.125000 0.004689
2.963000 4.125000 0.004671
3.038000 4.125000 0.004654
3.113000 4.125000 0.004638
3.188000 4.125000 0.004623
3.263000 4.125000 0.004609
3.338000 4.125000 0.004596
3.413000 4.125000 0.004585
3.488000 4.125000 0.004575
3.563000 4.125000 0.004567
3.638000 4.125000 0.004561
3.713000 4.125000 0.004556
3.788000 4.125000 0.004554
3.863000 4.125000 0.000000
-0.037500 4.275000 0.000000
0.037500 4.275000 0.003430
0.112500 4.275000 0.003431
0.187500 4.275000 0.003432
0.262500 4.275000 0.003434
0.337500 4.275000 0.003436
0.412500 4.275000 0.003439
0.487500 4.275000 0.003442
0.562500 4.275000 0.003446
0.637500 4.275000 0.003449
0.712500 4.275000 0.003453
0.787500 4.275000 0.003457
0.862500 4.275000 0.003461
0.937500 4.275000 0.003465
1.012000 4.275000 0.003468
1.087000 4.275000 0.003472
1.163000 4.275000 0.003474
1.238000 4.275000 0.003476
1.313000 4.275000 0.003477
1.388000 4.275000 0.003477
1.463000 4.275000 0.003477
1.538000 4.275000 0.003475
1.613000 4.275000 0.003473
1.688000 4.275000 0.003469
1.763000 4.275000 0.003465
1.838000 4.275000 0.003459
1.913000 4.275000 0.003453
1.988000 4.275000 0.003445
2.063000 4.275000 0.003436
2.138000 4.275000 0.003427
2.213000 4.275000 0.003417
2.288000 4.275000 0.003406
2.363000 4.275000 0.003394
2.438000 4.275000 0.003382
2.513000 4.275000 0.003369
2.588000 4.275000 0.003356
2.663000 4.275000 0.003343
2.738000 4.275000 0.003330
2.813000 4.275000 0.003317
2.888000 4.275000 0.003305
2.963000 4.275000 0.003293
3.038000 4.275000 0.003281
3.113000 4.275000 0.003270
3.188000 4.275000 0.003259
3.263000 4.275000 0.003250
3.338000 4.275000 0.003241
3.413000 4.275000 0.003233
3.488000 4.275000 0.003227
3.563000 4.275000 0.003221
3.638000 4.275000 0.003216
3.713000 4.275000 0.003213
3.788000 4.275000 0.003212
3.863000 4.275000 0.000000
-0.037500 4.425000 0.000000
0.037500 4.425000 0.002423
0.112500 4.425000 0.002423
0.187500 4.425000 0.002424
0.262500 4.425000 0.002425
0.337500 4.425000 0.002427
0.412500 4.425000 0.002429
0.487500 4.425000 0.002431
0.562500 4.425000 0.002433
0.637500 4.425000 0.002435
0.712500 4.425000 0.002438
0.787500 4.425000 0.002440
0.862500 4.425000 0.002443
0.937500 4.425000 0.002445
1.012000 4.425000 0.002447
1.087000 4.425000 0.002449
1.163000 4.425000 0.002451
1.238000 4.425000 0.002452
1.313000 4.425000 0.002452
1.388000 4.425000 0.002452
1.463000 4.425000 0.002452
1.538000 4.425000 0.002450
1.613000 4.425000 0.002449
1.688000 4.425000 0.002446
1.763000 4.425000 0.002443
1.838000 4.425000 0.002439
1.913000 4.425000 0.002434
1.988000 4.425000 0.002429
2.063000 4.425000 0.002423
2.138000 4.425000 0.002416
2.213000 4.425000 0.002409
2.288000 4.425000 0.002401
2.363000 4.425000 0.002393
2.438000 4.425000 0.002385
2.513000 4.425000 0.002376
2.588000 4.425000 0.002367
2.663000 4.425000 0.002358
2.738000 4.425000 0.002350
2.813000 4.425000 0.002341
2.888000 4.425000 0.002332
2.963000 4.425000 0.002324
3.038000 4.425000 0.002316
3.113000 4.425000 0.002308
3.188000 4.425000 0.002301
3.263000 4.425000 0.002294
3.338000 4.425000 0.002288
3.413000 4.425000 0.002283
3.488000 4.425000 0.002278
3.563000 4.425000 0.002274
3.638000 4.425000 0.002271
3.713000 4.425000 0.002269
3.788000 4.425000 0.002268
3.863000 4.425000 0.000000
-0.037500 4.575000 0.000000
0.037500 4.575000 0.001730
0.112500 4.575000 0.001730
0.187500 4.575000 0.001731
0.262500 4.575000 0.001731
0.337500 4.575000 0.001732
0.412500 4.575000 0.001734
0.487500 4.575000 0.001735
0.562500 4.575000 0.001736
0.637500 4.575000 0.001738
0.712500 4.575000 0.001739
0.787500 4.575000 0.001741
0.862500 4.575000 0.001743
0.937500 4.575000 0.001744
1.012000 4.575000 0.001745
1.087000 4.575000 0.001746
1.163000 4.575000 0.001747
1.238000 4.575000 0.001748
1.313000 4.575000 0.001748
1.388000 4.575000 0.001748
1.463000 4.575000 0.001747
1.538000 4.575000 0.001746
1.613000 4.575000 0.001745
1.688000 4.575000 0.001743
1.763000 4.575000 0.001741
1.838000 4.575000 0.001738
1.913000 4.575000 0.001734
1.988000 4.575000 0.001731
2.063000 4.575000 0.001726
2.138000 4.575000 0.001722
2.213000 4.575000 0.001717
2.288000 4.575000 0.001711
2.363000 4.575000 0.001706
2.438000 4.575000 0.001700
2.513000 4.575000 0.001694
2.588000 4.575000 0.001688
2.663000 4.575000 0.001682
2.738000 4.575000 0.001675
2.813000 4.575000 0.001669
2.888000 4.575000 0.001663
2.963000 4.575000 0.001658
3.038000 4.575000 0.001652
3.113000 4.575000 0.001647
3.188000 4.575000 0.001642
3.263000 4.575000 0.001637
3.338000 4.575000 0.001633
3.413000 4.575000 0.001629
3.488000 4.575000 0.001626
3.563000 4.575000 0.001623
3.638000 4.575000 0.001621
3.713000 4.575000 0.001620
3.788000 4.575000 0.001619
3.863000 4.575000 0.000000
-0.037500 4.725000 0.000000
0.037500 4.725000 0.001272
0.112500 4.725000 0.001272
0.187500 4.725000 0.001272
0.262500 4.725000 0.001273
0.337500 4.725000 0.001273
0.412500 4.725000 0.001274
0.487500 4.725000 0.001275
0.562500 4.725000 0.001276
0.637500 4.725000 0.001277
0.712500 4.725000 0.001278
0.787500 4.725000 0.001279
0.862500 4.725000 0.001280
0.937500 4.725000 0.001281
1.012000 4.725000 0.001282
1.087000 4.725000 0.001282
1.163000 4.725000 0.001283
1.238000 4.725000 0.001283
1.313000 4.725000 0.001283
1.388000 4.725000 0.001283
1.463000 4.725000 0.001282
1.538000 4.725000 0.001282
1.613000 4.725000 0.001280
1.688000 4.725000 0.001279
1.763000 4.725000 0.001277
1.838000 4.725000 0.001275
1.913000 4.725000 0.001273
1.988000 4.725000 0.001270
2.063000 4.725000 0.001267
2.138000 4.725000 0.001263
2.213000 4.725000 0.001260
2.288000 4.725000 0.001256
2.363000 4.725000 0.001252
2.438000 4.725000 0.001248
2.513000 4.725000 0.001243
2.588000 4.725000 0.001239
2.663000 4.725000 0.001235
2.738000 4.725000 0.001230
2.813000 4.725000 0.001226
2.888000 4.725000 0.001222
2.963000 4.725000 0.001217
3.038000 4.725000 0.001213
3.113000 4.725000 0.001210
3.188000 4.725000 0.001206
3.263000 4.725000 0.001203
3.338000 4.725000 0.001200
3.413000 4.725000 0.001197
3.488000 4.725000 0.001195
3.563000 4.725000 0.001193
3.638000 4.725000 0.001191
3.713000 4.725000 0.001190
3.788000 4.725000 0.001190
3.863000 4.725000 0.000000
-0.037500 4.875000 0.000000
0.037500 4.875000 0.000994
0.112500 4.875000 0.000994
0.187500 4.875000 0.000994
0.262500 4.875000 0.000995
0.337500 4.875000 0.000995
0.412500 4.875000 0.000996
0.487500 4.875000 0.000996
0.562500 4.875000 0.000997
0.637500 4.875000 0.000997
0.712500 4.875000 0.000998
0.787500 4.875000 0.000999
0.862500 4.875000 0.001000
0.937500 4.875000 0.001000
1.012000 4.875000 0.001001
1.087000 4.875000 0.001001
1.163000 4.875000 0.001001
1.238000 4.875000 0.001001
1.313000 4.875000 0.001001
1.388000 4.875000 0.001001
1.463000 4.875000 0.001001
1.538000 4.875000 0.001000
1.613000 4.875000 0.000999
1.688000 4.875000 0.000998
1.763000 4.875000 0.000997
1.838000 4.875000 0.000995
1.913000 4.875000 0.000993
1.988000 4.875000 0.000991
2.063000 4.875000 0.000988
2.138000 4.875000 0.000986
2.213000 4.875000 0.000983
2.288000 4.875000 0.000980
2.363000 4.875000 0.000977
2.438000 4.875000 0.000974
2.513000 4.875000 0.000971
2.588000 4.875000 0.000967
2.663000 4.875000 0.000964
2.738000 4.875000 0.000960
2.813000 4.875000 0.000957
2.888000 4.875000 0.000954
2.963000 4.875000 0.000951
3.038000 4.875000 0.000948
3.113000 4.875000 0.000945
3.188000 4.875000 0.000942
3.263000 4.875000 0.000940
3.338000 4.875000 0.000937
3.413000 4.875000 0.000935
3.488000 4.875000 0.000934
3.563000 4.875000 0.000932
3.638000 4.875000 0.000931
3.713000 4.875000 0.000930
3.788000 4.875000 0.000930
3.863000 4.875000 0.000000
-0.037500 5.025000 0.000000
0.037500 5.025000 0.000863
0.112500 5.025000 0.000863
0.187500 5.025000 0.000863
0.262500 5.025000 0.000863
0.337500 5.025000 0.000864
0.412500 5.025000 0.000864
0.487500 5.025000 0.000865
0.562500 5.025000 0.000865
0.637500 5.025000 0.000866
0.712500 5.025000 0.000866
0.787500 5.025000 0.000867
0.862500 5.025000 0.000867
0.937500 5.025000 0.000868
1.012000 5.025000 0.000868
1.087000 5.025000 0.000869
1.163000 5.025000 0.000869
1.238000 5.025000 0.000869
1.313000 5.025000 0.000869
1.388000 5.025000 0.000868
1.463000 5.025000 0.000868
1.538000 5.025000 0.000867
1.613000 5.025000 0.000867
1.688000 5.025000 0.000866
1.763000 5.025000 0.000864
1.838000 5.025000 0.000863
1.913000 5.025000 0.000861
1.988000 5.025000 0.000859
2.063000 5.025000 0.000857
2.138000 5.025000 0.000855
2.213000 5.025000 0.000853
2.288000 5.025000 0.000850
2.363000 5.025000 0.000848
2.438000 5.025000 0.000845
2.513000 5.025000 0.000842
2.588000 5.025000 0.000839
2.663000 5.025000 0.000836
2.738000 5.025000 0.000834
2.813000 5.025000 0.000831
2.888000 5.025000 0.000828
2.963000 5.025000 0.000825
3.038000 5.025000 0.000823
3.113000 5.025000 0.000820
3.188000 5.025000 0.000818
3.263000 5.025000 0.000816
3.338000 5.025000 0.000814
3.413000 5.025000 0.000812
3.488000 5.025000 0.000811
3.563000 5.025000 0.000809
3.638000 5.025000 0.000808
3.713000 5.025000 0.000807
3.788000 5.025000 0.000807
3.863000 5.025000 0.000000
-0.037500 5.175000 0.000000
0.037500 5.175000 0.000000
0.112500 5.175000 0.000000
0.187500 5.175000 0.000000
0.262500 5.175000 0.000000
0.337500 5.175000 0.000000
0.412500 5.175000 0.000000
0.487500 5.175000 0.000000
0.562500 5.175000 0.000000
0.637500 5.175000 0.000000
0.712500 5.175000 0.000000
0.787500 5.175000 0.000000
0.862500 5.175000 0.000000
0.937500 5.175000 0.000000
1.012000 5.175000 0.000000
1.087000 5.175000 0.000000
1.163000 5.175000 0.000000
1.238000 5.175000 0.000000
1.313000 5.175000 0.000000
1.388000 5.175000 0.000000
1.463000 5.175000 0.000000
1.538000 5.175000 0.000000
1.613000 5.175000 0.000000
1.688000 5.175000 0.000000
1.763000 5.175000 0.000000
1.838000 5.175000 0.000000
1.913000 5.175000 0.000000
1.988000 5.175000 0.000000
2.063000 5.175000 0.000000
2.138000 5.175000 0.000000
2.213000 5.175000 0.000000
2.288000 5.175000 0.000000
2.363000 5.175000 0.000000
2.438000 5.175000 0.000000
2.513000 5.175000 0.000000
2.588000 5.175000 0.000000
2.663000 5.175000 0.000000
2.738000 5.175000 0.000000
2.813000 5.175000 0.000000
2.888000 5.175000 0.000000
2.963000 5.175000 0.000000
3.038000 5.175000 0.000000
3.113000 5.175000 0.000000
3.188000 5.175000 0.000000
3.263000 5.175000 0.000000
3.338000 5.175000 0.000000
3.413000 5.175000 0.000000
3.488000 5.175000 0.000000
3.563000 5.175000 0.000000
3.638000 5.175000 0.000000
3.713000 5.175000 0.000000
3.788000 5.175000 0.000000
3.863000 5.175000 0.000000
