-0.037500 -0.075000 0.000000
0.037500 -0.075000 0.000000
0.112500 -0.075000 0.000000
0.187500 -0.075000 0.000000
0.262500 -0.075000 0.000000
0.337500 -0.075000 0.000000
0.412500 -0.075000 0.000000
0.487500 -0.075000 0.000000
0.562500 -0.075000 0.000000
0.637500 -0.075000 0.000000
0.712500 -0.075000 0.000000
0.787500 -0.075000 0.000000
0.862500 -0.075000 0.000000
0.937500 -0.075000 0.000000
1.012000 -0.075000 0.000000
1.087000 -0.075000 0.000000
1.163000 -0.075000 0.000000
1.238000 -0.075000 0.000000
1.313000 -0.075000 0.000000
1.388000 -0.075000 0.000000
1.463000 -0.075000 0.000000
1.538000 -0.075000 0.000000
1.613000 -0.075000 0.000000
1.688000 -0.075000 0.000000
1.763000 -0.075000 0.000000
1.838000 -0.075000 0.000000
1.913000 -0.075000 0.000000
1.988000 -0.075000 0.000000
2.063000 -0.075000 0.000000
2.138000 -0.075000 0.000000
2.213000 -0.075000 0.000000
2.288000 -0.075000 0.000000
2.363000 -0.075000 0.000000
2.438000 -0.075000 0.000000
2.513000 -0.075000 0.000000
2.588000 -0.075000 0.000000
2.663000 -0.075000 0.000000
2.738000 -0.075000 0.000000
2.813000 -0.075000 0.000000
2.888000 -0.075000 0.000000
2.963000 -0.075000 0.000000
3.038000 -0.075000 0.000000
3.113000 -0.075000 0.000000
3.188000 -0.075000 0.000000
3.263000 -0.075000 0.000000
3.338000 -0.075000 0.000000
3.413000 -0.075000 0.000000
3.488000 -0.075000 0.000000
3.563000 -0.075000 0.000000
3.638000 -0.075000 0.000000
3.713000 -0.075000 0.000000
3.788000 -0.075000 0.000000
3.863000 -0.075000 0.000000
-0.037500 0.075000 0.000000
0.037500 0.075000 0.040430
0.112500 0.075000 0.080870
0.187500 0.075000 0.121300
0.262500 0.075000 0.161700
0.337500 0.075000 0.202100
0.412500 0.075000 0.242500
0.487500 0.075000 0.282800
0.562500 0.075000 0.323100
0.637500 0.075000 0.363200
0.712500 0.075000 0.403100
0.787500 0.075000 0.442700
0.862500 0.075000 0.481900
0.937500 0.075000 0.520600
1.012000 0.075000 0.558700
1.087000 0.075000 0.595800
1.163000 0.075000 0.631800
1.238000 0.075000 0.666400
1.313000 0.075000 0.699200
1.388000 0.075000 0.729800
1.463000 0.075000 0.757900
1.538000 0.075000 0.783000
1.613000 0.075000 0.804600
1.688000 0.075000 0.822300
1.763000 0.075000 0.835800
1.838000 0.075000 0.844800
1.913000 0.075000 0.849100
1.988000 0.075000 0.848700
2.063000 0.075000 0.843900
2.138000 0.075000 0.834900
2.213000 0.075000 0.822200
2.288000 0.075000 0.806200
2.363000 0.075000 0.787600
2.438000 0.075000 0.766900
2.513000 0.075000 0.744800
2.588000 0.075000 0.721500
2.663000 0.075000 0.697700
2.738000 0.075000 0.673700
2.813000 0.075000 0.649700
2.888000 0.075000 0.626100
2.963000 0.075000 0.602900
3.038000 0.075000 0.580300
3.113000 0.075000 0.558500
3.188000 0.075000 0.537400
3.263000 0.075000 0.517200
3.338000 0.075000 0.497700
3.413000 0.075000 0.479100
3.488000 0.075000 0.461300
3.563000 0.075000 0.444300
3.638000 0.075000 0.428100
3.713000 0.075000 0.412700
3.788000 0.075000 0.397900
3.863000 0.075000 0.000000
-0.037500 0.225000 0.000000
0.037500 0.225000 0.040430
0.112500 0.225000 0.080870
0.187500 0.225000 0.121300
0.262500 0.225000 0.161700
0.337500 0.225000 0.202100
0.412500 0.225000 0.242500
0.487500 0.225000 0.282800
0.562500 0.225000 0.323100
0.637500 0.225000 0.363200
0.712500 0.225000 0.403100
0.787500 0.225000 0.442700
0.862500 0.225000 0.481900
0.937500 0.225000 0.520600
1.012000 0.225000 0.558700
1.087000 0.225000 0.595800
1.163000 0.225000 0.631800
1.238000 0.225000 0.666400
1.313000 0.225000 0.699200
1.388000 0.225000 0.729800
1.463000 0.225000 0.757900
1.538000 0.225000 0.783000
1.613000 0.225000 0.804600
1.688000 0.225000 0.822300
1.763000 0.225000 0.835800
1.838000 0.225000 0.844800
1.913000 0.225000 0.849100
1.988000 0.225000 0.848700
2.063000 0.225000 0.843900
2.138000 0.225000 0.834900
2.213000 0.225000 0.822200
2.288000 0.225000 0.806200
2.363000 0.225000 0.787600
2.438000 0.225000 0.766900
2.513000 0.225000 0.744800
2.588000 0.225000 0.721500
2.663000 0.225000 0.697700
2.738000 0.225000 0.673700
2.813000 0.225000 0.649700
2.888000 0.225000 0.626100
2.963000 0.225000 0.602900
3.038000 0.225000 0.580300
3.113000 0.225000 0.558500
3.188000 0.225000 0.537400
3.263000 0.225000 0.517200
3.338000 0.225000 0.497700
3.413000 0.225000 0.479100
3.488000 0.225000 0.461300
3.563000 0.225000 0.444300
3.638000 0.225000 0.428100
3.713000 0.225000 0.412700
3.788000 0.225000 0.397900
3.863000 0.225000 0.000000
-0.037500 0.375000 0.000000
0.037500 0.375000 0.106900
0.112500 0.375000 0.116600
0.187500 0.375000 0.131700
0.262500 0.375000 0.150100
0.337500 0.375000 0.170600
0.412500 0.375000 0.192600
0.487500 0.375000 0.215500
0.562500 0.375000 0.238900
0.637500 0.375000 0.262800
0.712500 0.375000 0.286800
0.787500 0.375000 0.310900
0.862500 0.375000 0.334900
0.937500 0.375000 0.358500
1.012000 0.375000 0.381800
1.087000 0.375000 0.404500
1.163000 0.375000 0.426500
1.238000 0.375000 0.447400
1.313000 0.375000 0.467200
1.388000 0.375000 0.485600
1.463000 0.375000 0.502300
1.538000 0.375000 0.517200
1.613000 0.375000 0.529800
1.688000 0.375000 0.540200
1.763000 0.375000 0.547900
1.838000 0.375000 0.553100
1.913000 0.375000 0.555500
1.988000 0.375000 0.555200
2.063000 0.375000 0.552300
2.138000 0.375000 0.547000
2.213000 0.375000 0.539400
2.288000 0.375000 0.530000
2.363000 0.375000 0.518900
2.438000 0.375000 0.506400
2.513000 0.375000 0.493000
2.588000 0.375000 0.478800
2.663000 0.375000 0.464200
2.738000 0.375000 0.449300
2.813000 0.375000 0.434300
2.888000 0.375000 0.419500
2.963000 0.375000 0.404900
3.038000 0.375000 0.390600
3.113000 0.375000 0.376700
3.188000 0.375000 0.363400
3.263000 0.375000 0.350600
3.338000 0.375000 0.338400
3.413000 0.375000 0.326900
3.488000 0.375000 0.316100
3.563000 0.375000 0.306300
3.638000 0.375000 0.297700
3.713000 0.375000 0.290800
3.788000 0.375000 0.286500
3.863000 0.375000 0.000000
-0.037500 0.525000 0.000000
0.037500 0.525000 0.109300
0.112500 0.525000 0.112500
0.187500 0.525000 0.118400
0.262500 0.525000 0.126200
0.337500 0.525000 0.135600
0.412500 0.525000 0.146200
0.487500 0.525000 0.157600
0.562500 0.525000 0.169600
0.637500 0.525000 0.182000
0.712500 0.525000 0.194700
0.787500 0.525000 0.207600
0.862500 0.525000 0.220400
0.937500 0.525000 0.233200
1.012000 0.525000 0.245800
1.087000 0.525000 0.258100
1.163000 0.525000 0.269900
1.238000 0.525000 0.281200
1.313000 0.525000 0.291800
1.388000 0.525000 0.301600
1.463000 0.525000 0.310500
1.538000 0.525000 0.318200
1.613000 0.525000 0.324900
1.688000 0.525000 0.330200
1.763000 0.525000 0.334200
1.838000 0.525000 0.336800
1.913000 0.525000 0.337900
1.988000 0.525000 0.337700
2.063000 0.525000 0.336100
2.138000 0.525000 0.333200
2.213000 0.525000 0.329200
2.288000 0.525000 0.324100
2.363000 0.525000 0.318100
2.438000 0.525000 0.311300
2.513000 0.525000 0.304000
2.588000 0.525000 0.296200
2.663000 0.525000 0.288100
2.738000 0.525000 0.279800
2.813000 0.525000 0.271400
2.888000 0.525000 0.263100
2.963000 0.525000 0.254800
3.038000 0.525000 0.246800
3.113000 0.525000 0.238900
3.188000 0.525000 0.231400
3.263000 0.525000 0.224300
3.338000 0.525000 0.217500
3.413000 0.525000 0.211300
3.488000 0.525000 0.205700
3.563000 0.525000 0.200700
3.638000 0.525000 0.196700
3.713000 0.525000 0.193700
3.788000 0.525000 0.192100
3.863000 0.525000 0.000000
-0.037500 0.675000 0.000000
0.037500 0.675000 0.104000
0.112500 0.675000 0.105200
0.187500 0.675000 0.107700
0.262500 0.675000 0.111200
0.337500 0.675000 0.115600
0.412500 0.675000 0.120800
0.487500 0.675000 0.126500
0.562500 0.675000 0.132800
0.637500 0.675000 0.139400
0.712500 0.675000 0.146300
0.787500 0.675000 0.153400
0.862500 0.675000 0.160500
0.937500 0.675000 0.167700
1.012000 0.675000 0.174700
1.087000 0.675000 0.181600
1.163000 0.675000 0.188200
1.238000 0.675000 0.194500
1.313000 0.675000 0.200400
1.388000 0.675000 0.205800
1.463000 0.675000 0.210600
1.538000 0.675000 0.214900
1.613000 0.675000 0.218400
1.688000 0.675000 0.221300
1.763000 0.675000 0.223400
1.838000 0.675000 0.224700
1.913000 0.675000 0.225200
1.988000 0.675000 0.225000
2.063000 0.675000 0.224100
2.138000 0.675000 0.222400
2.213000 0.675000 0.220100
2.288000 0.675000 0.217200
2.363000 0.675000 0.213700
2.438000 0.675000 0.209900
2.513000 0.675000 0.205600
2.588000 0.675000 0.201100
2.663000 0.675000 0.196400
2.738000 0.675000 0.191500
2.813000 0.675000 0.186500
2.888000 0.675000 0.181600
2.963000 0.675000 0.176700
3.038000 0.675000 0.171900
3.113000 0.675000 0.167300
3.188000 0.675000 0.162800
3.263000 0.675000 0.158700
3.338000 0.675000 0.154800
3.413000 0.675000 0.151300
3.488000 0.675000 0.148300
3.563000 0.675000 0.145700
3.638000 0.675000 0.143700
3.713000 0.675000 0.142300
3.788000 0.675000 0.141600
3.863000 0.675000 0.000000
-0.037500 0.825000 0.000000
0.037500 0.825000 0.096240
0.112500 0.825000 0.097050
0.187500 0.825000 0.098630
0.262500 0.825000 0.100900
0.337500 0.825000 0.103900
0.412500 0.825000 0.107400
0.487500 0.825000 0.111400
0.562500 0.825000 0.115800
0.637500 0.825000 0.120500
0.712500 0.825000 0.125400
0.787500 0.825000 0.130500
0.862500 0.825000 0.135600
0.937500 0.825000 0.140800
1.012000 0.825000 0.145900
1.087000 0.825000 0.150900
1.163000 0.825000 0.155700
1.238000 0.825000 0.160200
1.313000 0.825000 0.164500
1.388000 0.825000 0.168400
1.463000 0.825000 0.171900
1.538000 0.825000 0.174900
1.613000 0.825000 0.177400
1.688000 0.825000 0.179400
1.763000 0.825000 0.180900
1.838000 0.825000 0.181800
1.913000 0.825000 0.182200
1.988000 0.825000 0.181900
2.063000 0.825000 0.181200
2.138000 0.825000 0.179900
2.213000 0.825000 0.178200
2.288000 0.825000 0.176100
2.363000 0.825000 0.173500
2.438000 0.825000 0.170600
2.513000 0.825000 0.167500
2.588000 0.825000 0.164100
2.663000 0.825000 0.160600
2.738000 0.825000 0.156900
2.813000 0.825000 0.153200
2.888000 0.825000 0.149500
2.963000 0.825000 0.145800
3.038000 0.825000 0.142200
3.113000 0.825000 0.138700
3.188000 0.825000 0.135400
3.263000 0.825000 0.132300
3.338000 0.825000 0.129500
3.413000 0.825000 0.126900
3.488000 0.825000 0.124700
3.563000 0.825000 0.122900
3.638000 0.825000 0.121500
3.713000 0.825000 0.120500
3.788000 0.825000 0.120000
3.863000 0.825000 0.000000
-0.037500 0.975000 0.000000
0.037500 0.975000 0.086820
0.112500 0.975000 0.087370
0.187500 0.975000 0.088480
0.262500 0.975000 0.090090
0.337500 0.975000 0.092180
0.412500 0.975000 0.094680
0.487500 0.975000 0.097560
0.562500 0.975000 0.100700
0.637500 0.975000 0.104200
0.712500 0.975000 0.107800
0.787500 0.975000 0.111500
0.862500 0.975000 0.115300
0.937500 0.975000 0.119200
1.012000 0.975000 0.123000
1.087000 0.975000 0.126700
1.163000 0.975000 0.130300
1.238000 0.975000 0.133700
1.313000 0.975000 0.136800
1.388000 0.975000 0.139700
1.463000 0.975000 0.142300
1.538000 0.975000 0.144500
1.613000 0.975000 0.146400
1.688000 0.975000 0.147800
1.763000 0.975000 0.148900
1.838000 0.975000 0.149500
1.913000 0.975000 0.149700
1.988000 0.975000 0.149600
2.063000 0.975000 0.149000
2.138000 0.975000 0.148000
2.213000 0.975000 0.146700
2.288000 0.975000 0.145000
2.363000 0.975000 0.143100
2.438000 0.975000 0.140900
2.513000 0.975000 0.138500
2.588000 0.975000 0.135900
2.663000 0.975000 0.133100
2.738000 0.975000 0.130300
2.813000 0.975000 0.127500
2.888000 0.975000 0.124600
2.963000 0.975000 0.121800
3.038000 0.975000 0.119000
3.113000 0.975000 0.116300
3.188000 0.975000 0.113800
3.263000 0.975000 0.111500
3.338000 0.975000 0.109300
3.413000 0.975000 0.107400
3.488000 0.975000 0.105800
3.563000 0.975000 0.104400
3.638000 0.975000 0.103400
3.713000 0.975000 0.102700
3.788000 0.975000 0.102300
3.863000 0.975000 0.000000
-0.037500 1.125000 0.000000
0.037500 1.125000 0.077370
0.112500 1.125000 0.077790
0.187500 1.125000 0.078630
0.262500 1.125000 0.079850
0.337500 1.125000 0.081440
0.412500 1.125000 0.083360
0.487500 1.125000 0.085560
0.562500 1.125000 0.088020
0.637500 1.125000 0.090670
0.712500 1.125000 0.093480
0.787500 1.125000 0.096400
0.862500 1.125000 0.099390
0.937500 1.125000 0.102400
1.012000 1.125000 0.105400
1.087000 1.125000 0.108300
1.163000 1.125000 0.111100
1.238000 1.125000 0.113700
1.313000 1.125000 0.116200
1.388000 1.125000 0.118500
1.463000 1.125000 0.120500
1.538000 1.125000 0.122200
1.613000 1.125000 0.123600
1.688000 1.125000 0.124800
1.763000 1.125000 0.125600
1.838000 1.125000 0.126100
1.913000 1.125000 0.126200
1.988000 1.125000 0.126100
2.063000 1.125000 0.125600
2.138000 1.125000 0.124800
2.213000 1.125000 0.123700
2.288000 1.125000 0.122400
2.363000 1.125000 0.120800
2.438000 1.125000 0.119100
2.513000 1.125000 0.117100
2.588000 1.125000 0.115100
2.663000 1.125000 0.112900
2.738000 1.125000 0.110600
2.813000 1.125000 0.108300
2.888000 1.125000 0.106000
2.963000 1.125000 0.103700
3.038000 1.125000 0.101500
3.113000 1.125000 0.099390
3.188000 1.125000 0.097380
3.263000 1.125000 0.095500
3.338000 1.125000 0.093800
3.413000 1.125000 0.092290
3.488000 1.125000 0.091000
3.563000 1.125000 0.089940
3.638000 1.125000 0.089130
3.713000 1.125000 0.088590
3.788000 1.125000 0.088320
3.863000 1.125000 0.000000
-0.037500 1.275000 0.000000
0.037500 1.275000 0.059860
0.112500 1.275000 0.060160
0.187500 1.275000 0.060740
0.262500 1.275000 0.061590
0.337500 1.275000 0.062700
0.412500 1.275000 0.064050
0.487500 1.275000 0.065600
0.562500 1.275000 0.067320
0.637500 1.275000 0.069190
0.712500 1.275000 0.071180
0.787500 1.275000 0.073250
0.862500 1.275000 0.075360
0.937500 1.275000 0.077490
1.012000 1.275000 0.079600
1.087000 1.275000 0.081660
1.163000 1.275000 0.083650
1.238000 1.275000 0.085540
1.313000 1.275000 0.087290
1.388000 1.275000 0.088890
1.463000 1.275000 0.090310
1.538000 1.275000 0.091540
1.613000 1.275000 0.092560
1.688000 1.275000 0.093360
1.763000 1.275000 0.093920
1.838000 1.275000 0.094260
1.913000 1.275000 0.094360
1.988000 1.275000 0.094230
2.063000 1.275000 0.093870
2.138000 1.275000 0.093290
2.213000 1.275000 0.092520
2.288000 1.275000 0.091560
2.363000 1.275000 0.090430
2.438000 1.275000 0.089160
2.513000 1.275000 0.087760
2.588000 1.275000 0.086270
2.663000 1.275000 0.084690
2.738000 1.275000 0.083060
2.813000 1.275000 0.081410
2.888000 1.275000 0.079750
2.963000 1.275000 0.078110
3.038000 1.275000 0.076510
3.113000 1.275000 0.074970
3.188000 1.275000 0.073520
3.263000 1.275000 0.072180
3.338000 1.275000 0.070960
3.413000 1.275000 0.069880
3.488000 1.275000 0.068960
3.563000 1.275000 0.068210
3.638000 1.275000 0.067640
3.713000 1.275000 0.067250
3.788000 1.275000 0.067060
3.863000 1.275000 0.000000
-0.037500 1.425000 0.000000
0.037500 1.425000 0.041020
0.112500 1.425000 0.041200
0.187500 1.425000 0.041550
0.262500 1.425000 0.042070
0.337500 1.425000 0.042740
0.412500 1.425000 0.043560
0.487500 1.425000 0.044500
0.562500 1.425000 0.045550
0.637500 1.425000 0.046700
0.712500 1.425000 0.047910
0.787500 1.425000 0.049180
0.862500 1.425000 0.050470
0.937500 1.425000 0.051780
1.012000 1.425000 0.053080
1.087000 1.425000 0.054350
1.163000 1.425000 0.055570
1.238000 1.425000 0.056730
1.313000 1.425000 0.057810
1.388000 1.425000 0.058790
1.463000 1.425000 0.059660
1.538000 1.425000 0.060420
1.613000 1.425000 0.061040
1.688000 1.425000 0.061520
1.763000 1.425000 0.061870
1.838000 1.425000 0.062060
1.913000 1.425000 0.062120
1.988000 1.425000 0.062020
2.063000 1.425000 0.061790
2.138000 1.425000 0.061430
2.213000 1.425000 0.060940
2.288000 1.425000 0.060330
2.363000 1.425000 0.059620
2.438000 1.425000 0.058820
2.513000 1.425000 0.057940
2.588000 1.425000 0.057000
2.663000 1.425000 0.056010
2.738000 1.425000 0.054990
2.813000 1.425000 0.053950
2.888000 1.425000 0.052900
2.963000 1.425000 0.051870
3.038000 1.425000 0.050870
3.113000 1.425000 0.049910
3.188000 1.425000 0.049000
3.263000 1.425000 0.048160
3.338000 1.425000 0.047400
3.413000 1.425000 0.046730
3.488000 1.425000 0.046160
3.563000 1.425000 0.045690
3.638000 1.425000 0.045340
3.713000 1.425000 0.045100
3.788000 1.425000 0.044980
3.863000 1.425000 0.000000
-0.037500 1.575000 0.000000
0.037500 1.575000 0.027720
0.112500 1.575000 0.027830
0.187500 1.575000 0.028040
0.262500 1.575000 0.028350
0.337500 1.575000 0.028760
0.412500 1.575000 0.029250
0.487500 1.575000 0.029820
0.562500 1.575000 0.030460
0.637500 1.575000 0.031160
0.712500 1.575000 0.031900
0.787500 1.575000 0.032670
0.862500 1.575000 0.033460
0.937500 1.575000 0.034250
1.012000 1.575000 0.035050
1.087000 1.575000 0.035820
1.163000 1.575000 0.036570
1.238000 1.575000 0.037270
1.313000 1.575000 0.037930
1.388000 1.575000 0.038530
1.463000 1.575000 0.039060
1.538000 1.575000 0.039520
1.613000 1.575000 0.039890
1.688000 1.575000 0.040190
1.763000 1.575000 0.040390
1.838000 1.575000 0.040510
1.913000 1.575000 0.040530
1.988000 1.575000 0.040470
2.063000 1.575000 0.040320
2.138000 1.575000 0.040090
2.213000 1.575000 0.039780
2.288000 1.575000 0.039400
2.363000 1.575000 0.038960
2.438000 1.575000 0.038460
2.513000 1.575000 0.037910
2.588000 1.575000 0.037320
2.663000 1.575000 0.036700
2.738000 1.575000 0.036060
2.813000 1.575000 0.035420
2.888000 1.575000 0.034770
2.963000 1.575000 0.034130
3.038000 1.575000 0.033500
3.113000 1.575000 0.032900
3.188000 1.575000 0.032340
3.263000 1.575000 0.031820
3.338000 1.575000 0.031350
3.413000 1.575000 0.030930
3.488000 1.575000 0.030580
3.563000 1.575000 0.030290
3.638000 1.575000 0.030070
3.713000 1.575000 0.029930
3.788000 1.575000 0.029860
3.863000 1.575000 0.000000
-0.037500 1.725000 0.000000
0.037500 1.725000 0.018460
0.112500 1.725000 0.018530
0.187500 1.725000 0.018650
0.262500 1.725000 0.018840
0.337500 1.725000 0.019080
0.412500 1.725000 0.019380
0.487500 1.725000 0.019720
0.562500 1.725000 0.020100
0.637500 1.725000 0.020520
0.712500 1.725000 0.020970
0.787500 1.725000 0.021430
0.862500 1.725000 0.021910
0.937500 1.725000 0.022390
1.012000 1.725000 0.022870
1.087000 1.725000 0.023340
1.163000 1.725000 0.023790
1.238000 1.725000 0.024210
1.313000 1.725000 0.024610
1.388000 1.725000 0.024970
1.463000 1.725000 0.025290
1.538000 1.725000 0.025560
1.613000 1.725000 0.025790
1.688000 1.725000 0.025960
1.763000 1.725000 0.026080
1.838000 1.725000 0.026150
1.913000 1.725000 0.026160
1.988000 1.725000 0.026120
2.063000 1.725000 0.026030
2.138000 1.725000 0.025880
2.213000 1.725000 0.025690
2.288000 1.725000 0.025450
2.363000 1.725000 0.025180
2.438000 1.725000 0.024870
2.513000 1.725000 0.024530
2.588000 1.725000 0.024170
2.663000 1.725000 0.023790
2.738000 1.725000 0.023390
2.813000 1.725000 0.022990
2.888000 1.725000 0.022590
2.963000 1.725000 0.022200
3.038000 1.725000 0.021810
3.113000 1.725000 0.021440
3.188000 1.725000 0.021100
3.263000 1.725000 0.020780
3.338000 1.725000 0.020490
3.413000 1.725000 0.020240
3.488000 1.725000 0.020020
3.563000 1.725000 0.019840
3.638000 1.725000 0.019710
3.713000 1.725000 0.019620
3.788000 1.725000 0.019570
3.863000 1.725000 0.000000
-0.037500 1.875000 0.000000
0.037500 1.875000 0.012060
0.112500 1.875000 0.012100
0.187500 1.875000 0.012170
0.262500 1.875000 0.012280
0.337500 1.875000 0.012430
0.412500 1.875000 0.012600
0.487500 1.875000 0.012800
0.562500 1.875000 0.013030
0.637500 1.875000 0.013280
0.712500 1.875000 0.013540
0.787500 1.875000 0.013820
0.862500 1.875000 0.014100
0.937500 1.875000 0.014380
1.012000 1.875000 0.014670
1.087000 1.875000 0.014950
1.163000 1.875000 0.015210
1.238000 1.875000 0.015470
1.313000 1.875000 0.015700
1.388000 1.875000 0.015910
1.463000 1.875000 0.016100
1.538000 1.875000 0.016260
1.613000 1.875000 0.016400
1.688000 1.875000 0.016500
1.763000 1.875000 0.016570
1.838000 1.875000 0.016610
1.913000 1.875000 0.016610
1.988000 1.875000 0.016580
2.063000 1.875000 0.016520
2.138000 1.875000 0.016430
2.213000 1.875000 0.016320
2.288000 1.875000 0.016170
2.363000 1.875000 0.016010
2.438000 1.875000 0.015820
2.513000 1.875000 0.015610
2.588000 1.875000 0.015390
2.663000 1.875000 0.015160
2.738000 1.875000 0.014920
2.813000 1.875000 0.014680
2.888000 1.875000 0.014440
2.963000 1.875000 0.014200
3.038000 1.875000 0.013960
3.113000 1.875000 0.013740
3.188000 1.875000 0.013530
3.263000 1.875000 0.013340
3.338000 1.875000 0.013160
3.413000 1.875000 0.013010
3.488000 1.875000 0.012880
3.563000 1.875000 0.012770
3.638000 1.875000 0.012690
3.713000 1.875000 0.012640
3.788000 1.875000 0.012610
3.863000 1.875000 0.000000
-0.037500 2.025000 0.000000
0.037500 2.025000 0.007633
0.112500 2.025000 0.007654
0.187500 2.025000 0.007696
0.262500 2.025000 0.007758
0.337500 2.025000 0.007840
0.412500 2.025000 0.007939
0.487500 2.025000 0.008054
0.562500 2.025000 0.008182
0.637500 2.025000 0.008323
0.712500 2.025000 0.008473
0.787500 2.025000 0.008629
0.862500 2.025000 0.008790
0.937500 2.025000 0.008953
1.012000 2.025000 0.009114
1.087000 2.025000 0.009272
1.163000 2.025000 0.009424
1.238000 2.025000 0.009568
1.313000 2.025000 0.009702
1.388000 2.025000 0.009823
1.463000 2.025000 0.009930
1.538000 2.025000 0.010020
1.613000 2.025000 0.010100
1.688000 2.025000 0.010150
1.763000 2.025000 0.010190
1.838000 2.025000 0.010210
1.913000 2.025000 0.010210
1.988000 2.025000 0.010190
2.063000 2.025000 0.010160
2.138000 2.025000 0.010110
2.213000 2.025000 0.010040
2.288000 2.025000 0.009951
2.363000 2.025000 0.009853
2.438000 2.025000 0.009743
2.513000 2.025000 0.009622
2.588000 2.025000 0.009494
2.663000 2.025000 0.009359
2.738000 2.025000 0.009219
2.813000 2.025000 0.009078
2.888000 2.025000 0.008937
2.963000 2.025000 0.008797
3.038000 2.025000 0.008662
3.113000 2.025000 0.008533
3.188000 2.025000 0.008411
3.263000 2.025000 0.008299
3.338000 2.025000 0.008197
3.413000 2.025000 0.008108
3.488000 2.025000 0.008031
3.563000 2.025000 0.007969
3.638000 2.025000 0.007922
3.713000 2.025000 0.007890
3.788000 2.025000 0.007874
3.863000 2.025000 0.000000
-0.037500 2.175000 0.000000
0.037500 2.175000 0.004521
0.112500 2.175000 0.004531
0.187500 2.175000 0.004552
0.262500 2.175000 0.004584
0.337500 2.175000 0.004625
0.412500 2.175000 0.004674
0.487500 2.175000 0.004732
0.562500 2.175000 0.004797
0.637500 2.175000 0.004868
0.712500 2.175000 0.004944
0.787500 2.175000 0.005023
0.862500 2.175000 0.005104
0.937500 2.175000 0.005186
1.012000 2.175000 0.005267
1.087000 2.175000 0.005347
1.163000 2.175000 0.005424
1.238000 2.175000 0.005496
1.313000 2.175000 0.005563
1.388000 2.175000 0.005624
1.463000 2.175000 0.005677
1.538000 2.175000 0.005723
1.613000 2.175000 0.005760
1.688000 2.175000 0.005788
1.763000 2.175000 0.005806
1.838000 2.175000 0.005815
1.913000 2.175000 0.005814
1.988000 2.175000 0.005803
2.063000 2.175000 0.005783
2.138000 2.175000 0.005754
2.213000 2.175000 0.005717
2.288000 2.175000 0.005672
2.363000 2.175000 0.005620
2.438000 2.175000 0.005562
2.513000 2.175000 0.005498
2.588000 2.175000 0.005431
2.663000 2.175000 0.005360
2.738000 2.175000 0.005287
2.813000 2.175000 0.005213
2.888000 2.175000 0.005139
2.963000 2.175000 0.005066
3.038000 2.175000 0.004996
3.113000 2.175000 0.004928
3.188000 2.175000 0.004865
3.263000 2.175000 0.004806
3.338000 2.175000 0.004754
3.413000 2.175000 0.004707
3.488000 2.175000 0.004667
3.563000 2.175000 0.004635
3.638000 2.175000 0.004610
3.713000 2.175000 0.004594
3.788000 2.175000 0.004586
3.863000 2.175000 0.000000
-0.037500 2.325000 0.000000
0.037500 2.325000 0.002999
0.112500 2.325000 0.003004
0.187500 2.325000 0.003015
0.262500 2.325000 0.003032
0.337500 2.325000 0.003053
0.412500 2.325000 0.003079
0.487500 2.325000 0.003109
0.562500 2.325000 0.003143
0.637500 2.325000 0.003180
0.712500 2.325000 0.003220
0.787500 2.325000 0.003261
0.862500 2.325000 0.003304
0.937500 2.325000 0.003347
1.012000 2.325000 0.003389
1.087000 2.325000 0.003431
1.163000 2.325000 0.003471
1.238000 2.325000 0.003508
1.313000 2.325000 0.003543
1.388000 2.325000 0.003574
1.463000 2.325000 0.003602
1.538000 2.325000 0.003625
1.613000 2.325000 0.003643
1.688000 2.325000 0.003657
1.763000 2.325000 0.003665
1.838000 2.325000 0.003669
1.913000 2.325000 0.003667
1.988000 2.325000 0.003660
2.063000 2.325000 0.003647
2.138000 2.325000 0.003630
2.213000 2.325000 0.003609
2.288000 2.325000 0.003583
2.363000 2.325000 0.003554
2.438000 2.325000 0.003521
2.513000 2.325000 0.003486
2.588000 2.325000 0.003448
2.663000 2.325000 0.003408
2.738000 2.325000 0.003368
2.813000 2.325000 0.003327
2.888000 2.325000 0.003286
2.963000 2.325000 0.003245
3.038000 2.325000 0.003206
3.113000 2.325000 0.003169
3.188000 2.325000 0.003134
3.263000 2.325000 0.003102
3.338000 2.325000 0.003073
3.413000 2.325000 0.003047
3.488000 2.325000 0.003026
3.563000 2.325000 0.003008
3.638000 2.325000 0.002995
3.713000 2.325000 0.002986
3.788000 2.325000 0.002981
3.863000 2.325000 0.000000
-0.037500 2.475000 0.000000
0.037500 2.475000 0.002403
0.112500 2.475000 0.002407
0.187500 2.475000 0.002415
0.262500 2.475000 0.002426
0.337500 2.475000 0.002441
0.412500 2.475000 0.002459
0.487500 2.475000 0.002480
0.562500 2.475000 0.002503
0.637500 2.475000 0.002529
0.712500 2.475000 0.002557
0.787500 2.475000 0.002586
0.862500 2.475000 0.002615
0.937500 2.475000 0.002645
1.012000 2.475000 0.002675
1.087000 2.475000 0.002703
1.163000 2.475000 0.002731
1.238000 2.475000 0.002757
1.313000 2.475000 0.002781
1.388000 2.475000 0.002803
1.463000 2.475000 0.002822
1.538000 2.475000 0.002837
1.613000 2.475000 0.002850
1.688000 2.475000 0.002859
1.763000 2.475000 0.002864
1.838000 2.475000 0.002866
1.913000 2.475000 0.002864
1.988000 2.475000 0.002858
2.063000 2.475000 0.002849
2.138000 2.475000 0.002836
2.213000 2.475000 0.002820
2.288000 2.475000 0.002801
2.363000 2.475000 0.002780
2.438000 2.475000 0.002756
2.513000 2.475000 0.002730
2.588000 2.475000 0.002702
2.663000 2.475000 0.002674
2.738000 2.475000 0.002644
2.813000 2.475000 0.002615
2.888000 2.475000 0.002585
2.963000 2.475000 0.002556
3.038000 2.475000 0.002528
3.113000 2.475000 0.002501
3.188000 2.475000 0.002476
3.263000 2.475000 0.002453
3.338000 2.475000 0.002432
3.413000 2.475000 0.002414
3.488000 2.475000 0.002398
3.563000 2.475000 0.002386
3.638000 2.475000 0.002376
3.713000 2.475000 0.002370
3.788000 2.475000 0.002366
3.863000 2.475000 0.000000
-0.037500 2.625000 0.000000
0.037500 2.625000 0.001948
0.112500 2.625000 0.001950
0.187500 2.625000 0.001956
0.262500 2.625000 0.001964
0.337500 2.625000 0.001975
0.412500 2.625000 0.001988
0.487500 2.625000 0.002003
0.562500 2.625000 0.002020
0.637500 2.625000 0.002038
0.712500 2.625000 0.002058
0.787500 2.625000 0.002079
0.862500 2.625000 0.002100
0.937500 2.625000 0.002121
1.012000 2.625000 0.002143
1.087000 2.625000 0.002163
1.163000 2.625000 0.002183
1.238000 2.625000 0.002202
1.313000 2.625000 0.002219
1.388000 2.625000 0.002234
1.463000 2.625000 0.002247
1.538000 2.625000 0.002258
1.613000 2.625000 0.002267
1.688000 2.625000 0.002273
1.763000 2.625000 0.002276
1.838000 2.625000 0.002277
1.913000 2.625000 0.002275
1.988000 2.625000 0.002270
2.063000 2.625000 0.002263
2.138000 2.625000 0.002254
2.213000 2.625000 0.002241
2.288000 2.625000 0.002227
2.363000 2.625000 0.002211
2.438000 2.625000 0.002193
2.513000 2.625000 0.002174
2.588000 2.625000 0.002153
2.663000 2.625000 0.002132
2.738000 2.625000 0.002110
2.813000 2.625000 0.002088
2.888000 2.625000 0.002066
2.963000 2.625000 0.002045
3.038000 2.625000 0.002024
3.113000 2.625000 0.002004
3.188000 2.625000 0.001986
3.263000 2.625000 0.001969
3.338000 2.625000 0.001953
3.413000 2.625000 0.001940
3.488000 2.625000 0.001929
3.563000 2.625000 0.001919
3.638000 2.625000 0.001912
3.713000 2.625000 0.001908
3.788000 2.625000 0.001905
3.863000 2.625000 0.000000
-0.037500 2.775000 0.000000
0.037500 2.775000 0.001613
0.112500 2.775000 0.001615
0.187500 2.775000 0.001619
0.262500 2.775000 0.001626
0.337500 2.775000 0.001634
0.412500 2.775000 0.001644
0.487500 2.775000 0.001655
0.562500 2.775000 0.001668
0.637500 2.775000 0.001682
0.712500 2.775000 0.001697
0.787500 2.775000 0.001713
0.862500 2.775000 0.001729
0.937500 2.775000 0.001745
1.012000 2.775000 0.001761
1.087000 2.775000 0.001777
1.163000 2.775000 0.001792
1.238000 2.775000 0.001806
1.313000 2.775000 0.001819
1.388000 2.775000 0.001831
1.463000 2.775000 0.001841
1.538000 2.775000 0.001849
1.613000 2.775000 0.001855
1.688000 2.775000 0.001860
1.763000 2.775000 0.001862
1.838000 2.775000 0.001862
1.913000 2.775000 0.001861
1.988000 2.775000 0.001857
2.063000 2.775000 0.001851
2.138000 2.775000 0.001843
2.213000 2.775000 0.001834
2.288000 2.775000 0.001822
2.363000 2.775000 0.001810
2.438000 2.775000 0.001796
2.513000 2.775000 0.001781
2.588000 2.775000 0.001765
2.663000 2.775000 0.001748
2.738000 2.775000 0.001731
2.813000 2.775000 0.001714
2.888000 2.775000 0.001697
2.963000 2.775000 0.001680
3.038000 2.775000 0.001664
3.113000 2.775000 0.001649
3.188000 2.775000 0.001634
3.263000 2.775000 0.001621
3.338000 2.775000 0.001609
3.413000 2.775000 0.001599
3.488000 2.775000 0.001590
3.563000 2.775000 0.001583
3.638000 2.775000 0.001578
3.713000 2.775000 0.001574
3.788000 2.775000 0.001572
3.863000 2.775000 0.000000
-0.037500 2.925000 0.000000
0.037500 2.925000 0.001151
0.112500 2.925000 0.001153
0.187500 2.925000 0.001156
0.262500 2.925000 0.001160
0.337500 2.925000 0.001166
0.412500 2.925000 0.001173
0.487500 2.925000 0.001181
0.562500 2.925000 0.001189
0.637500 2.925000 0.001199
0.712500 2.925000 0.001209
0.787500 2.925000 0.001220
0.862500 2.925000 0.001231
0.937500 2.925000 0.001242
1.012000 2.925000 0.001253
1.087000 2.925000 0.001264
1.163000 2.925000 0.001274
1.238000 2.925000 0.001283
1.313000 2.925000 0.001292
1.388000 2.925000 0.001300
1.463000 2.925000 0.001307
1.538000 2.925000 0.001312
1.613000 2.925000 0.001317
1.688000 2.925000 0.001320
1.763000 2.925000 0.001321
1.838000 2.925000 0.001321
1.913000 2.925000 0.001320
1.988000 2.925000 0.001317
2.063000 2.925000 0.001313
2.138000 2.925000 0.001308
2.213000 2.925000 0.001301
2.288000 2.925000 0.001293
2.363000 2.925000 0.001285
2.438000 2.925000 0.001275
2.513000 2.925000 0.001265
2.588000 2.925000 0.001254
2.663000 2.925000 0.001242
2.738000 2.925000 0.001230
2.813000 2.925000 0.001219
2.888000 2.925000 0.001207
2.963000 2.925000 0.001195
3.038000 2.925000 0.001184
3.113000 2.925000 0.001174
3.188000 2.925000 0.001164
3.263000 2.925000 0.001155
3.338000 2.925000 0.001147
3.413000 2.925000 0.001140
3.488000 2.925000 0.001134
3.563000 2.925000 0.001129
3.638000 2.925000 0.001126
3.713000 2.925000 0.001123
3.788000 2.925000 0.001122
3.863000 2.925000 0.000000
-0.037500 3.075000 0.000000
0.037500 3.075000 0.000714
0.112500 3.075000 0.000714
0.187500 3.075000 0.000716
0.262500 3.075000 0.000719
0.337500 3.075000 0.000722
0.412500 3.075000 0.000726
0.487500 3.075000 0.000731
0.562500 3.075000 0.000736
0.637500 3.075000 0.000741
0.712500 3.075000 0.000747
0.787500 3.075000 0.000754
0.862500 3.075000 0.000760
0.937500 3.075000 0.000767
1.012000 3.075000 0.000773
1.087000 3.075000 0.000779
1.163000 3.075000 0.000785
1.238000 3.075000 0.000791
1.313000 3.075000 0.000796
1.388000 3.075000 0.000800
1.463000 3.075000 0.000804
1.538000 3.075000 0.000807
1.613000 3.075000 0.000810
1.688000 3.075000 0.000812
1.763000 3.075000 0.000813
1.838000 3.075000 0.000813
1.913000 3.075000 0.000812
1.988000 3.075000 0.000810
2.063000 3.075000 0.000808
2.138000 3.075000 0.000804
2.213000 3.075000 0.000800
2.288000 3.075000 0.000796
2.363000 3.075000 0.000791
2.438000 3.075000 0.000785
2.513000 3.075000 0.000779
2.588000 3.075000 0.000772
2.663000 3.075000 0.000765
2.738000 3.075000 0.000758
2.813000 3.075000 0.000752
2.888000 3.075000 0.000745
2.963000 3.075000 0.000738
3.038000 3.075000 0.000731
3.113000 3.075000 0.000725
3.188000 3.075000 0.000719
3.263000 3.075000 0.000714
3.338000 3.075000 0.000709
3.413000 3.075000 0.000705
3.488000 3.075000 0.000702
3.563000 3.075000 0.000699
3.638000 3.075000 0.000697
3.713000 3.075000 0.000695
3.788000 3.075000 0.000695
3.863000 3.075000 0.000000
-0.037500 3.225000 0.000000
0.037500 3.225000 0.000439
0.112500 3.225000 0.000439
0.187500 3.225000 0.000440
0.262500 3.225000 0.000442
0.337500 3.225000 0.000444
0.412500 3.225000 0.000446
0.487500 3.225000 0.000449
0.562500 3.225000 0.000452
0.637500 3.225000 0.000455
0.712500 3.225000 0.000458
0.787500 3.225000 0.000462
0.862500 3.225000 0.000466
0.937500 3.225000 0.000469
1.012000 3.225000 0.000473
1.087000 3.225000 0.000477
1.163000 3.225000 0.000480
1.238000 3.225000 0.000484
1.313000 3.225000 0.000486
1.388000 3.225000 0.000489
1.463000 3.225000 0.000491
1.538000 3.225000 0.000493
1.613000 3.225000 0.000495
1.688000 3.225000 0.000495
1.763000 3.225000 0.000496
1.838000 3.225000 0.000496
1.913000 3.225000 0.000495
1.988000 3.225000 0.000494
2.063000 3.225000 0.000493
2.138000 3.225000 0.000491
2.213000 3.225000 0.000489
2.288000 3.225000 0.000486
2.363000 3.225000 0.000483
2.438000 3.225000 0.000480
2.513000 3.225000 0.000476
2.588000 3.225000 0.000472
2.663000 3.225000 0.000468
2.738000 3.225000 0.000464
2.813000 3.225000 0.000460
2.888000 3.225000 0.000456
2.963000 3.225000 0.000452
3.038000 3.225000 0.000448
3.113000 3.225000 0.000445
3.188000 3.225000 0.000441
3.263000 3.225000 0.000438
3.338000 3.225000 0.000435
3.413000 3.225000 0.000433
3.488000 3.225000 0.000431
3.563000 3.225000 0.000429
3.638000 3.225000 0.000428
3.713000 3.225000 0.000427
3.788000 3.225000 0.000427
3.863000 3.225000 0.000000
-0.037500 3.375000 0.000000
0.037500 3.375000 0.000267
0.112500 3.375000 0.000268
0.187500 3.375000 0.000268
0.262500 3.375000 0.000269
0.337500 3.375000 0.000270
0.412500 3.375000 0.000272
0.487500 3.375000 0.000273
0.562500 3.375000 0.000275
0.637500 3.375000 0.000277
0.712500 3.375000 0.000279
0.787500 3.375000 0.000281
0.862500 3.375000 0.000283
0.937500 3.375000 0.000285
1.012000 3.375000 0.000288
1.087000 3.375000 0.000290
1.163000 3.375000 0.000292
1.238000 3.375000 0.000293
1.313000 3.375000 0.000295
1.388000 3.375000 0.000297
1.463000 3.375000 0.000298
1.538000 3.375000 0.000299
1.613000 3.375000 0.000300
1.688000 3.375000 0.000300
1.763000 3.375000 0.000301
1.838000 3.375000 0.000301
1.913000 3.375000 0.000300
1.988000 3.375000 0.000300
2.063000 3.375000 0.000299
2.138000 3.375000 0.000298
2.213000 3.375000 0.000296
2.288000 3.375000 0.000295
2.363000 3.375000 0.000293
2.438000 3.375000 0.000291
2.513000 3.375000 0.000289
2.588000 3.375000 0.000286
2.663000 3.375000 0.000284
2.738000 3.375000 0.000282
2.813000 3.375000 0.000280
2.888000 3.375000 0.000277
2.963000 3.375000 0.000275
3.038000 3.375000 0.000273
3.113000 3.375000 0.000270
3.188000 3.375000 0.000269
3.263000 3.375000 0.000267
3.338000 3.375000 0.000265
3.413000 3.375000 0.000264
3.488000 3.375000 0.000262
3.563000 3.375000 0.000262
3.638000 3.375000 0.000261
3.713000 3.375000 0.000260
3.788000 3.375000 0.000260
3.863000 3.375000 0.000000
-0.037500 3.525000 0.000000
0.037500 3.525000 0.000162
0.112500 3.525000 0.000162
0.187500 3.525000 0.000162
0.262500 3.525000 0.000163
0.337500 3.525000 0.000163
0.412500 3.525000 0.000164
0.487500 3.525000 0.000165
0.562500 3.525000 0.000166
0.637500 3.525000 0.000167
0.712500 3.525000 0.000168
0.787500 3.525000 0.000170
0.862500 3.525000 0.000171
0.937500 3.525000 0.000172
1.012000 3.525000 0.000173
1.087000 3.525000 0.000175
1.163000 3.525000 0.000176
1.238000 3.525000 0.000177
1.313000 3.525000 0.000178
1.388000 3.525000 0.000179
1.463000 3.525000 0.000179
1.538000 3.525000 0.000180
1.613000 3.525000 0.000180
1.688000 3.525000 0.000181
1.763000 3.525000 0.000181
1.838000 3.525000 0.000181
1.913000 3.525000 0.000181
1.988000 3.525000 0.000180
2.063000 3.525000 0.000180
2.138000 3.525000 0.000179
2.213000 3.525000 0.000178
2.288000 3.525000 0.000177
2.363000 3.525000 0.000176
2.438000 3.525000 0.000175
2.513000 3.525000 0.000174
2.588000 3.525000 0.000173
2.663000 3.525000 0.000171
2.738000 3.525000 0.000170
2.813000 3.525000 0.000169
2.888000 3.525000 0.000167
2.963000 3.525000 0.000166
3.038000 3.525000 0.000165
3.113000 3.525000 0.000163
3.188000 3.525000 0.000162
3.263000 3.525000 0.000161
3.338000 3.525000 0.000160
3.413000 3.525000 0.000159
3.488000 3.525000 0.000159
3.563000 3.525000 0.000158
3.638000 3.525000 0.000158
3.713000 3.525000 0.000157
3.788000 3.525000 0.000157
3.863000 3.525000 0.000000
-0.037500 3.675000 0.000000
0.037500 3.675000 0.000097
0.112500 3.675000 0.000097
0.187500 3.675000 0.000098
0.262500 3.675000 0.000098
0.337500 3.675000 0.000098
0.412500 3.675000 0.000099
0.487500 3.675000 0.000099
0.562500 3.675000 0.000100
0.637500 3.675000 0.000100
0.712500 3.675000 0.000101
0.787500 3.675000 0.000102
0.862500 3.675000 0.000102
0.937500 3.675000 0.000103
1.012000 3.675000 0.000104
1.087000 3.675000 0.000104
1.163000 3.675000 0.000105
1.238000 3.675000 0.000106
1.313000 3.675000 0.000106
1.388000 3.675000 0.000107
1.463000 3.675000 0.000107
1.538000 3.675000 0.000107
1.613000 3.675000 0.000108
1.688000 3.675000 0.000108
1.763000 3.675000 0.000108
1.838000 3.675000 0.000108
1.913000 3.675000 0.000108
1.988000 3.675000 0.000108
2.063000 3.675000 0.000107
2.138000 3.675000 0.000107
2.213000 3.675000 0.000107
2.288000 3.675000 0.000106
2.363000 3.675000 0.000105
2.438000 3.675000 0.000105
2.513000 3.675000 0.000104
2.588000 3.675000 0.000103
2.663000 3.675000 0.000103
2.738000 3.675000 0.000102
2.813000 3.675000 0.000101
2.888000 3.675000 0.000100
2.963000 3.675000 0.000099
3.038000 3.675000 0.000099
3.113000 3.675000 0.000098
3.188000 3.675000 0.000097
3.263000 3.675000 0.000097
3.338000 3.675000 0.000096
3.413000 3.675000 0.000096
3.488000 3.675000 0.000095
3.563000 3.675000 0.000095
3.638000 3.675000 0.000095
3.713000 3.675000 0.000094
3.788000 3.675000 0.000094
3.863000 3.675000 0.000000
-0.037500 3.825000 0.000000
0.037500 3.825000 0.000058
0.112500 3.825000 0.000058
0.187500 3.825000 0.000058
0.262500 3.825000 0.000058
0.337500 3.825000 0.000058
0.412500 3.825000 0.000059
0.487500 3.825000 0.000059
0.562500 3.825000 0.000059
0.637500 3.825000 0.000060
0.712500 3.825000 0.000060
0.787500 3.825000 0.000060
0.862500 3.825000 0.000061
0.937500 3.825000 0.000061
1.012000 3.825000 0.000062
1.087000 3.825000 0.000062
1.163000 3.825000 0.000062
1.238000 3.825000 0.000063
1.313000 3.825000 0.000063
1.388000 3.825000 0.000063
1.463000 3.825000 0.000064
1.538000 3.825000 0.000064
1.613000 3.825000 0.000064
1.688000 3.825000 0.000064
1.763000 3.825000 0.000064
1.838000 3.825000 0.000064
1.913000 3.825000 0.000064
1.988000 3.825000 0.000064
2.063000 3.825000 0.000064
2.138000 3.825000 0.000063
2.213000 3.825000 0.000063
2.288000 3.825000 0.000063
2.363000 3.825000 0.000063
2.438000 3.825000 0.000062
2.513000 3.825000 0.000062
2.588000 3.825000 0.000061
2.663000 3.825000 0.000061
2.738000 3.825000 0.000060
2.813000 3.825000 0.000060
2.888000 3.825000 0.000060
2.963000 3.825000 0.000059
3.038000 3.825000 0.000059
3.113000 3.825000 0.000058
3.188000 3.825000 0.000058
3.263000 3.825000 0.000058
3.338000 3.825000 0.000057
3.413000 3.825000 0.000057
3.488000 3.825000 0.000057
3.563000 3.825000 0.000057
3.638000 3.825000 0.000056
3.713000 3.825000 0.000056
3.788000 3.825000 0.000056
3.863000 3.825000 0.000000
-0.037500 3.975000 0.000000
0.037500 3.975000 0.000034
0.112500 3.975000 0.000034
0.187500 3.975000 0.000034
0.262500 3.975000 0.000034
0.337500 3.975000 0.000034
0.412500 3.975000 0.000035
0.487500 3.975000 0.000035
0.562500 3.975000 0.000035
0.637500 3.975000 0.000035
0.712500 3.975000 0.000035
0.787500 3.975000 0.000036
0.862500 3.975000 0.000036
0.937500 3.975000 0.000036
1.012000 3.975000 0.000036
1.087000 3.975000 0.000037
1.163000 3.975000 0.000037
1.238000 3.975000 0.000037
1.313000 3.975000 0.000037
1.388000 3.975000 0.000037
1.463000 3.975000 0.000037
1.538000 3.975000 0.000038
1.613000 3.975000 0.000038
1.688000 3.975000 0.000038
1.763000 3.975000 0.000038
1.838000 3.975000 0.000038
1.913000 3.975000 0.000038
1.988000 3.975000 0.000038
2.063000 3.975000 0.000037
2.138000 3.975000 0.000037
2.213000 3.975000 0.000037
2.288000 3.975000 0.000037
2.363000 3.975000 0.000037
2.438000 3.975000 0.000037
2.513000 3.975000 0.000036
2.588000 3.975000 0.000036
2.663000 3.975000 0.000036
2.738000 3.975000 0.000036
2.813000 3.975000 0.000035
2.888000 3.975000 0.000035
2.963000 3.975000 0.000035
3.038000 3.975000 0.000035
3.113000 3.975000 0.000034
3.188000 3.975000 0.000034
3.263000 3.975000 0.000034
3.338000 3.975000 0.000034
3.413000 3.975000 0.000034
3.488000 3.975000 0.000033
3.563000 3.975000 0.000033
3.638000 3.975000 0.000033
3.713000 3.975000 0.000033
3.788000 3.975000 0.000033
3.863000 3.975000 0.000000
-0.037500 4.125000 0.000000
0.037500 4.125000 0.000020
0.112500 4.125000 0.000020
0.187500 4.125000 0.000020
0.262500 4.125000 0.000020
0.337500 4.125000 0.000020
0.412500 4.125000 0.000020
0.487500 4.125000 0.000020
0.562500 4.125000 0.000020
0.637500 4.125000 0.000021
0.712500 4.125000 0.000021
0.787500 4.125000 0.000021
0.862500 4.125000 0.000021
0.937500 4.125000 0.000021
1.012000 4.125000 0.000021
1.087000 4.125000 0.000021
1.163000 4.125000 0.000021
1.238000 4.125000 0.000022
1.313000 4.125000 0.000022
1.388000 4.125000 0.000022
1.463000 4.125000 0.000022
1.538000 4.125000 0.000022
1.613000 4.125000 0.000022
1.688000 4.125000 0.000022
1.763000 4.125000 0.000022
1.838000 4.125000 0.000022
1.913000 4.125000 0.000022
1.988000 4.125000 0.000022
2.063000 4.125000 0.000022
2.138000 4.125000 0.000022
2.213000 4.125000 0.000022
2.288000 4.125000 0.000022
2.363000 4.125000 0.000021
2.438000 4.125000 0.000021
2.513000 4.125000 0.000021
2.588000 4.125000 0.000021
2.663000 4.125000 0.000021
2.738000 4.125000 0.000021
2.813000 4.125000 0.000021
2.888000 4.125000 0.000021
2.963000 4.125000 0.000020
3.038000 4.125000 0.000020
3.113000 4.125000 0.000020
3.188000 4.125000 0.000020
3.263000 4.125000 0.000020
3.338000 4.125000 0.000020
3.413000 4.125000 0.000020
3.488000 4.125000 0.000020
3.563000 4.125000 0.000020
3.638000 4.125000 0.000020
3.713000 4.125000 0.000019
3.788000 4.125000 0.000019
3.863000 4.125000 0.000000
-0.037500 4.275000 0.000000
0.037500 4.275000 0.000012
0.112500 4.275000 0.000012
0.187500 4.275000 0.000012
0.262500 4.275000 0.000012
0.337500 4.275000 0.000012
0.412500 4.275000 0.000012
0.487500 4.275000 0.000012
0.562500 4.275000 0.000012
0.637500 4.275000 0.000012
0.712500 4.275000 0.000012
0.787500 4.275000 0.000012
0.862500 4.275000 0.000012
0.937500 4.275000 0.000012
1.012000 4.275000 0.000012
1.087000 4.275000 0.000012
1.163000 4.275000 0.000012
1.238000 4.275000 0.000012
1.313000 4.275000 0.000013
1.388000 4.275000 0.000013
1.463000 4.275000 0.000013
1.538000 4.275000 0.000013
1.613000 4.275000 0.000013
1.688000 4.275000 0.000013
1.763000 4.275000 0.000013
1.838000 4.275000 0.000013
1.913000 4.275000 0.000013
1.988000 4.275000 0.000013
2.063000 4.275000 0.000013
2.138000 4.275000 0.000013
2.213000 4.275000 0.000013
2.288000 4.275000 0.000013
2.363000 4.275000 0.000012
2.438000 4.275000 0.000012
2.513000 4.275000 0.000012
2.588000 4.275000 0.000012
2.663000 4.275000 0.000012
2.738000 4.275000 0.000012
2.813000 4.275000 0.000012
2.888000 4.275000 0.000012
2.963000 4.275000 0.000012
3.038000 4.275000 0.000012
3.113000 4.275000 0.000012
3.188000 4.275000 0.000012
3.263000 4.275000 0.000012
3.338000 4.275000 0.000012
3.413000 4.275000 0.000011
3.488000 4.275000 0.000011
3.563000 4.275000 0.000011
3.638000 4.275000 0.000011
3.713000 4.275000 0.000011
3.788000 4.275000 0.000011
3.863000 4.275000 0.000000
-0.037500 4.425000 0.000000
0.037500 4.425000 0.000007
0.112500 4.425000 0.000007
0.187500 4.425000 0.000007
0.262500 4.425000 0.000007
0.337500 4.425000 0.000007
0.412500 4.425000 0.000007
0.487500 4.425000 0.000007
0.562500 4.425000 0.000007
0.637500 4.425000 0.000007
0.712500 4.425000 0.000007
0.787500 4.425000 0.000007
0.862500 4.425000 0.000007
0.937500 4.425000 0.000007
1.012000 4.425000 0.000007
1.087000 4.425000 0.000007
1.163000 4.425000 0.000007
1.238000 4.425000 0.000007
1.313000 4.425000 0.000007
1.388000 4.425000 0.000007
1.463000 4.425000 0.000007
1.538000 4.425000 0.000007
1.613000 4.425000 0.000007
1.688000 4.425000 0.000007
1.763000 4.425000 0.000007
1.838000 4.425000 0.000007
1.913000 4.425000 0.000007
1.988000 4.425000 0.000007
2.063000 4.425000 0.000007
2.138000 4.425000 0.000007
2.213000 4.425000 0.000007
2.288000 4.425000 0.000007
2.363000 4.425000 0.000007
2.438000 4.425000 0.000007
2.513000 4.425000 0.000007
2.588000 4.425000 0.000007
2.663000 4.425000 0.000007
2.738000 4.425000 0.000007
2.813000 4.425000 0.000007
2.888000 4.425000 0.000007
2.963000 4.425000 0.000007
3.038000 4.425000 0.000007
3.113000 4.425000 0.000007
3.188000 4.425000 0.000007
3.263000 4.425000 0.000007
3.338000 4.425000 0.000007
3.413000 4.425000 0.000007
3.488000 4.425000 0.000007
3.563000 4.425000 0.000007
3.638000 4.425000 0.000007
3.713000 4.425000 0.000007
3.788000 4.425000 0.000007
3.863000 4.425000 0.000000
-0.037500 4.575000 0.000000
0.037500 4.575000 0.000004
0.112500 4.575000 0.000004
0.187500 4.575000 0.000004
0.262500 4.575000 0.000004
0.337500 4.575000 0.000004
0.412500 4.575000 0.000004
0.487500 4.575000 0.000004
0.562500 4.575000 0.000004
0.637500 4.575000 0.000004
0.712500 4.575000 0.000004
0.787500 4.575000 0.000004
0.862500 4.575000 0.000004
0.937500 4.575000 0.000004
1.012000 4.575000 0.000004
1.087000 4.575000 0.000004
1.163000 4.575000 0.000004
1.238000 4.575000 0.000004
1.313000 4.575000 0.000004
1.388000 4.575000 0.000004
1.463000 4.575000 0.000004
1.538000 4.575000 0.000004
1.613000 4.575000 0.000004
1.688000 4.575000 0.000004
1.763000 4.575000 0.000004
1.838000 4.575000 0.000004
1.913000 4.575000 0.000004
1.988000 4.575000 0.000004
2.063000 4.575000 0.000004
2.138000 4.575000 0.000004
2.213000 4.575000 0.000004
2.288000 4.575000 0.000004
2.363000 4.575000 0.000004
2.438000 4.575000 0.000004
2.513000 4.575000 0.000004
2.588000 4.575000 0.000004
2.663000 4.575000 0.000004
2.738000 4.575000 0.000004
2.813000 4.575000 0.000004
2.888000 4.575000 0.000004
2.963000 4.575000 0.000004
3.038000 4.575000 0.000004
3.113000 4.575000 0.000004
3.188000 4.575000 0.000004
3.263000 4.575000 0.000004
3.338000 4.575000 0.000004
3.413000 4.575000 0.000004
3.488000 4.575000 0.000004
3.563000 4.575000 0.000004
3.638000 4.575000 0.000004
3.713000 4.575000 0.000004
3.788000 4.575000 0.000004
3.863000 4.575000 0.000000
-0.037500 4.725000 0.000000
0.037500 4.725000 0.000002
0.112500 4.725000 0.000002
0.187500 4.725000 0.000002
0.262500 4.725000 0.000002
0.337500 4.725000 0.000002
0.412500 4.725000 0.000002
0.487500 4.725000 0.000002
0.562500 4.725000 0.000002
0.637500 4.725000 0.000002
0.712500 4.725000 0.000002
0.787500 4.725000 0.000002
0.862500 4.725000 0.000002
0.937500 4.725000 0.000002
1.012000 4.725000 0.000002
1.087000 4.725000 0.000002
1.163000 4.725000 0.000002
1.238000 4.725000 0.000002
1.313000 4.725000 0.000002
1.388000 4.725000 0.000002
1.463000 4.725000 0.000002
1.538000 4.725000 0.000002
1.613000 4.725000 0.000002
1.688000 4.725000 0.000002
1.763000 4.725000 0.000002
1.838000 4.725000 0.000002
1.913000 4.725000 0.000002
1.988000 4.725000 0.000002
2.063000 4.725000 0.000002
2.138000 4.725000 0.000002
2.213000 4.725000 0.000002
2.288000 4.725000 0.000002
2.363000 4.725000 0.000002
2.438000 4.725000 0.000002
2.513000 4.725000 0.000002
2.588000 4.725000 0.000002
2.663000 4.725000 0.000002
2.738000 4.725000 0.000002
2.813000 4.725000 0.000002
2.888000 4.725000 0.000002
2.963000 4.725000 0.000002
3.038000 4.725000 0.000002
3.113000 4.725000 0.000002
3.188000 4.725000 0.000002
3.263000 4.725000 0.000002
3.338000 4.725000 0.000002
3.413000 4.725000 0.000002
3.488000 4.725000 0.000002
3.563000 4.725000 0.000002
3.638000 4.725000 0.000002
3.713000 4.725000 0.000002
3.788000 4.725000 0.000002
3.863000 4.725000 0.000000
-0.037500 4.875000 0.000000
0.037500 4.875000 0.000001
0.112500 4.875000 0.000001
0.187500 4.875000 0.000001
0.262500 4.875000 0.000001
0.337500 4.875000 0.000001
0.412500 4.875000 0.000001
0.487500 4.875000 0.000001
0.562500 4.875000 0.000001
0.637500 4.875000 0.000001
0.712500 4.875000 0.000001
0.787500 4.875000 0.000001
0.862500 4.875000 0.000001
0.937500 4.875000 0.000001
1.012000 4.875000 0.000001
1.087000 4.875000 0.000001
1.163000 4.875000 0.000001
1.238000 4.875000 0.000001
1.313000 4.875000 0.000002
1.388000 4.875000 0.000002
1.463000 4.875000 0.000002
1.538000 4.875000 0.000002
1.613000 4.875000 0.000002
1.688000 4.875000 0.000002
1.763000 4.875000 0.000002
1.838000 4.875000 0.000002
1.913000 4.875000 0.000002
1.988000 4.875000 0.000002
2.063000 4.875000 0.000002
2.138000 4.875000 0.000002
2.213000 4.875000 0.000002
2.288000 4.875000 0.000002
2.363000 4.875000 0.000001
2.438000 4.875000 0.000001
2.513000 4.875000 0.000001
2.588000 4.875000 0.000001
2.663000 4.875000 0.000001
2.738000 4.875000 0.000001
2.813000 4.875000 0.000001
2.888000 4.875000 0.000001
2.963000 4.875000 0.000001
3.038000 4.875000 0.000001
3.113000 4.875000 0.000001
3.188000 4.875000 0.000001
3.263000 4.875000 0.000001
3.338000 4.875000 0.000001
3.413000 4.875000 0.000001
3.488000 4.875000 0.000001
3.563000 4.875000 0.000001
3.638000 4.875000 0.000001
3.713000 4.875000 0.000001
3.788000 4.875000 0.000001
3.863000 4.875000 0.000000
-0.037500 5.025000 0.000000
0.037500 5.025000 0.000001
0.112500 5.025000 0.000001
0.187500 5.025000 0.000001
0.262500 5.025000 0.000001
0.337500 5.025000 0.000001
0.412500 5.025000 0.000001
0.487500 5.025000 0.000001
0.562500 5.025000 0.000001
0.637500 5.025000 0.000001
0.712500 5.025000 0.000001
0.787500 5.025000 0.000001
0.862500 5.025000 0.000001
0.937500 5.025000 0.000001
1.012000 5.025000 0.000001
1.087000 5.025000 0.000001
1.163000 5.025000 0.000001
1.238000 5.025000 0.000001
1.313000 5.025000 0.000001
1.388000 5.025000 0.000001
1.463000 5.025000 0.000001
1.538000 5.025000 0.000001
1.613000 5.025000 0.000001
1.688000 5.025000 0.000001
1.763000 5.025000 0.000001
1.838000 5.025000 0.000001
1.913000 5.025000 0.000001
1.988000 5.025000 0.000001
2.063000 5.025000 0.000001
2.138000 5.025000 0.000001
2.213000 5.025000 0.000001
2.288000 5.025000 0.000001
2.363000 5.025000 0.000001
2.438000 5.025000 0.000001
2.513000 5.025000 0.000001
2.588000 5.025000 0.000001
2.663000 5.025000 0.000001
2.738000 5.025000 0.000001
2.813000 5.025000 0.000001
2.888000 5.025000 0.000001
2.963000 5.025000 0.000001
3.038000 5.025000 0.000001
3.113000 5.025000 0.000001
3.188000 5.025000 0.000001
3.263000 5.025000 0.000001
3.338000 5.025000 0.000001
3.413000 5.025000 0.000001
3.488000 5.025000 0.000001
3.563000 5.025000 0.000001
3.638000 5.025000 0.000001
3.713000 5.025000 0.000001
3.788000 5.025000 0.000001
3.863000 5.025000 0.000000
-0.037500 5.175000 0.000000
0.037500 5.175000 0.000000
0.112500 5.175000 0.000000
0.187500 5.175000 0.000000
0.262500 5.175000 0.000000
0.337500 5.175000 0.000000
0.412500 5.175000 0.000000
0.487500 5.175000 0.000000
0.562500 5.175000 0.000000
0.637500 5.175000 0.000000
0.712500 5.175000 0.000000
0.787500 5.175000 0.000000
0.862500 5.175000 0.000000
0.937500 5.175000 0.000000
1.012000 5.175000 0.000000
1.087000 5.175000 0.000000
1.163000 5.175000 0.000000
1.238000 5.175000 0.000000
1.313000 5.175000 0.000000
1.388000 5.175000 0.000000
1.463000 5.175000 0.000000
1.538000 5.175000 0.000000
1.613000 5.175000 0.000000
1.688000 5.175000 0.000000
1.763000 5.175000 0.000000
1.838000 5.175000 0.000000
1.913000 5.175000 0.000000
1.988000 5.175000 0.000000
2.063000 5.175000 0.000000
2.138000 5.175000 0.000000
2.213000 5.175000 0.000000
2.288000 5.175000 0.000000
2.363000 5.175000 0.000000
2.438000 5.175000 0.000000
2.513000 5.175000 0.000000
2.588000 5.175000 0.000000
2.663000 5.175000 0.000000
2.738000 5.175000 0.000000
2.813000 5.175000 0.000000
2.888000 5.175000 0.000000
2.963000 5.175000 0.000000
3.038000 5.175000 0.000000
3.113000 5.175000 0.000000
3.188000 5.175000 0.000000
3.263000 5.175000 0.000000
3.338000 5.175000 0.000000
3.413000 5.175000 0.000000
3.488000 5.175000 0.000000
3.563000 5.175000 0.000000
3.638000 5.175000 0.000000
3.713000 5.175000 0.000000
3.788000 5.175000 0.000000
3.863000 5.175000 0.000000
