-0.037500 -0.075000 0.000000
0.037500 -0.075000 0.000000
0.112500 -0.075000 0.000000
0.187500 -0.075000 0.000000
0.262500 -0.075000 0.000000
0.337500 -0.075000 0.000000
0.412500 -0.075000 0.000000
0.487500 -0.075000 0.000000
0.562500 -0.075000 0.000000
0.637500 -0.075000 0.000000
0.712500 -0.075000 0.000000
0.787500 -0.075000 0.000000
0.862500 -0.075000 0.000000
0.937500 -0.075000 0.000000
1.012000 -0.075000 0.000000
1.087000 -0.075000 0.000000
1.163000 -0.075000 0.000000
1.238000 -0.075000 0.000000
1.313000 -0.075000 0.000000
1.388000 -0.075000 0.000000
1.463000 -0.075000 0.000000
1.538000 -0.075000 0.000000
1.613000 -0.075000 0.000000
1.688000 -0.075000 0.000000
1.763000 -0.075000 0.000000
1.838000 -0.075000 0.000000
1.913000 -0.075000 0.000000
1.988000 -0.075000 0.000000
2.063000 -0.075000 0.000000
2.138000 -0.075000 0.000000
2.213000 -0.075000 0.000000
2.288000 -0.075000 0.000000
2.363000 -0.075000 0.000000
2.438000 -0.075000 0.000000
2.513000 -0.075000 0.000000
2.588000 -0.075000 0.000000
2.663000 -0.075000 0.000000
2.738000 -0.075000 0.000000
2.813000 -0.075000 0.000000
2.888000 -0.075000 0.000000
2.963000 -0.075000 0.000000
3.038000 -0.075000 0.000000
3.113000 -0.075000 0.000000
3.188000 -0.075000 0.000000
3.263000 -0.075000 0.000000
3.338000 -0.075000 0.000000
3.413000 -0.075000 0.000000
3.488000 -0.075000 0.000000
3.563000 -0.075000 0.000000
3.638000 -0.075000 0.000000
3.713000 -0.075000 0.000000
3.788000 -0.075000 0.000000
3.863000 -0.075000 0.000000
-0.037500 0.075000 0.000000
0.037500 0.075000 0.000070
0.112500 0.075000 0.000140
0.187500 0.075000 0.000220
0.262500 0.075000 0.000290
0.337500 0.075000 0.000360
0.412500 0.075000 0.000430
0.487500 0.075000 0.000510
0.562500 0.075000 0.000580
0.637500 0.075000 0.000650
0.712500 0.075000 0.000720
0.787500 0.075000 0.000790
0.862500 0.075000 0.000860
0.937500 0.075000 0.000930
1.012000 0.075000 0.001000
1.087000 0.075000 0.001070
1.163000 0.075000 0.001130
1.238000 0.075000 0.001190
1.313000 0.075000 0.001250
1.388000 0.075000 0.001310
1.463000 0.075000 0.001360
1.538000 0.075000 0.001400
1.613000 0.075000 0.001440
1.688000 0.075000 0.001470
1.763000 0.075000 0.001500
1.838000 0.075000 0.001510
1.913000 0.075000 0.001520
1.988000 0.075000 0.001520
2.063000 0.075000 0.001510
2.138000 0.075000 0.001490
2.213000 0.075000 0.001470
2.288000 0.075000 0.001440
2.363000 0.075000 0.001410
2.438000 0.075000 0.001370
2.513000 0.075000 0.001330
2.588000 0.075000 0.001290
2.663000 0.075000 0.001250
2.738000 0.075000 0.001210
2.813000 0.075000 0.001160
2.888000 0.075000 0.001120
2.963000 0.075000 0.001080
3.038000 0.075000 0.001040
3.113000 0.075000 0.001000
3.188000 0.075000 0.000960
3.263000 0.075000 0.000930
3.338000 0.075000 0.000890
3.413000 0.075000 0.000860
3.488000 0.075000 0.000830
3.563000 0.075000 0.000800
3.638000 0.075000 0.000770
3.713000 0.075000 0.000740
3.788000 0.075000 0.000710
3.863000 0.075000 0.000000
-0.037500 0.225000 0.000000
0.037500 0.225000 0.000070
0.112500 0.225000 0.000140
0.187500 0.225000 0.000220
0.262500 0.225000 0.000290
0.337500 0.225000 0.000360
0.412500 0.225000 0.000430
0.487500 0.225000 0.000510
0.562500 0.225000 0.000580
0.637500 0.225000 0.000650
0.712500 0.225000 0.000720
0.787500 0.225000 0.000790
0.862500 0.225000 0.000860
0.937500 0.225000 0.000930
1.012000 0.225000 0.001000
1.087000 0.225000 0.001070
1.163000 0.225000 0.001130
1.238000 0.225000 0.001190
1.313000 0.225000 0.001250
1.388000 0.225000 0.001310
1.463000 0.225000 0.001360
1.538000 0.225000 0.001400
1.613000 0.225000 0.001440
1.688000 0.225000 0.001470
1.763000 0.225000 0.001500
1.838000 0.225000 0.001510
1.913000 0.225000 0.001520
1.988000 0.225000 0.001520
2.063000 0.225000 0.001510
2.138000 0.225000 0.001490
2.213000 0.225000 0.001470
2.288000 0.225000 0.001440
2.363000 0.225000 0.001410
2.438000 0.225000 0.001370
2.513000 0.225000 0.001330
2.588000 0.225000 0.001290
2.663000 0.225000 0.001250
2.738000 0.225000 0.001210
2.813000 0.225000 0.001160
2.888000 0.225000 0.001120
2.963000 0.225000 0.001080
3.038000 0.225000 0.001040
3.113000 0.225000 0.001000
3.188000 0.225000 0.000960
3.263000 0.225000 0.000930
3.338000 0.225000 0.000890
3.413000 0.225000 0.000860
3.488000 0.225000 0.000830
3.563000 0.225000 0.000800
3.638000 0.225000 0.000770
3.713000 0.225000 0.000740
3.788000 0.225000 0.000710
3.863000 0.225000 0.000000
-0.037500 0.375000 0.000000
0.037500 0.375000 0.062520
0.112500 0.375000 0.062520
0.187500 0.375000 0.062540
0.262500 0.375000 0.062600
0.337500 0.375000 0.062660
0.412500 0.375000 0.062730
0.487500 0.375000 0.062810
0.562500 0.375000 0.062890
0.637500 0.375000 0.062970
0.712500 0.375000 0.063050
0.787500 0.375000 0.063140
0.862500 0.375000 0.063210
0.937500 0.375000 0.063290
1.012000 0.375000 0.063360
1.087000 0.375000 0.063420
1.163000 0.375000 0.063470
1.238000 0.375000 0.063520
1.313000 0.375000 0.063550
1.388000 0.375000 0.063570
1.463000 0.375000 0.063580
1.538000 0.375000 0.063570
1.613000 0.375000 0.063550
1.688000 0.375000 0.063510
1.763000 0.375000 0.063460
1.838000 0.375000 0.063390
1.913000 0.375000 0.063300
1.988000 0.375000 0.063200
2.063000 0.375000 0.063080
2.138000 0.375000 0.062950
2.213000 0.375000 0.062810
2.288000 0.375000 0.062650
2.363000 0.375000 0.062490
2.438000 0.375000 0.062310
2.513000 0.375000 0.062130
2.588000 0.375000 0.061950
2.663000 0.375000 0.061770
2.738000 0.375000 0.061590
2.813000 0.375000 0.061410
2.888000 0.375000 0.061230
2.963000 0.375000 0.061060
3.038000 0.375000 0.060900
3.113000 0.375000 0.060740
3.188000 0.375000 0.060600
3.263000 0.375000 0.060460
3.338000 0.375000 0.060340
3.413000 0.375000 0.060230
3.488000 0.375000 0.060140
3.563000 0.375000 0.060060
3.638000 0.375000 0.060000
3.713000 0.375000 0.059950
3.788000 0.375000 0.059940
3.863000 0.375000 0.000000
-0.037500 0.525000 0.000000
0.037500 0.525000 0.121600
0.112500 0.525000 0.121600
0.187500 0.525000 0.121700
0.262500 0.525000 0.121700
0.337500 0.525000 0.121800
0.412500 0.525000 0.121800
0.487500 0.525000 0.121900
0.562500 0.525000 0.122000
0.637500 0.525000 0.122000
0.712500 0.525000 0.122100
0.787500 0.525000 0.122200
0.862500 0.525000 0.122200
0.937500 0.525000 0.122300
1.012000 0.525000 0.122300
1.087000 0.525000 0.122400
1.163000 0.525000 0.122400
1.238000 0.525000 0.122400
1.313000 0.525000 0.122400
1.388000 0.525000 0.122300
1.463000 0.525000 0.122300
1.538000 0.525000 0.122200
1.613000 0.525000 0.122100
1.688000 0.525000 0.122000
1.763000 0.525000 0.121900
1.838000 0.525000 0.121700
1.913000 0.525000 0.121600
1.988000 0.525000 0.121400
2.063000 0.525000 0.121100
2.138000 0.525000 0.120900
2.213000 0.525000 0.120700
2.288000 0.525000 0.120400
2.363000 0.525000 0.120100
2.438000 0.525000 0.119800
2.513000 0.525000 0.119500
2.588000 0.525000 0.119200
2.663000 0.525000 0.118900
2.738000 0.525000 0.118600
2.813000 0.525000 0.118400
2.888000 0.525000 0.118100
2.963000 0.525000 0.117800
3.038000 0.525000 0.117500
3.113000 0.525000 0.117300
3.188000 0.525000 0.117100
3.263000 0.525000 0.116800
3.338000 0.525000 0.116700
3.413000 0.525000 0.116500
3.488000 0.525000 0.116300
3.563000 0.525000 0.116200
3.638000 0.525000 0.116100
3.713000 0.525000 0.116100
3.788000 0.525000 0.116100
3.863000 0.525000 0.000000
-0.037500 0.675000 0.000000
0.037500 0.675000 0.157100
0.112500 0.675000 0.157100
0.187500 0.675000 0.157200
0.262500 0.675000 0.157200
0.337500 0.675000 0.157200
0.412500 0.675000 0.157300
0.487500 0.675000 0.157300
0.562500 0.675000 0.157400
0.637500 0.675000 0.157400
0.712500 0.675000 0.157500
0.787500 0.675000 0.157500
0.862500 0.675000 0.157600
0.937500 0.675000 0.157600
1.012000 0.675000 0.157600
1.087000 0.675000 0.157600
1.163000 0.675000 0.157600
1.238000 0.675000 0.157600
1.313000 0.675000 0.157500
1.388000 0.675000 0.157500
1.463000 0.675000 0.157400
1.538000 0.675000 0.157200
1.613000 0.675000 0.157100
1.688000 0.675000 0.157000
1.763000 0.675000 0.156800
1.838000 0.675000 0.156600
1.913000 0.675000 0.156300
1.988000 0.675000 0.156100
2.063000 0.675000 0.155800
2.138000 0.675000 0.155500
2.213000 0.675000 0.155200
2.288000 0.675000 0.154900
2.363000 0.675000 0.154500
2.438000 0.675000 0.154200
2.513000 0.675000 0.153800
2.588000 0.675000 0.153500
2.663000 0.675000 0.153100
2.738000 0.675000 0.152800
2.813000 0.675000 0.152400
2.888000 0.675000 0.152100
2.963000 0.675000 0.151800
3.038000 0.675000 0.151500
3.113000 0.675000 0.151200
3.188000 0.675000 0.150900
3.263000 0.675000 0.150700
3.338000 0.675000 0.150400
3.413000 0.675000 0.150200
3.488000 0.675000 0.150100
3.563000 0.675000 0.149900
3.638000 0.675000 0.149800
3.713000 0.675000 0.149800
3.788000 0.675000 0.149800
3.863000 0.675000 0.000000
-0.037500 0.825000 0.000000
0.037500 0.825000 0.172400
0.112500 0.825000 0.172400
0.187500 0.825000 0.172400
0.262500 0.825000 0.172500
0.337500 0.825000 0.172500
0.412500 0.825000 0.172500
0.487500 0.825000 0.172600
0.562500 0.825000 0.172600
0.637500 0.825000 0.172700
0.712500 0.825000 0.172700
0.787500 0.825000 0.172700
0.862500 0.825000 0.172800
0.937500 0.825000 0.172800
1.012000 0.825000 0.172800
1.087000 0.825000 0.172800
1.163000 0.825000 0.172800
1.238000 0.825000 0.172700
1.313000 0.825000 0.172700
1.388000 0.825000 0.172600
1.463000 0.825000 0.172500
1.538000 0.825000 0.172300
1.613000 0.825000 0.172200
1.688000 0.825000 0.172000
1.763000 0.825000 0.171800
1.838000 0.825000 0.171600
1.913000 0.825000 0.171300
1.988000 0.825000 0.171000
2.063000 0.825000 0.170700
2.138000 0.825000 0.170400
2.213000 0.825000 0.170100
2.288000 0.825000 0.169700
2.363000 0.825000 0.169400
2.438000 0.825000 0.169000
2.513000 0.825000 0.168600
2.588000 0.825000 0.168200
2.663000 0.825000 0.167800
2.738000 0.825000 0.167500
2.813000 0.825000 0.167100
2.888000 0.825000 0.166700
2.963000 0.825000 0.166400
3.038000 0.825000 0.166100
3.113000 0.825000 0.165700
3.188000 0.825000 0.165500
3.263000 0.825000 0.165200
3.338000 0.825000 0.164900
3.413000 0.825000 0.164700
3.488000 0.825000 0.164500
3.563000 0.825000 0.164400
3.638000 0.825000 0.164300
3.713000 0.825000 0.164200
3.788000 0.825000 0.164200
3.863000 0.825000 0.000000
-0.037500 0.975000 0.000000
0.037500 0.975000 0.185100
0.112500 0.975000 0.185100
0.187500 0.975000 0.185100
0.262500 0.975000 0.185100
0.337500 0.975000 0.185200
0.412500 0.975000 0.185200
0.487500 0.975000 0.185200
0.562500 0.975000 0.185300
0.637500 0.975000 0.185300
0.712500 0.975000 0.185400
0.787500 0.975000 0.185400
0.862500 0.975000 0.185400
0.937500 0.975000 0.185400
1.012000 0.975000 0.185400
1.087000 0.975000 0.185400
1.163000 0.975000 0.185400
1.238000 0.975000 0.185300
1.313000 0.975000 0.185300
1.388000 0.975000 0.185200
1.463000 0.975000 0.185000
1.538000 0.975000 0.184900
1.613000 0.975000 0.184700
1.688000 0.975000 0.184500
1.763000 0.975000 0.184300
1.838000 0.975000 0.184100
1.913000 0.975000 0.183800
1.988000 0.975000 0.183500
2.063000 0.975000 0.183200
2.138000 0.975000 0.182800
2.213000 0.975000 0.182400
2.288000 0.975000 0.182100
2.363000 0.975000 0.181700
2.438000 0.975000 0.181300
2.513000 0.975000 0.180900
2.588000 0.975000 0.180500
2.663000 0.975000 0.180100
2.738000 0.975000 0.179700
2.813000 0.975000 0.179300
2.888000 0.975000 0.178900
2.963000 0.975000 0.178500
3.038000 0.975000 0.178100
3.113000 0.975000 0.177800
3.188000 0.975000 0.177500
3.263000 0.975000 0.177200
3.338000 0.975000 0.176900
3.413000 0.975000 0.176700
3.488000 0.975000 0.176500
3.563000 0.975000 0.176400
3.638000 0.975000 0.176200
3.713000 0.975000 0.176100
3.788000 0.975000 0.176100
3.863000 0.975000 0.000000
-0.037500 1.125000 0.000000
0.037500 1.125000 0.195000
0.112500 1.125000 0.195000
0.187500 1.125000 0.195000
0.262500 1.125000 0.195000
0.337500 1.125000 0.195000
0.412500 1.125000 0.195100
0.487500 1.125000 0.195100
0.562500 1.125000 0.195200
0.637500 1.125000 0.195200
0.712500 1.125000 0.195200
0.787500 1.125000 0.195300
0.862500 1.125000 0.195300
0.937500 1.125000 0.195300
1.012000 1.125000 0.195300
1.087000 1.125000 0.195300
1.163000 1.125000 0.195300
1.238000 1.125000 0.195200
1.313000 1.125000 0.195100
1.388000 1.125000 0.195000
1.463000 1.125000 0.194900
1.538000 1.125000 0.194700
1.613000 1.125000 0.194600
1.688000 1.125000 0.194300
1.763000 1.125000 0.194100
1.838000 1.125000 0.193800
1.913000 1.125000 0.193500
1.988000 1.125000 0.193200
2.063000 1.125000 0.192900
2.138000 1.125000 0.192500
2.213000 1.125000 0.192100
2.288000 1.125000 0.191700
2.363000 1.125000 0.191300
2.438000 1.125000 0.190900
2.513000 1.125000 0.190500
2.588000 1.125000 0.190000
2.663000 1.125000 0.189600
2.738000 1.125000 0.189200
2.813000 1.125000 0.188700
2.888000 1.125000 0.188300
2.963000 1.125000 0.187900
3.038000 1.125000 0.187500
3.113000 1.125000 0.187200
3.188000 1.125000 0.186900
3.263000 1.125000 0.186600
3.338000 1.125000 0.186300
3.413000 1.125000 0.186000
3.488000 1.125000 0.185800
3.563000 1.125000 0.185700
3.638000 1.125000 0.185500
3.713000 1.125000 0.185400
3.788000 1.125000 0.185400
3.863000 1.125000 0.000000
-0.037500 1.275000 0.000000
0.037500 1.275000 0.209200
0.112500 1.275000 0.209200
0.187500 1.275000 0.209200
0.262500 1.275000 0.209200
0.337500 1.275000 0.209200
0.412500 1.275000 0.209300
0.487500 1.275000 0.209300
0.562500 1.275000 0.209400
0.637500 1.275000 0.209400
0.712500 1.275000 0.209500
0.787500 1.275000 0.209500
0.862500 1.275000 0.209600
0.937500 1.275000 0.209600
1.012000 1.275000 0.209600
1.087000 1.275000 0.209600
1.163000 1.275000 0.209600
1.238000 1.275000 0.209600
1.313000 1.275000 0.209500
1.388000 1.275000 0.209400
1.463000 1.275000 0.209200
1.538000 1.275000 0.209100
1.613000 1.275000 0.208900
1.688000 1.275000 0.208700
1.763000 1.275000 0.208400
1.838000 1.275000 0.208100
1.913000 1.275000 0.207800
1.988000 1.275000 0.207400
2.063000 1.275000 0.207100
2.138000 1.275000 0.206700
2.213000 1.275000 0.206200
2.288000 1.275000 0.205800
2.363000 1.275000 0.205300
2.438000 1.275000 0.204800
2.513000 1.275000 0.204400
2.588000 1.275000 0.203900
2.663000 1.275000 0.203400
2.738000 1.275000 0.202900
2.813000 1.275000 0.202400
2.888000 1.275000 0.201900
2.963000 1.275000 0.201500
3.038000 1.275000 0.201100
3.113000 1.275000 0.200700
3.188000 1.275000 0.200300
3.263000 1.275000 0.200000
3.338000 1.275000 0.199600
3.413000 1.275000 0.199400
3.488000 1.275000 0.199100
3.563000 1.275000 0.199000
3.638000 1.275000 0.198800
3.713000 1.275000 0.198700
3.788000 1.275000 0.198800
3.863000 1.275000 0.000000
-0.037500 1.425000 0.000000
0.037500 1.425000 0.222000
0.112500 1.425000 0.222000
0.187500 1.425000 0.222000
0.262500 1.425000 0.222000
0.337500 1.425000 0.222100
0.412500 1.425000 0.222100
0.487500 1.425000 0.222200
0.562500 1.425000 0.222300
0.637500 1.425000 0.222300
0.712500 1.425000 0.222400
0.787500 1.425000 0.222500
0.862500 1.425000 0.222500
0.937500 1.425000 0.222600
1.012000 1.425000 0.222600
1.087000 1.425000 0.222600
1.163000 1.425000 0.222600
1.238000 1.425000 0.222500
1.313000 1.425000 0.222400
1.388000 1.425000 0.222300
1.463000 1.425000 0.222200
1.538000 1.425000 0.222000
1.613000 1.425000 0.221800
1.688000 1.425000 0.221600
1.763000 1.425000 0.221300
1.838000 1.425000 0.221000
1.913000 1.425000 0.220700
1.988000 1.425000 0.220300
2.063000 1.425000 0.219900
2.138000 1.425000 0.219400
2.213000 1.425000 0.218900
2.288000 1.425000 0.218500
2.363000 1.425000 0.218000
2.438000 1.425000 0.217400
2.513000 1.425000 0.216900
2.588000 1.425000 0.216400
2.663000 1.425000 0.215800
2.738000 1.425000 0.215300
2.813000 1.425000 0.214800
2.888000 1.425000 0.214300
2.963000 1.425000 0.213800
3.038000 1.425000 0.213300
3.113000 1.425000 0.212900
3.188000 1.425000 0.212400
3.263000 1.425000 0.212100
3.338000 1.425000 0.211700
3.413000 1.425000 0.211500
3.488000 1.425000 0.211200
3.563000 1.425000 0.211000
3.638000 1.425000 0.210900
3.713000 1.425000 0.210800
3.788000 1.425000 0.210800
3.863000 1.425000 0.000000
-0.037500 1.575000 0.000000
0.037500 1.575000 0.226900
0.112500 1.575000 0.226900
0.187500 1.575000 0.227000
0.262500 1.575000 0.227000
0.337500 1.575000 0.227000
0.412500 1.575000 0.227100
0.487500 1.575000 0.227200
0.562500 1.575000 0.227200
0.637500 1.575000 0.227300
0.712500 1.575000 0.227400
0.787500 1.575000 0.227400
0.862500 1.575000 0.227500
0.937500 1.575000 0.227500
1.012000 1.575000 0.227600
1.087000 1.575000 0.227600
1.163000 1.575000 0.227500
1.238000 1.575000 0.227500
1.313000 1.575000 0.227400
1.388000 1.575000 0.227300
1.463000 1.575000 0.227200
1.538000 1.575000 0.227000
1.613000 1.575000 0.226800
1.688000 1.575000 0.226500
1.763000 1.575000 0.226300
1.838000 1.575000 0.225900
1.913000 1.575000 0.225600
1.988000 1.575000 0.225200
2.063000 1.575000 0.224800
2.138000 1.575000 0.224300
2.213000 1.575000 0.223800
2.288000 1.575000 0.223300
2.363000 1.575000 0.222800
2.438000 1.575000 0.222300
2.513000 1.575000 0.221700
2.588000 1.575000 0.221200
2.663000 1.575000 0.220600
2.738000 1.575000 0.220100
2.813000 1.575000 0.219500
2.888000 1.575000 0.219000
2.963000 1.575000 0.218500
3.038000 1.575000 0.218000
3.113000 1.575000 0.217600
3.188000 1.575000 0.217100
3.263000 1.575000 0.216800
3.338000 1.575000 0.216400
3.413000 1.575000 0.216100
3.488000 1.575000 0.215900
3.563000 1.575000 0.215700
3.638000 1.575000 0.215500
3.713000 1.575000 0.215500
3.788000 1.575000 0.215500
3.863000 1.575000 0.000000
-0.037500 1.725000 0.000000
0.037500 1.725000 0.225000
0.112500 1.725000 0.225000
0.187500 1.725000 0.225000
0.262500 1.725000 0.225100
0.337500 1.725000 0.225100
0.412500 1.725000 0.225200
0.487500 1.725000 0.225200
0.562500 1.725000 0.225300
0.637500 1.725000 0.225300
0.712500 1.725000 0.225400
0.787500 1.725000 0.225500
0.862500 1.725000 0.225500
0.937500 1.725000 0.225500
1.012000 1.725000 0.225600
1.087000 1.725000 0.225500
1.163000 1.725000 0.225500
1.238000 1.725000 0.225500
1.313000 1.725000 0.225400
1.388000 1.725000 0.225300
1.463000 1.725000 0.225100
1.538000 1.725000 0.224900
1.613000 1.725000 0.224700
1.688000 1.725000 0.224500
1.763000 1.725000 0.224200
1.838000 1.725000 0.223900
1.913000 1.725000 0.223500
1.988000 1.725000 0.223100
2.063000 1.725000 0.222700
2.138000 1.725000 0.222300
2.213000 1.725000 0.221800
2.288000 1.725000 0.221300
2.363000 1.725000 0.220800
2.438000 1.725000 0.220300
2.513000 1.725000 0.219700
2.588000 1.725000 0.219200
2.663000 1.725000 0.218700
2.738000 1.725000 0.218100
2.813000 1.725000 0.217600
2.888000 1.725000 0.217100
2.963000 1.725000 0.216600
3.038000 1.725000 0.216100
3.113000 1.725000 0.215700
3.188000 1.725000 0.215300
3.263000 1.725000 0.214900
3.338000 1.725000 0.214600
3.413000 1.725000 0.214300
3.488000 1.725000 0.214100
3.563000 1.725000 0.213900
3.638000 1.725000 0.213700
3.713000 1.725000 0.213700
3.788000 1.725000 0.213700
3.863000 1.725000 0.000000
-0.037500 1.875000 0.000000
0.037500 1.875000 0.217300
0.112500 1.875000 0.217300
0.187500 1.875000 0.217300
0.262500 1.875000 0.217400
0.337500 1.875000 0.217400
0.412500 1.875000 0.217400
0.487500 1.875000 0.217500
0.562500 1.875000 0.217500
0.637500 1.875000 0.217600
0.712500 1.875000 0.217600
0.787500 1.875000 0.217700
0.862500 1.875000 0.217700
0.937500 1.875000 0.217700
1.012000 1.875000 0.217700
1.087000 1.875000 0.217700
1.163000 1.875000 0.217600
1.238000 1.875000 0.217600
1.313000 1.875000 0.217500
1.388000 1.875000 0.217400
1.463000 1.875000 0.217200
1.538000 1.875000 0.217000
1.613000 1.875000 0.216800
1.688000 1.875000 0.216600
1.763000 1.875000 0.216300
1.838000 1.875000 0.216000
1.913000 1.875000 0.215600
1.988000 1.875000 0.215300
2.063000 1.875000 0.214900
2.138000 1.875000 0.214500
2.213000 1.875000 0.214000
2.288000 1.875000 0.213600
2.363000 1.875000 0.213100
2.438000 1.875000 0.212600
2.513000 1.875000 0.212100
2.588000 1.875000 0.211600
2.663000 1.875000 0.211100
2.738000 1.875000 0.210600
2.813000 1.875000 0.210100
2.888000 1.875000 0.209600
2.963000 1.875000 0.209200
3.038000 1.875000 0.208800
3.113000 1.875000 0.208400
3.188000 1.875000 0.208000
3.263000 1.875000 0.207700
3.338000 1.875000 0.207400
3.413000 1.875000 0.207100
3.488000 1.875000 0.206900
3.563000 1.875000 0.206700
3.638000 1.875000 0.206600
3.713000 1.875000 0.206500
3.788000 1.875000 0.206500
3.863000 1.875000 0.000000
-0.037500 2.025000 0.000000
0.037500 2.025000 0.205100
0.112500 2.025000 0.205100
0.187500 2.025000 0.205100
0.262500 2.025000 0.205200
0.337500 2.025000 0.205200
0.412500 2.025000 0.205200
0.487500 2.025000 0.205200
0.562500 2.025000 0.205300
0.637500 2.025000 0.205300
0.712500 2.025000 0.205300
0.787500 2.025000 0.205300
0.862500 2.025000 0.205300
0.937500 2.025000 0.205300
1.012000 2.025000 0.205300
1.087000 2.025000 0.205200
1.163000 2.025000 0.205200
1.238000 2.025000 0.205100
1.313000 2.025000 0.205000
1.388000 2.025000 0.204900
1.463000 2.025000 0.204700
1.538000 2.025000 0.204500
1.613000 2.025000 0.204300
1.688000 2.025000 0.204100
1.763000 2.025000 0.203800
1.838000 2.025000 0.203600
1.913000 2.025000 0.203200
1.988000 2.025000 0.202900
2.063000 2.025000 0.202500
2.138000 2.025000 0.202200
2.213000 2.025000 0.201800
2.288000 2.025000 0.201400
2.363000 2.025000 0.200900
2.438000 2.025000 0.200500
2.513000 2.025000 0.200100
2.588000 2.025000 0.199600
2.663000 2.025000 0.199200
2.738000 2.025000 0.198700
2.813000 2.025000 0.198300
2.888000 2.025000 0.197900
2.963000 2.025000 0.197500
3.038000 2.025000 0.197100
3.113000 2.025000 0.196800
3.188000 2.025000 0.196500
3.263000 2.025000 0.196200
3.338000 2.025000 0.195900
3.413000 2.025000 0.195700
3.488000 2.025000 0.195500
3.563000 2.025000 0.195300
3.638000 2.025000 0.195200
3.713000 2.025000 0.195200
3.788000 2.025000 0.195200
3.863000 2.025000 0.000000
-0.037500 2.175000 0.000000
0.037500 2.175000 0.189800
0.112500 2.175000 0.189800
0.187500 2.175000 0.189800
0.262500 2.175000 0.189800
0.337500 2.175000 0.189800
0.412500 2.175000 0.189800
0.487500 2.175000 0.189800
0.562500 2.175000 0.189800
0.637500 2.175000 0.189800
0.712500 2.175000 0.189800
0.787500 2.175000 0.189800
0.862500 2.175000 0.189800
0.937500 2.175000 0.189700
1.012000 2.175000 0.189700
1.087000 2.175000 0.189600
1.163000 2.175000 0.189600
1.238000 2.175000 0.189500
1.313000 2.175000 0.189300
1.388000 2.175000 0.189200
1.463000 2.175000 0.189000
1.538000 2.175000 0.188900
1.613000 2.175000 0.188700
1.688000 2.175000 0.188500
1.763000 2.175000 0.188200
1.838000 2.175000 0.188000
1.913000 2.175000 0.187700
1.988000 2.175000 0.187400
2.063000 2.175000 0.187100
2.138000 2.175000 0.186700
2.213000 2.175000 0.186400
2.288000 2.175000 0.186000
2.363000 2.175000 0.185700
2.438000 2.175000 0.185300
2.513000 2.175000 0.185000
2.588000 2.175000 0.184600
2.663000 2.175000 0.184200
2.738000 2.175000 0.183900
2.813000 2.175000 0.183500
2.888000 2.175000 0.183200
2.963000 2.175000 0.182800
3.038000 2.175000 0.182500
3.113000 2.175000 0.182200
3.188000 2.175000 0.182000
3.263000 2.175000 0.181700
3.338000 2.175000 0.181500
3.413000 2.175000 0.181300
3.488000 2.175000 0.181200
3.563000 2.175000 0.181100
3.638000 2.175000 0.181000
3.713000 2.175000 0.180900
3.788000 2.175000 0.180900
3.863000 2.175000 0.000000
-0.037500 2.325000 0.000000
0.037500 2.325000 0.178400
0.112500 2.325000 0.178400
0.187500 2.325000 0.178400
0.262500 2.325000 0.178400
0.337500 2.325000 0.178400
0.412500 2.325000 0.178400
0.487500 2.325000 0.178400
0.562500 2.325000 0.178400
0.637500 2.325000 0.178300
0.712500 2.325000 0.178300
0.787500 2.325000 0.178300
0.862500 2.325000 0.178200
0.937500 2.325000 0.178200
1.012000 2.325000 0.178100
1.087000 2.325000 0.178000
1.163000 2.325000 0.177900
1.238000 2.325000 0.177800
1.313000 2.325000 0.177700
1.388000 2.325000 0.177500
1.463000 2.325000 0.177400
1.538000 2.325000 0.177200
1.613000 2.325000 0.177000
1.688000 2.325000 0.176800
1.763000 2.325000 0.176600
1.838000 2.325000 0.176400
1.913000 2.325000 0.176100
1.988000 2.325000 0.175800
2.063000 2.325000 0.175600
2.138000 2.325000 0.175300
2.213000 2.325000 0.175000
2.288000 2.325000 0.174700
2.363000 2.325000 0.174400
2.438000 2.325000 0.174000
2.513000 2.325000 0.173700
2.588000 2.325000 0.173400
2.663000 2.325000 0.173100
2.738000 2.325000 0.172800
2.813000 2.325000 0.172500
2.888000 2.325000 0.172200
2.963000 2.325000 0.171900
3.038000 2.325000 0.171700
3.113000 2.325000 0.171500
3.188000 2.325000 0.171200
3.263000 2.325000 0.171000
3.338000 2.325000 0.170900
3.413000 2.325000 0.170700
3.488000 2.325000 0.170600
3.563000 2.325000 0.170500
3.638000 2.325000 0.170400
3.713000 2.325000 0.170300
3.788000 2.325000 0.170300
3.863000 2.325000 0.000000
-0.037500 2.475000 0.000000
0.037500 2.475000 0.172400
0.112500 2.475000 0.172400
0.187500 2.475000 0.172400
0.262500 2.475000 0.172400
0.337500 2.475000 0.172400
0.412500 2.475000 0.172400
0.487500 2.475000 0.172400
0.562500 2.475000 0.172300
0.637500 2.475000 0.172300
0.712500 2.475000 0.172300
0.787500 2.475000 0.172200
0.862500 2.475000 0.172200
0.937500 2.475000 0.172100
1.012000 2.475000 0.172000
1.087000 2.475000 0.171900
1.163000 2.475000 0.171800
1.238000 2.475000 0.171700
1.313000 2.475000 0.171600
1.388000 2.475000 0.171500
1.463000 2.475000 0.171300
1.538000 2.475000 0.171100
1.613000 2.475000 0.170900
1.688000 2.475000 0.170700
1.763000 2.475000 0.170500
1.838000 2.475000 0.170300
1.913000 2.475000 0.170100
1.988000 2.475000 0.169800
2.063000 2.475000 0.169500
2.138000 2.475000 0.169300
2.213000 2.475000 0.169000
2.288000 2.475000 0.168700
2.363000 2.475000 0.168400
2.438000 2.475000 0.168100
2.513000 2.475000 0.167800
2.588000 2.475000 0.167500
2.663000 2.475000 0.167300
2.738000 2.475000 0.167000
2.813000 2.475000 0.166700
2.888000 2.475000 0.166400
2.963000 2.475000 0.166200
3.038000 2.475000 0.166000
3.113000 2.475000 0.165700
3.188000 2.475000 0.165500
3.263000 2.475000 0.165300
3.338000 2.475000 0.165200
3.413000 2.475000 0.165000
3.488000 2.475000 0.164900
3.563000 2.475000 0.164800
3.638000 2.475000 0.164800
3.713000 2.475000 0.164700
3.788000 2.475000 0.164700
3.863000 2.475000 0.000000
-0.037500 2.625000 0.000000
0.037500 2.625000 0.166200
0.112500 2.625000 0.166200
0.187500 2.625000 0.166200
0.262500 2.625000 0.166200
0.337500 2.625000 0.166200
0.412500 2.625000 0.166200
0.487500 2.625000 0.166200
0.562500 2.625000 0.166100
0.637500 2.625000 0.166100
0.712500 2.625000 0.166100
0.787500 2.625000 0.166000
0.862500 2.625000 0.165900
0.937500 2.625000 0.165900
1.012000 2.625000 0.165800
1.087000 2.625000 0.165700
1.163000 2.625000 0.165600
1.238000 2.625000 0.165500
1.313000 2.625000 0.165400
1.388000 2.625000 0.165200
1.463000 2.625000 0.165100
1.538000 2.625000 0.164900
1.613000 2.625000 0.164700
1.688000 2.625000 0.164500
1.763000 2.625000 0.164300
1.838000 2.625000 0.164100
1.913000 2.625000 0.163900
1.988000 2.625000 0.163600
2.063000 2.625000 0.163400
2.138000 2.625000 0.163100
2.213000 2.625000 0.162900
2.288000 2.625000 0.162600
2.363000 2.625000 0.162300
2.438000 2.625000 0.162100
2.513000 2.625000 0.161800
2.588000 2.625000 0.161500
2.663000 2.625000 0.161200
2.738000 2.625000 0.161000
2.813000 2.625000 0.160700
2.888000 2.625000 0.160500
2.963000 2.625000 0.160200
3.038000 2.625000 0.160000
3.113000 2.625000 0.159800
3.188000 2.625000 0.159600
3.263000 2.625000 0.159400
3.338000 2.625000 0.159300
3.413000 2.625000 0.159200
3.488000 2.625000 0.159100
3.563000 2.625000 0.159000
3.638000 2.625000 0.158900
3.713000 2.625000 0.158800
3.788000 2.625000 0.158800
3.863000 2.625000 0.000000
-0.037500 2.775000 0.000000
0.037500 2.775000 0.159900
0.112500 2.775000 0.159900
0.187500 2.775000 0.159900
0.262500 2.775000 0.159900
0.337500 2.775000 0.159900
0.412500 2.775000 0.159900
0.487500 2.775000 0.159900
0.562500 2.775000 0.159800
0.637500 2.775000 0.159800
0.712500 2.775000 0.159800
0.787500 2.775000 0.159700
0.862500 2.775000 0.159700
0.937500 2.775000 0.159600
1.012000 2.775000 0.159500
1.087000 2.775000 0.159400
1.163000 2.775000 0.159300
1.238000 2.775000 0.159200
1.313000 2.775000 0.159100
1.388000 2.775000 0.159000
1.463000 2.775000 0.158800
1.538000 2.775000 0.158600
1.613000 2.775000 0.158500
1.688000 2.775000 0.158300
1.763000 2.775000 0.158100
1.838000 2.775000 0.157900
1.913000 2.775000 0.157700
1.988000 2.775000 0.157400
2.063000 2.775000 0.157200
2.138000 2.775000 0.156900
2.213000 2.775000 0.156700
2.288000 2.775000 0.156400
2.363000 2.775000 0.156200
2.438000 2.775000 0.155900
2.513000 2.775000 0.155600
2.588000 2.775000 0.155400
2.663000 2.775000 0.155100
2.738000 2.775000 0.154900
2.813000 2.775000 0.154600
2.888000 2.775000 0.154400
2.963000 2.775000 0.154200
3.038000 2.775000 0.154000
3.113000 2.775000 0.153800
3.188000 2.775000 0.153600
3.263000 2.775000 0.153400
3.338000 2.775000 0.153300
3.413000 2.775000 0.153200
3.488000 2.775000 0.153100
3.563000 2.775000 0.153000
3.638000 2.775000 0.152900
3.713000 2.775000 0.152900
3.788000 2.775000 0.152800
3.863000 2.775000 0.000000
-0.037500 2.925000 0.000000
0.037500 2.925000 0.147400
0.112500 2.925000 0.147400
0.187500 2.925000 0.147400
0.262500 2.925000 0.147400
0.337500 2.925000 0.147300
0.412500 2.925000 0.147300
0.487500 2.925000 0.147300
0.562500 2.925000 0.147300
0.637500 2.925000 0.147300
0.712500 2.925000 0.147200
0.787500 2.925000 0.147200
0.862500 2.925000 0.147100
0.937500 2.925000 0.147100
1.012000 2.925000 0.147000
1.087000 2.925000 0.146900
1.163000 2.925000 0.146800
1.238000 2.925000 0.146700
1.313000 2.925000 0.146600
1.388000 2.925000 0.146500
1.463000 2.925000 0.146300
1.538000 2.925000 0.146200
1.613000 2.925000 0.146000
1.688000 2.925000 0.145800
1.763000 2.925000 0.145700
1.838000 2.925000 0.145500
1.913000 2.925000 0.145300
1.988000 2.925000 0.145000
2.063000 2.925000 0.144800
2.138000 2.925000 0.144600
2.213000 2.925000 0.144300
2.288000 2.925000 0.144100
2.363000 2.925000 0.143900
2.438000 2.925000 0.143600
2.513000 2.925000 0.143400
2.588000 2.925000 0.143100
2.663000 2.925000 0.142900
2.738000 2.925000 0.142700
2.813000 2.925000 0.142400
2.888000 2.925000 0.142200
2.963000 2.925000 0.142000
3.038000 2.925000 0.141800
3.113000 2.925000 0.141600
3.188000 2.925000 0.141400
3.263000 2.925000 0.141300
3.338000 2.925000 0.141200
3.413000 2.925000 0.141000
3.488000 2.925000 0.140900
3.563000 2.925000 0.140900
3.638000 2.925000 0.140800
3.713000 2.925000 0.140800
3.788000 2.925000 0.140700
3.863000 2.925000 0.000000
-0.037500 3.075000 0.000000
0.037500 3.075000 0.128900
0.112500 3.075000 0.128900
0.187500 3.075000 0.128900
0.262500 3.075000 0.128900
0.337500 3.075000 0.128900
0.412500 3.075000 0.128900
0.487500 3.075000 0.128900
0.562500 3.075000 0.128900
0.637500 3.075000 0.128800
0.712500 3.075000 0.128800
0.787500 3.075000 0.128800
0.862500 3.075000 0.128700
0.937500 3.075000 0.128700
1.012000 3.075000 0.128600
1.087000 3.075000 0.128500
1.163000 3.075000 0.128400
1.238000 3.075000 0.128400
1.313000 3.075000 0.128300
1.388000 3.075000 0.128100
1.463000 3.075000 0.128000
1.538000 3.075000 0.127900
1.613000 3.075000 0.127700
1.688000 3.075000 0.127600
1.763000 3.075000 0.127400
1.838000 3.075000 0.127300
1.913000 3.075000 0.127100
1.988000 3.075000 0.126900
2.063000 3.075000 0.126700
2.138000 3.075000 0.126500
2.213000 3.075000 0.126300
2.288000 3.075000 0.126100
2.363000 3.075000 0.125800
2.438000 3.075000 0.125600
2.513000 3.075000 0.125400
2.588000 3.075000 0.125200
2.663000 3.075000 0.125000
2.738000 3.075000 0.124800
2.813000 3.075000 0.124600
2.888000 3.075000 0.124400
2.963000 3.075000 0.124200
3.038000 3.075000 0.124000
3.113000 3.075000 0.123800
3.188000 3.075000 0.123700
3.263000 3.075000 0.123600
3.338000 3.075000 0.123400
3.413000 3.075000 0.123300
3.488000 3.075000 0.123200
3.563000 3.075000 0.123200
3.638000 3.075000 0.123100
3.713000 3.075000 0.123100
3.788000 3.075000 0.123100
3.863000 3.075000 0.000000
-0.037500 3.225000 0.000000
0.037500 3.225000 0.111500
0.112500 3.225000 0.111500
0.187500 3.225000 0.111500
0.262500 3.225000 0.111400
0.337500 3.225000 0.111400
0.412500 3.225000 0.111400
0.487500 3.225000 0.111400
0.562500 3.225000 0.111400
0.637500 3.225000 0.111400
0.712500 3.225000 0.111300
0.787500 3.225000 0.111300
0.862500 3.225000 0.111300
0.937500 3.225000 0.111200
1.012000 3.225000 0.111200
1.087000 3.225000 0.111100
1.163000 3.225000 0.111000
1.238000 3.225000 0.110900
1.313000 3.225000 0.110900
1.388000 3.225000 0.110800
1.463000 3.225000 0.110700
1.538000 3.225000 0.110500
1.613000 3.225000 0.110400
1.688000 3.225000 0.110300
1.763000 3.225000 0.110100
1.838000 3.225000 0.110000
1.913000 3.225000 0.109800
1.988000 3.225000 0.109700
2.063000 3.225000 0.109500
2.138000 3.225000 0.109300
2.213000 3.225000 0.109100
2.288000 3.225000 0.108900
2.363000 3.225000 0.108700
2.438000 3.225000 0.108500
2.513000 3.225000 0.108400
2.588000 3.225000 0.108200
2.663000 3.225000 0.108000
2.738000 3.225000 0.107800
2.813000 3.225000 0.107600
2.888000 3.225000 0.107500
2.963000 3.225000 0.107300
3.038000 3.225000 0.107100
3.113000 3.225000 0.107000
3.188000 3.225000 0.106900
3.263000 3.225000 0.106700
3.338000 3.225000 0.106600
3.413000 3.225000 0.106500
3.488000 3.225000 0.106500
3.563000 3.225000 0.106400
3.638000 3.225000 0.106400
3.713000 3.225000 0.106300
3.788000 3.225000 0.106300
3.863000 3.225000 0.000000
-0.037500 3.375000 0.000000
0.037500 3.375000 0.095250
0.112500 3.375000 0.095250
0.187500 3.375000 0.095250
0.262500 3.375000 0.095240
0.337500 3.375000 0.095240
0.412500 3.375000 0.095220
0.487500 3.375000 0.095210
0.562500 3.375000 0.095190
0.637500 3.375000 0.095170
0.712500 3.375000 0.095140
0.787500 3.375000 0.095110
0.862500 3.375000 0.095080
0.937500 3.375000 0.095040
1.012000 3.375000 0.094990
1.087000 3.375000 0.094930
1.163000 3.375000 0.094870
1.238000 3.375000 0.094800
1.313000 3.375000 0.094730
1.388000 3.375000 0.094640
1.463000 3.375000 0.094550
1.538000 3.375000 0.094450
1.613000 3.375000 0.094340
1.688000 3.375000 0.094230
1.763000 3.375000 0.094100
1.838000 3.375000 0.093970
1.913000 3.375000 0.093830
1.988000 3.375000 0.093690
2.063000 3.375000 0.093540
2.138000 3.375000 0.093390
2.213000 3.375000 0.093230
2.288000 3.375000 0.093070
2.363000 3.375000 0.092900
2.438000 3.375000 0.092740
2.513000 3.375000 0.092570
2.588000 3.375000 0.092410
2.663000 3.375000 0.092250
2.738000 3.375000 0.092090
2.813000 3.375000 0.091940
2.888000 3.375000 0.091790
2.963000 3.375000 0.091650
3.038000 3.375000 0.091520
3.113000 3.375000 0.091400
3.188000 3.375000 0.091290
3.263000 3.375000 0.091180
3.338000 3.375000 0.091090
3.413000 3.375000 0.091010
3.488000 3.375000 0.090940
3.563000 3.375000 0.090890
3.638000 3.375000 0.090850
3.713000 3.375000 0.090810
3.788000 3.375000 0.090780
3.863000 3.375000 0.000000
-0.037500 3.525000 0.000000
0.037500 3.525000 0.080550
0.112500 3.525000 0.080550
0.187500 3.525000 0.080550
0.262500 3.525000 0.080550
0.337500 3.525000 0.080540
0.412500 3.525000 0.080530
0.487500 3.525000 0.080520
0.562500 3.525000 0.080500
0.637500 3.525000 0.080480
0.712500 3.525000 0.080460
0.787500 3.525000 0.080430
0.862500 3.525000 0.080400
0.937500 3.525000 0.080370
1.012000 3.525000 0.080330
1.087000 3.525000 0.080280
1.163000 3.525000 0.080230
1.238000 3.525000 0.080170
1.313000 3.525000 0.080100
1.388000 3.525000 0.080030
1.463000 3.525000 0.079950
1.538000 3.525000 0.079870
1.613000 3.525000 0.079770
1.688000 3.525000 0.079670
1.763000 3.525000 0.079570
1.838000 3.525000 0.079460
1.913000 3.525000 0.079340
1.988000 3.525000 0.079220
2.063000 3.525000 0.079090
2.138000 3.525000 0.078960
2.213000 3.525000 0.078820
2.288000 3.525000 0.078690
2.363000 3.525000 0.078550
2.438000 3.525000 0.078410
2.513000 3.525000 0.078270
2.588000 3.525000 0.078130
2.663000 3.525000 0.077990
2.738000 3.525000 0.077860
2.813000 3.525000 0.077730
2.888000 3.525000 0.077600
2.963000 3.525000 0.077490
3.038000 3.525000 0.077370
3.113000 3.525000 0.077270
3.188000 3.525000 0.077170
3.263000 3.525000 0.077080
3.338000 3.525000 0.077010
3.413000 3.525000 0.076940
3.488000 3.525000 0.076880
3.563000 3.525000 0.076830
3.638000 3.525000 0.076800
3.713000 3.525000 0.076770
3.788000 3.525000 0.076730
3.863000 3.525000 0.000000
-0.037500 3.675000 0.000000
0.037500 3.675000 0.067480
0.112500 3.675000 0.067480
0.187500 3.675000 0.067480
0.262500 3.675000 0.067480
0.337500 3.675000 0.067470
0.412500 3.675000 0.067460
0.487500 3.675000 0.067450
0.562500 3.675000 0.067440
0.637500 3.675000 0.067420
0.712500 3.675000 0.067400
0.787500 3.675000 0.067380
0.862500 3.675000 0.067350
0.937500 3.675000 0.067320
1.012000 3.675000 0.067290
1.087000 3.675000 0.067250
1.163000 3.675000 0.067200
1.238000 3.675000 0.067150
1.313000 3.675000 0.067100
1.388000 3.675000 0.067030
1.463000 3.675000 0.066970
1.538000 3.675000 0.066900
1.613000 3.675000 0.066820
1.688000 3.675000 0.066730
1.763000 3.675000 0.066640
1.838000 3.675000 0.066550
1.913000 3.675000 0.066450
1.988000 3.675000 0.066350
2.063000 3.675000 0.066240
2.138000 3.675000 0.066130
2.213000 3.675000 0.066020
2.288000 3.675000 0.065900
2.363000 3.675000 0.065780
2.438000 3.675000 0.065670
2.513000 3.675000 0.065550
2.588000 3.675000 0.065430
2.663000 3.675000 0.065320
2.738000 3.675000 0.065210
2.813000 3.675000 0.065100
2.888000 3.675000 0.064990
2.963000 3.675000 0.064890
3.038000 3.675000 0.064800
3.113000 3.675000 0.064710
3.188000 3.675000 0.064630
3.263000 3.675000 0.064560
3.338000 3.675000 0.064490
3.413000 3.675000 0.064430
3.488000 3.675000 0.064380
3.563000 3.675000 0.064340
3.638000 3.675000 0.064310
3.713000 3.675000 0.064290
3.788000 3.675000 0.064250
3.863000 3.675000 0.000000
-0.037500 3.825000 0.000000
0.037500 3.825000 0.056070
0.112500 3.825000 0.056070
0.187500 3.825000 0.056070
0.262500 3.825000 0.056070
0.337500 3.825000 0.056060
0.412500 3.825000 0.056050
0.487500 3.825000 0.056040
0.562500 3.825000 0.056030
0.637500 3.825000 0.056020
0.712500 3.825000 0.056000
0.787500 3.825000 0.055980
0.862500 3.825000 0.055960
0.937500 3.825000 0.055930
1.012000 3.825000 0.055900
1.087000 3.825000 0.055870
1.163000 3.825000 0.055830
1.238000 3.825000 0.055790
1.313000 3.825000 0.055740
1.388000 3.825000 0.055690
1.463000 3.825000 0.055630
1.538000 3.825000 0.055570
1.613000 3.825000 0.055510
1.688000 3.825000 0.055440
1.763000 3.825000 0.055360
1.838000 3.825000 0.055280
1.913000 3.825000 0.055200
1.988000 3.825000 0.055110
2.063000 3.825000 0.055030
2.138000 3.825000 0.054930
2.213000 3.825000 0.054840
2.288000 3.825000 0.054740
2.363000 3.825000 0.054650
2.438000 3.825000 0.054550
2.513000 3.825000 0.054450
2.588000 3.825000 0.054350
2.663000 3.825000 0.054260
2.738000 3.825000 0.054170
2.813000 3.825000 0.054070
2.888000 3.825000 0.053990
2.963000 3.825000 0.053900
3.038000 3.825000 0.053830
3.113000 3.825000 0.053750
3.188000 3.825000 0.053680
3.263000 3.825000 0.053620
3.338000 3.825000 0.053570
3.413000 3.825000 0.053520
3.488000 3.825000 0.053480
3.563000 3.825000 0.053450
3.638000 3.825000 0.053420
3.713000 3.825000 0.053400
3.788000 3.825000 0.053360
3.863000 3.825000 0.000000
-0.037500 3.975000 0.000000
0.037500 3.975000 0.046280
0.112500 3.975000 0.046290
0.187500 3.975000 0.046280
0.262500 3.975000 0.046280
0.337500 3.975000 0.046280
0.412500 3.975000 0.046270
0.487500 3.975000 0.046260
0.562500 3.975000 0.046250
0.637500 3.975000 0.046240
0.712500 3.975000 0.046220
0.787500 3.975000 0.046210
0.862500 3.975000 0.046190
0.937500 3.975000 0.046170
1.012000 3.975000 0.046140
1.087000 3.975000 0.046110
1.163000 3.975000 0.046080
1.238000 3.975000 0.046040
1.313000 3.975000 0.046000
1.388000 3.975000 0.045960
1.463000 3.975000 0.045920
1.538000 3.975000 0.045860
1.613000 3.975000 0.045810
1.688000 3.975000 0.045750
1.763000 3.975000 0.045690
1.838000 3.975000 0.045620
1.913000 3.975000 0.045560
1.988000 3.975000 0.045490
2.063000 3.975000 0.045410
2.138000 3.975000 0.045340
2.213000 3.975000 0.045260
2.288000 3.975000 0.045180
2.363000 3.975000 0.045100
2.438000 3.975000 0.045020
2.513000 3.975000 0.044940
2.588000 3.975000 0.044860
2.663000 3.975000 0.044780
2.738000 3.975000 0.044700
2.813000 3.975000 0.044630
2.888000 3.975000 0.044560
2.963000 3.975000 0.044490
3.038000 3.975000 0.044420
3.113000 3.975000 0.044360
3.188000 3.975000 0.044310
3.263000 3.975000 0.044250
3.338000 3.975000 0.044210
3.413000 3.975000 0.044170
3.488000 3.975000 0.044140
3.563000 3.975000 0.044110
3.638000 3.975000 0.044090
3.713000 3.975000 0.044060
3.788000 3.975000 0.044040
3.863000 3.975000 0.000000
-0.037500 4.125000 0.000000
0.037500 4.125000 0.038050
0.112500 4.125000 0.038050
0.187500 4.125000 0.038050
0.262500 4.125000 0.038050
0.337500 4.125000 0.038040
0.412500 4.125000 0.038040
0.487500 4.125000 0.038030
0.562500 4.125000 0.038020
0.637500 4.125000 0.038010
0.712500 4.125000 0.038000
0.787500 4.125000 0.037990
0.862500 4.125000 0.037970
0.937500 4.125000 0.037950
1.012000 4.125000 0.037930
1.087000 4.125000 0.037900
1.163000 4.125000 0.037880
1.238000 4.125000 0.037850
1.313000 4.125000 0.037820
1.388000 4.125000 0.037780
1.463000 4.125000 0.037740
1.538000 4.125000 0.037700
1.613000 4.125000 0.037650
1.688000 4.125000 0.037610
1.763000 4.125000 0.037560
1.838000 4.125000 0.037500
1.913000 4.125000 0.037450
1.988000 4.125000 0.037390
2.063000 4.125000 0.037330
2.138000 4.125000 0.037260
2.213000 4.125000 0.037200
2.288000 4.125000 0.037130
2.363000 4.125000 0.037070
2.438000 4.125000 0.037000
2.513000 4.125000 0.036940
2.588000 4.125000 0.036870
2.663000 4.125000 0.036810
2.738000 4.125000 0.036740
2.813000 4.125000 0.036680
2.888000 4.125000 0.036620
2.963000 4.125000 0.036570
3.038000 4.125000 0.036510
3.113000 4.125000 0.036460
3.188000 4.125000 0.036420
3.263000 4.125000 0.036380
3.338000 4.125000 0.036340
3.413000 4.125000 0.036310
3.488000 4.125000 0.036280
3.563000 4.125000 0.036260
3.638000 4.125000 0.036240
3.713000 4.125000 0.036220
3.788000 4.125000 0.036190
3.863000 4.125000 0.000000
-0.037500 4.275000 0.000000
0.037500 4.275000 0.031270
0.112500 4.275000 0.031270
0.187500 4.275000 0.031270
0.262500 4.275000 0.031270
0.337500 4.275000 0.031270
0.412500 4.275000 0.031260
0.487500 4.275000 0.031260
0.562500 4.275000 0.031250
0.637500 4.275000 0.031240
0.712500 4.275000 0.031230
0.787500 4.275000 0.031220
0.862500 4.275000 0.031200
0.937500 4.275000 0.031190
1.012000 4.275000 0.031170
1.087000 4.275000 0.031150
1.163000 4.275000 0.031130
1.238000 4.275000 0.031100
1.313000 4.275000 0.031070
1.388000 4.275000 0.031040
1.463000 4.275000 0.031010
1.538000 4.275000 0.030980
1.613000 4.275000 0.030940
1.688000 4.275000 0.030900
1.763000 4.275000 0.030860
1.838000 4.275000 0.030810
1.913000 4.275000 0.030770
1.988000 4.275000 0.030720
2.063000 4.275000 0.030670
2.138000 4.275000 0.030620
2.213000 4.275000 0.030570
2.288000 4.275000 0.030510
2.363000 4.275000 0.030460
2.438000 4.275000 0.030400
2.513000 4.275000 0.030350
2.588000 4.275000 0.030300
2.663000 4.275000 0.030240
2.738000 4.275000 0.030190
2.813000 4.275000 0.030140
2.888000 4.275000 0.030090
2.963000 4.275000 0.030050
3.038000 4.275000 0.030000
3.113000 4.275000 0.029960
3.188000 4.275000 0.029930
3.263000 4.275000 0.029890
3.338000 4.275000 0.029860
3.413000 4.275000 0.029830
3.488000 4.275000 0.029810
3.563000 4.275000 0.029790
3.638000 4.275000 0.029780
3.713000 4.275000 0.029760
3.788000 4.275000 0.029740
3.863000 4.275000 0.000000
-0.037500 4.425000 0.000000
0.037500 4.425000 0.025840
0.112500 4.425000 0.025840
0.187500 4.425000 0.025840
0.262500 4.425000 0.025840
0.337500 4.425000 0.025830
0.412500 4.425000 0.025830
0.487500 4.425000 0.025820
0.562500 4.425000 0.025820
0.637500 4.425000 0.025810
0.712500 4.425000 0.025800
0.787500 4.425000 0.025790
0.862500 4.425000 0.025780
0.937500 4.425000 0.025760
1.012000 4.425000 0.025750
1.087000 4.425000 0.025730
1.163000 4.425000 0.025710
1.238000 4.425000 0.025690
1.313000 4.425000 0.025670
1.388000 4.425000 0.025650
1.463000 4.425000 0.025620
1.538000 4.425000 0.025590
1.613000 4.425000 0.025560
1.688000 4.425000 0.025530
1.763000 4.425000 0.025490
1.838000 4.425000 0.025450
1.913000 4.425000 0.025420
1.988000 4.425000 0.025380
2.063000 4.425000 0.025330
2.138000 4.425000 0.025290
2.213000 4.425000 0.025250
2.288000 4.425000 0.025210
2.363000 4.425000 0.025160
2.438000 4.425000 0.025120
2.513000 4.425000 0.025070
2.588000 4.425000 0.025030
2.663000 4.425000 0.024980
2.738000 4.425000 0.024940
2.813000 4.425000 0.024900
2.888000 4.425000 0.024860
2.963000 4.425000 0.024820
3.038000 4.425000 0.024790
3.113000 4.425000 0.024750
3.188000 4.425000 0.024720
3.263000 4.425000 0.024690
3.338000 4.425000 0.024670
3.413000 4.425000 0.024650
3.488000 4.425000 0.024630
3.563000 4.425000 0.024610
3.638000 4.425000 0.024600
3.713000 4.425000 0.024590
3.788000 4.425000 0.024560
3.863000 4.425000 0.000000
-0.037500 4.575000 0.000000
0.037500 4.575000 0.021640
0.112500 4.575000 0.021640
0.187500 4.575000 0.021640
0.262500 4.575000 0.021640
0.337500 4.575000 0.021640
0.412500 4.575000 0.021630
0.487500 4.575000 0.021630
0.562500 4.575000 0.021620
0.637500 4.575000 0.021620
0.712500 4.575000 0.021610
0.787500 4.575000 0.021600
0.862500 4.575000 0.021590
0.937500 4.575000 0.021580
1.012000 4.575000 0.021560
1.087000 4.575000 0.021550
1.163000 4.575000 0.021530
1.238000 4.575000 0.021520
1.313000 4.575000 0.021500
1.388000 4.575000 0.021480
1.463000 4.575000 0.021450
1.538000 4.575000 0.021430
1.613000 4.575000 0.021400
1.688000 4.575000 0.021380
1.763000 4.575000 0.021350
1.838000 4.575000 0.021320
1.913000 4.575000 0.021280
1.988000 4.575000 0.021250
2.063000 4.575000 0.021220
2.138000 4.575000 0.021180
2.213000 4.575000 0.021140
2.288000 4.575000 0.021110
2.363000 4.575000 0.021070
2.438000 4.575000 0.021030
2.513000 4.575000 0.021000
2.588000 4.575000 0.020960
2.663000 4.575000 0.020920
2.738000 4.575000 0.020890
2.813000 4.575000 0.020850
2.888000 4.575000 0.020820
2.963000 4.575000 0.020790
3.038000 4.575000 0.020760
3.113000 4.575000 0.020730
3.188000 4.575000 0.020710
3.263000 4.575000 0.020680
3.338000 4.575000 0.020660
3.413000 4.575000 0.020640
3.488000 4.575000 0.020630
3.563000 4.575000 0.020610
3.638000 4.575000 0.020600
3.713000 4.575000 0.020590
3.788000 4.575000 0.020570
3.863000 4.575000 0.000000
-0.037500 4.725000 0.000000
0.037500 4.725000 0.018590
0.112500 4.725000 0.018590
0.187500 4.725000 0.018590
0.262500 4.725000 0.018590
0.337500 4.725000 0.018580
0.412500 4.725000 0.018580
0.487500 4.725000 0.018580
0.562500 4.725000 0.018570
0.637500 4.725000 0.018560
0.712500 4.725000 0.018560
0.787500 4.725000 0.018550
0.862500 4.725000 0.018540
0.937500 4.725000 0.018530
1.012000 4.725000 0.018520
1.087000 4.725000 0.018510
1.163000 4.725000 0.018490
1.238000 4.725000 0.018480
1.313000 4.725000 0.018460
1.388000 4.725000 0.018440
1.463000 4.725000 0.018420
1.538000 4.725000 0.018400
1.613000 4.725000 0.018380
1.688000 4.725000 0.018350
1.763000 4.725000 0.018330
1.838000 4.725000 0.018300
1.913000 4.725000 0.018280
1.988000 4.725000 0.018250
2.063000 4.725000 0.018220
2.138000 4.725000 0.018190
2.213000 4.725000 0.018160
2.288000 4.725000 0.018120
2.363000 4.725000 0.018090
2.438000 4.725000 0.018060
2.513000 4.725000 0.018030
2.588000 4.725000 0.018000
2.663000 4.725000 0.017970
2.738000 4.725000 0.017940
2.813000 4.725000 0.017910
2.888000 4.725000 0.017880
2.963000 4.725000 0.017850
3.038000 4.725000 0.017830
3.113000 4.725000 0.017800
3.188000 4.725000 0.017780
3.263000 4.725000 0.017760
3.338000 4.725000 0.017740
3.413000 4.725000 0.017730
3.488000 4.725000 0.017710
3.563000 4.725000 0.017700
3.638000 4.725000 0.017690
3.713000 4.725000 0.017680
3.788000 4.725000 0.017660
3.863000 4.725000 0.000000
-0.037500 4.875000 0.000000
0.037500 4.875000 0.016590
0.112500 4.875000 0.016590
0.187500 4.875000 0.016590
0.262500 4.875000 0.016590
0.337500 4.875000 0.016590
0.412500 4.875000 0.016590
0.487500 4.875000 0.016580
0.562500 4.875000 0.016580
0.637500 4.875000 0.016570
0.712500 4.875000 0.016570
0.787500 4.875000 0.016560
0.862500 4.875000 0.016550
0.937500 4.875000 0.016540
1.012000 4.875000 0.016530
1.087000 4.875000 0.016520
1.163000 4.875000 0.016510
1.238000 4.875000 0.016490
1.313000 4.875000 0.016480
1.388000 4.875000 0.016460
1.463000 4.875000 0.016440
1.538000 4.875000 0.016430
1.613000 4.875000 0.016410
1.688000 4.875000 0.016380
1.763000 4.875000 0.016360
1.838000 4.875000 0.016340
1.913000 4.875000 0.016310
1.988000 4.875000 0.016290
2.063000 4.875000 0.016260
2.138000 4.875000 0.016230
2.213000 4.875000 0.016210
2.288000 4.875000 0.016180
2.363000 4.875000 0.016150
2.438000 4.875000 0.016120
2.513000 4.875000 0.016100
2.588000 4.875000 0.016070
2.663000 4.875000 0.016040
2.738000 4.875000 0.016010
2.813000 4.875000 0.015990
2.888000 4.875000 0.015960
2.963000 4.875000 0.015940
3.038000 4.875000 0.015920
3.113000 4.875000 0.015890
3.188000 4.875000 0.015870
3.263000 4.875000 0.015860
3.338000 4.875000 0.015840
3.413000 4.875000 0.015830
3.488000 4.875000 0.015810
3.563000 4.875000 0.015800
3.638000 4.875000 0.015790
3.713000 4.875000 0.015790
3.788000 4.875000 0.015770
3.863000 4.875000 0.000000
-0.037500 5.025000 0.000000
0.037500 5.025000 0.015600
0.112500 5.025000 0.015600
0.187500 5.025000 0.015590
0.262500 5.025000 0.015590
0.337500 5.025000 0.015590
0.412500 5.025000 0.015580
0.487500 5.025000 0.015580
0.562500 5.025000 0.015570
0.637500 5.025000 0.015570
0.712500 5.025000 0.015560
0.787500 5.025000 0.015550
0.862500 5.025000 0.015550
0.937500 5.025000 0.015540
1.012000 5.025000 0.015530
1.087000 5.025000 0.015520
1.163000 5.025000 0.015500
1.238000 5.025000 0.015490
1.313000 5.025000 0.015480
1.388000 5.025000 0.015460
1.463000 5.025000 0.015440
1.538000 5.025000 0.015430
1.613000 5.025000 0.015410
1.688000 5.025000 0.015390
1.763000 5.025000 0.015370
1.838000 5.025000 0.015340
1.913000 5.025000 0.015320
1.988000 5.025000 0.015300
2.063000 5.025000 0.015270
2.138000 5.025000 0.015250
2.213000 5.025000 0.015220
2.288000 5.025000 0.015190
2.363000 5.025000 0.015170
2.438000 5.025000 0.015140
2.513000 5.025000 0.015120
2.588000 5.025000 0.015090
2.663000 5.025000 0.015060
2.738000 5.025000 0.015040
2.813000 5.025000 0.015010
2.888000 5.025000 0.014990
2.963000 5.025000 0.014970
3.038000 5.025000 0.014950
3.113000 5.025000 0.014930
3.188000 5.025000 0.014910
3.263000 5.025000 0.014890
3.338000 5.025000 0.014880
3.413000 5.025000 0.014860
3.488000 5.025000 0.014850
3.563000 5.025000 0.014840
3.638000 5.025000 0.014830
3.713000 5.025000 0.014820
3.788000 5.025000 0.014810
3.863000 5.025000 0.000000
-0.037500 5.175000 0.000000
0.037500 5.175000 0.000000
0.112500 5.175000 0.000000
0.187500 5.175000 0.000000
0.262500 5.175000 0.000000
0.337500 5.175000 0.000000
0.412500 5.175000 0.000000
0.487500 5.175000 0.000000
0.562500 5.175000 0.000000
0.637500 5.175000 0.000000
0.712500 5.175000 0.000000
0.787500 5.175000 0.000000
0.862500 5.175000 0.000000
0.937500 5.175000 0.000000
1.012000 5.175000 0.000000
1.087000 5.175000 0.000000
1.163000 5.175000 0.000000
1.238000 5.175000 0.000000
1.313000 5.175000 0.000000
1.388000 5.175000 0.000000
1.463000 5.175000 0.000000
1.538000 5.175000 0.000000
1.613000 5.175000 0.000000
1.688000 5.175000 0.000000
1.763000 5.175000 0.000000
1.838000 5.175000 0.000000
1.913000 5.175000 0.000000
1.988000 5.175000 0.000000
2.063000 5.175000 0.000000
2.138000 5.175000 0.000000
2.213000 5.175000 0.000000
2.288000 5.175000 0.000000
2.363000 5.175000 0.000000
2.438000 5.175000 0.000000
2.513000 5.175000 0.000000
2.588000 5.175000 0.000000
2.663000 5.175000 0.000000
2.738000 5.175000 0.000000
2.813000 5.175000 0.000000
2.888000 5.175000 0.000000
2.963000 5.175000 0.000000
3.038000 5.175000 0.000000
3.113000 5.175000 0.000000
3.188000 5.175000 0.000000
3.263000 5.175000 0.000000
3.338000 5.175000 0.000000
3.413000 5.175000 0.000000
3.488000 5.175000 0.000000
3.563000 5.175000 0.000000
3.638000 5.175000 0.000000
3.713000 5.175000 0.000000
3.788000 5.175000 0.000000
3.863000 5.175000 0.000000
