-0.037500 -0.075000 0.000000
0.037500 -0.075000 0.000000
0.112500 -0.075000 0.000000
0.187500 -0.075000 0.000000
0.262500 -0.075000 0.000000
0.337500 -0.075000 0.000000
0.412500 -0.075000 0.000000
0.487500 -0.075000 0.000000
0.562500 -0.075000 0.000000
0.637500 -0.075000 0.000000
0.712500 -0.075000 0.000000
0.787500 -0.075000 0.000000
0.862500 -0.075000 0.000000
0.937500 -0.075000 0.000000
1.012000 -0.075000 0.000000
1.087000 -0.075000 0.000000
1.163000 -0.075000 0.000000
1.238000 -0.075000 0.000000
1.313000 -0.075000 0.000000
1.388000 -0.075000 0.000000
1.463000 -0.075000 0.000000
1.538000 -0.075000 0.000000
1.613000 -0.075000 0.000000
1.688000 -0.075000 0.000000
1.763000 -0.075000 0.000000
1.838000 -0.075000 0.000000
1.913000 -0.075000 0.000000
1.988000 -0.075000 0.000000
2.063000 -0.075000 0.000000
2.138000 -0.075000 0.000000
2.213000 -0.075000 0.000000
2.288000 -0.075000 0.000000
2.363000 -0.075000 0.000000
2.438000 -0.075000 0.000000
2.513000 -0.075000 0.000000
2.588000 -0.075000 0.000000
2.663000 -0.075000 0.000000
2.738000 -0.075000 0.000000
2.813000 -0.075000 0.000000
2.888000 -0.075000 0.000000
2.963000 -0.075000 0.000000
3.038000 -0.075000 0.000000
3.113000 -0.075000 0.000000
3.188000 -0.075000 0.000000
3.263000 -0.075000 0.000000
3.338000 -0.075000 0.000000
3.413000 -0.075000 0.000000
3.488000 -0.075000 0.000000
3.563000 -0.075000 0.000000
3.638000 -0.075000 0.000000
3.713000 -0.075000 0.000000
3.788000 -0.075000 0.000000
3.863000 -0.075000 0.000000
-0.037500 0.075000 0.000000
0.037500 0.075000 0.000040
0.112500 0.075000 0.000080
0.187500 0.075000 0.000120
0.262500 0.075000 0.000160
0.337500 0.075000 0.000190
0.412500 0.075000 0.000230
0.487500 0.075000 0.000270
0.562500 0.075000 0.000310
0.637500 0.075000 0.000350
0.712500 0.075000 0.000390
0.787500 0.075000 0.000430
0.862500 0.075000 0.000460
0.937500 0.075000 0.000500
1.012000 0.075000 0.000540
1.087000 0.075000 0.000570
1.163000 0.075000 0.000610
1.238000 0.075000 0.000640
1.313000 0.075000 0.000670
1.388000 0.075000 0.000700
1.463000 0.075000 0.000730
1.538000 0.075000 0.000750
1.613000 0.075000 0.000770
1.688000 0.075000 0.000790
1.763000 0.075000 0.000800
1.838000 0.075000 0.000810
1.913000 0.075000 0.000820
1.988000 0.075000 0.000820
2.063000 0.075000 0.000810
2.138000 0.075000 0.000800
2.213000 0.075000 0.000790
2.288000 0.075000 0.000780
2.363000 0.075000 0.000760
2.438000 0.075000 0.000740
2.513000 0.075000 0.000720
2.588000 0.075000 0.000690
2.663000 0.075000 0.000670
2.738000 0.075000 0.000650
2.813000 0.075000 0.000630
2.888000 0.075000 0.000600
2.963000 0.075000 0.000580
3.038000 0.075000 0.000560
3.113000 0.075000 0.000540
3.188000 0.075000 0.000520
3.263000 0.075000 0.000500
3.338000 0.075000 0.000480
3.413000 0.075000 0.000460
3.488000 0.075000 0.000440
3.563000 0.075000 0.000430
3.638000 0.075000 0.000410
3.713000 0.075000 0.000400
3.788000 0.075000 0.000380
3.863000 0.075000 0.000000
-0.037500 0.225000 0.000000
0.037500 0.225000 0.000040
0.112500 0.225000 0.000080
0.187500 0.225000 0.000120
0.262500 0.225000 0.000160
0.337500 0.225000 0.000190
0.412500 0.225000 0.000230
0.487500 0.225000 0.000270
0.562500 0.225000 0.000310
0.637500 0.225000 0.000350
0.712500 0.225000 0.000390
0.787500 0.225000 0.000430
0.862500 0.225000 0.000460
0.937500 0.225000 0.000500
1.012000 0.225000 0.000540
1.087000 0.225000 0.000570
1.163000 0.225000 0.000610
1.238000 0.225000 0.000640
1.313000 0.225000 0.000670
1.388000 0.225000 0.000700
1.463000 0.225000 0.000730
1.538000 0.225000 0.000750
1.613000 0.225000 0.000770
1.688000 0.225000 0.000790
1.763000 0.225000 0.000800
1.838000 0.225000 0.000810
1.913000 0.225000 0.000820
1.988000 0.225000 0.000820
2.063000 0.225000 0.000810
2.138000 0.225000 0.000800
2.213000 0.225000 0.000790
2.288000 0.225000 0.000780
2.363000 0.225000 0.000760
2.438000 0.225000 0.000740
2.513000 0.225000 0.000720
2.588000 0.225000 0.000690
2.663000 0.225000 0.000670
2.738000 0.225000 0.000650
2.813000 0.225000 0.000630
2.888000 0.225000 0.000600
2.963000 0.225000 0.000580
3.038000 0.225000 0.000560
3.113000 0.225000 0.000540
3.188000 0.225000 0.000520
3.263000 0.225000 0.000500
3.338000 0.225000 0.000480
3.413000 0.225000 0.000460
3.488000 0.225000 0.000440
3.563000 0.225000 0.000430
3.638000 0.225000 0.000410
3.713000 0.225000 0.000400
3.788000 0.225000 0.000380
3.863000 0.225000 0.000000
-0.037500 0.375000 0.000000
0.037500 0.375000 0.057760
0.112500 0.375000 0.057730
0.187500 0.375000 0.057720
0.262500 0.375000 0.057740
0.337500 0.375000 0.057770
0.412500 0.375000 0.057810
0.487500 0.375000 0.057850
0.562500 0.375000 0.057890
0.637500 0.375000 0.057930
0.712500 0.375000 0.057970
0.787500 0.375000 0.058010
0.862500 0.375000 0.058050
0.937500 0.375000 0.058080
1.012000 0.375000 0.058110
1.087000 0.375000 0.058130
1.163000 0.375000 0.058150
1.238000 0.375000 0.058160
1.313000 0.375000 0.058160
1.388000 0.375000 0.058160
1.463000 0.375000 0.058140
1.538000 0.375000 0.058120
1.613000 0.375000 0.058080
1.688000 0.375000 0.058030
1.763000 0.375000 0.057980
1.838000 0.375000 0.057910
1.913000 0.375000 0.057830
1.988000 0.375000 0.057740
2.063000 0.375000 0.057640
2.138000 0.375000 0.057530
2.213000 0.375000 0.057410
2.288000 0.375000 0.057290
2.363000 0.375000 0.057160
2.438000 0.375000 0.057020
2.513000 0.375000 0.056890
2.588000 0.375000 0.056750
2.663000 0.375000 0.056610
2.738000 0.375000 0.056470
2.813000 0.375000 0.056330
2.888000 0.375000 0.056200
2.963000 0.375000 0.056070
3.038000 0.375000 0.055950
3.113000 0.375000 0.055830
3.188000 0.375000 0.055720
3.263000 0.375000 0.055620
3.338000 0.375000 0.055530
3.413000 0.375000 0.055450
3.488000 0.375000 0.055380
3.563000 0.375000 0.055330
3.638000 0.375000 0.055280
3.713000 0.375000 0.055260
3.788000 0.375000 0.055260
3.863000 0.375000 0.000000
-0.037500 0.525000 0.000000
0.037500 0.525000 0.112400
0.112500 0.525000 0.112400
0.187500 0.525000 0.112400
0.262500 0.525000 0.112500
0.337500 0.525000 0.112500
0.412500 0.525000 0.112500
0.487500 0.525000 0.112600
0.562500 0.525000 0.112600
0.637500 0.525000 0.112600
0.712500 0.525000 0.112700
0.787500 0.525000 0.112700
0.862500 0.525000 0.112700
0.937500 0.525000 0.112700
1.012000 0.525000 0.112700
1.087000 0.525000 0.112700
1.163000 0.525000 0.112700
1.238000 0.525000 0.112700
1.313000 0.525000 0.112600
1.388000 0.525000 0.112600
1.463000 0.525000 0.112500
1.538000 0.525000 0.112400
1.613000 0.525000 0.112300
1.688000 0.525000 0.112200
1.763000 0.525000 0.112100
1.838000 0.525000 0.111900
1.913000 0.525000 0.111800
1.988000 0.525000 0.111600
2.063000 0.525000 0.111400
2.138000 0.525000 0.111200
2.213000 0.525000 0.111000
2.288000 0.525000 0.110800
2.363000 0.525000 0.110600
2.438000 0.525000 0.110300
2.513000 0.525000 0.110100
2.588000 0.525000 0.109900
2.663000 0.525000 0.109600
2.738000 0.525000 0.109400
2.813000 0.525000 0.109200
2.888000 0.525000 0.108900
2.963000 0.525000 0.108700
3.038000 0.525000 0.108500
3.113000 0.525000 0.108300
3.188000 0.525000 0.108100
3.263000 0.525000 0.108000
3.338000 0.525000 0.107800
3.413000 0.525000 0.107700
3.488000 0.525000 0.107600
3.563000 0.525000 0.107500
3.638000 0.525000 0.107400
3.713000 0.525000 0.107400
3.788000 0.525000 0.107400
3.863000 0.525000 0.000000
-0.037500 0.675000 0.000000
0.037500 0.675000 0.145400
0.112500 0.675000 0.145400
0.187500 0.675000 0.145400
0.262500 0.675000 0.145500
0.337500 0.675000 0.145500
0.412500 0.675000 0.145500
0.487500 0.675000 0.145500
0.562500 0.675000 0.145500
0.637500 0.675000 0.145600
0.712500 0.675000 0.145600
0.787500 0.675000 0.145600
0.862500 0.675000 0.145600
0.937500 0.675000 0.145600
1.012000 0.675000 0.145600
1.087000 0.675000 0.145500
1.163000 0.675000 0.145500
1.238000 0.675000 0.145400
1.313000 0.675000 0.145400
1.388000 0.675000 0.145300
1.463000 0.675000 0.145200
1.538000 0.675000 0.145000
1.613000 0.675000 0.144900
1.688000 0.675000 0.144800
1.763000 0.675000 0.144600
1.838000 0.675000 0.144400
1.913000 0.675000 0.144200
1.988000 0.675000 0.144000
2.063000 0.675000 0.143700
2.138000 0.675000 0.143500
2.213000 0.675000 0.143200
2.288000 0.675000 0.142900
2.363000 0.675000 0.142700
2.438000 0.675000 0.142400
2.513000 0.675000 0.142100
2.588000 0.675000 0.141800
2.663000 0.675000 0.141500
2.738000 0.675000 0.141200
2.813000 0.675000 0.141000
2.888000 0.675000 0.140700
2.963000 0.675000 0.140400
3.038000 0.675000 0.140200
3.113000 0.675000 0.139900
3.188000 0.675000 0.139700
3.263000 0.675000 0.139500
3.338000 0.675000 0.139300
3.413000 0.675000 0.139200
3.488000 0.675000 0.139000
3.563000 0.675000 0.138900
3.638000 0.675000 0.138900
3.713000 0.675000 0.138800
3.788000 0.675000 0.138800
3.863000 0.675000 0.000000
-0.037500 0.825000 0.000000
0.037500 0.825000 0.159700
0.112500 0.825000 0.159700
0.187500 0.825000 0.159700
0.262500 0.825000 0.159700
0.337500 0.825000 0.159700
0.412500 0.825000 0.159800
0.487500 0.825000 0.159800
0.562500 0.825000 0.159800
0.637500 0.825000 0.159800
0.712500 0.825000 0.159800
0.787500 0.825000 0.159800
0.862500 0.825000 0.159800
0.937500 0.825000 0.159800
1.012000 0.825000 0.159800
1.087000 0.825000 0.159700
1.163000 0.825000 0.159700
1.238000 0.825000 0.159600
1.313000 0.825000 0.159500
1.388000 0.825000 0.159400
1.463000 0.825000 0.159300
1.538000 0.825000 0.159200
1.613000 0.825000 0.159000
1.688000 0.825000 0.158800
1.763000 0.825000 0.158700
1.838000 0.825000 0.158400
1.913000 0.825000 0.158200
1.988000 0.825000 0.158000
2.063000 0.825000 0.157700
2.138000 0.825000 0.157400
2.213000 0.825000 0.157200
2.288000 0.825000 0.156900
2.363000 0.825000 0.156600
2.438000 0.825000 0.156300
2.513000 0.825000 0.155900
2.588000 0.825000 0.155600
2.663000 0.825000 0.155300
2.738000 0.825000 0.155000
2.813000 0.825000 0.154700
2.888000 0.825000 0.154400
2.963000 0.825000 0.154100
3.038000 0.825000 0.153900
3.113000 0.825000 0.153600
3.188000 0.825000 0.153400
3.263000 0.825000 0.153100
3.338000 0.825000 0.152900
3.413000 0.825000 0.152800
3.488000 0.825000 0.152600
3.563000 0.825000 0.152500
3.638000 0.825000 0.152400
3.713000 0.825000 0.152300
3.788000 0.825000 0.152400
3.863000 0.825000 0.000000
-0.037500 0.975000 0.000000
0.037500 0.975000 0.171800
0.112500 0.975000 0.171800
0.187500 0.975000 0.171800
0.262500 0.975000 0.171800
0.337500 0.975000 0.171800
0.412500 0.975000 0.171800
0.487500 0.975000 0.171800
0.562500 0.975000 0.171900
0.637500 0.975000 0.171900
0.712500 0.975000 0.171900
0.787500 0.975000 0.171900
0.862500 0.975000 0.171800
0.937500 0.975000 0.171800
1.012000 0.975000 0.171800
1.087000 0.975000 0.171700
1.163000 0.975000 0.171700
1.238000 0.975000 0.171600
1.313000 0.975000 0.171500
1.388000 0.975000 0.171400
1.463000 0.975000 0.171300
1.538000 0.975000 0.171100
1.613000 0.975000 0.171000
1.688000 0.975000 0.170800
1.763000 0.975000 0.170600
1.838000 0.975000 0.170300
1.913000 0.975000 0.170100
1.988000 0.975000 0.169800
2.063000 0.975000 0.169500
2.138000 0.975000 0.169200
2.213000 0.975000 0.168900
2.288000 0.975000 0.168600
2.363000 0.975000 0.168300
2.438000 0.975000 0.168000
2.513000 0.975000 0.167600
2.588000 0.975000 0.167300
2.663000 0.975000 0.166900
2.738000 0.975000 0.166600
2.813000 0.975000 0.166300
2.888000 0.975000 0.166000
2.963000 0.975000 0.165700
3.038000 0.975000 0.165400
3.113000 0.975000 0.165100
3.188000 0.975000 0.164800
3.263000 0.975000 0.164600
3.338000 0.975000 0.164400
3.413000 0.975000 0.164200
3.488000 0.975000 0.164000
3.563000 0.975000 0.163900
3.638000 0.975000 0.163800
3.713000 0.975000 0.163700
3.788000 0.975000 0.163700
3.863000 0.975000 0.000000
-0.037500 1.125000 0.000000
0.037500 1.125000 0.181300
0.112500 1.125000 0.181300
0.187500 1.125000 0.181300
0.262500 1.125000 0.181300
0.337500 1.125000 0.181300
0.412500 1.125000 0.181300
0.487500 1.125000 0.181300
0.562500 1.125000 0.181300
0.637500 1.125000 0.181300
0.712500 1.125000 0.181300
0.787500 1.125000 0.181300
0.862500 1.125000 0.181300
0.937500 1.125000 0.181300
1.012000 1.125000 0.181300
1.087000 1.125000 0.181200
1.163000 1.125000 0.181100
1.238000 1.125000 0.181100
1.313000 1.125000 0.181000
1.388000 1.125000 0.180800
1.463000 1.125000 0.180700
1.538000 1.125000 0.180500
1.613000 1.125000 0.180400
1.688000 1.125000 0.180200
1.763000 1.125000 0.179900
1.838000 1.125000 0.179700
1.913000 1.125000 0.179400
1.988000 1.125000 0.179200
2.063000 1.125000 0.178900
2.138000 1.125000 0.178500
2.213000 1.125000 0.178200
2.288000 1.125000 0.177900
2.363000 1.125000 0.177500
2.438000 1.125000 0.177200
2.513000 1.125000 0.176800
2.588000 1.125000 0.176400
2.663000 1.125000 0.176100
2.738000 1.125000 0.175700
2.813000 1.125000 0.175400
2.888000 1.125000 0.175000
2.963000 1.125000 0.174700
3.038000 1.125000 0.174400
3.113000 1.125000 0.174100
3.188000 1.125000 0.173800
3.263000 1.125000 0.173600
3.338000 1.125000 0.173400
3.413000 1.125000 0.173200
3.488000 1.125000 0.173000
3.563000 1.125000 0.172800
3.638000 1.125000 0.172700
3.713000 1.125000 0.172600
3.788000 1.125000 0.172600
3.863000 1.125000 0.000000
-0.037500 1.275000 0.000000
0.037500 1.275000 0.195500
0.112500 1.275000 0.195500
0.187500 1.275000 0.195500
0.262500 1.275000 0.195500
0.337500 1.275000 0.195500
0.412500 1.275000 0.195500
0.487500 1.275000 0.195500
0.562500 1.275000 0.195500
0.637500 1.275000 0.195500
0.712500 1.275000 0.195500
0.787500 1.275000 0.195600
0.862500 1.275000 0.195600
0.937500 1.275000 0.195500
1.012000 1.275000 0.195500
1.087000 1.275000 0.195500
1.163000 1.275000 0.195400
1.238000 1.275000 0.195300
1.313000 1.275000 0.195200
1.388000 1.275000 0.195100
1.463000 1.275000 0.195000
1.538000 1.275000 0.194800
1.613000 1.275000 0.194600
1.688000 1.275000 0.194400
1.763000 1.275000 0.194100
1.838000 1.275000 0.193900
1.913000 1.275000 0.193600
1.988000 1.275000 0.193300
2.063000 1.275000 0.192900
2.138000 1.275000 0.192600
2.213000 1.275000 0.192200
2.288000 1.275000 0.191800
2.363000 1.275000 0.191400
2.438000 1.275000 0.191000
2.513000 1.275000 0.190600
2.588000 1.275000 0.190200
2.663000 1.275000 0.189800
2.738000 1.275000 0.189400
2.813000 1.275000 0.189000
2.888000 1.275000 0.188600
2.963000 1.275000 0.188300
3.038000 1.275000 0.187900
3.113000 1.275000 0.187600
3.188000 1.275000 0.187300
3.263000 1.275000 0.187000
3.338000 1.275000 0.186700
3.413000 1.275000 0.186500
3.488000 1.275000 0.186300
3.563000 1.275000 0.186100
3.638000 1.275000 0.186000
3.713000 1.275000 0.186000
3.788000 1.275000 0.186000
3.863000 1.275000 0.000000
-0.037500 1.425000 0.000000
0.037500 1.425000 0.208900
0.112500 1.425000 0.208900
0.187500 1.425000 0.208900
0.262500 1.425000 0.208900
0.337500 1.425000 0.208900
0.412500 1.425000 0.208900
0.487500 1.425000 0.209000
0.562500 1.425000 0.209000
0.637500 1.425000 0.209000
0.712500 1.425000 0.209000
0.787500 1.425000 0.209000
0.862500 1.425000 0.209100
0.937500 1.425000 0.209000
1.012000 1.425000 0.209000
1.087000 1.425000 0.209000
1.163000 1.425000 0.208900
1.238000 1.425000 0.208900
1.313000 1.425000 0.208800
1.388000 1.425000 0.208600
1.463000 1.425000 0.208500
1.538000 1.425000 0.208300
1.613000 1.425000 0.208100
1.688000 1.425000 0.207900
1.763000 1.425000 0.207600
1.838000 1.425000 0.207300
1.913000 1.425000 0.207000
1.988000 1.425000 0.206700
2.063000 1.425000 0.206300
2.138000 1.425000 0.205900
2.213000 1.425000 0.205500
2.288000 1.425000 0.205100
2.363000 1.425000 0.204600
2.438000 1.425000 0.204200
2.513000 1.425000 0.203700
2.588000 1.425000 0.203300
2.663000 1.425000 0.202800
2.738000 1.425000 0.202400
2.813000 1.425000 0.202000
2.888000 1.425000 0.201500
2.963000 1.425000 0.201100
3.038000 1.425000 0.200700
3.113000 1.425000 0.200400
3.188000 1.425000 0.200000
3.263000 1.425000 0.199700
3.338000 1.425000 0.199400
3.413000 1.425000 0.199200
3.488000 1.425000 0.199000
3.563000 1.425000 0.198800
3.638000 1.425000 0.198700
3.713000 1.425000 0.198700
3.788000 1.425000 0.198800
3.863000 1.425000 0.000000
-0.037500 1.575000 0.000000
0.037500 1.575000 0.215000
0.112500 1.575000 0.215000
0.187500 1.575000 0.215000
0.262500 1.575000 0.215100
0.337500 1.575000 0.215100
0.412500 1.575000 0.215100
0.487500 1.575000 0.215100
0.562500 1.575000 0.215200
0.637500 1.575000 0.215200
0.712500 1.575000 0.215200
0.787500 1.575000 0.215200
0.862500 1.575000 0.215300
0.937500 1.575000 0.215300
1.012000 1.575000 0.215200
1.087000 1.575000 0.215200
1.163000 1.575000 0.215100
1.238000 1.575000 0.215100
1.313000 1.575000 0.215000
1.388000 1.575000 0.214800
1.463000 1.575000 0.214700
1.538000 1.575000 0.214500
1.613000 1.575000 0.214300
1.688000 1.575000 0.214000
1.763000 1.575000 0.213800
1.838000 1.575000 0.213500
1.913000 1.575000 0.213100
1.988000 1.575000 0.212800
2.063000 1.575000 0.212400
2.138000 1.575000 0.212000
2.213000 1.575000 0.211600
2.288000 1.575000 0.211100
2.363000 1.575000 0.210700
2.438000 1.575000 0.210200
2.513000 1.575000 0.209800
2.588000 1.575000 0.209300
2.663000 1.575000 0.208800
2.738000 1.575000 0.208400
2.813000 1.575000 0.207900
2.888000 1.575000 0.207500
2.963000 1.575000 0.207000
3.038000 1.575000 0.206600
3.113000 1.575000 0.206300
3.188000 1.575000 0.205900
3.263000 1.575000 0.205600
3.338000 1.575000 0.205300
3.413000 1.575000 0.205100
3.488000 1.575000 0.204900
3.563000 1.575000 0.204700
3.638000 1.575000 0.204600
3.713000 1.575000 0.204600
3.788000 1.575000 0.204700
3.863000 1.575000 0.000000
-0.037500 1.725000 0.000000
0.037500 1.725000 0.214900
0.112500 1.725000 0.214900
0.187500 1.725000 0.214900
0.262500 1.725000 0.214900
0.337500 1.725000 0.214900
0.412500 1.725000 0.215000
0.487500 1.725000 0.215000
0.562500 1.725000 0.215000
0.637500 1.725000 0.215100
0.712500 1.725000 0.215100
0.787500 1.725000 0.215100
0.862500 1.725000 0.215100
0.937500 1.725000 0.215100
1.012000 1.725000 0.215100
1.087000 1.725000 0.215000
1.163000 1.725000 0.215000
1.238000 1.725000 0.214900
1.313000 1.725000 0.214800
1.388000 1.725000 0.214600
1.463000 1.725000 0.214500
1.538000 1.725000 0.214300
1.613000 1.725000 0.214100
1.688000 1.725000 0.213800
1.763000 1.725000 0.213500
1.838000 1.725000 0.213200
1.913000 1.725000 0.212900
1.988000 1.725000 0.212600
2.063000 1.725000 0.212200
2.138000 1.725000 0.211800
2.213000 1.725000 0.211400
2.288000 1.725000 0.210900
2.363000 1.725000 0.210500
2.438000 1.725000 0.210000
2.513000 1.725000 0.209600
2.588000 1.725000 0.209100
2.663000 1.725000 0.208700
2.738000 1.725000 0.208200
2.813000 1.725000 0.207800
2.888000 1.725000 0.207300
2.963000 1.725000 0.206900
3.038000 1.725000 0.206500
3.113000 1.725000 0.206100
3.188000 1.725000 0.205800
3.263000 1.725000 0.205500
3.338000 1.725000 0.205200
3.413000 1.725000 0.205000
3.488000 1.725000 0.204800
3.563000 1.725000 0.204600
3.638000 1.725000 0.204600
3.713000 1.725000 0.204500
3.788000 1.725000 0.204700
3.863000 1.725000 0.000000
-0.037500 1.875000 0.000000
0.037500 1.875000 0.209300
0.112500 1.875000 0.209300
0.187500 1.875000 0.209300
0.262500 1.875000 0.209300
0.337500 1.875000 0.209400
0.412500 1.875000 0.209400
0.487500 1.875000 0.209400
0.562500 1.875000 0.209400
0.637500 1.875000 0.209400
0.712500 1.875000 0.209400
0.787500 1.875000 0.209400
0.862500 1.875000 0.209400
0.937500 1.875000 0.209400
1.012000 1.875000 0.209400
1.087000 1.875000 0.209300
1.163000 1.875000 0.209300
1.238000 1.875000 0.209200
1.313000 1.875000 0.209000
1.388000 1.875000 0.208900
1.463000 1.875000 0.208700
1.538000 1.875000 0.208600
1.613000 1.875000 0.208400
1.688000 1.875000 0.208100
1.763000 1.875000 0.207800
1.838000 1.875000 0.207600
1.913000 1.875000 0.207200
1.988000 1.875000 0.206900
2.063000 1.875000 0.206500
2.138000 1.875000 0.206200
2.213000 1.875000 0.205800
2.288000 1.875000 0.205400
2.363000 1.875000 0.204900
2.438000 1.875000 0.204500
2.513000 1.875000 0.204100
2.588000 1.875000 0.203600
2.663000 1.875000 0.203200
2.738000 1.875000 0.202800
2.813000 1.875000 0.202400
2.888000 1.875000 0.202000
2.963000 1.875000 0.201600
3.038000 1.875000 0.201200
3.113000 1.875000 0.200900
3.188000 1.875000 0.200600
3.263000 1.875000 0.200300
3.338000 1.875000 0.200000
3.413000 1.875000 0.199800
3.488000 1.875000 0.199600
3.563000 1.875000 0.199500
3.638000 1.875000 0.199400
3.713000 1.875000 0.199400
3.788000 1.875000 0.199500
3.863000 1.875000 0.000000
-0.037500 2.025000 0.000000
0.037500 2.025000 0.199400
0.112500 2.025000 0.199400
0.187500 2.025000 0.199400
0.262500 2.025000 0.199400
0.337500 2.025000 0.199400
0.412500 2.025000 0.199400
0.487500 2.025000 0.199500
0.562500 2.025000 0.199500
0.637500 2.025000 0.199500
0.712500 2.025000 0.199400
0.787500 2.025000 0.199400
0.862500 2.025000 0.199400
0.937500 2.025000 0.199400
1.012000 2.025000 0.199300
1.087000 2.025000 0.199300
1.163000 2.025000 0.199200
1.238000 2.025000 0.199100
1.313000 2.025000 0.199000
1.388000 2.025000 0.198800
1.463000 2.025000 0.198700
1.538000 2.025000 0.198500
1.613000 2.025000 0.198300
1.688000 2.025000 0.198000
1.763000 2.025000 0.197800
1.838000 2.025000 0.197500
1.913000 2.025000 0.197200
1.988000 2.025000 0.196900
2.063000 2.025000 0.196600
2.138000 2.025000 0.196200
2.213000 2.025000 0.195900
2.288000 2.025000 0.195500
2.363000 2.025000 0.195100
2.438000 2.025000 0.194700
2.513000 2.025000 0.194400
2.588000 2.025000 0.194000
2.663000 2.025000 0.193600
2.738000 2.025000 0.193200
2.813000 2.025000 0.192800
2.888000 2.025000 0.192500
2.963000 2.025000 0.192100
3.038000 2.025000 0.191800
3.113000 2.025000 0.191500
3.188000 2.025000 0.191200
3.263000 2.025000 0.191000
3.338000 2.025000 0.190700
3.413000 2.025000 0.190500
3.488000 2.025000 0.190400
3.563000 2.025000 0.190300
3.638000 2.025000 0.190200
3.713000 2.025000 0.190100
3.788000 2.025000 0.190200
3.863000 2.025000 0.000000
-0.037500 2.175000 0.000000
0.037500 2.175000 0.186300
0.112500 2.175000 0.186300
0.187500 2.175000 0.186300
0.262500 2.175000 0.186400
0.337500 2.175000 0.186400
0.412500 2.175000 0.186300
0.487500 2.175000 0.186300
0.562500 2.175000 0.186300
0.637500 2.175000 0.186300
0.712500 2.175000 0.186300
0.787500 2.175000 0.186200
0.862500 2.175000 0.186200
0.937500 2.175000 0.186100
1.012000 2.175000 0.186100
1.087000 2.175000 0.186000
1.163000 2.175000 0.185900
1.238000 2.175000 0.185800
1.313000 2.175000 0.185700
1.388000 2.175000 0.185500
1.463000 2.175000 0.185400
1.538000 2.175000 0.185200
1.613000 2.175000 0.185000
1.688000 2.175000 0.184800
1.763000 2.175000 0.184500
1.838000 2.175000 0.184300
1.913000 2.175000 0.184000
1.988000 2.175000 0.183800
2.063000 2.175000 0.183500
2.138000 2.175000 0.183200
2.213000 2.175000 0.182800
2.288000 2.175000 0.182500
2.363000 2.175000 0.182200
2.438000 2.175000 0.181900
2.513000 2.175000 0.181500
2.588000 2.175000 0.181200
2.663000 2.175000 0.180900
2.738000 2.175000 0.180600
2.813000 2.175000 0.180300
2.888000 2.175000 0.180000
2.963000 2.175000 0.179700
3.038000 2.175000 0.179400
3.113000 2.175000 0.179100
3.188000 2.175000 0.178900
3.263000 2.175000 0.178700
3.338000 2.175000 0.178500
3.413000 2.175000 0.178400
3.488000 2.175000 0.178200
3.563000 2.175000 0.178100
3.638000 2.175000 0.178000
3.713000 2.175000 0.178000
3.788000 2.175000 0.178000
3.863000 2.175000 0.000000
-0.037500 2.325000 0.000000
0.037500 2.325000 0.176400
0.112500 2.325000 0.176400
0.187500 2.325000 0.176400
0.262500 2.325000 0.176400
0.337500 2.325000 0.176400
0.412500 2.325000 0.176300
0.487500 2.325000 0.176300
0.562500 2.325000 0.176300
0.637500 2.325000 0.176200
0.712500 2.325000 0.176200
0.787500 2.325000 0.176200
0.862500 2.325000 0.176100
0.937500 2.325000 0.176000
1.012000 2.325000 0.175900
1.087000 2.325000 0.175900
1.163000 2.325000 0.175700
1.238000 2.325000 0.175600
1.313000 2.325000 0.175500
1.388000 2.325000 0.175400
1.463000 2.325000 0.175200
1.538000 2.325000 0.175000
1.613000 2.325000 0.174800
1.688000 2.325000 0.174600
1.763000 2.325000 0.174400
1.838000 2.325000 0.174200
1.913000 2.325000 0.174000
1.988000 2.325000 0.173700
2.063000 2.325000 0.173400
2.138000 2.325000 0.173200
2.213000 2.325000 0.172900
2.288000 2.325000 0.172600
2.363000 2.325000 0.172300
2.438000 2.325000 0.172000
2.513000 2.325000 0.171800
2.588000 2.325000 0.171500
2.663000 2.325000 0.171200
2.738000 2.325000 0.170900
2.813000 2.325000 0.170700
2.888000 2.325000 0.170400
2.963000 2.325000 0.170200
3.038000 2.325000 0.169900
3.113000 2.325000 0.169700
3.188000 2.325000 0.169500
3.263000 2.325000 0.169300
3.338000 2.325000 0.169200
3.413000 2.325000 0.169000
3.488000 2.325000 0.168900
3.563000 2.325000 0.168800
3.638000 2.325000 0.168800
3.713000 2.325000 0.168700
3.788000 2.325000 0.168700
3.863000 2.325000 0.000000
-0.037500 2.475000 0.000000
0.037500 2.475000 0.171000
0.112500 2.475000 0.171000
0.187500 2.475000 0.171000
0.262500 2.475000 0.171000
0.337500 2.475000 0.171000
0.412500 2.475000 0.171000
0.487500 2.475000 0.170900
0.562500 2.475000 0.170900
0.637500 2.475000 0.170900
0.712500 2.475000 0.170800
0.787500 2.475000 0.170800
0.862500 2.475000 0.170700
0.937500 2.475000 0.170600
1.012000 2.475000 0.170500
1.087000 2.475000 0.170400
1.163000 2.475000 0.170300
1.238000 2.475000 0.170200
1.313000 2.475000 0.170100
1.388000 2.475000 0.169900
1.463000 2.475000 0.169800
1.538000 2.475000 0.169600
1.613000 2.475000 0.169400
1.688000 2.475000 0.169200
1.763000 2.475000 0.169000
1.838000 2.475000 0.168800
1.913000 2.475000 0.168600
1.988000 2.475000 0.168300
2.063000 2.475000 0.168100
2.138000 2.475000 0.167800
2.213000 2.475000 0.167600
2.288000 2.475000 0.167300
2.363000 2.475000 0.167000
2.438000 2.475000 0.166800
2.513000 2.475000 0.166500
2.588000 2.475000 0.166200
2.663000 2.475000 0.166000
2.738000 2.475000 0.165700
2.813000 2.475000 0.165500
2.888000 2.475000 0.165200
2.963000 2.475000 0.165000
3.038000 2.475000 0.164800
3.113000 2.475000 0.164600
3.188000 2.475000 0.164400
3.263000 2.475000 0.164300
3.338000 2.475000 0.164100
3.413000 2.475000 0.164000
3.488000 2.475000 0.163900
3.563000 2.475000 0.163800
3.638000 2.475000 0.163700
3.713000 2.475000 0.163700
3.788000 2.475000 0.163700
3.863000 2.475000 0.000000
-0.037500 2.625000 0.000000
0.037500 2.625000 0.165400
0.112500 2.625000 0.165400
0.187500 2.625000 0.165400
0.262500 2.625000 0.165400
0.337500 2.625000 0.165400
0.412500 2.625000 0.165300
0.487500 2.625000 0.165300
0.562500 2.625000 0.165300
0.637500 2.625000 0.165200
0.712500 2.625000 0.165200
0.787500 2.625000 0.165100
0.862500 2.625000 0.165100
0.937500 2.625000 0.165000
1.012000 2.625000 0.164900
1.087000 2.625000 0.164800
1.163000 2.625000 0.164700
1.238000 2.625000 0.164600
1.313000 2.625000 0.164400
1.388000 2.625000 0.164300
1.463000 2.625000 0.164200
1.538000 2.625000 0.164000
1.613000 2.625000 0.163800
1.688000 2.625000 0.163600
1.763000 2.625000 0.163400
1.838000 2.625000 0.163200
1.913000 2.625000 0.163000
1.988000 2.625000 0.162800
2.063000 2.625000 0.162500
2.138000 2.625000 0.162300
2.213000 2.625000 0.162000
2.288000 2.625000 0.161800
2.363000 2.625000 0.161500
2.438000 2.625000 0.161300
2.513000 2.625000 0.161000
2.588000 2.625000 0.160800
2.663000 2.625000 0.160500
2.738000 2.625000 0.160300
2.813000 2.625000 0.160100
2.888000 2.625000 0.159800
2.963000 2.625000 0.159600
3.038000 2.625000 0.159400
3.113000 2.625000 0.159200
3.188000 2.625000 0.159100
3.263000 2.625000 0.158900
3.338000 2.625000 0.158800
3.413000 2.625000 0.158600
3.488000 2.625000 0.158500
3.563000 2.625000 0.158500
3.638000 2.625000 0.158400
3.713000 2.625000 0.158300
3.788000 2.625000 0.158300
3.863000 2.625000 0.000000
-0.037500 2.775000 0.000000
0.037500 2.775000 0.159600
0.112500 2.775000 0.159600
0.187500 2.775000 0.159600
0.262500 2.775000 0.159600
0.337500 2.775000 0.159600
0.412500 2.775000 0.159500
0.487500 2.775000 0.159500
0.562500 2.775000 0.159500
0.637500 2.775000 0.159400
0.712500 2.775000 0.159400
0.787500 2.775000 0.159300
0.862500 2.775000 0.159300
0.937500 2.775000 0.159200
1.012000 2.775000 0.159100
1.087000 2.775000 0.159000
1.163000 2.775000 0.158900
1.238000 2.775000 0.158800
1.313000 2.775000 0.158700
1.388000 2.775000 0.158500
1.463000 2.775000 0.158400
1.538000 2.775000 0.158200
1.613000 2.775000 0.158000
1.688000 2.775000 0.157900
1.763000 2.775000 0.157700
1.838000 2.775000 0.157500
1.913000 2.775000 0.157300
1.988000 2.775000 0.157000
2.063000 2.775000 0.156800
2.138000 2.775000 0.156600
2.213000 2.775000 0.156300
2.288000 2.775000 0.156100
2.363000 2.775000 0.155900
2.438000 2.775000 0.155600
2.513000 2.775000 0.155400
2.588000 2.775000 0.155100
2.663000 2.775000 0.154900
2.738000 2.775000 0.154700
2.813000 2.775000 0.154400
2.888000 2.775000 0.154200
2.963000 2.775000 0.154000
3.038000 2.775000 0.153800
3.113000 2.775000 0.153700
3.188000 2.775000 0.153500
3.263000 2.775000 0.153300
3.338000 2.775000 0.153200
3.413000 2.775000 0.153100
3.488000 2.775000 0.153000
3.563000 2.775000 0.152900
3.638000 2.775000 0.152900
3.713000 2.775000 0.152800
3.788000 2.775000 0.152800
3.863000 2.775000 0.000000
-0.037500 2.925000 0.000000
0.037500 2.925000 0.147800
0.112500 2.925000 0.147800
0.187500 2.925000 0.147800
0.262500 2.925000 0.147800
0.337500 2.925000 0.147800
0.412500 2.925000 0.147800
0.487500 2.925000 0.147700
0.562500 2.925000 0.147700
0.637500 2.925000 0.147700
0.712500 2.925000 0.147600
0.787500 2.925000 0.147600
0.862500 2.925000 0.147500
0.937500 2.925000 0.147400
1.012000 2.925000 0.147400
1.087000 2.925000 0.147300
1.163000 2.925000 0.147200
1.238000 2.925000 0.147100
1.313000 2.925000 0.147000
1.388000 2.925000 0.146800
1.463000 2.925000 0.146700
1.538000 2.925000 0.146500
1.613000 2.925000 0.146400
1.688000 2.925000 0.146200
1.763000 2.925000 0.146000
1.838000 2.925000 0.145800
1.913000 2.925000 0.145600
1.988000 2.925000 0.145400
2.063000 2.925000 0.145200
2.138000 2.925000 0.145000
2.213000 2.925000 0.144800
2.288000 2.925000 0.144500
2.363000 2.925000 0.144300
2.438000 2.925000 0.144100
2.513000 2.925000 0.143900
2.588000 2.925000 0.143600
2.663000 2.925000 0.143400
2.738000 2.925000 0.143200
2.813000 2.925000 0.143000
2.888000 2.925000 0.142800
2.963000 2.925000 0.142600
3.038000 2.925000 0.142400
3.113000 2.925000 0.142200
3.188000 2.925000 0.142100
3.263000 2.925000 0.141900
3.338000 2.925000 0.141800
3.413000 2.925000 0.141700
3.488000 2.925000 0.141600
3.563000 2.925000 0.141500
3.638000 2.925000 0.141500
3.713000 2.925000 0.141400
3.788000 2.925000 0.141400
3.863000 2.925000 0.000000
-0.037500 3.075000 0.000000
0.037500 3.075000 0.130300
0.112500 3.075000 0.130300
0.187500 3.075000 0.130300
0.262500 3.075000 0.130300
0.337500 3.075000 0.130300
0.412500 3.075000 0.130300
0.487500 3.075000 0.130200
0.562500 3.075000 0.130200
0.637500 3.075000 0.130200
0.712500 3.075000 0.130100
0.787500 3.075000 0.130100
0.862500 3.075000 0.130000
0.937500 3.075000 0.130000
1.012000 3.075000 0.129900
1.087000 3.075000 0.129800
1.163000 3.075000 0.129800
1.238000 3.075000 0.129700
1.313000 3.075000 0.129600
1.388000 3.075000 0.129400
1.463000 3.075000 0.129300
1.538000 3.075000 0.129200
1.613000 3.075000 0.129000
1.688000 3.075000 0.128900
1.763000 3.075000 0.128700
1.838000 3.075000 0.128600
1.913000 3.075000 0.128400
1.988000 3.075000 0.128200
2.063000 3.075000 0.128000
2.138000 3.075000 0.127800
2.213000 3.075000 0.127600
2.288000 3.075000 0.127400
2.363000 3.075000 0.127200
2.438000 3.075000 0.127000
2.513000 3.075000 0.126800
2.588000 3.075000 0.126600
2.663000 3.075000 0.126400
2.738000 3.075000 0.126200
2.813000 3.075000 0.126000
2.888000 3.075000 0.125800
2.963000 3.075000 0.125600
3.038000 3.075000 0.125500
3.113000 3.075000 0.125300
3.188000 3.075000 0.125200
3.263000 3.075000 0.125100
3.338000 3.075000 0.124900
3.413000 3.075000 0.124800
3.488000 3.075000 0.124800
3.563000 3.075000 0.124700
3.638000 3.075000 0.124600
3.713000 3.075000 0.124600
3.788000 3.075000 0.124600
3.863000 3.075000 0.000000
-0.037500 3.225000 0.000000
0.037500 3.225000 0.113500
0.112500 3.225000 0.113500
0.187500 3.225000 0.113500
0.262500 3.225000 0.113500
0.337500 3.225000 0.113500
0.412500 3.225000 0.113500
0.487500 3.225000 0.113400
0.562500 3.225000 0.113400
0.637500 3.225000 0.113400
0.712500 3.225000 0.113400
0.787500 3.225000 0.113300
0.862500 3.225000 0.113300
0.937500 3.225000 0.113200
1.012000 3.225000 0.113200
1.087000 3.225000 0.113100
1.163000 3.225000 0.113000
1.238000 3.225000 0.112900
1.313000 3.225000 0.112800
1.388000 3.225000 0.112700
1.463000 3.225000 0.112600
1.538000 3.225000 0.112500
1.613000 3.225000 0.112400
1.688000 3.225000 0.112200
1.763000 3.225000 0.112100
1.838000 3.225000 0.112000
1.913000 3.225000 0.111800
1.988000 3.225000 0.111600
2.063000 3.225000 0.111500
2.138000 3.225000 0.111300
2.213000 3.225000 0.111100
2.288000 3.225000 0.110900
2.363000 3.225000 0.110800
2.438000 3.225000 0.110600
2.513000 3.225000 0.110400
2.588000 3.225000 0.110200
2.663000 3.225000 0.110000
2.738000 3.225000 0.109900
2.813000 3.225000 0.109700
2.888000 3.225000 0.109500
2.963000 3.225000 0.109400
3.038000 3.225000 0.109200
3.113000 3.225000 0.109100
3.188000 3.225000 0.109000
3.263000 3.225000 0.108900
3.338000 3.225000 0.108800
3.413000 3.225000 0.108700
3.488000 3.225000 0.108600
3.563000 3.225000 0.108500
3.638000 3.225000 0.108500
3.713000 3.225000 0.108500
3.788000 3.225000 0.108400
3.863000 3.225000 0.000000
-0.037500 3.375000 0.000000
0.037500 3.375000 0.097750
0.112500 3.375000 0.097750
0.187500 3.375000 0.097750
0.262500 3.375000 0.097750
0.337500 3.375000 0.097740
0.412500 3.375000 0.097720
0.487500 3.375000 0.097700
0.562500 3.375000 0.097680
0.637500 3.375000 0.097660
0.712500 3.375000 0.097630
0.787500 3.375000 0.097590
0.862500 3.375000 0.097550
0.937500 3.375000 0.097500
1.012000 3.375000 0.097450
1.087000 3.375000 0.097390
1.163000 3.375000 0.097320
1.238000 3.375000 0.097250
1.313000 3.375000 0.097170
1.388000 3.375000 0.097080
1.463000 3.375000 0.096990
1.538000 3.375000 0.096880
1.613000 3.375000 0.096770
1.688000 3.375000 0.096660
1.763000 3.375000 0.096530
1.838000 3.375000 0.096400
1.913000 3.375000 0.096270
1.988000 3.375000 0.096120
2.063000 3.375000 0.095980
2.138000 3.375000 0.095830
2.213000 3.375000 0.095670
2.288000 3.375000 0.095520
2.363000 3.375000 0.095360
2.438000 3.375000 0.095200
2.513000 3.375000 0.095040
2.588000 3.375000 0.094890
2.663000 3.375000 0.094730
2.738000 3.375000 0.094580
2.813000 3.375000 0.094440
2.888000 3.375000 0.094300
2.963000 3.375000 0.094170
3.038000 3.375000 0.094040
3.113000 3.375000 0.093920
3.188000 3.375000 0.093820
3.263000 3.375000 0.093720
3.338000 3.375000 0.093630
3.413000 3.375000 0.093550
3.488000 3.375000 0.093490
3.563000 3.375000 0.093430
3.638000 3.375000 0.093390
3.713000 3.375000 0.093350
3.788000 3.375000 0.093300
3.863000 3.375000 0.000000
-0.037500 3.525000 0.000000
0.037500 3.525000 0.083320
0.112500 3.525000 0.083320
0.187500 3.525000 0.083320
0.262500 3.525000 0.083320
0.337500 3.525000 0.083310
0.412500 3.525000 0.083300
0.487500 3.525000 0.083280
0.562500 3.525000 0.083260
0.637500 3.525000 0.083240
0.712500 3.525000 0.083210
0.787500 3.525000 0.083180
0.862500 3.525000 0.083140
0.937500 3.525000 0.083100
1.012000 3.525000 0.083060
1.087000 3.525000 0.083010
1.163000 3.525000 0.082950
1.238000 3.525000 0.082890
1.313000 3.525000 0.082820
1.388000 3.525000 0.082740
1.463000 3.525000 0.082660
1.538000 3.525000 0.082570
1.613000 3.525000 0.082480
1.688000 3.525000 0.082380
1.763000 3.525000 0.082270
1.838000 3.525000 0.082160
1.913000 3.525000 0.082040
1.988000 3.525000 0.081920
2.063000 3.525000 0.081790
2.138000 3.525000 0.081660
2.213000 3.525000 0.081530
2.288000 3.525000 0.081400
2.363000 3.525000 0.081260
2.438000 3.525000 0.081120
2.513000 3.525000 0.080990
2.588000 3.525000 0.080850
2.663000 3.525000 0.080720
2.738000 3.525000 0.080590
2.813000 3.525000 0.080470
2.888000 3.525000 0.080350
2.963000 3.525000 0.080240
3.038000 3.525000 0.080130
3.113000 3.525000 0.080030
3.188000 3.525000 0.079930
3.263000 3.525000 0.079850
3.338000 3.525000 0.079770
3.413000 3.525000 0.079710
3.488000 3.525000 0.079650
3.563000 3.525000 0.079600
3.638000 3.525000 0.079560
3.713000 3.525000 0.079520
3.788000 3.525000 0.079480
3.863000 3.525000 0.000000
-0.037500 3.675000 0.000000
0.037500 3.675000 0.070360
0.112500 3.675000 0.070360
0.187500 3.675000 0.070360
0.262500 3.675000 0.070360
0.337500 3.675000 0.070350
0.412500 3.675000 0.070340
0.487500 3.675000 0.070320
0.562500 3.675000 0.070310
0.637500 3.675000 0.070290
0.712500 3.675000 0.070260
0.787500 3.675000 0.070240
0.862500 3.675000 0.070210
0.937500 3.675000 0.070170
1.012000 3.675000 0.070130
1.087000 3.675000 0.070090
1.163000 3.675000 0.070040
1.238000 3.675000 0.069980
1.313000 3.675000 0.069930
1.388000 3.675000 0.069860
1.463000 3.675000 0.069790
1.538000 3.675000 0.069720
1.613000 3.675000 0.069640
1.688000 3.675000 0.069550
1.763000 3.675000 0.069460
1.838000 3.675000 0.069360
1.913000 3.675000 0.069260
1.988000 3.675000 0.069160
2.063000 3.675000 0.069050
2.138000 3.675000 0.068940
2.213000 3.675000 0.068830
2.288000 3.675000 0.068720
2.363000 3.675000 0.068600
2.438000 3.675000 0.068490
2.513000 3.675000 0.068370
2.588000 3.675000 0.068260
2.663000 3.675000 0.068150
2.738000 3.675000 0.068040
2.813000 3.675000 0.067930
2.888000 3.675000 0.067830
2.963000 3.675000 0.067730
3.038000 3.675000 0.067640
3.113000 3.675000 0.067560
3.188000 3.675000 0.067480
3.263000 3.675000 0.067410
3.338000 3.675000 0.067340
3.413000 3.675000 0.067280
3.488000 3.675000 0.067230
3.563000 3.675000 0.067190
3.638000 3.675000 0.067150
3.713000 3.675000 0.067120
3.788000 3.675000 0.067070
3.863000 3.675000 0.000000
-0.037500 3.825000 0.000000
0.037500 3.825000 0.058940
0.112500 3.825000 0.058940
0.187500 3.825000 0.058940
0.262500 3.825000 0.058930
0.337500 3.825000 0.058930
0.412500 3.825000 0.058920
0.487500 3.825000 0.058910
0.562500 3.825000 0.058890
0.637500 3.825000 0.058870
0.712500 3.825000 0.058850
0.787500 3.825000 0.058830
0.862500 3.825000 0.058800
0.937500 3.825000 0.058770
1.012000 3.825000 0.058740
1.087000 3.825000 0.058700
1.163000 3.825000 0.058660
1.238000 3.825000 0.058620
1.313000 3.825000 0.058570
1.388000 3.825000 0.058510
1.463000 3.825000 0.058450
1.538000 3.825000 0.058390
1.613000 3.825000 0.058320
1.688000 3.825000 0.058250
1.763000 3.825000 0.058170
1.838000 3.825000 0.058090
1.913000 3.825000 0.058010
1.988000 3.825000 0.057920
2.063000 3.825000 0.057830
2.138000 3.825000 0.057740
2.213000 3.825000 0.057640
2.288000 3.825000 0.057550
2.363000 3.825000 0.057450
2.438000 3.825000 0.057350
2.513000 3.825000 0.057260
2.588000 3.825000 0.057160
2.663000 3.825000 0.057070
2.738000 3.825000 0.056980
2.813000 3.825000 0.056890
2.888000 3.825000 0.056800
2.963000 3.825000 0.056720
3.038000 3.825000 0.056640
3.113000 3.825000 0.056570
3.188000 3.825000 0.056510
3.263000 3.825000 0.056450
3.338000 3.825000 0.056390
3.413000 3.825000 0.056340
3.488000 3.825000 0.056300
3.563000 3.825000 0.056260
3.638000 3.825000 0.056230
3.713000 3.825000 0.056200
3.788000 3.825000 0.056150
3.863000 3.825000 0.000000
-0.037500 3.975000 0.000000
0.037500 3.975000 0.049060
0.112500 3.975000 0.049060
0.187500 3.975000 0.049060
0.262500 3.975000 0.049060
0.337500 3.975000 0.049050
0.412500 3.975000 0.049040
0.487500 3.975000 0.049030
0.562500 3.975000 0.049020
0.637500 3.975000 0.049000
0.712500 3.975000 0.048990
0.787500 3.975000 0.048970
0.862500 3.975000 0.048940
0.937500 3.975000 0.048920
1.012000 3.975000 0.048890
1.087000 3.975000 0.048860
1.163000 3.975000 0.048820
1.238000 3.975000 0.048780
1.313000 3.975000 0.048740
1.388000 3.975000 0.048700
1.463000 3.975000 0.048650
1.538000 3.975000 0.048590
1.613000 3.975000 0.048540
1.688000 3.975000 0.048480
1.763000 3.975000 0.048410
1.838000 3.975000 0.048340
1.913000 3.975000 0.048270
1.988000 3.975000 0.048200
2.063000 3.975000 0.048130
2.138000 3.975000 0.048050
2.213000 3.975000 0.047970
2.288000 3.975000 0.047890
2.363000 3.975000 0.047810
2.438000 3.975000 0.047730
2.513000 3.975000 0.047650
2.588000 3.975000 0.047570
2.663000 3.975000 0.047490
2.738000 3.975000 0.047410
2.813000 3.975000 0.047340
2.888000 3.975000 0.047270
2.963000 3.975000 0.047200
3.038000 3.975000 0.047140
3.113000 3.975000 0.047080
3.188000 3.975000 0.047020
3.263000 3.975000 0.046970
3.338000 3.975000 0.046930
3.413000 3.975000 0.046880
3.488000 3.975000 0.046850
3.563000 3.975000 0.046820
3.638000 3.975000 0.046790
3.713000 3.975000 0.046760
3.788000 3.975000 0.046710
3.863000 3.975000 0.000000
-0.037500 4.125000 0.000000
0.037500 4.125000 0.040680
0.112500 4.125000 0.040680
0.187500 4.125000 0.040680
0.262500 4.125000 0.040680
0.337500 4.125000 0.040670
0.412500 4.125000 0.040660
0.487500 4.125000 0.040650
0.562500 4.125000 0.040640
0.637500 4.125000 0.040630
0.712500 4.125000 0.040620
0.787500 4.125000 0.040600
0.862500 4.125000 0.040580
0.937500 4.125000 0.040560
1.012000 4.125000 0.040540
1.087000 4.125000 0.040510
1.163000 4.125000 0.040480
1.238000 4.125000 0.040450
1.313000 4.125000 0.040410
1.388000 4.125000 0.040370
1.463000 4.125000 0.040330
1.538000 4.125000 0.040290
1.613000 4.125000 0.040240
1.688000 4.125000 0.040190
1.763000 4.125000 0.040130
1.838000 4.125000 0.040080
1.913000 4.125000 0.040020
1.988000 4.125000 0.039960
2.063000 4.125000 0.039900
2.138000 4.125000 0.039830
2.213000 4.125000 0.039770
2.288000 4.125000 0.039700
2.363000 4.125000 0.039640
2.438000 4.125000 0.039570
2.513000 4.125000 0.039500
2.588000 4.125000 0.039440
2.663000 4.125000 0.039370
2.738000 4.125000 0.039310
2.813000 4.125000 0.039250
2.888000 4.125000 0.039190
2.963000 4.125000 0.039130
3.038000 4.125000 0.039080
3.113000 4.125000 0.039030
3.188000 4.125000 0.038980
3.263000 4.125000 0.038940
3.338000 4.125000 0.038900
3.413000 4.125000 0.038870
3.488000 4.125000 0.038840
3.563000 4.125000 0.038810
3.638000 4.125000 0.038790
3.713000 4.125000 0.038760
3.788000 4.125000 0.038710
3.863000 4.125000 0.000000
-0.037500 4.275000 0.000000
0.037500 4.275000 0.033730
0.112500 4.275000 0.033730
0.187500 4.275000 0.033730
0.262500 4.275000 0.033730
0.337500 4.275000 0.033720
0.412500 4.275000 0.033720
0.487500 4.275000 0.033710
0.562500 4.275000 0.033700
0.637500 4.275000 0.033690
0.712500 4.275000 0.033670
0.787500 4.275000 0.033660
0.862500 4.275000 0.033640
0.937500 4.275000 0.033630
1.012000 4.275000 0.033610
1.087000 4.275000 0.033580
1.163000 4.275000 0.033560
1.238000 4.275000 0.033530
1.313000 4.275000 0.033500
1.388000 4.275000 0.033470
1.463000 4.275000 0.033430
1.538000 4.275000 0.033400
1.613000 4.275000 0.033360
1.688000 4.275000 0.033320
1.763000 4.275000 0.033270
1.838000 4.275000 0.033220
1.913000 4.275000 0.033180
1.988000 4.275000 0.033130
2.063000 4.275000 0.033070
2.138000 4.275000 0.033020
2.213000 4.275000 0.032970
2.288000 4.275000 0.032910
2.363000 4.275000 0.032860
2.438000 4.275000 0.032800
2.513000 4.275000 0.032750
2.588000 4.275000 0.032690
2.663000 4.275000 0.032640
2.738000 4.275000 0.032590
2.813000 4.275000 0.032530
2.888000 4.275000 0.032490
2.963000 4.275000 0.032440
3.038000 4.275000 0.032400
3.113000 4.275000 0.032350
3.188000 4.275000 0.032320
3.263000 4.275000 0.032280
3.338000 4.275000 0.032250
3.413000 4.275000 0.032220
3.488000 4.275000 0.032200
3.563000 4.275000 0.032170
3.638000 4.275000 0.032150
3.713000 4.275000 0.032130
3.788000 4.275000 0.032090
3.863000 4.275000 0.000000
-0.037500 4.425000 0.000000
0.037500 4.425000 0.028120
0.112500 4.425000 0.028120
0.187500 4.425000 0.028120
0.262500 4.425000 0.028120
0.337500 4.425000 0.028110
0.412500 4.425000 0.028110
0.487500 4.425000 0.028100
0.562500 4.425000 0.028090
0.637500 4.425000 0.028080
0.712500 4.425000 0.028070
0.787500 4.425000 0.028060
0.862500 4.425000 0.028050
0.937500 4.425000 0.028030
1.012000 4.425000 0.028010
1.087000 4.425000 0.028000
1.163000 4.425000 0.027970
1.238000 4.425000 0.027950
1.313000 4.425000 0.027930
1.388000 4.425000 0.027900
1.463000 4.425000 0.027870
1.538000 4.425000 0.027840
1.613000 4.425000 0.027810
1.688000 4.425000 0.027770
1.763000 4.425000 0.027730
1.838000 4.425000 0.027690
1.913000 4.425000 0.027650
1.988000 4.425000 0.027610
2.063000 4.425000 0.027570
2.138000 4.425000 0.027520
2.213000 4.425000 0.027480
2.288000 4.425000 0.027430
2.363000 4.425000 0.027390
2.438000 4.425000 0.027340
2.513000 4.425000 0.027300
2.588000 4.425000 0.027250
2.663000 4.425000 0.027210
2.738000 4.425000 0.027160
2.813000 4.425000 0.027120
2.888000 4.425000 0.027080
2.963000 4.425000 0.027040
3.038000 4.425000 0.027000
3.113000 4.425000 0.026970
3.188000 4.425000 0.026940
3.263000 4.425000 0.026910
3.338000 4.425000 0.026880
3.413000 4.425000 0.026860
3.488000 4.425000 0.026840
3.563000 4.425000 0.026820
3.638000 4.425000 0.026800
3.713000 4.425000 0.026780
3.788000 4.425000 0.026740
3.863000 4.425000 0.000000
-0.037500 4.575000 0.000000
0.037500 4.575000 0.023760
0.112500 4.575000 0.023760
0.187500 4.575000 0.023760
0.262500 4.575000 0.023760
0.337500 4.575000 0.023760
0.412500 4.575000 0.023750
0.487500 4.575000 0.023750
0.562500 4.575000 0.023740
0.637500 4.575000 0.023730
0.712500 4.575000 0.023720
0.787500 4.575000 0.023710
0.862500 4.575000 0.023700
0.937500 4.575000 0.023690
1.012000 4.575000 0.023670
1.087000 4.575000 0.023650
1.163000 4.575000 0.023640
1.238000 4.575000 0.023620
1.313000 4.575000 0.023600
1.388000 4.575000 0.023570
1.463000 4.575000 0.023550
1.538000 4.575000 0.023520
1.613000 4.575000 0.023490
1.688000 4.575000 0.023460
1.763000 4.575000 0.023430
1.838000 4.575000 0.023400
1.913000 4.575000 0.023360
1.988000 4.575000 0.023330
2.063000 4.575000 0.023290
2.138000 4.575000 0.023260
2.213000 4.575000 0.023220
2.288000 4.575000 0.023180
2.363000 4.575000 0.023140
2.438000 4.575000 0.023100
2.513000 4.575000 0.023060
2.588000 4.575000 0.023020
2.663000 4.575000 0.022990
2.738000 4.575000 0.022950
2.813000 4.575000 0.022910
2.888000 4.575000 0.022880
2.963000 4.575000 0.022850
3.038000 4.575000 0.022820
3.113000 4.575000 0.022790
3.188000 4.575000 0.022760
3.263000 4.575000 0.022740
3.338000 4.575000 0.022710
3.413000 4.575000 0.022690
3.488000 4.575000 0.022680
3.563000 4.575000 0.022660
3.638000 4.575000 0.022640
3.713000 4.575000 0.022620
3.788000 4.575000 0.022590
3.863000 4.575000 0.000000
-0.037500 4.725000 0.000000
0.037500 4.725000 0.020570
0.112500 4.725000 0.020570
0.187500 4.725000 0.020570
0.262500 4.725000 0.020570
0.337500 4.725000 0.020570
0.412500 4.725000 0.020560
0.487500 4.725000 0.020560
0.562500 4.725000 0.020550
0.637500 4.725000 0.020540
0.712500 4.725000 0.020540
0.787500 4.725000 0.020530
0.862500 4.725000 0.020520
0.937500 4.725000 0.020500
1.012000 4.725000 0.020490
1.087000 4.725000 0.020480
1.163000 4.725000 0.020460
1.238000 4.725000 0.020440
1.313000 4.725000 0.020420
1.388000 4.725000 0.020400
1.463000 4.725000 0.020380
1.538000 4.725000 0.020360
1.613000 4.725000 0.020340
1.688000 4.725000 0.020310
1.763000 4.725000 0.020280
1.838000 4.725000 0.020250
1.913000 4.725000 0.020220
1.988000 4.725000 0.020190
2.063000 4.725000 0.020160
2.138000 4.725000 0.020130
2.213000 4.725000 0.020100
2.288000 4.725000 0.020060
2.363000 4.725000 0.020030
2.438000 4.725000 0.020000
2.513000 4.725000 0.019960
2.588000 4.725000 0.019930
2.663000 4.725000 0.019900
2.738000 4.725000 0.019870
2.813000 4.725000 0.019840
2.888000 4.725000 0.019810
2.963000 4.725000 0.019780
3.038000 4.725000 0.019750
3.113000 4.725000 0.019730
3.188000 4.725000 0.019700
3.263000 4.725000 0.019680
3.338000 4.725000 0.019660
3.413000 4.725000 0.019650
3.488000 4.725000 0.019630
3.563000 4.725000 0.019610
3.638000 4.725000 0.019600
3.713000 4.725000 0.019580
3.788000 4.725000 0.019550
3.863000 4.725000 0.000000
-0.037500 4.875000 0.000000
0.037500 4.875000 0.018470
0.112500 4.875000 0.018470
0.187500 4.875000 0.018480
0.262500 4.875000 0.018480
0.337500 4.875000 0.018470
0.412500 4.875000 0.018470
0.487500 4.875000 0.018470
0.562500 4.875000 0.018460
0.637500 4.875000 0.018450
0.712500 4.875000 0.018450
0.787500 4.875000 0.018440
0.862500 4.875000 0.018430
0.937500 4.875000 0.018420
1.012000 4.875000 0.018410
1.087000 4.875000 0.018390
1.163000 4.875000 0.018380
1.238000 4.875000 0.018360
1.313000 4.875000 0.018350
1.388000 4.875000 0.018330
1.463000 4.875000 0.018310
1.538000 4.875000 0.018290
1.613000 4.875000 0.018270
1.688000 4.875000 0.018240
1.763000 4.875000 0.018220
1.838000 4.875000 0.018190
1.913000 4.875000 0.018170
1.988000 4.875000 0.018140
2.063000 4.875000 0.018110
2.138000 4.875000 0.018080
2.213000 4.875000 0.018050
2.288000 4.875000 0.018020
2.363000 4.875000 0.017990
2.438000 4.875000 0.017960
2.513000 4.875000 0.017930
2.588000 4.875000 0.017900
2.663000 4.875000 0.017870
2.738000 4.875000 0.017850
2.813000 4.875000 0.017820
2.888000 4.875000 0.017790
2.963000 4.875000 0.017770
3.038000 4.875000 0.017740
3.113000 4.875000 0.017720
3.188000 4.875000 0.017700
3.263000 4.875000 0.017680
3.338000 4.875000 0.017660
3.413000 4.875000 0.017650
3.488000 4.875000 0.017630
3.563000 4.875000 0.017620
3.638000 4.875000 0.017610
3.713000 4.875000 0.017590
3.788000 4.875000 0.017560
3.863000 4.875000 0.000000
-0.037500 5.025000 0.000000
0.037500 5.025000 0.017390
0.112500 5.025000 0.017390
0.187500 5.025000 0.017380
0.262500 5.025000 0.017370
0.337500 5.025000 0.017370
0.412500 5.025000 0.017360
0.487500 5.025000 0.017360
0.562500 5.025000 0.017350
0.637500 5.025000 0.017340
0.712500 5.025000 0.017330
0.787500 5.025000 0.017330
0.862500 5.025000 0.017320
0.937500 5.025000 0.017310
1.012000 5.025000 0.017290
1.087000 5.025000 0.017280
1.163000 5.025000 0.017270
1.238000 5.025000 0.017250
1.313000 5.025000 0.017240
1.388000 5.025000 0.017220
1.463000 5.025000 0.017200
1.538000 5.025000 0.017180
1.613000 5.025000 0.017160
1.688000 5.025000 0.017140
1.763000 5.025000 0.017110
1.838000 5.025000 0.017090
1.913000 5.025000 0.017070
1.988000 5.025000 0.017040
2.063000 5.025000 0.017010
2.138000 5.025000 0.016990
2.213000 5.025000 0.016960
2.288000 5.025000 0.016930
2.363000 5.025000 0.016900
2.438000 5.025000 0.016870
2.513000 5.025000 0.016850
2.588000 5.025000 0.016820
2.663000 5.025000 0.016790
2.738000 5.025000 0.016760
2.813000 5.025000 0.016740
2.888000 5.025000 0.016710
2.963000 5.025000 0.016690
3.038000 5.025000 0.016670
3.113000 5.025000 0.016650
3.188000 5.025000 0.016630
3.263000 5.025000 0.016610
3.338000 5.025000 0.016590
3.413000 5.025000 0.016580
3.488000 5.025000 0.016560
3.563000 5.025000 0.016550
3.638000 5.025000 0.016540
3.713000 5.025000 0.016520
3.788000 5.025000 0.016490
3.863000 5.025000 0.000000
-0.037500 5.175000 0.000000
0.037500 5.175000 0.000000
0.112500 5.175000 0.000000
0.187500 5.175000 0.000000
0.262500 5.175000 0.000000
0.337500 5.175000 0.000000
0.412500 5.175000 0.000000
0.487500 5.175000 0.000000
0.562500 5.175000 0.000000
0.637500 5.175000 0.000000
0.712500 5.175000 0.000000
0.787500 5.175000 0.000000
0.862500 5.175000 0.000000
0.937500 5.175000 0.000000
1.012000 5.175000 0.000000
1.087000 5.175000 0.000000
1.163000 5.175000 0.000000
1.238000 5.175000 0.000000
1.313000 5.175000 0.000000
1.388000 5.175000 0.000000
1.463000 5.175000 0.000000
1.538000 5.175000 0.000000
1.613000 5.175000 0.000000
1.688000 5.175000 0.000000
1.763000 5.175000 0.000000
1.838000 5.175000 0.000000
1.913000 5.175000 0.000000
1.988000 5.175000 0.000000
2.063000 5.175000 0.000000
2.138000 5.175000 0.000000
2.213000 5.175000 0.000000
2.288000 5.175000 0.000000
2.363000 5.175000 0.000000
2.438000 5.175000 0.000000
2.513000 5.175000 0.000000
2.588000 5.175000 0.000000
2.663000 5.175000 0.000000
2.738000 5.175000 0.000000
2.813000 5.175000 0.000000
2.888000 5.175000 0.000000
2.963000 5.175000 0.000000
3.038000 5.175000 0.000000
3.113000 5.175000 0.000000
3.188000 5.175000 0.000000
3.263000 5.175000 0.000000
3.338000 5.175000 0.000000
3.413000 5.175000 0.000000
3.488000 5.175000 0.000000
3.563000 5.175000 0.000000
3.638000 5.175000 0.000000
3.713000 5.175000 0.000000
3.788000 5.175000 0.000000
3.863000 5.175000 0.000000
