-0.037500 -0.075000 0.000000
0.037500 -0.075000 0.000000
0.112500 -0.075000 0.000000
0.187500 -0.075000 0.000000
0.262500 -0.075000 0.000000
0.337500 -0.075000 0.000000
0.412500 -0.075000 0.000000
0.487500 -0.075000 0.000000
0.562500 -0.075000 0.000000
0.637500 -0.075000 0.000000
0.712500 -0.075000 0.000000
0.787500 -0.075000 0.000000
0.862500 -0.075000 0.000000
0.937500 -0.075000 0.000000
1.012000 -0.075000 0.000000
1.087000 -0.075000 0.000000
1.163000 -0.075000 0.000000
1.238000 -0.075000 0.000000
1.313000 -0.075000 0.000000
1.388000 -0.075000 0.000000
1.463000 -0.075000 0.000000
1.538000 -0.075000 0.000000
1.613000 -0.075000 0.000000
1.688000 -0.075000 0.000000
1.763000 -0.075000 0.000000
1.838000 -0.075000 0.000000
1.913000 -0.075000 0.000000
1.988000 -0.075000 0.000000
2.063000 -0.075000 0.000000
2.138000 -0.075000 0.000000
2.213000 -0.075000 0.000000
2.288000 -0.075000 0.000000
2.363000 -0.075000 0.000000
2.438000 -0.075000 0.000000
2.513000 -0.075000 0.000000
2.588000 -0.075000 0.000000
2.663000 -0.075000 0.000000
2.738000 -0.075000 0.000000
2.813000 -0.075000 0.000000
2.888000 -0.075000 0.000000
2.963000 -0.075000 0.000000
3.038000 -0.075000 0.000000
3.113000 -0.075000 0.000000
3.188000 -0.075000 0.000000
3.263000 -0.075000 0.000000
3.338000 -0.075000 0.000000
3.413000 -0.075000 0.000000
3.488000 -0.075000 0.000000
3.563000 -0.075000 0.000000
3.638000 -0.075000 0.000000
3.713000 -0.075000 0.000000
3.788000 -0.075000 0.000000
3.863000 -0.075000 0.000000
-0.037500 0.075000 0.000000
0.037500 0.075000 0.081860
0.112500 0.075000 0.163700
0.187500 0.075000 0.245600
0.262500 0.075000 0.327400
0.337500 0.075000 0.409200
0.412500 0.075000 0.490900
0.487500 0.075000 0.572600
0.562500 0.075000 0.654000
0.637500 0.075000 0.735200
0.712500 0.075000 0.816000
0.787500 0.075000 0.896200
0.862500 0.075000 0.975700
0.937500 0.075000 1.054000
1.012000 0.075000 1.131000
1.087000 0.075000 1.206000
1.163000 0.075000 1.279000
1.238000 0.075000 1.349000
1.313000 0.075000 1.415000
1.388000 0.075000 1.477000
1.463000 0.075000 1.534000
1.538000 0.075000 1.585000
1.613000 0.075000 1.629000
1.688000 0.075000 1.665000
1.763000 0.075000 1.692000
1.838000 0.075000 1.710000
1.913000 0.075000 1.719000
1.988000 0.075000 1.718000
2.063000 0.075000 1.708000
2.138000 0.075000 1.690000
2.213000 0.075000 1.664000
2.288000 0.075000 1.632000
2.363000 0.075000 1.594000
2.438000 0.075000 1.553000
2.513000 0.075000 1.508000
2.588000 0.075000 1.461000
2.663000 0.075000 1.413000
2.738000 0.075000 1.364000
2.813000 0.075000 1.315000
2.888000 0.075000 1.267000
2.963000 0.075000 1.221000
3.038000 0.075000 1.175000
3.113000 0.075000 1.131000
3.188000 0.075000 1.088000
3.263000 0.075000 1.047000
3.338000 0.075000 1.008000
3.413000 0.075000 0.969900
3.488000 0.075000 0.933900
3.563000 0.075000 0.899500
3.638000 0.075000 0.866700
3.713000 0.075000 0.835400
3.788000 0.075000 0.805600
3.863000 0.075000 0.000000
-0.037500 0.225000 0.000000
0.037500 0.225000 0.081860
0.112500 0.225000 0.163700
0.187500 0.225000 0.245600
0.262500 0.225000 0.327400
0.337500 0.225000 0.409200
0.412500 0.225000 0.490900
0.487500 0.225000 0.572600
0.562500 0.225000 0.654000
0.637500 0.225000 0.735200
0.712500 0.225000 0.816000
0.787500 0.225000 0.896200
0.862500 0.225000 0.975700
0.937500 0.225000 1.054000
1.012000 0.225000 1.131000
1.087000 0.225000 1.206000
1.163000 0.225000 1.279000
1.238000 0.225000 1.349000
1.313000 0.225000 1.415000
1.388000 0.225000 1.477000
1.463000 0.225000 1.534000
1.538000 0.225000 1.585000
1.613000 0.225000 1.629000
1.688000 0.225000 1.665000
1.763000 0.225000 1.692000
1.838000 0.225000 1.710000
1.913000 0.225000 1.719000
1.988000 0.225000 1.718000
2.063000 0.225000 1.708000
2.138000 0.225000 1.690000
2.213000 0.225000 1.664000
2.288000 0.225000 1.632000
2.363000 0.225000 1.594000
2.438000 0.225000 1.553000
2.513000 0.225000 1.508000
2.588000 0.225000 1.461000
2.663000 0.225000 1.413000
2.738000 0.225000 1.364000
2.813000 0.225000 1.315000
2.888000 0.225000 1.267000
2.963000 0.225000 1.221000
3.038000 0.225000 1.175000
3.113000 0.225000 1.131000
3.188000 0.225000 1.088000
3.263000 0.225000 1.047000
3.338000 0.225000 1.008000
3.413000 0.225000 0.969900
3.488000 0.225000 0.933900
3.563000 0.225000 0.899500
3.638000 0.225000 0.866700
3.713000 0.225000 0.835400
3.788000 0.225000 0.805600
3.863000 0.225000 0.000000
-0.037500 0.375000 0.000000
0.037500 0.375000 0.337200
0.112500 0.375000 0.358200
0.187500 0.375000 0.391300
0.262500 0.375000 0.432200
0.337500 0.375000 0.478200
0.412500 0.375000 0.527600
0.487500 0.375000 0.579400
0.562500 0.375000 0.632800
0.637500 0.375000 0.687200
0.712500 0.375000 0.742200
0.787500 0.375000 0.797400
0.862500 0.375000 0.852400
0.937500 0.375000 0.906800
1.012000 0.375000 0.960300
1.087000 0.375000 1.013000
1.163000 0.375000 1.063000
1.238000 0.375000 1.111000
1.313000 0.375000 1.157000
1.388000 0.375000 1.199000
1.463000 0.375000 1.237000
1.538000 0.375000 1.271000
1.613000 0.375000 1.300000
1.688000 0.375000 1.323000
1.763000 0.375000 1.341000
1.838000 0.375000 1.352000
1.913000 0.375000 1.358000
1.988000 0.375000 1.357000
2.063000 0.375000 1.350000
2.138000 0.375000 1.337000
2.213000 0.375000 1.320000
2.288000 0.375000 1.298000
2.363000 0.375000 1.272000
2.438000 0.375000 1.243000
2.513000 0.375000 1.212000
2.588000 0.375000 1.179000
2.663000 0.375000 1.145000
2.738000 0.375000 1.111000
2.813000 0.375000 1.076000
2.888000 0.375000 1.041000
2.963000 0.375000 1.007000
3.038000 0.375000 0.973600
3.113000 0.375000 0.941300
3.188000 0.375000 0.910200
3.263000 0.375000 0.880400
3.338000 0.375000 0.852200
3.413000 0.375000 0.825600
3.488000 0.375000 0.801000
3.563000 0.375000 0.778600
3.638000 0.375000 0.759200
3.713000 0.375000 0.743800
3.788000 0.375000 0.734300
3.863000 0.375000 0.000000
-0.037500 0.525000 0.000000
0.037500 0.525000 0.430400
0.112500 0.525000 0.438100
0.187500 0.525000 0.452400
0.262500 0.525000 0.471700
0.337500 0.525000 0.495100
0.412500 0.525000 0.521600
0.487500 0.525000 0.550400
0.562500 0.525000 0.581000
0.637500 0.525000 0.612900
0.712500 0.525000 0.645600
0.787500 0.525000 0.678800
0.862500 0.525000 0.712200
0.937500 0.525000 0.745400
1.012000 0.525000 0.778100
1.087000 0.525000 0.809900
1.163000 0.525000 0.840600
1.238000 0.525000 0.869900
1.313000 0.525000 0.897300
1.388000 0.525000 0.922500
1.463000 0.525000 0.945300
1.538000 0.525000 0.965300
1.613000 0.525000 0.982200
1.688000 0.525000 0.995700
1.763000 0.525000 1.006000
1.838000 0.525000 1.012000
1.913000 0.525000 1.015000
1.988000 0.525000 1.014000
2.063000 0.525000 1.009000
2.138000 0.525000 1.001000
2.213000 0.525000 0.990400
2.288000 0.525000 0.976800
2.363000 0.525000 0.960700
2.438000 0.525000 0.942700
2.513000 0.525000 0.923100
2.588000 0.525000 0.902200
2.663000 0.525000 0.880500
2.738000 0.525000 0.858200
2.813000 0.525000 0.835700
2.888000 0.525000 0.813300
2.963000 0.525000 0.791100
3.038000 0.525000 0.769400
3.113000 0.525000 0.748400
3.188000 0.525000 0.728300
3.263000 0.525000 0.709300
3.338000 0.525000 0.691500
3.413000 0.525000 0.675100
3.488000 0.525000 0.660400
3.563000 0.525000 0.647600
3.638000 0.525000 0.637200
3.713000 0.525000 0.629700
3.788000 0.525000 0.625700
3.863000 0.525000 0.000000
-0.037500 0.675000 0.000000
0.037500 0.675000 0.460900
0.112500 0.675000 0.464300
0.187500 0.675000 0.471000
0.262500 0.675000 0.480700
0.337500 0.675000 0.492900
0.412500 0.675000 0.507300
0.487500 0.675000 0.523500
0.562500 0.675000 0.541200
0.637500 0.675000 0.560000
0.712500 0.675000 0.579700
0.787500 0.675000 0.599900
0.862500 0.675000 0.620400
0.937500 0.675000 0.640900
1.012000 0.675000 0.661200
1.087000 0.675000 0.680900
1.163000 0.675000 0.700000
1.238000 0.675000 0.718000
1.313000 0.675000 0.734800
1.388000 0.675000 0.750200
1.463000 0.675000 0.764000
1.538000 0.675000 0.776000
1.613000 0.675000 0.785900
1.688000 0.675000 0.793800
1.763000 0.675000 0.799500
1.838000 0.675000 0.803000
1.913000 0.675000 0.804200
1.988000 0.675000 0.803100
2.063000 0.675000 0.799900
2.138000 0.675000 0.794600
2.213000 0.675000 0.787400
2.288000 0.675000 0.778500
2.363000 0.675000 0.768000
2.438000 0.675000 0.756200
2.513000 0.675000 0.743400
2.588000 0.675000 0.729600
2.663000 0.675000 0.715200
2.738000 0.675000 0.700400
2.813000 0.675000 0.685400
2.888000 0.675000 0.670400
2.963000 0.675000 0.655500
3.038000 0.675000 0.641000
3.113000 0.675000 0.627000
3.188000 0.675000 0.613600
3.263000 0.675000 0.601100
3.338000 0.675000 0.589600
3.413000 0.675000 0.579300
3.488000 0.675000 0.570300
3.563000 0.675000 0.562800
3.638000 0.675000 0.556900
3.713000 0.675000 0.552900
3.788000 0.675000 0.550900
3.863000 0.675000 0.000000
-0.037500 0.825000 0.000000
0.037500 0.825000 0.454800
0.112500 0.825000 0.457200
0.187500 0.825000 0.461900
0.262500 0.825000 0.468800
0.337500 0.825000 0.477600
0.412500 0.825000 0.488100
0.487500 0.825000 0.500200
0.562500 0.825000 0.513400
0.637500 0.825000 0.527700
0.712500 0.825000 0.542700
0.787500 0.825000 0.558200
0.862500 0.825000 0.574000
0.937500 0.825000 0.589800
1.012000 0.825000 0.605500
1.087000 0.825000 0.620800
1.163000 0.825000 0.635500
1.238000 0.825000 0.649500
1.313000 0.825000 0.662400
1.388000 0.825000 0.674300
1.463000 0.825000 0.684800
1.538000 0.825000 0.693900
1.613000 0.825000 0.701500
1.688000 0.825000 0.707400
1.763000 0.825000 0.711600
1.838000 0.825000 0.714000
1.913000 0.825000 0.714700
1.988000 0.825000 0.713600
2.063000 0.825000 0.710900
2.138000 0.825000 0.706600
2.213000 0.825000 0.700700
2.288000 0.825000 0.693500
2.363000 0.825000 0.685100
2.438000 0.825000 0.675600
2.513000 0.825000 0.665200
2.588000 0.825000 0.654100
2.663000 0.825000 0.642500
2.738000 0.825000 0.630500
2.813000 0.825000 0.618300
2.888000 0.825000 0.606100
2.963000 0.825000 0.594100
3.038000 0.825000 0.582300
3.113000 0.825000 0.571000
3.188000 0.825000 0.560300
3.263000 0.825000 0.550300
3.338000 0.825000 0.541200
3.413000 0.825000 0.533000
3.488000 0.825000 0.526000
3.563000 0.825000 0.520300
3.638000 0.825000 0.515800
3.713000 0.825000 0.512800
3.788000 0.825000 0.511300
3.863000 0.825000 0.000000
-0.037500 0.975000 0.000000
0.037500 0.975000 0.436600
0.112500 0.975000 0.438400
0.187500 0.975000 0.441900
0.262500 0.975000 0.447100
0.337500 0.975000 0.453800
0.412500 0.975000 0.461900
0.487500 0.975000 0.471100
0.562500 0.975000 0.481500
0.637500 0.975000 0.492600
0.712500 0.975000 0.504400
0.787500 0.975000 0.516600
0.862500 0.975000 0.529100
0.937500 0.975000 0.541700
1.012000 0.975000 0.554100
1.087000 0.975000 0.566300
1.163000 0.975000 0.578000
1.238000 0.975000 0.589000
1.313000 0.975000 0.599300
1.388000 0.975000 0.608700
1.463000 0.975000 0.617000
1.538000 0.975000 0.624100
1.613000 0.975000 0.630000
1.688000 0.975000 0.634500
1.763000 0.975000 0.637700
1.838000 0.975000 0.639500
1.913000 0.975000 0.639900
1.988000 0.975000 0.638800
2.063000 0.975000 0.636500
2.138000 0.975000 0.632800
2.213000 0.975000 0.627900
2.288000 0.975000 0.621900
2.363000 0.975000 0.614900
2.438000 0.975000 0.607100
2.513000 0.975000 0.598500
2.588000 0.975000 0.589300
2.663000 0.975000 0.579700
2.738000 0.975000 0.569800
2.813000 0.975000 0.559700
2.888000 0.975000 0.549700
2.963000 0.975000 0.539700
3.038000 0.975000 0.530000
3.113000 0.975000 0.520700
3.188000 0.975000 0.511800
3.263000 0.975000 0.503700
3.338000 0.975000 0.496200
3.413000 0.975000 0.489600
3.488000 0.975000 0.484000
3.563000 0.975000 0.479400
3.638000 0.975000 0.475800
3.713000 0.975000 0.473500
3.788000 0.975000 0.472300
3.863000 0.975000 0.000000
-0.037500 1.125000 0.000000
0.037500 1.125000 0.411100
0.112500 1.125000 0.412600
0.187500 1.125000 0.415400
0.262500 1.125000 0.419600
0.337500 1.125000 0.425100
0.412500 1.125000 0.431600
0.487500 1.125000 0.439200
0.562500 1.125000 0.447700
0.637500 1.125000 0.456900
0.712500 1.125000 0.466600
0.787500 1.125000 0.476800
0.862500 1.125000 0.487100
0.937500 1.125000 0.497600
1.012000 1.125000 0.507900
1.087000 1.125000 0.518000
1.163000 1.125000 0.527800
1.238000 1.125000 0.536900
1.313000 1.125000 0.545500
1.388000 1.125000 0.553200
1.463000 1.125000 0.560100
1.538000 1.125000 0.566000
1.613000 1.125000 0.570800
1.688000 1.125000 0.574500
1.763000 1.125000 0.577000
1.838000 1.125000 0.578400
1.913000 1.125000 0.578600
1.988000 1.125000 0.577600
2.063000 1.125000 0.575500
2.138000 1.125000 0.572300
2.213000 1.125000 0.568100
2.288000 1.125000 0.562900
2.363000 1.125000 0.556900
2.438000 1.125000 0.550200
2.513000 1.125000 0.542900
2.588000 1.125000 0.535000
2.663000 1.125000 0.526800
2.738000 1.125000 0.518300
2.813000 1.125000 0.509700
2.888000 1.125000 0.501000
2.963000 1.125000 0.492500
3.038000 1.125000 0.484200
3.113000 1.125000 0.476200
3.188000 1.125000 0.468700
3.263000 1.125000 0.461800
3.338000 1.125000 0.455400
3.413000 1.125000 0.449900
3.488000 1.125000 0.445100
3.563000 1.125000 0.441200
3.638000 1.125000 0.438300
3.713000 1.125000 0.436300
3.788000 1.125000 0.435300
3.863000 1.125000 0.000000
-0.037500 1.275000 0.000000
0.037500 1.275000 0.351700
0.112500 1.275000 0.352900
0.187500 1.275000 0.355100
0.262500 1.275000 0.358300
0.337500 1.275000 0.362500
0.412500 1.275000 0.367600
0.487500 1.275000 0.373500
0.562500 1.275000 0.380100
0.637500 1.275000 0.387200
0.712500 1.275000 0.394800
0.787500 1.275000 0.402700
0.862500 1.275000 0.410800
0.937500 1.275000 0.419000
1.012000 1.275000 0.427100
1.087000 1.275000 0.435000
1.163000 1.275000 0.442600
1.238000 1.275000 0.449700
1.313000 1.275000 0.456400
1.388000 1.275000 0.462400
1.463000 1.275000 0.467800
1.538000 1.275000 0.472300
1.613000 1.275000 0.476100
1.688000 1.275000 0.478900
1.763000 1.275000 0.480900
1.838000 1.275000 0.481900
1.913000 1.275000 0.482000
1.988000 1.275000 0.481100
2.063000 1.275000 0.479400
2.138000 1.275000 0.476800
2.213000 1.275000 0.473400
2.288000 1.275000 0.469200
2.363000 1.275000 0.464400
2.438000 1.275000 0.459000
2.513000 1.275000 0.453100
2.588000 1.275000 0.446800
2.663000 1.275000 0.440200
2.738000 1.275000 0.433400
2.813000 1.275000 0.426500
2.888000 1.275000 0.419600
2.963000 1.275000 0.412800
3.038000 1.275000 0.406200
3.113000 1.275000 0.399800
3.188000 1.275000 0.393800
3.263000 1.275000 0.388300
3.338000 1.275000 0.383300
3.413000 1.275000 0.378900
3.488000 1.275000 0.375100
3.563000 1.275000 0.372000
3.638000 1.275000 0.369700
3.713000 1.275000 0.368100
3.788000 1.275000 0.367300
3.863000 1.275000 0.000000
-0.037500 1.425000 0.000000
0.037500 1.425000 0.274800
0.112500 1.425000 0.275500
0.187500 1.425000 0.277100
0.262500 1.425000 0.279300
0.337500 1.425000 0.282200
0.412500 1.425000 0.285700
0.487500 1.425000 0.289800
0.562500 1.425000 0.294300
0.637500 1.425000 0.299300
0.712500 1.425000 0.304500
0.787500 1.425000 0.310000
0.862500 1.425000 0.315600
0.937500 1.425000 0.321300
1.012000 1.425000 0.326900
1.087000 1.425000 0.332400
1.163000 1.425000 0.337700
1.238000 1.425000 0.342700
1.313000 1.425000 0.347300
1.388000 1.425000 0.351500
1.463000 1.425000 0.355200
1.538000 1.425000 0.358300
1.613000 1.425000 0.360900
1.688000 1.425000 0.362800
1.763000 1.425000 0.364100
1.838000 1.425000 0.364700
1.913000 1.425000 0.364700
1.988000 1.425000 0.364000
2.063000 1.425000 0.362700
2.138000 1.425000 0.360800
2.213000 1.425000 0.358400
2.288000 1.425000 0.355400
2.363000 1.425000 0.351900
2.438000 1.425000 0.348000
2.513000 1.425000 0.343800
2.588000 1.425000 0.339300
2.663000 1.425000 0.334500
2.738000 1.425000 0.329700
2.813000 1.425000 0.324700
2.888000 1.425000 0.319700
2.963000 1.425000 0.314900
3.038000 1.425000 0.310100
3.113000 1.425000 0.305600
3.188000 1.425000 0.301300
3.263000 1.425000 0.297300
3.338000 1.425000 0.293800
3.413000 1.425000 0.290600
3.488000 1.425000 0.287900
3.563000 1.425000 0.285800
3.638000 1.425000 0.284100
3.713000 1.425000 0.283000
3.788000 1.425000 0.282400
3.863000 1.425000 0.000000
-0.037500 1.575000 0.000000
0.037500 1.575000 0.210500
0.112500 1.575000 0.211000
0.187500 1.575000 0.212000
0.262500 1.575000 0.213500
0.337500 1.575000 0.215500
0.412500 1.575000 0.217900
0.487500 1.575000 0.220700
0.562500 1.575000 0.223800
0.637500 1.575000 0.227100
0.712500 1.575000 0.230700
0.787500 1.575000 0.234500
0.862500 1.575000 0.238300
0.937500 1.575000 0.242200
1.012000 1.575000 0.246100
1.087000 1.575000 0.249800
1.163000 1.575000 0.253500
1.238000 1.575000 0.256900
1.313000 1.575000 0.260000
1.388000 1.575000 0.262900
1.463000 1.575000 0.265400
1.538000 1.575000 0.267500
1.613000 1.575000 0.269300
1.688000 1.575000 0.270500
1.763000 1.575000 0.271400
1.838000 1.575000 0.271800
1.913000 1.575000 0.271700
1.988000 1.575000 0.271200
2.063000 1.575000 0.270200
2.138000 1.575000 0.268900
2.213000 1.575000 0.267100
2.288000 1.575000 0.264900
2.363000 1.575000 0.262500
2.438000 1.575000 0.259700
2.513000 1.575000 0.256700
2.588000 1.575000 0.253500
2.663000 1.575000 0.250200
2.738000 1.575000 0.246700
2.813000 1.575000 0.243200
2.888000 1.575000 0.239700
2.963000 1.575000 0.236300
3.038000 1.575000 0.232900
3.113000 1.575000 0.229700
3.188000 1.575000 0.226700
3.263000 1.575000 0.223900
3.338000 1.575000 0.221400
3.413000 1.575000 0.219200
3.488000 1.575000 0.217300
3.563000 1.575000 0.215800
3.638000 1.575000 0.214600
3.713000 1.575000 0.213800
3.788000 1.575000 0.213400
3.863000 1.575000 0.000000
-0.037500 1.725000 0.000000
0.037500 1.725000 0.158000
0.112500 1.725000 0.158300
0.187500 1.725000 0.159000
0.262500 1.725000 0.160000
0.337500 1.725000 0.161300
0.412500 1.725000 0.162900
0.487500 1.725000 0.164800
0.562500 1.725000 0.166900
0.637500 1.725000 0.169200
0.712500 1.725000 0.171600
0.787500 1.725000 0.174100
0.862500 1.725000 0.176700
0.937500 1.725000 0.179300
1.012000 1.725000 0.181900
1.087000 1.725000 0.184400
1.163000 1.725000 0.186900
1.238000 1.725000 0.189200
1.313000 1.725000 0.191300
1.388000 1.725000 0.193200
1.463000 1.725000 0.194900
1.538000 1.725000 0.196300
1.613000 1.725000 0.197400
1.688000 1.725000 0.198300
1.763000 1.725000 0.198800
1.838000 1.725000 0.199000
1.913000 1.725000 0.199000
1.988000 1.725000 0.198600
2.063000 1.725000 0.197900
2.138000 1.725000 0.196900
2.213000 1.725000 0.195600
2.288000 1.725000 0.194100
2.363000 1.725000 0.192400
2.438000 1.725000 0.190500
2.513000 1.725000 0.188400
2.588000 1.725000 0.186200
2.663000 1.725000 0.183800
2.738000 1.725000 0.181400
2.813000 1.725000 0.179000
2.888000 1.725000 0.176600
2.963000 1.725000 0.174200
3.038000 1.725000 0.171900
3.113000 1.725000 0.169600
3.188000 1.725000 0.167600
3.263000 1.725000 0.165600
3.338000 1.725000 0.163900
3.413000 1.725000 0.162400
3.488000 1.725000 0.161000
3.563000 1.725000 0.160000
3.638000 1.725000 0.159100
3.713000 1.725000 0.158600
3.788000 1.725000 0.158300
3.863000 1.725000 0.000000
-0.037500 1.875000 0.000000
0.037500 1.875000 0.115800
0.112500 1.875000 0.116000
0.187500 1.875000 0.116500
0.262500 1.875000 0.117100
0.337500 1.875000 0.118000
0.412500 1.875000 0.119000
0.487500 1.875000 0.120200
0.562500 1.875000 0.121600
0.637500 1.875000 0.123100
0.712500 1.875000 0.124700
0.787500 1.875000 0.126300
0.862500 1.875000 0.128000
0.937500 1.875000 0.129700
1.012000 1.875000 0.131400
1.087000 1.875000 0.133100
1.163000 1.875000 0.134700
1.238000 1.875000 0.136200
1.313000 1.875000 0.137600
1.388000 1.875000 0.138800
1.463000 1.875000 0.139900
1.538000 1.875000 0.140800
1.613000 1.875000 0.141600
1.688000 1.875000 0.142100
1.763000 1.875000 0.142400
1.838000 1.875000 0.142500
1.913000 1.875000 0.142500
1.988000 1.875000 0.142200
2.063000 1.875000 0.141700
2.138000 1.875000 0.141000
2.213000 1.875000 0.140100
2.288000 1.875000 0.139100
2.363000 1.875000 0.137900
2.438000 1.875000 0.136600
2.513000 1.875000 0.135200
2.588000 1.875000 0.133700
2.663000 1.875000 0.132100
2.738000 1.875000 0.130500
2.813000 1.875000 0.128800
2.888000 1.875000 0.127200
2.963000 1.875000 0.125600
3.038000 1.875000 0.124000
3.113000 1.875000 0.122500
3.188000 1.875000 0.121100
3.263000 1.875000 0.119800
3.338000 1.875000 0.118600
3.413000 1.875000 0.117600
3.488000 1.875000 0.116700
3.563000 1.875000 0.116000
3.638000 1.875000 0.115400
3.713000 1.875000 0.115000
3.788000 1.875000 0.114800
3.863000 1.875000 0.000000
-0.037500 2.025000 0.000000
0.037500 2.025000 0.082190
0.112500 2.025000 0.082330
0.187500 2.025000 0.082600
0.262500 2.025000 0.083010
0.337500 2.025000 0.083540
0.412500 2.025000 0.084190
0.487500 2.025000 0.084940
0.562500 2.025000 0.085790
0.637500 2.025000 0.086720
0.712500 2.025000 0.087700
0.787500 2.025000 0.088730
0.862500 2.025000 0.089790
0.937500 2.025000 0.090850
1.012000 2.025000 0.091910
1.087000 2.025000 0.092940
1.163000 2.025000 0.093930
1.238000 2.025000 0.094860
1.313000 2.025000 0.095710
1.388000 2.025000 0.096480
1.463000 2.025000 0.097150
1.538000 2.025000 0.097710
1.613000 2.025000 0.098150
1.688000 2.025000 0.098470
1.763000 2.025000 0.098660
1.838000 2.025000 0.098710
1.913000 2.025000 0.098630
1.988000 2.025000 0.098430
2.063000 2.025000 0.098090
2.138000 2.025000 0.097630
2.213000 2.025000 0.097060
2.288000 2.025000 0.096390
2.363000 2.025000 0.095620
2.438000 2.025000 0.094760
2.513000 2.025000 0.093840
2.588000 2.025000 0.092860
2.663000 2.025000 0.091830
2.738000 2.025000 0.090780
2.813000 2.025000 0.089720
2.888000 2.025000 0.088660
2.963000 2.025000 0.087610
3.038000 2.025000 0.086600
3.113000 2.025000 0.085640
3.188000 2.025000 0.084730
3.263000 2.025000 0.083890
3.338000 2.025000 0.083130
3.413000 2.025000 0.082470
3.488000 2.025000 0.081900
3.563000 2.025000 0.081430
3.638000 2.025000 0.081070
3.713000 2.025000 0.080810
3.788000 2.025000 0.080680
3.863000 2.025000 0.000000
-0.037500 2.175000 0.000000
0.037500 2.175000 0.055430
0.112500 2.175000 0.055510
0.187500 2.175000 0.055660
0.262500 2.175000 0.055880
0.337500 2.175000 0.056170
0.412500 2.175000 0.056530
0.487500 2.175000 0.056940
0.562500 2.175000 0.057410
0.637500 2.175000 0.057910
0.712500 2.175000 0.058460
0.787500 2.175000 0.059020
0.862500 2.175000 0.059600
0.937500 2.175000 0.060190
1.012000 2.175000 0.060760
1.087000 2.175000 0.061330
1.163000 2.175000 0.061870
1.238000 2.175000 0.062370
1.313000 2.175000 0.062830
1.388000 2.175000 0.063250
1.463000 2.175000 0.063600
1.538000 2.175000 0.063900
1.613000 2.175000 0.064120
1.688000 2.175000 0.064280
1.763000 2.175000 0.064360
1.838000 2.175000 0.064370
1.913000 2.175000 0.064310
1.988000 2.175000 0.064170
2.063000 2.175000 0.063950
2.138000 2.175000 0.063670
2.213000 2.175000 0.063330
2.288000 2.175000 0.062920
2.363000 2.175000 0.062460
2.438000 2.175000 0.061960
2.513000 2.175000 0.061410
2.588000 2.175000 0.060840
2.663000 2.175000 0.060240
2.738000 2.175000 0.059620
2.813000 2.175000 0.059000
2.888000 2.175000 0.058390
2.963000 2.175000 0.057780
3.038000 2.175000 0.057190
3.113000 2.175000 0.056630
3.188000 2.175000 0.056110
3.263000 2.175000 0.055620
3.338000 2.175000 0.055190
3.413000 2.175000 0.054800
3.488000 2.175000 0.054470
3.563000 2.175000 0.054210
3.638000 2.175000 0.054000
3.713000 2.175000 0.053850
3.788000 2.175000 0.053770
3.863000 2.175000 0.000000
-0.037500 2.325000 0.000000
0.037500 2.325000 0.041070
0.112500 2.325000 0.041110
0.187500 2.325000 0.041200
0.262500 2.325000 0.041320
0.337500 2.325000 0.041490
0.412500 2.325000 0.041690
0.487500 2.325000 0.041920
0.562500 2.325000 0.042180
0.637500 2.325000 0.042470
0.712500 2.325000 0.042770
0.787500 2.325000 0.043090
0.862500 2.325000 0.043410
0.937500 2.325000 0.043740
1.012000 2.325000 0.044060
1.087000 2.325000 0.044370
1.163000 2.325000 0.044670
1.238000 2.325000 0.044950
1.313000 2.325000 0.045200
1.388000 2.325000 0.045420
1.463000 2.325000 0.045610
1.538000 2.325000 0.045760
1.613000 2.325000 0.045880
1.688000 2.325000 0.045950
1.763000 2.325000 0.045980
1.838000 2.325000 0.045960
1.913000 2.325000 0.045900
1.988000 2.325000 0.045800
2.063000 2.325000 0.045650
2.138000 2.325000 0.045460
2.213000 2.325000 0.045240
2.288000 2.325000 0.044980
2.363000 2.325000 0.044690
2.438000 2.325000 0.044370
2.513000 2.325000 0.044040
2.588000 2.325000 0.043680
2.663000 2.325000 0.043310
2.738000 2.325000 0.042930
2.813000 2.325000 0.042550
2.888000 2.325000 0.042170
2.963000 2.325000 0.041800
3.038000 2.325000 0.041440
3.113000 2.325000 0.041100
3.188000 2.325000 0.040780
3.263000 2.325000 0.040490
3.338000 2.325000 0.040220
3.413000 2.325000 0.039990
3.488000 2.325000 0.039800
3.563000 2.325000 0.039630
3.638000 2.325000 0.039510
3.713000 2.325000 0.039430
3.788000 2.325000 0.039380
3.863000 2.325000 0.000000
-0.037500 2.475000 0.000000
0.037500 2.475000 0.035080
0.112500 2.475000 0.035110
0.187500 2.475000 0.035170
0.262500 2.475000 0.035260
0.337500 2.475000 0.035380
0.412500 2.475000 0.035520
0.487500 2.475000 0.035700
0.562500 2.475000 0.035890
0.637500 2.475000 0.036090
0.712500 2.475000 0.036320
0.787500 2.475000 0.036550
0.862500 2.475000 0.036780
0.937500 2.475000 0.037020
1.012000 2.475000 0.037250
1.087000 2.475000 0.037480
1.163000 2.475000 0.037690
1.238000 2.475000 0.037890
1.313000 2.475000 0.038070
1.388000 2.475000 0.038230
1.463000 2.475000 0.038360
1.538000 2.475000 0.038470
1.613000 2.475000 0.038540
1.688000 2.475000 0.038590
1.763000 2.475000 0.038600
1.838000 2.475000 0.038570
1.913000 2.475000 0.038520
1.988000 2.475000 0.038430
2.063000 2.475000 0.038310
2.138000 2.475000 0.038160
2.213000 2.475000 0.037980
2.288000 2.475000 0.037780
2.363000 2.475000 0.037550
2.438000 2.475000 0.037300
2.513000 2.475000 0.037040
2.588000 2.475000 0.036760
2.663000 2.475000 0.036470
2.738000 2.475000 0.036180
2.813000 2.475000 0.035890
2.888000 2.475000 0.035590
2.963000 2.475000 0.035310
3.038000 2.475000 0.035030
3.113000 2.475000 0.034770
3.188000 2.475000 0.034530
3.263000 2.475000 0.034310
3.338000 2.475000 0.034100
3.413000 2.475000 0.033930
3.488000 2.475000 0.033780
3.563000 2.475000 0.033660
3.638000 2.475000 0.033570
3.713000 2.475000 0.033500
3.788000 2.475000 0.033470
3.863000 2.475000 0.000000
-0.037500 2.625000 0.000000
0.037500 2.625000 0.030180
0.112500 2.625000 0.030200
0.187500 2.625000 0.030250
0.262500 2.625000 0.030320
0.337500 2.625000 0.030410
0.412500 2.625000 0.030520
0.487500 2.625000 0.030650
0.562500 2.625000 0.030800
0.637500 2.625000 0.030950
0.712500 2.625000 0.031120
0.787500 2.625000 0.031290
0.862500 2.625000 0.031470
0.937500 2.625000 0.031650
1.012000 2.625000 0.031820
1.087000 2.625000 0.031990
1.163000 2.625000 0.032150
1.238000 2.625000 0.032300
1.313000 2.625000 0.032430
1.388000 2.625000 0.032550
1.463000 2.625000 0.032640
1.538000 2.625000 0.032710
1.613000 2.625000 0.032760
1.688000 2.625000 0.032790
1.763000 2.625000 0.032790
1.838000 2.625000 0.032770
1.913000 2.625000 0.032720
1.988000 2.625000 0.032640
2.063000 2.625000 0.032540
2.138000 2.625000 0.032420
2.213000 2.625000 0.032270
2.288000 2.625000 0.032110
2.363000 2.625000 0.031920
2.438000 2.625000 0.031730
2.513000 2.625000 0.031520
2.588000 2.625000 0.031290
2.663000 2.625000 0.031070
2.738000 2.625000 0.030830
2.813000 2.625000 0.030600
2.888000 2.625000 0.030370
2.963000 2.625000 0.030150
3.038000 2.625000 0.029930
3.113000 2.625000 0.029720
3.188000 2.625000 0.029530
3.263000 2.625000 0.029360
3.338000 2.625000 0.029200
3.413000 2.625000 0.029070
3.488000 2.625000 0.028950
3.563000 2.625000 0.028860
3.638000 2.625000 0.028790
3.713000 2.625000 0.028740
3.788000 2.625000 0.028710
3.863000 2.625000 0.000000
-0.037500 2.775000 0.000000
0.037500 2.775000 0.026300
0.112500 2.775000 0.026320
0.187500 2.775000 0.026360
0.262500 2.775000 0.026420
0.337500 2.775000 0.026490
0.412500 2.775000 0.026580
0.487500 2.775000 0.026690
0.562500 2.775000 0.026800
0.637500 2.775000 0.026930
0.712500 2.775000 0.027060
0.787500 2.775000 0.027200
0.862500 2.775000 0.027340
0.937500 2.775000 0.027480
1.012000 2.775000 0.027620
1.087000 2.775000 0.027750
1.163000 2.775000 0.027870
1.238000 2.775000 0.027990
1.313000 2.775000 0.028090
1.388000 2.775000 0.028180
1.463000 2.775000 0.028250
1.538000 2.775000 0.028310
1.613000 2.775000 0.028350
1.688000 2.775000 0.028360
1.763000 2.775000 0.028360
1.838000 2.775000 0.028340
1.913000 2.775000 0.028290
1.988000 2.775000 0.028220
2.063000 2.775000 0.028140
2.138000 2.775000 0.028040
2.213000 2.775000 0.027910
2.288000 2.775000 0.027780
2.363000 2.775000 0.027620
2.438000 2.775000 0.027460
2.513000 2.775000 0.027280
2.588000 2.775000 0.027100
2.663000 2.775000 0.026910
2.738000 2.775000 0.026720
2.813000 2.775000 0.026530
2.888000 2.775000 0.026340
2.963000 2.775000 0.026160
3.038000 2.775000 0.025980
3.113000 2.775000 0.025810
3.188000 2.775000 0.025650
3.263000 2.775000 0.025510
3.338000 2.775000 0.025380
3.413000 2.775000 0.025270
3.488000 2.775000 0.025180
3.563000 2.775000 0.025110
3.638000 2.775000 0.025050
3.713000 2.775000 0.025010
3.788000 2.775000 0.024990
3.863000 2.775000 0.000000
-0.037500 2.925000 0.000000
0.037500 2.925000 0.020450
0.112500 2.925000 0.020470
0.187500 2.925000 0.020500
0.262500 2.925000 0.020540
0.337500 2.925000 0.020600
0.412500 2.925000 0.020660
0.487500 2.925000 0.020740
0.562500 2.925000 0.020820
0.637500 2.925000 0.020920
0.712500 2.925000 0.021010
0.787500 2.925000 0.021120
0.862500 2.925000 0.021220
0.937500 2.925000 0.021320
1.012000 2.925000 0.021420
1.087000 2.925000 0.021520
1.163000 2.925000 0.021610
1.238000 2.925000 0.021700
1.313000 2.925000 0.021770
1.388000 2.925000 0.021830
1.463000 2.925000 0.021890
1.538000 2.925000 0.021930
1.613000 2.925000 0.021950
1.688000 2.925000 0.021960
1.763000 2.925000 0.021960
1.838000 2.925000 0.021940
1.913000 2.925000 0.021900
1.988000 2.925000 0.021850
2.063000 2.925000 0.021790
2.138000 2.925000 0.021710
2.213000 2.925000 0.021610
2.288000 2.925000 0.021510
2.363000 2.925000 0.021390
2.438000 2.925000 0.021270
2.513000 2.925000 0.021140
2.588000 2.925000 0.021000
2.663000 2.925000 0.020860
2.738000 2.925000 0.020710
2.813000 2.925000 0.020570
2.888000 2.925000 0.020430
2.963000 2.925000 0.020290
3.038000 2.925000 0.020150
3.113000 2.925000 0.020030
3.188000 2.925000 0.019910
3.263000 2.925000 0.019800
3.338000 2.925000 0.019710
3.413000 2.925000 0.019630
3.488000 2.925000 0.019560
3.563000 2.925000 0.019510
3.638000 2.925000 0.019460
3.713000 2.925000 0.019430
3.788000 2.925000 0.019420
3.863000 2.925000 0.000000
-0.037500 3.075000 0.000000
0.037500 3.075000 0.014210
0.112500 3.075000 0.014220
0.187500 3.075000 0.014240
0.262500 3.075000 0.014270
0.337500 3.075000 0.014300
0.412500 3.075000 0.014340
0.487500 3.075000 0.014390
0.562500 3.075000 0.014450
0.637500 3.075000 0.014510
0.712500 3.075000 0.014570
0.787500 3.075000 0.014640
0.862500 3.075000 0.014700
0.937500 3.075000 0.014770
1.012000 3.075000 0.014830
1.087000 3.075000 0.014900
1.163000 3.075000 0.014950
1.238000 3.075000 0.015010
1.313000 3.075000 0.015050
1.388000 3.075000 0.015090
1.463000 3.075000 0.015130
1.538000 3.075000 0.015150
1.613000 3.075000 0.015170
1.688000 3.075000 0.015170
1.763000 3.075000 0.015170
1.838000 3.075000 0.015150
1.913000 3.075000 0.015130
1.988000 3.075000 0.015090
2.063000 3.075000 0.015050
2.138000 3.075000 0.014990
2.213000 3.075000 0.014930
2.288000 3.075000 0.014860
2.363000 3.075000 0.014780
2.438000 3.075000 0.014700
2.513000 3.075000 0.014610
2.588000 3.075000 0.014520
2.663000 3.075000 0.014420
2.738000 3.075000 0.014330
2.813000 3.075000 0.014230
2.888000 3.075000 0.014140
2.963000 3.075000 0.014050
3.038000 3.075000 0.013960
3.113000 3.075000 0.013870
3.188000 3.075000 0.013800
3.263000 3.075000 0.013720
3.338000 3.075000 0.013660
3.413000 3.075000 0.013610
3.488000 3.075000 0.013560
3.563000 3.075000 0.013520
3.638000 3.075000 0.013500
3.713000 3.075000 0.013480
3.788000 3.075000 0.013460
3.863000 3.075000 0.000000
-0.037500 3.225000 0.000000
0.037500 3.225000 0.009802
0.112500 3.225000 0.009809
0.187500 3.225000 0.009821
0.262500 3.225000 0.009838
0.337500 3.225000 0.009861
0.412500 3.225000 0.009888
0.487500 3.225000 0.009919
0.562500 3.225000 0.009954
0.637500 3.225000 0.009992
0.712500 3.225000 0.010030
0.787500 3.225000 0.010070
0.862500 3.225000 0.010120
0.937500 3.225000 0.010160
1.012000 3.225000 0.010200
1.087000 3.225000 0.010240
1.163000 3.225000 0.010280
1.238000 3.225000 0.010310
1.313000 3.225000 0.010340
1.388000 3.225000 0.010360
1.463000 3.225000 0.010380
1.538000 3.225000 0.010400
1.613000 3.225000 0.010410
1.688000 3.225000 0.010410
1.763000 3.225000 0.010400
1.838000 3.225000 0.010390
1.913000 3.225000 0.010380
1.988000 3.225000 0.010350
2.063000 3.225000 0.010320
2.138000 3.225000 0.010280
2.213000 3.225000 0.010240
2.288000 3.225000 0.010200
2.363000 3.225000 0.010140
2.438000 3.225000 0.010090
2.513000 3.225000 0.010030
2.588000 3.225000 0.009969
2.663000 3.225000 0.009906
2.738000 3.225000 0.009843
2.813000 3.225000 0.009780
2.888000 3.225000 0.009717
2.963000 3.225000 0.009657
3.038000 3.225000 0.009598
3.113000 3.225000 0.009543
3.188000 3.225000 0.009492
3.263000 3.225000 0.009445
3.338000 3.225000 0.009403
3.413000 3.225000 0.009366
3.488000 3.225000 0.009336
3.563000 3.225000 0.009310
3.638000 3.225000 0.009290
3.713000 3.225000 0.009276
3.788000 3.225000 0.009268
3.863000 3.225000 0.000000
-0.037500 3.375000 0.000000
0.037500 3.375000 0.006717
0.112500 3.375000 0.006720
0.187500 3.375000 0.006727
0.262500 3.375000 0.006738
0.337500 3.375000 0.006752
0.412500 3.375000 0.006769
0.487500 3.375000 0.006789
0.562500 3.375000 0.006811
0.637500 3.375000 0.006835
0.712500 3.375000 0.006860
0.787500 3.375000 0.006886
0.862500 3.375000 0.006913
0.937500 3.375000 0.006940
1.012000 3.375000 0.006966
1.087000 3.375000 0.006990
1.163000 3.375000 0.007014
1.238000 3.375000 0.007034
1.313000 3.375000 0.007053
1.388000 3.375000 0.007068
1.463000 3.375000 0.007080
1.538000 3.375000 0.007089
1.613000 3.375000 0.007093
1.688000 3.375000 0.007094
1.763000 3.375000 0.007090
1.838000 3.375000 0.007082
1.913000 3.375000 0.007070
1.988000 3.375000 0.007053
2.063000 3.375000 0.007033
2.138000 3.375000 0.007008
2.213000 3.375000 0.006980
2.288000 3.375000 0.006949
2.363000 3.375000 0.006915
2.438000 3.375000 0.006879
2.513000 3.375000 0.006840
2.588000 3.375000 0.006800
2.663000 3.375000 0.006759
2.738000 3.375000 0.006717
2.813000 3.375000 0.006675
2.888000 3.375000 0.006634
2.963000 3.375000 0.006595
3.038000 3.375000 0.006556
3.113000 3.375000 0.006520
3.188000 3.375000 0.006486
3.263000 3.375000 0.006455
3.338000 3.375000 0.006427
3.413000 3.375000 0.006403
3.488000 3.375000 0.006382
3.563000 3.375000 0.006365
3.638000 3.375000 0.006351
3.713000 3.375000 0.006340
3.788000 3.375000 0.006334
3.863000 3.375000 0.000000
-0.037500 3.525000 0.000000
0.037500 3.525000 0.004568
0.112500 3.525000 0.004570
0.187500 3.525000 0.004575
0.262500 3.525000 0.004581
0.337500 3.525000 0.004590
0.412500 3.525000 0.004600
0.487500 3.525000 0.004613
0.562500 3.525000 0.004626
0.637500 3.525000 0.004642
0.712500 3.525000 0.004657
0.787500 3.525000 0.004674
0.862500 3.525000 0.004691
0.937500 3.525000 0.004707
1.012000 3.525000 0.004724
1.087000 3.525000 0.004739
1.163000 3.525000 0.004753
1.238000 3.525000 0.004766
1.313000 3.525000 0.004778
1.388000 3.525000 0.004787
1.463000 3.525000 0.004794
1.538000 3.525000 0.004799
1.613000 3.525000 0.004802
1.688000 3.525000 0.004801
1.763000 3.525000 0.004798
1.838000 3.525000 0.004793
1.913000 3.525000 0.004784
1.988000 3.525000 0.004773
2.063000 3.525000 0.004759
2.138000 3.525000 0.004743
2.213000 3.525000 0.004724
2.288000 3.525000 0.004704
2.363000 3.525000 0.004681
2.438000 3.525000 0.004657
2.513000 3.525000 0.004632
2.588000 3.525000 0.004606
2.663000 3.525000 0.004579
2.738000 3.525000 0.004552
2.813000 3.525000 0.004525
2.888000 3.525000 0.004498
2.963000 3.525000 0.004472
3.038000 3.525000 0.004447
3.113000 3.525000 0.004423
3.188000 3.525000 0.004401
3.263000 3.525000 0.004380
3.338000 3.525000 0.004362
3.413000 3.525000 0.004346
3.488000 3.525000 0.004332
3.563000 3.525000 0.004320
3.638000 3.525000 0.004310
3.713000 3.525000 0.004303
3.788000 3.525000 0.004299
3.863000 3.525000 0.000000
-0.037500 3.675000 0.000000
0.037500 3.675000 0.003084
0.112500 3.675000 0.003085
0.187500 3.675000 0.003088
0.262500 3.675000 0.003092
0.337500 3.675000 0.003097
0.412500 3.675000 0.003104
0.487500 3.675000 0.003112
0.562500 3.675000 0.003120
0.637500 3.675000 0.003130
0.712500 3.675000 0.003140
0.787500 3.675000 0.003150
0.862500 3.675000 0.003160
0.937500 3.675000 0.003171
1.012000 3.675000 0.003181
1.087000 3.675000 0.003190
1.163000 3.675000 0.003199
1.238000 3.675000 0.003207
1.313000 3.675000 0.003214
1.388000 3.675000 0.003220
1.463000 3.675000 0.003224
1.538000 3.675000 0.003227
1.613000 3.675000 0.003228
1.688000 3.675000 0.003227
1.763000 3.675000 0.003225
1.838000 3.675000 0.003221
1.913000 3.675000 0.003215
1.988000 3.675000 0.003208
2.063000 3.675000 0.003199
2.138000 3.675000 0.003188
2.213000 3.675000 0.003176
2.288000 3.675000 0.003162
2.363000 3.675000 0.003148
2.438000 3.675000 0.003132
2.513000 3.675000 0.003115
2.588000 3.675000 0.003098
2.663000 3.675000 0.003081
2.738000 3.675000 0.003063
2.813000 3.675000 0.003045
2.888000 3.675000 0.003028
2.963000 3.675000 0.003011
3.038000 3.675000 0.002995
3.113000 3.675000 0.002979
3.188000 3.675000 0.002965
3.263000 3.675000 0.002952
3.338000 3.675000 0.002940
3.413000 3.675000 0.002929
3.488000 3.675000 0.002920
3.563000 3.675000 0.002912
3.638000 3.675000 0.002905
3.713000 3.675000 0.002900
3.788000 3.675000 0.002897
3.863000 3.675000 0.000000
-0.037500 3.825000 0.000000
0.037500 3.825000 0.002068
0.112500 3.825000 0.002068
0.187500 3.825000 0.002070
0.262500 3.825000 0.002072
0.337500 3.825000 0.002076
0.412500 3.825000 0.002080
0.487500 3.825000 0.002085
0.562500 3.825000 0.002090
0.637500 3.825000 0.002096
0.712500 3.825000 0.002102
0.787500 3.825000 0.002108
0.862500 3.825000 0.002115
0.937500 3.825000 0.002121
1.012000 3.825000 0.002127
1.087000 3.825000 0.002133
1.163000 3.825000 0.002139
1.238000 3.825000 0.002143
1.313000 3.825000 0.002148
1.388000 3.825000 0.002151
1.463000 3.825000 0.002153
1.538000 3.825000 0.002155
1.613000 3.825000 0.002156
1.688000 3.825000 0.002155
1.763000 3.825000 0.002153
1.838000 3.825000 0.002151
1.913000 3.825000 0.002147
1.988000 3.825000 0.002142
2.063000 3.825000 0.002136
2.138000 3.825000 0.002129
2.213000 3.825000 0.002121
2.288000 3.825000 0.002112
2.363000 3.825000 0.002102
2.438000 3.825000 0.002092
2.513000 3.825000 0.002081
2.588000 3.825000 0.002070
2.663000 3.825000 0.002059
2.738000 3.825000 0.002048
2.813000 3.825000 0.002036
2.888000 3.825000 0.002025
2.963000 3.825000 0.002014
3.038000 3.825000 0.002003
3.113000 3.825000 0.001993
3.188000 3.825000 0.001984
3.263000 3.825000 0.001976
3.338000 3.825000 0.001968
3.413000 3.825000 0.001961
3.488000 3.825000 0.001955
3.563000 3.825000 0.001950
3.638000 3.825000 0.001945
3.713000 3.825000 0.001942
3.788000 3.825000 0.001940
3.863000 3.825000 0.000000
-0.037500 3.975000 0.000000
0.037500 3.975000 0.001377
0.112500 3.975000 0.001377
0.187500 3.975000 0.001378
0.262500 3.975000 0.001380
0.337500 3.975000 0.001382
0.412500 3.975000 0.001384
0.487500 3.975000 0.001387
0.562500 3.975000 0.001391
0.637500 3.975000 0.001394
0.712500 3.975000 0.001398
0.787500 3.975000 0.001402
0.862500 3.975000 0.001406
0.937500 3.975000 0.001410
1.012000 3.975000 0.001414
1.087000 3.975000 0.001417
1.163000 3.975000 0.001420
1.238000 3.975000 0.001423
1.313000 3.975000 0.001426
1.388000 3.975000 0.001428
1.463000 3.975000 0.001429
1.538000 3.975000 0.001430
1.613000 3.975000 0.001430
1.688000 3.975000 0.001430
1.763000 3.975000 0.001429
1.838000 3.975000 0.001427
1.913000 3.975000 0.001424
1.988000 3.975000 0.001421
2.063000 3.975000 0.001417
2.138000 3.975000 0.001412
2.213000 3.975000 0.001407
2.288000 3.975000 0.001401
2.363000 3.975000 0.001395
2.438000 3.975000 0.001389
2.513000 3.975000 0.001382
2.588000 3.975000 0.001375
2.663000 3.975000 0.001367
2.738000 3.975000 0.001360
2.813000 3.975000 0.001353
2.888000 3.975000 0.001346
2.963000 3.975000 0.001338
3.038000 3.975000 0.001332
3.113000 3.975000 0.001325
3.188000 3.975000 0.001319
3.263000 3.975000 0.001314
3.338000 3.975000 0.001309
3.413000 3.975000 0.001304
3.488000 3.975000 0.001300
3.563000 3.975000 0.001297
3.638000 3.975000 0.001294
3.713000 3.975000 0.001292
3.788000 3.975000 0.001290
3.863000 3.975000 0.000000
-0.037500 4.125000 0.000000
0.037500 4.125000 0.000912
0.112500 4.125000 0.000912
0.187500 4.125000 0.000912
0.262500 4.125000 0.000913
0.337500 4.125000 0.000915
0.412500 4.125000 0.000916
0.487500 4.125000 0.000918
0.562500 4.125000 0.000920
0.637500 4.125000 0.000922
0.712500 4.125000 0.000924
0.787500 4.125000 0.000927
0.862500 4.125000 0.000929
0.937500 4.125000 0.000932
1.012000 4.125000 0.000934
1.087000 4.125000 0.000936
1.163000 4.125000 0.000938
1.238000 4.125000 0.000940
1.313000 4.125000 0.000941
1.388000 4.125000 0.000943
1.463000 4.125000 0.000943
1.538000 4.125000 0.000944
1.613000 4.125000 0.000944
1.688000 4.125000 0.000943
1.763000 4.125000 0.000943
1.838000 4.125000 0.000941
1.913000 4.125000 0.000939
1.988000 4.125000 0.000937
2.063000 4.125000 0.000935
2.138000 4.125000 0.000932
2.213000 4.125000 0.000928
2.288000 4.125000 0.000925
2.363000 4.125000 0.000921
2.438000 4.125000 0.000917
2.513000 4.125000 0.000912
2.588000 4.125000 0.000908
2.663000 4.125000 0.000903
2.738000 4.125000 0.000898
2.813000 4.125000 0.000894
2.888000 4.125000 0.000889
2.963000 4.125000 0.000884
3.038000 4.125000 0.000880
3.113000 4.125000 0.000876
3.188000 4.125000 0.000872
3.263000 4.125000 0.000869
3.338000 4.125000 0.000865
3.413000 4.125000 0.000862
3.488000 4.125000 0.000860
3.563000 4.125000 0.000858
3.638000 4.125000 0.000856
3.713000 4.125000 0.000854
3.788000 4.125000 0.000853
3.863000 4.125000 0.000000
-0.037500 4.275000 0.000000
0.037500 4.275000 0.000601
0.112500 4.275000 0.000601
0.187500 4.275000 0.000601
0.262500 4.275000 0.000602
0.337500 4.275000 0.000603
0.412500 4.275000 0.000603
0.487500 4.275000 0.000605
0.562500 4.275000 0.000606
0.637500 4.275000 0.000607
0.712500 4.275000 0.000609
0.787500 4.275000 0.000610
0.862500 4.275000 0.000611
0.937500 4.275000 0.000613
1.012000 4.275000 0.000614
1.087000 4.275000 0.000616
1.163000 4.275000 0.000617
1.238000 4.275000 0.000618
1.313000 4.275000 0.000619
1.388000 4.275000 0.000620
1.463000 4.275000 0.000620
1.538000 4.275000 0.000620
1.613000 4.275000 0.000620
1.688000 4.275000 0.000620
1.763000 4.275000 0.000619
1.838000 4.275000 0.000618
1.913000 4.275000 0.000617
1.988000 4.275000 0.000616
2.063000 4.275000 0.000614
2.138000 4.275000 0.000612
2.213000 4.275000 0.000610
2.288000 4.275000 0.000608
2.363000 4.275000 0.000605
2.438000 4.275000 0.000602
2.513000 4.275000 0.000600
2.588000 4.275000 0.000597
2.663000 4.275000 0.000594
2.738000 4.275000 0.000591
2.813000 4.275000 0.000588
2.888000 4.275000 0.000585
2.963000 4.275000 0.000582
3.038000 4.275000 0.000579
3.113000 4.275000 0.000577
3.188000 4.275000 0.000574
3.263000 4.275000 0.000572
3.338000 4.275000 0.000570
3.413000 4.275000 0.000568
3.488000 4.275000 0.000566
3.563000 4.275000 0.000565
3.638000 4.275000 0.000564
3.713000 4.275000 0.000563
3.788000 4.275000 0.000562
3.863000 4.275000 0.000000
-0.037500 4.425000 0.000000
0.037500 4.425000 0.000396
0.112500 4.425000 0.000396
0.187500 4.425000 0.000396
0.262500 4.425000 0.000396
0.337500 4.425000 0.000397
0.412500 4.425000 0.000397
0.487500 4.425000 0.000398
0.562500 4.425000 0.000399
0.637500 4.425000 0.000399
0.712500 4.425000 0.000400
0.787500 4.425000 0.000401
0.862500 4.425000 0.000402
0.937500 4.425000 0.000403
1.012000 4.425000 0.000404
1.087000 4.425000 0.000405
1.163000 4.425000 0.000405
1.238000 4.425000 0.000406
1.313000 4.425000 0.000407
1.388000 4.425000 0.000407
1.463000 4.425000 0.000407
1.538000 4.425000 0.000407
1.613000 4.425000 0.000407
1.688000 4.425000 0.000407
1.763000 4.425000 0.000407
1.838000 4.425000 0.000406
1.913000 4.425000 0.000405
1.988000 4.425000 0.000404
2.063000 4.425000 0.000403
2.138000 4.425000 0.000402
2.213000 4.425000 0.000401
2.288000 4.425000 0.000399
2.363000 4.425000 0.000397
2.438000 4.425000 0.000396
2.513000 4.425000 0.000394
2.588000 4.425000 0.000392
2.663000 4.425000 0.000390
2.738000 4.425000 0.000388
2.813000 4.425000 0.000386
2.888000 4.425000 0.000384
2.963000 4.425000 0.000383
3.038000 4.425000 0.000381
3.113000 4.425000 0.000379
3.188000 4.425000 0.000378
3.263000 4.425000 0.000376
3.338000 4.425000 0.000375
3.413000 4.425000 0.000374
3.488000 4.425000 0.000373
3.563000 4.425000 0.000372
3.638000 4.425000 0.000371
3.713000 4.425000 0.000370
3.788000 4.425000 0.000370
3.863000 4.425000 0.000000
-0.037500 4.575000 0.000000
0.037500 4.575000 0.000262
0.112500 4.575000 0.000262
0.187500 4.575000 0.000263
0.262500 4.575000 0.000263
0.337500 4.575000 0.000263
0.412500 4.575000 0.000263
0.487500 4.575000 0.000264
0.562500 4.575000 0.000264
0.637500 4.575000 0.000265
0.712500 4.575000 0.000265
0.787500 4.575000 0.000266
0.862500 4.575000 0.000266
0.937500 4.575000 0.000267
1.012000 4.575000 0.000267
1.087000 4.575000 0.000268
1.163000 4.575000 0.000268
1.238000 4.575000 0.000269
1.313000 4.575000 0.000269
1.388000 4.575000 0.000269
1.463000 4.575000 0.000269
1.538000 4.575000 0.000269
1.613000 4.575000 0.000269
1.688000 4.575000 0.000269
1.763000 4.575000 0.000269
1.838000 4.575000 0.000269
1.913000 4.575000 0.000268
1.988000 4.575000 0.000267
2.063000 4.575000 0.000267
2.138000 4.575000 0.000266
2.213000 4.575000 0.000265
2.288000 4.575000 0.000264
2.363000 4.575000 0.000263
2.438000 4.575000 0.000262
2.513000 4.575000 0.000261
2.588000 4.575000 0.000260
2.663000 4.575000 0.000258
2.738000 4.575000 0.000257
2.813000 4.575000 0.000256
2.888000 4.575000 0.000255
2.963000 4.575000 0.000254
3.038000 4.575000 0.000253
3.113000 4.575000 0.000251
3.188000 4.575000 0.000250
3.263000 4.575000 0.000250
3.338000 4.575000 0.000249
3.413000 4.575000 0.000248
3.488000 4.575000 0.000247
3.563000 4.575000 0.000247
3.638000 4.575000 0.000246
3.713000 4.575000 0.000246
3.788000 4.575000 0.000245
3.863000 4.575000 0.000000
-0.037500 4.725000 0.000000
0.037500 4.725000 0.000179
0.112500 4.725000 0.000179
0.187500 4.725000 0.000179
0.262500 4.725000 0.000179
0.337500 4.725000 0.000179
0.412500 4.725000 0.000179
0.487500 4.725000 0.000180
0.562500 4.725000 0.000180
0.637500 4.725000 0.000180
0.712500 4.725000 0.000181
0.787500 4.725000 0.000181
0.862500 4.725000 0.000181
0.937500 4.725000 0.000182
1.012000 4.725000 0.000182
1.087000 4.725000 0.000182
1.163000 4.725000 0.000182
1.238000 4.725000 0.000183
1.313000 4.725000 0.000183
1.388000 4.725000 0.000183
1.463000 4.725000 0.000183
1.538000 4.725000 0.000183
1.613000 4.725000 0.000183
1.688000 4.725000 0.000183
1.763000 4.725000 0.000183
1.838000 4.725000 0.000182
1.913000 4.725000 0.000182
1.988000 4.725000 0.000182
2.063000 4.725000 0.000181
2.138000 4.725000 0.000181
2.213000 4.725000 0.000180
2.288000 4.725000 0.000179
2.363000 4.725000 0.000179
2.438000 4.725000 0.000178
2.513000 4.725000 0.000177
2.588000 4.725000 0.000177
2.663000 4.725000 0.000176
2.738000 4.725000 0.000175
2.813000 4.725000 0.000174
2.888000 4.725000 0.000173
2.963000 4.725000 0.000173
3.038000 4.725000 0.000172
3.113000 4.725000 0.000171
3.188000 4.725000 0.000170
3.263000 4.725000 0.000170
3.338000 4.725000 0.000169
3.413000 4.725000 0.000169
3.488000 4.725000 0.000168
3.563000 4.725000 0.000168
3.638000 4.725000 0.000168
3.713000 4.725000 0.000167
3.788000 4.725000 0.000167
3.863000 4.725000 0.000000
-0.037500 4.875000 0.000000
0.037500 4.875000 0.000130
0.112500 4.875000 0.000130
0.187500 4.875000 0.000130
0.262500 4.875000 0.000130
0.337500 4.875000 0.000130
0.412500 4.875000 0.000130
0.487500 4.875000 0.000131
0.562500 4.875000 0.000131
0.637500 4.875000 0.000131
0.712500 4.875000 0.000131
0.787500 4.875000 0.000131
0.862500 4.875000 0.000132
0.937500 4.875000 0.000132
1.012000 4.875000 0.000132
1.087000 4.875000 0.000132
1.163000 4.875000 0.000132
1.238000 4.875000 0.000133
1.313000 4.875000 0.000133
1.388000 4.875000 0.000133
1.463000 4.875000 0.000133
1.538000 4.875000 0.000133
1.613000 4.875000 0.000133
1.688000 4.875000 0.000133
1.763000 4.875000 0.000133
1.838000 4.875000 0.000132
1.913000 4.875000 0.000132
1.988000 4.875000 0.000132
2.063000 4.875000 0.000131
2.138000 4.875000 0.000131
2.213000 4.875000 0.000131
2.288000 4.875000 0.000130
2.363000 4.875000 0.000130
2.438000 4.875000 0.000129
2.513000 4.875000 0.000129
2.588000 4.875000 0.000128
2.663000 4.875000 0.000127
2.738000 4.875000 0.000127
2.813000 4.875000 0.000126
2.888000 4.875000 0.000126
2.963000 4.875000 0.000125
3.038000 4.875000 0.000125
3.113000 4.875000 0.000124
3.188000 4.875000 0.000124
3.263000 4.875000 0.000123
3.338000 4.875000 0.000123
3.413000 4.875000 0.000123
3.488000 4.875000 0.000122
3.563000 4.875000 0.000122
3.638000 4.875000 0.000122
3.713000 4.875000 0.000122
3.788000 4.875000 0.000122
3.863000 4.875000 0.000000
-0.037500 5.025000 0.000000
0.037500 5.025000 0.000108
0.112500 5.025000 0.000108
0.187500 5.025000 0.000108
0.262500 5.025000 0.000108
0.337500 5.025000 0.000108
0.412500 5.025000 0.000108
0.487500 5.025000 0.000108
0.562500 5.025000 0.000108
0.637500 5.025000 0.000108
0.712500 5.025000 0.000109
0.787500 5.025000 0.000109
0.862500 5.025000 0.000109
0.937500 5.025000 0.000109
1.012000 5.025000 0.000109
1.087000 5.025000 0.000109
1.163000 5.025000 0.000109
1.238000 5.025000 0.000110
1.313000 5.025000 0.000110
1.388000 5.025000 0.000110
1.463000 5.025000 0.000110
1.538000 5.025000 0.000110
1.613000 5.025000 0.000110
1.688000 5.025000 0.000110
1.763000 5.025000 0.000109
1.838000 5.025000 0.000109
1.913000 5.025000 0.000109
1.988000 5.025000 0.000109
2.063000 5.025000 0.000109
2.138000 5.025000 0.000108
2.213000 5.025000 0.000108
2.288000 5.025000 0.000108
2.363000 5.025000 0.000107
2.438000 5.025000 0.000107
2.513000 5.025000 0.000106
2.588000 5.025000 0.000106
2.663000 5.025000 0.000106
2.738000 5.025000 0.000105
2.813000 5.025000 0.000105
2.888000 5.025000 0.000104
2.963000 5.025000 0.000104
3.038000 5.025000 0.000103
3.113000 5.025000 0.000103
3.188000 5.025000 0.000103
3.263000 5.025000 0.000102
3.338000 5.025000 0.000102
3.413000 5.025000 0.000102
3.488000 5.025000 0.000101
3.563000 5.025000 0.000101
3.638000 5.025000 0.000101
3.713000 5.025000 0.000101
3.788000 5.025000 0.000101
3.863000 5.025000 0.000000
-0.037500 5.175000 0.000000
0.037500 5.175000 0.000000
0.112500 5.175000 0.000000
0.187500 5.175000 0.000000
0.262500 5.175000 0.000000
0.337500 5.175000 0.000000
0.412500 5.175000 0.000000
0.487500 5.175000 0.000000
0.562500 5.175000 0.000000
0.637500 5.175000 0.000000
0.712500 5.175000 0.000000
0.787500 5.175000 0.000000
0.862500 5.175000 0.000000
0.937500 5.175000 0.000000
1.012000 5.175000 0.000000
1.087000 5.175000 0.000000
1.163000 5.175000 0.000000
1.238000 5.175000 0.000000
1.313000 5.175000 0.000000
1.388000 5.175000 0.000000
1.463000 5.175000 0.000000
1.538000 5.175000 0.000000
1.613000 5.175000 0.000000
1.688000 5.175000 0.000000
1.763000 5.175000 0.000000
1.838000 5.175000 0.000000
1.913000 5.175000 0.000000
1.988000 5.175000 0.000000
2.063000 5.175000 0.000000
2.138000 5.175000 0.000000
2.213000 5.175000 0.000000
2.288000 5.175000 0.000000
2.363000 5.175000 0.000000
2.438000 5.175000 0.000000
2.513000 5.175000 0.000000
2.588000 5.175000 0.000000
2.663000 5.175000 0.000000
2.738000 5.175000 0.000000
2.813000 5.175000 0.000000
2.888000 5.175000 0.000000
2.963000 5.175000 0.000000
3.038000 5.175000 0.000000
3.113000 5.175000 0.000000
3.188000 5.175000 0.000000
3.263000 5.175000 0.000000
3.338000 5.175000 0.000000
3.413000 5.175000 0.000000
3.488000 5.175000 0.000000
3.563000 5.175000 0.000000
3.638000 5.175000 0.000000
3.713000 5.175000 0.000000
3.788000 5.175000 0.000000
3.863000 5.175000 0.000000
