-0.037500 -0.075000 0.000000
0.037500 -0.075000 0.000000
0.112500 -0.075000 0.000000
0.187500 -0.075000 0.000000
0.262500 -0.075000 0.000000
0.337500 -0.075000 0.000000
0.412500 -0.075000 0.000000
0.487500 -0.075000 0.000000
0.562500 -0.075000 0.000000
0.637500 -0.075000 0.000000
0.712500 -0.075000 0.000000
0.787500 -0.075000 0.000000
0.862500 -0.075000 0.000000
0.937500 -0.075000 0.000000
1.012000 -0.075000 0.000000
1.087000 -0.075000 0.000000
1.163000 -0.075000 0.000000
1.238000 -0.075000 0.000000
1.313000 -0.075000 0.000000
1.388000 -0.075000 0.000000
1.463000 -0.075000 0.000000
1.538000 -0.075000 0.000000
1.613000 -0.075000 0.000000
1.688000 -0.075000 0.000000
1.763000 -0.075000 0.000000
1.838000 -0.075000 0.000000
1.913000 -0.075000 0.000000
1.988000 -0.075000 0.000000
2.063000 -0.075000 0.000000
2.138000 -0.075000 0.000000
2.213000 -0.075000 0.000000
2.288000 -0.075000 0.000000
2.363000 -0.075000 0.000000
2.438000 -0.075000 0.000000
2.513000 -0.075000 0.000000
2.588000 -0.075000 0.000000
2.663000 -0.075000 0.000000
2.738000 -0.075000 0.000000
2.813000 -0.075000 0.000000
2.888000 -0.075000 0.000000
2.963000 -0.075000 0.000000
3.038000 -0.075000 0.000000
3.113000 -0.075000 0.000000
3.188000 -0.075000 0.000000
3.263000 -0.075000 0.000000
3.338000 -0.075000 0.000000
3.413000 -0.075000 0.000000
3.488000 -0.075000 0.000000
3.563000 -0.075000 0.000000
3.638000 -0.075000 0.000000
3.713000 -0.075000 0.000000
3.788000 -0.075000 0.000000
3.863000 -0.075000 0.000000
-0.037500 0.075000 0.000000
0.037500 0.075000 0.005940
0.112500 0.075000 0.011880
0.187500 0.075000 0.017830
0.262500 0.075000 0.023770
0.337500 0.075000 0.029710
0.412500 0.075000 0.035640
0.487500 0.075000 0.041570
0.562500 0.075000 0.047480
0.637500 0.075000 0.053370
0.712500 0.075000 0.059240
0.787500 0.075000 0.065060
0.862500 0.075000 0.070830
0.937500 0.075000 0.076520
1.012000 0.075000 0.082110
1.087000 0.075000 0.087560
1.163000 0.075000 0.092850
1.238000 0.075000 0.097930
1.313000 0.075000 0.102800
1.388000 0.075000 0.107300
1.463000 0.075000 0.111400
1.538000 0.075000 0.115100
1.613000 0.075000 0.118200
1.688000 0.075000 0.120800
1.763000 0.075000 0.122800
1.838000 0.075000 0.124200
1.913000 0.075000 0.124800
1.988000 0.075000 0.124700
2.063000 0.075000 0.124000
2.138000 0.075000 0.122700
2.213000 0.075000 0.120800
2.288000 0.075000 0.118500
2.363000 0.075000 0.115700
2.438000 0.075000 0.112700
2.513000 0.075000 0.109400
2.588000 0.075000 0.106000
2.663000 0.075000 0.102500
2.738000 0.075000 0.099010
2.813000 0.075000 0.095490
2.888000 0.075000 0.092010
2.963000 0.075000 0.088610
3.038000 0.075000 0.085290
3.113000 0.075000 0.082080
3.188000 0.075000 0.078980
3.263000 0.075000 0.076010
3.338000 0.075000 0.073150
3.413000 0.075000 0.070410
3.488000 0.075000 0.067800
3.563000 0.075000 0.065300
3.638000 0.075000 0.062920
3.713000 0.075000 0.060650
3.788000 0.075000 0.058480
3.863000 0.075000 0.000000
-0.037500 0.225000 0.000000
0.037500 0.225000 0.005940
0.112500 0.225000 0.011880
0.187500 0.225000 0.017830
0.262500 0.225000 0.023770
0.337500 0.225000 0.029710
0.412500 0.225000 0.035640
0.487500 0.225000 0.041570
0.562500 0.225000 0.047480
0.637500 0.225000 0.053370
0.712500 0.225000 0.059240
0.787500 0.225000 0.065060
0.862500 0.225000 0.070830
0.937500 0.225000 0.076520
1.012000 0.225000 0.082110
1.087000 0.225000 0.087560
1.163000 0.225000 0.092850
1.238000 0.225000 0.097930
1.313000 0.225000 0.102800
1.388000 0.225000 0.107300
1.463000 0.225000 0.111400
1.538000 0.225000 0.115100
1.613000 0.225000 0.118200
1.688000 0.225000 0.120800
1.763000 0.225000 0.122800
1.838000 0.225000 0.124200
1.913000 0.225000 0.124800
1.988000 0.225000 0.124700
2.063000 0.225000 0.124000
2.138000 0.225000 0.122700
2.213000 0.225000 0.120800
2.288000 0.225000 0.118500
2.363000 0.225000 0.115700
2.438000 0.225000 0.112700
2.513000 0.225000 0.109400
2.588000 0.225000 0.106000
2.663000 0.225000 0.102500
2.738000 0.225000 0.099010
2.813000 0.225000 0.095490
2.888000 0.225000 0.092010
2.963000 0.225000 0.088610
3.038000 0.225000 0.085290
3.113000 0.225000 0.082080
3.188000 0.225000 0.078980
3.263000 0.225000 0.076010
3.338000 0.225000 0.073150
3.413000 0.225000 0.070410
3.488000 0.225000 0.067800
3.563000 0.225000 0.065300
3.638000 0.225000 0.062920
3.713000 0.225000 0.060650
3.788000 0.225000 0.058480
3.863000 0.225000 0.000000
-0.037500 0.375000 0.000000
0.037500 0.375000 0.012720
0.112500 0.375000 0.014090
0.187500 0.375000 0.016200
0.262500 0.375000 0.018760
0.337500 0.375000 0.021610
0.412500 0.375000 0.024630
0.487500 0.375000 0.027780
0.562500 0.375000 0.031000
0.637500 0.375000 0.034270
0.712500 0.375000 0.037560
0.787500 0.375000 0.040850
0.862500 0.375000 0.044120
0.937500 0.375000 0.047350
1.012000 0.375000 0.050530
1.087000 0.375000 0.053620
1.163000 0.375000 0.056620
1.238000 0.375000 0.059480
1.313000 0.375000 0.062190
1.388000 0.375000 0.064700
1.463000 0.375000 0.066990
1.538000 0.375000 0.069020
1.613000 0.375000 0.070750
1.688000 0.375000 0.072170
1.763000 0.375000 0.073240
1.838000 0.375000 0.073940
1.913000 0.375000 0.074280
1.988000 0.375000 0.074240
2.063000 0.375000 0.073850
2.138000 0.375000 0.073120
2.213000 0.375000 0.072100
2.288000 0.375000 0.070800
2.363000 0.375000 0.069290
2.438000 0.375000 0.067600
2.513000 0.375000 0.065770
2.588000 0.375000 0.063840
2.663000 0.375000 0.061850
2.738000 0.375000 0.059830
2.813000 0.375000 0.057800
2.888000 0.375000 0.055780
2.963000 0.375000 0.053800
3.038000 0.375000 0.051870
3.113000 0.375000 0.049990
3.188000 0.375000 0.048180
3.263000 0.375000 0.046440
3.338000 0.375000 0.044780
3.413000 0.375000 0.043210
3.488000 0.375000 0.041740
3.563000 0.375000 0.040390
3.638000 0.375000 0.039200
3.713000 0.375000 0.038230
3.788000 0.375000 0.037620
3.863000 0.375000 0.000000
-0.037500 0.525000 0.000000
0.037500 0.525000 0.011290
0.112500 0.525000 0.011710
0.187500 0.525000 0.012480
0.262500 0.525000 0.013510
0.337500 0.525000 0.014740
0.412500 0.525000 0.016110
0.487500 0.525000 0.017580
0.562500 0.525000 0.019130
0.637500 0.525000 0.020730
0.712500 0.525000 0.022350
0.787500 0.525000 0.024000
0.862500 0.525000 0.025640
0.937500 0.525000 0.027280
1.012000 0.525000 0.028880
1.087000 0.525000 0.030450
1.163000 0.525000 0.031960
1.238000 0.525000 0.033400
1.313000 0.525000 0.034750
1.388000 0.525000 0.036000
1.463000 0.525000 0.037130
1.538000 0.525000 0.038130
1.613000 0.525000 0.038980
1.688000 0.525000 0.039660
1.763000 0.525000 0.040180
1.838000 0.525000 0.040520
1.913000 0.525000 0.040670
1.988000 0.525000 0.040640
2.063000 0.525000 0.040440
2.138000 0.525000 0.040080
2.213000 0.525000 0.039570
2.288000 0.525000 0.038930
2.363000 0.525000 0.038170
2.438000 0.525000 0.037320
2.513000 0.525000 0.036390
2.588000 0.525000 0.035410
2.663000 0.525000 0.034390
2.738000 0.525000 0.033350
2.813000 0.525000 0.032300
2.888000 0.525000 0.031250
2.963000 0.525000 0.030220
3.038000 0.525000 0.029210
3.113000 0.525000 0.028230
3.188000 0.525000 0.027290
3.263000 0.525000 0.026390
3.338000 0.525000 0.025540
3.413000 0.525000 0.024750
3.488000 0.525000 0.024040
3.563000 0.525000 0.023400
3.638000 0.525000 0.022870
3.713000 0.525000 0.022470
3.788000 0.525000 0.022240
3.863000 0.525000 0.000000
-0.037500 0.675000 0.000000
0.037500 0.675000 0.009683
0.112500 0.675000 0.009837
0.187500 0.675000 0.010140
0.262500 0.675000 0.010560
0.337500 0.675000 0.011100
0.412500 0.675000 0.011730
0.487500 0.675000 0.012430
0.562500 0.675000 0.013180
0.637500 0.675000 0.013980
0.712500 0.675000 0.014810
0.787500 0.675000 0.015650
0.862500 0.675000 0.016510
0.937500 0.675000 0.017360
1.012000 0.675000 0.018200
1.087000 0.675000 0.019020
1.163000 0.675000 0.019810
1.238000 0.675000 0.020560
1.313000 0.675000 0.021260
1.388000 0.675000 0.021900
1.463000 0.675000 0.022480
1.538000 0.675000 0.022990
1.613000 0.675000 0.023420
1.688000 0.675000 0.023760
1.763000 0.675000 0.024020
1.838000 0.675000 0.024180
1.913000 0.675000 0.024260
1.988000 0.675000 0.024240
2.063000 0.675000 0.024130
2.138000 0.675000 0.023940
2.213000 0.675000 0.023670
2.288000 0.675000 0.023330
2.363000 0.675000 0.022940
2.438000 0.675000 0.022490
2.513000 0.675000 0.022000
2.588000 0.675000 0.021470
2.663000 0.675000 0.020920
2.738000 0.675000 0.020360
2.813000 0.675000 0.019790
2.888000 0.675000 0.019210
2.963000 0.675000 0.018650
3.038000 0.675000 0.018100
3.113000 0.675000 0.017560
3.188000 0.675000 0.017050
3.263000 0.675000 0.016570
3.338000 0.675000 0.016120
3.413000 0.675000 0.015720
3.488000 0.675000 0.015370
3.563000 0.675000 0.015060
3.638000 0.675000 0.014830
3.713000 0.675000 0.014660
3.788000 0.675000 0.014570
3.863000 0.675000 0.000000
-0.037500 0.825000 0.000000
0.037500 0.825000 0.008406
0.112500 0.825000 0.008498
0.187500 0.825000 0.008681
0.262500 0.825000 0.008947
0.337500 0.825000 0.009288
0.412500 0.825000 0.009693
0.487500 0.825000 0.010150
0.562500 0.825000 0.010650
0.637500 0.825000 0.011190
0.712500 0.825000 0.011750
0.787500 0.825000 0.012330
0.862500 0.825000 0.012910
0.937500 0.825000 0.013500
1.012000 0.825000 0.014080
1.087000 0.825000 0.014640
1.163000 0.825000 0.015180
1.238000 0.825000 0.015700
1.313000 0.825000 0.016180
1.388000 0.825000 0.016630
1.463000 0.825000 0.017020
1.538000 0.825000 0.017370
1.613000 0.825000 0.017660
1.688000 0.825000 0.017890
1.763000 0.825000 0.018070
1.838000 0.825000 0.018170
1.913000 0.825000 0.018220
1.988000 0.825000 0.018210
2.063000 0.825000 0.018130
2.138000 0.825000 0.018000
2.213000 0.825000 0.017810
2.288000 0.825000 0.017580
2.363000 0.825000 0.017300
2.438000 0.825000 0.016990
2.513000 0.825000 0.016640
2.588000 0.825000 0.016280
2.663000 0.825000 0.015890
2.738000 0.825000 0.015490
2.813000 0.825000 0.015090
2.888000 0.825000 0.014680
2.963000 0.825000 0.014280
3.038000 0.825000 0.013890
3.113000 0.825000 0.013510
3.188000 0.825000 0.013160
3.263000 0.825000 0.012820
3.338000 0.825000 0.012520
3.413000 0.825000 0.012240
3.488000 0.825000 0.012010
3.563000 0.825000 0.011810
3.638000 0.825000 0.011660
3.713000 0.825000 0.011560
3.788000 0.825000 0.011510
3.863000 0.825000 0.000000
-0.037500 0.975000 0.000000
0.037500 0.975000 0.007122
0.112500 0.975000 0.007183
0.187500 0.975000 0.007303
0.262500 0.975000 0.007480
0.337500 0.975000 0.007708
0.412500 0.975000 0.007981
0.487500 0.975000 0.008293
0.562500 0.975000 0.008638
0.637500 0.975000 0.009008
0.712500 0.975000 0.009398
0.787500 0.975000 0.009801
0.862500 0.975000 0.010210
0.937500 0.975000 0.010620
1.012000 0.975000 0.011030
1.087000 0.975000 0.011430
1.163000 0.975000 0.011810
1.238000 0.975000 0.012180
1.313000 0.975000 0.012520
1.388000 0.975000 0.012830
1.463000 0.975000 0.013110
1.538000 0.975000 0.013350
1.613000 0.975000 0.013550
1.688000 0.975000 0.013720
1.763000 0.975000 0.013840
1.838000 0.975000 0.013910
1.913000 0.975000 0.013940
1.988000 0.975000 0.013930
2.063000 0.975000 0.013870
2.138000 0.975000 0.013780
2.213000 0.975000 0.013650
2.288000 0.975000 0.013480
2.363000 0.975000 0.013280
2.438000 0.975000 0.013060
2.513000 0.975000 0.012810
2.588000 0.975000 0.012550
2.663000 0.975000 0.012270
2.738000 0.975000 0.011980
2.813000 0.975000 0.011690
2.888000 0.975000 0.011400
2.963000 0.975000 0.011110
3.038000 0.975000 0.010830
3.113000 0.975000 0.010560
3.188000 0.975000 0.010300
3.263000 0.975000 0.010070
3.338000 0.975000 0.009852
3.413000 0.975000 0.009664
3.488000 0.975000 0.009503
3.563000 0.975000 0.009374
3.638000 0.975000 0.009277
3.713000 0.975000 0.009213
3.788000 0.975000 0.009180
3.863000 0.975000 0.000000
-0.037500 1.125000 0.000000
0.037500 1.125000 0.006021
0.112500 1.125000 0.006066
0.187500 1.125000 0.006154
0.262500 1.125000 0.006282
0.337500 1.125000 0.006448
0.412500 1.125000 0.006647
0.487500 1.125000 0.006875
0.562500 1.125000 0.007128
0.637500 1.125000 0.007401
0.712500 1.125000 0.007690
0.787500 1.125000 0.007990
0.862500 1.125000 0.008295
0.937500 1.125000 0.008603
1.012000 1.125000 0.008908
1.087000 1.125000 0.009206
1.163000 1.125000 0.009493
1.238000 1.125000 0.009765
1.313000 1.125000 0.010020
1.388000 1.125000 0.010250
1.463000 1.125000 0.010460
1.538000 1.125000 0.010640
1.613000 1.125000 0.010790
1.688000 1.125000 0.010910
1.763000 1.125000 0.011000
1.838000 1.125000 0.011060
1.913000 1.125000 0.011080
1.988000 1.125000 0.011070
2.063000 1.125000 0.011030
2.138000 1.125000 0.010950
2.213000 1.125000 0.010850
2.288000 1.125000 0.010730
2.363000 1.125000 0.010580
2.438000 1.125000 0.010410
2.513000 1.125000 0.010220
2.588000 1.125000 0.010020
2.663000 1.125000 0.009811
2.738000 1.125000 0.009593
2.813000 1.125000 0.009372
2.888000 1.125000 0.009150
2.963000 1.125000 0.008930
3.038000 1.125000 0.008717
3.113000 1.125000 0.008513
3.188000 1.125000 0.008320
3.263000 1.125000 0.008143
3.338000 1.125000 0.007984
3.413000 1.125000 0.007845
3.488000 1.125000 0.007729
3.563000 1.125000 0.007636
3.638000 1.125000 0.007568
3.713000 1.125000 0.007524
3.788000 1.125000 0.007502
3.863000 1.125000 0.000000
-0.037500 1.275000 0.000000
0.037500 1.275000 0.004278
0.112500 1.275000 0.004309
0.187500 1.275000 0.004367
0.262500 1.275000 0.004451
0.337500 1.275000 0.004559
0.412500 1.275000 0.004689
0.487500 1.275000 0.004839
0.562500 1.275000 0.005005
0.637500 1.275000 0.005184
0.712500 1.275000 0.005375
0.787500 1.275000 0.005572
0.862500 1.275000 0.005774
0.937500 1.275000 0.005977
1.012000 1.275000 0.006178
1.087000 1.275000 0.006375
1.163000 1.275000 0.006565
1.238000 1.275000 0.006746
1.313000 1.275000 0.006914
1.388000 1.275000 0.007068
1.463000 1.275000 0.007205
1.538000 1.275000 0.007325
1.613000 1.275000 0.007425
1.688000 1.275000 0.007505
1.763000 1.275000 0.007563
1.838000 1.275000 0.007599
1.913000 1.275000 0.007614
1.988000 1.275000 0.007607
2.063000 1.275000 0.007579
2.138000 1.275000 0.007531
2.213000 1.275000 0.007465
2.288000 1.275000 0.007381
2.363000 1.275000 0.007281
2.438000 1.275000 0.007169
2.513000 1.275000 0.007044
2.588000 1.275000 0.006911
2.663000 1.275000 0.006770
2.738000 1.275000 0.006625
2.813000 1.275000 0.006477
2.888000 1.275000 0.006329
2.963000 1.275000 0.006183
3.038000 1.275000 0.006041
3.113000 1.275000 0.005905
3.188000 1.275000 0.005778
3.263000 1.275000 0.005661
3.338000 1.275000 0.005557
3.413000 1.275000 0.005467
3.488000 1.275000 0.005392
3.563000 1.275000 0.005334
3.638000 1.275000 0.005293
3.713000 1.275000 0.005267
3.788000 1.275000 0.005254
3.863000 1.275000 0.000000
-0.037500 1.425000 0.000000
0.037500 1.425000 0.002645
0.112500 1.425000 0.002662
0.187500 1.425000 0.002694
0.262500 1.425000 0.002741
0.337500 1.425000 0.002802
0.412500 1.425000 0.002874
0.487500 1.425000 0.002958
0.562500 1.425000 0.003051
0.637500 1.425000 0.003152
0.712500 1.425000 0.003259
0.787500 1.425000 0.003371
0.862500 1.425000 0.003485
0.937500 1.425000 0.003600
1.012000 1.425000 0.003714
1.087000 1.425000 0.003825
1.163000 1.425000 0.003933
1.238000 1.425000 0.004035
1.313000 1.425000 0.004130
1.388000 1.425000 0.004218
1.463000 1.425000 0.004295
1.538000 1.425000 0.004363
1.613000 1.425000 0.004420
1.688000 1.425000 0.004465
1.763000 1.425000 0.004498
1.838000 1.425000 0.004518
1.913000 1.425000 0.004526
1.988000 1.425000 0.004522
2.063000 1.425000 0.004506
2.138000 1.425000 0.004479
2.213000 1.425000 0.004441
2.288000 1.425000 0.004393
2.363000 1.425000 0.004336
2.438000 1.425000 0.004271
2.513000 1.425000 0.004200
2.588000 1.425000 0.004124
2.663000 1.425000 0.004044
2.738000 1.425000 0.003960
2.813000 1.425000 0.003876
2.888000 1.425000 0.003791
2.963000 1.425000 0.003708
3.038000 1.425000 0.003627
3.113000 1.425000 0.003550
3.188000 1.425000 0.003477
3.263000 1.425000 0.003411
3.338000 1.425000 0.003353
3.413000 1.425000 0.003302
3.488000 1.425000 0.003261
3.563000 1.425000 0.003228
3.638000 1.425000 0.003205
3.713000 1.425000 0.003190
3.788000 1.425000 0.003182
3.863000 1.425000 0.000000
-0.037500 1.575000 0.000000
0.037500 1.575000 0.001618
0.112500 1.575000 0.001627
0.187500 1.575000 0.001645
0.262500 1.575000 0.001671
0.337500 1.575000 0.001704
0.412500 1.575000 0.001745
0.487500 1.575000 0.001792
0.562500 1.575000 0.001844
0.637500 1.575000 0.001901
0.712500 1.575000 0.001961
0.787500 1.575000 0.002023
0.862500 1.575000 0.002088
0.937500 1.575000 0.002152
1.012000 1.575000 0.002217
1.087000 1.575000 0.002280
1.163000 1.575000 0.002340
1.238000 1.575000 0.002398
1.313000 1.575000 0.002452
1.388000 1.575000 0.002501
1.463000 1.575000 0.002545
1.538000 1.575000 0.002583
1.613000 1.575000 0.002615
1.688000 1.575000 0.002641
1.763000 1.575000 0.002659
1.838000 1.575000 0.002671
1.913000 1.575000 0.002675
1.988000 1.575000 0.002672
2.063000 1.575000 0.002663
2.138000 1.575000 0.002648
2.213000 1.575000 0.002626
2.288000 1.575000 0.002599
2.363000 1.575000 0.002566
2.438000 1.575000 0.002529
2.513000 1.575000 0.002489
2.588000 1.575000 0.002446
2.663000 1.575000 0.002400
2.738000 1.575000 0.002352
2.813000 1.575000 0.002304
2.888000 1.575000 0.002256
2.963000 1.575000 0.002209
3.038000 1.575000 0.002163
3.113000 1.575000 0.002119
3.188000 1.575000 0.002079
3.263000 1.575000 0.002041
3.338000 1.575000 0.002008
3.413000 1.575000 0.001980
3.488000 1.575000 0.001957
3.563000 1.575000 0.001938
3.638000 1.575000 0.001925
3.713000 1.575000 0.001916
3.788000 1.575000 0.001910
3.863000 1.575000 0.000000
-0.037500 1.725000 0.000000
0.037500 1.725000 0.000973
0.112500 1.725000 0.000977
0.187500 1.725000 0.000987
0.262500 1.725000 0.001001
0.337500 1.725000 0.001020
0.412500 1.725000 0.001042
0.487500 1.725000 0.001068
0.562500 1.725000 0.001097
0.637500 1.725000 0.001129
0.712500 1.725000 0.001162
0.787500 1.725000 0.001197
0.862500 1.725000 0.001233
0.937500 1.725000 0.001269
1.012000 1.725000 0.001305
1.087000 1.725000 0.001340
1.163000 1.725000 0.001374
1.238000 1.725000 0.001407
1.313000 1.725000 0.001437
1.388000 1.725000 0.001464
1.463000 1.725000 0.001489
1.538000 1.725000 0.001510
1.613000 1.725000 0.001528
1.688000 1.725000 0.001542
1.763000 1.725000 0.001552
1.838000 1.725000 0.001559
1.913000 1.725000 0.001561
1.988000 1.725000 0.001560
2.063000 1.725000 0.001555
2.138000 1.725000 0.001546
2.213000 1.725000 0.001533
2.288000 1.725000 0.001518
2.363000 1.725000 0.001500
2.438000 1.725000 0.001479
2.513000 1.725000 0.001456
2.588000 1.725000 0.001432
2.663000 1.725000 0.001406
2.738000 1.725000 0.001379
2.813000 1.725000 0.001352
2.888000 1.725000 0.001325
2.963000 1.725000 0.001299
3.038000 1.725000 0.001273
3.113000 1.725000 0.001249
3.188000 1.725000 0.001226
3.263000 1.725000 0.001205
3.338000 1.725000 0.001187
3.413000 1.725000 0.001171
3.488000 1.725000 0.001158
3.563000 1.725000 0.001148
3.638000 1.725000 0.001140
3.713000 1.725000 0.001134
3.788000 1.725000 0.001131
3.863000 1.725000 0.000000
-0.037500 1.875000 0.000000
0.037500 1.875000 0.000570
0.112500 1.875000 0.000572
0.187500 1.875000 0.000578
0.262500 1.875000 0.000585
0.337500 1.875000 0.000595
0.412500 1.875000 0.000608
0.487500 1.875000 0.000622
0.562500 1.875000 0.000638
0.637500 1.875000 0.000655
0.712500 1.875000 0.000673
0.787500 1.875000 0.000692
0.862500 1.875000 0.000712
0.937500 1.875000 0.000732
1.012000 1.875000 0.000752
1.087000 1.875000 0.000771
1.163000 1.875000 0.000790
1.238000 1.875000 0.000807
1.313000 1.875000 0.000824
1.388000 1.875000 0.000839
1.463000 1.875000 0.000853
1.538000 1.875000 0.000864
1.613000 1.875000 0.000874
1.688000 1.875000 0.000882
1.763000 1.875000 0.000888
1.838000 1.875000 0.000891
1.913000 1.875000 0.000892
1.988000 1.875000 0.000892
2.063000 1.875000 0.000889
2.138000 1.875000 0.000884
2.213000 1.875000 0.000877
2.288000 1.875000 0.000868
2.363000 1.875000 0.000859
2.438000 1.875000 0.000847
2.513000 1.875000 0.000835
2.588000 1.875000 0.000821
2.663000 1.875000 0.000807
2.738000 1.875000 0.000792
2.813000 1.875000 0.000777
2.888000 1.875000 0.000762
2.963000 1.875000 0.000748
3.038000 1.875000 0.000733
3.113000 1.875000 0.000720
3.188000 1.875000 0.000708
3.263000 1.875000 0.000696
3.338000 1.875000 0.000686
3.413000 1.875000 0.000678
3.488000 1.875000 0.000671
3.563000 1.875000 0.000665
3.638000 1.875000 0.000661
3.713000 1.875000 0.000658
3.788000 1.875000 0.000655
3.863000 1.875000 0.000000
-0.037500 2.025000 0.000000
0.037500 2.025000 0.000320
0.112500 2.025000 0.000321
0.187500 2.025000 0.000324
0.262500 2.025000 0.000328
0.337500 2.025000 0.000333
0.412500 2.025000 0.000340
0.487500 2.025000 0.000347
0.562500 2.025000 0.000356
0.637500 2.025000 0.000365
0.712500 2.025000 0.000374
0.787500 2.025000 0.000384
0.862500 2.025000 0.000395
0.937500 2.025000 0.000405
1.012000 2.025000 0.000415
1.087000 2.025000 0.000426
1.163000 2.025000 0.000435
1.238000 2.025000 0.000445
1.313000 2.025000 0.000454
1.388000 2.025000 0.000462
1.463000 2.025000 0.000469
1.538000 2.025000 0.000475
1.613000 2.025000 0.000480
1.688000 2.025000 0.000484
1.763000 2.025000 0.000487
1.838000 2.025000 0.000489
1.913000 2.025000 0.000490
1.988000 2.025000 0.000489
2.063000 2.025000 0.000488
2.138000 2.025000 0.000485
2.213000 2.025000 0.000481
2.288000 2.025000 0.000477
2.363000 2.025000 0.000472
2.438000 2.025000 0.000466
2.513000 2.025000 0.000459
2.588000 2.025000 0.000452
2.663000 2.025000 0.000444
2.738000 2.025000 0.000437
2.813000 2.025000 0.000429
2.888000 2.025000 0.000421
2.963000 2.025000 0.000413
3.038000 2.025000 0.000406
3.113000 2.025000 0.000399
3.188000 2.025000 0.000392
3.263000 2.025000 0.000386
3.338000 2.025000 0.000381
3.413000 2.025000 0.000376
3.488000 2.025000 0.000373
3.563000 2.025000 0.000370
3.638000 2.025000 0.000368
3.713000 2.025000 0.000366
3.788000 2.025000 0.000365
3.863000 2.025000 0.000000
-0.037500 2.175000 0.000000
0.037500 2.175000 0.000162
0.112500 2.175000 0.000163
0.187500 2.175000 0.000164
0.262500 2.175000 0.000166
0.337500 2.175000 0.000168
0.412500 2.175000 0.000171
0.487500 2.175000 0.000175
0.562500 2.175000 0.000179
0.637500 2.175000 0.000183
0.712500 2.175000 0.000187
0.787500 2.175000 0.000192
0.862500 2.175000 0.000197
0.937500 2.175000 0.000202
1.012000 2.175000 0.000206
1.087000 2.175000 0.000211
1.163000 2.175000 0.000216
1.238000 2.175000 0.000220
1.313000 2.175000 0.000224
1.388000 2.175000 0.000228
1.463000 2.175000 0.000231
1.538000 2.175000 0.000234
1.613000 2.175000 0.000236
1.688000 2.175000 0.000238
1.763000 2.175000 0.000240
1.838000 2.175000 0.000240
1.913000 2.175000 0.000241
1.988000 2.175000 0.000240
2.063000 2.175000 0.000240
2.138000 2.175000 0.000239
2.213000 2.175000 0.000237
2.288000 2.175000 0.000235
2.363000 2.175000 0.000232
2.438000 2.175000 0.000230
2.513000 2.175000 0.000226
2.588000 2.175000 0.000223
2.663000 2.175000 0.000220
2.738000 2.175000 0.000216
2.813000 2.175000 0.000212
2.888000 2.175000 0.000209
2.963000 2.175000 0.000205
3.038000 2.175000 0.000202
3.113000 2.175000 0.000198
3.188000 2.175000 0.000196
3.263000 2.175000 0.000193
3.338000 2.175000 0.000190
3.413000 2.175000 0.000188
3.488000 2.175000 0.000187
3.563000 2.175000 0.000185
3.638000 2.175000 0.000184
3.713000 2.175000 0.000184
3.788000 2.175000 0.000183
3.863000 2.175000 0.000000
-0.037500 2.325000 0.000000
0.037500 2.325000 0.000091
0.112500 2.325000 0.000092
0.187500 2.325000 0.000092
0.262500 2.325000 0.000093
0.337500 2.325000 0.000094
0.412500 2.325000 0.000096
0.487500 2.325000 0.000097
0.562500 2.325000 0.000099
0.637500 2.325000 0.000101
0.712500 2.325000 0.000103
0.787500 2.325000 0.000105
0.862500 2.325000 0.000108
0.937500 2.325000 0.000110
1.012000 2.325000 0.000112
1.087000 2.325000 0.000115
1.163000 2.325000 0.000117
1.238000 2.325000 0.000119
1.313000 2.325000 0.000121
1.388000 2.325000 0.000123
1.463000 2.325000 0.000124
1.538000 2.325000 0.000125
1.613000 2.325000 0.000127
1.688000 2.325000 0.000128
1.763000 2.325000 0.000128
1.838000 2.325000 0.000129
1.913000 2.325000 0.000129
1.988000 2.325000 0.000129
2.063000 2.325000 0.000128
2.138000 2.325000 0.000128
2.213000 2.325000 0.000127
2.288000 2.325000 0.000126
2.363000 2.325000 0.000125
2.438000 2.325000 0.000123
2.513000 2.325000 0.000122
2.588000 2.325000 0.000120
2.663000 2.325000 0.000119
2.738000 2.325000 0.000117
2.813000 2.325000 0.000115
2.888000 2.325000 0.000113
2.963000 2.325000 0.000112
3.038000 2.325000 0.000110
3.113000 2.325000 0.000108
3.188000 2.325000 0.000107
3.263000 2.325000 0.000106
3.338000 2.325000 0.000105
3.413000 2.325000 0.000104
3.488000 2.325000 0.000103
3.563000 2.325000 0.000102
3.638000 2.325000 0.000102
3.713000 2.325000 0.000102
3.788000 2.325000 0.000101
3.863000 2.325000 0.000000
-0.037500 2.475000 0.000000
0.037500 2.475000 0.000065
0.112500 2.475000 0.000065
0.187500 2.475000 0.000066
0.262500 2.475000 0.000066
0.337500 2.475000 0.000067
0.412500 2.475000 0.000068
0.487500 2.475000 0.000069
0.562500 2.475000 0.000070
0.637500 2.475000 0.000072
0.712500 2.475000 0.000073
0.787500 2.475000 0.000074
0.862500 2.475000 0.000076
0.937500 2.475000 0.000077
1.012000 2.475000 0.000079
1.087000 2.475000 0.000080
1.163000 2.475000 0.000082
1.238000 2.475000 0.000083
1.313000 2.475000 0.000084
1.388000 2.475000 0.000086
1.463000 2.475000 0.000087
1.538000 2.475000 0.000088
1.613000 2.475000 0.000088
1.688000 2.475000 0.000089
1.763000 2.475000 0.000089
1.838000 2.475000 0.000090
1.913000 2.475000 0.000090
1.988000 2.475000 0.000090
2.063000 2.475000 0.000089
2.138000 2.475000 0.000089
2.213000 2.475000 0.000088
2.288000 2.475000 0.000088
2.363000 2.475000 0.000087
2.438000 2.475000 0.000086
2.513000 2.475000 0.000085
2.588000 2.475000 0.000084
2.663000 2.475000 0.000083
2.738000 2.475000 0.000082
2.813000 2.475000 0.000081
2.888000 2.475000 0.000080
2.963000 2.475000 0.000078
3.038000 2.475000 0.000077
3.113000 2.475000 0.000076
3.188000 2.475000 0.000076
3.263000 2.475000 0.000075
3.338000 2.475000 0.000074
3.413000 2.475000 0.000073
3.488000 2.475000 0.000073
3.563000 2.475000 0.000073
3.638000 2.475000 0.000072
3.713000 2.475000 0.000072
3.788000 2.475000 0.000072
3.863000 2.475000 0.000000
-0.037500 2.625000 0.000000
0.037500 2.625000 0.000047
0.112500 2.625000 0.000047
0.187500 2.625000 0.000047
0.262500 2.625000 0.000048
0.337500 2.625000 0.000048
0.412500 2.625000 0.000049
0.487500 2.625000 0.000050
0.562500 2.625000 0.000050
0.637500 2.625000 0.000051
0.712500 2.625000 0.000052
0.787500 2.625000 0.000053
0.862500 2.625000 0.000054
0.937500 2.625000 0.000055
1.012000 2.625000 0.000056
1.087000 2.625000 0.000057
1.163000 2.625000 0.000058
1.238000 2.625000 0.000059
1.313000 2.625000 0.000060
1.388000 2.625000 0.000061
1.463000 2.625000 0.000061
1.538000 2.625000 0.000062
1.613000 2.625000 0.000062
1.688000 2.625000 0.000063
1.763000 2.625000 0.000063
1.838000 2.625000 0.000063
1.913000 2.625000 0.000063
1.988000 2.625000 0.000063
2.063000 2.625000 0.000063
2.138000 2.625000 0.000063
2.213000 2.625000 0.000063
2.288000 2.625000 0.000062
2.363000 2.625000 0.000062
2.438000 2.625000 0.000061
2.513000 2.625000 0.000060
2.588000 2.625000 0.000060
2.663000 2.625000 0.000059
2.738000 2.625000 0.000058
2.813000 2.625000 0.000057
2.888000 2.625000 0.000057
2.963000 2.625000 0.000056
3.038000 2.625000 0.000055
3.113000 2.625000 0.000055
3.188000 2.625000 0.000054
3.263000 2.625000 0.000054
3.338000 2.625000 0.000053
3.413000 2.625000 0.000053
3.488000 2.625000 0.000053
3.563000 2.625000 0.000052
3.638000 2.625000 0.000052
3.713000 2.625000 0.000052
3.788000 2.625000 0.000052
3.863000 2.625000 0.000000
-0.037500 2.775000 0.000000
0.037500 2.775000 0.000035
0.112500 2.775000 0.000035
0.187500 2.775000 0.000035
0.262500 2.775000 0.000036
0.337500 2.775000 0.000036
0.412500 2.775000 0.000037
0.487500 2.775000 0.000037
0.562500 2.775000 0.000038
0.637500 2.775000 0.000038
0.712500 2.775000 0.000039
0.787500 2.775000 0.000040
0.862500 2.775000 0.000040
0.937500 2.775000 0.000041
1.012000 2.775000 0.000042
1.087000 2.775000 0.000042
1.163000 2.775000 0.000043
1.238000 2.775000 0.000044
1.313000 2.775000 0.000044
1.388000 2.775000 0.000045
1.463000 2.775000 0.000045
1.538000 2.775000 0.000046
1.613000 2.775000 0.000046
1.688000 2.775000 0.000047
1.763000 2.775000 0.000047
1.838000 2.775000 0.000047
1.913000 2.775000 0.000047
1.988000 2.775000 0.000047
2.063000 2.775000 0.000047
2.138000 2.775000 0.000047
2.213000 2.775000 0.000046
2.288000 2.775000 0.000046
2.363000 2.775000 0.000046
2.438000 2.775000 0.000045
2.513000 2.775000 0.000045
2.588000 2.775000 0.000044
2.663000 2.775000 0.000044
2.738000 2.775000 0.000043
2.813000 2.775000 0.000043
2.888000 2.775000 0.000042
2.963000 2.775000 0.000042
3.038000 2.775000 0.000041
3.113000 2.775000 0.000041
3.188000 2.775000 0.000040
3.263000 2.775000 0.000040
3.338000 2.775000 0.000040
3.413000 2.775000 0.000040
3.488000 2.775000 0.000039
3.563000 2.775000 0.000039
3.638000 2.775000 0.000039
3.713000 2.775000 0.000039
3.788000 2.775000 0.000039
3.863000 2.775000 0.000000
-0.037500 2.925000 0.000000
0.037500 2.925000 0.000022
0.112500 2.925000 0.000022
0.187500 2.925000 0.000022
0.262500 2.925000 0.000022
0.337500 2.925000 0.000022
0.412500 2.925000 0.000022
0.487500 2.925000 0.000023
0.562500 2.925000 0.000023
0.637500 2.925000 0.000023
0.712500 2.925000 0.000024
0.787500 2.925000 0.000024
0.862500 2.925000 0.000025
0.937500 2.925000 0.000025
1.012000 2.925000 0.000026
1.087000 2.925000 0.000026
1.163000 2.925000 0.000026
1.238000 2.925000 0.000027
1.313000 2.925000 0.000027
1.388000 2.925000 0.000028
1.463000 2.925000 0.000028
1.538000 2.925000 0.000028
1.613000 2.925000 0.000028
1.688000 2.925000 0.000029
1.763000 2.925000 0.000029
1.838000 2.925000 0.000029
1.913000 2.925000 0.000029
1.988000 2.925000 0.000029
2.063000 2.925000 0.000029
2.138000 2.925000 0.000029
2.213000 2.925000 0.000028
2.288000 2.925000 0.000028
2.363000 2.925000 0.000028
2.438000 2.925000 0.000028
2.513000 2.925000 0.000028
2.588000 2.925000 0.000027
2.663000 2.925000 0.000027
2.738000 2.925000 0.000027
2.813000 2.925000 0.000026
2.888000 2.925000 0.000026
2.963000 2.925000 0.000026
3.038000 2.925000 0.000025
3.113000 2.925000 0.000025
3.188000 2.925000 0.000025
3.263000 2.925000 0.000025
3.338000 2.925000 0.000025
3.413000 2.925000 0.000024
3.488000 2.925000 0.000024
3.563000 2.925000 0.000024
3.638000 2.925000 0.000024
3.713000 2.925000 0.000024
3.788000 2.925000 0.000024
3.863000 2.925000 0.000000
-0.037500 3.075000 0.000000
0.037500 3.075000 0.000011
0.112500 3.075000 0.000011
0.187500 3.075000 0.000011
0.262500 3.075000 0.000011
0.337500 3.075000 0.000011
0.412500 3.075000 0.000012
0.487500 3.075000 0.000012
0.562500 3.075000 0.000012
0.637500 3.075000 0.000012
0.712500 3.075000 0.000012
0.787500 3.075000 0.000012
0.862500 3.075000 0.000013
0.937500 3.075000 0.000013
1.012000 3.075000 0.000013
1.087000 3.075000 0.000013
1.163000 3.075000 0.000014
1.238000 3.075000 0.000014
1.313000 3.075000 0.000014
1.388000 3.075000 0.000014
1.463000 3.075000 0.000014
1.538000 3.075000 0.000014
1.613000 3.075000 0.000015
1.688000 3.075000 0.000015
1.763000 3.075000 0.000015
1.838000 3.075000 0.000015
1.913000 3.075000 0.000015
1.988000 3.075000 0.000015
2.063000 3.075000 0.000015
2.138000 3.075000 0.000015
2.213000 3.075000 0.000015
2.288000 3.075000 0.000015
2.363000 3.075000 0.000014
2.438000 3.075000 0.000014
2.513000 3.075000 0.000014
2.588000 3.075000 0.000014
2.663000 3.075000 0.000014
2.738000 3.075000 0.000014
2.813000 3.075000 0.000014
2.888000 3.075000 0.000013
2.963000 3.075000 0.000013
3.038000 3.075000 0.000013
3.113000 3.075000 0.000013
3.188000 3.075000 0.000013
3.263000 3.075000 0.000013
3.338000 3.075000 0.000013
3.413000 3.075000 0.000013
3.488000 3.075000 0.000013
3.563000 3.075000 0.000013
3.638000 3.075000 0.000013
3.713000 3.075000 0.000013
3.788000 3.075000 0.000013
3.863000 3.075000 0.000000
-0.037500 3.225000 0.000000
0.037500 3.225000 0.000006
0.112500 3.225000 0.000006
0.187500 3.225000 0.000006
0.262500 3.225000 0.000006
0.337500 3.225000 0.000006
0.412500 3.225000 0.000006
0.487500 3.225000 0.000006
0.562500 3.225000 0.000006
0.637500 3.225000 0.000006
0.712500 3.225000 0.000006
0.787500 3.225000 0.000006
0.862500 3.225000 0.000006
0.937500 3.225000 0.000007
1.012000 3.225000 0.000007
1.087000 3.225000 0.000007
1.163000 3.225000 0.000007
1.238000 3.225000 0.000007
1.313000 3.225000 0.000007
1.388000 3.225000 0.000007
1.463000 3.225000 0.000007
1.538000 3.225000 0.000007
1.613000 3.225000 0.000007
1.688000 3.225000 0.000007
1.763000 3.225000 0.000008
1.838000 3.225000 0.000008
1.913000 3.225000 0.000008
1.988000 3.225000 0.000008
2.063000 3.225000 0.000008
2.138000 3.225000 0.000008
2.213000 3.225000 0.000007
2.288000 3.225000 0.000007
2.363000 3.225000 0.000007
2.438000 3.225000 0.000007
2.513000 3.225000 0.000007
2.588000 3.225000 0.000007
2.663000 3.225000 0.000007
2.738000 3.225000 0.000007
2.813000 3.225000 0.000007
2.888000 3.225000 0.000007
2.963000 3.225000 0.000007
3.038000 3.225000 0.000007
3.113000 3.225000 0.000007
3.188000 3.225000 0.000007
3.263000 3.225000 0.000007
3.338000 3.225000 0.000007
3.413000 3.225000 0.000007
3.488000 3.225000 0.000007
3.563000 3.225000 0.000007
3.638000 3.225000 0.000007
3.713000 3.225000 0.000007
3.788000 3.225000 0.000007
3.863000 3.225000 0.000000
-0.037500 3.375000 0.000000
0.037500 3.375000 0.000003
0.112500 3.375000 0.000003
0.187500 3.375000 0.000003
0.262500 3.375000 0.000003
0.337500 3.375000 0.000003
0.412500 3.375000 0.000003
0.487500 3.375000 0.000003
0.562500 3.375000 0.000003
0.637500 3.375000 0.000003
0.712500 3.375000 0.000003
0.787500 3.375000 0.000003
0.862500 3.375000 0.000003
0.937500 3.375000 0.000003
1.012000 3.375000 0.000003
1.087000 3.375000 0.000003
1.163000 3.375000 0.000003
1.238000 3.375000 0.000004
1.313000 3.375000 0.000004
1.388000 3.375000 0.000004
1.463000 3.375000 0.000004
1.538000 3.375000 0.000004
1.613000 3.375000 0.000004
1.688000 3.375000 0.000004
1.763000 3.375000 0.000004
1.838000 3.375000 0.000004
1.913000 3.375000 0.000004
1.988000 3.375000 0.000004
2.063000 3.375000 0.000004
2.138000 3.375000 0.000004
2.213000 3.375000 0.000004
2.288000 3.375000 0.000004
2.363000 3.375000 0.000004
2.438000 3.375000 0.000004
2.513000 3.375000 0.000004
2.588000 3.375000 0.000004
2.663000 3.375000 0.000004
2.738000 3.375000 0.000004
2.813000 3.375000 0.000004
2.888000 3.375000 0.000003
2.963000 3.375000 0.000003
3.038000 3.375000 0.000003
3.113000 3.375000 0.000003
3.188000 3.375000 0.000003
3.263000 3.375000 0.000003
3.338000 3.375000 0.000003
3.413000 3.375000 0.000003
3.488000 3.375000 0.000003
3.563000 3.375000 0.000003
3.638000 3.375000 0.000003
3.713000 3.375000 0.000003
3.788000 3.375000 0.000003
3.863000 3.375000 0.000000
-0.037500 3.525000 0.000000
0.037500 3.525000 0.000001
0.112500 3.525000 0.000001
0.187500 3.525000 0.000001
0.262500 3.525000 0.000001
0.337500 3.525000 0.000001
0.412500 3.525000 0.000001
0.487500 3.525000 0.000001
0.562500 3.525000 0.000002
0.637500 3.525000 0.000002
0.712500 3.525000 0.000002
0.787500 3.525000 0.000002
0.862500 3.525000 0.000002
0.937500 3.525000 0.000002
1.012000 3.525000 0.000002
1.087000 3.525000 0.000002
1.163000 3.525000 0.000002
1.238000 3.525000 0.000002
1.313000 3.525000 0.000002
1.388000 3.525000 0.000002
1.463000 3.525000 0.000002
1.538000 3.525000 0.000002
1.613000 3.525000 0.000002
1.688000 3.525000 0.000002
1.763000 3.525000 0.000002
1.838000 3.525000 0.000002
1.913000 3.525000 0.000002
1.988000 3.525000 0.000002
2.063000 3.525000 0.000002
2.138000 3.525000 0.000002
2.213000 3.525000 0.000002
2.288000 3.525000 0.000002
2.363000 3.525000 0.000002
2.438000 3.525000 0.000002
2.513000 3.525000 0.000002
2.588000 3.525000 0.000002
2.663000 3.525000 0.000002
2.738000 3.525000 0.000002
2.813000 3.525000 0.000002
2.888000 3.525000 0.000002
2.963000 3.525000 0.000002
3.038000 3.525000 0.000002
3.113000 3.525000 0.000002
3.188000 3.525000 0.000002
3.263000 3.525000 0.000002
3.338000 3.525000 0.000002
3.413000 3.525000 0.000002
3.488000 3.525000 0.000002
3.563000 3.525000 0.000002
3.638000 3.525000 0.000002
3.713000 3.525000 0.000002
3.788000 3.525000 0.000002
3.863000 3.525000 0.000000
-0.037500 3.675000 0.000000
0.037500 3.675000 0.000001
0.112500 3.675000 0.000001
0.187500 3.675000 0.000001
0.262500 3.675000 0.000001
0.337500 3.675000 0.000001
0.412500 3.675000 0.000001
0.487500 3.675000 0.000001
0.562500 3.675000 0.000001
0.637500 3.675000 0.000001
0.712500 3.675000 0.000001
0.787500 3.675000 0.000001
0.862500 3.675000 0.000001
0.937500 3.675000 0.000001
1.012000 3.675000 0.000001
1.087000 3.675000 0.000001
1.163000 3.675000 0.000001
1.238000 3.675000 0.000001
1.313000 3.675000 0.000001
1.388000 3.675000 0.000001
1.463000 3.675000 0.000001
1.538000 3.675000 0.000001
1.613000 3.675000 0.000001
1.688000 3.675000 0.000001
1.763000 3.675000 0.000001
1.838000 3.675000 0.000001
1.913000 3.675000 0.000001
1.988000 3.675000 0.000001
2.063000 3.675000 0.000001
2.138000 3.675000 0.000001
2.213000 3.675000 0.000001
2.288000 3.675000 0.000001
2.363000 3.675000 0.000001
2.438000 3.675000 0.000001
2.513000 3.675000 0.000001
2.588000 3.675000 0.000001
2.663000 3.675000 0.000001
2.738000 3.675000 0.000001
2.813000 3.675000 0.000001
2.888000 3.675000 0.000001
2.963000 3.675000 0.000001
3.038000 3.675000 0.000001
3.113000 3.675000 0.000001
3.188000 3.675000 0.000001
3.263000 3.675000 0.000001
3.338000 3.675000 0.000001
3.413000 3.675000 0.000001
3.488000 3.675000 0.000001
3.563000 3.675000 0.000001
3.638000 3.675000 0.000001
3.713000 3.675000 0.000001
3.788000 3.675000 0.000001
3.863000 3.675000 0.000000
-0.037500 3.825000 0.000000
0.037500 3.825000 0.000000
0.112500 3.825000 0.000000
0.187500 3.825000 0.000000
0.262500 3.825000 0.000000
0.337500 3.825000 0.000000
0.412500 3.825000 0.000000
0.487500 3.825000 0.000000
0.562500 3.825000 0.000000
0.637500 3.825000 0.000000
0.712500 3.825000 0.000000
0.787500 3.825000 0.000000
0.862500 3.825000 0.000000
0.937500 3.825000 0.000000
1.012000 3.825000 0.000000
1.087000 3.825000 0.000000
1.163000 3.825000 0.000000
1.238000 3.825000 0.000000
1.313000 3.825000 0.000000
1.388000 3.825000 0.000000
1.463000 3.825000 0.000000
1.538000 3.825000 0.000000
1.613000 3.825000 0.000000
1.688000 3.825000 0.000000
1.763000 3.825000 0.000000
1.838000 3.825000 0.000000
1.913000 3.825000 0.000000
1.988000 3.825000 0.000000
2.063000 3.825000 0.000000
2.138000 3.825000 0.000000
2.213000 3.825000 0.000000
2.288000 3.825000 0.000000
2.363000 3.825000 0.000000
2.438000 3.825000 0.000000
2.513000 3.825000 0.000000
2.588000 3.825000 0.000000
2.663000 3.825000 0.000000
2.738000 3.825000 0.000000
2.813000 3.825000 0.000000
2.888000 3.825000 0.000000
2.963000 3.825000 0.000000
3.038000 3.825000 0.000000
3.113000 3.825000 0.000000
3.188000 3.825000 0.000000
3.263000 3.825000 0.000000
3.338000 3.825000 0.000000
3.413000 3.825000 0.000000
3.488000 3.825000 0.000000
3.563000 3.825000 0.000000
3.638000 3.825000 0.000000
3.713000 3.825000 0.000000
3.788000 3.825000 0.000000
3.863000 3.825000 0.000000
-0.037500 3.975000 0.000000
0.037500 3.975000 0.000000
0.112500 3.975000 0.000000
0.187500 3.975000 0.000000
0.262500 3.975000 0.000000
0.337500 3.975000 0.000000
0.412500 3.975000 0.000000
0.487500 3.975000 0.000000
0.562500 3.975000 0.000000
0.637500 3.975000 0.000000
0.712500 3.975000 0.000000
0.787500 3.975000 0.000000
0.862500 3.975000 0.000000
0.937500 3.975000 0.000000
1.012000 3.975000 0.000000
1.087000 3.975000 0.000000
1.163000 3.975000 0.000000
1.238000 3.975000 0.000000
1.313000 3.975000 0.000000
1.388000 3.975000 0.000000
1.463000 3.975000 0.000000
1.538000 3.975000 0.000000
1.613000 3.975000 0.000000
1.688000 3.975000 0.000000
1.763000 3.975000 0.000000
1.838000 3.975000 0.000000
1.913000 3.975000 0.000000
1.988000 3.975000 0.000000
2.063000 3.975000 0.000000
2.138000 3.975000 0.000000
2.213000 3.975000 0.000000
2.288000 3.975000 0.000000
2.363000 3.975000 0.000000
2.438000 3.975000 0.000000
2.513000 3.975000 0.000000
2.588000 3.975000 0.000000
2.663000 3.975000 0.000000
2.738000 3.975000 0.000000
2.813000 3.975000 0.000000
2.888000 3.975000 0.000000
2.963000 3.975000 0.000000
3.038000 3.975000 0.000000
3.113000 3.975000 0.000000
3.188000 3.975000 0.000000
3.263000 3.975000 0.000000
3.338000 3.975000 0.000000
3.413000 3.975000 0.000000
3.488000 3.975000 0.000000
3.563000 3.975000 0.000000
3.638000 3.975000 0.000000
3.713000 3.975000 0.000000
3.788000 3.975000 0.000000
3.863000 3.975000 0.000000
-0.037500 4.125000 0.000000
0.037500 4.125000 0.000000
0.112500 4.125000 0.000000
0.187500 4.125000 0.000000
0.262500 4.125000 0.000000
0.337500 4.125000 0.000000
0.412500 4.125000 0.000000
0.487500 4.125000 0.000000
0.562500 4.125000 0.000000
0.637500 4.125000 0.000000
0.712500 4.125000 0.000000
0.787500 4.125000 0.000000
0.862500 4.125000 0.000000
0.937500 4.125000 0.000000
1.012000 4.125000 0.000000
1.087000 4.125000 0.000000
1.163000 4.125000 0.000000
1.238000 4.125000 0.000000
1.313000 4.125000 0.000000
1.388000 4.125000 0.000000
1.463000 4.125000 0.000000
1.538000 4.125000 0.000000
1.613000 4.125000 0.000000
1.688000 4.125000 0.000000
1.763000 4.125000 0.000000
1.838000 4.125000 0.000000
1.913000 4.125000 0.000000
1.988000 4.125000 0.000000
2.063000 4.125000 0.000000
2.138000 4.125000 0.000000
2.213000 4.125000 0.000000
2.288000 4.125000 0.000000
2.363000 4.125000 0.000000
2.438000 4.125000 0.000000
2.513000 4.125000 0.000000
2.588000 4.125000 0.000000
2.663000 4.125000 0.000000
2.738000 4.125000 0.000000
2.813000 4.125000 0.000000
2.888000 4.125000 0.000000
2.963000 4.125000 0.000000
3.038000 4.125000 0.000000
3.113000 4.125000 0.000000
3.188000 4.125000 0.000000
3.263000 4.125000 0.000000
3.338000 4.125000 0.000000
3.413000 4.125000 0.000000
3.488000 4.125000 0.000000
3.563000 4.125000 0.000000
3.638000 4.125000 0.000000
3.713000 4.125000 0.000000
3.788000 4.125000 0.000000
3.863000 4.125000 0.000000
-0.037500 4.275000 0.000000
0.037500 4.275000 0.000000
0.112500 4.275000 0.000000
0.187500 4.275000 0.000000
0.262500 4.275000 0.000000
0.337500 4.275000 0.000000
0.412500 4.275000 0.000000
0.487500 4.275000 0.000000
0.562500 4.275000 0.000000
0.637500 4.275000 0.000000
0.712500 4.275000 0.000000
0.787500 4.275000 0.000000
0.862500 4.275000 0.000000
0.937500 4.275000 0.000000
1.012000 4.275000 0.000000
1.087000 4.275000 0.000000
1.163000 4.275000 0.000000
1.238000 4.275000 0.000000
1.313000 4.275000 0.000000
1.388000 4.275000 0.000000
1.463000 4.275000 0.000000
1.538000 4.275000 0.000000
1.613000 4.275000 0.000000
1.688000 4.275000 0.000000
1.763000 4.275000 0.000000
1.838000 4.275000 0.000000
1.913000 4.275000 0.000000
1.988000 4.275000 0.000000
2.063000 4.275000 0.000000
2.138000 4.275000 0.000000
2.213000 4.275000 0.000000
2.288000 4.275000 0.000000
2.363000 4.275000 0.000000
2.438000 4.275000 0.000000
2.513000 4.275000 0.000000
2.588000 4.275000 0.000000
2.663000 4.275000 0.000000
2.738000 4.275000 0.000000
2.813000 4.275000 0.000000
2.888000 4.275000 0.000000
2.963000 4.275000 0.000000
3.038000 4.275000 0.000000
3.113000 4.275000 0.000000
3.188000 4.275000 0.000000
3.263000 4.275000 0.000000
3.338000 4.275000 0.000000
3.413000 4.275000 0.000000
3.488000 4.275000 0.000000
3.563000 4.275000 0.000000
3.638000 4.275000 0.000000
3.713000 4.275000 0.000000
3.788000 4.275000 0.000000
3.863000 4.275000 0.000000
-0.037500 4.425000 0.000000
0.037500 4.425000 0.000000
0.112500 4.425000 0.000000
0.187500 4.425000 0.000000
0.262500 4.425000 0.000000
0.337500 4.425000 0.000000
0.412500 4.425000 0.000000
0.487500 4.425000 0.000000
0.562500 4.425000 0.000000
0.637500 4.425000 0.000000
0.712500 4.425000 0.000000
0.787500 4.425000 0.000000
0.862500 4.425000 0.000000
0.937500 4.425000 0.000000
1.012000 4.425000 0.000000
1.087000 4.425000 0.000000
1.163000 4.425000 0.000000
1.238000 4.425000 0.000000
1.313000 4.425000 0.000000
1.388000 4.425000 0.000000
1.463000 4.425000 0.000000
1.538000 4.425000 0.000000
1.613000 4.425000 0.000000
1.688000 4.425000 0.000000
1.763000 4.425000 0.000000
1.838000 4.425000 0.000000
1.913000 4.425000 0.000000
1.988000 4.425000 0.000000
2.063000 4.425000 0.000000
2.138000 4.425000 0.000000
2.213000 4.425000 0.000000
2.288000 4.425000 0.000000
2.363000 4.425000 0.000000
2.438000 4.425000 0.000000
2.513000 4.425000 0.000000
2.588000 4.425000 0.000000
2.663000 4.425000 0.000000
2.738000 4.425000 0.000000
2.813000 4.425000 0.000000
2.888000 4.425000 0.000000
2.963000 4.425000 0.000000
3.038000 4.425000 0.000000
3.113000 4.425000 0.000000
3.188000 4.425000 0.000000
3.263000 4.425000 0.000000
3.338000 4.425000 0.000000
3.413000 4.425000 0.000000
3.488000 4.425000 0.000000
3.563000 4.425000 0.000000
3.638000 4.425000 0.000000
3.713000 4.425000 0.000000
3.788000 4.425000 0.000000
3.863000 4.425000 0.000000
-0.037500 4.575000 0.000000
0.037500 4.575000 0.000000
0.112500 4.575000 0.000000
0.187500 4.575000 0.000000
0.262500 4.575000 0.000000
0.337500 4.575000 0.000000
0.412500 4.575000 0.000000
0.487500 4.575000 0.000000
0.562500 4.575000 0.000000
0.637500 4.575000 0.000000
0.712500 4.575000 0.000000
0.787500 4.575000 0.000000
0.862500 4.575000 0.000000
0.937500 4.575000 0.000000
1.012000 4.575000 0.000000
1.087000 4.575000 0.000000
1.163000 4.575000 0.000000
1.238000 4.575000 0.000000
1.313000 4.575000 0.000000
1.388000 4.575000 0.000000
1.463000 4.575000 0.000000
1.538000 4.575000 0.000000
1.613000 4.575000 0.000000
1.688000 4.575000 0.000000
1.763000 4.575000 0.000000
1.838000 4.575000 0.000000
1.913000 4.575000 0.000000
1.988000 4.575000 0.000000
2.063000 4.575000 0.000000
2.138000 4.575000 0.000000
2.213000 4.575000 0.000000
2.288000 4.575000 0.000000
2.363000 4.575000 0.000000
2.438000 4.575000 0.000000
2.513000 4.575000 0.000000
2.588000 4.575000 0.000000
2.663000 4.575000 0.000000
2.738000 4.575000 0.000000
2.813000 4.575000 0.000000
2.888000 4.575000 0.000000
2.963000 4.575000 0.000000
3.038000 4.575000 0.000000
3.113000 4.575000 0.000000
3.188000 4.575000 0.000000
3.263000 4.575000 0.000000
3.338000 4.575000 0.000000
3.413000 4.575000 0.000000
3.488000 4.575000 0.000000
3.563000 4.575000 0.000000
3.638000 4.575000 0.000000
3.713000 4.575000 0.000000
3.788000 4.575000 0.000000
3.863000 4.575000 0.000000
-0.037500 4.725000 0.000000
0.037500 4.725000 0.000000
0.112500 4.725000 0.000000
0.187500 4.725000 0.000000
0.262500 4.725000 0.000000
0.337500 4.725000 0.000000
0.412500 4.725000 0.000000
0.487500 4.725000 0.000000
0.562500 4.725000 0.000000
0.637500 4.725000 0.000000
0.712500 4.725000 0.000000
0.787500 4.725000 0.000000
0.862500 4.725000 0.000000
0.937500 4.725000 0.000000
1.012000 4.725000 0.000000
1.087000 4.725000 0.000000
1.163000 4.725000 0.000000
1.238000 4.725000 0.000000
1.313000 4.725000 0.000000
1.388000 4.725000 0.000000
1.463000 4.725000 0.000000
1.538000 4.725000 0.000000
1.613000 4.725000 0.000000
1.688000 4.725000 0.000000
1.763000 4.725000 0.000000
1.838000 4.725000 0.000000
1.913000 4.725000 0.000000
1.988000 4.725000 0.000000
2.063000 4.725000 0.000000
2.138000 4.725000 0.000000
2.213000 4.725000 0.000000
2.288000 4.725000 0.000000
2.363000 4.725000 0.000000
2.438000 4.725000 0.000000
2.513000 4.725000 0.000000
2.588000 4.725000 0.000000
2.663000 4.725000 0.000000
2.738000 4.725000 0.000000
2.813000 4.725000 0.000000
2.888000 4.725000 0.000000
2.963000 4.725000 0.000000
3.038000 4.725000 0.000000
3.113000 4.725000 0.000000
3.188000 4.725000 0.000000
3.263000 4.725000 0.000000
3.338000 4.725000 0.000000
3.413000 4.725000 0.000000
3.488000 4.725000 0.000000
3.563000 4.725000 0.000000
3.638000 4.725000 0.000000
3.713000 4.725000 0.000000
3.788000 4.725000 0.000000
3.863000 4.725000 0.000000
-0.037500 4.875000 0.000000
0.037500 4.875000 0.000000
0.112500 4.875000 0.000000
0.187500 4.875000 0.000000
0.262500 4.875000 0.000000
0.337500 4.875000 0.000000
0.412500 4.875000 0.000000
0.487500 4.875000 0.000000
0.562500 4.875000 0.000000
0.637500 4.875000 0.000000
0.712500 4.875000 0.000000
0.787500 4.875000 0.000000
0.862500 4.875000 0.000000
0.937500 4.875000 0.000000
1.012000 4.875000 0.000000
1.087000 4.875000 0.000000
1.163000 4.875000 0.000000
1.238000 4.875000 0.000000
1.313000 4.875000 0.000000
1.388000 4.875000 0.000000
1.463000 4.875000 0.000000
1.538000 4.875000 0.000000
1.613000 4.875000 0.000000
1.688000 4.875000 0.000000
1.763000 4.875000 0.000000
1.838000 4.875000 0.000000
1.913000 4.875000 0.000000
1.988000 4.875000 0.000000
2.063000 4.875000 0.000000
2.138000 4.875000 0.000000
2.213000 4.875000 0.000000
2.288000 4.875000 0.000000
2.363000 4.875000 0.000000
2.438000 4.875000 0.000000
2.513000 4.875000 0.000000
2.588000 4.875000 0.000000
2.663000 4.875000 0.000000
2.738000 4.875000 0.000000
2.813000 4.875000 0.000000
2.888000 4.875000 0.000000
2.963000 4.875000 0.000000
3.038000 4.875000 0.000000
3.113000 4.875000 0.000000
3.188000 4.875000 0.000000
3.263000 4.875000 0.000000
3.338000 4.875000 0.000000
3.413000 4.875000 0.000000
3.488000 4.875000 0.000000
3.563000 4.875000 0.000000
3.638000 4.875000 0.000000
3.713000 4.875000 0.000000
3.788000 4.875000 0.000000
3.863000 4.875000 0.000000
-0.037500 5.025000 0.000000
0.037500 5.025000 0.000000
0.112500 5.025000 0.000000
0.187500 5.025000 0.000000
0.262500 5.025000 0.000000
0.337500 5.025000 0.000000
0.412500 5.025000 0.000000
0.487500 5.025000 0.000000
0.562500 5.025000 0.000000
0.637500 5.025000 0.000000
0.712500 5.025000 0.000000
0.787500 5.025000 0.000000
0.862500 5.025000 0.000000
0.937500 5.025000 0.000000
1.012000 5.025000 0.000000
1.087000 5.025000 0.000000
1.163000 5.025000 0.000000
1.238000 5.025000 0.000000
1.313000 5.025000 0.000000
1.388000 5.025000 0.000000
1.463000 5.025000 0.000000
1.538000 5.025000 0.000000
1.613000 5.025000 0.000000
1.688000 5.025000 0.000000
1.763000 5.025000 0.000000
1.838000 5.025000 0.000000
1.913000 5.025000 0.000000
1.988000 5.025000 0.000000
2.063000 5.025000 0.000000
2.138000 5.025000 0.000000
2.213000 5.025000 0.000000
2.288000 5.025000 0.000000
2.363000 5.025000 0.000000
2.438000 5.025000 0.000000
2.513000 5.025000 0.000000
2.588000 5.025000 0.000000
2.663000 5.025000 0.000000
2.738000 5.025000 0.000000
2.813000 5.025000 0.000000
2.888000 5.025000 0.000000
2.963000 5.025000 0.000000
3.038000 5.025000 0.000000
3.113000 5.025000 0.000000
3.188000 5.025000 0.000000
3.263000 5.025000 0.000000
3.338000 5.025000 0.000000
3.413000 5.025000 0.000000
3.488000 5.025000 0.000000
3.563000 5.025000 0.000000
3.638000 5.025000 0.000000
3.713000 5.025000 0.000000
3.788000 5.025000 0.000000
3.863000 5.025000 0.000000
-0.037500 5.175000 0.000000
0.037500 5.175000 0.000000
0.112500 5.175000 0.000000
0.187500 5.175000 0.000000
0.262500 5.175000 0.000000
0.337500 5.175000 0.000000
0.412500 5.175000 0.000000
0.487500 5.175000 0.000000
0.562500 5.175000 0.000000
0.637500 5.175000 0.000000
0.712500 5.175000 0.000000
0.787500 5.175000 0.000000
0.862500 5.175000 0.000000
0.937500 5.175000 0.000000
1.012000 5.175000 0.000000
1.087000 5.175000 0.000000
1.163000 5.175000 0.000000
1.238000 5.175000 0.000000
1.313000 5.175000 0.000000
1.388000 5.175000 0.000000
1.463000 5.175000 0.000000
1.538000 5.175000 0.000000
1.613000 5.175000 0.000000
1.688000 5.175000 0.000000
1.763000 5.175000 0.000000
1.838000 5.175000 0.000000
1.913000 5.175000 0.000000
1.988000 5.175000 0.000000
2.063000 5.175000 0.000000
2.138000 5.175000 0.000000
2.213000 5.175000 0.000000
2.288000 5.175000 0.000000
2.363000 5.175000 0.000000
2.438000 5.175000 0.000000
2.513000 5.175000 0.000000
2.588000 5.175000 0.000000
2.663000 5.175000 0.000000
2.738000 5.175000 0.000000
2.813000 5.175000 0.000000
2.888000 5.175000 0.000000
2.963000 5.175000 0.000000
3.038000 5.175000 0.000000
3.113000 5.175000 0.000000
3.188000 5.175000 0.000000
3.263000 5.175000 0.000000
3.338000 5.175000 0.000000
3.413000 5.175000 0.000000
3.488000 5.175000 0.000000
3.563000 5.175000 0.000000
3.638000 5.175000 0.000000
3.713000 5.175000 0.000000
3.788000 5.175000 0.000000
3.863000 5.175000 0.000000
