-0.037500 -0.075000 0.000000
0.037500 -0.075000 0.000000
0.112500 -0.075000 0.000000
0.187500 -0.075000 0.000000
0.262500 -0.075000 0.000000
0.337500 -0.075000 0.000000
0.412500 -0.075000 0.000000
0.487500 -0.075000 0.000000
0.562500 -0.075000 0.000000
0.637500 -0.075000 0.000000
0.712500 -0.075000 0.000000
0.787500 -0.075000 0.000000
0.862500 -0.075000 0.000000
0.937500 -0.075000 0.000000
1.012000 -0.075000 0.000000
1.087000 -0.075000 0.000000
1.163000 -0.075000 0.000000
1.238000 -0.075000 0.000000
1.313000 -0.075000 0.000000
1.388000 -0.075000 0.000000
1.463000 -0.075000 0.000000
1.538000 -0.075000 0.000000
1.613000 -0.075000 0.000000
1.688000 -0.075000 0.000000
1.763000 -0.075000 0.000000
1.838000 -0.075000 0.000000
1.913000 -0.075000 0.000000
1.988000 -0.075000 0.000000
2.063000 -0.075000 0.000000
2.138000 -0.075000 0.000000
2.213000 -0.075000 0.000000
2.288000 -0.075000 0.000000
2.363000 -0.075000 0.000000
2.438000 -0.075000 0.000000
2.513000 -0.075000 0.000000
2.588000 -0.075000 0.000000
2.663000 -0.075000 0.000000
2.738000 -0.075000 0.000000
2.813000 -0.075000 0.000000
2.888000 -0.075000 0.000000
2.963000 -0.075000 0.000000
3.038000 -0.075000 0.000000
3.113000 -0.075000 0.000000
3.188000 -0.075000 0.000000
3.263000 -0.075000 0.000000
3.338000 -0.075000 0.000000
3.413000 -0.075000 0.000000
3.488000 -0.075000 0.000000
3.563000 -0.075000 0.000000
3.638000 -0.075000 0.000000
3.713000 -0.075000 0.000000
3.788000 -0.075000 0.000000
3.863000 -0.075000 0.000000
-0.037500 0.075000 0.000000
0.037500 0.075000 0.052680
0.112500 0.075000 0.105400
0.187500 0.075000 0.158000
0.262500 0.075000 0.210700
0.337500 0.075000 0.263300
0.412500 0.075000 0.315900
0.487500 0.075000 0.368500
0.562500 0.075000 0.420900
0.637500 0.075000 0.473100
0.712500 0.075000 0.525100
0.787500 0.075000 0.576700
0.862500 0.075000 0.627800
0.937500 0.075000 0.678300
1.012000 0.075000 0.727800
1.087000 0.075000 0.776200
1.163000 0.075000 0.823100
1.238000 0.075000 0.868100
1.313000 0.075000 0.910900
1.388000 0.075000 0.950800
1.463000 0.075000 0.987400
1.538000 0.075000 1.020000
1.613000 0.075000 1.048000
1.688000 0.075000 1.071000
1.763000 0.075000 1.089000
1.838000 0.075000 1.101000
1.913000 0.075000 1.106000
1.988000 0.075000 1.106000
2.063000 0.075000 1.099000
2.138000 0.075000 1.088000
2.213000 0.075000 1.071000
2.288000 0.075000 1.050000
2.363000 0.075000 1.026000
2.438000 0.075000 0.999100
2.513000 0.075000 0.970200
2.588000 0.075000 0.940000
2.663000 0.075000 0.909000
2.738000 0.075000 0.877700
2.813000 0.075000 0.846400
2.888000 0.075000 0.815600
2.963000 0.075000 0.785400
3.038000 0.075000 0.756000
3.113000 0.075000 0.727600
3.188000 0.075000 0.700100
3.263000 0.075000 0.673700
3.338000 0.075000 0.648400
3.413000 0.075000 0.624200
3.488000 0.075000 0.601000
3.563000 0.075000 0.578900
3.638000 0.075000 0.557700
3.713000 0.075000 0.537600
3.788000 0.075000 0.518400
3.863000 0.075000 0.000000
-0.037500 0.225000 0.000000
0.037500 0.225000 0.052680
0.112500 0.225000 0.105400
0.187500 0.225000 0.158000
0.262500 0.225000 0.210700
0.337500 0.225000 0.263300
0.412500 0.225000 0.315900
0.487500 0.225000 0.368500
0.562500 0.225000 0.420900
0.637500 0.225000 0.473100
0.712500 0.225000 0.525100
0.787500 0.225000 0.576700
0.862500 0.225000 0.627800
0.937500 0.225000 0.678300
1.012000 0.225000 0.727800
1.087000 0.225000 0.776200
1.163000 0.225000 0.823100
1.238000 0.225000 0.868100
1.313000 0.225000 0.910900
1.388000 0.225000 0.950800
1.463000 0.225000 0.987400
1.538000 0.225000 1.020000
1.613000 0.225000 1.048000
1.688000 0.225000 1.071000
1.763000 0.225000 1.089000
1.838000 0.225000 1.101000
1.913000 0.225000 1.106000
1.988000 0.225000 1.106000
2.063000 0.225000 1.099000
2.138000 0.225000 1.088000
2.213000 0.225000 1.071000
2.288000 0.225000 1.050000
2.363000 0.225000 1.026000
2.438000 0.225000 0.999100
2.513000 0.225000 0.970200
2.588000 0.225000 0.940000
2.663000 0.225000 0.909000
2.738000 0.225000 0.877700
2.813000 0.225000 0.846400
2.888000 0.225000 0.815600
2.963000 0.225000 0.785400
3.038000 0.225000 0.756000
3.113000 0.225000 0.727600
3.188000 0.225000 0.700100
3.263000 0.225000 0.673700
3.338000 0.225000 0.648400
3.413000 0.225000 0.624200
3.488000 0.225000 0.601000
3.563000 0.225000 0.578900
3.638000 0.225000 0.557700
3.713000 0.225000 0.537600
3.788000 0.225000 0.518400
3.863000 0.225000 0.000000
-0.037500 0.375000 0.000000
0.037500 0.375000 0.320300
0.112500 0.375000 0.334400
0.187500 0.375000 0.356900
0.262500 0.375000 0.384700
0.337500 0.375000 0.416200
0.412500 0.375000 0.450200
0.487500 0.375000 0.486000
0.562500 0.375000 0.523000
0.637500 0.375000 0.560800
0.712500 0.375000 0.599100
0.787500 0.375000 0.637600
0.862500 0.375000 0.676000
0.937500 0.375000 0.714000
1.012000 0.375000 0.751400
1.087000 0.375000 0.787800
1.163000 0.375000 0.823000
1.238000 0.375000 0.856600
1.313000 0.375000 0.888300
1.388000 0.375000 0.917600
1.463000 0.375000 0.944200
1.538000 0.375000 0.967700
1.613000 0.375000 0.987700
1.688000 0.375000 1.004000
1.763000 0.375000 1.016000
1.838000 0.375000 1.024000
1.913000 0.375000 1.027000
1.988000 0.375000 1.027000
2.063000 0.375000 1.022000
2.138000 0.375000 1.013000
2.213000 0.375000 1.000000
2.288000 0.375000 0.984700
2.363000 0.375000 0.966500
2.438000 0.375000 0.946100
2.513000 0.375000 0.924000
2.588000 0.375000 0.900700
2.663000 0.375000 0.876500
2.738000 0.375000 0.851900
2.813000 0.375000 0.827200
2.888000 0.375000 0.802600
2.963000 0.375000 0.778400
3.038000 0.375000 0.754700
3.113000 0.375000 0.731800
3.188000 0.375000 0.709700
3.263000 0.375000 0.688700
3.338000 0.375000 0.668700
3.413000 0.375000 0.650000
3.488000 0.375000 0.632800
3.563000 0.375000 0.617200
3.638000 0.375000 0.603800
3.713000 0.375000 0.593200
3.788000 0.375000 0.586700
3.863000 0.375000 0.000000
-0.037500 0.525000 0.000000
0.037500 0.525000 0.466500
0.112500 0.525000 0.472000
0.187500 0.525000 0.482400
0.262500 0.525000 0.496500
0.337500 0.525000 0.513700
0.412500 0.525000 0.533200
0.487500 0.525000 0.554600
0.562500 0.525000 0.577400
0.637500 0.525000 0.601300
0.712500 0.525000 0.625900
0.787500 0.525000 0.650900
0.862500 0.525000 0.676000
0.937500 0.525000 0.701000
1.012000 0.525000 0.725700
1.087000 0.525000 0.749700
1.163000 0.525000 0.772900
1.238000 0.525000 0.794900
1.313000 0.525000 0.815500
1.388000 0.525000 0.834500
1.463000 0.525000 0.851500
1.538000 0.525000 0.866400
1.613000 0.525000 0.878900
1.688000 0.525000 0.888800
1.763000 0.525000 0.896100
1.838000 0.525000 0.900600
1.913000 0.525000 0.902300
1.988000 0.525000 0.901200
2.063000 0.525000 0.897400
2.138000 0.525000 0.891100
2.213000 0.525000 0.882400
2.288000 0.525000 0.871600
2.363000 0.525000 0.859100
2.438000 0.525000 0.844900
2.513000 0.525000 0.829600
2.588000 0.525000 0.813300
2.663000 0.525000 0.796300
2.738000 0.525000 0.778900
2.813000 0.525000 0.761300
2.888000 0.525000 0.743700
2.963000 0.525000 0.726300
3.038000 0.525000 0.709400
3.113000 0.525000 0.693000
3.188000 0.525000 0.677300
3.263000 0.525000 0.662500
3.338000 0.525000 0.648700
3.413000 0.525000 0.636100
3.488000 0.525000 0.624800
3.563000 0.525000 0.615200
3.638000 0.525000 0.607300
3.713000 0.525000 0.601700
3.788000 0.525000 0.598700
3.863000 0.525000 0.000000
-0.037500 0.675000 0.000000
0.037500 0.675000 0.531000
0.112500 0.675000 0.533700
0.187500 0.675000 0.538900
0.262500 0.675000 0.546500
0.337500 0.675000 0.556100
0.412500 0.675000 0.567500
0.487500 0.675000 0.580400
0.562500 0.675000 0.594400
0.637500 0.675000 0.609500
0.712500 0.675000 0.625200
0.787500 0.675000 0.641400
0.862500 0.675000 0.657900
0.937500 0.675000 0.674400
1.012000 0.675000 0.690600
1.087000 0.675000 0.706500
1.163000 0.675000 0.721800
1.238000 0.675000 0.736200
1.313000 0.675000 0.749700
1.388000 0.675000 0.761900
1.463000 0.675000 0.772800
1.538000 0.675000 0.782300
1.613000 0.675000 0.790100
1.688000 0.675000 0.796100
1.763000 0.675000 0.800400
1.838000 0.675000 0.802900
1.913000 0.675000 0.803400
1.988000 0.675000 0.802200
2.063000 0.675000 0.799100
2.138000 0.675000 0.794400
2.213000 0.675000 0.788100
2.288000 0.675000 0.780400
2.363000 0.675000 0.771500
2.438000 0.675000 0.761400
2.513000 0.675000 0.750400
2.588000 0.675000 0.738700
2.663000 0.675000 0.726500
2.738000 0.675000 0.713900
2.813000 0.675000 0.701200
2.888000 0.675000 0.688400
2.963000 0.675000 0.675800
3.038000 0.675000 0.663500
3.113000 0.675000 0.651700
3.188000 0.675000 0.640500
3.263000 0.675000 0.630000
3.338000 0.675000 0.620300
3.413000 0.675000 0.611700
3.488000 0.675000 0.604200
3.563000 0.675000 0.598000
3.638000 0.675000 0.593200
3.713000 0.675000 0.589900
3.788000 0.675000 0.588200
3.863000 0.675000 0.000000
-0.037500 0.825000 0.000000
0.037500 0.825000 0.541500
0.112500 0.825000 0.543400
0.187500 0.825000 0.547300
0.262500 0.825000 0.552900
0.337500 0.825000 0.560200
0.412500 0.825000 0.568900
0.487500 0.825000 0.578900
0.562500 0.825000 0.589900
0.637500 0.825000 0.601700
0.712500 0.825000 0.614300
0.787500 0.825000 0.627200
0.862500 0.825000 0.640400
0.937500 0.825000 0.653600
1.012000 0.825000 0.666700
1.087000 0.825000 0.679500
1.163000 0.825000 0.691800
1.238000 0.825000 0.703400
1.313000 0.825000 0.714100
1.388000 0.825000 0.723900
1.463000 0.825000 0.732600
1.538000 0.825000 0.740000
1.613000 0.825000 0.746100
1.688000 0.825000 0.750800
1.763000 0.825000 0.754000
1.838000 0.825000 0.755700
1.913000 0.825000 0.755900
1.988000 0.825000 0.754600
2.063000 0.825000 0.751900
2.138000 0.825000 0.747700
2.213000 0.825000 0.742300
2.288000 0.825000 0.735800
2.363000 0.825000 0.728200
2.438000 0.825000 0.719600
2.513000 0.825000 0.710300
2.588000 0.825000 0.700400
2.663000 0.825000 0.690000
2.738000 0.825000 0.679300
2.813000 0.825000 0.668500
2.888000 0.825000 0.657700
2.963000 0.825000 0.647000
3.038000 0.825000 0.636500
3.113000 0.825000 0.626500
3.188000 0.825000 0.617000
3.263000 0.825000 0.608200
3.338000 0.825000 0.600200
3.413000 0.825000 0.593100
3.488000 0.825000 0.586900
3.563000 0.825000 0.581900
3.638000 0.825000 0.578000
3.713000 0.825000 0.575400
3.788000 0.825000 0.574100
3.863000 0.825000 0.000000
-0.037500 0.975000 0.000000
0.037500 0.975000 0.536600
0.112500 0.975000 0.538100
0.187500 0.975000 0.541200
0.262500 0.975000 0.545600
0.337500 0.975000 0.551400
0.412500 0.975000 0.558400
0.487500 0.975000 0.566400
0.562500 0.975000 0.575400
0.637500 0.975000 0.585000
0.712500 0.975000 0.595300
0.787500 0.975000 0.605900
0.862500 0.975000 0.616800
0.937500 0.975000 0.627700
1.012000 0.975000 0.638500
1.087000 0.975000 0.649000
1.163000 0.975000 0.659200
1.238000 0.975000 0.668700
1.313000 0.975000 0.677600
1.388000 0.975000 0.685600
1.463000 0.975000 0.692700
1.538000 0.975000 0.698700
1.613000 0.975000 0.703600
1.688000 0.975000 0.707300
1.763000 0.975000 0.709800
1.838000 0.975000 0.711000
1.913000 0.975000 0.711000
1.988000 0.975000 0.709700
2.063000 0.975000 0.707100
2.138000 0.975000 0.703500
2.213000 0.975000 0.698700
2.288000 0.975000 0.693000
2.363000 0.975000 0.686400
2.438000 0.975000 0.679000
2.513000 0.975000 0.670900
2.588000 0.975000 0.662300
2.663000 0.975000 0.653300
2.738000 0.975000 0.644100
2.813000 0.975000 0.634700
2.888000 0.975000 0.625300
2.963000 0.975000 0.616000
3.038000 0.975000 0.607000
3.113000 0.975000 0.598400
3.188000 0.975000 0.590200
3.263000 0.975000 0.582700
3.338000 0.975000 0.575800
3.413000 0.975000 0.569700
3.488000 0.975000 0.564500
3.563000 0.975000 0.560300
3.638000 0.975000 0.557100
3.713000 0.975000 0.554900
3.788000 0.975000 0.553800
3.863000 0.975000 0.000000
-0.037500 1.125000 0.000000
0.037500 1.125000 0.520500
0.112500 1.125000 0.521700
0.187500 1.125000 0.524300
0.262500 1.125000 0.528000
0.337500 1.125000 0.532900
0.412500 1.125000 0.538800
0.487500 1.125000 0.545700
0.562500 1.125000 0.553300
0.637500 1.125000 0.561600
0.712500 1.125000 0.570300
0.787500 1.125000 0.579500
0.862500 1.125000 0.588800
0.937500 1.125000 0.598200
1.012000 1.125000 0.607500
1.087000 1.125000 0.616600
1.163000 1.125000 0.625300
1.238000 1.125000 0.633600
1.313000 1.125000 0.641200
1.388000 1.125000 0.648000
1.463000 1.125000 0.654100
1.538000 1.125000 0.659200
1.613000 1.125000 0.663300
1.688000 1.125000 0.666400
1.763000 1.125000 0.668500
1.838000 1.125000 0.669400
1.913000 1.125000 0.669200
1.988000 1.125000 0.667900
2.063000 1.125000 0.665600
2.138000 1.125000 0.662300
2.213000 1.125000 0.658000
2.288000 1.125000 0.652800
2.363000 1.125000 0.646900
2.438000 1.125000 0.640300
2.513000 1.125000 0.633100
2.588000 1.125000 0.625400
2.663000 1.125000 0.617400
2.738000 1.125000 0.609200
2.813000 1.125000 0.600800
2.888000 1.125000 0.592400
2.963000 1.125000 0.584200
3.038000 1.125000 0.576200
3.113000 1.125000 0.568500
3.188000 1.125000 0.561300
3.263000 1.125000 0.554600
3.338000 1.125000 0.548500
3.413000 1.125000 0.543200
3.488000 1.125000 0.538600
3.563000 1.125000 0.534900
3.638000 1.125000 0.532000
3.713000 1.125000 0.530200
3.788000 1.125000 0.529200
3.863000 1.125000 0.000000
-0.037500 1.275000 0.000000
0.037500 1.275000 0.470800
0.112500 1.275000 0.471800
0.187500 1.275000 0.473900
0.262500 1.275000 0.477000
0.337500 1.275000 0.481000
0.412500 1.275000 0.485900
0.487500 1.275000 0.491500
0.562500 1.275000 0.497800
0.637500 1.275000 0.504600
0.712500 1.275000 0.511900
0.787500 1.275000 0.519400
0.862500 1.275000 0.527200
0.937500 1.275000 0.535000
1.012000 1.275000 0.542700
1.087000 1.275000 0.550200
1.163000 1.275000 0.557500
1.238000 1.275000 0.564300
1.313000 1.275000 0.570600
1.388000 1.275000 0.576200
1.463000 1.275000 0.581200
1.538000 1.275000 0.585400
1.613000 1.275000 0.588800
1.688000 1.275000 0.591300
1.763000 1.275000 0.592900
1.838000 1.275000 0.593600
1.913000 1.275000 0.593400
1.988000 1.275000 0.592200
2.063000 1.275000 0.590200
2.138000 1.275000 0.587300
2.213000 1.275000 0.583600
2.288000 1.275000 0.579200
2.363000 1.275000 0.574100
2.438000 1.275000 0.568400
2.513000 1.275000 0.562300
2.588000 1.275000 0.555700
2.663000 1.275000 0.548900
2.738000 1.275000 0.541900
2.813000 1.275000 0.534700
2.888000 1.275000 0.527600
2.963000 1.275000 0.520600
3.038000 1.275000 0.513800
3.113000 1.275000 0.507300
3.188000 1.275000 0.501100
3.263000 1.275000 0.495500
3.338000 1.275000 0.490300
3.413000 1.275000 0.485800
3.488000 1.275000 0.482000
3.563000 1.275000 0.478800
3.638000 1.275000 0.476400
3.713000 1.275000 0.474800
3.788000 1.275000 0.474000
3.863000 1.275000 0.000000
-0.037500 1.425000 0.000000
0.037500 1.425000 0.395500
0.112500 1.425000 0.396300
0.187500 1.425000 0.397900
0.262500 1.425000 0.400200
0.337500 1.425000 0.403100
0.412500 1.425000 0.406800
0.487500 1.425000 0.410900
0.562500 1.425000 0.415600
0.637500 1.425000 0.420700
0.712500 1.425000 0.426100
0.787500 1.425000 0.431800
0.862500 1.425000 0.437600
0.937500 1.425000 0.443400
1.012000 1.425000 0.449200
1.087000 1.425000 0.454800
1.163000 1.425000 0.460300
1.238000 1.425000 0.465300
1.313000 1.425000 0.470000
1.388000 1.425000 0.474300
1.463000 1.425000 0.478000
1.538000 1.425000 0.481100
1.613000 1.425000 0.483500
1.688000 1.425000 0.485400
1.763000 1.425000 0.486500
1.838000 1.425000 0.486900
1.913000 1.425000 0.486600
1.988000 1.425000 0.485600
2.063000 1.425000 0.484000
2.138000 1.425000 0.481700
2.213000 1.425000 0.478800
2.288000 1.425000 0.475300
2.363000 1.425000 0.471300
2.438000 1.425000 0.466900
2.513000 1.425000 0.462100
2.588000 1.425000 0.457000
2.663000 1.425000 0.451700
2.738000 1.425000 0.446200
2.813000 1.425000 0.440700
2.888000 1.425000 0.435200
2.963000 1.425000 0.429800
3.038000 1.425000 0.424500
3.113000 1.425000 0.419400
3.188000 1.425000 0.414700
3.263000 1.425000 0.410300
3.338000 1.425000 0.406300
3.413000 1.425000 0.402900
3.488000 1.425000 0.399900
3.563000 1.425000 0.397500
3.638000 1.425000 0.395600
3.713000 1.425000 0.394400
3.788000 1.425000 0.393800
3.863000 1.425000 0.000000
-0.037500 1.575000 0.000000
0.037500 1.575000 0.324200
0.112500 1.575000 0.324800
0.187500 1.575000 0.325900
0.262500 1.575000 0.327600
0.337500 1.575000 0.329800
0.412500 1.575000 0.332400
0.487500 1.575000 0.335500
0.562500 1.575000 0.338900
0.637500 1.575000 0.342600
0.712500 1.575000 0.346600
0.787500 1.575000 0.350700
0.862500 1.575000 0.355000
0.937500 1.575000 0.359300
1.012000 1.575000 0.363500
1.087000 1.575000 0.367600
1.163000 1.575000 0.371600
1.238000 1.575000 0.375300
1.313000 1.575000 0.378700
1.388000 1.575000 0.381800
1.463000 1.575000 0.384500
1.538000 1.575000 0.386700
1.613000 1.575000 0.388500
1.688000 1.575000 0.389800
1.763000 1.575000 0.390600
1.838000 1.575000 0.390800
1.913000 1.575000 0.390500
1.988000 1.575000 0.389700
2.063000 1.575000 0.388400
2.138000 1.575000 0.386600
2.213000 1.575000 0.384300
2.288000 1.575000 0.381700
2.363000 1.575000 0.378600
2.438000 1.575000 0.375200
2.513000 1.575000 0.371600
2.588000 1.575000 0.367700
2.663000 1.575000 0.363700
2.738000 1.575000 0.359500
2.813000 1.575000 0.355300
2.888000 1.575000 0.351100
2.963000 1.575000 0.347000
3.038000 1.575000 0.343000
3.113000 1.575000 0.339100
3.188000 1.575000 0.335500
3.263000 1.575000 0.332200
3.338000 1.575000 0.329200
3.413000 1.575000 0.326600
3.488000 1.575000 0.324400
3.563000 1.575000 0.322500
3.638000 1.575000 0.321100
3.713000 1.575000 0.320200
3.788000 1.575000 0.319700
3.863000 1.575000 0.000000
-0.037500 1.725000 0.000000
0.037500 1.725000 0.259300
0.112500 1.725000 0.259800
0.187500 1.725000 0.260600
0.262500 1.725000 0.261800
0.337500 1.725000 0.263300
0.412500 1.725000 0.265200
0.487500 1.725000 0.267400
0.562500 1.725000 0.269800
0.637500 1.725000 0.272500
0.712500 1.725000 0.275300
0.787500 1.725000 0.278300
0.862500 1.725000 0.281400
0.937500 1.725000 0.284400
1.012000 1.725000 0.287500
1.087000 1.725000 0.290400
1.163000 1.725000 0.293200
1.238000 1.725000 0.295900
1.313000 1.725000 0.298300
1.388000 1.725000 0.300500
1.463000 1.725000 0.302400
1.538000 1.725000 0.304000
1.613000 1.725000 0.305200
1.688000 1.725000 0.306100
1.763000 1.725000 0.306600
1.838000 1.725000 0.306700
1.913000 1.725000 0.306400
1.988000 1.725000 0.305800
2.063000 1.725000 0.304800
2.138000 1.725000 0.303400
2.213000 1.725000 0.301700
2.288000 1.725000 0.299700
2.363000 1.725000 0.297400
2.438000 1.725000 0.294900
2.513000 1.725000 0.292100
2.588000 1.725000 0.289300
2.663000 1.725000 0.286200
2.738000 1.725000 0.283200
2.813000 1.725000 0.280000
2.888000 1.725000 0.276900
2.963000 1.725000 0.273900
3.038000 1.725000 0.270900
3.113000 1.725000 0.268100
3.188000 1.725000 0.265400
3.263000 1.725000 0.263000
3.338000 1.725000 0.260700
3.413000 1.725000 0.258800
3.488000 1.725000 0.257100
3.563000 1.725000 0.255800
3.638000 1.725000 0.254800
3.713000 1.725000 0.254100
3.788000 1.725000 0.253700
3.863000 1.725000 0.000000
-0.037500 1.875000 0.000000
0.037500 1.875000 0.202100
0.112500 1.875000 0.202300
0.187500 1.875000 0.202900
0.262500 1.875000 0.203700
0.337500 1.875000 0.204800
0.412500 1.875000 0.206100
0.487500 1.875000 0.207600
0.562500 1.875000 0.209300
0.637500 1.875000 0.211200
0.712500 1.875000 0.213100
0.787500 1.875000 0.215200
0.862500 1.875000 0.217300
0.937500 1.875000 0.219400
1.012000 1.875000 0.221500
1.087000 1.875000 0.223600
1.163000 1.875000 0.225500
1.238000 1.875000 0.227300
1.313000 1.875000 0.229000
1.388000 1.875000 0.230500
1.463000 1.875000 0.231800
1.538000 1.875000 0.232900
1.613000 1.875000 0.233700
1.688000 1.875000 0.234300
1.763000 1.875000 0.234600
1.838000 1.875000 0.234600
1.913000 1.875000 0.234400
1.988000 1.875000 0.233900
2.063000 1.875000 0.233100
2.138000 1.875000 0.232100
2.213000 1.875000 0.230800
2.288000 1.875000 0.229300
2.363000 1.875000 0.227700
2.438000 1.875000 0.225900
2.513000 1.875000 0.223900
2.588000 1.875000 0.221800
2.663000 1.875000 0.219600
2.738000 1.875000 0.217400
2.813000 1.875000 0.215200
2.888000 1.875000 0.212900
2.963000 1.875000 0.210700
3.038000 1.875000 0.208600
3.113000 1.875000 0.206500
3.188000 1.875000 0.204600
3.263000 1.875000 0.202900
3.338000 1.875000 0.201300
3.413000 1.875000 0.199900
3.488000 1.875000 0.198700
3.563000 1.875000 0.197700
3.638000 1.875000 0.197000
3.713000 1.875000 0.196500
3.788000 1.875000 0.196200
3.863000 1.875000 0.000000
-0.037500 2.025000 0.000000
0.037500 2.025000 0.152500
0.112500 2.025000 0.152700
0.187500 2.025000 0.153000
0.262500 2.025000 0.153600
0.337500 2.025000 0.154300
0.412500 2.025000 0.155100
0.487500 2.025000 0.156100
0.562500 2.025000 0.157200
0.637500 2.025000 0.158400
0.712500 2.025000 0.159700
0.787500 2.025000 0.161100
0.862500 2.025000 0.162400
0.937500 2.025000 0.163800
1.012000 2.025000 0.165200
1.087000 2.025000 0.166500
1.163000 2.025000 0.167800
1.238000 2.025000 0.169000
1.313000 2.025000 0.170100
1.388000 2.025000 0.171000
1.463000 2.025000 0.171800
1.538000 2.025000 0.172500
1.613000 2.025000 0.173000
1.688000 2.025000 0.173400
1.763000 2.025000 0.173500
1.838000 2.025000 0.173500
1.913000 2.025000 0.173300
1.988000 2.025000 0.172900
2.063000 2.025000 0.172400
2.138000 2.025000 0.171600
2.213000 2.025000 0.170800
2.288000 2.025000 0.169700
2.363000 2.025000 0.168600
2.438000 2.025000 0.167300
2.513000 2.025000 0.166000
2.588000 2.025000 0.164500
2.663000 2.025000 0.163000
2.738000 2.025000 0.161500
2.813000 2.025000 0.160000
2.888000 2.025000 0.158400
2.963000 2.025000 0.156900
3.038000 2.025000 0.155500
3.113000 2.025000 0.154100
3.188000 2.025000 0.152800
3.263000 2.025000 0.151600
3.338000 2.025000 0.150500
3.413000 2.025000 0.149600
3.488000 2.025000 0.148800
3.563000 2.025000 0.148100
3.638000 2.025000 0.147600
3.713000 2.025000 0.147300
3.788000 2.025000 0.147100
3.863000 2.025000 0.000000
-0.037500 2.175000 0.000000
0.037500 2.175000 0.110200
0.112500 2.175000 0.110300
0.187500 2.175000 0.110500
0.262500 2.175000 0.110800
0.337500 2.175000 0.111200
0.412500 2.175000 0.111700
0.487500 2.175000 0.112200
0.562500 2.175000 0.112900
0.637500 2.175000 0.113600
0.712500 2.175000 0.114300
0.787500 2.175000 0.115100
0.862500 2.175000 0.115900
0.937500 2.175000 0.116700
1.012000 2.175000 0.117400
1.087000 2.175000 0.118200
1.163000 2.175000 0.118900
1.238000 2.175000 0.119600
1.313000 2.175000 0.120200
1.388000 2.175000 0.120700
1.463000 2.175000 0.121200
1.538000 2.175000 0.121500
1.613000 2.175000 0.121800
1.688000 2.175000 0.121900
1.763000 2.175000 0.122000
1.838000 2.175000 0.121900
1.913000 2.175000 0.121800
1.988000 2.175000 0.121500
2.063000 2.175000 0.121100
2.138000 2.175000 0.120600
2.213000 2.175000 0.120100
2.288000 2.175000 0.119400
2.363000 2.175000 0.118700
2.438000 2.175000 0.117900
2.513000 2.175000 0.117000
2.588000 2.175000 0.116100
2.663000 2.175000 0.115200
2.738000 2.175000 0.114200
2.813000 2.175000 0.113300
2.888000 2.175000 0.112300
2.963000 2.175000 0.111400
3.038000 2.175000 0.110500
3.113000 2.175000 0.109700
3.188000 2.175000 0.108900
3.263000 2.175000 0.108100
3.338000 2.175000 0.107500
3.413000 2.175000 0.106900
3.488000 2.175000 0.106400
3.563000 2.175000 0.106000
3.638000 2.175000 0.105700
3.713000 2.175000 0.105500
3.788000 2.175000 0.105400
3.863000 2.175000 0.000000
-0.037500 2.325000 0.000000
0.037500 2.325000 0.086220
0.112500 2.325000 0.086280
0.187500 2.325000 0.086390
0.262500 2.325000 0.086570
0.337500 2.325000 0.086800
0.412500 2.325000 0.087090
0.487500 2.325000 0.087420
0.562500 2.325000 0.087790
0.637500 2.325000 0.088190
0.712500 2.325000 0.088620
0.787500 2.325000 0.089060
0.862500 2.325000 0.089520
0.937500 2.325000 0.089970
1.012000 2.325000 0.090420
1.087000 2.325000 0.090840
1.163000 2.325000 0.091250
1.238000 2.325000 0.091620
1.313000 2.325000 0.091960
1.388000 2.325000 0.092240
1.463000 2.325000 0.092480
1.538000 2.325000 0.092660
1.613000 2.325000 0.092780
1.688000 2.325000 0.092830
1.763000 2.325000 0.092820
1.838000 2.325000 0.092740
1.913000 2.325000 0.092600
1.988000 2.325000 0.092380
2.063000 2.325000 0.092110
2.138000 2.325000 0.091770
2.213000 2.325000 0.091380
2.288000 2.325000 0.090940
2.363000 2.325000 0.090450
2.438000 2.325000 0.089920
2.513000 2.325000 0.089350
2.588000 2.325000 0.088760
2.663000 2.325000 0.088150
2.738000 2.325000 0.087540
2.813000 2.325000 0.086920
2.888000 2.325000 0.086300
2.963000 2.325000 0.085710
3.038000 2.325000 0.085130
3.113000 2.325000 0.084580
3.188000 2.325000 0.084070
3.263000 2.325000 0.083600
3.338000 2.325000 0.083180
3.413000 2.325000 0.082820
3.488000 2.325000 0.082510
3.563000 2.325000 0.082260
3.638000 2.325000 0.082070
3.713000 2.325000 0.081940
3.788000 2.325000 0.081880
3.863000 2.325000 0.000000
-0.037500 2.475000 0.000000
0.037500 2.475000 0.075860
0.112500 2.475000 0.075900
0.187500 2.475000 0.075990
0.262500 2.475000 0.076120
0.337500 2.475000 0.076300
0.412500 2.475000 0.076510
0.487500 2.475000 0.076760
0.562500 2.475000 0.077030
0.637500 2.475000 0.077340
0.712500 2.475000 0.077650
0.787500 2.475000 0.077990
0.862500 2.475000 0.078320
0.937500 2.475000 0.078660
1.012000 2.475000 0.078990
1.087000 2.475000 0.079300
1.163000 2.475000 0.079600
1.238000 2.475000 0.079870
1.313000 2.475000 0.080110
1.388000 2.475000 0.080310
1.463000 2.475000 0.080480
1.538000 2.475000 0.080600
1.613000 2.475000 0.080670
1.688000 2.475000 0.080690
1.763000 2.475000 0.080660
1.838000 2.475000 0.080580
1.913000 2.475000 0.080440
1.988000 2.475000 0.080260
2.063000 2.475000 0.080030
2.138000 2.475000 0.079750
2.213000 2.475000 0.079420
2.288000 2.475000 0.079060
2.363000 2.475000 0.078660
2.438000 2.475000 0.078230
2.513000 2.475000 0.077770
2.588000 2.475000 0.077300
2.663000 2.475000 0.076810
2.738000 2.475000 0.076320
2.813000 2.475000 0.075820
2.888000 2.475000 0.075330
2.963000 2.475000 0.074860
3.038000 2.475000 0.074400
3.113000 2.475000 0.073970
3.188000 2.475000 0.073560
3.263000 2.475000 0.073190
3.338000 2.475000 0.072860
3.413000 2.475000 0.072580
3.488000 2.475000 0.072340
3.563000 2.475000 0.072140
3.638000 2.475000 0.072000
3.713000 2.475000 0.071900
3.788000 2.475000 0.071850
3.863000 2.475000 0.000000
-0.037500 2.625000 0.000000
0.037500 2.625000 0.067120
0.112500 2.625000 0.067150
0.187500 2.625000 0.067220
0.262500 2.625000 0.067330
0.337500 2.625000 0.067460
0.412500 2.625000 0.067630
0.487500 2.625000 0.067820
0.562500 2.625000 0.068040
0.637500 2.625000 0.068270
0.712500 2.625000 0.068510
0.787500 2.625000 0.068770
0.862500 2.625000 0.069030
0.937500 2.625000 0.069280
1.012000 2.625000 0.069530
1.087000 2.625000 0.069770
1.163000 2.625000 0.070000
1.238000 2.625000 0.070200
1.313000 2.625000 0.070370
1.388000 2.625000 0.070520
1.463000 2.625000 0.070640
1.538000 2.625000 0.070720
1.613000 2.625000 0.070760
1.688000 2.625000 0.070760
1.763000 2.625000 0.070720
1.838000 2.625000 0.070640
1.913000 2.625000 0.070520
1.988000 2.625000 0.070360
2.063000 2.625000 0.070160
2.138000 2.625000 0.069920
2.213000 2.625000 0.069650
2.288000 2.625000 0.069350
2.363000 2.625000 0.069010
2.438000 2.625000 0.068660
2.513000 2.625000 0.068280
2.588000 2.625000 0.067890
2.663000 2.625000 0.067490
2.738000 2.625000 0.067090
2.813000 2.625000 0.066680
2.888000 2.625000 0.066280
2.963000 2.625000 0.065900
3.038000 2.625000 0.065520
3.113000 2.625000 0.065170
3.188000 2.625000 0.064840
3.263000 2.625000 0.064550
3.338000 2.625000 0.064280
3.413000 2.625000 0.064050
3.488000 2.625000 0.063860
3.563000 2.625000 0.063710
3.638000 2.625000 0.063590
3.713000 2.625000 0.063520
3.788000 2.625000 0.063480
3.863000 2.625000 0.000000
-0.037500 2.775000 0.000000
0.037500 2.775000 0.059940
0.112500 2.775000 0.059970
0.187500 2.775000 0.060030
0.262500 2.775000 0.060120
0.337500 2.775000 0.060230
0.412500 2.775000 0.060370
0.487500 2.775000 0.060520
0.562500 2.775000 0.060700
0.637500 2.775000 0.060890
0.712500 2.775000 0.061090
0.787500 2.775000 0.061300
0.862500 2.775000 0.061500
0.937500 2.775000 0.061710
1.012000 2.775000 0.061910
1.087000 2.775000 0.062110
1.163000 2.775000 0.062280
1.238000 2.775000 0.062440
1.313000 2.775000 0.062580
1.388000 2.775000 0.062700
1.463000 2.775000 0.062790
1.538000 2.775000 0.062840
1.613000 2.775000 0.062870
1.688000 2.775000 0.062860
1.763000 2.775000 0.062820
1.838000 2.775000 0.062750
1.913000 2.775000 0.062640
1.988000 2.775000 0.062490
2.063000 2.775000 0.062320
2.138000 2.775000 0.062110
2.213000 2.775000 0.061880
2.288000 2.775000 0.061610
2.363000 2.775000 0.061330
2.438000 2.775000 0.061020
2.513000 2.775000 0.060700
2.588000 2.775000 0.060370
2.663000 2.775000 0.060030
2.738000 2.775000 0.059690
2.813000 2.775000 0.059340
2.888000 2.775000 0.059010
2.963000 2.775000 0.058680
3.038000 2.775000 0.058360
3.113000 2.775000 0.058060
3.188000 2.775000 0.057790
3.263000 2.775000 0.057540
3.338000 2.775000 0.057320
3.413000 2.775000 0.057120
3.488000 2.775000 0.056960
3.563000 2.775000 0.056840
3.638000 2.775000 0.056740
3.713000 2.775000 0.056680
3.788000 2.775000 0.056650
3.863000 2.775000 0.000000
-0.037500 2.925000 0.000000
0.037500 2.925000 0.048550
0.112500 2.925000 0.048580
0.187500 2.925000 0.048630
0.262500 2.925000 0.048700
0.337500 2.925000 0.048790
0.412500 2.925000 0.048890
0.487500 2.925000 0.049010
0.562500 2.925000 0.049150
0.637500 2.925000 0.049290
0.712500 2.925000 0.049450
0.787500 2.925000 0.049610
0.862500 2.925000 0.049770
0.937500 2.925000 0.049920
1.012000 2.925000 0.050080
1.087000 2.925000 0.050220
1.163000 2.925000 0.050360
1.238000 2.925000 0.050480
1.313000 2.925000 0.050590
1.388000 2.925000 0.050670
1.463000 2.925000 0.050730
1.538000 2.925000 0.050780
1.613000 2.925000 0.050790
1.688000 2.925000 0.050780
1.763000 2.925000 0.050750
1.838000 2.925000 0.050680
1.913000 2.925000 0.050590
1.988000 2.925000 0.050480
2.063000 2.925000 0.050340
2.138000 2.925000 0.050170
2.213000 2.925000 0.049980
2.288000 2.925000 0.049780
2.363000 2.925000 0.049550
2.438000 2.925000 0.049310
2.513000 2.925000 0.049060
2.588000 2.925000 0.048790
2.663000 2.925000 0.048520
2.738000 2.925000 0.048250
2.813000 2.925000 0.047980
2.888000 2.925000 0.047720
2.963000 2.925000 0.047460
3.038000 2.925000 0.047210
3.113000 2.925000 0.046980
3.188000 2.925000 0.046760
3.263000 2.925000 0.046570
3.338000 2.925000 0.046390
3.413000 2.925000 0.046240
3.488000 2.925000 0.046120
3.563000 2.925000 0.046020
3.638000 2.925000 0.045950
3.713000 2.925000 0.045900
3.788000 2.925000 0.045870
3.863000 2.925000 0.000000
-0.037500 3.075000 0.000000
0.037500 3.075000 0.035620
0.112500 3.075000 0.035640
0.187500 3.075000 0.035670
0.262500 3.075000 0.035720
0.337500 3.075000 0.035780
0.412500 3.075000 0.035850
0.487500 3.075000 0.035930
0.562500 3.075000 0.036020
0.637500 3.075000 0.036120
0.712500 3.075000 0.036230
0.787500 3.075000 0.036330
0.862500 3.075000 0.036440
0.937500 3.075000 0.036550
1.012000 3.075000 0.036650
1.087000 3.075000 0.036750
1.163000 3.075000 0.036840
1.238000 3.075000 0.036920
1.313000 3.075000 0.036990
1.388000 3.075000 0.037040
1.463000 3.075000 0.037090
1.538000 3.075000 0.037110
1.613000 3.075000 0.037120
1.688000 3.075000 0.037110
1.763000 3.075000 0.037080
1.838000 3.075000 0.037030
1.913000 3.075000 0.036960
1.988000 3.075000 0.036880
2.063000 3.075000 0.036770
2.138000 3.075000 0.036660
2.213000 3.075000 0.036520
2.288000 3.075000 0.036370
2.363000 3.075000 0.036210
2.438000 3.075000 0.036040
2.513000 3.075000 0.035860
2.588000 3.075000 0.035680
2.663000 3.075000 0.035490
2.738000 3.075000 0.035290
2.813000 3.075000 0.035100
2.888000 3.075000 0.034920
2.963000 3.075000 0.034730
3.038000 3.075000 0.034560
3.113000 3.075000 0.034400
3.188000 3.075000 0.034240
3.263000 3.075000 0.034100
3.338000 3.075000 0.033980
3.413000 3.075000 0.033880
3.488000 3.075000 0.033790
3.563000 3.075000 0.033720
3.638000 3.075000 0.033660
3.713000 3.075000 0.033630
3.788000 3.075000 0.033610
3.863000 3.075000 0.000000
-0.037500 3.225000 0.000000
0.037500 3.225000 0.025910
0.112500 3.225000 0.025920
0.187500 3.225000 0.025940
0.262500 3.225000 0.025970
0.337500 3.225000 0.026010
0.412500 3.225000 0.026060
0.487500 3.225000 0.026110
0.562500 3.225000 0.026180
0.637500 3.225000 0.026240
0.712500 3.225000 0.026310
0.787500 3.225000 0.026380
0.862500 3.225000 0.026460
0.937500 3.225000 0.026530
1.012000 3.225000 0.026600
1.087000 3.225000 0.026660
1.163000 3.225000 0.026720
1.238000 3.225000 0.026770
1.313000 3.225000 0.026820
1.388000 3.225000 0.026850
1.463000 3.225000 0.026880
1.538000 3.225000 0.026890
1.613000 3.225000 0.026890
1.688000 3.225000 0.026880
1.763000 3.225000 0.026860
1.838000 3.225000 0.026820
1.913000 3.225000 0.026770
1.988000 3.225000 0.026710
2.063000 3.225000 0.026640
2.138000 3.225000 0.026560
2.213000 3.225000 0.026460
2.288000 3.225000 0.026350
2.363000 3.225000 0.026240
2.438000 3.225000 0.026120
2.513000 3.225000 0.025990
2.588000 3.225000 0.025860
2.663000 3.225000 0.025730
2.738000 3.225000 0.025600
2.813000 3.225000 0.025460
2.888000 3.225000 0.025330
2.963000 3.225000 0.025200
3.038000 3.225000 0.025080
3.113000 3.225000 0.024970
3.188000 3.225000 0.024860
3.263000 3.225000 0.024760
3.338000 3.225000 0.024680
3.413000 3.225000 0.024600
3.488000 3.225000 0.024540
3.563000 3.225000 0.024490
3.638000 3.225000 0.024450
3.713000 3.225000 0.024420
3.788000 3.225000 0.024400
3.863000 3.225000 0.000000
-0.037500 3.375000 0.000000
0.037500 3.375000 0.018680
0.112500 3.375000 0.018690
0.187500 3.375000 0.018700
0.262500 3.375000 0.018720
0.337500 3.375000 0.018750
0.412500 3.375000 0.018780
0.487500 3.375000 0.018820
0.562500 3.375000 0.018860
0.637500 3.375000 0.018900
0.712500 3.375000 0.018950
0.787500 3.375000 0.019000
0.862500 3.375000 0.019040
0.937500 3.375000 0.019090
1.012000 3.375000 0.019140
1.087000 3.375000 0.019180
1.163000 3.375000 0.019220
1.238000 3.375000 0.019250
1.313000 3.375000 0.019280
1.388000 3.375000 0.019300
1.463000 3.375000 0.019320
1.538000 3.375000 0.019320
1.613000 3.375000 0.019320
1.688000 3.375000 0.019310
1.763000 3.375000 0.019300
1.838000 3.375000 0.019270
1.913000 3.375000 0.019230
1.988000 3.375000 0.019190
2.063000 3.375000 0.019140
2.138000 3.375000 0.019080
2.213000 3.375000 0.019010
2.288000 3.375000 0.018940
2.363000 3.375000 0.018860
2.438000 3.375000 0.018770
2.513000 3.375000 0.018680
2.588000 3.375000 0.018590
2.663000 3.375000 0.018500
2.738000 3.375000 0.018410
2.813000 3.375000 0.018320
2.888000 3.375000 0.018220
2.963000 3.375000 0.018140
3.038000 3.375000 0.018050
3.113000 3.375000 0.017970
3.188000 3.375000 0.017900
3.263000 3.375000 0.017830
3.338000 3.375000 0.017770
3.413000 3.375000 0.017710
3.488000 3.375000 0.017670
3.563000 3.375000 0.017630
3.638000 3.375000 0.017600
3.713000 3.375000 0.017580
3.788000 3.375000 0.017570
3.863000 3.375000 0.000000
-0.037500 3.525000 0.000000
0.037500 3.525000 0.013360
0.112500 3.525000 0.013360
0.187500 3.525000 0.013370
0.262500 3.525000 0.013380
0.337500 3.525000 0.013400
0.412500 3.525000 0.013420
0.487500 3.525000 0.013450
0.562500 3.525000 0.013470
0.637500 3.525000 0.013500
0.712500 3.525000 0.013530
0.787500 3.525000 0.013560
0.862500 3.525000 0.013590
0.937500 3.525000 0.013620
1.012000 3.525000 0.013650
1.087000 3.525000 0.013680
1.163000 3.525000 0.013710
1.238000 3.525000 0.013730
1.313000 3.525000 0.013750
1.388000 3.525000 0.013760
1.463000 3.525000 0.013770
1.538000 3.525000 0.013770
1.613000 3.525000 0.013770
1.688000 3.525000 0.013760
1.763000 3.525000 0.013750
1.838000 3.525000 0.013730
1.913000 3.525000 0.013700
1.988000 3.525000 0.013670
2.063000 3.525000 0.013640
2.138000 3.525000 0.013590
2.213000 3.525000 0.013550
2.288000 3.525000 0.013500
2.363000 3.525000 0.013440
2.438000 3.525000 0.013380
2.513000 3.525000 0.013320
2.588000 3.525000 0.013260
2.663000 3.525000 0.013190
2.738000 3.525000 0.013130
2.813000 3.525000 0.013060
2.888000 3.525000 0.013000
2.963000 3.525000 0.012940
3.038000 3.525000 0.012880
3.113000 3.525000 0.012830
3.188000 3.525000 0.012780
3.263000 3.525000 0.012730
3.338000 3.525000 0.012690
3.413000 3.525000 0.012650
3.488000 3.525000 0.012620
3.563000 3.525000 0.012590
3.638000 3.525000 0.012570
3.713000 3.525000 0.012550
3.788000 3.525000 0.012550
3.863000 3.525000 0.000000
-0.037500 3.675000 0.000000
0.037500 3.675000 0.009473
0.112500 3.675000 0.009476
0.187500 3.675000 0.009482
0.262500 3.675000 0.009490
0.337500 3.675000 0.009501
0.412500 3.675000 0.009514
0.487500 3.675000 0.009530
0.562500 3.675000 0.009547
0.637500 3.675000 0.009566
0.712500 3.675000 0.009586
0.787500 3.675000 0.009606
0.862500 3.675000 0.009627
0.937500 3.675000 0.009647
1.012000 3.675000 0.009666
1.087000 3.675000 0.009683
1.163000 3.675000 0.009699
1.238000 3.675000 0.009713
1.313000 3.675000 0.009724
1.388000 3.675000 0.009732
1.463000 3.675000 0.009737
1.538000 3.675000 0.009739
1.613000 3.675000 0.009736
1.688000 3.675000 0.009730
1.763000 3.675000 0.009720
1.838000 3.675000 0.009706
1.913000 3.675000 0.009687
1.988000 3.675000 0.009665
2.063000 3.675000 0.009639
2.138000 3.675000 0.009610
2.213000 3.675000 0.009577
2.288000 3.675000 0.009542
2.363000 3.675000 0.009504
2.438000 3.675000 0.009463
2.513000 3.675000 0.009421
2.588000 3.675000 0.009378
2.663000 3.675000 0.009334
2.738000 3.675000 0.009290
2.813000 3.675000 0.009246
2.888000 3.675000 0.009203
2.963000 3.675000 0.009161
3.038000 3.675000 0.009121
3.113000 3.675000 0.009083
3.188000 3.675000 0.009048
3.263000 3.675000 0.009015
3.338000 3.675000 0.008986
3.413000 3.675000 0.008960
3.488000 3.675000 0.008938
3.563000 3.675000 0.008920
3.638000 3.675000 0.008905
3.713000 3.675000 0.008894
3.788000 3.675000 0.008887
3.863000 3.675000 0.000000
-0.037500 3.825000 0.000000
0.037500 3.825000 0.006667
0.112500 3.825000 0.006669
0.187500 3.825000 0.006673
0.262500 3.825000 0.006678
0.337500 3.825000 0.006685
0.412500 3.825000 0.006694
0.487500 3.825000 0.006704
0.562500 3.825000 0.006715
0.637500 3.825000 0.006727
0.712500 3.825000 0.006740
0.787500 3.825000 0.006753
0.862500 3.825000 0.006766
0.937500 3.825000 0.006779
1.012000 3.825000 0.006791
1.087000 3.825000 0.006803
1.163000 3.825000 0.006813
1.238000 3.825000 0.006821
1.313000 3.825000 0.006828
1.388000 3.825000 0.006833
1.463000 3.825000 0.006835
1.538000 3.825000 0.006836
1.613000 3.825000 0.006833
1.688000 3.825000 0.006829
1.763000 3.825000 0.006821
1.838000 3.825000 0.006811
1.913000 3.825000 0.006798
1.988000 3.825000 0.006782
2.063000 3.825000 0.006764
2.138000 3.825000 0.006744
2.213000 3.825000 0.006722
2.288000 3.825000 0.006697
2.363000 3.825000 0.006671
2.438000 3.825000 0.006644
2.513000 3.825000 0.006615
2.588000 3.825000 0.006585
2.663000 3.825000 0.006555
2.738000 3.825000 0.006525
2.813000 3.825000 0.006495
2.888000 3.825000 0.006466
2.963000 3.825000 0.006437
3.038000 3.825000 0.006410
3.113000 3.825000 0.006384
3.188000 3.825000 0.006360
3.263000 3.825000 0.006338
3.338000 3.825000 0.006318
3.413000 3.825000 0.006300
3.488000 3.825000 0.006285
3.563000 3.825000 0.006272
3.638000 3.825000 0.006262
3.713000 3.825000 0.006254
3.788000 3.825000 0.006249
3.863000 3.825000 0.000000
-0.037500 3.975000 0.000000
0.037500 3.975000 0.004660
0.112500 3.975000 0.004662
0.187500 3.975000 0.004664
0.262500 3.975000 0.004667
0.337500 3.975000 0.004672
0.412500 3.975000 0.004677
0.487500 3.975000 0.004684
0.562500 3.975000 0.004691
0.637500 3.975000 0.004699
0.712500 3.975000 0.004707
0.787500 3.975000 0.004715
0.862500 3.975000 0.004724
0.937500 3.975000 0.004732
1.012000 3.975000 0.004739
1.087000 3.975000 0.004747
1.163000 3.975000 0.004753
1.238000 3.975000 0.004758
1.313000 3.975000 0.004762
1.388000 3.975000 0.004765
1.463000 3.975000 0.004766
1.538000 3.975000 0.004766
1.613000 3.975000 0.004764
1.688000 3.975000 0.004760
1.763000 3.975000 0.004755
1.838000 3.975000 0.004747
1.913000 3.975000 0.004738
1.988000 3.975000 0.004728
2.063000 3.975000 0.004715
2.138000 3.975000 0.004701
2.213000 3.975000 0.004686
2.288000 3.975000 0.004669
2.363000 3.975000 0.004651
2.438000 3.975000 0.004633
2.513000 3.975000 0.004613
2.588000 3.975000 0.004593
2.663000 3.975000 0.004573
2.738000 3.975000 0.004553
2.813000 3.975000 0.004532
2.888000 3.975000 0.004512
2.963000 3.975000 0.004493
3.038000 3.975000 0.004474
3.113000 3.975000 0.004457
3.188000 3.975000 0.004441
3.263000 3.975000 0.004425
3.338000 3.975000 0.004412
3.413000 3.975000 0.004400
3.488000 3.975000 0.004389
3.563000 3.975000 0.004381
3.638000 3.975000 0.004374
3.713000 3.975000 0.004368
3.788000 3.975000 0.004364
3.863000 3.975000 0.000000
-0.037500 4.125000 0.000000
0.037500 4.125000 0.003239
0.112500 4.125000 0.003240
0.187500 4.125000 0.003241
0.262500 4.125000 0.003243
0.337500 4.125000 0.003246
0.412500 4.125000 0.003250
0.487500 4.125000 0.003254
0.562500 4.125000 0.003258
0.637500 4.125000 0.003263
0.712500 4.125000 0.003268
0.787500 4.125000 0.003274
0.862500 4.125000 0.003279
0.937500 4.125000 0.003284
1.012000 4.125000 0.003289
1.087000 4.125000 0.003293
1.163000 4.125000 0.003297
1.238000 4.125000 0.003300
1.313000 4.125000 0.003303
1.388000 4.125000 0.003304
1.463000 4.125000 0.003305
1.538000 4.125000 0.003304
1.613000 4.125000 0.003303
1.688000 4.125000 0.003300
1.763000 4.125000 0.003296
1.838000 4.125000 0.003291
1.913000 4.125000 0.003284
1.988000 4.125000 0.003277
2.063000 4.125000 0.003268
2.138000 4.125000 0.003259
2.213000 4.125000 0.003248
2.288000 4.125000 0.003237
2.363000 4.125000 0.003225
2.438000 4.125000 0.003212
2.513000 4.125000 0.003199
2.588000 4.125000 0.003186
2.663000 4.125000 0.003172
2.738000 4.125000 0.003158
2.813000 4.125000 0.003145
2.888000 4.125000 0.003131
2.963000 4.125000 0.003118
3.038000 4.125000 0.003106
3.113000 4.125000 0.003094
3.188000 4.125000 0.003083
3.263000 4.125000 0.003073
3.338000 4.125000 0.003063
3.413000 4.125000 0.003055
3.488000 4.125000 0.003048
3.563000 4.125000 0.003042
3.638000 4.125000 0.003037
3.713000 4.125000 0.003033
3.788000 4.125000 0.003031
3.863000 4.125000 0.000000
-0.037500 4.275000 0.000000
0.037500 4.275000 0.002243
0.112500 4.275000 0.002243
0.187500 4.275000 0.002244
0.262500 4.275000 0.002245
0.337500 4.275000 0.002247
0.412500 4.275000 0.002249
0.487500 4.275000 0.002252
0.562500 4.275000 0.002255
0.637500 4.275000 0.002258
0.712500 4.275000 0.002261
0.787500 4.275000 0.002265
0.862500 4.275000 0.002268
0.937500 4.275000 0.002271
1.012000 4.275000 0.002274
1.087000 4.275000 0.002277
1.163000 4.275000 0.002279
1.238000 4.275000 0.002281
1.313000 4.275000 0.002282
1.388000 4.275000 0.002283
1.463000 4.275000 0.002283
1.538000 4.275000 0.002283
1.613000 4.275000 0.002281
1.688000 4.275000 0.002279
1.763000 4.275000 0.002277
1.838000 4.275000 0.002273
1.913000 4.275000 0.002269
1.988000 4.275000 0.002263
2.063000 4.275000 0.002258
2.138000 4.275000 0.002251
2.213000 4.275000 0.002244
2.288000 4.275000 0.002236
2.363000 4.275000 0.002228
2.438000 4.275000 0.002220
2.513000 4.275000 0.002211
2.588000 4.275000 0.002202
2.663000 4.275000 0.002193
2.738000 4.275000 0.002183
2.813000 4.275000 0.002174
2.888000 4.275000 0.002165
2.963000 4.275000 0.002156
3.038000 4.275000 0.002148
3.113000 4.275000 0.002140
3.188000 4.275000 0.002133
3.263000 4.275000 0.002126
3.338000 4.275000 0.002120
3.413000 4.275000 0.002114
3.488000 4.275000 0.002109
3.563000 4.275000 0.002105
3.638000 4.275000 0.002102
3.713000 4.275000 0.002099
3.788000 4.275000 0.002098
3.863000 4.275000 0.000000
-0.037500 4.425000 0.000000
0.037500 4.425000 0.001554
0.112500 4.425000 0.001554
0.187500 4.425000 0.001555
0.262500 4.425000 0.001556
0.337500 4.425000 0.001557
0.412500 4.425000 0.001558
0.487500 4.425000 0.001560
0.562500 4.425000 0.001562
0.637500 4.425000 0.001564
0.712500 4.425000 0.001566
0.787500 4.425000 0.001568
0.862500 4.425000 0.001570
0.937500 4.425000 0.001572
1.012000 4.425000 0.001574
1.087000 4.425000 0.001575
1.163000 4.425000 0.001577
1.238000 4.425000 0.001578
1.313000 4.425000 0.001578
1.388000 4.425000 0.001579
1.463000 4.425000 0.001579
1.538000 4.425000 0.001578
1.613000 4.425000 0.001577
1.688000 4.425000 0.001576
1.763000 4.425000 0.001574
1.838000 4.425000 0.001571
1.913000 4.425000 0.001568
1.988000 4.425000 0.001565
2.063000 4.425000 0.001561
2.138000 4.425000 0.001556
2.213000 4.425000 0.001552
2.288000 4.425000 0.001546
2.363000 4.425000 0.001541
2.438000 4.425000 0.001535
2.513000 4.425000 0.001529
2.588000 4.425000 0.001523
2.663000 4.425000 0.001517
2.738000 4.425000 0.001511
2.813000 4.425000 0.001504
2.888000 4.425000 0.001498
2.963000 4.425000 0.001493
3.038000 4.425000 0.001487
3.113000 4.425000 0.001482
3.188000 4.425000 0.001477
3.263000 4.425000 0.001472
3.338000 4.425000 0.001468
3.413000 4.425000 0.001464
3.488000 4.425000 0.001461
3.563000 4.425000 0.001458
3.638000 4.425000 0.001456
3.713000 4.425000 0.001454
3.788000 4.425000 0.001453
3.863000 4.425000 0.000000
-0.037500 4.575000 0.000000
0.037500 4.575000 0.001087
0.112500 4.575000 0.001088
0.187500 4.575000 0.001088
0.262500 4.575000 0.001089
0.337500 4.575000 0.001089
0.412500 4.575000 0.001090
0.487500 4.575000 0.001091
0.562500 4.575000 0.001092
0.637500 4.575000 0.001094
0.712500 4.575000 0.001095
0.787500 4.575000 0.001096
0.862500 4.575000 0.001097
0.937500 4.575000 0.001099
1.012000 4.575000 0.001100
1.087000 4.575000 0.001101
1.163000 4.575000 0.001102
1.238000 4.575000 0.001102
1.313000 4.575000 0.001103
1.388000 4.575000 0.001103
1.463000 4.575000 0.001103
1.538000 4.575000 0.001102
1.613000 4.575000 0.001101
1.688000 4.575000 0.001100
1.763000 4.575000 0.001099
1.838000 4.575000 0.001097
1.913000 4.575000 0.001095
1.988000 4.575000 0.001093
2.063000 4.575000 0.001090
2.138000 4.575000 0.001087
2.213000 4.575000 0.001084
2.288000 4.575000 0.001080
2.363000 4.575000 0.001076
2.438000 4.575000 0.001072
2.513000 4.575000 0.001068
2.588000 4.575000 0.001064
2.663000 4.575000 0.001060
2.738000 4.575000 0.001056
2.813000 4.575000 0.001052
2.888000 4.575000 0.001047
2.963000 4.575000 0.001043
3.038000 4.575000 0.001040
3.113000 4.575000 0.001036
3.188000 4.575000 0.001033
3.263000 4.575000 0.001029
3.338000 4.575000 0.001027
3.413000 4.575000 0.001024
3.488000 4.575000 0.001022
3.563000 4.575000 0.001020
3.638000 4.575000 0.001018
3.713000 4.575000 0.001017
3.788000 4.575000 0.001016
3.863000 4.575000 0.000000
-0.037500 4.725000 0.000000
0.037500 4.725000 0.000783
0.112500 4.725000 0.000783
0.187500 4.725000 0.000784
0.262500 4.725000 0.000784
0.337500 4.725000 0.000784
0.412500 4.725000 0.000785
0.487500 4.725000 0.000786
0.562500 4.725000 0.000786
0.637500 4.725000 0.000787
0.712500 4.725000 0.000788
0.787500 4.725000 0.000789
0.862500 4.725000 0.000790
0.937500 4.725000 0.000791
1.012000 4.725000 0.000791
1.087000 4.725000 0.000792
1.163000 4.725000 0.000792
1.238000 4.725000 0.000793
1.313000 4.725000 0.000793
1.388000 4.725000 0.000793
1.463000 4.725000 0.000793
1.538000 4.725000 0.000792
1.613000 4.725000 0.000792
1.688000 4.725000 0.000791
1.763000 4.725000 0.000790
1.838000 4.725000 0.000789
1.913000 4.725000 0.000787
1.988000 4.725000 0.000785
2.063000 4.725000 0.000783
2.138000 4.725000 0.000781
2.213000 4.725000 0.000779
2.288000 4.725000 0.000776
2.363000 4.725000 0.000774
2.438000 4.725000 0.000771
2.513000 4.725000 0.000768
2.588000 4.725000 0.000765
2.663000 4.725000 0.000762
2.738000 4.725000 0.000759
2.813000 4.725000 0.000756
2.888000 4.725000 0.000754
2.963000 4.725000 0.000751
3.038000 4.725000 0.000748
3.113000 4.725000 0.000746
3.188000 4.725000 0.000743
3.263000 4.725000 0.000741
3.338000 4.725000 0.000739
3.413000 4.725000 0.000737
3.488000 4.725000 0.000736
3.563000 4.725000 0.000734
3.638000 4.725000 0.000733
3.713000 4.725000 0.000732
3.788000 4.725000 0.000732
3.863000 4.725000 0.000000
-0.037500 4.875000 0.000000
0.037500 4.875000 0.000601
0.112500 4.875000 0.000601
0.187500 4.875000 0.000601
0.262500 4.875000 0.000601
0.337500 4.875000 0.000601
0.412500 4.875000 0.000602
0.487500 4.875000 0.000602
0.562500 4.875000 0.000603
0.637500 4.875000 0.000603
0.712500 4.875000 0.000604
0.787500 4.875000 0.000605
0.862500 4.875000 0.000605
0.937500 4.875000 0.000606
1.012000 4.875000 0.000606
1.087000 4.875000 0.000606
1.163000 4.875000 0.000607
1.238000 4.875000 0.000607
1.313000 4.875000 0.000607
1.388000 4.875000 0.000607
1.463000 4.875000 0.000607
1.538000 4.875000 0.000607
1.613000 4.875000 0.000606
1.688000 4.875000 0.000605
1.763000 4.875000 0.000605
1.838000 4.875000 0.000603
1.913000 4.875000 0.000602
1.988000 4.875000 0.000601
2.063000 4.875000 0.000600
2.138000 4.875000 0.000598
2.213000 4.875000 0.000596
2.288000 4.875000 0.000594
2.363000 4.875000 0.000592
2.438000 4.875000 0.000590
2.513000 4.875000 0.000588
2.588000 4.875000 0.000586
2.663000 4.875000 0.000584
2.738000 4.875000 0.000582
2.813000 4.875000 0.000579
2.888000 4.875000 0.000577
2.963000 4.875000 0.000575
3.038000 4.875000 0.000573
3.113000 4.875000 0.000571
3.188000 4.875000 0.000570
3.263000 4.875000 0.000568
3.338000 4.875000 0.000567
3.413000 4.875000 0.000565
3.488000 4.875000 0.000564
3.563000 4.875000 0.000563
3.638000 4.875000 0.000562
3.713000 4.875000 0.000562
3.788000 4.875000 0.000561
3.863000 4.875000 0.000000
-0.037500 5.025000 0.000000
0.037500 5.025000 0.000515
0.112500 5.025000 0.000515
0.187500 5.025000 0.000515
0.262500 5.025000 0.000516
0.337500 5.025000 0.000516
0.412500 5.025000 0.000516
0.487500 5.025000 0.000516
0.562500 5.025000 0.000517
0.637500 5.025000 0.000517
0.712500 5.025000 0.000518
0.787500 5.025000 0.000518
0.862500 5.025000 0.000519
0.937500 5.025000 0.000519
1.012000 5.025000 0.000519
1.087000 5.025000 0.000520
1.163000 5.025000 0.000520
1.238000 5.025000 0.000520
1.313000 5.025000 0.000520
1.388000 5.025000 0.000520
1.463000 5.025000 0.000520
1.538000 5.025000 0.000520
1.613000 5.025000 0.000519
1.688000 5.025000 0.000518
1.763000 5.025000 0.000518
1.838000 5.025000 0.000517
1.913000 5.025000 0.000516
1.988000 5.025000 0.000515
2.063000 5.025000 0.000514
2.138000 5.025000 0.000512
2.213000 5.025000 0.000511
2.288000 5.025000 0.000509
2.363000 5.025000 0.000508
2.438000 5.025000 0.000506
2.513000 5.025000 0.000504
2.588000 5.025000 0.000502
2.663000 5.025000 0.000500
2.738000 5.025000 0.000499
2.813000 5.025000 0.000497
2.888000 5.025000 0.000495
2.963000 5.025000 0.000493
3.038000 5.025000 0.000491
3.113000 5.025000 0.000490
3.188000 5.025000 0.000488
3.263000 5.025000 0.000487
3.338000 5.025000 0.000486
3.413000 5.025000 0.000485
3.488000 5.025000 0.000484
3.563000 5.025000 0.000483
3.638000 5.025000 0.000482
3.713000 5.025000 0.000481
3.788000 5.025000 0.000481
3.863000 5.025000 0.000000
-0.037500 5.175000 0.000000
0.037500 5.175000 0.000000
0.112500 5.175000 0.000000
0.187500 5.175000 0.000000
0.262500 5.175000 0.000000
0.337500 5.175000 0.000000
0.412500 5.175000 0.000000
0.487500 5.175000 0.000000
0.562500 5.175000 0.000000
0.637500 5.175000 0.000000
0.712500 5.175000 0.000000
0.787500 5.175000 0.000000
0.862500 5.175000 0.000000
0.937500 5.175000 0.000000
1.012000 5.175000 0.000000
1.087000 5.175000 0.000000
1.163000 5.175000 0.000000
1.238000 5.175000 0.000000
1.313000 5.175000 0.000000
1.388000 5.175000 0.000000
1.463000 5.175000 0.000000
1.538000 5.175000 0.000000
1.613000 5.175000 0.000000
1.688000 5.175000 0.000000
1.763000 5.175000 0.000000
1.838000 5.175000 0.000000
1.913000 5.175000 0.000000
1.988000 5.175000 0.000000
2.063000 5.175000 0.000000
2.138000 5.175000 0.000000
2.213000 5.175000 0.000000
2.288000 5.175000 0.000000
2.363000 5.175000 0.000000
2.438000 5.175000 0.000000
2.513000 5.175000 0.000000
2.588000 5.175000 0.000000
2.663000 5.175000 0.000000
2.738000 5.175000 0.000000
2.813000 5.175000 0.000000
2.888000 5.175000 0.000000
2.963000 5.175000 0.000000
3.038000 5.175000 0.000000
3.113000 5.175000 0.000000
3.188000 5.175000 0.000000
3.263000 5.175000 0.000000
3.338000 5.175000 0.000000
3.413000 5.175000 0.000000
3.488000 5.175000 0.000000
3.563000 5.175000 0.000000
3.638000 5.175000 0.000000
3.713000 5.175000 0.000000
3.788000 5.175000 0.000000
3.863000 5.175000 0.000000
