-0.037500 -0.075000 0.000000
0.037500 -0.075000 0.000000
0.112500 -0.075000 0.000000
0.187500 -0.075000 0.000000
0.262500 -0.075000 0.000000
0.337500 -0.075000 0.000000
0.412500 -0.075000 0.000000
0.487500 -0.075000 0.000000
0.562500 -0.075000 0.000000
0.637500 -0.075000 0.000000
0.712500 -0.075000 0.000000
0.787500 -0.075000 0.000000
0.862500 -0.075000 0.000000
0.937500 -0.075000 0.000000
1.012000 -0.075000 0.000000
1.087000 -0.075000 0.000000
1.163000 -0.075000 0.000000
1.238000 -0.075000 0.000000
1.313000 -0.075000 0.000000
1.388000 -0.075000 0.000000
1.463000 -0.075000 0.000000
1.538000 -0.075000 0.000000
1.613000 -0.075000 0.000000
1.688000 -0.075000 0.000000
1.763000 -0.075000 0.000000
1.838000 -0.075000 0.000000
1.913000 -0.075000 0.000000
1.988000 -0.075000 0.000000
2.063000 -0.075000 0.000000
2.138000 -0.075000 0.000000
2.213000 -0.075000 0.000000
2.288000 -0.075000 0.000000
2.363000 -0.075000 0.000000
2.438000 -0.075000 0.000000
2.513000 -0.075000 0.000000
2.588000 -0.075000 0.000000
2.663000 -0.075000 0.000000
2.738000 -0.075000 0.000000
2.813000 -0.075000 0.000000
2.888000 -0.075000 0.000000
2.963000 -0.075000 0.000000
3.038000 -0.075000 0.000000
3.113000 -0.075000 0.000000
3.188000 -0.075000 0.000000
3.263000 -0.075000 0.000000
3.338000 -0.075000 0.000000
3.413000 -0.075000 0.000000
3.488000 -0.075000 0.000000
3.563000 -0.075000 0.000000
3.638000 -0.075000 0.000000
3.713000 -0.075000 0.000000
3.788000 -0.075000 0.000000
3.863000 -0.075000 0.000000
-0.037500 0.075000 0.000000
0.037500 0.075000 0.080010
0.112500 0.075000 0.160000
0.187500 0.075000 0.240000
0.262500 0.075000 0.320000
0.337500 0.075000 0.400000
0.412500 0.075000 0.479900
0.487500 0.075000 0.559700
0.562500 0.075000 0.639300
0.637500 0.075000 0.718600
0.712500 0.075000 0.797600
0.787500 0.075000 0.876000
0.862500 0.075000 0.953600
0.937500 0.075000 1.030000
1.012000 0.075000 1.105000
1.087000 0.075000 1.179000
1.163000 0.075000 1.250000
1.238000 0.075000 1.319000
1.313000 0.075000 1.383000
1.388000 0.075000 1.444000
1.463000 0.075000 1.500000
1.538000 0.075000 1.549000
1.613000 0.075000 1.592000
1.688000 0.075000 1.627000
1.763000 0.075000 1.654000
1.838000 0.075000 1.672000
1.913000 0.075000 1.680000
1.988000 0.075000 1.679000
2.063000 0.075000 1.670000
2.138000 0.075000 1.652000
2.213000 0.075000 1.627000
2.288000 0.075000 1.595000
2.363000 0.075000 1.558000
2.438000 0.075000 1.518000
2.513000 0.075000 1.474000
2.588000 0.075000 1.428000
2.663000 0.075000 1.381000
2.738000 0.075000 1.333000
2.813000 0.075000 1.286000
2.888000 0.075000 1.239000
2.963000 0.075000 1.193000
3.038000 0.075000 1.148000
3.113000 0.075000 1.105000
3.188000 0.075000 1.063000
3.263000 0.075000 1.023000
3.338000 0.075000 0.984800
3.413000 0.075000 0.948000
3.488000 0.075000 0.912800
3.563000 0.075000 0.879200
3.638000 0.075000 0.847100
3.713000 0.075000 0.816500
3.788000 0.075000 0.787400
3.863000 0.075000 0.000000
-0.037500 0.225000 0.000000
0.037500 0.225000 0.080010
0.112500 0.225000 0.160000
0.187500 0.225000 0.240000
0.262500 0.225000 0.320000
0.337500 0.225000 0.400000
0.412500 0.225000 0.479900
0.487500 0.225000 0.559700
0.562500 0.225000 0.639300
0.637500 0.225000 0.718600
0.712500 0.225000 0.797600
0.787500 0.225000 0.876000
0.862500 0.225000 0.953600
0.937500 0.225000 1.030000
1.012000 0.225000 1.105000
1.087000 0.225000 1.179000
1.163000 0.225000 1.250000
1.238000 0.225000 1.319000
1.313000 0.225000 1.383000
1.388000 0.225000 1.444000
1.463000 0.225000 1.500000
1.538000 0.225000 1.549000
1.613000 0.225000 1.592000
1.688000 0.225000 1.627000
1.763000 0.225000 1.654000
1.838000 0.225000 1.672000
1.913000 0.225000 1.680000
1.988000 0.225000 1.679000
2.063000 0.225000 1.670000
2.138000 0.225000 1.652000
2.213000 0.225000 1.627000
2.288000 0.225000 1.595000
2.363000 0.225000 1.558000
2.438000 0.225000 1.518000
2.513000 0.225000 1.474000
2.588000 0.225000 1.428000
2.663000 0.225000 1.381000
2.738000 0.225000 1.333000
2.813000 0.225000 1.286000
2.888000 0.225000 1.239000
2.963000 0.225000 1.193000
3.038000 0.225000 1.148000
3.113000 0.225000 1.105000
3.188000 0.225000 1.063000
3.263000 0.225000 1.023000
3.338000 0.225000 0.984800
3.413000 0.225000 0.948000
3.488000 0.225000 0.912800
3.563000 0.225000 0.879200
3.638000 0.225000 0.847100
3.713000 0.225000 0.816500
3.788000 0.225000 0.787400
3.863000 0.225000 0.000000
-0.037500 0.375000 0.000000
0.037500 0.375000 0.341400
0.112500 0.375000 0.362100
0.187500 0.375000 0.394600
0.262500 0.375000 0.434800
0.337500 0.375000 0.480000
0.412500 0.375000 0.528700
0.487500 0.375000 0.579700
0.562500 0.375000 0.632200
0.637500 0.375000 0.685900
0.712500 0.375000 0.740100
0.787500 0.375000 0.794400
0.862500 0.375000 0.848600
0.937500 0.375000 0.902300
1.012000 0.375000 0.955000
1.087000 0.375000 1.006000
1.163000 0.375000 1.056000
1.238000 0.375000 1.104000
1.313000 0.375000 1.148000
1.388000 0.375000 1.190000
1.463000 0.375000 1.228000
1.538000 0.375000 1.261000
1.613000 0.375000 1.289000
1.688000 0.375000 1.312000
1.763000 0.375000 1.330000
1.838000 0.375000 1.341000
1.913000 0.375000 1.346000
1.988000 0.375000 1.346000
2.063000 0.375000 1.339000
2.138000 0.375000 1.326000
2.213000 0.375000 1.309000
2.288000 0.375000 1.288000
2.363000 0.375000 1.262000
2.438000 0.375000 1.234000
2.513000 0.375000 1.203000
2.588000 0.375000 1.170000
2.663000 0.375000 1.137000
2.738000 0.375000 1.103000
2.813000 0.375000 1.068000
2.888000 0.375000 1.034000
2.963000 0.375000 1.000000
3.038000 0.375000 0.967500
3.113000 0.375000 0.935600
3.188000 0.375000 0.904900
3.263000 0.375000 0.875500
3.338000 0.375000 0.847600
3.413000 0.375000 0.821400
3.488000 0.375000 0.797100
3.563000 0.375000 0.775100
3.638000 0.375000 0.756000
3.713000 0.375000 0.740800
3.788000 0.375000 0.731500
3.863000 0.375000 0.000000
-0.037500 0.525000 0.000000
0.037500 0.525000 0.442000
0.112500 0.525000 0.449700
0.187500 0.525000 0.463800
0.262500 0.525000 0.482900
0.337500 0.525000 0.506100
0.412500 0.525000 0.532300
0.487500 0.525000 0.560900
0.562500 0.525000 0.591300
0.637500 0.525000 0.622900
0.712500 0.525000 0.655400
0.787500 0.525000 0.688400
0.862500 0.525000 0.721600
0.937500 0.525000 0.754500
1.012000 0.525000 0.787000
1.087000 0.525000 0.818700
1.163000 0.525000 0.849200
1.238000 0.525000 0.878200
1.313000 0.525000 0.905400
1.388000 0.525000 0.930500
1.463000 0.525000 0.953100
1.538000 0.525000 0.972900
1.613000 0.525000 0.989700
1.688000 0.525000 1.003000
1.763000 0.525000 1.013000
1.838000 0.525000 1.019000
1.913000 0.525000 1.022000
1.988000 0.525000 1.021000
2.063000 0.525000 1.016000
2.138000 0.525000 1.009000
2.213000 0.525000 0.997600
2.288000 0.525000 0.984000
2.363000 0.525000 0.968000
2.438000 0.525000 0.950100
2.513000 0.525000 0.930500
2.588000 0.525000 0.909700
2.663000 0.525000 0.888100
2.738000 0.525000 0.865900
2.813000 0.525000 0.843500
2.888000 0.525000 0.821100
2.963000 0.525000 0.799000
3.038000 0.525000 0.777400
3.113000 0.525000 0.756500
3.188000 0.525000 0.736500
3.263000 0.525000 0.717500
3.338000 0.525000 0.699700
3.413000 0.525000 0.683400
3.488000 0.525000 0.668800
3.563000 0.525000 0.656100
3.638000 0.525000 0.645800
3.713000 0.525000 0.638400
3.788000 0.525000 0.634300
3.863000 0.525000 0.000000
-0.037500 0.675000 0.000000
0.037500 0.675000 0.476600
0.112500 0.675000 0.480000
0.187500 0.675000 0.486700
0.262500 0.675000 0.496300
0.337500 0.675000 0.508500
0.412500 0.675000 0.522900
0.487500 0.675000 0.539100
0.562500 0.675000 0.556700
0.637500 0.675000 0.575500
0.712500 0.675000 0.595200
0.787500 0.675000 0.615400
0.862500 0.675000 0.635900
0.937500 0.675000 0.656400
1.012000 0.675000 0.676700
1.087000 0.675000 0.696400
1.163000 0.675000 0.715400
1.238000 0.675000 0.733500
1.313000 0.675000 0.750300
1.388000 0.675000 0.765700
1.463000 0.675000 0.779400
1.538000 0.675000 0.791400
1.613000 0.675000 0.801300
1.688000 0.675000 0.809200
1.763000 0.675000 0.814900
1.838000 0.675000 0.818300
1.913000 0.675000 0.819400
1.988000 0.675000 0.818300
2.063000 0.675000 0.815100
2.138000 0.675000 0.809700
2.213000 0.675000 0.802500
2.288000 0.675000 0.793500
2.363000 0.675000 0.783000
2.438000 0.675000 0.771200
2.513000 0.675000 0.758200
2.588000 0.675000 0.744400
2.663000 0.675000 0.730000
2.738000 0.675000 0.715100
2.813000 0.675000 0.700000
2.888000 0.675000 0.684900
2.963000 0.675000 0.669900
3.038000 0.675000 0.655400
3.113000 0.675000 0.641300
3.188000 0.675000 0.627900
3.263000 0.675000 0.615400
3.338000 0.675000 0.603800
3.413000 0.675000 0.593500
3.488000 0.675000 0.584400
3.563000 0.675000 0.576900
3.638000 0.675000 0.571000
3.713000 0.675000 0.567000
3.788000 0.675000 0.565000
3.863000 0.675000 0.000000
-0.037500 0.825000 0.000000
0.037500 0.825000 0.472100
0.112500 0.825000 0.474500
0.187500 0.825000 0.479200
0.262500 0.825000 0.486000
0.337500 0.825000 0.494900
0.412500 0.825000 0.505400
0.487500 0.825000 0.517500
0.562500 0.825000 0.530800
0.637500 0.825000 0.545100
0.712500 0.825000 0.560200
0.787500 0.825000 0.575700
0.862500 0.825000 0.591600
0.937500 0.825000 0.607500
1.012000 0.825000 0.623200
1.087000 0.825000 0.638600
1.163000 0.825000 0.653400
1.238000 0.825000 0.667400
1.313000 0.825000 0.680400
1.388000 0.825000 0.692200
1.463000 0.825000 0.702800
1.538000 0.825000 0.711900
1.613000 0.825000 0.719500
1.688000 0.825000 0.725400
1.763000 0.825000 0.729600
1.838000 0.825000 0.732000
1.913000 0.825000 0.732700
1.988000 0.825000 0.731600
2.063000 0.825000 0.728800
2.138000 0.825000 0.724300
2.213000 0.825000 0.718400
2.288000 0.825000 0.711100
2.363000 0.825000 0.702600
2.438000 0.825000 0.693000
2.513000 0.825000 0.682600
2.588000 0.825000 0.671400
2.663000 0.825000 0.659600
2.738000 0.825000 0.647500
2.813000 0.825000 0.635200
2.888000 0.825000 0.622900
2.963000 0.825000 0.610800
3.038000 0.825000 0.598900
3.113000 0.825000 0.587500
3.188000 0.825000 0.576700
3.263000 0.825000 0.566600
3.338000 0.825000 0.557400
3.413000 0.825000 0.549200
3.488000 0.825000 0.542100
3.563000 0.825000 0.536300
3.638000 0.825000 0.531800
3.713000 0.825000 0.528800
3.788000 0.825000 0.527300
3.863000 0.825000 0.000000
-0.037500 0.975000 0.000000
0.037500 0.975000 0.454700
0.112500 0.975000 0.456500
0.187500 0.975000 0.460100
0.262500 0.975000 0.465300
0.337500 0.975000 0.472000
0.412500 0.975000 0.480200
0.487500 0.975000 0.489500
0.562500 0.975000 0.499900
0.637500 0.975000 0.511200
0.712500 0.975000 0.523000
0.787500 0.975000 0.535400
0.862500 0.975000 0.548000
0.937500 0.975000 0.560600
1.012000 0.975000 0.573200
1.087000 0.975000 0.585400
1.163000 0.975000 0.597200
1.238000 0.975000 0.608400
1.313000 0.975000 0.618700
1.388000 0.975000 0.628100
1.463000 0.975000 0.636500
1.538000 0.975000 0.643700
1.613000 0.975000 0.649600
1.688000 0.975000 0.654200
1.763000 0.975000 0.657300
1.838000 0.975000 0.659100
1.913000 0.975000 0.659400
1.988000 0.975000 0.658300
2.063000 0.975000 0.655900
2.138000 0.975000 0.652200
2.213000 0.975000 0.647200
2.288000 0.975000 0.641100
2.363000 0.975000 0.634000
2.438000 0.975000 0.626000
2.513000 0.975000 0.617300
2.588000 0.975000 0.608000
2.663000 0.975000 0.598300
2.738000 0.975000 0.588200
2.813000 0.975000 0.578000
2.888000 0.975000 0.567800
2.963000 0.975000 0.557700
3.038000 0.975000 0.547800
3.113000 0.975000 0.538400
3.188000 0.975000 0.529400
3.263000 0.975000 0.521200
3.338000 0.975000 0.513600
3.413000 0.975000 0.506900
3.488000 0.975000 0.501200
3.563000 0.975000 0.496500
3.638000 0.975000 0.493000
3.713000 0.975000 0.490600
3.788000 0.975000 0.489400
3.863000 0.975000 0.000000
-0.037500 1.125000 0.000000
0.037500 1.125000 0.429600
0.112500 1.125000 0.431100
0.187500 1.125000 0.433900
0.262500 1.125000 0.438200
0.337500 1.125000 0.443700
0.412500 1.125000 0.450400
0.487500 1.125000 0.458000
0.562500 1.125000 0.466600
0.637500 1.125000 0.475900
0.712500 1.125000 0.485800
0.787500 1.125000 0.496000
0.862500 1.125000 0.506500
0.937500 1.125000 0.517100
1.012000 1.125000 0.527500
1.087000 1.125000 0.537800
1.163000 1.125000 0.547600
1.238000 1.125000 0.556900
1.313000 1.125000 0.565500
1.388000 1.125000 0.573300
1.463000 1.125000 0.580300
1.538000 1.125000 0.586200
1.613000 1.125000 0.591100
1.688000 1.125000 0.594800
1.763000 1.125000 0.597400
1.838000 1.125000 0.598700
1.913000 1.125000 0.598900
1.988000 1.125000 0.597800
2.063000 1.125000 0.595700
2.138000 1.125000 0.592400
2.213000 1.125000 0.588100
2.288000 1.125000 0.582800
2.363000 1.125000 0.576700
2.438000 1.125000 0.569800
2.513000 1.125000 0.562300
2.588000 1.125000 0.554300
2.663000 1.125000 0.545900
2.738000 1.125000 0.537300
2.813000 1.125000 0.528500
2.888000 1.125000 0.519700
2.963000 1.125000 0.511000
3.038000 1.125000 0.502600
3.113000 1.125000 0.494500
3.188000 1.125000 0.486800
3.263000 1.125000 0.479700
3.338000 1.125000 0.473300
3.413000 1.125000 0.467700
3.488000 1.125000 0.462800
3.563000 1.125000 0.458900
3.638000 1.125000 0.455900
3.713000 1.125000 0.453800
3.788000 1.125000 0.452800
3.863000 1.125000 0.000000
-0.037500 1.275000 0.000000
0.037500 1.275000 0.369800
0.112500 1.275000 0.370900
0.187500 1.275000 0.373100
0.262500 1.275000 0.376400
0.337500 1.275000 0.380700
0.412500 1.275000 0.385900
0.487500 1.275000 0.391900
0.562500 1.275000 0.398600
0.637500 1.275000 0.405900
0.712500 1.275000 0.413600
0.787500 1.275000 0.421600
0.862500 1.275000 0.429900
0.937500 1.275000 0.438200
1.012000 1.275000 0.446400
1.087000 1.275000 0.454500
1.163000 1.275000 0.462200
1.238000 1.275000 0.469500
1.313000 1.275000 0.476300
1.388000 1.275000 0.482400
1.463000 1.275000 0.487900
1.538000 1.275000 0.492500
1.613000 1.275000 0.496300
1.688000 1.275000 0.499200
1.763000 1.275000 0.501100
1.838000 1.275000 0.502100
1.913000 1.275000 0.502200
1.988000 1.275000 0.501300
2.063000 1.275000 0.499500
2.138000 1.275000 0.496800
2.213000 1.275000 0.493300
2.288000 1.275000 0.489000
2.363000 1.275000 0.484100
2.438000 1.275000 0.478500
2.513000 1.275000 0.472500
2.588000 1.275000 0.466100
2.663000 1.275000 0.459300
2.738000 1.275000 0.452300
2.813000 1.275000 0.445200
2.888000 1.275000 0.438200
2.963000 1.275000 0.431200
3.038000 1.275000 0.424400
3.113000 1.275000 0.417900
3.188000 1.275000 0.411700
3.263000 1.275000 0.406100
3.338000 1.275000 0.400900
3.413000 1.275000 0.396400
3.488000 1.275000 0.392500
3.563000 1.275000 0.389400
3.638000 1.275000 0.387000
3.713000 1.275000 0.385400
3.788000 1.275000 0.384500
3.863000 1.275000 0.000000
-0.037500 1.425000 0.000000
0.037500 1.425000 0.291100
0.112500 1.425000 0.291900
0.187500 1.425000 0.293500
0.262500 1.425000 0.295700
0.337500 1.425000 0.298700
0.412500 1.425000 0.302300
0.487500 1.425000 0.306500
0.562500 1.425000 0.311200
0.637500 1.425000 0.316200
0.712500 1.425000 0.321600
0.787500 1.425000 0.327300
0.862500 1.425000 0.333000
0.937500 1.425000 0.338800
1.012000 1.425000 0.344600
1.087000 1.425000 0.350200
1.163000 1.425000 0.355700
1.238000 1.425000 0.360800
1.313000 1.425000 0.365500
1.388000 1.425000 0.369800
1.463000 1.425000 0.373600
1.538000 1.425000 0.376800
1.613000 1.425000 0.379400
1.688000 1.425000 0.381400
1.763000 1.425000 0.382700
1.838000 1.425000 0.383300
1.913000 1.425000 0.383300
1.988000 1.425000 0.382600
2.063000 1.425000 0.381200
2.138000 1.425000 0.379200
2.213000 1.425000 0.376600
2.288000 1.425000 0.373500
2.363000 1.425000 0.369900
2.438000 1.425000 0.365900
2.513000 1.425000 0.361500
2.588000 1.425000 0.356900
2.663000 1.425000 0.352000
2.738000 1.425000 0.346900
2.813000 1.425000 0.341800
2.888000 1.425000 0.336700
2.963000 1.425000 0.331700
3.038000 1.425000 0.326800
3.113000 1.425000 0.322100
3.188000 1.425000 0.317600
3.263000 1.425000 0.313600
3.338000 1.425000 0.309900
3.413000 1.425000 0.306600
3.488000 1.425000 0.303800
3.563000 1.425000 0.301600
3.638000 1.425000 0.299900
3.713000 1.425000 0.298700
3.788000 1.425000 0.298100
3.863000 1.425000 0.000000
-0.037500 1.575000 0.000000
0.037500 1.575000 0.224600
0.112500 1.575000 0.225200
0.187500 1.575000 0.226200
0.262500 1.575000 0.227800
0.337500 1.575000 0.229800
0.412500 1.575000 0.232300
0.487500 1.575000 0.235200
0.562500 1.575000 0.238400
0.637500 1.575000 0.241900
0.712500 1.575000 0.245600
0.787500 1.575000 0.249500
0.862500 1.575000 0.253400
0.937500 1.575000 0.257400
1.012000 1.575000 0.261400
1.087000 1.575000 0.265300
1.163000 1.575000 0.269100
1.238000 1.575000 0.272600
1.313000 1.575000 0.275800
1.388000 1.575000 0.278800
1.463000 1.575000 0.281400
1.538000 1.575000 0.283600
1.613000 1.575000 0.285300
1.688000 1.575000 0.286700
1.763000 1.575000 0.287500
1.838000 1.575000 0.287900
1.913000 1.575000 0.287800
1.988000 1.575000 0.287300
2.063000 1.575000 0.286300
2.138000 1.575000 0.284800
2.213000 1.575000 0.283000
2.288000 1.575000 0.280700
2.363000 1.575000 0.278100
2.438000 1.575000 0.275300
2.513000 1.575000 0.272100
2.588000 1.575000 0.268800
2.663000 1.575000 0.265300
2.738000 1.575000 0.261700
2.813000 1.575000 0.258100
2.888000 1.575000 0.254400
2.963000 1.575000 0.250800
3.038000 1.575000 0.247400
3.113000 1.575000 0.244000
3.188000 1.575000 0.240900
3.263000 1.575000 0.238000
3.338000 1.575000 0.235400
3.413000 1.575000 0.233100
3.488000 1.575000 0.231100
3.563000 1.575000 0.229500
3.638000 1.575000 0.228300
3.713000 1.575000 0.227400
3.788000 1.575000 0.227000
3.863000 1.575000 0.000000
-0.037500 1.725000 0.000000
0.037500 1.725000 0.169800
0.112500 1.725000 0.170100
0.187500 1.725000 0.170900
0.262500 1.725000 0.171900
0.337500 1.725000 0.173300
0.412500 1.725000 0.174900
0.487500 1.725000 0.176900
0.562500 1.725000 0.179000
0.637500 1.725000 0.181400
0.712500 1.725000 0.183900
0.787500 1.725000 0.186500
0.862500 1.725000 0.189200
0.937500 1.725000 0.192000
1.012000 1.725000 0.194700
1.087000 1.725000 0.197300
1.163000 1.725000 0.199800
1.238000 1.725000 0.202200
1.313000 1.725000 0.204400
1.388000 1.725000 0.206400
1.463000 1.725000 0.208100
1.538000 1.725000 0.209600
1.613000 1.725000 0.210800
1.688000 1.725000 0.211700
1.763000 1.725000 0.212200
1.838000 1.725000 0.212400
1.913000 1.725000 0.212300
1.988000 1.725000 0.211900
2.063000 1.725000 0.211200
2.138000 1.725000 0.210100
2.213000 1.725000 0.208800
2.288000 1.725000 0.207200
2.363000 1.725000 0.205400
2.438000 1.725000 0.203400
2.513000 1.725000 0.201200
2.588000 1.725000 0.198900
2.663000 1.725000 0.196400
2.738000 1.725000 0.193900
2.813000 1.725000 0.191300
2.888000 1.725000 0.188800
2.963000 1.725000 0.186300
3.038000 1.725000 0.183900
3.113000 1.725000 0.181500
3.188000 1.725000 0.179300
3.263000 1.725000 0.177300
3.338000 1.725000 0.175500
3.413000 1.725000 0.173900
3.488000 1.725000 0.172500
3.563000 1.725000 0.171400
3.638000 1.725000 0.170500
3.713000 1.725000 0.169900
3.788000 1.725000 0.169600
3.863000 1.725000 0.000000
-0.037500 1.875000 0.000000
0.037500 1.875000 0.125300
0.112500 1.875000 0.125500
0.187500 1.875000 0.126000
0.262500 1.875000 0.126700
0.337500 1.875000 0.127600
0.412500 1.875000 0.128700
0.487500 1.875000 0.129900
0.562500 1.875000 0.131400
0.637500 1.875000 0.132900
0.712500 1.875000 0.134600
0.787500 1.875000 0.136300
0.862500 1.875000 0.138100
0.937500 1.875000 0.139900
1.012000 1.875000 0.141600
1.087000 1.875000 0.143400
1.163000 1.875000 0.145000
1.238000 1.875000 0.146600
1.313000 1.875000 0.148100
1.388000 1.875000 0.149400
1.463000 1.875000 0.150500
1.538000 1.875000 0.151400
1.613000 1.875000 0.152200
1.688000 1.875000 0.152800
1.763000 1.875000 0.153100
1.838000 1.875000 0.153200
1.913000 1.875000 0.153100
1.988000 1.875000 0.152800
2.063000 1.875000 0.152300
2.138000 1.875000 0.151600
2.213000 1.875000 0.150600
2.288000 1.875000 0.149500
2.363000 1.875000 0.148300
2.438000 1.875000 0.146900
2.513000 1.875000 0.145400
2.588000 1.875000 0.143800
2.663000 1.875000 0.142100
2.738000 1.875000 0.140400
2.813000 1.875000 0.138700
2.888000 1.875000 0.136900
2.963000 1.875000 0.135200
3.038000 1.875000 0.133600
3.113000 1.875000 0.132000
3.188000 1.875000 0.130500
3.263000 1.875000 0.129100
3.338000 1.875000 0.127900
3.413000 1.875000 0.126800
3.488000 1.875000 0.125900
3.563000 1.875000 0.125100
3.638000 1.875000 0.124500
3.713000 1.875000 0.124100
3.788000 1.875000 0.123900
3.863000 1.875000 0.000000
-0.037500 2.025000 0.000000
0.037500 2.025000 0.089520
0.112500 2.025000 0.089660
0.187500 2.025000 0.089950
0.262500 2.025000 0.090380
0.337500 2.025000 0.090940
0.412500 2.025000 0.091620
0.487500 2.025000 0.092410
0.562500 2.025000 0.093310
0.637500 2.025000 0.094280
0.712500 2.025000 0.095320
0.787500 2.025000 0.096400
0.862500 2.025000 0.097510
0.937500 2.025000 0.098630
1.012000 2.025000 0.099740
1.087000 2.025000 0.100800
1.163000 2.025000 0.101900
1.238000 2.025000 0.102800
1.313000 2.025000 0.103700
1.388000 2.025000 0.104500
1.463000 2.025000 0.105200
1.538000 2.025000 0.105800
1.613000 2.025000 0.106300
1.688000 2.025000 0.106600
1.763000 2.025000 0.106800
1.838000 2.025000 0.106900
1.913000 2.025000 0.106800
1.988000 2.025000 0.106500
2.063000 2.025000 0.106200
2.138000 2.025000 0.105700
2.213000 2.025000 0.105100
2.288000 2.025000 0.104400
2.363000 2.025000 0.103500
2.438000 2.025000 0.102600
2.513000 2.025000 0.101700
2.588000 2.025000 0.100600
2.663000 2.025000 0.099520
2.738000 2.025000 0.098400
2.813000 2.025000 0.097270
2.888000 2.025000 0.096140
2.963000 2.025000 0.095040
3.038000 2.025000 0.093960
3.113000 2.025000 0.092940
3.188000 2.025000 0.091970
3.263000 2.025000 0.091090
3.338000 2.025000 0.090280
3.413000 2.025000 0.089570
3.488000 2.025000 0.088970
3.563000 2.025000 0.088470
3.638000 2.025000 0.088090
3.713000 2.025000 0.087820
3.788000 2.025000 0.087680
3.863000 2.025000 0.000000
-0.037500 2.175000 0.000000
0.037500 2.175000 0.060840
0.112500 2.175000 0.060920
0.187500 2.175000 0.061070
0.262500 2.175000 0.061310
0.337500 2.175000 0.061620
0.412500 2.175000 0.061990
0.487500 2.175000 0.062430
0.562500 2.175000 0.062920
0.637500 2.175000 0.063460
0.712500 2.175000 0.064030
0.787500 2.175000 0.064630
0.862500 2.175000 0.065240
0.937500 2.175000 0.065860
1.012000 2.175000 0.066470
1.087000 2.175000 0.067070
1.163000 2.175000 0.067640
1.238000 2.175000 0.068170
1.313000 2.175000 0.068660
1.388000 2.175000 0.069090
1.463000 2.175000 0.069470
1.538000 2.175000 0.069770
1.613000 2.175000 0.070010
1.688000 2.175000 0.070170
1.763000 2.175000 0.070260
1.838000 2.175000 0.070260
1.913000 2.175000 0.070190
1.988000 2.175000 0.070030
2.063000 2.175000 0.069800
2.138000 2.175000 0.069500
2.213000 2.175000 0.069130
2.288000 2.175000 0.068690
2.363000 2.175000 0.068200
2.438000 2.175000 0.067660
2.513000 2.175000 0.067070
2.588000 2.175000 0.066460
2.663000 2.175000 0.065820
2.738000 2.175000 0.065160
2.813000 2.175000 0.064500
2.888000 2.175000 0.063840
2.963000 2.175000 0.063190
3.038000 2.175000 0.062560
3.113000 2.175000 0.061960
3.188000 2.175000 0.061400
3.263000 2.175000 0.060880
3.338000 2.175000 0.060420
3.413000 2.175000 0.060010
3.488000 2.175000 0.059650
3.563000 2.175000 0.059370
3.638000 2.175000 0.059140
3.713000 2.175000 0.058980
3.788000 2.175000 0.058900
3.863000 2.175000 0.000000
-0.037500 2.325000 0.000000
0.037500 2.325000 0.045360
0.112500 2.325000 0.045400
0.187500 2.325000 0.045490
0.262500 2.325000 0.045630
0.337500 2.325000 0.045800
0.412500 2.325000 0.046010
0.487500 2.325000 0.046260
0.562500 2.325000 0.046540
0.637500 2.325000 0.046840
0.712500 2.325000 0.047160
0.787500 2.325000 0.047500
0.862500 2.325000 0.047840
0.937500 2.325000 0.048190
1.012000 2.325000 0.048530
1.087000 2.325000 0.048860
1.163000 2.325000 0.049180
1.238000 2.325000 0.049470
1.313000 2.325000 0.049740
1.388000 2.325000 0.049970
1.463000 2.325000 0.050170
1.538000 2.325000 0.050330
1.613000 2.325000 0.050450
1.688000 2.325000 0.050520
1.763000 2.325000 0.050550
1.838000 2.325000 0.050530
1.913000 2.325000 0.050460
1.988000 2.325000 0.050340
2.063000 2.325000 0.050180
2.138000 2.325000 0.049980
2.213000 2.325000 0.049740
2.288000 2.325000 0.049460
2.363000 2.325000 0.049150
2.438000 2.325000 0.048800
2.513000 2.325000 0.048440
2.588000 2.325000 0.048050
2.663000 2.325000 0.047650
2.738000 2.325000 0.047250
2.813000 2.325000 0.046840
2.888000 2.325000 0.046430
2.963000 2.325000 0.046030
3.038000 2.325000 0.045640
3.113000 2.325000 0.045280
3.188000 2.325000 0.044940
3.263000 2.325000 0.044620
3.338000 2.325000 0.044340
3.413000 2.325000 0.044090
3.488000 2.325000 0.043880
3.563000 2.325000 0.043700
3.638000 2.325000 0.043570
3.713000 2.325000 0.043480
3.788000 2.325000 0.043430
3.863000 2.325000 0.000000
-0.037500 2.475000 0.000000
0.037500 2.475000 0.038870
0.112500 2.475000 0.038900
0.187500 2.475000 0.038970
0.262500 2.475000 0.039070
0.337500 2.475000 0.039190
0.412500 2.475000 0.039350
0.487500 2.475000 0.039530
0.562500 2.475000 0.039740
0.637500 2.475000 0.039960
0.712500 2.475000 0.040190
0.787500 2.475000 0.040440
0.862500 2.475000 0.040690
0.937500 2.475000 0.040940
1.012000 2.475000 0.041190
1.087000 2.475000 0.041430
1.163000 2.475000 0.041660
1.238000 2.475000 0.041870
1.313000 2.475000 0.042060
1.388000 2.475000 0.042230
1.463000 2.475000 0.042360
1.538000 2.475000 0.042470
1.613000 2.475000 0.042550
1.688000 2.475000 0.042590
1.763000 2.475000 0.042600
1.838000 2.475000 0.042580
1.913000 2.475000 0.042510
1.988000 2.475000 0.042420
2.063000 2.475000 0.042280
2.138000 2.475000 0.042120
2.213000 2.475000 0.041930
2.288000 2.475000 0.041700
2.363000 2.475000 0.041460
2.438000 2.475000 0.041190
2.513000 2.475000 0.040900
2.588000 2.475000 0.040600
2.663000 2.475000 0.040290
2.738000 2.475000 0.039980
2.813000 2.475000 0.039660
2.888000 2.475000 0.039340
2.963000 2.475000 0.039040
3.038000 2.475000 0.038740
3.113000 2.475000 0.038460
3.188000 2.475000 0.038190
3.263000 2.475000 0.037950
3.338000 2.475000 0.037740
3.413000 2.475000 0.037550
3.488000 2.475000 0.037390
3.563000 2.475000 0.037260
3.638000 2.475000 0.037160
3.713000 2.475000 0.037090
3.788000 2.475000 0.037050
3.863000 2.475000 0.000000
-0.037500 2.625000 0.000000
0.037500 2.625000 0.033560
0.112500 2.625000 0.033580
0.187500 2.625000 0.033630
0.262500 2.625000 0.033700
0.337500 2.625000 0.033800
0.412500 2.625000 0.033920
0.487500 2.625000 0.034060
0.562500 2.625000 0.034210
0.637500 2.625000 0.034380
0.712500 2.625000 0.034560
0.787500 2.625000 0.034740
0.862500 2.625000 0.034930
0.937500 2.625000 0.035120
1.012000 2.625000 0.035310
1.087000 2.625000 0.035490
1.163000 2.625000 0.035660
1.238000 2.625000 0.035810
1.313000 2.625000 0.035950
1.388000 2.625000 0.036070
1.463000 2.625000 0.036170
1.538000 2.625000 0.036250
1.613000 2.625000 0.036300
1.688000 2.625000 0.036330
1.763000 2.625000 0.036330
1.838000 2.625000 0.036300
1.913000 2.625000 0.036240
1.988000 2.625000 0.036160
2.063000 2.625000 0.036050
2.138000 2.625000 0.035910
2.213000 2.625000 0.035750
2.288000 2.625000 0.035570
2.363000 2.625000 0.035370
2.438000 2.625000 0.035160
2.513000 2.625000 0.034930
2.588000 2.625000 0.034690
2.663000 2.625000 0.034440
2.738000 2.625000 0.034190
2.813000 2.625000 0.033940
2.888000 2.625000 0.033690
2.963000 2.625000 0.033440
3.038000 2.625000 0.033210
3.113000 2.625000 0.032990
3.188000 2.625000 0.032780
3.263000 2.625000 0.032590
3.338000 2.625000 0.032420
3.413000 2.625000 0.032280
3.488000 2.625000 0.032150
3.563000 2.625000 0.032050
3.638000 2.625000 0.031970
3.713000 2.625000 0.031920
3.788000 2.625000 0.031890
3.863000 2.625000 0.000000
-0.037500 2.775000 0.000000
0.037500 2.775000 0.029320
0.112500 2.775000 0.029350
0.187500 2.775000 0.029390
0.262500 2.775000 0.029450
0.337500 2.775000 0.029530
0.412500 2.775000 0.029620
0.487500 2.775000 0.029730
0.562500 2.775000 0.029860
0.637500 2.775000 0.029990
0.712500 2.775000 0.030130
0.787500 2.775000 0.030280
0.862500 2.775000 0.030430
0.937500 2.775000 0.030580
1.012000 2.775000 0.030730
1.087000 2.775000 0.030870
1.163000 2.775000 0.031000
1.238000 2.775000 0.031130
1.313000 2.775000 0.031240
1.388000 2.775000 0.031330
1.463000 2.775000 0.031410
1.538000 2.775000 0.031460
1.613000 2.775000 0.031500
1.688000 2.775000 0.031520
1.763000 2.775000 0.031510
1.838000 2.775000 0.031480
1.913000 2.775000 0.031430
1.988000 2.775000 0.031360
2.063000 2.775000 0.031270
2.138000 2.775000 0.031150
2.213000 2.775000 0.031020
2.288000 2.775000 0.030870
2.363000 2.775000 0.030700
2.438000 2.775000 0.030520
2.513000 2.775000 0.030330
2.588000 2.775000 0.030130
2.663000 2.775000 0.029930
2.738000 2.775000 0.029720
2.813000 2.775000 0.029510
2.888000 2.775000 0.029300
2.963000 2.775000 0.029100
3.038000 2.775000 0.028910
3.113000 2.775000 0.028730
3.188000 2.775000 0.028560
3.263000 2.775000 0.028400
3.338000 2.775000 0.028260
3.413000 2.775000 0.028140
3.488000 2.775000 0.028040
3.563000 2.775000 0.027960
3.638000 2.775000 0.027900
3.713000 2.775000 0.027860
3.788000 2.775000 0.027830
3.863000 2.775000 0.000000
-0.037500 2.925000 0.000000
0.037500 2.925000 0.022900
0.112500 2.925000 0.022920
0.187500 2.925000 0.022950
0.262500 2.925000 0.023000
0.337500 2.925000 0.023060
0.412500 2.925000 0.023130
0.487500 2.925000 0.023210
0.562500 2.925000 0.023300
0.637500 2.925000 0.023400
0.712500 2.925000 0.023510
0.787500 2.925000 0.023620
0.862500 2.925000 0.023730
0.937500 2.925000 0.023840
1.012000 2.925000 0.023950
1.087000 2.925000 0.024050
1.163000 2.925000 0.024150
1.238000 2.925000 0.024240
1.313000 2.925000 0.024320
1.388000 2.925000 0.024390
1.463000 2.925000 0.024440
1.538000 2.925000 0.024480
1.613000 2.925000 0.024510
1.688000 2.925000 0.024520
1.763000 2.925000 0.024510
1.838000 2.925000 0.024490
1.913000 2.925000 0.024450
1.988000 2.925000 0.024390
2.063000 2.925000 0.024320
2.138000 2.925000 0.024230
2.213000 2.925000 0.024130
2.288000 2.925000 0.024010
2.363000 2.925000 0.023890
2.438000 2.925000 0.023750
2.513000 2.925000 0.023600
2.588000 2.925000 0.023450
2.663000 2.925000 0.023300
2.738000 2.925000 0.023140
2.813000 2.925000 0.022980
2.888000 2.925000 0.022830
2.963000 2.925000 0.022680
3.038000 2.925000 0.022530
3.113000 2.925000 0.022390
3.188000 2.925000 0.022270
3.263000 2.925000 0.022150
3.338000 2.925000 0.022050
3.413000 2.925000 0.021960
3.488000 2.925000 0.021880
3.563000 2.925000 0.021820
3.638000 2.925000 0.021780
3.713000 2.925000 0.021740
3.788000 2.925000 0.021720
3.863000 2.925000 0.000000
-0.037500 3.075000 0.000000
0.037500 3.075000 0.016000
0.112500 3.075000 0.016020
0.187500 3.075000 0.016040
0.262500 3.075000 0.016070
0.337500 3.075000 0.016110
0.412500 3.075000 0.016150
0.487500 3.075000 0.016200
0.562500 3.075000 0.016260
0.637500 3.075000 0.016330
0.712500 3.075000 0.016400
0.787500 3.075000 0.016470
0.862500 3.075000 0.016540
0.937500 3.075000 0.016610
1.012000 3.075000 0.016680
1.087000 3.075000 0.016750
1.163000 3.075000 0.016810
1.238000 3.075000 0.016870
1.313000 3.075000 0.016920
1.388000 3.075000 0.016960
1.463000 3.075000 0.016990
1.538000 3.075000 0.017020
1.613000 3.075000 0.017030
1.688000 3.075000 0.017040
1.763000 3.075000 0.017030
1.838000 3.075000 0.017010
1.913000 3.075000 0.016990
1.988000 3.075000 0.016950
2.063000 3.075000 0.016900
2.138000 3.075000 0.016840
2.213000 3.075000 0.016770
2.288000 3.075000 0.016690
2.363000 3.075000 0.016600
2.438000 3.075000 0.016510
2.513000 3.075000 0.016410
2.588000 3.075000 0.016310
2.663000 3.075000 0.016210
2.738000 3.075000 0.016100
2.813000 3.075000 0.016000
2.888000 3.075000 0.015890
2.963000 3.075000 0.015790
3.038000 3.075000 0.015700
3.113000 3.075000 0.015600
3.188000 3.075000 0.015520
3.263000 3.075000 0.015440
3.338000 3.075000 0.015370
3.413000 3.075000 0.015310
3.488000 3.075000 0.015260
3.563000 3.075000 0.015220
3.638000 3.075000 0.015190
3.713000 3.075000 0.015170
3.788000 3.075000 0.015150
3.863000 3.075000 0.000000
-0.037500 3.225000 0.000000
0.037500 3.225000 0.011100
0.112500 3.225000 0.011110
0.187500 3.225000 0.011120
0.262500 3.225000 0.011140
0.337500 3.225000 0.011170
0.412500 3.225000 0.011200
0.487500 3.225000 0.011230
0.562500 3.225000 0.011270
0.637500 3.225000 0.011310
0.712500 3.225000 0.011350
0.787500 3.225000 0.011400
0.862500 3.225000 0.011450
0.937500 3.225000 0.011490
1.012000 3.225000 0.011540
1.087000 3.225000 0.011580
1.163000 3.225000 0.011620
1.238000 3.225000 0.011650
1.313000 3.225000 0.011690
1.388000 3.225000 0.011710
1.463000 3.225000 0.011730
1.538000 3.225000 0.011750
1.613000 3.225000 0.011760
1.688000 3.225000 0.011760
1.763000 3.225000 0.011750
1.838000 3.225000 0.011740
1.913000 3.225000 0.011720
1.988000 3.225000 0.011690
2.063000 3.225000 0.011660
2.138000 3.225000 0.011620
2.213000 3.225000 0.011570
2.288000 3.225000 0.011520
2.363000 3.225000 0.011460
2.438000 3.225000 0.011400
2.513000 3.225000 0.011340
2.588000 3.225000 0.011270
2.663000 3.225000 0.011200
2.738000 3.225000 0.011130
2.813000 3.225000 0.011060
2.888000 3.225000 0.010990
2.963000 3.225000 0.010920
3.038000 3.225000 0.010860
3.113000 3.225000 0.010800
3.188000 3.225000 0.010740
3.263000 3.225000 0.010690
3.338000 3.225000 0.010640
3.413000 3.225000 0.010600
3.488000 3.225000 0.010570
3.563000 3.225000 0.010540
3.638000 3.225000 0.010520
3.713000 3.225000 0.010500
3.788000 3.225000 0.010490
3.863000 3.225000 0.000000
-0.037500 3.375000 0.000000
0.037500 3.375000 0.007652
0.112500 3.375000 0.007656
0.187500 3.375000 0.007663
0.262500 3.375000 0.007675
0.337500 3.375000 0.007690
0.412500 3.375000 0.007709
0.487500 3.375000 0.007730
0.562500 3.375000 0.007754
0.637500 3.375000 0.007781
0.712500 3.375000 0.007808
0.787500 3.375000 0.007837
0.862500 3.375000 0.007866
0.937500 3.375000 0.007895
1.012000 3.375000 0.007923
1.087000 3.375000 0.007950
1.163000 3.375000 0.007975
1.238000 3.375000 0.007998
1.313000 3.375000 0.008018
1.388000 3.375000 0.008034
1.463000 3.375000 0.008047
1.538000 3.375000 0.008056
1.613000 3.375000 0.008061
1.688000 3.375000 0.008061
1.763000 3.375000 0.008056
1.838000 3.375000 0.008046
1.913000 3.375000 0.008032
1.988000 3.375000 0.008014
2.063000 3.375000 0.007990
2.138000 3.375000 0.007963
2.213000 3.375000 0.007932
2.288000 3.375000 0.007897
2.363000 3.375000 0.007859
2.438000 3.375000 0.007818
2.513000 3.375000 0.007775
2.588000 3.375000 0.007730
2.663000 3.375000 0.007684
2.738000 3.375000 0.007638
2.813000 3.375000 0.007591
2.888000 3.375000 0.007546
2.963000 3.375000 0.007501
3.038000 3.375000 0.007459
3.113000 3.375000 0.007418
3.188000 3.375000 0.007381
3.263000 3.375000 0.007346
3.338000 3.375000 0.007315
3.413000 3.375000 0.007288
3.488000 3.375000 0.007265
3.563000 3.375000 0.007245
3.638000 3.375000 0.007229
3.713000 3.375000 0.007217
3.788000 3.375000 0.007211
3.863000 3.375000 0.000000
-0.037500 3.525000 0.000000
0.037500 3.525000 0.005233
0.112500 3.525000 0.005235
0.187500 3.525000 0.005240
0.262500 3.525000 0.005247
0.337500 3.525000 0.005256
0.412500 3.525000 0.005268
0.487500 3.525000 0.005282
0.562500 3.525000 0.005297
0.637500 3.525000 0.005313
0.712500 3.525000 0.005331
0.787500 3.525000 0.005349
0.862500 3.525000 0.005367
0.937500 3.525000 0.005385
1.012000 3.525000 0.005403
1.087000 3.525000 0.005420
1.163000 3.525000 0.005436
1.238000 3.525000 0.005450
1.313000 3.525000 0.005462
1.388000 3.525000 0.005472
1.463000 3.525000 0.005480
1.538000 3.525000 0.005485
1.613000 3.525000 0.005487
1.688000 3.525000 0.005487
1.763000 3.525000 0.005483
1.838000 3.525000 0.005476
1.913000 3.525000 0.005466
1.988000 3.525000 0.005454
2.063000 3.525000 0.005438
2.138000 3.525000 0.005420
2.213000 3.525000 0.005399
2.288000 3.525000 0.005376
2.363000 3.525000 0.005350
2.438000 3.525000 0.005323
2.513000 3.525000 0.005295
2.588000 3.525000 0.005265
2.663000 3.525000 0.005235
2.738000 3.525000 0.005205
2.813000 3.525000 0.005174
2.888000 3.525000 0.005144
2.963000 3.525000 0.005115
3.038000 3.525000 0.005087
3.113000 3.525000 0.005061
3.188000 3.525000 0.005036
3.263000 3.525000 0.005013
3.338000 3.525000 0.004993
3.413000 3.525000 0.004974
3.488000 3.525000 0.004959
3.563000 3.525000 0.004945
3.638000 3.525000 0.004934
3.713000 3.525000 0.004926
3.788000 3.525000 0.004921
3.863000 3.525000 0.000000
-0.037500 3.675000 0.000000
0.037500 3.675000 0.003552
0.112500 3.675000 0.003554
0.187500 3.675000 0.003557
0.262500 3.675000 0.003561
0.337500 3.675000 0.003567
0.412500 3.675000 0.003574
0.487500 3.675000 0.003583
0.562500 3.675000 0.003592
0.637500 3.675000 0.003602
0.712500 3.675000 0.003613
0.787500 3.675000 0.003625
0.862500 3.675000 0.003636
0.937500 3.675000 0.003647
1.012000 3.675000 0.003659
1.087000 3.675000 0.003669
1.163000 3.675000 0.003679
1.238000 3.675000 0.003687
1.313000 3.675000 0.003695
1.388000 3.675000 0.003701
1.463000 3.675000 0.003706
1.538000 3.675000 0.003708
1.613000 3.675000 0.003710
1.688000 3.675000 0.003709
1.763000 3.675000 0.003706
1.838000 3.675000 0.003701
1.913000 3.675000 0.003695
1.988000 3.675000 0.003686
2.063000 3.675000 0.003675
2.138000 3.675000 0.003663
2.213000 3.675000 0.003649
2.288000 3.675000 0.003634
2.363000 3.675000 0.003617
2.438000 3.675000 0.003600
2.513000 3.675000 0.003581
2.588000 3.675000 0.003562
2.663000 3.675000 0.003542
2.738000 3.675000 0.003522
2.813000 3.675000 0.003502
2.888000 3.675000 0.003483
2.963000 3.675000 0.003464
3.038000 3.675000 0.003445
3.113000 3.675000 0.003428
3.188000 3.675000 0.003412
3.263000 3.675000 0.003397
3.338000 3.675000 0.003383
3.413000 3.675000 0.003371
3.488000 3.675000 0.003361
3.563000 3.675000 0.003352
3.638000 3.675000 0.003344
3.713000 3.675000 0.003338
3.788000 3.675000 0.003335
3.863000 3.675000 0.000000
-0.037500 3.825000 0.000000
0.037500 3.825000 0.002395
0.112500 3.825000 0.002395
0.187500 3.825000 0.002397
0.262500 3.825000 0.002400
0.337500 3.825000 0.002403
0.412500 3.825000 0.002408
0.487500 3.825000 0.002413
0.562500 3.825000 0.002419
0.637500 3.825000 0.002426
0.712500 3.825000 0.002432
0.787500 3.825000 0.002439
0.862500 3.825000 0.002447
0.937500 3.825000 0.002454
1.012000 3.825000 0.002460
1.087000 3.825000 0.002467
1.163000 3.825000 0.002473
1.238000 3.825000 0.002478
1.313000 3.825000 0.002483
1.388000 3.825000 0.002486
1.463000 3.825000 0.002489
1.538000 3.825000 0.002491
1.613000 3.825000 0.002491
1.688000 3.825000 0.002490
1.763000 3.825000 0.002488
1.838000 3.825000 0.002485
1.913000 3.825000 0.002480
1.988000 3.825000 0.002475
2.063000 3.825000 0.002468
2.138000 3.825000 0.002460
2.213000 3.825000 0.002451
2.288000 3.825000 0.002440
2.363000 3.825000 0.002430
2.438000 3.825000 0.002418
2.513000 3.825000 0.002406
2.588000 3.825000 0.002393
2.663000 3.825000 0.002381
2.738000 3.825000 0.002368
2.813000 3.825000 0.002355
2.888000 3.825000 0.002342
2.963000 3.825000 0.002330
3.038000 3.825000 0.002318
3.113000 3.825000 0.002306
3.188000 3.825000 0.002296
3.263000 3.825000 0.002286
3.338000 3.825000 0.002277
3.413000 3.825000 0.002269
3.488000 3.825000 0.002262
3.563000 3.825000 0.002256
3.638000 3.825000 0.002251
3.713000 3.825000 0.002247
3.788000 3.825000 0.002245
3.863000 3.825000 0.000000
-0.037500 3.975000 0.000000
0.037500 3.975000 0.001603
0.112500 3.975000 0.001604
0.187500 3.975000 0.001605
0.262500 3.975000 0.001607
0.337500 3.975000 0.001609
0.412500 3.975000 0.001612
0.487500 3.975000 0.001615
0.562500 3.975000 0.001619
0.637500 3.975000 0.001623
0.712500 3.975000 0.001627
0.787500 3.975000 0.001631
0.862500 3.975000 0.001636
0.937500 3.975000 0.001640
1.012000 3.975000 0.001644
1.087000 3.975000 0.001648
1.163000 3.975000 0.001652
1.238000 3.975000 0.001655
1.313000 3.975000 0.001658
1.388000 3.975000 0.001660
1.463000 3.975000 0.001661
1.538000 3.975000 0.001662
1.613000 3.975000 0.001662
1.688000 3.975000 0.001662
1.763000 3.975000 0.001660
1.838000 3.975000 0.001658
1.913000 3.975000 0.001655
1.988000 3.975000 0.001651
2.063000 3.975000 0.001646
2.138000 3.975000 0.001641
2.213000 3.975000 0.001635
2.288000 3.975000 0.001629
2.363000 3.975000 0.001622
2.438000 3.975000 0.001614
2.513000 3.975000 0.001606
2.588000 3.975000 0.001598
2.663000 3.975000 0.001590
2.738000 3.975000 0.001581
2.813000 3.975000 0.001573
2.888000 3.975000 0.001565
2.963000 3.975000 0.001557
3.038000 3.975000 0.001549
3.113000 3.975000 0.001542
3.188000 3.975000 0.001535
3.263000 3.975000 0.001529
3.338000 3.975000 0.001523
3.413000 3.975000 0.001518
3.488000 3.975000 0.001513
3.563000 3.975000 0.001509
3.638000 3.975000 0.001506
3.713000 3.975000 0.001503
3.788000 3.975000 0.001502
3.863000 3.975000 0.000000
-0.037500 4.125000 0.000000
0.037500 4.125000 0.001067
0.112500 4.125000 0.001068
0.187500 4.125000 0.001068
0.262500 4.125000 0.001069
0.337500 4.125000 0.001071
0.412500 4.125000 0.001072
0.487500 4.125000 0.001074
0.562500 4.125000 0.001077
0.637500 4.125000 0.001079
0.712500 4.125000 0.001082
0.787500 4.125000 0.001084
0.862500 4.125000 0.001087
0.937500 4.125000 0.001090
1.012000 4.125000 0.001092
1.087000 4.125000 0.001095
1.163000 4.125000 0.001097
1.238000 4.125000 0.001099
1.313000 4.125000 0.001101
1.388000 4.125000 0.001102
1.463000 4.125000 0.001103
1.538000 4.125000 0.001103
1.613000 4.125000 0.001103
1.688000 4.125000 0.001102
1.763000 4.125000 0.001101
1.838000 4.125000 0.001100
1.913000 4.125000 0.001098
1.988000 4.125000 0.001095
2.063000 4.125000 0.001092
2.138000 4.125000 0.001089
2.213000 4.125000 0.001085
2.288000 4.125000 0.001081
2.363000 4.125000 0.001076
2.438000 4.125000 0.001071
2.513000 4.125000 0.001066
2.588000 4.125000 0.001061
2.663000 4.125000 0.001056
2.738000 4.125000 0.001050
2.813000 4.125000 0.001045
2.888000 4.125000 0.001040
2.963000 4.125000 0.001035
3.038000 4.125000 0.001030
3.113000 4.125000 0.001025
3.188000 4.125000 0.001020
3.263000 4.125000 0.001016
3.338000 4.125000 0.001013
3.413000 4.125000 0.001009
3.488000 4.125000 0.001006
3.563000 4.125000 0.001004
3.638000 4.125000 0.001002
3.713000 4.125000 0.001000
3.788000 4.125000 0.000999
3.863000 4.125000 0.000000
-0.037500 4.275000 0.000000
0.037500 4.275000 0.000708
0.112500 4.275000 0.000708
0.187500 4.275000 0.000708
0.262500 4.275000 0.000709
0.337500 4.275000 0.000710
0.412500 4.275000 0.000711
0.487500 4.275000 0.000712
0.562500 4.275000 0.000713
0.637500 4.275000 0.000715
0.712500 4.275000 0.000716
0.787500 4.275000 0.000718
0.862500 4.275000 0.000720
0.937500 4.275000 0.000721
1.012000 4.275000 0.000723
1.087000 4.275000 0.000724
1.163000 4.275000 0.000725
1.238000 4.275000 0.000727
1.313000 4.275000 0.000728
1.388000 4.275000 0.000728
1.463000 4.275000 0.000729
1.538000 4.275000 0.000729
1.613000 4.275000 0.000729
1.688000 4.275000 0.000729
1.763000 4.275000 0.000728
1.838000 4.275000 0.000727
1.913000 4.275000 0.000725
1.988000 4.275000 0.000724
2.063000 4.275000 0.000722
2.138000 4.275000 0.000720
2.213000 4.275000 0.000717
2.288000 4.275000 0.000714
2.363000 4.275000 0.000711
2.438000 4.275000 0.000708
2.513000 4.275000 0.000705
2.588000 4.275000 0.000702
2.663000 4.275000 0.000698
2.738000 4.275000 0.000695
2.813000 4.275000 0.000691
2.888000 4.275000 0.000688
2.963000 4.275000 0.000685
3.038000 4.275000 0.000682
3.113000 4.275000 0.000678
3.188000 4.275000 0.000676
3.263000 4.275000 0.000673
3.338000 4.275000 0.000671
3.413000 4.275000 0.000669
3.488000 4.275000 0.000667
3.563000 4.275000 0.000665
3.638000 4.275000 0.000663
3.713000 4.275000 0.000662
3.788000 4.275000 0.000661
3.863000 4.275000 0.000000
-0.037500 4.425000 0.000000
0.037500 4.425000 0.000469
0.112500 4.425000 0.000469
0.187500 4.425000 0.000469
0.262500 4.425000 0.000469
0.337500 4.425000 0.000470
0.412500 4.425000 0.000471
0.487500 4.425000 0.000471
0.562500 4.425000 0.000472
0.637500 4.425000 0.000473
0.712500 4.425000 0.000474
0.787500 4.425000 0.000475
0.862500 4.425000 0.000476
0.937500 4.425000 0.000477
1.012000 4.425000 0.000478
1.087000 4.425000 0.000479
1.163000 4.425000 0.000480
1.238000 4.425000 0.000480
1.313000 4.425000 0.000481
1.388000 4.425000 0.000481
1.463000 4.425000 0.000481
1.538000 4.425000 0.000482
1.613000 4.425000 0.000481
1.688000 4.425000 0.000481
1.763000 4.425000 0.000481
1.838000 4.425000 0.000480
1.913000 4.425000 0.000479
1.988000 4.425000 0.000478
2.063000 4.425000 0.000477
2.138000 4.425000 0.000475
2.213000 4.425000 0.000474
2.288000 4.425000 0.000472
2.363000 4.425000 0.000470
2.438000 4.425000 0.000468
2.513000 4.425000 0.000466
2.588000 4.425000 0.000464
2.663000 4.425000 0.000461
2.738000 4.425000 0.000459
2.813000 4.425000 0.000457
2.888000 4.425000 0.000455
2.963000 4.425000 0.000453
3.038000 4.425000 0.000451
3.113000 4.425000 0.000449
3.188000 4.425000 0.000447
3.263000 4.425000 0.000445
3.338000 4.425000 0.000444
3.413000 4.425000 0.000442
3.488000 4.425000 0.000441
3.563000 4.425000 0.000440
3.638000 4.425000 0.000439
3.713000 4.425000 0.000438
3.788000 4.425000 0.000438
3.863000 4.425000 0.000000
-0.037500 4.575000 0.000000
0.037500 4.575000 0.000313
0.112500 4.575000 0.000313
0.187500 4.575000 0.000313
0.262500 4.575000 0.000313
0.337500 4.575000 0.000314
0.412500 4.575000 0.000314
0.487500 4.575000 0.000314
0.562500 4.575000 0.000315
0.637500 4.575000 0.000315
0.712500 4.575000 0.000316
0.787500 4.575000 0.000317
0.862500 4.575000 0.000317
0.937500 4.575000 0.000318
1.012000 4.575000 0.000319
1.087000 4.575000 0.000319
1.163000 4.575000 0.000319
1.238000 4.575000 0.000320
1.313000 4.575000 0.000320
1.388000 4.575000 0.000320
1.463000 4.575000 0.000321
1.538000 4.575000 0.000321
1.613000 4.575000 0.000320
1.688000 4.575000 0.000320
1.763000 4.575000 0.000320
1.838000 4.575000 0.000319
1.913000 4.575000 0.000319
1.988000 4.575000 0.000318
2.063000 4.575000 0.000317
2.138000 4.575000 0.000316
2.213000 4.575000 0.000315
2.288000 4.575000 0.000314
2.363000 4.575000 0.000313
2.438000 4.575000 0.000312
2.513000 4.575000 0.000310
2.588000 4.575000 0.000309
2.663000 4.575000 0.000308
2.738000 4.575000 0.000306
2.813000 4.575000 0.000305
2.888000 4.575000 0.000303
2.963000 4.575000 0.000302
3.038000 4.575000 0.000301
3.113000 4.575000 0.000299
3.188000 4.575000 0.000298
3.263000 4.575000 0.000297
3.338000 4.575000 0.000296
3.413000 4.575000 0.000295
3.488000 4.575000 0.000294
3.563000 4.575000 0.000294
3.638000 4.575000 0.000293
3.713000 4.575000 0.000293
3.788000 4.575000 0.000292
3.863000 4.575000 0.000000
-0.037500 4.725000 0.000000
0.037500 4.725000 0.000215
0.112500 4.725000 0.000215
0.187500 4.725000 0.000215
0.262500 4.725000 0.000215
0.337500 4.725000 0.000215
0.412500 4.725000 0.000215
0.487500 4.725000 0.000215
0.562500 4.725000 0.000216
0.637500 4.725000 0.000216
0.712500 4.725000 0.000217
0.787500 4.725000 0.000217
0.862500 4.725000 0.000217
0.937500 4.725000 0.000218
1.012000 4.725000 0.000218
1.087000 4.725000 0.000218
1.163000 4.725000 0.000219
1.238000 4.725000 0.000219
1.313000 4.725000 0.000219
1.388000 4.725000 0.000219
1.463000 4.725000 0.000219
1.538000 4.725000 0.000219
1.613000 4.725000 0.000219
1.688000 4.725000 0.000219
1.763000 4.725000 0.000219
1.838000 4.725000 0.000218
1.913000 4.725000 0.000218
1.988000 4.725000 0.000217
2.063000 4.725000 0.000217
2.138000 4.725000 0.000216
2.213000 4.725000 0.000216
2.288000 4.725000 0.000215
2.363000 4.725000 0.000214
2.438000 4.725000 0.000213
2.513000 4.725000 0.000212
2.588000 4.725000 0.000211
2.663000 4.725000 0.000211
2.738000 4.725000 0.000209
2.813000 4.725000 0.000209
2.888000 4.725000 0.000208
2.963000 4.725000 0.000207
3.038000 4.725000 0.000206
3.113000 4.725000 0.000205
3.188000 4.725000 0.000204
3.263000 4.725000 0.000204
3.338000 4.725000 0.000203
3.413000 4.725000 0.000202
3.488000 4.725000 0.000202
3.563000 4.725000 0.000201
3.638000 4.725000 0.000201
3.713000 4.725000 0.000200
3.788000 4.725000 0.000200
3.863000 4.725000 0.000000
-0.037500 4.875000 0.000000
0.037500 4.875000 0.000157
0.112500 4.875000 0.000157
0.187500 4.875000 0.000157
0.262500 4.875000 0.000157
0.337500 4.875000 0.000157
0.412500 4.875000 0.000157
0.487500 4.875000 0.000158
0.562500 4.875000 0.000158
0.637500 4.875000 0.000158
0.712500 4.875000 0.000158
0.787500 4.875000 0.000158
0.862500 4.875000 0.000159
0.937500 4.875000 0.000159
1.012000 4.875000 0.000159
1.087000 4.875000 0.000160
1.163000 4.875000 0.000160
1.238000 4.875000 0.000160
1.313000 4.875000 0.000160
1.388000 4.875000 0.000160
1.463000 4.875000 0.000160
1.538000 4.875000 0.000160
1.613000 4.875000 0.000160
1.688000 4.875000 0.000160
1.763000 4.875000 0.000160
1.838000 4.875000 0.000159
1.913000 4.875000 0.000159
1.988000 4.875000 0.000159
2.063000 4.875000 0.000158
2.138000 4.875000 0.000158
2.213000 4.875000 0.000157
2.288000 4.875000 0.000157
2.363000 4.875000 0.000156
2.438000 4.875000 0.000156
2.513000 4.875000 0.000155
2.588000 4.875000 0.000154
2.663000 4.875000 0.000154
2.738000 4.875000 0.000153
2.813000 4.875000 0.000152
2.888000 4.875000 0.000152
2.963000 4.875000 0.000151
3.038000 4.875000 0.000150
3.113000 4.875000 0.000150
3.188000 4.875000 0.000149
3.263000 4.875000 0.000149
3.338000 4.875000 0.000148
3.413000 4.875000 0.000148
3.488000 4.875000 0.000148
3.563000 4.875000 0.000147
3.638000 4.875000 0.000147
3.713000 4.875000 0.000147
3.788000 4.875000 0.000147
3.863000 4.875000 0.000000
-0.037500 5.025000 0.000000
0.037500 5.025000 0.000131
0.112500 5.025000 0.000131
0.187500 5.025000 0.000131
0.262500 5.025000 0.000131
0.337500 5.025000 0.000131
0.412500 5.025000 0.000131
0.487500 5.025000 0.000131
0.562500 5.025000 0.000131
0.637500 5.025000 0.000131
0.712500 5.025000 0.000131
0.787500 5.025000 0.000132
0.862500 5.025000 0.000132
0.937500 5.025000 0.000132
1.012000 5.025000 0.000132
1.087000 5.025000 0.000133
1.163000 5.025000 0.000133
1.238000 5.025000 0.000133
1.313000 5.025000 0.000133
1.388000 5.025000 0.000133
1.463000 5.025000 0.000133
1.538000 5.025000 0.000133
1.613000 5.025000 0.000133
1.688000 5.025000 0.000133
1.763000 5.025000 0.000133
1.838000 5.025000 0.000132
1.913000 5.025000 0.000132
1.988000 5.025000 0.000132
2.063000 5.025000 0.000131
2.138000 5.025000 0.000131
2.213000 5.025000 0.000131
2.288000 5.025000 0.000130
2.363000 5.025000 0.000130
2.438000 5.025000 0.000129
2.513000 5.025000 0.000129
2.588000 5.025000 0.000128
2.663000 5.025000 0.000128
2.738000 5.025000 0.000127
2.813000 5.025000 0.000127
2.888000 5.025000 0.000126
2.963000 5.025000 0.000126
3.038000 5.025000 0.000125
3.113000 5.025000 0.000125
3.188000 5.025000 0.000124
3.263000 5.025000 0.000124
3.338000 5.025000 0.000123
3.413000 5.025000 0.000123
3.488000 5.025000 0.000123
3.563000 5.025000 0.000122
3.638000 5.025000 0.000122
3.713000 5.025000 0.000122
3.788000 5.025000 0.000122
3.863000 5.025000 0.000000
-0.037500 5.175000 0.000000
0.037500 5.175000 0.000000
0.112500 5.175000 0.000000
0.187500 5.175000 0.000000
0.262500 5.175000 0.000000
0.337500 5.175000 0.000000
0.412500 5.175000 0.000000
0.487500 5.175000 0.000000
0.562500 5.175000 0.000000
0.637500 5.175000 0.000000
0.712500 5.175000 0.000000
0.787500 5.175000 0.000000
0.862500 5.175000 0.000000
0.937500 5.175000 0.000000
1.012000 5.175000 0.000000
1.087000 5.175000 0.000000
1.163000 5.175000 0.000000
1.238000 5.175000 0.000000
1.313000 5.175000 0.000000
1.388000 5.175000 0.000000
1.463000 5.175000 0.000000
1.538000 5.175000 0.000000
1.613000 5.175000 0.000000
1.688000 5.175000 0.000000
1.763000 5.175000 0.000000
1.838000 5.175000 0.000000
1.913000 5.175000 0.000000
1.988000 5.175000 0.000000
2.063000 5.175000 0.000000
2.138000 5.175000 0.000000
2.213000 5.175000 0.000000
2.288000 5.175000 0.000000
2.363000 5.175000 0.000000
2.438000 5.175000 0.000000
2.513000 5.175000 0.000000
2.588000 5.175000 0.000000
2.663000 5.175000 0.000000
2.738000 5.175000 0.000000
2.813000 5.175000 0.000000
2.888000 5.175000 0.000000
2.963000 5.175000 0.000000
3.038000 5.175000 0.000000
3.113000 5.175000 0.000000
3.188000 5.175000 0.000000
3.263000 5.175000 0.000000
3.338000 5.175000 0.000000
3.413000 5.175000 0.000000
3.488000 5.175000 0.000000
3.563000 5.175000 0.000000
3.638000 5.175000 0.000000
3.713000 5.175000 0.000000
3.788000 5.175000 0.000000
3.863000 5.175000 0.000000
