-0.037500 -0.075000 0.000000
0.037500 -0.075000 0.000000
0.112500 -0.075000 0.000000
0.187500 -0.075000 0.000000
0.262500 -0.075000 0.000000
0.337500 -0.075000 0.000000
0.412500 -0.075000 0.000000
0.487500 -0.075000 0.000000
0.562500 -0.075000 0.000000
0.637500 -0.075000 0.000000
0.712500 -0.075000 0.000000
0.787500 -0.075000 0.000000
0.862500 -0.075000 0.000000
0.937500 -0.075000 0.000000
1.012000 -0.075000 0.000000
1.087000 -0.075000 0.000000
1.163000 -0.075000 0.000000
1.238000 -0.075000 0.000000
1.313000 -0.075000 0.000000
1.388000 -0.075000 0.000000
1.463000 -0.075000 0.000000
1.538000 -0.075000 0.000000
1.613000 -0.075000 0.000000
1.688000 -0.075000 0.000000
1.763000 -0.075000 0.000000
1.838000 -0.075000 0.000000
1.913000 -0.075000 0.000000
1.988000 -0.075000 0.000000
2.063000 -0.075000 0.000000
2.138000 -0.075000 0.000000
2.213000 -0.075000 0.000000
2.288000 -0.075000 0.000000
2.363000 -0.075000 0.000000
2.438000 -0.075000 0.000000
2.513000 -0.075000 0.000000
2.588000 -0.075000 0.000000
2.663000 -0.075000 0.000000
2.738000 -0.075000 0.000000
2.813000 -0.075000 0.000000
2.888000 -0.075000 0.000000
2.963000 -0.075000 0.000000
3.038000 -0.075000 0.000000
3.113000 -0.075000 0.000000
3.188000 -0.075000 0.000000
3.263000 -0.075000 0.000000
3.338000 -0.075000 0.000000
3.413000 -0.075000 0.000000
3.488000 -0.075000 0.000000
3.563000 -0.075000 0.000000
3.638000 -0.075000 0.000000
3.713000 -0.075000 0.000000
3.788000 -0.075000 0.000000
3.863000 -0.075000 0.000000
-0.037500 0.075000 0.000000
0.037500 0.075000 0.002160
0.112500 0.075000 0.004320
0.187500 0.075000 0.006480
0.262500 0.075000 0.008640
0.337500 0.075000 0.010800
0.412500 0.075000 0.012950
0.487500 0.075000 0.015110
0.562500 0.075000 0.017250
0.637500 0.075000 0.019400
0.712500 0.075000 0.021530
0.787500 0.075000 0.023640
0.862500 0.075000 0.025740
0.937500 0.075000 0.027810
1.012000 0.075000 0.029840
1.087000 0.075000 0.031820
1.163000 0.075000 0.033740
1.238000 0.075000 0.035590
1.313000 0.075000 0.037340
1.388000 0.075000 0.038980
1.463000 0.075000 0.040480
1.538000 0.075000 0.041820
1.613000 0.075000 0.042970
1.688000 0.075000 0.043920
1.763000 0.075000 0.044640
1.838000 0.075000 0.045120
1.913000 0.075000 0.045350
1.988000 0.075000 0.045330
2.063000 0.075000 0.045070
2.138000 0.075000 0.044590
2.213000 0.075000 0.043910
2.288000 0.075000 0.043060
2.363000 0.075000 0.042060
2.438000 0.075000 0.040960
2.513000 0.075000 0.039780
2.588000 0.075000 0.038540
2.663000 0.075000 0.037260
2.738000 0.075000 0.035980
2.813000 0.075000 0.034700
2.888000 0.075000 0.033440
2.963000 0.075000 0.032200
3.038000 0.075000 0.031000
3.113000 0.075000 0.029830
3.188000 0.075000 0.028700
3.263000 0.075000 0.027620
3.338000 0.075000 0.026580
3.413000 0.075000 0.025590
3.488000 0.075000 0.024640
3.563000 0.075000 0.023730
3.638000 0.075000 0.022870
3.713000 0.075000 0.022040
3.788000 0.075000 0.021250
3.863000 0.075000 0.000000
-0.037500 0.225000 0.000000
0.037500 0.225000 0.002160
0.112500 0.225000 0.004320
0.187500 0.225000 0.006480
0.262500 0.225000 0.008640
0.337500 0.225000 0.010800
0.412500 0.225000 0.012950
0.487500 0.225000 0.015110
0.562500 0.225000 0.017250
0.637500 0.225000 0.019400
0.712500 0.225000 0.021530
0.787500 0.225000 0.023640
0.862500 0.225000 0.025740
0.937500 0.225000 0.027810
1.012000 0.225000 0.029840
1.087000 0.225000 0.031820
1.163000 0.225000 0.033740
1.238000 0.225000 0.035590
1.313000 0.225000 0.037340
1.388000 0.225000 0.038980
1.463000 0.225000 0.040480
1.538000 0.225000 0.041820
1.613000 0.225000 0.042970
1.688000 0.225000 0.043920
1.763000 0.225000 0.044640
1.838000 0.225000 0.045120
1.913000 0.225000 0.045350
1.988000 0.225000 0.045330
2.063000 0.225000 0.045070
2.138000 0.225000 0.044590
2.213000 0.225000 0.043910
2.288000 0.225000 0.043060
2.363000 0.225000 0.042060
2.438000 0.225000 0.040960
2.513000 0.225000 0.039780
2.588000 0.225000 0.038540
2.663000 0.225000 0.037260
2.738000 0.225000 0.035980
2.813000 0.225000 0.034700
2.888000 0.225000 0.033440
2.963000 0.225000 0.032200
3.038000 0.225000 0.031000
3.113000 0.225000 0.029830
3.188000 0.225000 0.028700
3.263000 0.225000 0.027620
3.338000 0.225000 0.026580
3.413000 0.225000 0.025590
3.488000 0.225000 0.024640
3.563000 0.225000 0.023730
3.638000 0.225000 0.022870
3.713000 0.225000 0.022040
3.788000 0.225000 0.021250
3.863000 0.225000 0.000000
-0.037500 0.375000 0.000000
0.037500 0.375000 0.116100
0.112500 0.375000 0.116800
0.187500 0.375000 0.117900
0.262500 0.375000 0.119300
0.337500 0.375000 0.120900
0.412500 0.375000 0.122700
0.487500 0.375000 0.124600
0.562500 0.375000 0.126600
0.637500 0.375000 0.128600
0.712500 0.375000 0.130700
0.787500 0.375000 0.132800
0.862500 0.375000 0.134900
0.937500 0.375000 0.137000
1.012000 0.375000 0.139100
1.087000 0.375000 0.141100
1.163000 0.375000 0.143000
1.238000 0.375000 0.144800
1.313000 0.375000 0.146500
1.388000 0.375000 0.148000
1.463000 0.375000 0.149400
1.538000 0.375000 0.150500
1.613000 0.375000 0.151500
1.688000 0.375000 0.152200
1.763000 0.375000 0.152700
1.838000 0.375000 0.153000
1.913000 0.375000 0.153000
1.988000 0.375000 0.152700
2.063000 0.375000 0.152200
2.138000 0.375000 0.151500
2.213000 0.375000 0.150600
2.288000 0.375000 0.149500
2.363000 0.375000 0.148200
2.438000 0.375000 0.146800
2.513000 0.375000 0.145300
2.588000 0.375000 0.143700
2.663000 0.375000 0.142100
2.738000 0.375000 0.140400
2.813000 0.375000 0.138800
2.888000 0.375000 0.137100
2.963000 0.375000 0.135500
3.038000 0.375000 0.133900
3.113000 0.375000 0.132400
3.188000 0.375000 0.130900
3.263000 0.375000 0.129600
3.338000 0.375000 0.128300
3.413000 0.375000 0.127100
3.488000 0.375000 0.126000
3.563000 0.375000 0.125100
3.638000 0.375000 0.124300
3.713000 0.375000 0.123700
3.788000 0.375000 0.123400
3.863000 0.375000 0.000000
-0.037500 0.525000 0.000000
0.037500 0.525000 0.217600
0.112500 0.525000 0.218000
0.187500 0.525000 0.218600
0.262500 0.525000 0.219500
0.337500 0.525000 0.220700
0.412500 0.525000 0.222000
0.487500 0.525000 0.223500
0.562500 0.525000 0.225000
0.637500 0.525000 0.226700
0.712500 0.525000 0.228400
0.787500 0.525000 0.230200
0.862500 0.525000 0.232000
0.937500 0.525000 0.233700
1.012000 0.525000 0.235500
1.087000 0.525000 0.237100
1.163000 0.525000 0.238700
1.238000 0.525000 0.240200
1.313000 0.525000 0.241500
1.388000 0.525000 0.242700
1.463000 0.525000 0.243800
1.538000 0.525000 0.244600
1.613000 0.525000 0.245300
1.688000 0.525000 0.245700
1.763000 0.525000 0.245900
1.838000 0.525000 0.245900
1.913000 0.525000 0.245700
1.988000 0.525000 0.245200
2.063000 0.525000 0.244500
2.138000 0.525000 0.243600
2.213000 0.525000 0.242600
2.288000 0.525000 0.241300
2.363000 0.525000 0.239900
2.438000 0.525000 0.238400
2.513000 0.525000 0.236800
2.588000 0.525000 0.235100
2.663000 0.525000 0.233300
2.738000 0.525000 0.231500
2.813000 0.525000 0.229700
2.888000 0.525000 0.227900
2.963000 0.525000 0.226200
3.038000 0.525000 0.224500
3.113000 0.525000 0.222900
3.188000 0.525000 0.221300
3.263000 0.525000 0.219900
3.338000 0.525000 0.218600
3.413000 0.525000 0.217400
3.488000 0.525000 0.216400
3.563000 0.525000 0.215500
3.638000 0.525000 0.214800
3.713000 0.525000 0.214400
3.788000 0.525000 0.214100
3.863000 0.525000 0.000000
-0.037500 0.675000 0.000000
0.037500 0.675000 0.275600
0.112500 0.675000 0.275800
0.187500 0.675000 0.276200
0.262500 0.675000 0.276800
0.337500 0.675000 0.277600
0.412500 0.675000 0.278600
0.487500 0.675000 0.279700
0.562500 0.675000 0.280800
0.637500 0.675000 0.282100
0.712500 0.675000 0.283500
0.787500 0.675000 0.284800
0.862500 0.675000 0.286200
0.937500 0.675000 0.287600
1.012000 0.675000 0.289000
1.087000 0.675000 0.290300
1.163000 0.675000 0.291500
1.238000 0.675000 0.292600
1.313000 0.675000 0.293600
1.388000 0.675000 0.294500
1.463000 0.675000 0.295200
1.538000 0.675000 0.295800
1.613000 0.675000 0.296100
1.688000 0.675000 0.296300
1.763000 0.675000 0.296300
1.838000 0.675000 0.296100
1.913000 0.675000 0.295700
1.988000 0.675000 0.295100
2.063000 0.675000 0.294400
2.138000 0.675000 0.293400
2.213000 0.675000 0.292300
2.288000 0.675000 0.291100
2.363000 0.675000 0.289700
2.438000 0.675000 0.288200
2.513000 0.675000 0.286600
2.588000 0.675000 0.284900
2.663000 0.675000 0.283200
2.738000 0.675000 0.281500
2.813000 0.675000 0.279700
2.888000 0.675000 0.278000
2.963000 0.675000 0.276300
3.038000 0.675000 0.274700
3.113000 0.675000 0.273100
3.188000 0.675000 0.271700
3.263000 0.675000 0.270300
3.338000 0.675000 0.269100
3.413000 0.675000 0.268000
3.488000 0.675000 0.267100
3.563000 0.675000 0.266300
3.638000 0.675000 0.265700
3.713000 0.675000 0.265300
3.788000 0.675000 0.265100
3.863000 0.675000 0.000000
-0.037500 0.825000 0.000000
0.037500 0.825000 0.298100
0.112500 0.825000 0.298300
0.187500 0.825000 0.298700
0.262500 0.825000 0.299200
0.337500 0.825000 0.299900
0.412500 0.825000 0.300700
0.487500 0.825000 0.301700
0.562500 0.825000 0.302700
0.637500 0.825000 0.303900
0.712500 0.825000 0.305100
0.787500 0.825000 0.306300
0.862500 0.825000 0.307500
0.937500 0.825000 0.308800
1.012000 0.825000 0.310000
1.087000 0.825000 0.311100
1.163000 0.825000 0.312200
1.238000 0.825000 0.313200
1.313000 0.825000 0.314100
1.388000 0.825000 0.314800
1.463000 0.825000 0.315400
1.538000 0.825000 0.315800
1.613000 0.825000 0.316100
1.688000 0.825000 0.316200
1.763000 0.825000 0.316100
1.838000 0.825000 0.315800
1.913000 0.825000 0.315400
1.988000 0.825000 0.314800
2.063000 0.825000 0.313900
2.138000 0.825000 0.313000
2.213000 0.825000 0.311800
2.288000 0.825000 0.310600
2.363000 0.825000 0.309200
2.438000 0.825000 0.307700
2.513000 0.825000 0.306100
2.588000 0.825000 0.304500
2.663000 0.825000 0.302800
2.738000 0.825000 0.301100
2.813000 0.825000 0.299300
2.888000 0.825000 0.297600
2.963000 0.825000 0.296000
3.038000 0.825000 0.294400
3.113000 0.825000 0.292800
3.188000 0.825000 0.291400
3.263000 0.825000 0.290100
3.338000 0.825000 0.288900
3.413000 0.825000 0.287800
3.488000 0.825000 0.286900
3.563000 0.825000 0.286200
3.638000 0.825000 0.285600
3.713000 0.825000 0.285200
3.788000 0.825000 0.285100
3.863000 0.825000 0.000000
-0.037500 0.975000 0.000000
0.037500 0.975000 0.314300
0.112500 0.975000 0.314500
0.187500 0.975000 0.314800
0.262500 0.975000 0.315300
0.337500 0.975000 0.315900
0.412500 0.975000 0.316700
0.487500 0.975000 0.317500
0.562500 0.975000 0.318500
0.637500 0.975000 0.319500
0.712500 0.975000 0.320600
0.787500 0.975000 0.321800
0.862500 0.975000 0.322900
0.937500 0.975000 0.324000
1.012000 0.975000 0.325100
1.087000 0.975000 0.326200
1.163000 0.975000 0.327200
1.238000 0.975000 0.328100
1.313000 0.975000 0.328800
1.388000 0.975000 0.329500
1.463000 0.975000 0.330000
1.538000 0.975000 0.330400
1.613000 0.975000 0.330600
1.688000 0.975000 0.330600
1.763000 0.975000 0.330500
1.838000 0.975000 0.330100
1.913000 0.975000 0.329600
1.988000 0.975000 0.329000
2.063000 0.975000 0.328100
2.138000 0.975000 0.327100
2.213000 0.975000 0.326000
2.288000 0.975000 0.324700
2.363000 0.975000 0.323300
2.438000 0.975000 0.321800
2.513000 0.975000 0.320300
2.588000 0.975000 0.318600
2.663000 0.975000 0.316900
2.738000 0.975000 0.315200
2.813000 0.975000 0.313500
2.888000 0.975000 0.311800
2.963000 0.975000 0.310200
3.038000 0.975000 0.308600
3.113000 0.975000 0.307100
3.188000 0.975000 0.305600
3.263000 0.975000 0.304300
3.338000 0.975000 0.303100
3.413000 0.975000 0.302100
3.488000 0.975000 0.301200
3.563000 0.975000 0.300500
3.638000 0.975000 0.299900
3.713000 0.975000 0.299600
3.788000 0.975000 0.299400
3.863000 0.975000 0.000000
-0.037500 1.125000 0.000000
0.037500 1.125000 0.324300
0.112500 1.125000 0.324500
0.187500 1.125000 0.324800
0.262500 1.125000 0.325200
0.337500 1.125000 0.325800
0.412500 1.125000 0.326600
0.487500 1.125000 0.327400
0.562500 1.125000 0.328300
0.637500 1.125000 0.329300
0.712500 1.125000 0.330300
0.787500 1.125000 0.331400
0.862500 1.125000 0.332500
0.937500 1.125000 0.333600
1.012000 1.125000 0.334600
1.087000 1.125000 0.335600
1.163000 1.125000 0.336600
1.238000 1.125000 0.337400
1.313000 1.125000 0.338100
1.388000 1.125000 0.338700
1.463000 1.125000 0.339200
1.538000 1.125000 0.339500
1.613000 1.125000 0.339700
1.688000 1.125000 0.339700
1.763000 1.125000 0.339500
1.838000 1.125000 0.339200
1.913000 1.125000 0.338600
1.988000 1.125000 0.337900
2.063000 1.125000 0.337100
2.138000 1.125000 0.336100
2.213000 1.125000 0.334900
2.288000 1.125000 0.333600
2.363000 1.125000 0.332200
2.438000 1.125000 0.330700
2.513000 1.125000 0.329100
2.588000 1.125000 0.327500
2.663000 1.125000 0.325800
2.738000 1.125000 0.324100
2.813000 1.125000 0.322300
2.888000 1.125000 0.320700
2.963000 1.125000 0.319000
3.038000 1.125000 0.317400
3.113000 1.125000 0.315900
3.188000 1.125000 0.314500
3.263000 1.125000 0.313200
3.338000 1.125000 0.312000
3.413000 1.125000 0.310900
3.488000 1.125000 0.310100
3.563000 1.125000 0.309300
3.638000 1.125000 0.308800
3.713000 1.125000 0.308400
3.788000 1.125000 0.308300
3.863000 1.125000 0.000000
-0.037500 1.275000 0.000000
0.037500 1.275000 0.332200
0.112500 1.275000 0.332300
0.187500 1.275000 0.332600
0.262500 1.275000 0.333100
0.337500 1.275000 0.333700
0.412500 1.275000 0.334400
0.487500 1.275000 0.335200
0.562500 1.275000 0.336100
0.637500 1.275000 0.337100
0.712500 1.275000 0.338100
0.787500 1.275000 0.339200
0.862500 1.275000 0.340300
0.937500 1.275000 0.341400
1.012000 1.275000 0.342500
1.087000 1.275000 0.343500
1.163000 1.275000 0.344400
1.238000 1.275000 0.345200
1.313000 1.275000 0.346000
1.388000 1.275000 0.346600
1.463000 1.275000 0.347000
1.538000 1.275000 0.347300
1.613000 1.275000 0.347500
1.688000 1.275000 0.347500
1.763000 1.275000 0.347300
1.838000 1.275000 0.346900
1.913000 1.275000 0.346300
1.988000 1.275000 0.345600
2.063000 1.275000 0.344700
2.138000 1.275000 0.343700
2.213000 1.275000 0.342500
2.288000 1.275000 0.341200
2.363000 1.275000 0.339700
2.438000 1.275000 0.338200
2.513000 1.275000 0.336500
2.588000 1.275000 0.334800
2.663000 1.275000 0.333100
2.738000 1.275000 0.331400
2.813000 1.275000 0.329600
2.888000 1.275000 0.327900
2.963000 1.275000 0.326200
3.038000 1.275000 0.324500
3.113000 1.275000 0.323000
3.188000 1.275000 0.321500
3.263000 1.275000 0.320200
3.338000 1.275000 0.319000
3.413000 1.275000 0.317900
3.488000 1.275000 0.317000
3.563000 1.275000 0.316300
3.638000 1.275000 0.315700
3.713000 1.275000 0.315400
3.788000 1.275000 0.315200
3.863000 1.275000 0.000000
-0.037500 1.425000 0.000000
0.037500 1.425000 0.329700
0.112500 1.425000 0.329800
0.187500 1.425000 0.330100
0.262500 1.425000 0.330500
0.337500 1.425000 0.331100
0.412500 1.425000 0.331800
0.487500 1.425000 0.332500
0.562500 1.425000 0.333400
0.637500 1.425000 0.334300
0.712500 1.425000 0.335300
0.787500 1.425000 0.336300
0.862500 1.425000 0.337400
0.937500 1.425000 0.338400
1.012000 1.425000 0.339400
1.087000 1.425000 0.340300
1.163000 1.425000 0.341200
1.238000 1.425000 0.341900
1.313000 1.425000 0.342600
1.388000 1.425000 0.343200
1.463000 1.425000 0.343600
1.538000 1.425000 0.343900
1.613000 1.425000 0.344000
1.688000 1.425000 0.343900
1.763000 1.425000 0.343700
1.838000 1.425000 0.343300
1.913000 1.425000 0.342800
1.988000 1.425000 0.342000
2.063000 1.425000 0.341100
2.138000 1.425000 0.340100
2.213000 1.425000 0.338900
2.288000 1.425000 0.337600
2.363000 1.425000 0.336200
2.438000 1.425000 0.334700
2.513000 1.425000 0.333100
2.588000 1.425000 0.331400
2.663000 1.425000 0.329700
2.738000 1.425000 0.328000
2.813000 1.425000 0.326300
2.888000 1.425000 0.324600
2.963000 1.425000 0.323000
3.038000 1.425000 0.321400
3.113000 1.425000 0.319900
3.188000 1.425000 0.318500
3.263000 1.425000 0.317200
3.338000 1.425000 0.316000
3.413000 1.425000 0.315000
3.488000 1.425000 0.314100
3.563000 1.425000 0.313400
3.638000 1.425000 0.312900
3.713000 1.425000 0.312500
3.788000 1.425000 0.312300
3.863000 1.425000 0.000000
-0.037500 1.575000 0.000000
0.037500 1.575000 0.315700
0.112500 1.575000 0.315800
0.187500 1.575000 0.316000
0.262500 1.575000 0.316400
0.337500 1.575000 0.316900
0.412500 1.575000 0.317500
0.487500 1.575000 0.318200
0.562500 1.575000 0.319000
0.637500 1.575000 0.319800
0.712500 1.575000 0.320700
0.787500 1.575000 0.321600
0.862500 1.575000 0.322500
0.937500 1.575000 0.323400
1.012000 1.575000 0.324300
1.087000 1.575000 0.325100
1.163000 1.575000 0.325900
1.238000 1.575000 0.326500
1.313000 1.575000 0.327100
1.388000 1.575000 0.327600
1.463000 1.575000 0.327900
1.538000 1.575000 0.328200
1.613000 1.575000 0.328200
1.688000 1.575000 0.328100
1.763000 1.575000 0.327900
1.838000 1.575000 0.327500
1.913000 1.575000 0.327000
1.988000 1.575000 0.326300
2.063000 1.575000 0.325400
2.138000 1.575000 0.324500
2.213000 1.575000 0.323300
2.288000 1.575000 0.322100
2.363000 1.575000 0.320800
2.438000 1.575000 0.319400
2.513000 1.575000 0.317900
2.588000 1.575000 0.316300
2.663000 1.575000 0.314800
2.738000 1.575000 0.313200
2.813000 1.575000 0.311600
2.888000 1.575000 0.310000
2.963000 1.575000 0.308500
3.038000 1.575000 0.307000
3.113000 1.575000 0.305600
3.188000 1.575000 0.304300
3.263000 1.575000 0.303100
3.338000 1.575000 0.302000
3.413000 1.575000 0.301100
3.488000 1.575000 0.300300
3.563000 1.575000 0.299600
3.638000 1.575000 0.299200
3.713000 1.575000 0.298800
3.788000 1.575000 0.298700
3.863000 1.575000 0.000000
-0.037500 1.725000 0.000000
0.037500 1.725000 0.292900
0.112500 1.725000 0.293000
0.187500 1.725000 0.293200
0.262500 1.725000 0.293500
0.337500 1.725000 0.293900
0.412500 1.725000 0.294500
0.487500 1.725000 0.295000
0.562500 1.725000 0.295700
0.637500 1.725000 0.296400
0.712500 1.725000 0.297100
0.787500 1.725000 0.297900
0.862500 1.725000 0.298600
0.937500 1.725000 0.299400
1.012000 1.725000 0.300100
1.087000 1.725000 0.300800
1.163000 1.725000 0.301500
1.238000 1.725000 0.302000
1.313000 1.725000 0.302500
1.388000 1.725000 0.302900
1.463000 1.725000 0.303100
1.538000 1.725000 0.303300
1.613000 1.725000 0.303300
1.688000 1.725000 0.303200
1.763000 1.725000 0.303000
1.838000 1.725000 0.302600
1.913000 1.725000 0.302100
1.988000 1.725000 0.301400
2.063000 1.725000 0.300600
2.138000 1.725000 0.299800
2.213000 1.725000 0.298800
2.288000 1.725000 0.297700
2.363000 1.725000 0.296500
2.438000 1.725000 0.295200
2.513000 1.725000 0.293900
2.588000 1.725000 0.292500
2.663000 1.725000 0.291100
2.738000 1.725000 0.289700
2.813000 1.725000 0.288300
2.888000 1.725000 0.286900
2.963000 1.725000 0.285500
3.038000 1.725000 0.284200
3.113000 1.725000 0.283000
3.188000 1.725000 0.281800
3.263000 1.725000 0.280800
3.338000 1.725000 0.279800
3.413000 1.725000 0.279000
3.488000 1.725000 0.278300
3.563000 1.725000 0.277700
3.638000 1.725000 0.277300
3.713000 1.725000 0.277000
3.788000 1.725000 0.276900
3.863000 1.725000 0.000000
-0.037500 1.875000 0.000000
0.037500 1.875000 0.264100
0.112500 1.875000 0.264200
0.187500 1.875000 0.264400
0.262500 1.875000 0.264700
0.337500 1.875000 0.265000
0.412500 1.875000 0.265400
0.487500 1.875000 0.265900
0.562500 1.875000 0.266400
0.637500 1.875000 0.266900
0.712500 1.875000 0.267500
0.787500 1.875000 0.268100
0.862500 1.875000 0.268700
0.937500 1.875000 0.269300
1.012000 1.875000 0.269900
1.087000 1.875000 0.270400
1.163000 1.875000 0.270900
1.238000 1.875000 0.271300
1.313000 1.875000 0.271700
1.388000 1.875000 0.271900
1.463000 1.875000 0.272100
1.538000 1.875000 0.272200
1.613000 1.875000 0.272200
1.688000 1.875000 0.272000
1.763000 1.875000 0.271800
1.838000 1.875000 0.271400
1.913000 1.875000 0.271000
1.988000 1.875000 0.270400
2.063000 1.875000 0.269700
2.138000 1.875000 0.268900
2.213000 1.875000 0.268100
2.288000 1.875000 0.267100
2.363000 1.875000 0.266100
2.438000 1.875000 0.265000
2.513000 1.875000 0.263900
2.588000 1.875000 0.262700
2.663000 1.875000 0.261500
2.738000 1.875000 0.260300
2.813000 1.875000 0.259100
2.888000 1.875000 0.258000
2.963000 1.875000 0.256800
3.038000 1.875000 0.255700
3.113000 1.875000 0.254700
3.188000 1.875000 0.253700
3.263000 1.875000 0.252800
3.338000 1.875000 0.252000
3.413000 1.875000 0.251300
3.488000 1.875000 0.250700
3.563000 1.875000 0.250300
3.638000 1.875000 0.249900
3.713000 1.875000 0.249700
3.788000 1.875000 0.249600
3.863000 1.875000 0.000000
-0.037500 2.025000 0.000000
0.037500 2.025000 0.232000
0.112500 2.025000 0.232000
0.187500 2.025000 0.232100
0.262500 2.025000 0.232300
0.337500 2.025000 0.232600
0.412500 2.025000 0.232900
0.487500 2.025000 0.233200
0.562500 2.025000 0.233600
0.637500 2.025000 0.234000
0.712500 2.025000 0.234400
0.787500 2.025000 0.234800
0.862500 2.025000 0.235200
0.937500 2.025000 0.235700
1.012000 2.025000 0.236100
1.087000 2.025000 0.236400
1.163000 2.025000 0.236800
1.238000 2.025000 0.237000
1.313000 2.025000 0.237300
1.388000 2.025000 0.237400
1.463000 2.025000 0.237500
1.538000 2.025000 0.237500
1.613000 2.025000 0.237500
1.688000 2.025000 0.237300
1.763000 2.025000 0.237100
1.838000 2.025000 0.236700
1.913000 2.025000 0.236300
1.988000 2.025000 0.235800
2.063000 2.025000 0.235300
2.138000 2.025000 0.234600
2.213000 2.025000 0.233900
2.288000 2.025000 0.233100
2.363000 2.025000 0.232300
2.438000 2.025000 0.231400
2.513000 2.025000 0.230500
2.588000 2.025000 0.229600
2.663000 2.025000 0.228600
2.738000 2.025000 0.227600
2.813000 2.025000 0.226700
2.888000 2.025000 0.225700
2.963000 2.025000 0.224800
3.038000 2.025000 0.223900
3.113000 2.025000 0.223100
3.188000 2.025000 0.222300
3.263000 2.025000 0.221600
3.338000 2.025000 0.221000
3.413000 2.025000 0.220500
3.488000 2.025000 0.220000
3.563000 2.025000 0.219600
3.638000 2.025000 0.219300
3.713000 2.025000 0.219200
3.788000 2.025000 0.219100
3.863000 2.025000 0.000000
-0.037500 2.175000 0.000000
0.037500 2.175000 0.198500
0.112500 2.175000 0.198500
0.187500 2.175000 0.198600
0.262500 2.175000 0.198700
0.337500 2.175000 0.198900
0.412500 2.175000 0.199100
0.487500 2.175000 0.199300
0.562500 2.175000 0.199500
0.637500 2.175000 0.199700
0.712500 2.175000 0.200000
0.787500 2.175000 0.200200
0.862500 2.175000 0.200500
0.937500 2.175000 0.200700
1.012000 2.175000 0.201000
1.087000 2.175000 0.201200
1.163000 2.175000 0.201300
1.238000 2.175000 0.201500
1.313000 2.175000 0.201600
1.388000 2.175000 0.201600
1.463000 2.175000 0.201600
1.538000 2.175000 0.201600
1.613000 2.175000 0.201500
1.688000 2.175000 0.201300
1.763000 2.175000 0.201100
1.838000 2.175000 0.200800
1.913000 2.175000 0.200400
1.988000 2.175000 0.200000
2.063000 2.175000 0.199600
2.138000 2.175000 0.199000
2.213000 2.175000 0.198500
2.288000 2.175000 0.197900
2.363000 2.175000 0.197300
2.438000 2.175000 0.196600
2.513000 2.175000 0.195900
2.588000 2.175000 0.195200
2.663000 2.175000 0.194500
2.738000 2.175000 0.193800
2.813000 2.175000 0.193100
2.888000 2.175000 0.192400
2.963000 2.175000 0.191700
3.038000 2.175000 0.191000
3.113000 2.175000 0.190400
3.188000 2.175000 0.189900
3.263000 2.175000 0.189400
3.338000 2.175000 0.188900
3.413000 2.175000 0.188500
3.488000 2.175000 0.188200
3.563000 2.175000 0.187900
3.638000 2.175000 0.187700
3.713000 2.175000 0.187600
3.788000 2.175000 0.187500
3.863000 2.175000 0.000000
-0.037500 2.325000 0.000000
0.037500 2.325000 0.176600
0.112500 2.325000 0.176600
0.187500 2.325000 0.176700
0.262500 2.325000 0.176700
0.337500 2.325000 0.176800
0.412500 2.325000 0.176900
0.487500 2.325000 0.177000
0.562500 2.325000 0.177200
0.637500 2.325000 0.177300
0.712500 2.325000 0.177500
0.787500 2.325000 0.177600
0.862500 2.325000 0.177700
0.937500 2.325000 0.177900
1.012000 2.325000 0.178000
1.087000 2.325000 0.178100
1.163000 2.325000 0.178100
1.238000 2.325000 0.178200
1.313000 2.325000 0.178200
1.388000 2.325000 0.178200
1.463000 2.325000 0.178100
1.538000 2.325000 0.178000
1.613000 2.325000 0.177900
1.688000 2.325000 0.177700
1.763000 2.325000 0.177500
1.838000 2.325000 0.177200
1.913000 2.325000 0.176900
1.988000 2.325000 0.176500
2.063000 2.325000 0.176200
2.138000 2.325000 0.175700
2.213000 2.325000 0.175300
2.288000 2.325000 0.174800
2.363000 2.325000 0.174300
2.438000 2.325000 0.173800
2.513000 2.325000 0.173300
2.588000 2.325000 0.172700
2.663000 2.325000 0.172200
2.738000 2.325000 0.171600
2.813000 2.325000 0.171100
2.888000 2.325000 0.170500
2.963000 2.325000 0.170000
3.038000 2.325000 0.169500
3.113000 2.325000 0.169100
3.188000 2.325000 0.168700
3.263000 2.325000 0.168300
3.338000 2.325000 0.167900
3.413000 2.325000 0.167600
3.488000 2.325000 0.167400
3.563000 2.325000 0.167200
3.638000 2.325000 0.167000
3.713000 2.325000 0.166900
3.788000 2.325000 0.166900
3.863000 2.325000 0.000000
-0.037500 2.475000 0.000000
0.037500 2.475000 0.166100
0.112500 2.475000 0.166100
0.187500 2.475000 0.166100
0.262500 2.475000 0.166200
0.337500 2.475000 0.166200
0.412500 2.475000 0.166300
0.487500 2.475000 0.166400
0.562500 2.475000 0.166500
0.637500 2.475000 0.166600
0.712500 2.475000 0.166700
0.787500 2.475000 0.166800
0.862500 2.475000 0.166900
0.937500 2.475000 0.167000
1.012000 2.475000 0.167000
1.087000 2.475000 0.167100
1.163000 2.475000 0.167100
1.238000 2.475000 0.167100
1.313000 2.475000 0.167100
1.388000 2.475000 0.167100
1.463000 2.475000 0.167000
1.538000 2.475000 0.166900
1.613000 2.475000 0.166800
1.688000 2.475000 0.166600
1.763000 2.475000 0.166400
1.838000 2.475000 0.166100
1.913000 2.475000 0.165800
1.988000 2.475000 0.165500
2.063000 2.475000 0.165200
2.138000 2.475000 0.164800
2.213000 2.475000 0.164400
2.288000 2.475000 0.163900
2.363000 2.475000 0.163500
2.438000 2.475000 0.163000
2.513000 2.475000 0.162500
2.588000 2.475000 0.162100
2.663000 2.475000 0.161600
2.738000 2.475000 0.161100
2.813000 2.475000 0.160600
2.888000 2.475000 0.160200
2.963000 2.475000 0.159700
3.038000 2.475000 0.159300
3.113000 2.475000 0.158900
3.188000 2.475000 0.158500
3.263000 2.475000 0.158200
3.338000 2.475000 0.157900
3.413000 2.475000 0.157600
3.488000 2.475000 0.157400
3.563000 2.475000 0.157200
3.638000 2.475000 0.157100
3.713000 2.475000 0.157000
3.788000 2.475000 0.157000
3.863000 2.475000 0.000000
-0.037500 2.625000 0.000000
0.037500 2.625000 0.156100
0.112500 2.625000 0.156100
0.187500 2.625000 0.156200
0.262500 2.625000 0.156200
0.337500 2.625000 0.156300
0.412500 2.625000 0.156300
0.487500 2.625000 0.156400
0.562500 2.625000 0.156500
0.637500 2.625000 0.156500
0.712500 2.625000 0.156600
0.787500 2.625000 0.156700
0.862500 2.625000 0.156800
0.937500 2.625000 0.156800
1.012000 2.625000 0.156900
1.087000 2.625000 0.156900
1.163000 2.625000 0.156900
1.238000 2.625000 0.156900
1.313000 2.625000 0.156900
1.388000 2.625000 0.156800
1.463000 2.625000 0.156700
1.538000 2.625000 0.156600
1.613000 2.625000 0.156400
1.688000 2.625000 0.156300
1.763000 2.625000 0.156100
1.838000 2.625000 0.155800
1.913000 2.625000 0.155600
1.988000 2.625000 0.155300
2.063000 2.625000 0.154900
2.138000 2.625000 0.154600
2.213000 2.625000 0.154200
2.288000 2.625000 0.153800
2.363000 2.625000 0.153400
2.438000 2.625000 0.153000
2.513000 2.625000 0.152600
2.588000 2.625000 0.152100
2.663000 2.625000 0.151700
2.738000 2.625000 0.151300
2.813000 2.625000 0.150900
2.888000 2.625000 0.150400
2.963000 2.625000 0.150000
3.038000 2.625000 0.149700
3.113000 2.625000 0.149300
3.188000 2.625000 0.149000
3.263000 2.625000 0.148700
3.338000 2.625000 0.148400
3.413000 2.625000 0.148200
3.488000 2.625000 0.148000
3.563000 2.625000 0.147800
3.638000 2.625000 0.147700
3.713000 2.625000 0.147600
3.788000 2.625000 0.147600
3.863000 2.625000 0.000000
-0.037500 2.775000 0.000000
0.037500 2.775000 0.146900
0.112500 2.775000 0.146900
0.187500 2.775000 0.146900
0.262500 2.775000 0.147000
0.337500 2.775000 0.147000
0.412500 2.775000 0.147000
0.487500 2.775000 0.147100
0.562500 2.775000 0.147200
0.637500 2.775000 0.147200
0.712500 2.775000 0.147300
0.787500 2.775000 0.147300
0.862500 2.775000 0.147400
0.937500 2.775000 0.147400
1.012000 2.775000 0.147500
1.087000 2.775000 0.147500
1.163000 2.775000 0.147500
1.238000 2.775000 0.147500
1.313000 2.775000 0.147400
1.388000 2.775000 0.147400
1.463000 2.775000 0.147300
1.538000 2.775000 0.147200
1.613000 2.775000 0.147000
1.688000 2.775000 0.146800
1.763000 2.775000 0.146700
1.838000 2.775000 0.146400
1.913000 2.775000 0.146200
1.988000 2.775000 0.145900
2.063000 2.775000 0.145600
2.138000 2.775000 0.145300
2.213000 2.775000 0.144900
2.288000 2.775000 0.144600
2.363000 2.775000 0.144200
2.438000 2.775000 0.143800
2.513000 2.775000 0.143400
2.588000 2.775000 0.143000
2.663000 2.775000 0.142600
2.738000 2.775000 0.142200
2.813000 2.775000 0.141800
2.888000 2.775000 0.141500
2.963000 2.775000 0.141100
3.038000 2.775000 0.140800
3.113000 2.775000 0.140400
3.188000 2.775000 0.140100
3.263000 2.775000 0.139900
3.338000 2.775000 0.139600
3.413000 2.775000 0.139400
3.488000 2.775000 0.139200
3.563000 2.775000 0.139100
3.638000 2.775000 0.139000
3.713000 2.775000 0.138900
3.788000 2.775000 0.138900
3.863000 2.775000 0.000000
-0.037500 2.925000 0.000000
0.037500 2.925000 0.130000
0.112500 2.925000 0.130000
0.187500 2.925000 0.130000
0.262500 2.925000 0.130000
0.337500 2.925000 0.130100
0.412500 2.925000 0.130100
0.487500 2.925000 0.130200
0.562500 2.925000 0.130200
0.637500 2.925000 0.130300
0.712500 2.925000 0.130300
0.787500 2.925000 0.130400
0.862500 2.925000 0.130400
0.937500 2.925000 0.130400
1.012000 2.925000 0.130500
1.087000 2.925000 0.130500
1.163000 2.925000 0.130500
1.238000 2.925000 0.130500
1.313000 2.925000 0.130400
1.388000 2.925000 0.130400
1.463000 2.925000 0.130300
1.538000 2.925000 0.130200
1.613000 2.925000 0.130100
1.688000 2.925000 0.129900
1.763000 2.925000 0.129700
1.838000 2.925000 0.129500
1.913000 2.925000 0.129300
1.988000 2.925000 0.129100
2.063000 2.925000 0.128800
2.138000 2.925000 0.128500
2.213000 2.925000 0.128200
2.288000 2.925000 0.127900
2.363000 2.925000 0.127500
2.438000 2.925000 0.127200
2.513000 2.925000 0.126900
2.588000 2.925000 0.126500
2.663000 2.925000 0.126200
2.738000 2.925000 0.125800
2.813000 2.925000 0.125500
2.888000 2.925000 0.125100
2.963000 2.925000 0.124800
3.038000 2.925000 0.124500
3.113000 2.925000 0.124200
3.188000 2.925000 0.124000
3.263000 2.925000 0.123700
3.338000 2.925000 0.123500
3.413000 2.925000 0.123300
3.488000 2.925000 0.123200
3.563000 2.925000 0.123000
3.638000 2.925000 0.122900
3.713000 2.925000 0.122900
3.788000 2.925000 0.122800
3.863000 2.925000 0.000000
-0.037500 3.075000 0.000000
0.037500 3.075000 0.107400
0.112500 3.075000 0.107400
0.187500 3.075000 0.107400
0.262500 3.075000 0.107400
0.337500 3.075000 0.107500
0.412500 3.075000 0.107500
0.487500 3.075000 0.107500
0.562500 3.075000 0.107600
0.637500 3.075000 0.107600
0.712500 3.075000 0.107600
0.787500 3.075000 0.107700
0.862500 3.075000 0.107700
0.937500 3.075000 0.107700
1.012000 3.075000 0.107800
1.087000 3.075000 0.107800
1.163000 3.075000 0.107800
1.238000 3.075000 0.107700
1.313000 3.075000 0.107700
1.388000 3.075000 0.107600
1.463000 3.075000 0.107600
1.538000 3.075000 0.107500
1.613000 3.075000 0.107400
1.688000 3.075000 0.107300
1.763000 3.075000 0.107100
1.838000 3.075000 0.106900
1.913000 3.075000 0.106800
1.988000 3.075000 0.106600
2.063000 3.075000 0.106300
2.138000 3.075000 0.106100
2.213000 3.075000 0.105800
2.288000 3.075000 0.105600
2.363000 3.075000 0.105300
2.438000 3.075000 0.105000
2.513000 3.075000 0.104700
2.588000 3.075000 0.104500
2.663000 3.075000 0.104200
2.738000 3.075000 0.103900
2.813000 3.075000 0.103600
2.888000 3.075000 0.103300
2.963000 3.075000 0.103100
3.038000 3.075000 0.102800
3.113000 3.075000 0.102600
3.188000 3.075000 0.102400
3.263000 3.075000 0.102200
3.338000 3.075000 0.102000
3.413000 3.075000 0.101800
3.488000 3.075000 0.101700
3.563000 3.075000 0.101600
3.638000 3.075000 0.101500
3.713000 3.075000 0.101500
3.788000 3.075000 0.101400
3.863000 3.075000 0.000000
-0.037500 3.225000 0.000000
0.037500 3.225000 0.087670
0.112500 3.225000 0.087680
0.187500 3.225000 0.087690
0.262500 3.225000 0.087710
0.337500 3.225000 0.087730
0.412500 3.225000 0.087760
0.487500 3.225000 0.087790
0.562500 3.225000 0.087820
0.637500 3.225000 0.087850
0.712500 3.225000 0.087870
0.787500 3.225000 0.087900
0.862500 3.225000 0.087920
0.937500 3.225000 0.087940
1.012000 3.225000 0.087950
1.087000 3.225000 0.087950
1.163000 3.225000 0.087940
1.238000 3.225000 0.087920
1.313000 3.225000 0.087890
1.388000 3.225000 0.087840
1.463000 3.225000 0.087790
1.538000 3.225000 0.087710
1.613000 3.225000 0.087620
1.688000 3.225000 0.087510
1.763000 3.225000 0.087390
1.838000 3.225000 0.087260
1.913000 3.225000 0.087100
1.988000 3.225000 0.086940
2.063000 3.225000 0.086760
2.138000 3.225000 0.086560
2.213000 3.225000 0.086360
2.288000 3.225000 0.086150
2.363000 3.225000 0.085930
2.438000 3.225000 0.085700
2.513000 3.225000 0.085470
2.588000 3.225000 0.085230
2.663000 3.225000 0.085000
2.738000 3.225000 0.084770
2.813000 3.225000 0.084540
2.888000 3.225000 0.084320
2.963000 3.225000 0.084110
3.038000 3.225000 0.083910
3.113000 3.225000 0.083720
3.188000 3.225000 0.083540
3.263000 3.225000 0.083380
3.338000 3.225000 0.083240
3.413000 3.225000 0.083120
3.488000 3.225000 0.083010
3.563000 3.225000 0.082930
3.638000 3.225000 0.082860
3.713000 3.225000 0.082810
3.788000 3.225000 0.082790
3.863000 3.225000 0.000000
-0.037500 3.375000 0.000000
0.037500 3.375000 0.070800
0.112500 3.375000 0.070810
0.187500 3.375000 0.070820
0.262500 3.375000 0.070830
0.337500 3.375000 0.070840
0.412500 3.375000 0.070860
0.487500 3.375000 0.070880
0.562500 3.375000 0.070900
0.637500 3.375000 0.070930
0.712500 3.375000 0.070950
0.787500 3.375000 0.070960
0.862500 3.375000 0.070980
0.937500 3.375000 0.070990
1.012000 3.375000 0.070990
1.087000 3.375000 0.070990
1.163000 3.375000 0.070980
1.238000 3.375000 0.070960
1.313000 3.375000 0.070940
1.388000 3.375000 0.070900
1.463000 3.375000 0.070850
1.538000 3.375000 0.070780
1.613000 3.375000 0.070710
1.688000 3.375000 0.070620
1.763000 3.375000 0.070520
1.838000 3.375000 0.070410
1.913000 3.375000 0.070290
1.988000 3.375000 0.070150
2.063000 3.375000 0.070010
2.138000 3.375000 0.069850
2.213000 3.375000 0.069690
2.288000 3.375000 0.069520
2.363000 3.375000 0.069340
2.438000 3.375000 0.069160
2.513000 3.375000 0.068980
2.588000 3.375000 0.068790
2.663000 3.375000 0.068600
2.738000 3.375000 0.068420
2.813000 3.375000 0.068240
2.888000 3.375000 0.068060
2.963000 3.375000 0.067890
3.038000 3.375000 0.067730
3.113000 3.375000 0.067580
3.188000 3.375000 0.067440
3.263000 3.375000 0.067310
3.338000 3.375000 0.067200
3.413000 3.375000 0.067100
3.488000 3.375000 0.067010
3.563000 3.375000 0.066940
3.638000 3.375000 0.066890
3.713000 3.375000 0.066850
3.788000 3.375000 0.066830
3.863000 3.375000 0.000000
-0.037500 3.525000 0.000000
0.037500 3.525000 0.056590
0.112500 3.525000 0.056590
0.187500 3.525000 0.056600
0.262500 3.525000 0.056610
0.337500 3.525000 0.056620
0.412500 3.525000 0.056630
0.487500 3.525000 0.056640
0.562500 3.525000 0.056660
0.637500 3.525000 0.056670
0.712500 3.525000 0.056690
0.787500 3.525000 0.056700
0.862500 3.525000 0.056710
0.937500 3.525000 0.056720
1.012000 3.525000 0.056720
1.087000 3.525000 0.056710
1.163000 3.525000 0.056700
1.238000 3.525000 0.056690
1.313000 3.525000 0.056660
1.388000 3.525000 0.056630
1.463000 3.525000 0.056590
1.538000 3.525000 0.056530
1.613000 3.525000 0.056470
1.688000 3.525000 0.056400
1.763000 3.525000 0.056320
1.838000 3.525000 0.056230
1.913000 3.525000 0.056140
1.988000 3.525000 0.056030
2.063000 3.525000 0.055910
2.138000 3.525000 0.055790
2.213000 3.525000 0.055660
2.288000 3.525000 0.055520
2.363000 3.525000 0.055380
2.438000 3.525000 0.055240
2.513000 3.525000 0.055090
2.588000 3.525000 0.054950
2.663000 3.525000 0.054800
2.738000 3.525000 0.054650
2.813000 3.525000 0.054510
2.888000 3.525000 0.054370
2.963000 3.525000 0.054240
3.038000 3.525000 0.054110
3.113000 3.525000 0.053990
3.188000 3.525000 0.053880
3.263000 3.525000 0.053780
3.338000 3.525000 0.053690
3.413000 3.525000 0.053610
3.488000 3.525000 0.053540
3.563000 3.525000 0.053480
3.638000 3.525000 0.053440
3.713000 3.525000 0.053400
3.788000 3.525000 0.053390
3.863000 3.525000 0.000000
-0.037500 3.675000 0.000000
0.037500 3.675000 0.044800
0.112500 3.675000 0.044800
0.187500 3.675000 0.044800
0.262500 3.675000 0.044810
0.337500 3.675000 0.044820
0.412500 3.675000 0.044820
0.487500 3.675000 0.044830
0.562500 3.675000 0.044840
0.637500 3.675000 0.044850
0.712500 3.675000 0.044860
0.787500 3.675000 0.044870
0.862500 3.675000 0.044880
0.937500 3.675000 0.044880
1.012000 3.675000 0.044880
1.087000 3.675000 0.044870
1.163000 3.675000 0.044860
1.238000 3.675000 0.044850
1.313000 3.675000 0.044830
1.388000 3.675000 0.044800
1.463000 3.675000 0.044760
1.538000 3.675000 0.044720
1.613000 3.675000 0.044670
1.688000 3.675000 0.044620
1.763000 3.675000 0.044550
1.838000 3.675000 0.044480
1.913000 3.675000 0.044400
1.988000 3.675000 0.044320
2.063000 3.675000 0.044230
2.138000 3.675000 0.044130
2.213000 3.675000 0.044030
2.288000 3.675000 0.043920
2.363000 3.675000 0.043810
2.438000 3.675000 0.043700
2.513000 3.675000 0.043590
2.588000 3.675000 0.043470
2.663000 3.675000 0.043360
2.738000 3.675000 0.043240
2.813000 3.675000 0.043130
2.888000 3.675000 0.043020
2.963000 3.675000 0.042920
3.038000 3.675000 0.042820
3.113000 3.675000 0.042720
3.188000 3.675000 0.042640
3.263000 3.675000 0.042560
3.338000 3.675000 0.042490
3.413000 3.675000 0.042420
3.488000 3.675000 0.042370
3.563000 3.675000 0.042330
3.638000 3.675000 0.042290
3.713000 3.675000 0.042260
3.788000 3.675000 0.042250
3.863000 3.675000 0.000000
-0.037500 3.825000 0.000000
0.037500 3.825000 0.035160
0.112500 3.825000 0.035160
0.187500 3.825000 0.035160
0.262500 3.825000 0.035160
0.337500 3.825000 0.035170
0.412500 3.825000 0.035170
0.487500 3.825000 0.035180
0.562500 3.825000 0.035190
0.637500 3.825000 0.035190
0.712500 3.825000 0.035200
0.787500 3.825000 0.035200
0.862500 3.825000 0.035210
0.937500 3.825000 0.035210
1.012000 3.825000 0.035210
1.087000 3.825000 0.035200
1.163000 3.825000 0.035190
1.238000 3.825000 0.035180
1.313000 3.825000 0.035160
1.388000 3.825000 0.035140
1.463000 3.825000 0.035110
1.538000 3.825000 0.035080
1.613000 3.825000 0.035040
1.688000 3.825000 0.034990
1.763000 3.825000 0.034940
1.838000 3.825000 0.034880
1.913000 3.825000 0.034820
1.988000 3.825000 0.034760
2.063000 3.825000 0.034690
2.138000 3.825000 0.034610
2.213000 3.825000 0.034530
2.288000 3.825000 0.034450
2.363000 3.825000 0.034360
2.438000 3.825000 0.034280
2.513000 3.825000 0.034190
2.588000 3.825000 0.034100
2.663000 3.825000 0.034010
2.738000 3.825000 0.033920
2.813000 3.825000 0.033830
2.888000 3.825000 0.033750
2.963000 3.825000 0.033670
3.038000 3.825000 0.033590
3.113000 3.825000 0.033520
3.188000 3.825000 0.033450
3.263000 3.825000 0.033390
3.338000 3.825000 0.033340
3.413000 3.825000 0.033290
3.488000 3.825000 0.033250
3.563000 3.825000 0.033210
3.638000 3.825000 0.033180
3.713000 3.825000 0.033160
3.788000 3.825000 0.033150
3.863000 3.825000 0.000000
-0.037500 3.975000 0.000000
0.037500 3.975000 0.027390
0.112500 3.975000 0.027390
0.187500 3.975000 0.027390
0.262500 3.975000 0.027400
0.337500 3.975000 0.027400
0.412500 3.975000 0.027400
0.487500 3.975000 0.027410
0.562500 3.975000 0.027410
0.637500 3.975000 0.027410
0.712500 3.975000 0.027420
0.787500 3.975000 0.027420
0.862500 3.975000 0.027420
0.937500 3.975000 0.027420
1.012000 3.975000 0.027420
1.087000 3.975000 0.027410
1.163000 3.975000 0.027400
1.238000 3.975000 0.027390
1.313000 3.975000 0.027380
1.388000 3.975000 0.027360
1.463000 3.975000 0.027340
1.538000 3.975000 0.027310
1.613000 3.975000 0.027280
1.688000 3.975000 0.027240
1.763000 3.975000 0.027200
1.838000 3.975000 0.027160
1.913000 3.975000 0.027110
1.988000 3.975000 0.027060
2.063000 3.975000 0.027010
2.138000 3.975000 0.026950
2.213000 3.975000 0.026890
2.288000 3.975000 0.026820
2.363000 3.975000 0.026760
2.438000 3.975000 0.026690
2.513000 3.975000 0.026620
2.588000 3.975000 0.026550
2.663000 3.975000 0.026480
2.738000 3.975000 0.026420
2.813000 3.975000 0.026350
2.888000 3.975000 0.026290
2.963000 3.975000 0.026220
3.038000 3.975000 0.026170
3.113000 3.975000 0.026110
3.188000 3.975000 0.026060
3.263000 3.975000 0.026010
3.338000 3.975000 0.025970
3.413000 3.975000 0.025930
3.488000 3.975000 0.025900
3.563000 3.975000 0.025870
3.638000 3.975000 0.025850
3.713000 3.975000 0.025830
3.788000 3.975000 0.025820
3.863000 3.975000 0.000000
-0.037500 4.125000 0.000000
0.037500 4.125000 0.021230
0.112500 4.125000 0.021230
0.187500 4.125000 0.021230
0.262500 4.125000 0.021230
0.337500 4.125000 0.021230
0.412500 4.125000 0.021240
0.487500 4.125000 0.021240
0.562500 4.125000 0.021240
0.637500 4.125000 0.021240
0.712500 4.125000 0.021240
0.787500 4.125000 0.021250
0.862500 4.125000 0.021250
0.937500 4.125000 0.021240
1.012000 4.125000 0.021240
1.087000 4.125000 0.021240
1.163000 4.125000 0.021230
1.238000 4.125000 0.021220
1.313000 4.125000 0.021210
1.388000 4.125000 0.021190
1.463000 4.125000 0.021170
1.538000 4.125000 0.021150
1.613000 4.125000 0.021130
1.688000 4.125000 0.021100
1.763000 4.125000 0.021070
1.838000 4.125000 0.021040
1.913000 4.125000 0.021000
1.988000 4.125000 0.020960
2.063000 4.125000 0.020920
2.138000 4.125000 0.020870
2.213000 4.125000 0.020820
2.288000 4.125000 0.020780
2.363000 4.125000 0.020730
2.438000 4.125000 0.020670
2.513000 4.125000 0.020620
2.588000 4.125000 0.020570
2.663000 4.125000 0.020520
2.738000 4.125000 0.020470
2.813000 4.125000 0.020420
2.888000 4.125000 0.020370
2.963000 4.125000 0.020320
3.038000 4.125000 0.020270
3.113000 4.125000 0.020230
3.188000 4.125000 0.020190
3.263000 4.125000 0.020160
3.338000 4.125000 0.020120
3.413000 4.125000 0.020090
3.488000 4.125000 0.020070
3.563000 4.125000 0.020050
3.638000 4.125000 0.020030
3.713000 4.125000 0.020020
3.788000 4.125000 0.020010
3.863000 4.125000 0.000000
-0.037500 4.275000 0.000000
0.037500 4.275000 0.016420
0.112500 4.275000 0.016420
0.187500 4.275000 0.016420
0.262500 4.275000 0.016420
0.337500 4.275000 0.016420
0.412500 4.275000 0.016430
0.487500 4.275000 0.016430
0.562500 4.275000 0.016430
0.637500 4.275000 0.016430
0.712500 4.275000 0.016430
0.787500 4.275000 0.016430
0.862500 4.275000 0.016430
0.937500 4.275000 0.016430
1.012000 4.275000 0.016420
1.087000 4.275000 0.016420
1.163000 4.275000 0.016410
1.238000 4.275000 0.016410
1.313000 4.275000 0.016400
1.388000 4.275000 0.016380
1.463000 4.275000 0.016370
1.538000 4.275000 0.016350
1.613000 4.275000 0.016330
1.688000 4.275000 0.016310
1.763000 4.275000 0.016290
1.838000 4.275000 0.016260
1.913000 4.275000 0.016230
1.988000 4.275000 0.016200
2.063000 4.275000 0.016170
2.138000 4.275000 0.016130
2.213000 4.275000 0.016100
2.288000 4.275000 0.016060
2.363000 4.275000 0.016020
2.438000 4.275000 0.015980
2.513000 4.275000 0.015940
2.588000 4.275000 0.015900
2.663000 4.275000 0.015870
2.738000 4.275000 0.015830
2.813000 4.275000 0.015790
2.888000 4.275000 0.015750
2.963000 4.275000 0.015710
3.038000 4.275000 0.015680
3.113000 4.275000 0.015650
3.188000 4.275000 0.015620
3.263000 4.275000 0.015590
3.338000 4.275000 0.015570
3.413000 4.275000 0.015540
3.488000 4.275000 0.015520
3.563000 4.275000 0.015510
3.638000 4.275000 0.015490
3.713000 4.275000 0.015480
3.788000 4.275000 0.015480
3.863000 4.275000 0.000000
-0.037500 4.425000 0.000000
0.037500 4.425000 0.012750
0.112500 4.425000 0.012750
0.187500 4.425000 0.012750
0.262500 4.425000 0.012750
0.337500 4.425000 0.012750
0.412500 4.425000 0.012750
0.487500 4.425000 0.012750
0.562500 4.425000 0.012760
0.637500 4.425000 0.012760
0.712500 4.425000 0.012760
0.787500 4.425000 0.012760
0.862500 4.425000 0.012750
0.937500 4.425000 0.012750
1.012000 4.425000 0.012750
1.087000 4.425000 0.012740
1.163000 4.425000 0.012740
1.238000 4.425000 0.012730
1.313000 4.425000 0.012720
1.388000 4.425000 0.012710
1.463000 4.425000 0.012700
1.538000 4.425000 0.012690
1.613000 4.425000 0.012670
1.688000 4.425000 0.012660
1.763000 4.425000 0.012640
1.838000 4.425000 0.012620
1.913000 4.425000 0.012600
1.988000 4.425000 0.012570
2.063000 4.425000 0.012550
2.138000 4.425000 0.012520
2.213000 4.425000 0.012490
2.288000 4.425000 0.012470
2.363000 4.425000 0.012440
2.438000 4.425000 0.012410
2.513000 4.425000 0.012380
2.588000 4.425000 0.012350
2.663000 4.425000 0.012310
2.738000 4.425000 0.012290
2.813000 4.425000 0.012260
2.888000 4.425000 0.012230
2.963000 4.425000 0.012200
3.038000 4.425000 0.012170
3.113000 4.425000 0.012150
3.188000 4.425000 0.012130
3.263000 4.425000 0.012110
3.338000 4.425000 0.012090
3.413000 4.425000 0.012070
3.488000 4.425000 0.012050
3.563000 4.425000 0.012040
3.638000 4.425000 0.012030
3.713000 4.425000 0.012020
3.788000 4.425000 0.012020
3.863000 4.425000 0.000000
-0.037500 4.575000 0.000000
0.037500 4.575000 0.010030
0.112500 4.575000 0.010030
0.187500 4.575000 0.010040
0.262500 4.575000 0.010040
0.337500 4.575000 0.010040
0.412500 4.575000 0.010040
0.487500 4.575000 0.010040
0.562500 4.575000 0.010040
0.637500 4.575000 0.010040
0.712500 4.575000 0.010040
0.787500 4.575000 0.010030
0.862500 4.575000 0.010030
0.937500 4.575000 0.010030
1.012000 4.575000 0.010030
1.087000 4.575000 0.010030
1.163000 4.575000 0.010020
1.238000 4.575000 0.010010
1.313000 4.575000 0.010010
1.388000 4.575000 0.010000
1.463000 4.575000 0.009990
1.538000 4.575000 0.009980
1.613000 4.575000 0.009968
1.688000 4.575000 0.009954
1.763000 4.575000 0.009940
1.838000 4.575000 0.009923
1.913000 4.575000 0.009906
1.988000 4.575000 0.009888
2.063000 4.575000 0.009868
2.138000 4.575000 0.009847
2.213000 4.575000 0.009826
2.288000 4.575000 0.009804
2.363000 4.575000 0.009781
2.438000 4.575000 0.009758
2.513000 4.575000 0.009734
2.588000 4.575000 0.009711
2.663000 4.575000 0.009688
2.738000 4.575000 0.009665
2.813000 4.575000 0.009642
2.888000 4.575000 0.009620
2.963000 4.575000 0.009599
3.038000 4.575000 0.009579
3.113000 4.575000 0.009560
3.188000 4.575000 0.009542
3.263000 4.575000 0.009526
3.338000 4.575000 0.009511
3.413000 4.575000 0.009498
3.488000 4.575000 0.009486
3.563000 4.575000 0.009476
3.638000 4.575000 0.009468
3.713000 4.575000 0.009461
3.788000 4.575000 0.009458
3.863000 4.575000 0.000000
-0.037500 4.725000 0.000000
0.037500 4.725000 0.008123
0.112500 4.725000 0.008123
0.187500 4.725000 0.008124
0.262500 4.725000 0.008124
0.337500 4.725000 0.008124
0.412500 4.725000 0.008124
0.487500 4.725000 0.008124
0.562500 4.725000 0.008123
0.637500 4.725000 0.008123
0.712500 4.725000 0.008122
0.787500 4.725000 0.008121
0.862500 4.725000 0.008120
0.937500 4.725000 0.008118
1.012000 4.725000 0.008115
1.087000 4.725000 0.008112
1.163000 4.725000 0.008108
1.238000 4.725000 0.008103
1.313000 4.725000 0.008097
1.388000 4.725000 0.008091
1.463000 4.725000 0.008083
1.538000 4.725000 0.008074
1.613000 4.725000 0.008064
1.688000 4.725000 0.008053
1.763000 4.725000 0.008041
1.838000 4.725000 0.008028
1.913000 4.725000 0.008014
1.988000 4.725000 0.007999
2.063000 4.725000 0.007984
2.138000 4.725000 0.007967
2.213000 4.725000 0.007950
2.288000 4.725000 0.007932
2.363000 4.725000 0.007914
2.438000 4.725000 0.007896
2.513000 4.725000 0.007877
2.588000 4.725000 0.007858
2.663000 4.725000 0.007840
2.738000 4.725000 0.007821
2.813000 4.725000 0.007804
2.888000 4.725000 0.007786
2.963000 4.725000 0.007769
3.038000 4.725000 0.007753
3.113000 4.725000 0.007738
3.188000 4.725000 0.007724
3.263000 4.725000 0.007711
3.338000 4.725000 0.007699
3.413000 4.725000 0.007689
3.488000 4.725000 0.007680
3.563000 4.725000 0.007671
3.638000 4.725000 0.007665
3.713000 4.725000 0.007659
3.788000 4.725000 0.007656
3.863000 4.725000 0.000000
-0.037500 4.875000 0.000000
0.037500 4.875000 0.006908
0.112500 4.875000 0.006908
0.187500 4.875000 0.006908
0.262500 4.875000 0.006907
0.337500 4.875000 0.006907
0.412500 4.875000 0.006907
0.487500 4.875000 0.006907
0.562500 4.875000 0.006906
0.637500 4.875000 0.006906
0.712500 4.875000 0.006905
0.787500 4.875000 0.006904
0.862500 4.875000 0.006902
0.937500 4.875000 0.006900
1.012000 4.875000 0.006898
1.087000 4.875000 0.006895
1.163000 4.875000 0.006891
1.238000 4.875000 0.006887
1.313000 4.875000 0.006881
1.388000 4.875000 0.006876
1.463000 4.875000 0.006869
1.538000 4.875000 0.006861
1.613000 4.875000 0.006853
1.688000 4.875000 0.006843
1.763000 4.875000 0.006833
1.838000 4.875000 0.006822
1.913000 4.875000 0.006810
1.988000 4.875000 0.006798
2.063000 4.875000 0.006784
2.138000 4.875000 0.006770
2.213000 4.875000 0.006756
2.288000 4.875000 0.006741
2.363000 4.875000 0.006726
2.438000 4.875000 0.006710
2.513000 4.875000 0.006695
2.588000 4.875000 0.006679
2.663000 4.875000 0.006664
2.738000 4.875000 0.006648
2.813000 4.875000 0.006633
2.888000 4.875000 0.006619
2.963000 4.875000 0.006605
3.038000 4.875000 0.006591
3.113000 4.875000 0.006579
3.188000 4.875000 0.006567
3.263000 4.875000 0.006556
3.338000 4.875000 0.006546
3.413000 4.875000 0.006537
3.488000 4.875000 0.006529
3.563000 4.875000 0.006522
3.638000 4.875000 0.006516
3.713000 4.875000 0.006512
3.788000 4.875000 0.006509
3.863000 4.875000 0.000000
-0.037500 5.025000 0.000000
0.037500 5.025000 0.006319
0.112500 5.025000 0.006319
0.187500 5.025000 0.006318
0.262500 5.025000 0.006318
0.337500 5.025000 0.006318
0.412500 5.025000 0.006317
0.487500 5.025000 0.006317
0.562500 5.025000 0.006316
0.637500 5.025000 0.006316
0.712500 5.025000 0.006315
0.787500 5.025000 0.006314
0.862500 5.025000 0.006312
0.937500 5.025000 0.006310
1.012000 5.025000 0.006308
1.087000 5.025000 0.006305
1.163000 5.025000 0.006302
1.238000 5.025000 0.006298
1.313000 5.025000 0.006293
1.388000 5.025000 0.006287
1.463000 5.025000 0.006281
1.538000 5.025000 0.006274
1.613000 5.025000 0.006266
1.688000 5.025000 0.006258
1.763000 5.025000 0.006248
1.838000 5.025000 0.006238
1.913000 5.025000 0.006227
1.988000 5.025000 0.006216
2.063000 5.025000 0.006204
2.138000 5.025000 0.006191
2.213000 5.025000 0.006178
2.288000 5.025000 0.006165
2.363000 5.025000 0.006151
2.438000 5.025000 0.006137
2.513000 5.025000 0.006122
2.588000 5.025000 0.006108
2.663000 5.025000 0.006094
2.738000 5.025000 0.006080
2.813000 5.025000 0.006067
2.888000 5.025000 0.006053
2.963000 5.025000 0.006041
3.038000 5.025000 0.006029
3.113000 5.025000 0.006017
3.188000 5.025000 0.006006
3.263000 5.025000 0.005997
3.338000 5.025000 0.005988
3.413000 5.025000 0.005979
3.488000 5.025000 0.005972
3.563000 5.025000 0.005966
3.638000 5.025000 0.005961
3.713000 5.025000 0.005956
3.788000 5.025000 0.005954
3.863000 5.025000 0.000000
-0.037500 5.175000 0.000000
0.037500 5.175000 0.000000
0.112500 5.175000 0.000000
0.187500 5.175000 0.000000
0.262500 5.175000 0.000000
0.337500 5.175000 0.000000
0.412500 5.175000 0.000000
0.487500 5.175000 0.000000
0.562500 5.175000 0.000000
0.637500 5.175000 0.000000
0.712500 5.175000 0.000000
0.787500 5.175000 0.000000
0.862500 5.175000 0.000000
0.937500 5.175000 0.000000
1.012000 5.175000 0.000000
1.087000 5.175000 0.000000
1.163000 5.175000 0.000000
1.238000 5.175000 0.000000
1.313000 5.175000 0.000000
1.388000 5.175000 0.000000
1.463000 5.175000 0.000000
1.538000 5.175000 0.000000
1.613000 5.175000 0.000000
1.688000 5.175000 0.000000
1.763000 5.175000 0.000000
1.838000 5.175000 0.000000
1.913000 5.175000 0.000000
1.988000 5.175000 0.000000
2.063000 5.175000 0.000000
2.138000 5.175000 0.000000
2.213000 5.175000 0.000000
2.288000 5.175000 0.000000
2.363000 5.175000 0.000000
2.438000 5.175000 0.000000
2.513000 5.175000 0.000000
2.588000 5.175000 0.000000
2.663000 5.175000 0.000000
2.738000 5.175000 0.000000
2.813000 5.175000 0.000000
2.888000 5.175000 0.000000
2.963000 5.175000 0.000000
3.038000 5.175000 0.000000
3.113000 5.175000 0.000000
3.188000 5.175000 0.000000
3.263000 5.175000 0.000000
3.338000 5.175000 0.000000
3.413000 5.175000 0.000000
3.488000 5.175000 0.000000
3.563000 5.175000 0.000000
3.638000 5.175000 0.000000
3.713000 5.175000 0.000000
3.788000 5.175000 0.000000
3.863000 5.175000 0.000000
