-0.037500 -0.075000 0.000000
0.037500 -0.075000 0.000000
0.112500 -0.075000 0.000000
0.187500 -0.075000 0.000000
0.262500 -0.075000 0.000000
0.337500 -0.075000 0.000000
0.412500 -0.075000 0.000000
0.487500 -0.075000 0.000000
0.562500 -0.075000 0.000000
0.637500 -0.075000 0.000000
0.712500 -0.075000 0.000000
0.787500 -0.075000 0.000000
0.862500 -0.075000 0.000000
0.937500 -0.075000 0.000000
1.012000 -0.075000 0.000000
1.087000 -0.075000 0.000000
1.163000 -0.075000 0.000000
1.238000 -0.075000 0.000000
1.313000 -0.075000 0.000000
1.388000 -0.075000 0.000000
1.463000 -0.075000 0.000000
1.538000 -0.075000 0.000000
1.613000 -0.075000 0.000000
1.688000 -0.075000 0.000000
1.763000 -0.075000 0.000000
1.838000 -0.075000 0.000000
1.913000 -0.075000 0.000000
1.988000 -0.075000 0.000000
2.063000 -0.075000 0.000000
2.138000 -0.075000 0.000000
2.213000 -0.075000 0.000000
2.288000 -0.075000 0.000000
2.363000 -0.075000 0.000000
2.438000 -0.075000 0.000000
2.513000 -0.075000 0.000000
2.588000 -0.075000 0.000000
2.663000 -0.075000 0.000000
2.738000 -0.075000 0.000000
2.813000 -0.075000 0.000000
2.888000 -0.075000 0.000000
2.963000 -0.075000 0.000000
3.038000 -0.075000 0.000000
3.113000 -0.075000 0.000000
3.188000 -0.075000 0.000000
3.263000 -0.075000 0.000000
3.338000 -0.075000 0.000000
3.413000 -0.075000 0.000000
3.488000 -0.075000 0.000000
3.563000 -0.075000 0.000000
3.638000 -0.075000 0.000000
3.713000 -0.075000 0.000000
3.788000 -0.075000 0.000000
3.863000 -0.075000 0.000000
-0.037500 0.075000 0.000000
0.037500 0.075000 0.000050
0.112500 0.075000 0.000110
0.187500 0.075000 0.000160
0.262500 0.075000 0.000210
0.337500 0.075000 0.000270
0.412500 0.075000 0.000320
0.487500 0.075000 0.000370
0.562500 0.075000 0.000430
0.637500 0.075000 0.000480
0.712500 0.075000 0.000530
0.787500 0.075000 0.000580
0.862500 0.075000 0.000630
0.937500 0.075000 0.000690
1.012000 0.075000 0.000740
1.087000 0.075000 0.000780
1.163000 0.075000 0.000830
1.238000 0.075000 0.000880
1.313000 0.075000 0.000920
1.388000 0.075000 0.000960
1.463000 0.075000 0.001000
1.538000 0.075000 0.001030
1.613000 0.075000 0.001060
1.688000 0.075000 0.001080
1.763000 0.075000 0.001100
1.838000 0.075000 0.001110
1.913000 0.075000 0.001120
1.988000 0.075000 0.001120
2.063000 0.075000 0.001110
2.138000 0.075000 0.001100
2.213000 0.075000 0.001080
2.288000 0.075000 0.001060
2.363000 0.075000 0.001040
2.438000 0.075000 0.001010
2.513000 0.075000 0.000980
2.588000 0.075000 0.000950
2.663000 0.075000 0.000920
2.738000 0.075000 0.000890
2.813000 0.075000 0.000860
2.888000 0.075000 0.000820
2.963000 0.075000 0.000790
3.038000 0.075000 0.000760
3.113000 0.075000 0.000740
3.188000 0.075000 0.000710
3.263000 0.075000 0.000680
3.338000 0.075000 0.000660
3.413000 0.075000 0.000630
3.488000 0.075000 0.000610
3.563000 0.075000 0.000590
3.638000 0.075000 0.000560
3.713000 0.075000 0.000540
3.788000 0.075000 0.000520
3.863000 0.075000 0.000000
-0.037500 0.225000 0.000000
0.037500 0.225000 0.000050
0.112500 0.225000 0.000110
0.187500 0.225000 0.000160
0.262500 0.225000 0.000210
0.337500 0.225000 0.000270
0.412500 0.225000 0.000320
0.487500 0.225000 0.000370
0.562500 0.225000 0.000430
0.637500 0.225000 0.000480
0.712500 0.225000 0.000530
0.787500 0.225000 0.000580
0.862500 0.225000 0.000630
0.937500 0.225000 0.000690
1.012000 0.225000 0.000740
1.087000 0.225000 0.000780
1.163000 0.225000 0.000830
1.238000 0.225000 0.000880
1.313000 0.225000 0.000920
1.388000 0.225000 0.000960
1.463000 0.225000 0.001000
1.538000 0.225000 0.001030
1.613000 0.225000 0.001060
1.688000 0.225000 0.001080
1.763000 0.225000 0.001100
1.838000 0.225000 0.001110
1.913000 0.225000 0.001120
1.988000 0.225000 0.001120
2.063000 0.225000 0.001110
2.138000 0.225000 0.001100
2.213000 0.225000 0.001080
2.288000 0.225000 0.001060
2.363000 0.225000 0.001040
2.438000 0.225000 0.001010
2.513000 0.225000 0.000980
2.588000 0.225000 0.000950
2.663000 0.225000 0.000920
2.738000 0.225000 0.000890
2.813000 0.225000 0.000860
2.888000 0.225000 0.000820
2.963000 0.225000 0.000790
3.038000 0.225000 0.000760
3.113000 0.225000 0.000740
3.188000 0.225000 0.000710
3.263000 0.225000 0.000680
3.338000 0.225000 0.000660
3.413000 0.225000 0.000630
3.488000 0.225000 0.000610
3.563000 0.225000 0.000590
3.638000 0.225000 0.000560
3.713000 0.225000 0.000540
3.788000 0.225000 0.000520
3.863000 0.225000 0.000000
-0.037500 0.375000 0.000000
0.037500 0.375000 0.060090
0.112500 0.375000 0.060070
0.187500 0.375000 0.060080
0.262500 0.375000 0.060110
0.337500 0.375000 0.060150
0.412500 0.375000 0.060200
0.487500 0.375000 0.060260
0.562500 0.375000 0.060320
0.637500 0.375000 0.060380
0.712500 0.375000 0.060440
0.787500 0.375000 0.060500
0.862500 0.375000 0.060550
0.937500 0.375000 0.060600
1.012000 0.375000 0.060650
1.087000 0.375000 0.060690
1.163000 0.375000 0.060720
1.238000 0.375000 0.060750
1.313000 0.375000 0.060770
1.388000 0.375000 0.060770
1.463000 0.375000 0.060770
1.538000 0.375000 0.060750
1.613000 0.375000 0.060720
1.688000 0.375000 0.060680
1.763000 0.375000 0.060620
1.838000 0.375000 0.060550
1.913000 0.375000 0.060470
1.988000 0.375000 0.060370
2.063000 0.375000 0.060260
2.138000 0.375000 0.060140
2.213000 0.375000 0.060010
2.288000 0.375000 0.059870
2.363000 0.375000 0.059730
2.438000 0.375000 0.059570
2.513000 0.375000 0.059420
2.588000 0.375000 0.059260
2.663000 0.375000 0.059100
2.738000 0.375000 0.058940
2.813000 0.375000 0.058790
2.888000 0.375000 0.058630
2.963000 0.375000 0.058480
3.038000 0.375000 0.058340
3.113000 0.375000 0.058210
3.188000 0.375000 0.058080
3.263000 0.375000 0.057970
3.338000 0.375000 0.057860
3.413000 0.375000 0.057770
3.488000 0.375000 0.057690
3.563000 0.375000 0.057620
3.638000 0.375000 0.057570
3.713000 0.375000 0.057540
3.788000 0.375000 0.057530
3.863000 0.375000 0.000000
-0.037500 0.525000 0.000000
0.037500 0.525000 0.116900
0.112500 0.525000 0.116900
0.187500 0.525000 0.116900
0.262500 0.525000 0.117000
0.337500 0.525000 0.117000
0.412500 0.525000 0.117000
0.487500 0.525000 0.117100
0.562500 0.525000 0.117100
0.637500 0.525000 0.117200
0.712500 0.525000 0.117200
0.787500 0.525000 0.117300
0.862500 0.525000 0.117300
0.937500 0.525000 0.117400
1.012000 0.525000 0.117400
1.087000 0.525000 0.117400
1.163000 0.525000 0.117400
1.238000 0.525000 0.117400
1.313000 0.525000 0.117300
1.388000 0.525000 0.117300
1.463000 0.525000 0.117200
1.538000 0.525000 0.117200
1.613000 0.525000 0.117100
1.688000 0.525000 0.117000
1.763000 0.525000 0.116800
1.838000 0.525000 0.116700
1.913000 0.525000 0.116500
1.988000 0.525000 0.116300
2.063000 0.525000 0.116100
2.138000 0.525000 0.115900
2.213000 0.525000 0.115700
2.288000 0.525000 0.115400
2.363000 0.525000 0.115200
2.438000 0.525000 0.114900
2.513000 0.525000 0.114700
2.588000 0.525000 0.114400
2.663000 0.525000 0.114100
2.738000 0.525000 0.113900
2.813000 0.525000 0.113600
2.888000 0.525000 0.113400
2.963000 0.525000 0.113100
3.038000 0.525000 0.112900
3.113000 0.525000 0.112700
3.188000 0.525000 0.112500
3.263000 0.525000 0.112300
3.338000 0.525000 0.112100
3.413000 0.525000 0.112000
3.488000 0.525000 0.111800
3.563000 0.525000 0.111700
3.638000 0.525000 0.111700
3.713000 0.525000 0.111600
3.788000 0.525000 0.111700
3.863000 0.525000 0.000000
-0.037500 0.675000 0.000000
0.037500 0.675000 0.151100
0.112500 0.675000 0.151100
0.187500 0.675000 0.151100
0.262500 0.675000 0.151200
0.337500 0.675000 0.151200
0.412500 0.675000 0.151200
0.487500 0.675000 0.151300
0.562500 0.675000 0.151300
0.637500 0.675000 0.151300
0.712500 0.675000 0.151400
0.787500 0.675000 0.151400
0.862500 0.675000 0.151400
0.937500 0.675000 0.151400
1.012000 0.675000 0.151400
1.087000 0.675000 0.151400
1.163000 0.675000 0.151400
1.238000 0.675000 0.151300
1.313000 0.675000 0.151200
1.388000 0.675000 0.151200
1.463000 0.675000 0.151100
1.538000 0.675000 0.151000
1.613000 0.675000 0.150800
1.688000 0.675000 0.150700
1.763000 0.675000 0.150500
1.838000 0.675000 0.150300
1.913000 0.675000 0.150100
1.988000 0.675000 0.149800
2.063000 0.675000 0.149600
2.138000 0.675000 0.149300
2.213000 0.675000 0.149000
2.288000 0.675000 0.148700
2.363000 0.675000 0.148400
2.438000 0.675000 0.148100
2.513000 0.675000 0.147800
2.588000 0.675000 0.147500
2.663000 0.675000 0.147200
2.738000 0.675000 0.146800
2.813000 0.675000 0.146500
2.888000 0.675000 0.146200
2.963000 0.675000 0.145900
3.038000 0.675000 0.145700
3.113000 0.675000 0.145400
3.188000 0.675000 0.145200
3.263000 0.675000 0.144900
3.338000 0.675000 0.144700
3.413000 0.675000 0.144600
3.488000 0.675000 0.144400
3.563000 0.675000 0.144300
3.638000 0.675000 0.144200
3.713000 0.675000 0.144100
3.788000 0.675000 0.144200
3.863000 0.675000 0.000000
-0.037500 0.825000 0.000000
0.037500 0.825000 0.165800
0.112500 0.825000 0.165800
0.187500 0.825000 0.165900
0.262500 0.825000 0.165900
0.337500 0.825000 0.165900
0.412500 0.825000 0.166000
0.487500 0.825000 0.166000
0.562500 0.825000 0.166000
0.637500 0.825000 0.166100
0.712500 0.825000 0.166100
0.787500 0.825000 0.166100
0.862500 0.825000 0.166100
0.937500 0.825000 0.166100
1.012000 0.825000 0.166100
1.087000 0.825000 0.166100
1.163000 0.825000 0.166000
1.238000 0.825000 0.166000
1.313000 0.825000 0.165900
1.388000 0.825000 0.165800
1.463000 0.825000 0.165700
1.538000 0.825000 0.165500
1.613000 0.825000 0.165400
1.688000 0.825000 0.165200
1.763000 0.825000 0.165000
1.838000 0.825000 0.164800
1.913000 0.825000 0.164600
1.988000 0.825000 0.164300
2.063000 0.825000 0.164000
2.138000 0.825000 0.163700
2.213000 0.825000 0.163400
2.288000 0.825000 0.163100
2.363000 0.825000 0.162800
2.438000 0.825000 0.162400
2.513000 0.825000 0.162100
2.588000 0.825000 0.161700
2.663000 0.825000 0.161400
2.738000 0.825000 0.161000
2.813000 0.825000 0.160700
2.888000 0.825000 0.160400
2.963000 0.825000 0.160100
3.038000 0.825000 0.159800
3.113000 0.825000 0.159500
3.188000 0.825000 0.159200
3.263000 0.825000 0.159000
3.338000 0.825000 0.158800
3.413000 0.825000 0.158600
3.488000 0.825000 0.158400
3.563000 0.825000 0.158300
3.638000 0.825000 0.158200
3.713000 0.825000 0.158100
3.788000 0.825000 0.158100
3.863000 0.825000 0.000000
-0.037500 0.975000 0.000000
0.037500 0.975000 0.178300
0.112500 0.975000 0.178300
0.187500 0.975000 0.178300
0.262500 0.975000 0.178300
0.337500 0.975000 0.178300
0.412500 0.975000 0.178300
0.487500 0.975000 0.178400
0.562500 0.975000 0.178400
0.637500 0.975000 0.178400
0.712500 0.975000 0.178400
0.787500 0.975000 0.178400
0.862500 0.975000 0.178400
0.937500 0.975000 0.178400
1.012000 0.975000 0.178400
1.087000 0.975000 0.178400
1.163000 0.975000 0.178300
1.238000 0.975000 0.178300
1.313000 0.975000 0.178200
1.388000 0.975000 0.178100
1.463000 0.975000 0.178000
1.538000 0.975000 0.177800
1.613000 0.975000 0.177600
1.688000 0.975000 0.177400
1.763000 0.975000 0.177200
1.838000 0.975000 0.177000
1.913000 0.975000 0.176700
1.988000 0.975000 0.176400
2.063000 0.975000 0.176100
2.138000 0.975000 0.175800
2.213000 0.975000 0.175500
2.288000 0.975000 0.175100
2.363000 0.975000 0.174800
2.438000 0.975000 0.174400
2.513000 0.975000 0.174100
2.588000 0.975000 0.173700
2.663000 0.975000 0.173300
2.738000 0.975000 0.172900
2.813000 0.975000 0.172600
2.888000 0.975000 0.172200
2.963000 0.975000 0.171900
3.038000 0.975000 0.171600
3.113000 0.975000 0.171300
3.188000 0.975000 0.171000
3.263000 0.975000 0.170700
3.338000 0.975000 0.170500
3.413000 0.975000 0.170300
3.488000 0.975000 0.170100
3.563000 0.975000 0.169900
3.638000 0.975000 0.169800
3.713000 0.975000 0.169700
3.788000 0.975000 0.169700
3.863000 0.975000 0.000000
-0.037500 1.125000 0.000000
0.037500 1.125000 0.188000
0.112500 1.125000 0.188000
0.187500 1.125000 0.188000
0.262500 1.125000 0.188000
0.337500 1.125000 0.188000
0.412500 1.125000 0.188000
0.487500 1.125000 0.188000
0.562500 1.125000 0.188100
0.637500 1.125000 0.188100
0.712500 1.125000 0.188100
0.787500 1.125000 0.188100
0.862500 1.125000 0.188100
0.937500 1.125000 0.188100
1.012000 1.125000 0.188100
1.087000 1.125000 0.188000
1.163000 1.125000 0.188000
1.238000 1.125000 0.187900
1.313000 1.125000 0.187800
1.388000 1.125000 0.187700
1.463000 1.125000 0.187600
1.538000 1.125000 0.187400
1.613000 1.125000 0.187200
1.688000 1.125000 0.187000
1.763000 1.125000 0.186800
1.838000 1.125000 0.186600
1.913000 1.125000 0.186300
1.988000 1.125000 0.186000
2.063000 1.125000 0.185700
2.138000 1.125000 0.185300
2.213000 1.125000 0.185000
2.288000 1.125000 0.184600
2.363000 1.125000 0.184200
2.438000 1.125000 0.183800
2.513000 1.125000 0.183400
2.588000 1.125000 0.183000
2.663000 1.125000 0.182600
2.738000 1.125000 0.182200
2.813000 1.125000 0.181900
2.888000 1.125000 0.181500
2.963000 1.125000 0.181100
3.038000 1.125000 0.180800
3.113000 1.125000 0.180500
3.188000 1.125000 0.180200
3.263000 1.125000 0.179900
3.338000 1.125000 0.179600
3.413000 1.125000 0.179400
3.488000 1.125000 0.179200
3.563000 1.125000 0.179100
3.638000 1.125000 0.178900
3.713000 1.125000 0.178800
3.788000 1.125000 0.178800
3.863000 1.125000 0.000000
-0.037500 1.275000 0.000000
0.037500 1.275000 0.202200
0.112500 1.275000 0.202200
0.187500 1.275000 0.202200
0.262500 1.275000 0.202200
0.337500 1.275000 0.202200
0.412500 1.275000 0.202200
0.487500 1.275000 0.202300
0.562500 1.275000 0.202300
0.637500 1.275000 0.202300
0.712500 1.275000 0.202400
0.787500 1.275000 0.202400
0.862500 1.275000 0.202400
0.937500 1.275000 0.202400
1.012000 1.275000 0.202400
1.087000 1.275000 0.202400
1.163000 1.275000 0.202300
1.238000 1.275000 0.202300
1.313000 1.275000 0.202200
1.388000 1.275000 0.202100
1.463000 1.275000 0.201900
1.538000 1.275000 0.201800
1.613000 1.275000 0.201600
1.688000 1.275000 0.201400
1.763000 1.275000 0.201100
1.838000 1.275000 0.200800
1.913000 1.275000 0.200500
1.988000 1.275000 0.200200
2.063000 1.275000 0.199800
2.138000 1.275000 0.199400
2.213000 1.275000 0.199100
2.288000 1.275000 0.198600
2.363000 1.275000 0.198200
2.438000 1.275000 0.197800
2.513000 1.275000 0.197300
2.588000 1.275000 0.196900
2.663000 1.275000 0.196400
2.738000 1.275000 0.196000
2.813000 1.275000 0.195600
2.888000 1.275000 0.195100
2.963000 1.275000 0.194700
3.038000 1.275000 0.194300
3.113000 1.275000 0.194000
3.188000 1.275000 0.193600
3.263000 1.275000 0.193300
3.338000 1.275000 0.193000
3.413000 1.275000 0.192800
3.488000 1.275000 0.192600
3.563000 1.275000 0.192400
3.638000 1.275000 0.192300
3.713000 1.275000 0.192200
3.788000 1.275000 0.192200
3.863000 1.275000 0.000000
-0.037500 1.425000 0.000000
0.037500 1.425000 0.215300
0.112500 1.425000 0.215300
0.187500 1.425000 0.215300
0.262500 1.425000 0.215300
0.337500 1.425000 0.215400
0.412500 1.425000 0.215400
0.487500 1.425000 0.215400
0.562500 1.425000 0.215500
0.637500 1.425000 0.215500
0.712500 1.425000 0.215600
0.787500 1.425000 0.215600
0.862500 1.425000 0.215600
0.937500 1.425000 0.215700
1.012000 1.425000 0.215700
1.087000 1.425000 0.215600
1.163000 1.425000 0.215600
1.238000 1.425000 0.215500
1.313000 1.425000 0.215500
1.388000 1.425000 0.215300
1.463000 1.425000 0.215200
1.538000 1.425000 0.215000
1.613000 1.425000 0.214800
1.688000 1.425000 0.214600
1.763000 1.425000 0.214300
1.838000 1.425000 0.214000
1.913000 1.425000 0.213700
1.988000 1.425000 0.213300
2.063000 1.425000 0.212900
2.138000 1.425000 0.212500
2.213000 1.425000 0.212100
2.288000 1.425000 0.211600
2.363000 1.425000 0.211100
2.438000 1.425000 0.210700
2.513000 1.425000 0.210200
2.588000 1.425000 0.209700
2.663000 1.425000 0.209200
2.738000 1.425000 0.208700
2.813000 1.425000 0.208200
2.888000 1.425000 0.207800
2.963000 1.425000 0.207300
3.038000 1.425000 0.206900
3.113000 1.425000 0.206500
3.188000 1.425000 0.206100
3.263000 1.425000 0.205800
3.338000 1.425000 0.205500
3.413000 1.425000 0.205200
3.488000 1.425000 0.205000
3.563000 1.425000 0.204800
3.638000 1.425000 0.204700
3.713000 1.425000 0.204600
3.788000 1.425000 0.204700
3.863000 1.425000 0.000000
-0.037500 1.575000 0.000000
0.037500 1.575000 0.220900
0.112500 1.575000 0.220900
0.187500 1.575000 0.220900
0.262500 1.575000 0.220900
0.337500 1.575000 0.221000
0.412500 1.575000 0.221000
0.487500 1.575000 0.221000
0.562500 1.575000 0.221100
0.637500 1.575000 0.221100
0.712500 1.575000 0.221200
0.787500 1.575000 0.221200
0.862500 1.575000 0.221300
0.937500 1.575000 0.221300
1.012000 1.575000 0.221300
1.087000 1.575000 0.221300
1.163000 1.575000 0.221200
1.238000 1.575000 0.221100
1.313000 1.575000 0.221100
1.388000 1.575000 0.220900
1.463000 1.575000 0.220800
1.538000 1.575000 0.220600
1.613000 1.575000 0.220400
1.688000 1.575000 0.220200
1.763000 1.575000 0.219900
1.838000 1.575000 0.219600
1.913000 1.575000 0.219200
1.988000 1.575000 0.218800
2.063000 1.575000 0.218400
2.138000 1.575000 0.218000
2.213000 1.575000 0.217600
2.288000 1.575000 0.217100
2.363000 1.575000 0.216600
2.438000 1.575000 0.216100
2.513000 1.575000 0.215600
2.588000 1.575000 0.215100
2.663000 1.575000 0.214600
2.738000 1.575000 0.214100
2.813000 1.575000 0.213600
2.888000 1.575000 0.213100
2.963000 1.575000 0.212600
3.038000 1.575000 0.212200
3.113000 1.575000 0.211800
3.188000 1.575000 0.211400
3.263000 1.575000 0.211100
3.338000 1.575000 0.210800
3.413000 1.575000 0.210500
3.488000 1.575000 0.210300
3.563000 1.575000 0.210100
3.638000 1.575000 0.210000
3.713000 1.575000 0.209900
3.788000 1.575000 0.210100
3.863000 1.575000 0.000000
-0.037500 1.725000 0.000000
0.037500 1.725000 0.219900
0.112500 1.725000 0.219900
0.187500 1.725000 0.219900
0.262500 1.725000 0.219900
0.337500 1.725000 0.220000
0.412500 1.725000 0.220000
0.487500 1.725000 0.220000
0.562500 1.725000 0.220100
0.637500 1.725000 0.220100
0.712500 1.725000 0.220200
0.787500 1.725000 0.220200
0.862500 1.725000 0.220200
0.937500 1.725000 0.220200
1.012000 1.725000 0.220200
1.087000 1.725000 0.220200
1.163000 1.725000 0.220100
1.238000 1.725000 0.220100
1.313000 1.725000 0.220000
1.388000 1.725000 0.219900
1.463000 1.725000 0.219700
1.538000 1.725000 0.219500
1.613000 1.725000 0.219300
1.688000 1.725000 0.219100
1.763000 1.725000 0.218800
1.838000 1.725000 0.218500
1.913000 1.725000 0.218100
1.988000 1.725000 0.217800
2.063000 1.725000 0.217400
2.138000 1.725000 0.216900
2.213000 1.725000 0.216500
2.288000 1.725000 0.216000
2.363000 1.725000 0.215600
2.438000 1.725000 0.215100
2.513000 1.725000 0.214600
2.588000 1.725000 0.214100
2.663000 1.725000 0.213600
2.738000 1.725000 0.213100
2.813000 1.725000 0.212600
2.888000 1.725000 0.212100
2.963000 1.725000 0.211700
3.038000 1.725000 0.211300
3.113000 1.725000 0.210900
3.188000 1.725000 0.210500
3.263000 1.725000 0.210100
3.338000 1.725000 0.209800
3.413000 1.725000 0.209600
3.488000 1.725000 0.209400
3.563000 1.725000 0.209200
3.638000 1.725000 0.209100
3.713000 1.725000 0.209000
3.788000 1.725000 0.209200
3.863000 1.725000 0.000000
-0.037500 1.875000 0.000000
0.037500 1.875000 0.213300
0.112500 1.875000 0.213300
0.187500 1.875000 0.213300
0.262500 1.875000 0.213300
0.337500 1.875000 0.213300
0.412500 1.875000 0.213400
0.487500 1.875000 0.213400
0.562500 1.875000 0.213400
0.637500 1.875000 0.213500
0.712500 1.875000 0.213500
0.787500 1.875000 0.213500
0.862500 1.875000 0.213500
0.937500 1.875000 0.213500
1.012000 1.875000 0.213500
1.087000 1.875000 0.213500
1.163000 1.875000 0.213400
1.238000 1.875000 0.213300
1.313000 1.875000 0.213200
1.388000 1.875000 0.213100
1.463000 1.875000 0.212900
1.538000 1.875000 0.212700
1.613000 1.875000 0.212500
1.688000 1.875000 0.212300
1.763000 1.875000 0.212000
1.838000 1.875000 0.211700
1.913000 1.875000 0.211400
1.988000 1.875000 0.211000
2.063000 1.875000 0.210700
2.138000 1.875000 0.210300
2.213000 1.875000 0.209800
2.288000 1.875000 0.209400
2.363000 1.875000 0.209000
2.438000 1.875000 0.208500
2.513000 1.875000 0.208000
2.588000 1.875000 0.207600
2.663000 1.875000 0.207100
2.738000 1.875000 0.206700
2.813000 1.875000 0.206200
2.888000 1.875000 0.205800
2.963000 1.875000 0.205300
3.038000 1.875000 0.205000
3.113000 1.875000 0.204600
3.188000 1.875000 0.204200
3.263000 1.875000 0.203900
3.338000 1.875000 0.203600
3.413000 1.875000 0.203400
3.488000 1.875000 0.203200
3.563000 1.875000 0.203100
3.638000 1.875000 0.202900
3.713000 1.875000 0.202900
3.788000 1.875000 0.203000
3.863000 1.875000 0.000000
-0.037500 2.025000 0.000000
0.037500 2.025000 0.202200
0.112500 2.025000 0.202300
0.187500 2.025000 0.202300
0.262500 2.025000 0.202300
0.337500 2.025000 0.202300
0.412500 2.025000 0.202300
0.487500 2.025000 0.202300
0.562500 2.025000 0.202400
0.637500 2.025000 0.202400
0.712500 2.025000 0.202400
0.787500 2.025000 0.202400
0.862500 2.025000 0.202400
0.937500 2.025000 0.202300
1.012000 2.025000 0.202300
1.087000 2.025000 0.202200
1.163000 2.025000 0.202200
1.238000 2.025000 0.202100
1.313000 2.025000 0.202000
1.388000 2.025000 0.201800
1.463000 2.025000 0.201700
1.538000 2.025000 0.201500
1.613000 2.025000 0.201300
1.688000 2.025000 0.201100
1.763000 2.025000 0.200800
1.838000 2.025000 0.200500
1.913000 2.025000 0.200200
1.988000 2.025000 0.199900
2.063000 2.025000 0.199600
2.138000 2.025000 0.199200
2.213000 2.025000 0.198800
2.288000 2.025000 0.198400
2.363000 2.025000 0.198000
2.438000 2.025000 0.197600
2.513000 2.025000 0.197200
2.588000 2.025000 0.196800
2.663000 2.025000 0.196400
2.738000 2.025000 0.196000
2.813000 2.025000 0.195600
2.888000 2.025000 0.195200
2.963000 2.025000 0.194800
3.038000 2.025000 0.194500
3.113000 2.025000 0.194100
3.188000 2.025000 0.193800
3.263000 2.025000 0.193600
3.338000 2.025000 0.193300
3.413000 2.025000 0.193100
3.488000 2.025000 0.192900
3.563000 2.025000 0.192800
3.638000 2.025000 0.192700
3.713000 2.025000 0.192700
3.788000 2.025000 0.192700
3.863000 2.025000 0.000000
-0.037500 2.175000 0.000000
0.037500 2.175000 0.188100
0.112500 2.175000 0.188100
0.187500 2.175000 0.188100
0.262500 2.175000 0.188100
0.337500 2.175000 0.188100
0.412500 2.175000 0.188100
0.487500 2.175000 0.188100
0.562500 2.175000 0.188100
0.637500 2.175000 0.188100
0.712500 2.175000 0.188100
0.787500 2.175000 0.188100
0.862500 2.175000 0.188000
0.937500 2.175000 0.188000
1.012000 2.175000 0.187900
1.087000 2.175000 0.187800
1.163000 2.175000 0.187700
1.238000 2.175000 0.187600
1.313000 2.175000 0.187500
1.388000 2.175000 0.187400
1.463000 2.175000 0.187200
1.538000 2.175000 0.187000
1.613000 2.175000 0.186800
1.688000 2.175000 0.186600
1.763000 2.175000 0.186400
1.838000 2.175000 0.186100
1.913000 2.175000 0.185900
1.988000 2.175000 0.185600
2.063000 2.175000 0.185300
2.138000 2.175000 0.185000
2.213000 2.175000 0.184600
2.288000 2.175000 0.184300
2.363000 2.175000 0.184000
2.438000 2.175000 0.183600
2.513000 2.175000 0.183300
2.588000 2.175000 0.182900
2.663000 2.175000 0.182600
2.738000 2.175000 0.182200
2.813000 2.175000 0.181900
2.888000 2.175000 0.181600
2.963000 2.175000 0.181300
3.038000 2.175000 0.181000
3.113000 2.175000 0.180700
3.188000 2.175000 0.180500
3.263000 2.175000 0.180300
3.338000 2.175000 0.180100
3.413000 2.175000 0.179900
3.488000 2.175000 0.179700
3.563000 2.175000 0.179600
3.638000 2.175000 0.179500
3.713000 2.175000 0.179500
3.788000 2.175000 0.179500
3.863000 2.175000 0.000000
-0.037500 2.325000 0.000000
0.037500 2.325000 0.177400
0.112500 2.325000 0.177400
0.187500 2.325000 0.177400
0.262500 2.325000 0.177400
0.337500 2.325000 0.177400
0.412500 2.325000 0.177400
0.487500 2.325000 0.177400
0.562500 2.325000 0.177400
0.637500 2.325000 0.177300
0.712500 2.325000 0.177300
0.787500 2.325000 0.177300
0.862500 2.325000 0.177200
0.937500 2.325000 0.177100
1.012000 2.325000 0.177100
1.087000 2.325000 0.177000
1.163000 2.325000 0.176900
1.238000 2.325000 0.176800
1.313000 2.325000 0.176600
1.388000 2.325000 0.176500
1.463000 2.325000 0.176300
1.538000 2.325000 0.176200
1.613000 2.325000 0.176000
1.688000 2.325000 0.175800
1.763000 2.325000 0.175500
1.838000 2.325000 0.175300
1.913000 2.325000 0.175100
1.988000 2.325000 0.174800
2.063000 2.325000 0.174500
2.138000 2.325000 0.174300
2.213000 2.325000 0.174000
2.288000 2.325000 0.173700
2.363000 2.325000 0.173400
2.438000 2.325000 0.173100
2.513000 2.325000 0.172800
2.588000 2.325000 0.172500
2.663000 2.325000 0.172200
2.738000 2.325000 0.171900
2.813000 2.325000 0.171600
2.888000 2.325000 0.171400
2.963000 2.325000 0.171100
3.038000 2.325000 0.170900
3.113000 2.325000 0.170600
3.188000 2.325000 0.170400
3.263000 2.325000 0.170200
3.338000 2.325000 0.170100
3.413000 2.325000 0.169900
3.488000 2.325000 0.169800
3.563000 2.325000 0.169700
3.638000 2.325000 0.169600
3.713000 2.325000 0.169600
3.788000 2.325000 0.169600
3.863000 2.325000 0.000000
-0.037500 2.475000 0.000000
0.037500 2.475000 0.171800
0.112500 2.475000 0.171800
0.187500 2.475000 0.171800
0.262500 2.475000 0.171800
0.337500 2.475000 0.171700
0.412500 2.475000 0.171700
0.487500 2.475000 0.171700
0.562500 2.475000 0.171700
0.637500 2.475000 0.171600
0.712500 2.475000 0.171600
0.787500 2.475000 0.171500
0.862500 2.475000 0.171500
0.937500 2.475000 0.171400
1.012000 2.475000 0.171300
1.087000 2.475000 0.171200
1.163000 2.475000 0.171100
1.238000 2.475000 0.171000
1.313000 2.475000 0.170900
1.388000 2.475000 0.170700
1.463000 2.475000 0.170600
1.538000 2.475000 0.170400
1.613000 2.475000 0.170200
1.688000 2.475000 0.170000
1.763000 2.475000 0.169800
1.838000 2.475000 0.169600
1.913000 2.475000 0.169400
1.988000 2.475000 0.169100
2.063000 2.475000 0.168900
2.138000 2.475000 0.168600
2.213000 2.475000 0.168300
2.288000 2.475000 0.168100
2.363000 2.475000 0.167800
2.438000 2.475000 0.167500
2.513000 2.475000 0.167200
2.588000 2.475000 0.166900
2.663000 2.475000 0.166700
2.738000 2.475000 0.166400
2.813000 2.475000 0.166100
2.888000 2.475000 0.165900
2.963000 2.475000 0.165700
3.038000 2.475000 0.165400
3.113000 2.475000 0.165200
3.188000 2.475000 0.165000
3.263000 2.475000 0.164900
3.338000 2.475000 0.164700
3.413000 2.475000 0.164600
3.488000 2.475000 0.164400
3.563000 2.475000 0.164400
3.638000 2.475000 0.164300
3.713000 2.475000 0.164200
3.788000 2.475000 0.164200
3.863000 2.475000 0.000000
-0.037500 2.625000 0.000000
0.037500 2.625000 0.165900
0.112500 2.625000 0.165900
0.187500 2.625000 0.165900
0.262500 2.625000 0.165900
0.337500 2.625000 0.165800
0.412500 2.625000 0.165800
0.487500 2.625000 0.165800
0.562500 2.625000 0.165800
0.637500 2.625000 0.165700
0.712500 2.625000 0.165700
0.787500 2.625000 0.165600
0.862500 2.625000 0.165600
0.937500 2.625000 0.165500
1.012000 2.625000 0.165400
1.087000 2.625000 0.165300
1.163000 2.625000 0.165200
1.238000 2.625000 0.165100
1.313000 2.625000 0.165000
1.388000 2.625000 0.164800
1.463000 2.625000 0.164700
1.538000 2.625000 0.164500
1.613000 2.625000 0.164300
1.688000 2.625000 0.164100
1.763000 2.625000 0.163900
1.838000 2.625000 0.163700
1.913000 2.625000 0.163500
1.988000 2.625000 0.163300
2.063000 2.625000 0.163000
2.138000 2.625000 0.162800
2.213000 2.625000 0.162500
2.288000 2.625000 0.162200
2.363000 2.625000 0.162000
2.438000 2.625000 0.161700
2.513000 2.625000 0.161500
2.588000 2.625000 0.161200
2.663000 2.625000 0.160900
2.738000 2.625000 0.160700
2.813000 2.625000 0.160400
2.888000 2.625000 0.160200
2.963000 2.625000 0.160000
3.038000 2.625000 0.159800
3.113000 2.625000 0.159600
3.188000 2.625000 0.159400
3.263000 2.625000 0.159200
3.338000 2.625000 0.159100
3.413000 2.625000 0.159000
3.488000 2.625000 0.158900
3.563000 2.625000 0.158800
3.638000 2.625000 0.158700
3.713000 2.625000 0.158700
3.788000 2.625000 0.158600
3.863000 2.625000 0.000000
-0.037500 2.775000 0.000000
0.037500 2.775000 0.159800
0.112500 2.775000 0.159800
0.187500 2.775000 0.159800
0.262500 2.775000 0.159800
0.337500 2.775000 0.159800
0.412500 2.775000 0.159800
0.487500 2.775000 0.159800
0.562500 2.775000 0.159700
0.637500 2.775000 0.159700
0.712500 2.775000 0.159600
0.787500 2.775000 0.159600
0.862500 2.775000 0.159500
0.937500 2.775000 0.159500
1.012000 2.775000 0.159400
1.087000 2.775000 0.159300
1.163000 2.775000 0.159200
1.238000 2.775000 0.159100
1.313000 2.775000 0.158900
1.388000 2.775000 0.158800
1.463000 2.775000 0.158600
1.538000 2.775000 0.158500
1.613000 2.775000 0.158300
1.688000 2.775000 0.158100
1.763000 2.775000 0.157900
1.838000 2.775000 0.157700
1.913000 2.775000 0.157500
1.988000 2.775000 0.157300
2.063000 2.775000 0.157100
2.138000 2.775000 0.156800
2.213000 2.775000 0.156600
2.288000 2.775000 0.156300
2.363000 2.775000 0.156100
2.438000 2.775000 0.155800
2.513000 2.775000 0.155600
2.588000 2.775000 0.155300
2.663000 2.775000 0.155100
2.738000 2.775000 0.154800
2.813000 2.775000 0.154600
2.888000 2.775000 0.154400
2.963000 2.775000 0.154200
3.038000 2.775000 0.154000
3.113000 2.775000 0.153800
3.188000 2.775000 0.153600
3.263000 2.775000 0.153400
3.338000 2.775000 0.153300
3.413000 2.775000 0.153200
3.488000 2.775000 0.153100
3.563000 2.775000 0.153000
3.638000 2.775000 0.152900
3.713000 2.775000 0.152900
3.788000 2.775000 0.152900
3.863000 2.775000 0.000000
-0.037500 2.925000 0.000000
0.037500 2.925000 0.147700
0.112500 2.925000 0.147700
0.187500 2.925000 0.147700
0.262500 2.925000 0.147600
0.337500 2.925000 0.147600
0.412500 2.925000 0.147600
0.487500 2.925000 0.147600
0.562500 2.925000 0.147600
0.637500 2.925000 0.147500
0.712500 2.925000 0.147500
0.787500 2.925000 0.147400
0.862500 2.925000 0.147400
0.937500 2.925000 0.147300
1.012000 2.925000 0.147200
1.087000 2.925000 0.147100
1.163000 2.925000 0.147100
1.238000 2.925000 0.146900
1.313000 2.925000 0.146800
1.388000 2.925000 0.146700
1.463000 2.925000 0.146600
1.538000 2.925000 0.146400
1.613000 2.925000 0.146300
1.688000 2.925000 0.146100
1.763000 2.925000 0.145900
1.838000 2.925000 0.145700
1.913000 2.925000 0.145500
1.988000 2.925000 0.145300
2.063000 2.925000 0.145100
2.138000 2.925000 0.144800
2.213000 2.925000 0.144600
2.288000 2.925000 0.144400
2.363000 2.925000 0.144100
2.438000 2.925000 0.143900
2.513000 2.925000 0.143700
2.588000 2.925000 0.143400
2.663000 2.925000 0.143200
2.738000 2.925000 0.143000
2.813000 2.925000 0.142800
2.888000 2.925000 0.142500
2.963000 2.925000 0.142300
3.038000 2.925000 0.142200
3.113000 2.925000 0.142000
3.188000 2.925000 0.141800
3.263000 2.925000 0.141700
3.338000 2.925000 0.141500
3.413000 2.925000 0.141400
3.488000 2.925000 0.141300
3.563000 2.925000 0.141300
3.638000 2.925000 0.141200
3.713000 2.925000 0.141200
3.788000 2.925000 0.141100
3.863000 2.925000 0.000000
-0.037500 3.075000 0.000000
0.037500 3.075000 0.129700
0.112500 3.075000 0.129700
0.187500 3.075000 0.129700
0.262500 3.075000 0.129700
0.337500 3.075000 0.129700
0.412500 3.075000 0.129600
0.487500 3.075000 0.129600
0.562500 3.075000 0.129600
0.637500 3.075000 0.129600
0.712500 3.075000 0.129500
0.787500 3.075000 0.129500
0.862500 3.075000 0.129400
0.937500 3.075000 0.129400
1.012000 3.075000 0.129300
1.087000 3.075000 0.129200
1.163000 3.075000 0.129200
1.238000 3.075000 0.129100
1.313000 3.075000 0.129000
1.388000 3.075000 0.128800
1.463000 3.075000 0.128700
1.538000 3.075000 0.128600
1.613000 3.075000 0.128400
1.688000 3.075000 0.128300
1.763000 3.075000 0.128100
1.838000 3.075000 0.128000
1.913000 3.075000 0.127800
1.988000 3.075000 0.127600
2.063000 3.075000 0.127400
2.138000 3.075000 0.127200
2.213000 3.075000 0.127000
2.288000 3.075000 0.126800
2.363000 3.075000 0.126600
2.438000 3.075000 0.126400
2.513000 3.075000 0.126100
2.588000 3.075000 0.125900
2.663000 3.075000 0.125700
2.738000 3.075000 0.125500
2.813000 3.075000 0.125300
2.888000 3.075000 0.125100
2.963000 3.075000 0.125000
3.038000 3.075000 0.124800
3.113000 3.075000 0.124600
3.188000 3.075000 0.124500
3.263000 3.075000 0.124400
3.338000 3.075000 0.124200
3.413000 3.075000 0.124100
3.488000 3.075000 0.124100
3.563000 3.075000 0.124000
3.638000 3.075000 0.123900
3.713000 3.075000 0.123900
3.788000 3.075000 0.123900
3.863000 3.075000 0.000000
-0.037500 3.225000 0.000000
0.037500 3.225000 0.112500
0.112500 3.225000 0.112500
0.187500 3.225000 0.112500
0.262500 3.225000 0.112500
0.337500 3.225000 0.112500
0.412500 3.225000 0.112500
0.487500 3.225000 0.112500
0.562500 3.225000 0.112500
0.637500 3.225000 0.112400
0.712500 3.225000 0.112400
0.787500 3.225000 0.112400
0.862500 3.225000 0.112300
0.937500 3.225000 0.112300
1.012000 3.225000 0.112200
1.087000 3.225000 0.112100
1.163000 3.225000 0.112100
1.238000 3.225000 0.112000
1.313000 3.225000 0.111900
1.388000 3.225000 0.111800
1.463000 3.225000 0.111700
1.538000 3.225000 0.111600
1.613000 3.225000 0.111400
1.688000 3.225000 0.111300
1.763000 3.225000 0.111200
1.838000 3.225000 0.111000
1.913000 3.225000 0.110900
1.988000 3.225000 0.110700
2.063000 3.225000 0.110500
2.138000 3.225000 0.110300
2.213000 3.225000 0.110200
2.288000 3.225000 0.110000
2.363000 3.225000 0.109800
2.438000 3.225000 0.109600
2.513000 3.225000 0.109400
2.588000 3.225000 0.109200
2.663000 3.225000 0.109100
2.738000 3.225000 0.108900
2.813000 3.225000 0.108700
2.888000 3.225000 0.108500
2.963000 3.225000 0.108400
3.038000 3.225000 0.108200
3.113000 3.225000 0.108100
3.188000 3.225000 0.108000
3.263000 3.225000 0.107900
3.338000 3.225000 0.107800
3.413000 3.225000 0.107700
3.488000 3.225000 0.107600
3.563000 3.225000 0.107500
3.638000 3.225000 0.107500
3.713000 3.225000 0.107400
3.788000 3.225000 0.107400
3.863000 3.225000 0.000000
-0.037500 3.375000 0.000000
0.037500 3.375000 0.096540
0.112500 3.375000 0.096550
0.187500 3.375000 0.096550
0.262500 3.375000 0.096540
0.337500 3.375000 0.096530
0.412500 3.375000 0.096520
0.487500 3.375000 0.096500
0.562500 3.375000 0.096480
0.637500 3.375000 0.096460
0.712500 3.375000 0.096430
0.787500 3.375000 0.096400
0.862500 3.375000 0.096360
0.937500 3.375000 0.096310
1.012000 3.375000 0.096260
1.087000 3.375000 0.096210
1.163000 3.375000 0.096140
1.238000 3.375000 0.096070
1.313000 3.375000 0.095990
1.388000 3.375000 0.095910
1.463000 3.375000 0.095810
1.538000 3.375000 0.095710
1.613000 3.375000 0.095600
1.688000 3.375000 0.095480
1.763000 3.375000 0.095360
1.838000 3.375000 0.095230
1.913000 3.375000 0.095090
1.988000 3.375000 0.094950
2.063000 3.375000 0.094800
2.138000 3.375000 0.094650
2.213000 3.375000 0.094490
2.288000 3.375000 0.094330
2.363000 3.375000 0.094170
2.438000 3.375000 0.094010
2.513000 3.375000 0.093850
2.588000 3.375000 0.093690
2.663000 3.375000 0.093530
2.738000 3.375000 0.093380
2.813000 3.375000 0.093230
2.888000 3.375000 0.093090
2.963000 3.375000 0.092950
3.038000 3.375000 0.092820
3.113000 3.375000 0.092700
3.188000 3.375000 0.092590
3.263000 3.375000 0.092490
3.338000 3.375000 0.092400
3.413000 3.375000 0.092330
3.488000 3.375000 0.092260
3.563000 3.375000 0.092200
3.638000 3.375000 0.092160
3.713000 3.375000 0.092120
3.788000 3.375000 0.092080
3.863000 3.375000 0.000000
-0.037500 3.525000 0.000000
0.037500 3.525000 0.081970
0.112500 3.525000 0.081980
0.187500 3.525000 0.081980
0.262500 3.525000 0.081970
0.337500 3.525000 0.081960
0.412500 3.525000 0.081950
0.487500 3.525000 0.081940
0.562500 3.525000 0.081920
0.637500 3.525000 0.081900
0.712500 3.525000 0.081870
0.787500 3.525000 0.081840
0.862500 3.525000 0.081810
0.937500 3.525000 0.081770
1.012000 3.525000 0.081730
1.087000 3.525000 0.081680
1.163000 3.525000 0.081620
1.238000 3.525000 0.081560
1.313000 3.525000 0.081490
1.388000 3.525000 0.081420
1.463000 3.525000 0.081340
1.538000 3.525000 0.081250
1.613000 3.525000 0.081160
1.688000 3.525000 0.081060
1.763000 3.525000 0.080950
1.838000 3.525000 0.080840
1.913000 3.525000 0.080720
1.988000 3.525000 0.080600
2.063000 3.525000 0.080470
2.138000 3.525000 0.080340
2.213000 3.525000 0.080210
2.288000 3.525000 0.080070
2.363000 3.525000 0.079940
2.438000 3.525000 0.079800
2.513000 3.525000 0.079660
2.588000 3.525000 0.079530
2.663000 3.525000 0.079390
2.738000 3.525000 0.079260
2.813000 3.525000 0.079130
2.888000 3.525000 0.079010
2.963000 3.525000 0.078890
3.038000 3.525000 0.078780
3.113000 3.525000 0.078680
3.188000 3.525000 0.078590
3.263000 3.525000 0.078500
3.338000 3.525000 0.078430
3.413000 3.525000 0.078360
3.488000 3.525000 0.078300
3.563000 3.525000 0.078250
3.638000 3.525000 0.078210
3.713000 3.525000 0.078180
3.788000 3.525000 0.078130
3.863000 3.525000 0.000000
-0.037500 3.675000 0.000000
0.037500 3.675000 0.068950
0.112500 3.675000 0.068950
0.187500 3.675000 0.068950
0.262500 3.675000 0.068950
0.337500 3.675000 0.068940
0.412500 3.675000 0.068930
0.487500 3.675000 0.068920
0.562500 3.675000 0.068900
0.637500 3.675000 0.068880
0.712500 3.675000 0.068860
0.787500 3.675000 0.068840
0.862500 3.675000 0.068810
0.937500 3.675000 0.068770
1.012000 3.675000 0.068740
1.087000 3.675000 0.068690
1.163000 3.675000 0.068650
1.238000 3.675000 0.068600
1.313000 3.675000 0.068540
1.388000 3.675000 0.068480
1.463000 3.675000 0.068410
1.538000 3.675000 0.068330
1.613000 3.675000 0.068250
1.688000 3.675000 0.068170
1.763000 3.675000 0.068080
1.838000 3.675000 0.067980
1.913000 3.675000 0.067880
1.988000 3.675000 0.067780
2.063000 3.675000 0.067670
2.138000 3.675000 0.067560
2.213000 3.675000 0.067450
2.288000 3.675000 0.067340
2.363000 3.675000 0.067220
2.438000 3.675000 0.067100
2.513000 3.675000 0.066990
2.588000 3.675000 0.066870
2.663000 3.675000 0.066760
2.738000 3.675000 0.066650
2.813000 3.675000 0.066540
2.888000 3.675000 0.066440
2.963000 3.675000 0.066340
3.038000 3.675000 0.066250
3.113000 3.675000 0.066160
3.188000 3.675000 0.066080
3.263000 3.675000 0.066010
3.338000 3.675000 0.065940
3.413000 3.675000 0.065880
3.488000 3.675000 0.065840
3.563000 3.675000 0.065790
3.638000 3.675000 0.065760
3.713000 3.675000 0.065730
3.788000 3.675000 0.065680
3.863000 3.675000 0.000000
-0.037500 3.825000 0.000000
0.037500 3.825000 0.057520
0.112500 3.825000 0.057530
0.187500 3.825000 0.057530
0.262500 3.825000 0.057520
0.337500 3.825000 0.057510
0.412500 3.825000 0.057500
0.487500 3.825000 0.057490
0.562500 3.825000 0.057480
0.637500 3.825000 0.057470
0.712500 3.825000 0.057450
0.787500 3.825000 0.057430
0.862500 3.825000 0.057400
0.937500 3.825000 0.057370
1.012000 3.825000 0.057340
1.087000 3.825000 0.057310
1.163000 3.825000 0.057270
1.238000 3.825000 0.057220
1.313000 3.825000 0.057170
1.388000 3.825000 0.057120
1.463000 3.825000 0.057060
1.538000 3.825000 0.057000
1.613000 3.825000 0.056930
1.688000 3.825000 0.056860
1.763000 3.825000 0.056790
1.838000 3.825000 0.056710
1.913000 3.825000 0.056620
1.988000 3.825000 0.056540
2.063000 3.825000 0.056450
2.138000 3.825000 0.056350
2.213000 3.825000 0.056260
2.288000 3.825000 0.056160
2.363000 3.825000 0.056070
2.438000 3.825000 0.055970
2.513000 3.825000 0.055870
2.588000 3.825000 0.055780
2.663000 3.825000 0.055680
2.738000 3.825000 0.055590
2.813000 3.825000 0.055500
2.888000 3.825000 0.055410
2.963000 3.825000 0.055330
3.038000 3.825000 0.055250
3.113000 3.825000 0.055180
3.188000 3.825000 0.055110
3.263000 3.825000 0.055050
3.338000 3.825000 0.055000
3.413000 3.825000 0.054950
3.488000 3.825000 0.054910
3.563000 3.825000 0.054870
3.638000 3.825000 0.054840
3.713000 3.825000 0.054810
3.788000 3.825000 0.054770
3.863000 3.825000 0.000000
-0.037500 3.975000 0.000000
0.037500 3.975000 0.047680
0.112500 3.975000 0.047690
0.187500 3.975000 0.047690
0.262500 3.975000 0.047680
0.337500 3.975000 0.047670
0.412500 3.975000 0.047670
0.487500 3.975000 0.047660
0.562500 3.975000 0.047650
0.637500 3.975000 0.047630
0.712500 3.975000 0.047620
0.787500 3.975000 0.047600
0.862500 3.975000 0.047580
0.937500 3.975000 0.047550
1.012000 3.975000 0.047530
1.087000 3.975000 0.047500
1.163000 3.975000 0.047460
1.238000 3.975000 0.047430
1.313000 3.975000 0.047390
1.388000 3.975000 0.047340
1.463000 3.975000 0.047290
1.538000 3.975000 0.047240
1.613000 3.975000 0.047190
1.688000 3.975000 0.047130
1.763000 3.975000 0.047060
1.838000 3.975000 0.047000
1.913000 3.975000 0.046930
1.988000 3.975000 0.046860
2.063000 3.975000 0.046780
2.138000 3.975000 0.046700
2.213000 3.975000 0.046630
2.288000 3.975000 0.046550
2.363000 3.975000 0.046470
2.438000 3.975000 0.046380
2.513000 3.975000 0.046300
2.588000 3.975000 0.046220
2.663000 3.975000 0.046150
2.738000 3.975000 0.046070
2.813000 3.975000 0.045990
2.888000 3.975000 0.045920
2.963000 3.975000 0.045860
3.038000 3.975000 0.045790
3.113000 3.975000 0.045730
3.188000 3.975000 0.045670
3.263000 3.975000 0.045620
3.338000 3.975000 0.045580
3.413000 3.975000 0.045540
3.488000 3.975000 0.045500
3.563000 3.975000 0.045480
3.638000 3.975000 0.045450
3.713000 3.975000 0.045420
3.788000 3.975000 0.045380
3.863000 3.975000 0.000000
-0.037500 4.125000 0.000000
0.037500 4.125000 0.039370
0.112500 4.125000 0.039370
0.187500 4.125000 0.039370
0.262500 4.125000 0.039370
0.337500 4.125000 0.039360
0.412500 4.125000 0.039360
0.487500 4.125000 0.039350
0.562500 4.125000 0.039340
0.637500 4.125000 0.039330
0.712500 4.125000 0.039310
0.787500 4.125000 0.039300
0.862500 4.125000 0.039280
0.937500 4.125000 0.039260
1.012000 4.125000 0.039240
1.087000 4.125000 0.039210
1.163000 4.125000 0.039180
1.238000 4.125000 0.039150
1.313000 4.125000 0.039120
1.388000 4.125000 0.039080
1.463000 4.125000 0.039040
1.538000 4.125000 0.039000
1.613000 4.125000 0.038950
1.688000 4.125000 0.038900
1.763000 4.125000 0.038850
1.838000 4.125000 0.038800
1.913000 4.125000 0.038740
1.988000 4.125000 0.038680
2.063000 4.125000 0.038620
2.138000 4.125000 0.038550
2.213000 4.125000 0.038490
2.288000 4.125000 0.038420
2.363000 4.125000 0.038360
2.438000 4.125000 0.038290
2.513000 4.125000 0.038220
2.588000 4.125000 0.038160
2.663000 4.125000 0.038090
2.738000 4.125000 0.038030
2.813000 4.125000 0.037970
2.888000 4.125000 0.037910
2.963000 4.125000 0.037850
3.038000 4.125000 0.037800
3.113000 4.125000 0.037750
3.188000 4.125000 0.037710
3.263000 4.125000 0.037660
3.338000 4.125000 0.037630
3.413000 4.125000 0.037590
3.488000 4.125000 0.037560
3.563000 4.125000 0.037540
3.638000 4.125000 0.037520
3.713000 4.125000 0.037490
3.788000 4.125000 0.037450
3.863000 4.125000 0.000000
-0.037500 4.275000 0.000000
0.037500 4.275000 0.032500
0.112500 4.275000 0.032500
0.187500 4.275000 0.032500
0.262500 4.275000 0.032500
0.337500 4.275000 0.032500
0.412500 4.275000 0.032490
0.487500 4.275000 0.032480
0.562500 4.275000 0.032470
0.637500 4.275000 0.032460
0.712500 4.275000 0.032450
0.787500 4.275000 0.032440
0.862500 4.275000 0.032420
0.937500 4.275000 0.032410
1.012000 4.275000 0.032390
1.087000 4.275000 0.032370
1.163000 4.275000 0.032340
1.238000 4.275000 0.032320
1.313000 4.275000 0.032290
1.388000 4.275000 0.032260
1.463000 4.275000 0.032220
1.538000 4.275000 0.032190
1.613000 4.275000 0.032150
1.688000 4.275000 0.032110
1.763000 4.275000 0.032070
1.838000 4.275000 0.032020
1.913000 4.275000 0.031970
1.988000 4.275000 0.031920
2.063000 4.275000 0.031870
2.138000 4.275000 0.031820
2.213000 4.275000 0.031770
2.288000 4.275000 0.031710
2.363000 4.275000 0.031660
2.438000 4.275000 0.031600
2.513000 4.275000 0.031550
2.588000 4.275000 0.031490
2.663000 4.275000 0.031440
2.738000 4.275000 0.031390
2.813000 4.275000 0.031340
2.888000 4.275000 0.031290
2.963000 4.275000 0.031240
3.038000 4.275000 0.031200
3.113000 4.275000 0.031160
3.188000 4.275000 0.031120
3.263000 4.275000 0.031090
3.338000 4.275000 0.031060
3.413000 4.275000 0.031030
3.488000 4.275000 0.031000
3.563000 4.275000 0.030980
3.638000 4.275000 0.030970
3.713000 4.275000 0.030940
3.788000 4.275000 0.030900
3.863000 4.275000 0.000000
-0.037500 4.425000 0.000000
0.037500 4.425000 0.026980
0.112500 4.425000 0.026980
0.187500 4.425000 0.026980
0.262500 4.425000 0.026980
0.337500 4.425000 0.026970
0.412500 4.425000 0.026970
0.487500 4.425000 0.026960
0.562500 4.425000 0.026950
0.637500 4.425000 0.026940
0.712500 4.425000 0.026930
0.787500 4.425000 0.026920
0.862500 4.425000 0.026910
0.937500 4.425000 0.026900
1.012000 4.425000 0.026880
1.087000 4.425000 0.026860
1.163000 4.425000 0.026840
1.238000 4.425000 0.026820
1.313000 4.425000 0.026800
1.388000 4.425000 0.026770
1.463000 4.425000 0.026740
1.538000 4.425000 0.026710
1.613000 4.425000 0.026680
1.688000 4.425000 0.026640
1.763000 4.425000 0.026610
1.838000 4.425000 0.026570
1.913000 4.425000 0.026530
1.988000 4.425000 0.026490
2.063000 4.425000 0.026450
2.138000 4.425000 0.026410
2.213000 4.425000 0.026360
2.288000 4.425000 0.026320
2.363000 4.425000 0.026270
2.438000 4.425000 0.026230
2.513000 4.425000 0.026180
2.588000 4.425000 0.026140
2.663000 4.425000 0.026090
2.738000 4.425000 0.026050
2.813000 4.425000 0.026010
2.888000 4.425000 0.025970
2.963000 4.425000 0.025930
3.038000 4.425000 0.025890
3.113000 4.425000 0.025860
3.188000 4.425000 0.025830
3.263000 4.425000 0.025800
3.338000 4.425000 0.025770
3.413000 4.425000 0.025750
3.488000 4.425000 0.025730
3.563000 4.425000 0.025710
3.638000 4.425000 0.025700
3.713000 4.425000 0.025680
3.788000 4.425000 0.025640
3.863000 4.425000 0.000000
-0.037500 4.575000 0.000000
0.037500 4.575000 0.022700
0.112500 4.575000 0.022700
0.187500 4.575000 0.022700
0.262500 4.575000 0.022700
0.337500 4.575000 0.022690
0.412500 4.575000 0.022690
0.487500 4.575000 0.022680
0.562500 4.575000 0.022680
0.637500 4.575000 0.022670
0.712500 4.575000 0.022660
0.787500 4.575000 0.022650
0.862500 4.575000 0.022640
0.937500 4.575000 0.022630
1.012000 4.575000 0.022610
1.087000 4.575000 0.022600
1.163000 4.575000 0.022580
1.238000 4.575000 0.022560
1.313000 4.575000 0.022540
1.388000 4.575000 0.022520
1.463000 4.575000 0.022490
1.538000 4.575000 0.022470
1.613000 4.575000 0.022440
1.688000 4.575000 0.022410
1.763000 4.575000 0.022380
1.838000 4.575000 0.022350
1.913000 4.575000 0.022320
1.988000 4.575000 0.022280
2.063000 4.575000 0.022250
2.138000 4.575000 0.022210
2.213000 4.575000 0.022180
2.288000 4.575000 0.022140
2.363000 4.575000 0.022100
2.438000 4.575000 0.022060
2.513000 4.575000 0.022020
2.588000 4.575000 0.021990
2.663000 4.575000 0.021950
2.738000 4.575000 0.021910
2.813000 4.575000 0.021880
2.888000 4.575000 0.021850
2.963000 4.575000 0.021810
3.038000 4.575000 0.021780
3.113000 4.575000 0.021750
3.188000 4.575000 0.021730
3.263000 4.575000 0.021700
3.338000 4.575000 0.021680
3.413000 4.575000 0.021660
3.488000 4.575000 0.021650
3.563000 4.575000 0.021630
3.638000 4.575000 0.021620
3.713000 4.575000 0.021600
3.788000 4.575000 0.021570
3.863000 4.575000 0.000000
-0.037500 4.725000 0.000000
0.037500 4.725000 0.019570
0.112500 4.725000 0.019570
0.187500 4.725000 0.019570
0.262500 4.725000 0.019570
0.337500 4.725000 0.019570
0.412500 4.725000 0.019560
0.487500 4.725000 0.019560
0.562500 4.725000 0.019550
0.637500 4.725000 0.019550
0.712500 4.725000 0.019540
0.787500 4.725000 0.019530
0.862500 4.725000 0.019520
0.937500 4.725000 0.019510
1.012000 4.725000 0.019500
1.087000 4.725000 0.019480
1.163000 4.725000 0.019470
1.238000 4.725000 0.019450
1.313000 4.725000 0.019440
1.388000 4.725000 0.019420
1.463000 4.725000 0.019400
1.538000 4.725000 0.019370
1.613000 4.725000 0.019350
1.688000 4.725000 0.019330
1.763000 4.725000 0.019300
1.838000 4.725000 0.019270
1.913000 4.725000 0.019240
1.988000 4.725000 0.019210
2.063000 4.725000 0.019180
2.138000 4.725000 0.019150
2.213000 4.725000 0.019120
2.288000 4.725000 0.019090
2.363000 4.725000 0.019060
2.438000 4.725000 0.019020
2.513000 4.725000 0.018990
2.588000 4.725000 0.018960
2.663000 4.725000 0.018930
2.738000 4.725000 0.018900
2.813000 4.725000 0.018870
2.888000 4.725000 0.018840
2.963000 4.725000 0.018810
3.038000 4.725000 0.018780
3.113000 4.725000 0.018760
3.188000 4.725000 0.018740
3.263000 4.725000 0.018720
3.338000 4.725000 0.018700
3.413000 4.725000 0.018680
3.488000 4.725000 0.018670
3.563000 4.725000 0.018650
3.638000 4.725000 0.018640
3.713000 4.725000 0.018630
3.788000 4.725000 0.018600
3.863000 4.725000 0.000000
-0.037500 4.875000 0.000000
0.037500 4.875000 0.017520
0.112500 4.875000 0.017530
0.187500 4.875000 0.017530
0.262500 4.875000 0.017530
0.337500 4.875000 0.017530
0.412500 4.875000 0.017520
0.487500 4.875000 0.017520
0.562500 4.875000 0.017510
0.637500 4.875000 0.017510
0.712500 4.875000 0.017500
0.787500 4.875000 0.017490
0.862500 4.875000 0.017480
0.937500 4.875000 0.017470
1.012000 4.875000 0.017460
1.087000 4.875000 0.017450
1.163000 4.875000 0.017440
1.238000 4.875000 0.017420
1.313000 4.875000 0.017410
1.388000 4.875000 0.017390
1.463000 4.875000 0.017370
1.538000 4.875000 0.017350
1.613000 4.875000 0.017330
1.688000 4.875000 0.017310
1.763000 4.875000 0.017280
1.838000 4.875000 0.017260
1.913000 4.875000 0.017230
1.988000 4.875000 0.017210
2.063000 4.875000 0.017180
2.138000 4.875000 0.017150
2.213000 4.875000 0.017120
2.288000 4.875000 0.017100
2.363000 4.875000 0.017070
2.438000 4.875000 0.017040
2.513000 4.875000 0.017010
2.588000 4.875000 0.016980
2.663000 4.875000 0.016950
2.738000 4.875000 0.016920
2.813000 4.875000 0.016900
2.888000 4.875000 0.016870
2.963000 4.875000 0.016850
3.038000 4.875000 0.016820
3.113000 4.875000 0.016800
3.188000 4.875000 0.016780
3.263000 4.875000 0.016760
3.338000 4.875000 0.016750
3.413000 4.875000 0.016730
3.488000 4.875000 0.016720
3.563000 4.875000 0.016710
3.638000 4.875000 0.016700
3.713000 4.875000 0.016680
3.788000 4.875000 0.016650
3.863000 4.875000 0.000000
-0.037500 5.025000 0.000000
0.037500 5.025000 0.016480
0.112500 5.025000 0.016480
0.187500 5.025000 0.016470
0.262500 5.025000 0.016470
0.337500 5.025000 0.016460
0.412500 5.025000 0.016460
0.487500 5.025000 0.016450
0.562500 5.025000 0.016440
0.637500 5.025000 0.016440
0.712500 5.025000 0.016430
0.787500 5.025000 0.016420
0.862500 5.025000 0.016410
0.937500 5.025000 0.016400
1.012000 5.025000 0.016390
1.087000 5.025000 0.016380
1.163000 5.025000 0.016370
1.238000 5.025000 0.016350
1.313000 5.025000 0.016340
1.388000 5.025000 0.016320
1.463000 5.025000 0.016310
1.538000 5.025000 0.016290
1.613000 5.025000 0.016270
1.688000 5.025000 0.016250
1.763000 5.025000 0.016220
1.838000 5.025000 0.016200
1.913000 5.025000 0.016180
1.988000 5.025000 0.016150
2.063000 5.025000 0.016130
2.138000 5.025000 0.016100
2.213000 5.025000 0.016070
2.288000 5.025000 0.016050
2.363000 5.025000 0.016020
2.438000 5.025000 0.015990
2.513000 5.025000 0.015960
2.588000 5.025000 0.015940
2.663000 5.025000 0.015910
2.738000 5.025000 0.015880
2.813000 5.025000 0.015860
2.888000 5.025000 0.015840
2.963000 5.025000 0.015810
3.038000 5.025000 0.015790
3.113000 5.025000 0.015770
3.188000 5.025000 0.015750
3.263000 5.025000 0.015730
3.338000 5.025000 0.015720
3.413000 5.025000 0.015700
3.488000 5.025000 0.015690
3.563000 5.025000 0.015680
3.638000 5.025000 0.015670
3.713000 5.025000 0.015650
3.788000 5.025000 0.015630
3.863000 5.025000 0.000000
-0.037500 5.175000 0.000000
0.037500 5.175000 0.000000
0.112500 5.175000 0.000000
0.187500 5.175000 0.000000
0.262500 5.175000 0.000000
0.337500 5.175000 0.000000
0.412500 5.175000 0.000000
0.487500 5.175000 0.000000
0.562500 5.175000 0.000000
0.637500 5.175000 0.000000
0.712500 5.175000 0.000000
0.787500 5.175000 0.000000
0.862500 5.175000 0.000000
0.937500 5.175000 0.000000
1.012000 5.175000 0.000000
1.087000 5.175000 0.000000
1.163000 5.175000 0.000000
1.238000 5.175000 0.000000
1.313000 5.175000 0.000000
1.388000 5.175000 0.000000
1.463000 5.175000 0.000000
1.538000 5.175000 0.000000
1.613000 5.175000 0.000000
1.688000 5.175000 0.000000
1.763000 5.175000 0.000000
1.838000 5.175000 0.000000
1.913000 5.175000 0.000000
1.988000 5.175000 0.000000
2.063000 5.175000 0.000000
2.138000 5.175000 0.000000
2.213000 5.175000 0.000000
2.288000 5.175000 0.000000
2.363000 5.175000 0.000000
2.438000 5.175000 0.000000
2.513000 5.175000 0.000000
2.588000 5.175000 0.000000
2.663000 5.175000 0.000000
2.738000 5.175000 0.000000
2.813000 5.175000 0.000000
2.888000 5.175000 0.000000
2.963000 5.175000 0.000000
3.038000 5.175000 0.000000
3.113000 5.175000 0.000000
3.188000 5.175000 0.000000
3.263000 5.175000 0.000000
3.338000 5.175000 0.000000
3.413000 5.175000 0.000000
3.488000 5.175000 0.000000
3.563000 5.175000 0.000000
3.638000 5.175000 0.000000
3.713000 5.175000 0.000000
3.788000 5.175000 0.000000
3.863000 5.175000 0.000000
