-0.037500 -0.075000 0.000000
0.037500 -0.075000 0.000000
0.112500 -0.075000 0.000000
0.187500 -0.075000 0.000000
0.262500 -0.075000 0.000000
0.337500 -0.075000 0.000000
0.412500 -0.075000 0.000000
0.487500 -0.075000 0.000000
0.562500 -0.075000 0.000000
0.637500 -0.075000 0.000000
0.712500 -0.075000 0.000000
0.787500 -0.075000 0.000000
0.862500 -0.075000 0.000000
0.937500 -0.075000 0.000000
1.012000 -0.075000 0.000000
1.087000 -0.075000 0.000000
1.163000 -0.075000 0.000000
1.238000 -0.075000 0.000000
1.313000 -0.075000 0.000000
1.388000 -0.075000 0.000000
1.463000 -0.075000 0.000000
1.538000 -0.075000 0.000000
1.613000 -0.075000 0.000000
1.688000 -0.075000 0.000000
1.763000 -0.075000 0.000000
1.838000 -0.075000 0.000000
1.913000 -0.075000 0.000000
1.988000 -0.075000 0.000000
2.063000 -0.075000 0.000000
2.138000 -0.075000 0.000000
2.213000 -0.075000 0.000000
2.288000 -0.075000 0.000000
2.363000 -0.075000 0.000000
2.438000 -0.075000 0.000000
2.513000 -0.075000 0.000000
2.588000 -0.075000 0.000000
2.663000 -0.075000 0.000000
2.738000 -0.075000 0.000000
2.813000 -0.075000 0.000000
2.888000 -0.075000 0.000000
2.963000 -0.075000 0.000000
3.038000 -0.075000 0.000000
3.113000 -0.075000 0.000000
3.188000 -0.075000 0.000000
3.263000 -0.075000 0.000000
3.338000 -0.075000 0.000000
3.413000 -0.075000 0.000000
3.488000 -0.075000 0.000000
3.563000 -0.075000 0.000000
3.638000 -0.075000 0.000000
3.713000 -0.075000 0.000000
3.788000 -0.075000 0.000000
3.863000 -0.075000 0.000000
-0.037500 0.075000 0.000000
0.037500 0.075000 0.000020
0.112500 0.075000 0.000040
0.187500 0.075000 0.000060
0.262500 0.075000 0.000080
0.337500 0.075000 0.000100
0.412500 0.075000 0.000120
0.487500 0.075000 0.000140
0.562500 0.075000 0.000160
0.637500 0.075000 0.000180
0.712500 0.075000 0.000200
0.787500 0.075000 0.000220
0.862500 0.075000 0.000240
0.937500 0.075000 0.000260
1.012000 0.075000 0.000280
1.087000 0.075000 0.000300
1.163000 0.075000 0.000320
1.238000 0.075000 0.000340
1.313000 0.075000 0.000350
1.388000 0.075000 0.000370
1.463000 0.075000 0.000380
1.538000 0.075000 0.000390
1.613000 0.075000 0.000410
1.688000 0.075000 0.000410
1.763000 0.075000 0.000420
1.838000 0.075000 0.000430
1.913000 0.075000 0.000430
1.988000 0.075000 0.000430
2.063000 0.075000 0.000430
2.138000 0.075000 0.000420
2.213000 0.075000 0.000410
2.288000 0.075000 0.000410
2.363000 0.075000 0.000400
2.438000 0.075000 0.000390
2.513000 0.075000 0.000380
2.588000 0.075000 0.000360
2.663000 0.075000 0.000350
2.738000 0.075000 0.000340
2.813000 0.075000 0.000330
2.888000 0.075000 0.000320
2.963000 0.075000 0.000300
3.038000 0.075000 0.000290
3.113000 0.075000 0.000280
3.188000 0.075000 0.000270
3.263000 0.075000 0.000260
3.338000 0.075000 0.000250
3.413000 0.075000 0.000240
3.488000 0.075000 0.000230
3.563000 0.075000 0.000220
3.638000 0.075000 0.000220
3.713000 0.075000 0.000210
3.788000 0.075000 0.000200
3.863000 0.075000 0.000000
-0.037500 0.225000 0.000000
0.037500 0.225000 0.000020
0.112500 0.225000 0.000040
0.187500 0.225000 0.000060
0.262500 0.225000 0.000080
0.337500 0.225000 0.000100
0.412500 0.225000 0.000120
0.487500 0.225000 0.000140
0.562500 0.225000 0.000160
0.637500 0.225000 0.000180
0.712500 0.225000 0.000200
0.787500 0.225000 0.000220
0.862500 0.225000 0.000240
0.937500 0.225000 0.000260
1.012000 0.225000 0.000280
1.087000 0.225000 0.000300
1.163000 0.225000 0.000320
1.238000 0.225000 0.000340
1.313000 0.225000 0.000350
1.388000 0.225000 0.000370
1.463000 0.225000 0.000380
1.538000 0.225000 0.000390
1.613000 0.225000 0.000410
1.688000 0.225000 0.000410
1.763000 0.225000 0.000420
1.838000 0.225000 0.000430
1.913000 0.225000 0.000430
1.988000 0.225000 0.000430
2.063000 0.225000 0.000430
2.138000 0.225000 0.000420
2.213000 0.225000 0.000410
2.288000 0.225000 0.000410
2.363000 0.225000 0.000400
2.438000 0.225000 0.000390
2.513000 0.225000 0.000380
2.588000 0.225000 0.000360
2.663000 0.225000 0.000350
2.738000 0.225000 0.000340
2.813000 0.225000 0.000330
2.888000 0.225000 0.000320
2.963000 0.225000 0.000300
3.038000 0.225000 0.000290
3.113000 0.225000 0.000280
3.188000 0.225000 0.000270
3.263000 0.225000 0.000260
3.338000 0.225000 0.000250
3.413000 0.225000 0.000240
3.488000 0.225000 0.000230
3.563000 0.225000 0.000220
3.638000 0.225000 0.000220
3.713000 0.225000 0.000210
3.788000 0.225000 0.000200
3.863000 0.225000 0.000000
-0.037500 0.375000 0.000000
0.037500 0.375000 0.053440
0.112500 0.375000 0.053410
0.187500 0.375000 0.053390
0.262500 0.375000 0.053400
0.337500 0.375000 0.053410
0.412500 0.375000 0.053420
0.487500 0.375000 0.053440
0.562500 0.375000 0.053460
0.637500 0.375000 0.053480
0.712500 0.375000 0.053490
0.787500 0.375000 0.053500
0.862500 0.375000 0.053520
0.937500 0.375000 0.053520
1.012000 0.375000 0.053530
1.087000 0.375000 0.053530
1.163000 0.375000 0.053520
1.238000 0.375000 0.053510
1.313000 0.375000 0.053500
1.388000 0.375000 0.053480
1.463000 0.375000 0.053450
1.538000 0.375000 0.053410
1.613000 0.375000 0.053370
1.688000 0.375000 0.053320
1.763000 0.375000 0.053260
1.838000 0.375000 0.053200
1.913000 0.375000 0.053130
1.988000 0.375000 0.053050
2.063000 0.375000 0.052960
2.138000 0.375000 0.052870
2.213000 0.375000 0.052770
2.288000 0.375000 0.052670
2.363000 0.375000 0.052570
2.438000 0.375000 0.052460
2.513000 0.375000 0.052360
2.588000 0.375000 0.052250
2.663000 0.375000 0.052140
2.738000 0.375000 0.052030
2.813000 0.375000 0.051920
2.888000 0.375000 0.051820
2.963000 0.375000 0.051720
3.038000 0.375000 0.051630
3.113000 0.375000 0.051540
3.188000 0.375000 0.051460
3.263000 0.375000 0.051380
3.338000 0.375000 0.051310
3.413000 0.375000 0.051250
3.488000 0.375000 0.051200
3.563000 0.375000 0.051160
3.638000 0.375000 0.051130
3.713000 0.375000 0.051120
3.788000 0.375000 0.051120
3.863000 0.375000 0.000000
-0.037500 0.525000 0.000000
0.037500 0.525000 0.104200
0.112500 0.525000 0.104200
0.187500 0.525000 0.104200
0.262500 0.525000 0.104200
0.337500 0.525000 0.104200
0.412500 0.525000 0.104200
0.487500 0.525000 0.104200
0.562500 0.525000 0.104200
0.637500 0.525000 0.104200
0.712500 0.525000 0.104200
0.787500 0.525000 0.104200
0.862500 0.525000 0.104200
0.937500 0.525000 0.104200
1.012000 0.525000 0.104200
1.087000 0.525000 0.104200
1.163000 0.525000 0.104100
1.238000 0.525000 0.104100
1.313000 0.525000 0.104000
1.388000 0.525000 0.104000
1.463000 0.525000 0.103900
1.538000 0.525000 0.103800
1.613000 0.525000 0.103700
1.688000 0.525000 0.103600
1.763000 0.525000 0.103500
1.838000 0.525000 0.103400
1.913000 0.525000 0.103200
1.988000 0.525000 0.103100
2.063000 0.525000 0.102900
2.138000 0.525000 0.102700
2.213000 0.525000 0.102600
2.288000 0.525000 0.102400
2.363000 0.525000 0.102200
2.438000 0.525000 0.102000
2.513000 0.525000 0.101800
2.588000 0.525000 0.101600
2.663000 0.525000 0.101400
2.738000 0.525000 0.101200
2.813000 0.525000 0.101100
2.888000 0.525000 0.100900
2.963000 0.525000 0.100700
3.038000 0.525000 0.100500
3.113000 0.525000 0.100400
3.188000 0.525000 0.100200
3.263000 0.525000 0.100100
3.338000 0.525000 0.099980
3.413000 0.525000 0.099870
3.488000 0.525000 0.099790
3.563000 0.525000 0.099720
3.638000 0.525000 0.099670
3.713000 0.525000 0.099650
3.788000 0.525000 0.099680
3.863000 0.525000 0.000000
-0.037500 0.675000 0.000000
0.037500 0.675000 0.134900
0.112500 0.675000 0.134900
0.187500 0.675000 0.134900
0.262500 0.675000 0.134900
0.337500 0.675000 0.134900
0.412500 0.675000 0.135000
0.487500 0.675000 0.135000
0.562500 0.675000 0.135000
0.637500 0.675000 0.135000
0.712500 0.675000 0.134900
0.787500 0.675000 0.134900
0.862500 0.675000 0.134900
0.937500 0.675000 0.134900
1.012000 0.675000 0.134800
1.087000 0.675000 0.134800
1.163000 0.675000 0.134700
1.238000 0.675000 0.134700
1.313000 0.675000 0.134600
1.388000 0.675000 0.134500
1.463000 0.675000 0.134400
1.538000 0.675000 0.134200
1.613000 0.675000 0.134100
1.688000 0.675000 0.134000
1.763000 0.675000 0.133800
1.838000 0.675000 0.133600
1.913000 0.675000 0.133500
1.988000 0.675000 0.133300
2.063000 0.675000 0.133100
2.138000 0.675000 0.132800
2.213000 0.675000 0.132600
2.288000 0.675000 0.132400
2.363000 0.675000 0.132200
2.438000 0.675000 0.131900
2.513000 0.675000 0.131700
2.588000 0.675000 0.131400
2.663000 0.675000 0.131200
2.738000 0.675000 0.131000
2.813000 0.675000 0.130700
2.888000 0.675000 0.130500
2.963000 0.675000 0.130300
3.038000 0.675000 0.130100
3.113000 0.675000 0.129900
3.188000 0.675000 0.129700
3.263000 0.675000 0.129600
3.338000 0.675000 0.129400
3.413000 0.675000 0.129300
3.488000 0.675000 0.129200
3.563000 0.675000 0.129100
3.638000 0.675000 0.129000
3.713000 0.675000 0.129000
3.788000 0.675000 0.129000
3.863000 0.675000 0.000000
-0.037500 0.825000 0.000000
0.037500 0.825000 0.148300
0.112500 0.825000 0.148300
0.187500 0.825000 0.148300
0.262500 0.825000 0.148300
0.337500 0.825000 0.148300
0.412500 0.825000 0.148300
0.487500 0.825000 0.148300
0.562500 0.825000 0.148300
0.637500 0.825000 0.148300
0.712500 0.825000 0.148300
0.787500 0.825000 0.148300
0.862500 0.825000 0.148300
0.937500 0.825000 0.148200
1.012000 0.825000 0.148200
1.087000 0.825000 0.148100
1.163000 0.825000 0.148100
1.238000 0.825000 0.148000
1.313000 0.825000 0.147900
1.388000 0.825000 0.147800
1.463000 0.825000 0.147700
1.538000 0.825000 0.147500
1.613000 0.825000 0.147400
1.688000 0.825000 0.147200
1.763000 0.825000 0.147000
1.838000 0.825000 0.146800
1.913000 0.825000 0.146600
1.988000 0.825000 0.146400
2.063000 0.825000 0.146200
2.138000 0.825000 0.146000
2.213000 0.825000 0.145700
2.288000 0.825000 0.145500
2.363000 0.825000 0.145200
2.438000 0.825000 0.145000
2.513000 0.825000 0.144700
2.588000 0.825000 0.144400
2.663000 0.825000 0.144200
2.738000 0.825000 0.143900
2.813000 0.825000 0.143700
2.888000 0.825000 0.143400
2.963000 0.825000 0.143200
3.038000 0.825000 0.143000
3.113000 0.825000 0.142800
3.188000 0.825000 0.142600
3.263000 0.825000 0.142400
3.338000 0.825000 0.142200
3.413000 0.825000 0.142100
3.488000 0.825000 0.142000
3.563000 0.825000 0.141900
3.638000 0.825000 0.141800
3.713000 0.825000 0.141700
3.788000 0.825000 0.141800
3.863000 0.825000 0.000000
-0.037500 0.975000 0.000000
0.037500 0.975000 0.159800
0.112500 0.975000 0.159800
0.187500 0.975000 0.159800
0.262500 0.975000 0.159800
0.337500 0.975000 0.159800
0.412500 0.975000 0.159800
0.487500 0.975000 0.159800
0.562500 0.975000 0.159800
0.637500 0.975000 0.159800
0.712500 0.975000 0.159700
0.787500 0.975000 0.159700
0.862500 0.975000 0.159700
0.937500 0.975000 0.159600
1.012000 0.975000 0.159600
1.087000 0.975000 0.159500
1.163000 0.975000 0.159400
1.238000 0.975000 0.159300
1.313000 0.975000 0.159200
1.388000 0.975000 0.159100
1.463000 0.975000 0.159000
1.538000 0.975000 0.158800
1.613000 0.975000 0.158700
1.688000 0.975000 0.158500
1.763000 0.975000 0.158300
1.838000 0.975000 0.158100
1.913000 0.975000 0.157900
1.988000 0.975000 0.157700
2.063000 0.975000 0.157400
2.138000 0.975000 0.157200
2.213000 0.975000 0.156900
2.288000 0.975000 0.156600
2.363000 0.975000 0.156300
2.438000 0.975000 0.156100
2.513000 0.975000 0.155800
2.588000 0.975000 0.155500
2.663000 0.975000 0.155200
2.738000 0.975000 0.154900
2.813000 0.975000 0.154700
2.888000 0.975000 0.154400
2.963000 0.975000 0.154200
3.038000 0.975000 0.153900
3.113000 0.975000 0.153700
3.188000 0.975000 0.153500
3.263000 0.975000 0.153300
3.338000 0.975000 0.153100
3.413000 0.975000 0.153000
3.488000 0.975000 0.152800
3.563000 0.975000 0.152700
3.638000 0.975000 0.152600
3.713000 0.975000 0.152500
3.788000 0.975000 0.152500
3.863000 0.975000 0.000000
-0.037500 1.125000 0.000000
0.037500 1.125000 0.169000
0.112500 1.125000 0.169000
0.187500 1.125000 0.168900
0.262500 1.125000 0.168900
0.337500 1.125000 0.168900
0.412500 1.125000 0.168900
0.487500 1.125000 0.168900
0.562500 1.125000 0.168900
0.637500 1.125000 0.168900
0.712500 1.125000 0.168800
0.787500 1.125000 0.168800
0.862500 1.125000 0.168800
0.937500 1.125000 0.168700
1.012000 1.125000 0.168700
1.087000 1.125000 0.168600
1.163000 1.125000 0.168500
1.238000 1.125000 0.168400
1.313000 1.125000 0.168300
1.388000 1.125000 0.168200
1.463000 1.125000 0.168100
1.538000 1.125000 0.167900
1.613000 1.125000 0.167700
1.688000 1.125000 0.167500
1.763000 1.125000 0.167300
1.838000 1.125000 0.167100
1.913000 1.125000 0.166900
1.988000 1.125000 0.166600
2.063000 1.125000 0.166400
2.138000 1.125000 0.166100
2.213000 1.125000 0.165800
2.288000 1.125000 0.165500
2.363000 1.125000 0.165200
2.438000 1.125000 0.164900
2.513000 1.125000 0.164600
2.588000 1.125000 0.164300
2.663000 1.125000 0.164000
2.738000 1.125000 0.163700
2.813000 1.125000 0.163400
2.888000 1.125000 0.163200
2.963000 1.125000 0.162900
3.038000 1.125000 0.162600
3.113000 1.125000 0.162400
3.188000 1.125000 0.162200
3.263000 1.125000 0.162000
3.338000 1.125000 0.161800
3.413000 1.125000 0.161600
3.488000 1.125000 0.161500
3.563000 1.125000 0.161300
3.638000 1.125000 0.161200
3.713000 1.125000 0.161200
3.788000 1.125000 0.161200
3.863000 1.125000 0.000000
-0.037500 1.275000 0.000000
0.037500 1.275000 0.183000
0.112500 1.275000 0.182900
0.187500 1.275000 0.182900
0.262500 1.275000 0.182900
0.337500 1.275000 0.182900
0.412500 1.275000 0.182900
0.487500 1.275000 0.182900
0.562500 1.275000 0.182900
0.637500 1.275000 0.182900
0.712500 1.275000 0.182900
0.787500 1.275000 0.182800
0.862500 1.275000 0.182800
0.937500 1.275000 0.182800
1.012000 1.275000 0.182700
1.087000 1.275000 0.182600
1.163000 1.275000 0.182600
1.238000 1.275000 0.182500
1.313000 1.275000 0.182400
1.388000 1.275000 0.182200
1.463000 1.275000 0.182100
1.538000 1.275000 0.181900
1.613000 1.275000 0.181700
1.688000 1.275000 0.181500
1.763000 1.275000 0.181300
1.838000 1.275000 0.181000
1.913000 1.275000 0.180800
1.988000 1.275000 0.180500
2.063000 1.275000 0.180200
2.138000 1.275000 0.179900
2.213000 1.275000 0.179600
2.288000 1.275000 0.179300
2.363000 1.275000 0.178900
2.438000 1.275000 0.178600
2.513000 1.275000 0.178200
2.588000 1.275000 0.177900
2.663000 1.275000 0.177600
2.738000 1.275000 0.177200
2.813000 1.275000 0.176900
2.888000 1.275000 0.176600
2.963000 1.275000 0.176300
3.038000 1.275000 0.176000
3.113000 1.275000 0.175700
3.188000 1.275000 0.175400
3.263000 1.275000 0.175200
3.338000 1.275000 0.175000
3.413000 1.275000 0.174800
3.488000 1.275000 0.174600
3.563000 1.275000 0.174500
3.638000 1.275000 0.174400
3.713000 1.275000 0.174300
3.788000 1.275000 0.174400
3.863000 1.275000 0.000000
-0.037500 1.425000 0.000000
0.037500 1.425000 0.196800
0.112500 1.425000 0.196800
0.187500 1.425000 0.196800
0.262500 1.425000 0.196800
0.337500 1.425000 0.196800
0.412500 1.425000 0.196800
0.487500 1.425000 0.196800
0.562500 1.425000 0.196800
0.637500 1.425000 0.196800
0.712500 1.425000 0.196700
0.787500 1.425000 0.196700
0.862500 1.425000 0.196700
0.937500 1.425000 0.196700
1.012000 1.425000 0.196600
1.087000 1.425000 0.196600
1.163000 1.425000 0.196500
1.238000 1.425000 0.196400
1.313000 1.425000 0.196300
1.388000 1.425000 0.196100
1.463000 1.425000 0.196000
1.538000 1.425000 0.195800
1.613000 1.425000 0.195600
1.688000 1.425000 0.195400
1.763000 1.425000 0.195100
1.838000 1.425000 0.194900
1.913000 1.425000 0.194600
1.988000 1.425000 0.194300
2.063000 1.425000 0.193900
2.138000 1.425000 0.193600
2.213000 1.425000 0.193200
2.288000 1.425000 0.192900
2.363000 1.425000 0.192500
2.438000 1.425000 0.192100
2.513000 1.425000 0.191700
2.588000 1.425000 0.191400
2.663000 1.425000 0.191000
2.738000 1.425000 0.190600
2.813000 1.425000 0.190200
2.888000 1.425000 0.189900
2.963000 1.425000 0.189500
3.038000 1.425000 0.189200
3.113000 1.425000 0.188900
3.188000 1.425000 0.188600
3.263000 1.425000 0.188400
3.338000 1.425000 0.188100
3.413000 1.425000 0.187900
3.488000 1.425000 0.187800
3.563000 1.425000 0.187700
3.638000 1.425000 0.187600
3.713000 1.425000 0.187600
3.788000 1.425000 0.187600
3.863000 1.425000 0.000000
-0.037500 1.575000 0.000000
0.037500 1.575000 0.203900
0.112500 1.575000 0.203900
0.187500 1.575000 0.203900
0.262500 1.575000 0.204000
0.337500 1.575000 0.204000
0.412500 1.575000 0.204000
0.487500 1.575000 0.204000
0.562500 1.575000 0.204000
0.637500 1.575000 0.204000
0.712500 1.575000 0.204000
0.787500 1.575000 0.204000
0.862500 1.575000 0.203900
0.937500 1.575000 0.203900
1.012000 1.575000 0.203900
1.087000 1.575000 0.203800
1.163000 1.575000 0.203700
1.238000 1.575000 0.203600
1.313000 1.575000 0.203500
1.388000 1.575000 0.203400
1.463000 1.575000 0.203200
1.538000 1.575000 0.203000
1.613000 1.575000 0.202800
1.688000 1.575000 0.202600
1.763000 1.575000 0.202300
1.838000 1.575000 0.202000
1.913000 1.575000 0.201700
1.988000 1.575000 0.201400
2.063000 1.575000 0.201100
2.138000 1.575000 0.200700
2.213000 1.575000 0.200400
2.288000 1.575000 0.200000
2.363000 1.575000 0.199600
2.438000 1.575000 0.199200
2.513000 1.575000 0.198800
2.588000 1.575000 0.198400
2.663000 1.575000 0.198000
2.738000 1.575000 0.197600
2.813000 1.575000 0.197200
2.888000 1.575000 0.196800
2.963000 1.575000 0.196500
3.038000 1.575000 0.196100
3.113000 1.575000 0.195800
3.188000 1.575000 0.195500
3.263000 1.575000 0.195300
3.338000 1.575000 0.195000
3.413000 1.575000 0.194800
3.488000 1.575000 0.194700
3.563000 1.575000 0.194600
3.638000 1.575000 0.194500
3.713000 1.575000 0.194500
3.788000 1.575000 0.194600
3.863000 1.575000 0.000000
-0.037500 1.725000 0.000000
0.037500 1.725000 0.205300
0.112500 1.725000 0.205300
0.187500 1.725000 0.205300
0.262500 1.725000 0.205300
0.337500 1.725000 0.205300
0.412500 1.725000 0.205300
0.487500 1.725000 0.205400
0.562500 1.725000 0.205400
0.637500 1.725000 0.205400
0.712500 1.725000 0.205300
0.787500 1.725000 0.205300
0.862500 1.725000 0.205300
0.937500 1.725000 0.205300
1.012000 1.725000 0.205200
1.087000 1.725000 0.205100
1.163000 1.725000 0.205100
1.238000 1.725000 0.205000
1.313000 1.725000 0.204800
1.388000 1.725000 0.204700
1.463000 1.725000 0.204500
1.538000 1.725000 0.204300
1.613000 1.725000 0.204100
1.688000 1.725000 0.203900
1.763000 1.725000 0.203600
1.838000 1.725000 0.203300
1.913000 1.725000 0.203000
1.988000 1.725000 0.202700
2.063000 1.725000 0.202400
2.138000 1.725000 0.202000
2.213000 1.725000 0.201700
2.288000 1.725000 0.201300
2.363000 1.725000 0.200900
2.438000 1.725000 0.200500
2.513000 1.725000 0.200100
2.588000 1.725000 0.199700
2.663000 1.725000 0.199300
2.738000 1.725000 0.198900
2.813000 1.725000 0.198500
2.888000 1.725000 0.198200
2.963000 1.725000 0.197800
3.038000 1.725000 0.197500
3.113000 1.725000 0.197200
3.188000 1.725000 0.196900
3.263000 1.725000 0.196600
3.338000 1.725000 0.196400
3.413000 1.725000 0.196200
3.488000 1.725000 0.196000
3.563000 1.725000 0.195900
3.638000 1.725000 0.195900
3.713000 1.725000 0.195900
3.788000 1.725000 0.196000
3.863000 1.725000 0.000000
-0.037500 1.875000 0.000000
0.037500 1.875000 0.201600
0.112500 1.875000 0.201600
0.187500 1.875000 0.201600
0.262500 1.875000 0.201600
0.337500 1.875000 0.201600
0.412500 1.875000 0.201600
0.487500 1.875000 0.201600
0.562500 1.875000 0.201600
0.637500 1.875000 0.201600
0.712500 1.875000 0.201600
0.787500 1.875000 0.201500
0.862500 1.875000 0.201500
0.937500 1.875000 0.201500
1.012000 1.875000 0.201400
1.087000 1.875000 0.201300
1.163000 1.875000 0.201200
1.238000 1.875000 0.201100
1.313000 1.875000 0.201000
1.388000 1.875000 0.200900
1.463000 1.875000 0.200700
1.538000 1.875000 0.200500
1.613000 1.875000 0.200300
1.688000 1.875000 0.200100
1.763000 1.875000 0.199800
1.838000 1.875000 0.199500
1.913000 1.875000 0.199200
1.988000 1.875000 0.198900
2.063000 1.875000 0.198600
2.138000 1.875000 0.198300
2.213000 1.875000 0.197900
2.288000 1.875000 0.197600
2.363000 1.875000 0.197200
2.438000 1.875000 0.196800
2.513000 1.875000 0.196400
2.588000 1.875000 0.196100
2.663000 1.875000 0.195700
2.738000 1.875000 0.195300
2.813000 1.875000 0.194900
2.888000 1.875000 0.194600
2.963000 1.875000 0.194300
3.038000 1.875000 0.194000
3.113000 1.875000 0.193700
3.188000 1.875000 0.193400
3.263000 1.875000 0.193100
3.338000 1.875000 0.192900
3.413000 1.875000 0.192800
3.488000 1.875000 0.192600
3.563000 1.875000 0.192500
3.638000 1.875000 0.192400
3.713000 1.875000 0.192400
3.788000 1.875000 0.192500
3.863000 1.875000 0.000000
-0.037500 2.025000 0.000000
0.037500 2.025000 0.193700
0.112500 2.025000 0.193700
0.187500 2.025000 0.193700
0.262500 2.025000 0.193700
0.337500 2.025000 0.193700
0.412500 2.025000 0.193700
0.487500 2.025000 0.193700
0.562500 2.025000 0.193700
0.637500 2.025000 0.193600
0.712500 2.025000 0.193600
0.787500 2.025000 0.193600
0.862500 2.025000 0.193500
0.937500 2.025000 0.193500
1.012000 2.025000 0.193400
1.087000 2.025000 0.193300
1.163000 2.025000 0.193200
1.238000 2.025000 0.193100
1.313000 2.025000 0.193000
1.388000 2.025000 0.192800
1.463000 2.025000 0.192700
1.538000 2.025000 0.192500
1.613000 2.025000 0.192300
1.688000 2.025000 0.192100
1.763000 2.025000 0.191800
1.838000 2.025000 0.191600
1.913000 2.025000 0.191300
1.988000 2.025000 0.191000
2.063000 2.025000 0.190700
2.138000 2.025000 0.190400
2.213000 2.025000 0.190100
2.288000 2.025000 0.189700
2.363000 2.025000 0.189400
2.438000 2.025000 0.189100
2.513000 2.025000 0.188700
2.588000 2.025000 0.188400
2.663000 2.025000 0.188000
2.738000 2.025000 0.187700
2.813000 2.025000 0.187400
2.888000 2.025000 0.187100
2.963000 2.025000 0.186800
3.038000 2.025000 0.186500
3.113000 2.025000 0.186200
3.188000 2.025000 0.186000
3.263000 2.025000 0.185800
3.338000 2.025000 0.185600
3.413000 2.025000 0.185400
3.488000 2.025000 0.185300
3.563000 2.025000 0.185200
3.638000 2.025000 0.185100
3.713000 2.025000 0.185100
3.788000 2.025000 0.185200
3.863000 2.025000 0.000000
-0.037500 2.175000 0.000000
0.037500 2.175000 0.182600
0.112500 2.175000 0.182700
0.187500 2.175000 0.182700
0.262500 2.175000 0.182700
0.337500 2.175000 0.182700
0.412500 2.175000 0.182600
0.487500 2.175000 0.182600
0.562500 2.175000 0.182600
0.637500 2.175000 0.182600
0.712500 2.175000 0.182500
0.787500 2.175000 0.182500
0.862500 2.175000 0.182400
0.937500 2.175000 0.182300
1.012000 2.175000 0.182300
1.087000 2.175000 0.182200
1.163000 2.175000 0.182100
1.238000 2.175000 0.182000
1.313000 2.175000 0.181800
1.388000 2.175000 0.181700
1.463000 2.175000 0.181500
1.538000 2.175000 0.181300
1.613000 2.175000 0.181100
1.688000 2.175000 0.180900
1.763000 2.175000 0.180700
1.838000 2.175000 0.180500
1.913000 2.175000 0.180200
1.988000 2.175000 0.180000
2.063000 2.175000 0.179700
2.138000 2.175000 0.179400
2.213000 2.175000 0.179200
2.288000 2.175000 0.178900
2.363000 2.175000 0.178600
2.438000 2.175000 0.178300
2.513000 2.175000 0.178000
2.588000 2.175000 0.177700
2.663000 2.175000 0.177400
2.738000 2.175000 0.177100
2.813000 2.175000 0.176800
2.888000 2.175000 0.176600
2.963000 2.175000 0.176300
3.038000 2.175000 0.176100
3.113000 2.175000 0.175800
3.188000 2.175000 0.175600
3.263000 2.175000 0.175500
3.338000 2.175000 0.175300
3.413000 2.175000 0.175200
3.488000 2.175000 0.175000
3.563000 2.175000 0.174900
3.638000 2.175000 0.174900
3.713000 2.175000 0.174900
3.788000 2.175000 0.174900
3.863000 2.175000 0.000000
-0.037500 2.325000 0.000000
0.037500 2.325000 0.174000
0.112500 2.325000 0.174000
0.187500 2.325000 0.174000
0.262500 2.325000 0.174000
0.337500 2.325000 0.174000
0.412500 2.325000 0.173900
0.487500 2.325000 0.173900
0.562500 2.325000 0.173900
0.637500 2.325000 0.173800
0.712500 2.325000 0.173800
0.787500 2.325000 0.173700
0.862500 2.325000 0.173600
0.937500 2.325000 0.173600
1.012000 2.325000 0.173500
1.087000 2.325000 0.173400
1.163000 2.325000 0.173300
1.238000 2.325000 0.173100
1.313000 2.325000 0.173000
1.388000 2.325000 0.172900
1.463000 2.325000 0.172700
1.538000 2.325000 0.172500
1.613000 2.325000 0.172400
1.688000 2.325000 0.172200
1.763000 2.325000 0.172000
1.838000 2.325000 0.171700
1.913000 2.325000 0.171500
1.988000 2.325000 0.171300
2.063000 2.325000 0.171000
2.138000 2.325000 0.170800
2.213000 2.325000 0.170500
2.288000 2.325000 0.170300
2.363000 2.325000 0.170000
2.438000 2.325000 0.169800
2.513000 2.325000 0.169500
2.588000 2.325000 0.169200
2.663000 2.325000 0.169000
2.738000 2.325000 0.168700
2.813000 2.325000 0.168500
2.888000 2.325000 0.168300
2.963000 2.325000 0.168100
3.038000 2.325000 0.167800
3.113000 2.325000 0.167700
3.188000 2.325000 0.167500
3.263000 2.325000 0.167300
3.338000 2.325000 0.167200
3.413000 2.325000 0.167100
3.488000 2.325000 0.167000
3.563000 2.325000 0.166900
3.638000 2.325000 0.166800
3.713000 2.325000 0.166800
3.788000 2.325000 0.166800
3.863000 2.325000 0.000000
-0.037500 2.475000 0.000000
0.037500 2.475000 0.169200
0.112500 2.475000 0.169200
0.187500 2.475000 0.169200
0.262500 2.475000 0.169200
0.337500 2.475000 0.169200
0.412500 2.475000 0.169200
0.487500 2.475000 0.169100
0.562500 2.475000 0.169100
0.637500 2.475000 0.169000
0.712500 2.475000 0.169000
0.787500 2.475000 0.168900
0.862500 2.475000 0.168800
0.937500 2.475000 0.168800
1.012000 2.475000 0.168700
1.087000 2.475000 0.168600
1.163000 2.475000 0.168500
1.238000 2.475000 0.168300
1.313000 2.475000 0.168200
1.388000 2.475000 0.168100
1.463000 2.475000 0.167900
1.538000 2.475000 0.167700
1.613000 2.475000 0.167600
1.688000 2.475000 0.167400
1.763000 2.475000 0.167200
1.838000 2.475000 0.167000
1.913000 2.475000 0.166800
1.988000 2.475000 0.166500
2.063000 2.475000 0.166300
2.138000 2.475000 0.166100
2.213000 2.475000 0.165800
2.288000 2.475000 0.165600
2.363000 2.475000 0.165300
2.438000 2.475000 0.165100
2.513000 2.475000 0.164800
2.588000 2.475000 0.164600
2.663000 2.475000 0.164400
2.738000 2.475000 0.164100
2.813000 2.475000 0.163900
2.888000 2.475000 0.163700
2.963000 2.475000 0.163500
3.038000 2.475000 0.163300
3.113000 2.475000 0.163100
3.188000 2.475000 0.163000
3.263000 2.475000 0.162800
3.338000 2.475000 0.162700
3.413000 2.475000 0.162600
3.488000 2.475000 0.162500
3.563000 2.475000 0.162400
3.638000 2.475000 0.162300
3.713000 2.475000 0.162300
3.788000 2.475000 0.162300
3.863000 2.475000 0.000000
-0.037500 2.625000 0.000000
0.037500 2.625000 0.164200
0.112500 2.625000 0.164200
0.187500 2.625000 0.164100
0.262500 2.625000 0.164100
0.337500 2.625000 0.164100
0.412500 2.625000 0.164100
0.487500 2.625000 0.164000
0.562500 2.625000 0.164000
0.637500 2.625000 0.164000
0.712500 2.625000 0.163900
0.787500 2.625000 0.163800
0.862500 2.625000 0.163800
0.937500 2.625000 0.163700
1.012000 2.625000 0.163600
1.087000 2.625000 0.163500
1.163000 2.625000 0.163400
1.238000 2.625000 0.163300
1.313000 2.625000 0.163100
1.388000 2.625000 0.163000
1.463000 2.625000 0.162800
1.538000 2.625000 0.162700
1.613000 2.625000 0.162500
1.688000 2.625000 0.162300
1.763000 2.625000 0.162100
1.838000 2.625000 0.161900
1.913000 2.625000 0.161700
1.988000 2.625000 0.161500
2.063000 2.625000 0.161300
2.138000 2.625000 0.161100
2.213000 2.625000 0.160800
2.288000 2.625000 0.160600
2.363000 2.625000 0.160400
2.438000 2.625000 0.160100
2.513000 2.625000 0.159900
2.588000 2.625000 0.159700
2.663000 2.625000 0.159400
2.738000 2.625000 0.159200
2.813000 2.625000 0.159000
2.888000 2.625000 0.158800
2.963000 2.625000 0.158600
3.038000 2.625000 0.158400
3.113000 2.625000 0.158200
3.188000 2.625000 0.158100
3.263000 2.625000 0.158000
3.338000 2.625000 0.157800
3.413000 2.625000 0.157700
3.488000 2.625000 0.157600
3.563000 2.625000 0.157500
3.638000 2.625000 0.157500
3.713000 2.625000 0.157400
3.788000 2.625000 0.157400
3.863000 2.625000 0.000000
-0.037500 2.775000 0.000000
0.037500 2.775000 0.158800
0.112500 2.775000 0.158800
0.187500 2.775000 0.158800
0.262500 2.775000 0.158800
0.337500 2.775000 0.158800
0.412500 2.775000 0.158700
0.487500 2.775000 0.158700
0.562500 2.775000 0.158700
0.637500 2.775000 0.158600
0.712500 2.775000 0.158600
0.787500 2.775000 0.158500
0.862500 2.775000 0.158400
0.937500 2.775000 0.158300
1.012000 2.775000 0.158300
1.087000 2.775000 0.158200
1.163000 2.775000 0.158100
1.238000 2.775000 0.157900
1.313000 2.775000 0.157800
1.388000 2.775000 0.157700
1.463000 2.775000 0.157500
1.538000 2.775000 0.157400
1.613000 2.775000 0.157200
1.688000 2.775000 0.157000
1.763000 2.775000 0.156800
1.838000 2.775000 0.156600
1.913000 2.775000 0.156400
1.988000 2.775000 0.156200
2.063000 2.775000 0.156000
2.138000 2.775000 0.155800
2.213000 2.775000 0.155600
2.288000 2.775000 0.155400
2.363000 2.775000 0.155100
2.438000 2.775000 0.154900
2.513000 2.775000 0.154700
2.588000 2.775000 0.154500
2.663000 2.775000 0.154200
2.738000 2.775000 0.154000
2.813000 2.775000 0.153800
2.888000 2.775000 0.153600
2.963000 2.775000 0.153400
3.038000 2.775000 0.153300
3.113000 2.775000 0.153100
3.188000 2.775000 0.153000
3.263000 2.775000 0.152800
3.338000 2.775000 0.152700
3.413000 2.775000 0.152600
3.488000 2.775000 0.152500
3.563000 2.775000 0.152400
3.638000 2.775000 0.152400
3.713000 2.775000 0.152300
3.788000 2.775000 0.152300
3.863000 2.775000 0.000000
-0.037500 2.925000 0.000000
0.037500 2.925000 0.147800
0.112500 2.925000 0.147800
0.187500 2.925000 0.147800
0.262500 2.925000 0.147800
0.337500 2.925000 0.147800
0.412500 2.925000 0.147800
0.487500 2.925000 0.147700
0.562500 2.925000 0.147700
0.637500 2.925000 0.147600
0.712500 2.925000 0.147600
0.787500 2.925000 0.147500
0.862500 2.925000 0.147500
0.937500 2.925000 0.147400
1.012000 2.925000 0.147300
1.087000 2.925000 0.147200
1.163000 2.925000 0.147100
1.238000 2.925000 0.147000
1.313000 2.925000 0.146900
1.388000 2.925000 0.146800
1.463000 2.925000 0.146600
1.538000 2.925000 0.146500
1.613000 2.925000 0.146300
1.688000 2.925000 0.146200
1.763000 2.925000 0.146000
1.838000 2.925000 0.145800
1.913000 2.925000 0.145600
1.988000 2.925000 0.145400
2.063000 2.925000 0.145200
2.138000 2.925000 0.145000
2.213000 2.925000 0.144800
2.288000 2.925000 0.144600
2.363000 2.925000 0.144400
2.438000 2.925000 0.144100
2.513000 2.925000 0.143900
2.588000 2.925000 0.143700
2.663000 2.925000 0.143500
2.738000 2.925000 0.143300
2.813000 2.925000 0.143100
2.888000 2.925000 0.142900
2.963000 2.925000 0.142800
3.038000 2.925000 0.142600
3.113000 2.925000 0.142400
3.188000 2.925000 0.142300
3.263000 2.925000 0.142200
3.338000 2.925000 0.142000
3.413000 2.925000 0.141900
3.488000 2.925000 0.141900
3.563000 2.925000 0.141800
3.638000 2.925000 0.141700
3.713000 2.925000 0.141700
3.788000 2.925000 0.141700
3.863000 2.925000 0.000000
-0.037500 3.075000 0.000000
0.037500 3.075000 0.131200
0.112500 3.075000 0.131300
0.187500 3.075000 0.131200
0.262500 3.075000 0.131200
0.337500 3.075000 0.131200
0.412500 3.075000 0.131200
0.487500 3.075000 0.131200
0.562500 3.075000 0.131100
0.637500 3.075000 0.131100
0.712500 3.075000 0.131100
0.787500 3.075000 0.131000
0.862500 3.075000 0.130900
0.937500 3.075000 0.130900
1.012000 3.075000 0.130800
1.087000 3.075000 0.130700
1.163000 3.075000 0.130600
1.238000 3.075000 0.130500
1.313000 3.075000 0.130400
1.388000 3.075000 0.130300
1.463000 3.075000 0.130200
1.538000 3.075000 0.130100
1.613000 3.075000 0.129900
1.688000 3.075000 0.129800
1.763000 3.075000 0.129600
1.838000 3.075000 0.129400
1.913000 3.075000 0.129300
1.988000 3.075000 0.129100
2.063000 3.075000 0.128900
2.138000 3.075000 0.128700
2.213000 3.075000 0.128500
2.288000 3.075000 0.128300
2.363000 3.075000 0.128100
2.438000 3.075000 0.127900
2.513000 3.075000 0.127800
2.588000 3.075000 0.127600
2.663000 3.075000 0.127400
2.738000 3.075000 0.127200
2.813000 3.075000 0.127000
2.888000 3.075000 0.126900
2.963000 3.075000 0.126700
3.038000 3.075000 0.126500
3.113000 3.075000 0.126400
3.188000 3.075000 0.126300
3.263000 3.075000 0.126100
3.338000 3.075000 0.126000
3.413000 3.075000 0.126000
3.488000 3.075000 0.125900
3.563000 3.075000 0.125800
3.638000 3.075000 0.125800
3.713000 3.075000 0.125700
3.788000 3.075000 0.125700
3.863000 3.075000 0.000000
-0.037500 3.225000 0.000000
0.037500 3.225000 0.115100
0.112500 3.225000 0.115200
0.187500 3.225000 0.115200
0.262500 3.225000 0.115100
0.337500 3.225000 0.115100
0.412500 3.225000 0.115100
0.487500 3.225000 0.115100
0.562500 3.225000 0.115100
0.637500 3.225000 0.115000
0.712500 3.225000 0.115000
0.787500 3.225000 0.114900
0.862500 3.225000 0.114900
0.937500 3.225000 0.114800
1.012000 3.225000 0.114800
1.087000 3.225000 0.114700
1.163000 3.225000 0.114600
1.238000 3.225000 0.114500
1.313000 3.225000 0.114400
1.388000 3.225000 0.114300
1.463000 3.225000 0.114200
1.538000 3.225000 0.114100
1.613000 3.225000 0.114000
1.688000 3.225000 0.113800
1.763000 3.225000 0.113700
1.838000 3.225000 0.113500
1.913000 3.225000 0.113400
1.988000 3.225000 0.113200
2.063000 3.225000 0.113100
2.138000 3.225000 0.112900
2.213000 3.225000 0.112700
2.288000 3.225000 0.112600
2.363000 3.225000 0.112400
2.438000 3.225000 0.112200
2.513000 3.225000 0.112000
2.588000 3.225000 0.111900
2.663000 3.225000 0.111700
2.738000 3.225000 0.111500
2.813000 3.225000 0.111400
2.888000 3.225000 0.111200
2.963000 3.225000 0.111100
3.038000 3.225000 0.111000
3.113000 3.225000 0.110800
3.188000 3.225000 0.110700
3.263000 3.225000 0.110600
3.338000 3.225000 0.110500
3.413000 3.225000 0.110400
3.488000 3.225000 0.110400
3.563000 3.225000 0.110300
3.638000 3.225000 0.110300
3.713000 3.225000 0.110200
3.788000 3.225000 0.110200
3.863000 3.225000 0.000000
-0.037500 3.375000 0.000000
0.037500 3.375000 0.099910
0.112500 3.375000 0.099910
0.187500 3.375000 0.099910
0.262500 3.375000 0.099900
0.337500 3.375000 0.099890
0.412500 3.375000 0.099870
0.487500 3.375000 0.099850
0.562500 3.375000 0.099830
0.637500 3.375000 0.099800
0.712500 3.375000 0.099760
0.787500 3.375000 0.099720
0.862500 3.375000 0.099670
0.937500 3.375000 0.099620
1.012000 3.375000 0.099570
1.087000 3.375000 0.099500
1.163000 3.375000 0.099430
1.238000 3.375000 0.099360
1.313000 3.375000 0.099270
1.388000 3.375000 0.099180
1.463000 3.375000 0.099090
1.538000 3.375000 0.098980
1.613000 3.375000 0.098870
1.688000 3.375000 0.098750
1.763000 3.375000 0.098630
1.838000 3.375000 0.098500
1.913000 3.375000 0.098370
1.988000 3.375000 0.098230
2.063000 3.375000 0.098090
2.138000 3.375000 0.097940
2.213000 3.375000 0.097790
2.288000 3.375000 0.097640
2.363000 3.375000 0.097490
2.438000 3.375000 0.097340
2.513000 3.375000 0.097190
2.588000 3.375000 0.097040
2.663000 3.375000 0.096890
2.738000 3.375000 0.096750
2.813000 3.375000 0.096610
2.888000 3.375000 0.096480
2.963000 3.375000 0.096350
3.038000 3.375000 0.096230
3.113000 3.375000 0.096120
3.188000 3.375000 0.096020
3.263000 3.375000 0.095930
3.338000 3.375000 0.095840
3.413000 3.375000 0.095770
3.488000 3.375000 0.095700
3.563000 3.375000 0.095650
3.638000 3.375000 0.095600
3.713000 3.375000 0.095560
3.788000 3.375000 0.095530
3.863000 3.375000 0.000000
-0.037500 3.525000 0.000000
0.037500 3.525000 0.085800
0.112500 3.525000 0.085800
0.187500 3.525000 0.085800
0.262500 3.525000 0.085800
0.337500 3.525000 0.085780
0.412500 3.525000 0.085770
0.487500 3.525000 0.085750
0.562500 3.525000 0.085730
0.637500 3.525000 0.085700
0.712500 3.525000 0.085670
0.787500 3.525000 0.085640
0.862500 3.525000 0.085600
0.937500 3.525000 0.085550
1.012000 3.525000 0.085500
1.087000 3.525000 0.085450
1.163000 3.525000 0.085390
1.238000 3.525000 0.085320
1.313000 3.525000 0.085250
1.388000 3.525000 0.085170
1.463000 3.525000 0.085090
1.538000 3.525000 0.085000
1.613000 3.525000 0.084900
1.688000 3.525000 0.084800
1.763000 3.525000 0.084690
1.838000 3.525000 0.084580
1.913000 3.525000 0.084460
1.988000 3.525000 0.084340
2.063000 3.525000 0.084220
2.138000 3.525000 0.084090
2.213000 3.525000 0.083960
2.288000 3.525000 0.083830
2.363000 3.525000 0.083700
2.438000 3.525000 0.083570
2.513000 3.525000 0.083440
2.588000 3.525000 0.083310
2.663000 3.525000 0.083180
2.738000 3.525000 0.083060
2.813000 3.525000 0.082940
2.888000 3.525000 0.082820
2.963000 3.525000 0.082710
3.038000 3.525000 0.082610
3.113000 3.525000 0.082510
3.188000 3.525000 0.082430
3.263000 3.525000 0.082340
3.338000 3.525000 0.082270
3.413000 3.525000 0.082210
3.488000 3.525000 0.082150
3.563000 3.525000 0.082100
3.638000 3.525000 0.082060
3.713000 3.525000 0.082020
3.788000 3.525000 0.081980
3.863000 3.525000 0.000000
-0.037500 3.675000 0.000000
0.037500 3.675000 0.073010
0.112500 3.675000 0.073010
0.187500 3.675000 0.073010
0.262500 3.675000 0.073010
0.337500 3.675000 0.073000
0.412500 3.675000 0.072980
0.487500 3.675000 0.072970
0.562500 3.675000 0.072950
0.637500 3.675000 0.072920
0.712500 3.675000 0.072900
0.787500 3.675000 0.072870
0.862500 3.675000 0.072830
0.937500 3.675000 0.072800
1.012000 3.675000 0.072750
1.087000 3.675000 0.072710
1.163000 3.675000 0.072650
1.238000 3.675000 0.072600
1.313000 3.675000 0.072530
1.388000 3.675000 0.072470
1.463000 3.675000 0.072390
1.538000 3.675000 0.072320
1.613000 3.675000 0.072230
1.688000 3.675000 0.072150
1.763000 3.675000 0.072060
1.838000 3.675000 0.071960
1.913000 3.675000 0.071860
1.988000 3.675000 0.071760
2.063000 3.675000 0.071650
2.138000 3.675000 0.071540
2.213000 3.675000 0.071430
2.288000 3.675000 0.071320
2.363000 3.675000 0.071210
2.438000 3.675000 0.071090
2.513000 3.675000 0.070980
2.588000 3.675000 0.070870
2.663000 3.675000 0.070760
2.738000 3.675000 0.070660
2.813000 3.675000 0.070550
2.888000 3.675000 0.070460
2.963000 3.675000 0.070360
3.038000 3.675000 0.070270
3.113000 3.675000 0.070190
3.188000 3.675000 0.070110
3.263000 3.675000 0.070040
3.338000 3.675000 0.069980
3.413000 3.675000 0.069920
3.488000 3.675000 0.069870
3.563000 3.675000 0.069830
3.638000 3.675000 0.069790
3.713000 3.675000 0.069750
3.788000 3.675000 0.069710
3.863000 3.675000 0.000000
-0.037500 3.825000 0.000000
0.037500 3.825000 0.061640
0.112500 3.825000 0.061640
0.187500 3.825000 0.061640
0.262500 3.825000 0.061640
0.337500 3.825000 0.061630
0.412500 3.825000 0.061620
0.487500 3.825000 0.061600
0.562500 3.825000 0.061580
0.637500 3.825000 0.061560
0.712500 3.825000 0.061540
0.787500 3.825000 0.061520
0.862500 3.825000 0.061490
0.937500 3.825000 0.061450
1.012000 3.825000 0.061420
1.087000 3.825000 0.061380
1.163000 3.825000 0.061330
1.238000 3.825000 0.061280
1.313000 3.825000 0.061230
1.388000 3.825000 0.061170
1.463000 3.825000 0.061110
1.538000 3.825000 0.061040
1.613000 3.825000 0.060970
1.688000 3.825000 0.060900
1.763000 3.825000 0.060820
1.838000 3.825000 0.060740
1.913000 3.825000 0.060660
1.988000 3.825000 0.060570
2.063000 3.825000 0.060480
2.138000 3.825000 0.060390
2.213000 3.825000 0.060290
2.288000 3.825000 0.060200
2.363000 3.825000 0.060100
2.438000 3.825000 0.060010
2.513000 3.825000 0.059910
2.588000 3.825000 0.059820
2.663000 3.825000 0.059730
2.738000 3.825000 0.059640
2.813000 3.825000 0.059550
2.888000 3.825000 0.059460
2.963000 3.825000 0.059380
3.038000 3.825000 0.059310
3.113000 3.825000 0.059240
3.188000 3.825000 0.059170
3.263000 3.825000 0.059110
3.338000 3.825000 0.059060
3.413000 3.825000 0.059010
3.488000 3.825000 0.058970
3.563000 3.825000 0.058930
3.638000 3.825000 0.058890
3.713000 3.825000 0.058860
3.788000 3.825000 0.058810
3.863000 3.825000 0.000000
-0.037500 3.975000 0.000000
0.037500 3.975000 0.051720
0.112500 3.975000 0.051730
0.187500 3.975000 0.051720
0.262500 3.975000 0.051720
0.337500 3.975000 0.051710
0.412500 3.975000 0.051700
0.487500 3.975000 0.051690
0.562500 3.975000 0.051670
0.637500 3.975000 0.051660
0.712500 3.975000 0.051640
0.787500 3.975000 0.051620
0.862500 3.975000 0.051590
0.937500 3.975000 0.051560
1.012000 3.975000 0.051530
1.087000 3.975000 0.051500
1.163000 3.975000 0.051460
1.238000 3.975000 0.051420
1.313000 3.975000 0.051370
1.388000 3.975000 0.051320
1.463000 3.975000 0.051270
1.538000 3.975000 0.051220
1.613000 3.975000 0.051160
1.688000 3.975000 0.051090
1.763000 3.975000 0.051030
1.838000 3.975000 0.050960
1.913000 3.975000 0.050890
1.988000 3.975000 0.050810
2.063000 3.975000 0.050740
2.138000 3.975000 0.050660
2.213000 3.975000 0.050580
2.288000 3.975000 0.050500
2.363000 3.975000 0.050420
2.438000 3.975000 0.050340
2.513000 3.975000 0.050260
2.588000 3.975000 0.050180
2.663000 3.975000 0.050100
2.738000 3.975000 0.050030
2.813000 3.975000 0.049950
2.888000 3.975000 0.049880
2.963000 3.975000 0.049820
3.038000 3.975000 0.049750
3.113000 3.975000 0.049690
3.188000 3.975000 0.049640
3.263000 3.975000 0.049590
3.338000 3.975000 0.049540
3.413000 3.975000 0.049500
3.488000 3.975000 0.049460
3.563000 3.975000 0.049430
3.638000 3.975000 0.049400
3.713000 3.975000 0.049360
3.788000 3.975000 0.049320
3.863000 3.975000 0.000000
-0.037500 4.125000 0.000000
0.037500 4.125000 0.043250
0.112500 4.125000 0.043250
0.187500 4.125000 0.043250
0.262500 4.125000 0.043240
0.337500 4.125000 0.043240
0.412500 4.125000 0.043230
0.487500 4.125000 0.043220
0.562500 4.125000 0.043200
0.637500 4.125000 0.043190
0.712500 4.125000 0.043170
0.787500 4.125000 0.043150
0.862500 4.125000 0.043130
0.937500 4.125000 0.043110
1.012000 4.125000 0.043080
1.087000 4.125000 0.043050
1.163000 4.125000 0.043020
1.238000 4.125000 0.042990
1.313000 4.125000 0.042950
1.388000 4.125000 0.042910
1.463000 4.125000 0.042860
1.538000 4.125000 0.042820
1.613000 4.125000 0.042770
1.688000 4.125000 0.042710
1.763000 4.125000 0.042660
1.838000 4.125000 0.042600
1.913000 4.125000 0.042540
1.988000 4.125000 0.042480
2.063000 4.125000 0.042410
2.138000 4.125000 0.042350
2.213000 4.125000 0.042280
2.288000 4.125000 0.042220
2.363000 4.125000 0.042150
2.438000 4.125000 0.042080
2.513000 4.125000 0.042010
2.588000 4.125000 0.041950
2.663000 4.125000 0.041880
2.738000 4.125000 0.041820
2.813000 4.125000 0.041760
2.888000 4.125000 0.041700
2.963000 4.125000 0.041640
3.038000 4.125000 0.041590
3.113000 4.125000 0.041540
3.188000 4.125000 0.041490
3.263000 4.125000 0.041450
3.338000 4.125000 0.041410
3.413000 4.125000 0.041370
3.488000 4.125000 0.041340
3.563000 4.125000 0.041310
3.638000 4.125000 0.041290
3.713000 4.125000 0.041260
3.788000 4.125000 0.041210
3.863000 4.125000 0.000000
-0.037500 4.275000 0.000000
0.037500 4.275000 0.036170
0.112500 4.275000 0.036170
0.187500 4.275000 0.036170
0.262500 4.275000 0.036160
0.337500 4.275000 0.036160
0.412500 4.275000 0.036150
0.487500 4.275000 0.036140
0.562500 4.275000 0.036130
0.637500 4.275000 0.036120
0.712500 4.275000 0.036100
0.787500 4.275000 0.036090
0.862500 4.275000 0.036070
0.937500 4.275000 0.036050
1.012000 4.275000 0.036020
1.087000 4.275000 0.036000
1.163000 4.275000 0.035970
1.238000 4.275000 0.035940
1.313000 4.275000 0.035910
1.388000 4.275000 0.035880
1.463000 4.275000 0.035840
1.538000 4.275000 0.035800
1.613000 4.275000 0.035760
1.688000 4.275000 0.035710
1.763000 4.275000 0.035670
1.838000 4.275000 0.035620
1.913000 4.275000 0.035570
1.988000 4.275000 0.035520
2.063000 4.275000 0.035460
2.138000 4.275000 0.035410
2.213000 4.275000 0.035350
2.288000 4.275000 0.035300
2.363000 4.275000 0.035240
2.438000 4.275000 0.035180
2.513000 4.275000 0.035130
2.588000 4.275000 0.035070
2.663000 4.275000 0.035020
2.738000 4.275000 0.034970
2.813000 4.275000 0.034910
2.888000 4.275000 0.034860
2.963000 4.275000 0.034820
3.038000 4.275000 0.034770
3.113000 4.275000 0.034730
3.188000 4.275000 0.034690
3.263000 4.275000 0.034650
3.338000 4.275000 0.034620
3.413000 4.275000 0.034590
3.488000 4.275000 0.034560
3.563000 4.275000 0.034540
3.638000 4.275000 0.034510
3.713000 4.275000 0.034490
3.788000 4.275000 0.034450
3.863000 4.275000 0.000000
-0.037500 4.425000 0.000000
0.037500 4.425000 0.030410
0.112500 4.425000 0.030420
0.187500 4.425000 0.030410
0.262500 4.425000 0.030410
0.337500 4.425000 0.030410
0.412500 4.425000 0.030400
0.487500 4.425000 0.030390
0.562500 4.425000 0.030380
0.637500 4.425000 0.030370
0.712500 4.425000 0.030360
0.787500 4.425000 0.030340
0.862500 4.425000 0.030330
0.937500 4.425000 0.030310
1.012000 4.425000 0.030290
1.087000 4.425000 0.030270
1.163000 4.425000 0.030250
1.238000 4.425000 0.030220
1.313000 4.425000 0.030190
1.388000 4.425000 0.030170
1.463000 4.425000 0.030130
1.538000 4.425000 0.030100
1.613000 4.425000 0.030060
1.688000 4.425000 0.030030
1.763000 4.425000 0.029990
1.838000 4.425000 0.029950
1.913000 4.425000 0.029910
1.988000 4.425000 0.029860
2.063000 4.425000 0.029820
2.138000 4.425000 0.029770
2.213000 4.425000 0.029720
2.288000 4.425000 0.029680
2.363000 4.425000 0.029630
2.438000 4.425000 0.029580
2.513000 4.425000 0.029540
2.588000 4.425000 0.029490
2.663000 4.425000 0.029440
2.738000 4.425000 0.029400
2.813000 4.425000 0.029360
2.888000 4.425000 0.029310
2.963000 4.425000 0.029270
3.038000 4.425000 0.029240
3.113000 4.425000 0.029200
3.188000 4.425000 0.029170
3.263000 4.425000 0.029140
3.338000 4.425000 0.029110
3.413000 4.425000 0.029080
3.488000 4.425000 0.029060
3.563000 4.425000 0.029040
3.638000 4.425000 0.029020
3.713000 4.425000 0.028990
3.788000 4.425000 0.028950
3.863000 4.425000 0.000000
-0.037500 4.575000 0.000000
0.037500 4.575000 0.025920
0.112500 4.575000 0.025920
0.187500 4.575000 0.025920
0.262500 4.575000 0.025920
0.337500 4.575000 0.025910
0.412500 4.575000 0.025910
0.487500 4.575000 0.025900
0.562500 4.575000 0.025890
0.637500 4.575000 0.025880
0.712500 4.575000 0.025870
0.787500 4.575000 0.025860
0.862500 4.575000 0.025840
0.937500 4.575000 0.025830
1.012000 4.575000 0.025810
1.087000 4.575000 0.025790
1.163000 4.575000 0.025770
1.238000 4.575000 0.025750
1.313000 4.575000 0.025730
1.388000 4.575000 0.025700
1.463000 4.575000 0.025680
1.538000 4.575000 0.025650
1.613000 4.575000 0.025620
1.688000 4.575000 0.025590
1.763000 4.575000 0.025550
1.838000 4.575000 0.025520
1.913000 4.575000 0.025480
1.988000 4.575000 0.025440
2.063000 4.575000 0.025410
2.138000 4.575000 0.025370
2.213000 4.575000 0.025330
2.288000 4.575000 0.025290
2.363000 4.575000 0.025250
2.438000 4.575000 0.025210
2.513000 4.575000 0.025170
2.588000 4.575000 0.025130
2.663000 4.575000 0.025090
2.738000 4.575000 0.025050
2.813000 4.575000 0.025010
2.888000 4.575000 0.024980
2.963000 4.575000 0.024940
3.038000 4.575000 0.024910
3.113000 4.575000 0.024880
3.188000 4.575000 0.024850
3.263000 4.575000 0.024830
3.338000 4.575000 0.024800
3.413000 4.575000 0.024780
3.488000 4.575000 0.024760
3.563000 4.575000 0.024740
3.638000 4.575000 0.024720
3.713000 4.575000 0.024700
3.788000 4.575000 0.024660
3.863000 4.575000 0.000000
-0.037500 4.725000 0.000000
0.037500 4.725000 0.022610
0.112500 4.725000 0.022610
0.187500 4.725000 0.022610
0.262500 4.725000 0.022610
0.337500 4.725000 0.022600
0.412500 4.725000 0.022600
0.487500 4.725000 0.022590
0.562500 4.725000 0.022580
0.637500 4.725000 0.022570
0.712500 4.725000 0.022570
0.787500 4.725000 0.022550
0.862500 4.725000 0.022540
0.937500 4.725000 0.022530
1.012000 4.725000 0.022510
1.087000 4.725000 0.022500
1.163000 4.725000 0.022480
1.238000 4.725000 0.022460
1.313000 4.725000 0.022440
1.388000 4.725000 0.022420
1.463000 4.725000 0.022390
1.538000 4.725000 0.022370
1.613000 4.725000 0.022340
1.688000 4.725000 0.022310
1.763000 4.725000 0.022290
1.838000 4.725000 0.022260
1.913000 4.725000 0.022220
1.988000 4.725000 0.022190
2.063000 4.725000 0.022160
2.138000 4.725000 0.022120
2.213000 4.725000 0.022090
2.288000 4.725000 0.022050
2.363000 4.725000 0.022020
2.438000 4.725000 0.021980
2.513000 4.725000 0.021950
2.588000 4.725000 0.021920
2.663000 4.725000 0.021880
2.738000 4.725000 0.021850
2.813000 4.725000 0.021820
2.888000 4.725000 0.021790
2.963000 4.725000 0.021760
3.038000 4.725000 0.021730
3.113000 4.725000 0.021700
3.188000 4.725000 0.021680
3.263000 4.725000 0.021650
3.338000 4.725000 0.021630
3.413000 4.725000 0.021610
3.488000 4.725000 0.021590
3.563000 4.725000 0.021580
3.638000 4.725000 0.021560
3.713000 4.725000 0.021540
3.788000 4.725000 0.021510
3.863000 4.725000 0.000000
-0.037500 4.875000 0.000000
0.037500 4.875000 0.020410
0.112500 4.875000 0.020420
0.187500 4.875000 0.020420
0.262500 4.875000 0.020420
0.337500 4.875000 0.020420
0.412500 4.875000 0.020410
0.487500 4.875000 0.020410
0.562500 4.875000 0.020400
0.637500 4.875000 0.020400
0.712500 4.875000 0.020390
0.787500 4.875000 0.020380
0.862500 4.875000 0.020370
0.937500 4.875000 0.020350
1.012000 4.875000 0.020340
1.087000 4.875000 0.020330
1.163000 4.875000 0.020310
1.238000 4.875000 0.020290
1.313000 4.875000 0.020270
1.388000 4.875000 0.020250
1.463000 4.875000 0.020230
1.538000 4.875000 0.020210
1.613000 4.875000 0.020190
1.688000 4.875000 0.020160
1.763000 4.875000 0.020130
1.838000 4.875000 0.020110
1.913000 4.875000 0.020080
1.988000 4.875000 0.020050
2.063000 4.875000 0.020020
2.138000 4.875000 0.019990
2.213000 4.875000 0.019960
2.288000 4.875000 0.019930
2.363000 4.875000 0.019890
2.438000 4.875000 0.019860
2.513000 4.875000 0.019830
2.588000 4.875000 0.019800
2.663000 4.875000 0.019770
2.738000 4.875000 0.019740
2.813000 4.875000 0.019710
2.888000 4.875000 0.019680
2.963000 4.875000 0.019660
3.038000 4.875000 0.019630
3.113000 4.875000 0.019610
3.188000 4.875000 0.019580
3.263000 4.875000 0.019560
3.338000 4.875000 0.019540
3.413000 4.875000 0.019530
3.488000 4.875000 0.019510
3.563000 4.875000 0.019490
3.638000 4.875000 0.019480
3.713000 4.875000 0.019460
3.788000 4.875000 0.019430
3.863000 4.875000 0.000000
-0.037500 5.025000 0.000000
0.037500 5.025000 0.019280
0.112500 5.025000 0.019270
0.187500 5.025000 0.019270
0.262500 5.025000 0.019260
0.337500 5.025000 0.019250
0.412500 5.025000 0.019250
0.487500 5.025000 0.019240
0.562500 5.025000 0.019230
0.637500 5.025000 0.019220
0.712500 5.025000 0.019210
0.787500 5.025000 0.019200
0.862500 5.025000 0.019190
0.937500 5.025000 0.019180
1.012000 5.025000 0.019170
1.087000 5.025000 0.019150
1.163000 5.025000 0.019140
1.238000 5.025000 0.019120
1.313000 5.025000 0.019100
1.388000 5.025000 0.019080
1.463000 5.025000 0.019060
1.538000 5.025000 0.019040
1.613000 5.025000 0.019020
1.688000 5.025000 0.018990
1.763000 5.025000 0.018970
1.838000 5.025000 0.018940
1.913000 5.025000 0.018920
1.988000 5.025000 0.018890
2.063000 5.025000 0.018860
2.138000 5.025000 0.018830
2.213000 5.025000 0.018800
2.288000 5.025000 0.018770
2.363000 5.025000 0.018740
2.438000 5.025000 0.018710
2.513000 5.025000 0.018680
2.588000 5.025000 0.018650
2.663000 5.025000 0.018620
2.738000 5.025000 0.018600
2.813000 5.025000 0.018570
2.888000 5.025000 0.018540
2.963000 5.025000 0.018520
3.038000 5.025000 0.018490
3.113000 5.025000 0.018470
3.188000 5.025000 0.018450
3.263000 5.025000 0.018430
3.338000 5.025000 0.018410
3.413000 5.025000 0.018390
3.488000 5.025000 0.018380
3.563000 5.025000 0.018360
3.638000 5.025000 0.018350
3.713000 5.025000 0.018330
3.788000 5.025000 0.018300
3.863000 5.025000 0.000000
-0.037500 5.175000 0.000000
0.037500 5.175000 0.000000
0.112500 5.175000 0.000000
0.187500 5.175000 0.000000
0.262500 5.175000 0.000000
0.337500 5.175000 0.000000
0.412500 5.175000 0.000000
0.487500 5.175000 0.000000
0.562500 5.175000 0.000000
0.637500 5.175000 0.000000
0.712500 5.175000 0.000000
0.787500 5.175000 0.000000
0.862500 5.175000 0.000000
0.937500 5.175000 0.000000
1.012000 5.175000 0.000000
1.087000 5.175000 0.000000
1.163000 5.175000 0.000000
1.238000 5.175000 0.000000
1.313000 5.175000 0.000000
1.388000 5.175000 0.000000
1.463000 5.175000 0.000000
1.538000 5.175000 0.000000
1.613000 5.175000 0.000000
1.688000 5.175000 0.000000
1.763000 5.175000 0.000000
1.838000 5.175000 0.000000
1.913000 5.175000 0.000000
1.988000 5.175000 0.000000
2.063000 5.175000 0.000000
2.138000 5.175000 0.000000
2.213000 5.175000 0.000000
2.288000 5.175000 0.000000
2.363000 5.175000 0.000000
2.438000 5.175000 0.000000
2.513000 5.175000 0.000000
2.588000 5.175000 0.000000
2.663000 5.175000 0.000000
2.738000 5.175000 0.000000
2.813000 5.175000 0.000000
2.888000 5.175000 0.000000
2.963000 5.175000 0.000000
3.038000 5.175000 0.000000
3.113000 5.175000 0.000000
3.188000 5.175000 0.000000
3.263000 5.175000 0.000000
3.338000 5.175000 0.000000
3.413000 5.175000 0.000000
3.488000 5.175000 0.000000
3.563000 5.175000 0.000000
3.638000 5.175000 0.000000
3.713000 5.175000 0.000000
3.788000 5.175000 0.000000
3.863000 5.175000 0.000000
