-0.037500 -0.075000 0.000000
0.037500 -0.075000 0.000000
0.112500 -0.075000 0.000000
0.187500 -0.075000 0.000000
0.262500 -0.075000 0.000000
0.337500 -0.075000 0.000000
0.412500 -0.075000 0.000000
0.487500 -0.075000 0.000000
0.562500 -0.075000 0.000000
0.637500 -0.075000 0.000000
0.712500 -0.075000 0.000000
0.787500 -0.075000 0.000000
0.862500 -0.075000 0.000000
0.937500 -0.075000 0.000000
1.012000 -0.075000 0.000000
1.087000 -0.075000 0.000000
1.163000 -0.075000 0.000000
1.238000 -0.075000 0.000000
1.313000 -0.075000 0.000000
1.388000 -0.075000 0.000000
1.463000 -0.075000 0.000000
1.538000 -0.075000 0.000000
1.613000 -0.075000 0.000000
1.688000 -0.075000 0.000000
1.763000 -0.075000 0.000000
1.838000 -0.075000 0.000000
1.913000 -0.075000 0.000000
1.988000 -0.075000 0.000000
2.063000 -0.075000 0.000000
2.138000 -0.075000 0.000000
2.213000 -0.075000 0.000000
2.288000 -0.075000 0.000000
2.363000 -0.075000 0.000000
2.438000 -0.075000 0.000000
2.513000 -0.075000 0.000000
2.588000 -0.075000 0.000000
2.663000 -0.075000 0.000000
2.738000 -0.075000 0.000000
2.813000 -0.075000 0.000000
2.888000 -0.075000 0.000000
2.963000 -0.075000 0.000000
3.038000 -0.075000 0.000000
3.113000 -0.075000 0.000000
3.188000 -0.075000 0.000000
3.263000 -0.075000 0.000000
3.338000 -0.075000 0.000000
3.413000 -0.075000 0.000000
3.488000 -0.075000 0.000000
3.563000 -0.075000 0.000000
3.638000 -0.075000 0.000000
3.713000 -0.075000 0.000000
3.788000 -0.075000 0.000000
3.863000 -0.075000 0.000000
-0.037500 0.075000 0.000000
0.037500 0.075000 0.080010
0.112500 0.075000 0.160000
0.187500 0.075000 0.240000
0.262500 0.075000 0.320000
0.337500 0.075000 0.400000
0.412500 0.075000 0.479900
0.487500 0.075000 0.559700
0.562500 0.075000 0.639300
0.637500 0.075000 0.718600
0.712500 0.075000 0.797600
0.787500 0.075000 0.876000
0.862500 0.075000 0.953600
0.937500 0.075000 1.030000
1.012000 0.075000 1.105000
1.087000 0.075000 1.179000
1.163000 0.075000 1.250000
1.238000 0.075000 1.319000
1.313000 0.075000 1.383000
1.388000 0.075000 1.444000
1.463000 0.075000 1.500000
1.538000 0.075000 1.549000
1.613000 0.075000 1.592000
1.688000 0.075000 1.627000
1.763000 0.075000 1.654000
1.838000 0.075000 1.672000
1.913000 0.075000 1.680000
1.988000 0.075000 1.679000
2.063000 0.075000 1.670000
2.138000 0.075000 1.652000
2.213000 0.075000 1.627000
2.288000 0.075000 1.595000
2.363000 0.075000 1.558000
2.438000 0.075000 1.518000
2.513000 0.075000 1.474000
2.588000 0.075000 1.428000
2.663000 0.075000 1.381000
2.738000 0.075000 1.333000
2.813000 0.075000 1.286000
2.888000 0.075000 1.239000
2.963000 0.075000 1.193000
3.038000 0.075000 1.148000
3.113000 0.075000 1.105000
3.188000 0.075000 1.063000
3.263000 0.075000 1.023000
3.338000 0.075000 0.984800
3.413000 0.075000 0.948000
3.488000 0.075000 0.912800
3.563000 0.075000 0.879200
3.638000 0.075000 0.847100
3.713000 0.075000 0.816500
3.788000 0.075000 0.787400
3.863000 0.075000 0.000000
-0.037500 0.225000 0.000000
0.037500 0.225000 0.080010
0.112500 0.225000 0.160000
0.187500 0.225000 0.240000
0.262500 0.225000 0.320000
0.337500 0.225000 0.400000
0.412500 0.225000 0.479900
0.487500 0.225000 0.559700
0.562500 0.225000 0.639300
0.637500 0.225000 0.718600
0.712500 0.225000 0.797600
0.787500 0.225000 0.876000
0.862500 0.225000 0.953600
0.937500 0.225000 1.030000
1.012000 0.225000 1.105000
1.087000 0.225000 1.179000
1.163000 0.225000 1.250000
1.238000 0.225000 1.319000
1.313000 0.225000 1.383000
1.388000 0.225000 1.444000
1.463000 0.225000 1.500000
1.538000 0.225000 1.549000
1.613000 0.225000 1.592000
1.688000 0.225000 1.627000
1.763000 0.225000 1.654000
1.838000 0.225000 1.672000
1.913000 0.225000 1.680000
1.988000 0.225000 1.679000
2.063000 0.225000 1.670000
2.138000 0.225000 1.652000
2.213000 0.225000 1.627000
2.288000 0.225000 1.595000
2.363000 0.225000 1.558000
2.438000 0.225000 1.518000
2.513000 0.225000 1.474000
2.588000 0.225000 1.428000
2.663000 0.225000 1.381000
2.738000 0.225000 1.333000
2.813000 0.225000 1.286000
2.888000 0.225000 1.239000
2.963000 0.225000 1.193000
3.038000 0.225000 1.148000
3.113000 0.225000 1.105000
3.188000 0.225000 1.063000
3.263000 0.225000 1.023000
3.338000 0.225000 0.984800
3.413000 0.225000 0.948000
3.488000 0.225000 0.912800
3.563000 0.225000 0.879200
3.638000 0.225000 0.847100
3.713000 0.225000 0.816500
3.788000 0.225000 0.787400
3.863000 0.225000 0.000000
-0.037500 0.375000 0.000000
0.037500 0.375000 0.267500
0.112500 0.375000 0.287500
0.187500 0.375000 0.318800
0.262500 0.375000 0.357200
0.337500 0.375000 0.400300
0.412500 0.375000 0.446500
0.487500 0.375000 0.494800
0.562500 0.375000 0.544500
0.637500 0.375000 0.595000
0.712500 0.375000 0.646100
0.787500 0.375000 0.697200
0.862500 0.375000 0.748200
0.937500 0.375000 0.798600
1.012000 0.375000 0.848100
1.087000 0.375000 0.896500
1.163000 0.375000 0.943100
1.238000 0.375000 0.987800
1.313000 0.375000 1.030000
1.388000 0.375000 1.069000
1.463000 0.375000 1.104000
1.538000 0.375000 1.136000
1.613000 0.375000 1.163000
1.688000 0.375000 1.185000
1.763000 0.375000 1.201000
1.838000 0.375000 1.212000
1.913000 0.375000 1.217000
1.988000 0.375000 1.216000
2.063000 0.375000 1.210000
2.138000 0.375000 1.198000
2.213000 0.375000 1.182000
2.288000 0.375000 1.162000
2.363000 0.375000 1.138000
2.438000 0.375000 1.112000
2.513000 0.375000 1.083000
2.588000 0.375000 1.053000
2.663000 0.375000 1.021000
2.738000 0.375000 0.989600
2.813000 0.375000 0.957500
2.888000 0.375000 0.925700
2.963000 0.375000 0.894300
3.038000 0.375000 0.863700
3.113000 0.375000 0.834000
3.188000 0.375000 0.805400
3.263000 0.375000 0.778000
3.338000 0.375000 0.751900
3.413000 0.375000 0.727400
3.488000 0.375000 0.704500
3.563000 0.375000 0.683800
3.638000 0.375000 0.665700
3.713000 0.375000 0.651200
3.788000 0.375000 0.642200
3.863000 0.375000 0.000000
-0.037500 0.525000 0.000000
0.037500 0.525000 0.311000
0.112500 0.525000 0.318000
0.187500 0.525000 0.330900
0.262500 0.525000 0.348300
0.337500 0.525000 0.369200
0.412500 0.525000 0.392800
0.487500 0.525000 0.418500
0.562500 0.525000 0.445600
0.637500 0.525000 0.473700
0.712500 0.525000 0.502600
0.787500 0.525000 0.531900
0.862500 0.525000 0.561300
0.937500 0.525000 0.590500
1.012000 0.525000 0.619200
1.087000 0.525000 0.647200
1.163000 0.525000 0.674200
1.238000 0.525000 0.700000
1.313000 0.525000 0.724100
1.388000 0.525000 0.746400
1.463000 0.525000 0.766500
1.538000 0.525000 0.784200
1.613000 0.525000 0.799100
1.688000 0.525000 0.811200
1.763000 0.525000 0.820100
1.838000 0.525000 0.825900
1.913000 0.525000 0.828400
1.988000 0.525000 0.827700
2.063000 0.525000 0.823900
2.138000 0.525000 0.817100
2.213000 0.525000 0.807700
2.288000 0.525000 0.795900
2.363000 0.525000 0.782000
2.438000 0.525000 0.766400
2.513000 0.525000 0.749400
2.588000 0.525000 0.731400
2.663000 0.525000 0.712600
2.738000 0.525000 0.693300
2.813000 0.525000 0.673900
2.888000 0.525000 0.654500
2.963000 0.525000 0.635300
3.038000 0.525000 0.616500
3.113000 0.525000 0.598400
3.188000 0.525000 0.581000
3.263000 0.525000 0.564400
3.338000 0.525000 0.548900
3.413000 0.525000 0.534600
3.488000 0.525000 0.521700
3.563000 0.525000 0.510500
3.638000 0.525000 0.501300
3.713000 0.525000 0.494600
3.788000 0.525000 0.491000
3.863000 0.525000 0.000000
-0.037500 0.675000 0.000000
0.037500 0.675000 0.317500
0.112500 0.675000 0.320500
0.187500 0.675000 0.326300
0.262500 0.675000 0.334500
0.337500 0.675000 0.345000
0.412500 0.675000 0.357300
0.487500 0.675000 0.371100
0.562500 0.675000 0.386100
0.637500 0.675000 0.402000
0.712500 0.675000 0.418600
0.787500 0.675000 0.435700
0.862500 0.675000 0.453000
0.937500 0.675000 0.470300
1.012000 0.675000 0.487300
1.087000 0.675000 0.504000
1.163000 0.675000 0.520000
1.238000 0.675000 0.535200
1.313000 0.675000 0.549400
1.388000 0.675000 0.562500
1.463000 0.675000 0.574100
1.538000 0.675000 0.584300
1.613000 0.675000 0.592800
1.688000 0.675000 0.599600
1.763000 0.675000 0.604500
1.838000 0.675000 0.607600
1.913000 0.675000 0.608800
1.988000 0.675000 0.608000
2.063000 0.675000 0.605500
2.138000 0.675000 0.601300
2.213000 0.675000 0.595500
2.288000 0.675000 0.588200
2.363000 0.675000 0.579600
2.438000 0.675000 0.570000
2.513000 0.675000 0.559400
2.588000 0.675000 0.548200
2.663000 0.675000 0.536400
2.738000 0.675000 0.524200
2.813000 0.675000 0.511900
2.888000 0.675000 0.499500
2.963000 0.675000 0.487300
3.038000 0.675000 0.475400
3.113000 0.675000 0.463800
3.188000 0.675000 0.452900
3.263000 0.675000 0.442500
3.338000 0.675000 0.433000
3.413000 0.675000 0.424500
3.488000 0.675000 0.417000
3.563000 0.675000 0.410700
3.638000 0.675000 0.405800
3.713000 0.675000 0.402400
3.788000 0.675000 0.400700
3.863000 0.675000 0.000000
-0.037500 0.825000 0.000000
0.037500 0.825000 0.305500
0.112500 0.825000 0.307500
0.187500 0.825000 0.311400
0.262500 0.825000 0.317100
0.337500 0.825000 0.324400
0.412500 0.825000 0.333100
0.487500 0.825000 0.343000
0.562500 0.825000 0.354000
0.637500 0.825000 0.365700
0.712500 0.825000 0.378000
0.787500 0.825000 0.390800
0.862500 0.825000 0.403700
0.937500 0.825000 0.416700
1.012000 0.825000 0.429600
1.087000 0.825000 0.442100
1.163000 0.825000 0.454200
1.238000 0.825000 0.465600
1.313000 0.825000 0.476300
1.388000 0.825000 0.486000
1.463000 0.825000 0.494700
1.538000 0.825000 0.502300
1.613000 0.825000 0.508600
1.688000 0.825000 0.513500
1.763000 0.825000 0.517100
1.838000 0.825000 0.519200
1.913000 0.825000 0.519900
1.988000 0.825000 0.519300
2.063000 0.825000 0.517200
2.138000 0.825000 0.513800
2.213000 0.825000 0.509300
2.288000 0.825000 0.503600
2.363000 0.825000 0.496900
2.438000 0.825000 0.489400
2.513000 0.825000 0.481200
2.588000 0.825000 0.472400
2.663000 0.825000 0.463200
2.738000 0.825000 0.453700
2.813000 0.825000 0.444000
2.888000 0.825000 0.434300
2.963000 0.825000 0.424700
3.038000 0.825000 0.415300
3.113000 0.825000 0.406300
3.188000 0.825000 0.397700
3.263000 0.825000 0.389700
3.338000 0.825000 0.382400
3.413000 0.825000 0.375900
3.488000 0.825000 0.370200
3.563000 0.825000 0.365600
3.638000 0.825000 0.362000
3.713000 0.825000 0.359500
3.788000 0.825000 0.358300
3.863000 0.825000 0.000000
-0.037500 0.975000 0.000000
0.037500 0.975000 0.286100
0.112500 0.975000 0.287500
0.187500 0.975000 0.290400
0.262500 0.975000 0.294500
0.337500 0.975000 0.299900
0.412500 0.975000 0.306400
0.487500 0.975000 0.313800
0.562500 0.975000 0.322100
0.637500 0.975000 0.331000
0.712500 0.975000 0.340400
0.787500 0.975000 0.350200
0.862500 0.975000 0.360200
0.937500 0.975000 0.370200
1.012000 0.975000 0.380100
1.087000 0.975000 0.389800
1.163000 0.975000 0.399200
1.238000 0.975000 0.408000
1.313000 0.975000 0.416200
1.388000 0.975000 0.423700
1.463000 0.975000 0.430400
1.538000 0.975000 0.436200
1.613000 0.975000 0.440900
1.688000 0.975000 0.444700
1.763000 0.975000 0.447300
1.838000 0.975000 0.448900
1.913000 0.975000 0.449300
1.988000 0.975000 0.448700
2.063000 0.975000 0.446900
2.138000 0.975000 0.444200
2.213000 0.975000 0.440500
2.288000 0.975000 0.436000
2.363000 0.975000 0.430600
2.438000 0.975000 0.424600
2.513000 0.975000 0.418000
2.588000 0.975000 0.411000
2.663000 0.975000 0.403600
2.738000 0.975000 0.396000
2.813000 0.975000 0.388200
2.888000 0.975000 0.380400
2.963000 0.975000 0.372700
3.038000 0.975000 0.365200
3.113000 0.975000 0.358000
3.188000 0.975000 0.351200
3.263000 0.975000 0.344800
3.338000 0.975000 0.339000
3.413000 0.975000 0.333900
3.488000 0.975000 0.329500
3.563000 0.975000 0.325900
3.638000 0.975000 0.323100
3.713000 0.975000 0.321300
3.788000 0.975000 0.320300
3.863000 0.975000 0.000000
-0.037500 1.125000 0.000000
0.037500 1.125000 0.263600
0.112500 1.125000 0.264700
0.187500 1.125000 0.266900
0.262500 1.125000 0.270200
0.337500 1.125000 0.274400
0.412500 1.125000 0.279600
0.487500 1.125000 0.285500
0.562500 1.125000 0.292100
0.637500 1.125000 0.299300
0.712500 1.125000 0.306900
0.787500 1.125000 0.314800
0.862500 1.125000 0.322800
0.937500 1.125000 0.331000
1.012000 1.125000 0.339000
1.087000 1.125000 0.346900
1.163000 1.125000 0.354500
1.238000 1.125000 0.361600
1.313000 1.125000 0.368300
1.388000 1.125000 0.374400
1.463000 1.125000 0.379700
1.538000 1.125000 0.384400
1.613000 1.125000 0.388200
1.688000 1.125000 0.391200
1.763000 1.125000 0.393300
1.838000 1.125000 0.394500
1.913000 1.125000 0.394800
1.988000 1.125000 0.394100
2.063000 1.125000 0.392700
2.138000 1.125000 0.390300
2.213000 1.125000 0.387200
2.288000 1.125000 0.383400
2.363000 1.125000 0.379000
2.438000 1.125000 0.374000
2.513000 1.125000 0.368500
2.588000 1.125000 0.362600
2.663000 1.125000 0.356400
2.738000 1.125000 0.350100
2.813000 1.125000 0.343600
2.888000 1.125000 0.337100
2.963000 1.125000 0.330700
3.038000 1.125000 0.324400
3.113000 1.125000 0.318400
3.188000 1.125000 0.312800
3.263000 1.125000 0.307500
3.338000 1.125000 0.302800
3.413000 1.125000 0.298500
3.488000 1.125000 0.294900
3.563000 1.125000 0.292000
3.638000 1.125000 0.289700
3.713000 1.125000 0.288200
3.788000 1.125000 0.287400
3.863000 1.125000 0.000000
-0.037500 1.275000 0.000000
0.037500 1.275000 0.216500
0.112500 1.275000 0.217300
0.187500 1.275000 0.219000
0.262500 1.275000 0.221400
0.337500 1.275000 0.224500
0.412500 1.275000 0.228400
0.487500 1.275000 0.232800
0.562500 1.275000 0.237700
0.637500 1.275000 0.243000
0.712500 1.275000 0.248700
0.787500 1.275000 0.254600
0.862500 1.275000 0.260700
0.937500 1.275000 0.266800
1.012000 1.275000 0.272800
1.087000 1.275000 0.278700
1.163000 1.275000 0.284400
1.238000 1.275000 0.289800
1.313000 1.275000 0.294800
1.388000 1.275000 0.299300
1.463000 1.275000 0.303400
1.538000 1.275000 0.306800
1.613000 1.275000 0.309700
1.688000 1.275000 0.311900
1.763000 1.275000 0.313400
1.838000 1.275000 0.314300
1.913000 1.275000 0.314400
1.988000 1.275000 0.313900
2.063000 1.275000 0.312800
2.138000 1.275000 0.311000
2.213000 1.275000 0.308600
2.288000 1.275000 0.305700
2.363000 1.275000 0.302200
2.438000 1.275000 0.298400
2.513000 1.275000 0.294200
2.588000 1.275000 0.289700
2.663000 1.275000 0.284900
2.738000 1.275000 0.280100
2.813000 1.275000 0.275100
2.888000 1.275000 0.270100
2.963000 1.275000 0.265200
3.038000 1.275000 0.260400
3.113000 1.275000 0.255800
3.188000 1.275000 0.251500
3.263000 1.275000 0.247500
3.338000 1.275000 0.243900
3.413000 1.275000 0.240700
3.488000 1.275000 0.237900
3.563000 1.275000 0.235700
3.638000 1.275000 0.234000
3.713000 1.275000 0.232800
3.788000 1.275000 0.232300
3.863000 1.275000 0.000000
-0.037500 1.425000 0.000000
0.037500 1.425000 0.160300
0.112500 1.425000 0.160900
0.187500 1.425000 0.162000
0.262500 1.425000 0.163500
0.337500 1.425000 0.165600
0.412500 1.425000 0.168100
0.487500 1.425000 0.171000
0.562500 1.425000 0.174200
0.637500 1.425000 0.177700
0.712500 1.425000 0.181400
0.787500 1.425000 0.185300
0.862500 1.425000 0.189300
0.937500 1.425000 0.193300
1.012000 1.425000 0.197300
1.087000 1.425000 0.201200
1.163000 1.425000 0.205000
1.238000 1.425000 0.208500
1.313000 1.425000 0.211800
1.388000 1.425000 0.214800
1.463000 1.425000 0.217500
1.538000 1.425000 0.219800
1.613000 1.425000 0.221600
1.688000 1.425000 0.223000
1.763000 1.425000 0.224000
1.838000 1.425000 0.224600
1.913000 1.425000 0.224600
1.988000 1.425000 0.224200
2.063000 1.425000 0.223400
2.138000 1.425000 0.222200
2.213000 1.425000 0.220500
2.288000 1.425000 0.218500
2.363000 1.425000 0.216200
2.438000 1.425000 0.213600
2.513000 1.425000 0.210700
2.588000 1.425000 0.207700
2.663000 1.425000 0.204500
2.738000 1.425000 0.201100
2.813000 1.425000 0.197800
2.888000 1.425000 0.194400
2.963000 1.425000 0.191100
3.038000 1.425000 0.187800
3.113000 1.425000 0.184700
3.188000 1.425000 0.181800
3.263000 1.425000 0.179100
3.338000 1.425000 0.176600
3.413000 1.425000 0.174500
3.488000 1.425000 0.172600
3.563000 1.425000 0.171100
3.638000 1.425000 0.170000
3.713000 1.425000 0.169200
3.788000 1.425000 0.168900
3.863000 1.425000 0.000000
-0.037500 1.575000 0.000000
0.037500 1.575000 0.116700
0.112500 1.575000 0.117100
0.187500 1.575000 0.117800
0.262500 1.575000 0.118800
0.337500 1.575000 0.120100
0.412500 1.575000 0.121700
0.487500 1.575000 0.123600
0.562500 1.575000 0.125700
0.637500 1.575000 0.128000
0.712500 1.575000 0.130400
0.787500 1.575000 0.133000
0.862500 1.575000 0.135600
0.937500 1.575000 0.138200
1.012000 1.575000 0.140800
1.087000 1.575000 0.143300
1.163000 1.575000 0.145800
1.238000 1.575000 0.148100
1.313000 1.575000 0.150300
1.388000 1.575000 0.152200
1.463000 1.575000 0.153900
1.538000 1.575000 0.155400
1.613000 1.575000 0.156600
1.688000 1.575000 0.157500
1.763000 1.575000 0.158100
1.838000 1.575000 0.158500
1.913000 1.575000 0.158500
1.988000 1.575000 0.158200
2.063000 1.575000 0.157600
2.138000 1.575000 0.156800
2.213000 1.575000 0.155700
2.288000 1.575000 0.154300
2.363000 1.575000 0.152700
2.438000 1.575000 0.151000
2.513000 1.575000 0.149000
2.588000 1.575000 0.147000
2.663000 1.575000 0.144800
2.738000 1.575000 0.142600
2.813000 1.575000 0.140300
2.888000 1.575000 0.138100
2.963000 1.575000 0.135900
3.038000 1.575000 0.133700
3.113000 1.575000 0.131600
3.188000 1.575000 0.129600
3.263000 1.575000 0.127800
3.338000 1.575000 0.126200
3.413000 1.575000 0.124800
3.488000 1.575000 0.123500
3.563000 1.575000 0.122500
3.638000 1.575000 0.121800
3.713000 1.575000 0.121300
3.788000 1.575000 0.121000
3.863000 1.575000 0.000000
-0.037500 1.725000 0.000000
0.037500 1.725000 0.083480
0.112500 1.725000 0.083700
0.187500 1.725000 0.084140
0.262500 1.725000 0.084800
0.337500 1.725000 0.085650
0.412500 1.725000 0.086690
0.487500 1.725000 0.087890
0.562500 1.725000 0.089230
0.637500 1.725000 0.090700
0.712500 1.725000 0.092260
0.787500 1.725000 0.093890
0.862500 1.725000 0.095560
0.937500 1.725000 0.097250
1.012000 1.725000 0.098930
1.087000 1.725000 0.100600
1.163000 1.725000 0.102100
1.238000 1.725000 0.103600
1.313000 1.725000 0.105000
1.388000 1.725000 0.106300
1.463000 1.725000 0.107400
1.538000 1.725000 0.108300
1.613000 1.725000 0.109100
1.688000 1.725000 0.109600
1.763000 1.725000 0.110000
1.838000 1.725000 0.110200
1.913000 1.725000 0.110200
1.988000 1.725000 0.110000
2.063000 1.725000 0.109600
2.138000 1.725000 0.109000
2.213000 1.725000 0.108300
2.288000 1.725000 0.107400
2.363000 1.725000 0.106300
2.438000 1.725000 0.105200
2.513000 1.725000 0.103900
2.588000 1.725000 0.102500
2.663000 1.725000 0.101100
2.738000 1.725000 0.099630
2.813000 1.725000 0.098130
2.888000 1.725000 0.096640
2.963000 1.725000 0.095160
3.038000 1.725000 0.093730
3.113000 1.725000 0.092360
3.188000 1.725000 0.091070
3.263000 1.725000 0.089880
3.338000 1.725000 0.088800
3.413000 1.725000 0.087850
3.488000 1.725000 0.087050
3.563000 1.725000 0.086390
3.638000 1.725000 0.085890
3.713000 1.725000 0.085560
3.788000 1.725000 0.085390
3.863000 1.725000 0.000000
-0.037500 1.875000 0.000000
0.037500 1.875000 0.058410
0.112500 1.875000 0.058550
0.187500 1.875000 0.058830
0.262500 1.875000 0.059240
0.337500 1.875000 0.059770
0.412500 1.875000 0.060420
0.487500 1.875000 0.061170
0.562500 1.875000 0.062020
0.637500 1.875000 0.062940
0.712500 1.875000 0.063920
0.787500 1.875000 0.064950
0.862500 1.875000 0.066000
0.937500 1.875000 0.067060
1.012000 1.875000 0.068120
1.087000 1.875000 0.069150
1.163000 1.875000 0.070140
1.238000 1.875000 0.071070
1.313000 1.875000 0.071940
1.388000 1.875000 0.072720
1.463000 1.875000 0.073410
1.538000 1.875000 0.074000
1.613000 1.875000 0.074470
1.688000 1.875000 0.074830
1.763000 1.875000 0.075060
1.838000 1.875000 0.075160
1.913000 1.875000 0.075140
1.988000 1.875000 0.075000
2.063000 1.875000 0.074730
2.138000 1.875000 0.074350
2.213000 1.875000 0.073860
2.288000 1.875000 0.073270
2.363000 1.875000 0.072590
2.438000 1.875000 0.071830
2.513000 1.875000 0.071000
2.588000 1.875000 0.070110
2.663000 1.875000 0.069190
2.738000 1.875000 0.068230
2.813000 1.875000 0.067270
2.888000 1.875000 0.066300
2.963000 1.875000 0.065350
3.038000 1.875000 0.064420
3.113000 1.875000 0.063540
3.188000 1.875000 0.062700
3.263000 1.875000 0.061940
3.338000 1.875000 0.061240
3.413000 1.875000 0.060630
3.488000 1.875000 0.060110
3.563000 1.875000 0.059690
3.638000 1.875000 0.059370
3.713000 1.875000 0.059150
3.788000 1.875000 0.059050
3.863000 1.875000 0.000000
-0.037500 2.025000 0.000000
0.037500 2.025000 0.039590
0.112500 2.025000 0.039680
0.187500 2.025000 0.039840
0.262500 2.025000 0.040090
0.337500 2.025000 0.040410
0.412500 2.025000 0.040800
0.487500 2.025000 0.041250
0.562500 2.025000 0.041750
0.637500 2.025000 0.042310
0.712500 2.025000 0.042900
0.787500 2.025000 0.043510
0.862500 2.025000 0.044140
0.937500 2.025000 0.044780
1.012000 2.025000 0.045410
1.087000 2.025000 0.046030
1.163000 2.025000 0.046630
1.238000 2.025000 0.047190
1.313000 2.025000 0.047710
1.388000 2.025000 0.048170
1.463000 2.025000 0.048580
1.538000 2.025000 0.048930
1.613000 2.025000 0.049210
1.688000 2.025000 0.049410
1.763000 2.025000 0.049540
1.838000 2.025000 0.049600
1.913000 2.025000 0.049570
1.988000 2.025000 0.049480
2.063000 2.025000 0.049300
2.138000 2.025000 0.049060
2.213000 2.025000 0.048750
2.288000 2.025000 0.048380
2.363000 2.025000 0.047950
2.438000 2.025000 0.047480
2.513000 2.025000 0.046960
2.588000 2.025000 0.046410
2.663000 2.025000 0.045840
2.738000 2.025000 0.045240
2.813000 2.025000 0.044640
2.888000 2.025000 0.044050
2.963000 2.025000 0.043460
3.038000 2.025000 0.042880
3.113000 2.025000 0.042340
3.188000 2.025000 0.041820
3.263000 2.025000 0.041350
3.338000 2.025000 0.040920
3.413000 2.025000 0.040540
3.488000 2.025000 0.040220
3.563000 2.025000 0.039960
3.638000 2.025000 0.039760
3.713000 2.025000 0.039630
3.788000 2.025000 0.039560
3.863000 2.025000 0.000000
-0.037500 2.175000 0.000000
0.037500 2.175000 0.025360
0.112500 2.175000 0.025410
0.187500 2.175000 0.025490
0.262500 2.175000 0.025620
0.337500 2.175000 0.025790
0.412500 2.175000 0.026000
0.487500 2.175000 0.026240
0.562500 2.175000 0.026510
0.637500 2.175000 0.026800
0.712500 2.175000 0.027120
0.787500 2.175000 0.027440
0.862500 2.175000 0.027780
0.937500 2.175000 0.028120
1.012000 2.175000 0.028450
1.087000 2.175000 0.028780
1.163000 2.175000 0.029090
1.238000 2.175000 0.029390
1.313000 2.175000 0.029660
1.388000 2.175000 0.029900
1.463000 2.175000 0.030120
1.538000 2.175000 0.030300
1.613000 2.175000 0.030440
1.688000 2.175000 0.030540
1.763000 2.175000 0.030600
1.838000 2.175000 0.030620
1.913000 2.175000 0.030600
1.988000 2.175000 0.030530
2.063000 2.175000 0.030430
2.138000 2.175000 0.030290
2.213000 2.175000 0.030110
2.288000 2.175000 0.029900
2.363000 2.175000 0.029650
2.438000 2.175000 0.029390
2.513000 2.175000 0.029100
2.588000 2.175000 0.028790
2.663000 2.175000 0.028470
2.738000 2.175000 0.028130
2.813000 2.175000 0.027800
2.888000 2.175000 0.027470
2.963000 2.175000 0.027140
3.038000 2.175000 0.026820
3.113000 2.175000 0.026520
3.188000 2.175000 0.026230
3.263000 2.175000 0.025970
3.338000 2.175000 0.025730
3.413000 2.175000 0.025520
3.488000 2.175000 0.025340
3.563000 2.175000 0.025200
3.638000 2.175000 0.025090
3.713000 2.175000 0.025020
3.788000 2.175000 0.024980
3.863000 2.175000 0.000000
-0.037500 2.325000 0.000000
0.037500 2.325000 0.018010
0.112500 2.325000 0.018040
0.187500 2.325000 0.018080
0.262500 2.325000 0.018160
0.337500 2.325000 0.018250
0.412500 2.325000 0.018360
0.487500 2.325000 0.018490
0.562500 2.325000 0.018640
0.637500 2.325000 0.018800
0.712500 2.325000 0.018970
0.787500 2.325000 0.019150
0.862500 2.325000 0.019330
0.937500 2.325000 0.019510
1.012000 2.325000 0.019700
1.087000 2.325000 0.019870
1.163000 2.325000 0.020040
1.238000 2.325000 0.020200
1.313000 2.325000 0.020350
1.388000 2.325000 0.020480
1.463000 2.325000 0.020590
1.538000 2.325000 0.020680
1.613000 2.325000 0.020750
1.688000 2.325000 0.020800
1.763000 2.325000 0.020830
1.838000 2.325000 0.020830
1.913000 2.325000 0.020810
1.988000 2.325000 0.020760
2.063000 2.325000 0.020690
2.138000 2.325000 0.020600
2.213000 2.325000 0.020490
2.288000 2.325000 0.020360
2.363000 2.325000 0.020220
2.438000 2.325000 0.020050
2.513000 2.325000 0.019880
2.588000 2.325000 0.019700
2.663000 2.325000 0.019510
2.738000 2.325000 0.019310
2.813000 2.325000 0.019110
2.888000 2.325000 0.018920
2.963000 2.325000 0.018720
3.038000 2.325000 0.018540
3.113000 2.325000 0.018360
3.188000 2.325000 0.018190
3.263000 2.325000 0.018040
3.338000 2.325000 0.017900
3.413000 2.325000 0.017780
3.488000 2.325000 0.017670
3.563000 2.325000 0.017590
3.638000 2.325000 0.017530
3.713000 2.325000 0.017480
3.788000 2.325000 0.017460
3.863000 2.325000 0.000000
-0.037500 2.475000 0.000000
0.037500 2.475000 0.015030
0.112500 2.475000 0.015040
0.187500 2.475000 0.015080
0.262500 2.475000 0.015130
0.337500 2.475000 0.015190
0.412500 2.475000 0.015270
0.487500 2.475000 0.015370
0.562500 2.475000 0.015470
0.637500 2.475000 0.015590
0.712500 2.475000 0.015710
0.787500 2.475000 0.015840
0.862500 2.475000 0.015970
0.937500 2.475000 0.016100
1.012000 2.475000 0.016230
1.087000 2.475000 0.016360
1.163000 2.475000 0.016480
1.238000 2.475000 0.016590
1.313000 2.475000 0.016690
1.388000 2.475000 0.016780
1.463000 2.475000 0.016860
1.538000 2.475000 0.016920
1.613000 2.475000 0.016970
1.688000 2.475000 0.017000
1.763000 2.475000 0.017020
1.838000 2.475000 0.017010
1.913000 2.475000 0.016990
1.988000 2.475000 0.016950
2.063000 2.475000 0.016900
2.138000 2.475000 0.016830
2.213000 2.475000 0.016740
2.288000 2.475000 0.016640
2.363000 2.475000 0.016530
2.438000 2.475000 0.016410
2.513000 2.475000 0.016280
2.588000 2.475000 0.016140
2.663000 2.475000 0.015990
2.738000 2.475000 0.015850
2.813000 2.475000 0.015700
2.888000 2.475000 0.015550
2.963000 2.475000 0.015400
3.038000 2.475000 0.015260
3.113000 2.475000 0.015130
3.188000 2.475000 0.015010
3.263000 2.475000 0.014890
3.338000 2.475000 0.014790
3.413000 2.475000 0.014700
3.488000 2.475000 0.014620
3.563000 2.475000 0.014560
3.638000 2.475000 0.014510
3.713000 2.475000 0.014480
3.788000 2.475000 0.014460
3.863000 2.475000 0.000000
-0.037500 2.625000 0.000000
0.037500 2.625000 0.012650
0.112500 2.625000 0.012670
0.187500 2.625000 0.012690
0.262500 2.625000 0.012730
0.337500 2.625000 0.012780
0.412500 2.625000 0.012840
0.487500 2.625000 0.012910
0.562500 2.625000 0.012980
0.637500 2.625000 0.013070
0.712500 2.625000 0.013160
0.787500 2.625000 0.013250
0.862500 2.625000 0.013350
0.937500 2.625000 0.013450
1.012000 2.625000 0.013540
1.087000 2.625000 0.013630
1.163000 2.625000 0.013720
1.238000 2.625000 0.013800
1.313000 2.625000 0.013880
1.388000 2.625000 0.013940
1.463000 2.625000 0.014000
1.538000 2.625000 0.014050
1.613000 2.625000 0.014080
1.688000 2.625000 0.014100
1.763000 2.625000 0.014110
1.838000 2.625000 0.014100
1.913000 2.625000 0.014080
1.988000 2.625000 0.014050
2.063000 2.625000 0.014000
2.138000 2.625000 0.013950
2.213000 2.625000 0.013880
2.288000 2.625000 0.013800
2.363000 2.625000 0.013710
2.438000 2.625000 0.013620
2.513000 2.625000 0.013520
2.588000 2.625000 0.013410
2.663000 2.625000 0.013300
2.738000 2.625000 0.013180
2.813000 2.625000 0.013070
2.888000 2.625000 0.012950
2.963000 2.625000 0.012840
3.038000 2.625000 0.012730
3.113000 2.625000 0.012630
3.188000 2.625000 0.012530
3.263000 2.625000 0.012450
3.338000 2.625000 0.012370
3.413000 2.625000 0.012300
3.488000 2.625000 0.012240
3.563000 2.625000 0.012190
3.638000 2.625000 0.012160
3.713000 2.625000 0.012130
3.788000 2.625000 0.012120
3.863000 2.625000 0.000000
-0.037500 2.775000 0.000000
0.037500 2.775000 0.010830
0.112500 2.775000 0.010840
0.187500 2.775000 0.010860
0.262500 2.775000 0.010890
0.337500 2.775000 0.010930
0.412500 2.775000 0.010980
0.487500 2.775000 0.011030
0.562500 2.775000 0.011090
0.637500 2.775000 0.011160
0.712500 2.775000 0.011230
0.787500 2.775000 0.011300
0.862500 2.775000 0.011380
0.937500 2.775000 0.011450
1.012000 2.775000 0.011530
1.087000 2.775000 0.011600
1.163000 2.775000 0.011670
1.238000 2.775000 0.011730
1.313000 2.775000 0.011790
1.388000 2.775000 0.011840
1.463000 2.775000 0.011880
1.538000 2.775000 0.011910
1.613000 2.775000 0.011940
1.688000 2.775000 0.011950
1.763000 2.775000 0.011960
1.838000 2.775000 0.011950
1.913000 2.775000 0.011930
1.988000 2.775000 0.011900
2.063000 2.775000 0.011870
2.138000 2.775000 0.011820
2.213000 2.775000 0.011760
2.288000 2.775000 0.011700
2.363000 2.775000 0.011630
2.438000 2.775000 0.011550
2.513000 2.775000 0.011470
2.588000 2.775000 0.011380
2.663000 2.775000 0.011290
2.738000 2.775000 0.011200
2.813000 2.775000 0.011110
2.888000 2.775000 0.011010
2.963000 2.775000 0.010920
3.038000 2.775000 0.010840
3.113000 2.775000 0.010750
3.188000 2.775000 0.010680
3.263000 2.775000 0.010610
3.338000 2.775000 0.010540
3.413000 2.775000 0.010490
3.488000 2.775000 0.010440
3.563000 2.775000 0.010400
3.638000 2.775000 0.010370
3.713000 2.775000 0.010350
3.788000 2.775000 0.010340
3.863000 2.775000 0.000000
-0.037500 2.925000 0.000000
0.037500 2.925000 0.008168
0.112500 2.925000 0.008175
0.187500 2.925000 0.008190
0.262500 2.925000 0.008211
0.337500 2.925000 0.008239
0.412500 2.925000 0.008272
0.487500 2.925000 0.008311
0.562500 2.925000 0.008354
0.637500 2.925000 0.008402
0.712500 2.925000 0.008452
0.787500 2.925000 0.008504
0.862500 2.925000 0.008557
0.937500 2.925000 0.008611
1.012000 2.925000 0.008664
1.087000 2.925000 0.008715
1.163000 2.925000 0.008764
1.238000 2.925000 0.008808
1.313000 2.925000 0.008849
1.388000 2.925000 0.008885
1.463000 2.925000 0.008914
1.538000 2.925000 0.008938
1.613000 2.925000 0.008954
1.688000 2.925000 0.008964
1.763000 2.925000 0.008966
1.838000 2.925000 0.008960
1.913000 2.925000 0.008947
1.988000 2.925000 0.008927
2.063000 2.925000 0.008899
2.138000 2.925000 0.008864
2.213000 2.925000 0.008823
2.288000 2.925000 0.008776
2.363000 2.925000 0.008724
2.438000 2.925000 0.008667
2.513000 2.925000 0.008606
2.588000 2.925000 0.008542
2.663000 2.925000 0.008477
2.738000 2.925000 0.008409
2.813000 2.925000 0.008342
2.888000 2.925000 0.008275
2.963000 2.925000 0.008210
3.038000 2.925000 0.008147
3.113000 2.925000 0.008087
3.188000 2.925000 0.008031
3.263000 2.925000 0.007980
3.338000 2.925000 0.007934
3.413000 2.925000 0.007894
3.488000 2.925000 0.007860
3.563000 2.925000 0.007833
3.638000 2.925000 0.007812
3.713000 2.925000 0.007798
3.788000 2.925000 0.007791
3.863000 2.925000 0.000000
-0.037500 3.075000 0.000000
0.037500 3.075000 0.005444
0.112500 3.075000 0.005449
0.187500 3.075000 0.005458
0.262500 3.075000 0.005471
0.337500 3.075000 0.005489
0.412500 3.075000 0.005509
0.487500 3.075000 0.005534
0.562500 3.075000 0.005560
0.637500 3.075000 0.005590
0.712500 3.075000 0.005621
0.787500 3.075000 0.005653
0.862500 3.075000 0.005686
0.937500 3.075000 0.005719
1.012000 3.075000 0.005752
1.087000 3.075000 0.005784
1.163000 3.075000 0.005813
1.238000 3.075000 0.005841
1.313000 3.075000 0.005866
1.388000 3.075000 0.005888
1.463000 3.075000 0.005906
1.538000 3.075000 0.005920
1.613000 3.075000 0.005929
1.688000 3.075000 0.005935
1.763000 3.075000 0.005935
1.838000 3.075000 0.005931
1.913000 3.075000 0.005922
1.988000 3.075000 0.005909
2.063000 3.075000 0.005890
2.138000 3.075000 0.005868
2.213000 3.075000 0.005841
2.288000 3.075000 0.005811
2.363000 3.075000 0.005778
2.438000 3.075000 0.005741
2.513000 3.075000 0.005702
2.588000 3.075000 0.005662
2.663000 3.075000 0.005620
2.738000 3.075000 0.005577
2.813000 3.075000 0.005534
2.888000 3.075000 0.005491
2.963000 3.075000 0.005450
3.038000 3.075000 0.005410
3.113000 3.075000 0.005372
3.188000 3.075000 0.005336
3.263000 3.075000 0.005304
3.338000 3.075000 0.005275
3.413000 3.075000 0.005249
3.488000 3.075000 0.005228
3.563000 3.075000 0.005211
3.638000 3.075000 0.005197
3.713000 3.075000 0.005189
3.788000 3.075000 0.005184
3.863000 3.075000 0.000000
-0.037500 3.225000 0.000000
0.037500 3.225000 0.003602
0.112500 3.225000 0.003605
0.187500 3.225000 0.003611
0.262500 3.225000 0.003619
0.337500 3.225000 0.003630
0.412500 3.225000 0.003643
0.487500 3.225000 0.003657
0.562500 3.225000 0.003674
0.637500 3.225000 0.003692
0.712500 3.225000 0.003711
0.787500 3.225000 0.003731
0.862500 3.225000 0.003751
0.937500 3.225000 0.003772
1.012000 3.225000 0.003792
1.087000 3.225000 0.003811
1.163000 3.225000 0.003829
1.238000 3.225000 0.003846
1.313000 3.225000 0.003861
1.388000 3.225000 0.003875
1.463000 3.225000 0.003885
1.538000 3.225000 0.003894
1.613000 3.225000 0.003899
1.688000 3.225000 0.003902
1.763000 3.225000 0.003902
1.838000 3.225000 0.003899
1.913000 3.225000 0.003893
1.988000 3.225000 0.003884
2.063000 3.225000 0.003872
2.138000 3.225000 0.003858
2.213000 3.225000 0.003841
2.288000 3.225000 0.003821
2.363000 3.225000 0.003800
2.438000 3.225000 0.003777
2.513000 3.225000 0.003752
2.588000 3.225000 0.003726
2.663000 3.225000 0.003700
2.738000 3.225000 0.003673
2.813000 3.225000 0.003646
2.888000 3.225000 0.003619
2.963000 3.225000 0.003592
3.038000 3.225000 0.003567
3.113000 3.225000 0.003543
3.188000 3.225000 0.003521
3.263000 3.225000 0.003500
3.338000 3.225000 0.003482
3.413000 3.225000 0.003466
3.488000 3.225000 0.003452
3.563000 3.225000 0.003441
3.638000 3.225000 0.003433
3.713000 3.225000 0.003427
3.788000 3.225000 0.003425
3.863000 3.225000 0.000000
-0.037500 3.375000 0.000000
0.037500 3.375000 0.002367
0.112500 3.375000 0.002369
0.187500 3.375000 0.002372
0.262500 3.375000 0.002377
0.337500 3.375000 0.002383
0.412500 3.375000 0.002391
0.487500 3.375000 0.002400
0.562500 3.375000 0.002411
0.637500 3.375000 0.002422
0.712500 3.375000 0.002433
0.787500 3.375000 0.002445
0.862500 3.375000 0.002458
0.937500 3.375000 0.002470
1.012000 3.375000 0.002483
1.087000 3.375000 0.002494
1.163000 3.375000 0.002505
1.238000 3.375000 0.002516
1.313000 3.375000 0.002525
1.388000 3.375000 0.002533
1.463000 3.375000 0.002539
1.538000 3.375000 0.002544
1.613000 3.375000 0.002547
1.688000 3.375000 0.002549
1.763000 3.375000 0.002548
1.838000 3.375000 0.002546
1.913000 3.375000 0.002542
1.988000 3.375000 0.002536
2.063000 3.375000 0.002529
2.138000 3.375000 0.002519
2.213000 3.375000 0.002509
2.288000 3.375000 0.002496
2.363000 3.375000 0.002483
2.438000 3.375000 0.002468
2.513000 3.375000 0.002453
2.588000 3.375000 0.002436
2.663000 3.375000 0.002420
2.738000 3.375000 0.002403
2.813000 3.375000 0.002385
2.888000 3.375000 0.002369
2.963000 3.375000 0.002352
3.038000 3.375000 0.002336
3.113000 3.375000 0.002321
3.188000 3.375000 0.002307
3.263000 3.375000 0.002294
3.338000 3.375000 0.002283
3.413000 3.375000 0.002272
3.488000 3.375000 0.002264
3.563000 3.375000 0.002257
3.638000 3.375000 0.002252
3.713000 3.375000 0.002248
3.788000 3.375000 0.002246
3.863000 3.375000 0.000000
-0.037500 3.525000 0.000000
0.037500 3.525000 0.001544
0.112500 3.525000 0.001545
0.187500 3.525000 0.001547
0.262500 3.525000 0.001550
0.337500 3.525000 0.001554
0.412500 3.525000 0.001559
0.487500 3.525000 0.001564
0.562500 3.525000 0.001571
0.637500 3.525000 0.001577
0.712500 3.525000 0.001584
0.787500 3.525000 0.001592
0.862500 3.525000 0.001599
0.937500 3.525000 0.001607
1.012000 3.525000 0.001614
1.087000 3.525000 0.001622
1.163000 3.525000 0.001628
1.238000 3.525000 0.001634
1.313000 3.525000 0.001640
1.388000 3.525000 0.001645
1.463000 3.525000 0.001648
1.538000 3.525000 0.001651
1.613000 3.525000 0.001653
1.688000 3.525000 0.001654
1.763000 3.525000 0.001653
1.838000 3.525000 0.001652
1.913000 3.525000 0.001649
1.988000 3.525000 0.001645
2.063000 3.525000 0.001641
2.138000 3.525000 0.001635
2.213000 3.525000 0.001628
2.288000 3.525000 0.001620
2.363000 3.525000 0.001612
2.438000 3.525000 0.001602
2.513000 3.525000 0.001593
2.588000 3.525000 0.001582
2.663000 3.525000 0.001572
2.738000 3.525000 0.001561
2.813000 3.525000 0.001551
2.888000 3.525000 0.001540
2.963000 3.525000 0.001530
3.038000 3.525000 0.001520
3.113000 3.525000 0.001510
3.188000 3.525000 0.001502
3.263000 3.525000 0.001493
3.338000 3.525000 0.001486
3.413000 3.525000 0.001480
3.488000 3.525000 0.001474
3.563000 3.525000 0.001470
3.638000 3.525000 0.001467
3.713000 3.525000 0.001464
3.788000 3.525000 0.001463
3.863000 3.525000 0.000000
-0.037500 3.675000 0.000000
0.037500 3.675000 0.001000
0.112500 3.675000 0.001001
0.187500 3.675000 0.001002
0.262500 3.675000 0.001004
0.337500 3.675000 0.001006
0.412500 3.675000 0.001009
0.487500 3.675000 0.001013
0.562500 3.675000 0.001016
0.637500 3.675000 0.001020
0.712500 3.675000 0.001025
0.787500 3.675000 0.001029
0.862500 3.675000 0.001034
0.937500 3.675000 0.001038
1.012000 3.675000 0.001043
1.087000 3.675000 0.001047
1.163000 3.675000 0.001051
1.238000 3.675000 0.001055
1.313000 3.675000 0.001058
1.388000 3.675000 0.001061
1.463000 3.675000 0.001063
1.538000 3.675000 0.001065
1.613000 3.675000 0.001066
1.688000 3.675000 0.001066
1.763000 3.675000 0.001066
1.838000 3.675000 0.001065
1.913000 3.675000 0.001063
1.988000 3.675000 0.001061
2.063000 3.675000 0.001057
2.138000 3.675000 0.001054
2.213000 3.675000 0.001049
2.288000 3.675000 0.001045
2.363000 3.675000 0.001039
2.438000 3.675000 0.001033
2.513000 3.675000 0.001027
2.588000 3.675000 0.001021
2.663000 3.675000 0.001014
2.738000 3.675000 0.001008
2.813000 3.675000 0.001001
2.888000 3.675000 0.000995
2.963000 3.675000 0.000988
3.038000 3.675000 0.000982
3.113000 3.675000 0.000976
3.188000 3.675000 0.000971
3.263000 3.675000 0.000966
3.338000 3.675000 0.000961
3.413000 3.675000 0.000957
3.488000 3.675000 0.000954
3.563000 3.675000 0.000951
3.638000 3.675000 0.000949
3.713000 3.675000 0.000947
3.788000 3.675000 0.000947
3.863000 3.675000 0.000000
-0.037500 3.825000 0.000000
0.037500 3.825000 0.000644
0.112500 3.825000 0.000644
0.187500 3.825000 0.000645
0.262500 3.825000 0.000646
0.337500 3.825000 0.000647
0.412500 3.825000 0.000649
0.487500 3.825000 0.000651
0.562500 3.825000 0.000653
0.637500 3.825000 0.000656
0.712500 3.825000 0.000658
0.787500 3.825000 0.000661
0.862500 3.825000 0.000664
0.937500 3.825000 0.000666
1.012000 3.825000 0.000669
1.087000 3.825000 0.000672
1.163000 3.825000 0.000674
1.238000 3.825000 0.000676
1.313000 3.825000 0.000678
1.388000 3.825000 0.000680
1.463000 3.825000 0.000681
1.538000 3.825000 0.000682
1.613000 3.825000 0.000683
1.688000 3.825000 0.000683
1.763000 3.825000 0.000683
1.838000 3.825000 0.000682
1.913000 3.825000 0.000681
1.988000 3.825000 0.000679
2.063000 3.825000 0.000677
2.138000 3.825000 0.000675
2.213000 3.825000 0.000672
2.288000 3.825000 0.000669
2.363000 3.825000 0.000666
2.438000 3.825000 0.000662
2.513000 3.825000 0.000659
2.588000 3.825000 0.000654
2.663000 3.825000 0.000651
2.738000 3.825000 0.000646
2.813000 3.825000 0.000642
2.888000 3.825000 0.000638
2.963000 3.825000 0.000634
3.038000 3.825000 0.000631
3.113000 3.825000 0.000627
3.188000 3.825000 0.000623
3.263000 3.825000 0.000620
3.338000 3.825000 0.000618
3.413000 3.825000 0.000615
3.488000 3.825000 0.000613
3.563000 3.825000 0.000611
3.638000 3.825000 0.000610
3.713000 3.825000 0.000609
3.788000 3.825000 0.000609
3.863000 3.825000 0.000000
-0.037500 3.975000 0.000000
0.037500 3.975000 0.000411
0.112500 3.975000 0.000412
0.187500 3.975000 0.000412
0.262500 3.975000 0.000413
0.337500 3.975000 0.000414
0.412500 3.975000 0.000415
0.487500 3.975000 0.000416
0.562500 3.975000 0.000417
0.637500 3.975000 0.000419
0.712500 3.975000 0.000420
0.787500 3.975000 0.000422
0.862500 3.975000 0.000423
0.937500 3.975000 0.000425
1.012000 3.975000 0.000426
1.087000 3.975000 0.000428
1.163000 3.975000 0.000430
1.238000 3.975000 0.000431
1.313000 3.975000 0.000432
1.388000 3.975000 0.000433
1.463000 3.975000 0.000434
1.538000 3.975000 0.000434
1.613000 3.975000 0.000434
1.688000 3.975000 0.000435
1.763000 3.975000 0.000434
1.838000 3.975000 0.000434
1.913000 3.975000 0.000433
1.988000 3.975000 0.000432
2.063000 3.975000 0.000431
2.138000 3.975000 0.000430
2.213000 3.975000 0.000428
2.288000 3.975000 0.000426
2.363000 3.975000 0.000424
2.438000 3.975000 0.000422
2.513000 3.975000 0.000419
2.588000 3.975000 0.000417
2.663000 3.975000 0.000415
2.738000 3.975000 0.000412
2.813000 3.975000 0.000409
2.888000 3.975000 0.000407
2.963000 3.975000 0.000404
3.038000 3.975000 0.000402
3.113000 3.975000 0.000400
3.188000 3.975000 0.000398
3.263000 3.975000 0.000396
3.338000 3.975000 0.000394
3.413000 3.975000 0.000393
3.488000 3.975000 0.000391
3.563000 3.975000 0.000390
3.638000 3.975000 0.000389
3.713000 3.975000 0.000389
3.788000 3.975000 0.000389
3.863000 3.975000 0.000000
-0.037500 4.125000 0.000000
0.037500 4.125000 0.000261
0.112500 4.125000 0.000261
0.187500 4.125000 0.000262
0.262500 4.125000 0.000262
0.337500 4.125000 0.000262
0.412500 4.125000 0.000263
0.487500 4.125000 0.000264
0.562500 4.125000 0.000265
0.637500 4.125000 0.000266
0.712500 4.125000 0.000266
0.787500 4.125000 0.000267
0.862500 4.125000 0.000268
0.937500 4.125000 0.000269
1.012000 4.125000 0.000270
1.087000 4.125000 0.000271
1.163000 4.125000 0.000272
1.238000 4.125000 0.000273
1.313000 4.125000 0.000273
1.388000 4.125000 0.000274
1.463000 4.125000 0.000274
1.538000 4.125000 0.000275
1.613000 4.125000 0.000275
1.688000 4.125000 0.000275
1.763000 4.125000 0.000275
1.838000 4.125000 0.000274
1.913000 4.125000 0.000274
1.988000 4.125000 0.000273
2.063000 4.125000 0.000273
2.138000 4.125000 0.000272
2.213000 4.125000 0.000271
2.288000 4.125000 0.000270
2.363000 4.125000 0.000268
2.438000 4.125000 0.000267
2.513000 4.125000 0.000266
2.588000 4.125000 0.000264
2.663000 4.125000 0.000262
2.738000 4.125000 0.000261
2.813000 4.125000 0.000259
2.888000 4.125000 0.000258
2.963000 4.125000 0.000256
3.038000 4.125000 0.000255
3.113000 4.125000 0.000254
3.188000 4.125000 0.000252
3.263000 4.125000 0.000251
3.338000 4.125000 0.000250
3.413000 4.125000 0.000249
3.488000 4.125000 0.000248
3.563000 4.125000 0.000248
3.638000 4.125000 0.000247
3.713000 4.125000 0.000247
3.788000 4.125000 0.000247
3.863000 4.125000 0.000000
-0.037500 4.275000 0.000000
0.037500 4.275000 0.000165
0.112500 4.275000 0.000165
0.187500 4.275000 0.000165
0.262500 4.275000 0.000165
0.337500 4.275000 0.000166
0.412500 4.275000 0.000166
0.487500 4.275000 0.000167
0.562500 4.275000 0.000167
0.637500 4.275000 0.000168
0.712500 4.275000 0.000168
0.787500 4.275000 0.000169
0.862500 4.275000 0.000169
0.937500 4.275000 0.000170
1.012000 4.275000 0.000170
1.087000 4.275000 0.000171
1.163000 4.275000 0.000171
1.238000 4.275000 0.000172
1.313000 4.275000 0.000172
1.388000 4.275000 0.000173
1.463000 4.275000 0.000173
1.538000 4.275000 0.000173
1.613000 4.275000 0.000173
1.688000 4.275000 0.000173
1.763000 4.275000 0.000173
1.838000 4.275000 0.000173
1.913000 4.275000 0.000173
1.988000 4.275000 0.000172
2.063000 4.275000 0.000172
2.138000 4.275000 0.000171
2.213000 4.275000 0.000171
2.288000 4.275000 0.000170
2.363000 4.275000 0.000169
2.438000 4.275000 0.000168
2.513000 4.275000 0.000167
2.588000 4.275000 0.000166
2.663000 4.275000 0.000165
2.738000 4.275000 0.000165
2.813000 4.275000 0.000164
2.888000 4.275000 0.000163
2.963000 4.275000 0.000162
3.038000 4.275000 0.000161
3.113000 4.275000 0.000160
3.188000 4.275000 0.000159
3.263000 4.275000 0.000159
3.338000 4.275000 0.000158
3.413000 4.275000 0.000157
3.488000 4.275000 0.000157
3.563000 4.275000 0.000156
3.638000 4.275000 0.000156
3.713000 4.275000 0.000156
3.788000 4.275000 0.000156
3.863000 4.275000 0.000000
-0.037500 4.425000 0.000000
0.037500 4.425000 0.000104
0.112500 4.425000 0.000104
0.187500 4.425000 0.000104
0.262500 4.425000 0.000104
0.337500 4.425000 0.000105
0.412500 4.425000 0.000105
0.487500 4.425000 0.000105
0.562500 4.425000 0.000105
0.637500 4.425000 0.000106
0.712500 4.425000 0.000106
0.787500 4.425000 0.000106
0.862500 4.425000 0.000107
0.937500 4.425000 0.000107
1.012000 4.425000 0.000107
1.087000 4.425000 0.000107
1.163000 4.425000 0.000108
1.238000 4.425000 0.000108
1.313000 4.425000 0.000108
1.388000 4.425000 0.000108
1.463000 4.425000 0.000109
1.538000 4.425000 0.000109
1.613000 4.425000 0.000109
1.688000 4.425000 0.000109
1.763000 4.425000 0.000109
1.838000 4.425000 0.000109
1.913000 4.425000 0.000108
1.988000 4.425000 0.000108
2.063000 4.425000 0.000108
2.138000 4.425000 0.000107
2.213000 4.425000 0.000107
2.288000 4.425000 0.000107
2.363000 4.425000 0.000106
2.438000 4.425000 0.000106
2.513000 4.425000 0.000105
2.588000 4.425000 0.000105
2.663000 4.425000 0.000104
2.738000 4.425000 0.000104
2.813000 4.425000 0.000103
2.888000 4.425000 0.000102
2.963000 4.425000 0.000102
3.038000 4.425000 0.000101
3.113000 4.425000 0.000101
3.188000 4.425000 0.000100
3.263000 4.425000 0.000100
3.338000 4.425000 0.000100
3.413000 4.425000 0.000099
3.488000 4.425000 0.000099
3.563000 4.425000 0.000099
3.638000 4.425000 0.000098
3.713000 4.425000 0.000098
3.788000 4.425000 0.000098
3.863000 4.425000 0.000000
-0.037500 4.575000 0.000000
0.037500 4.575000 0.000066
0.112500 4.575000 0.000066
0.187500 4.575000 0.000066
0.262500 4.575000 0.000066
0.337500 4.575000 0.000066
0.412500 4.575000 0.000066
0.487500 4.575000 0.000066
0.562500 4.575000 0.000067
0.637500 4.575000 0.000067
0.712500 4.575000 0.000067
0.787500 4.575000 0.000067
0.862500 4.575000 0.000067
0.937500 4.575000 0.000068
1.012000 4.575000 0.000068
1.087000 4.575000 0.000068
1.163000 4.575000 0.000068
1.238000 4.575000 0.000068
1.313000 4.575000 0.000068
1.388000 4.575000 0.000069
1.463000 4.575000 0.000069
1.538000 4.575000 0.000069
1.613000 4.575000 0.000069
1.688000 4.575000 0.000069
1.763000 4.575000 0.000069
1.838000 4.575000 0.000069
1.913000 4.575000 0.000068
1.988000 4.575000 0.000068
2.063000 4.575000 0.000068
2.138000 4.575000 0.000068
2.213000 4.575000 0.000068
2.288000 4.575000 0.000067
2.363000 4.575000 0.000067
2.438000 4.575000 0.000067
2.513000 4.575000 0.000066
2.588000 4.575000 0.000066
2.663000 4.575000 0.000066
2.738000 4.575000 0.000065
2.813000 4.575000 0.000065
2.888000 4.575000 0.000065
2.963000 4.575000 0.000064
3.038000 4.575000 0.000064
3.113000 4.575000 0.000064
3.188000 4.575000 0.000064
3.263000 4.575000 0.000063
3.338000 4.575000 0.000063
3.413000 4.575000 0.000063
3.488000 4.575000 0.000063
3.563000 4.575000 0.000062
3.638000 4.575000 0.000062
3.713000 4.575000 0.000062
3.788000 4.575000 0.000062
3.863000 4.575000 0.000000
-0.037500 4.725000 0.000000
0.037500 4.725000 0.000043
0.112500 4.725000 0.000043
0.187500 4.725000 0.000043
0.262500 4.725000 0.000043
0.337500 4.725000 0.000043
0.412500 4.725000 0.000043
0.487500 4.725000 0.000043
0.562500 4.725000 0.000043
0.637500 4.725000 0.000043
0.712500 4.725000 0.000043
0.787500 4.725000 0.000044
0.862500 4.725000 0.000044
0.937500 4.725000 0.000044
1.012000 4.725000 0.000044
1.087000 4.725000 0.000044
1.163000 4.725000 0.000044
1.238000 4.725000 0.000044
1.313000 4.725000 0.000044
1.388000 4.725000 0.000044
1.463000 4.725000 0.000044
1.538000 4.725000 0.000044
1.613000 4.725000 0.000044
1.688000 4.725000 0.000044
1.763000 4.725000 0.000044
1.838000 4.725000 0.000044
1.913000 4.725000 0.000044
1.988000 4.725000 0.000044
2.063000 4.725000 0.000044
2.138000 4.725000 0.000044
2.213000 4.725000 0.000044
2.288000 4.725000 0.000044
2.363000 4.725000 0.000043
2.438000 4.725000 0.000043
2.513000 4.725000 0.000043
2.588000 4.725000 0.000043
2.663000 4.725000 0.000043
2.738000 4.725000 0.000042
2.813000 4.725000 0.000042
2.888000 4.725000 0.000042
2.963000 4.725000 0.000042
3.038000 4.725000 0.000042
3.113000 4.725000 0.000041
3.188000 4.725000 0.000041
3.263000 4.725000 0.000041
3.338000 4.725000 0.000041
3.413000 4.725000 0.000041
3.488000 4.725000 0.000041
3.563000 4.725000 0.000041
3.638000 4.725000 0.000040
3.713000 4.725000 0.000040
3.788000 4.725000 0.000040
3.863000 4.725000 0.000000
-0.037500 4.875000 0.000000
0.037500 4.875000 0.000030
0.112500 4.875000 0.000030
0.187500 4.875000 0.000030
0.262500 4.875000 0.000030
0.337500 4.875000 0.000030
0.412500 4.875000 0.000030
0.487500 4.875000 0.000030
0.562500 4.875000 0.000030
0.637500 4.875000 0.000030
0.712500 4.875000 0.000030
0.787500 4.875000 0.000030
0.862500 4.875000 0.000030
0.937500 4.875000 0.000030
1.012000 4.875000 0.000030
1.087000 4.875000 0.000030
1.163000 4.875000 0.000031
1.238000 4.875000 0.000031
1.313000 4.875000 0.000031
1.388000 4.875000 0.000031
1.463000 4.875000 0.000031
1.538000 4.875000 0.000031
1.613000 4.875000 0.000031
1.688000 4.875000 0.000031
1.763000 4.875000 0.000031
1.838000 4.875000 0.000031
1.913000 4.875000 0.000031
1.988000 4.875000 0.000031
2.063000 4.875000 0.000030
2.138000 4.875000 0.000030
2.213000 4.875000 0.000030
2.288000 4.875000 0.000030
2.363000 4.875000 0.000030
2.438000 4.875000 0.000030
2.513000 4.875000 0.000030
2.588000 4.875000 0.000030
2.663000 4.875000 0.000029
2.738000 4.875000 0.000029
2.813000 4.875000 0.000029
2.888000 4.875000 0.000029
2.963000 4.875000 0.000029
3.038000 4.875000 0.000029
3.113000 4.875000 0.000029
3.188000 4.875000 0.000029
3.263000 4.875000 0.000028
3.338000 4.875000 0.000028
3.413000 4.875000 0.000028
3.488000 4.875000 0.000028
3.563000 4.875000 0.000028
3.638000 4.875000 0.000028
3.713000 4.875000 0.000028
3.788000 4.875000 0.000028
3.863000 4.875000 0.000000
-0.037500 5.025000 0.000000
0.037500 5.025000 0.000024
0.112500 5.025000 0.000024
0.187500 5.025000 0.000024
0.262500 5.025000 0.000024
0.337500 5.025000 0.000024
0.412500 5.025000 0.000024
0.487500 5.025000 0.000024
0.562500 5.025000 0.000024
0.637500 5.025000 0.000024
0.712500 5.025000 0.000024
0.787500 5.025000 0.000024
0.862500 5.025000 0.000024
0.937500 5.025000 0.000024
1.012000 5.025000 0.000024
1.087000 5.025000 0.000024
1.163000 5.025000 0.000024
1.238000 5.025000 0.000024
1.313000 5.025000 0.000024
1.388000 5.025000 0.000025
1.463000 5.025000 0.000025
1.538000 5.025000 0.000025
1.613000 5.025000 0.000025
1.688000 5.025000 0.000025
1.763000 5.025000 0.000025
1.838000 5.025000 0.000024
1.913000 5.025000 0.000024
1.988000 5.025000 0.000024
2.063000 5.025000 0.000024
2.138000 5.025000 0.000024
2.213000 5.025000 0.000024
2.288000 5.025000 0.000024
2.363000 5.025000 0.000024
2.438000 5.025000 0.000024
2.513000 5.025000 0.000024
2.588000 5.025000 0.000024
2.663000 5.025000 0.000024
2.738000 5.025000 0.000023
2.813000 5.025000 0.000023
2.888000 5.025000 0.000023
2.963000 5.025000 0.000023
3.038000 5.025000 0.000023
3.113000 5.025000 0.000023
3.188000 5.025000 0.000023
3.263000 5.025000 0.000023
3.338000 5.025000 0.000023
3.413000 5.025000 0.000023
3.488000 5.025000 0.000023
3.563000 5.025000 0.000023
3.638000 5.025000 0.000022
3.713000 5.025000 0.000022
3.788000 5.025000 0.000022
3.863000 5.025000 0.000000
-0.037500 5.175000 0.000000
0.037500 5.175000 0.000000
0.112500 5.175000 0.000000
0.187500 5.175000 0.000000
0.262500 5.175000 0.000000
0.337500 5.175000 0.000000
0.412500 5.175000 0.000000
0.487500 5.175000 0.000000
0.562500 5.175000 0.000000
0.637500 5.175000 0.000000
0.712500 5.175000 0.000000
0.787500 5.175000 0.000000
0.862500 5.175000 0.000000
0.937500 5.175000 0.000000
1.012000 5.175000 0.000000
1.087000 5.175000 0.000000
1.163000 5.175000 0.000000
1.238000 5.175000 0.000000
1.313000 5.175000 0.000000
1.388000 5.175000 0.000000
1.463000 5.175000 0.000000
1.538000 5.175000 0.000000
1.613000 5.175000 0.000000
1.688000 5.175000 0.000000
1.763000 5.175000 0.000000
1.838000 5.175000 0.000000
1.913000 5.175000 0.000000
1.988000 5.175000 0.000000
2.063000 5.175000 0.000000
2.138000 5.175000 0.000000
2.213000 5.175000 0.000000
2.288000 5.175000 0.000000
2.363000 5.175000 0.000000
2.438000 5.175000 0.000000
2.513000 5.175000 0.000000
2.588000 5.175000 0.000000
2.663000 5.175000 0.000000
2.738000 5.175000 0.000000
2.813000 5.175000 0.000000
2.888000 5.175000 0.000000
2.963000 5.175000 0.000000
3.038000 5.175000 0.000000
3.113000 5.175000 0.000000
3.188000 5.175000 0.000000
3.263000 5.175000 0.000000
3.338000 5.175000 0.000000
3.413000 5.175000 0.000000
3.488000 5.175000 0.000000
3.563000 5.175000 0.000000
3.638000 5.175000 0.000000
3.713000 5.175000 0.000000
3.788000 5.175000 0.000000
3.863000 5.175000 0.000000
