-0.037500 -0.075000 0.000000
0.037500 -0.075000 0.000000
0.112500 -0.075000 0.000000
0.187500 -0.075000 0.000000
0.262500 -0.075000 0.000000
0.337500 -0.075000 0.000000
0.412500 -0.075000 0.000000
0.487500 -0.075000 0.000000
0.562500 -0.075000 0.000000
0.637500 -0.075000 0.000000
0.712500 -0.075000 0.000000
0.787500 -0.075000 0.000000
0.862500 -0.075000 0.000000
0.937500 -0.075000 0.000000
1.012000 -0.075000 0.000000
1.087000 -0.075000 0.000000
1.163000 -0.075000 0.000000
1.238000 -0.075000 0.000000
1.313000 -0.075000 0.000000
1.388000 -0.075000 0.000000
1.463000 -0.075000 0.000000
1.538000 -0.075000 0.000000
1.613000 -0.075000 0.000000
1.688000 -0.075000 0.000000
1.763000 -0.075000 0.000000
1.838000 -0.075000 0.000000
1.913000 -0.075000 0.000000
1.988000 -0.075000 0.000000
2.063000 -0.075000 0.000000
2.138000 -0.075000 0.000000
2.213000 -0.075000 0.000000
2.288000 -0.075000 0.000000
2.363000 -0.075000 0.000000
2.438000 -0.075000 0.000000
2.513000 -0.075000 0.000000
2.588000 -0.075000 0.000000
2.663000 -0.075000 0.000000
2.738000 -0.075000 0.000000
2.813000 -0.075000 0.000000
2.888000 -0.075000 0.000000
2.963000 -0.075000 0.000000
3.038000 -0.075000 0.000000
3.113000 -0.075000 0.000000
3.188000 -0.075000 0.000000
3.263000 -0.075000 0.000000
3.338000 -0.075000 0.000000
3.413000 -0.075000 0.000000
3.488000 -0.075000 0.000000
3.563000 -0.075000 0.000000
3.638000 -0.075000 0.000000
3.713000 -0.075000 0.000000
3.788000 -0.075000 0.000000
3.863000 -0.075000 0.000000
-0.037500 0.075000 0.000000
0.037500 0.075000 0.007800
0.112500 0.075000 0.015600
0.187500 0.075000 0.023400
0.262500 0.075000 0.031190
0.337500 0.075000 0.038990
0.412500 0.075000 0.046770
0.487500 0.075000 0.054550
0.562500 0.075000 0.062310
0.637500 0.075000 0.070050
0.712500 0.075000 0.077740
0.787500 0.075000 0.085380
0.862500 0.075000 0.092950
0.937500 0.075000 0.100400
1.012000 0.075000 0.107700
1.087000 0.075000 0.114900
1.163000 0.075000 0.121900
1.238000 0.075000 0.128500
1.313000 0.075000 0.134800
1.388000 0.075000 0.140800
1.463000 0.075000 0.146200
1.538000 0.075000 0.151000
1.613000 0.075000 0.155200
1.688000 0.075000 0.158600
1.763000 0.075000 0.161200
1.838000 0.075000 0.162900
1.913000 0.075000 0.163800
1.988000 0.075000 0.163700
2.063000 0.075000 0.162800
2.138000 0.075000 0.161000
2.213000 0.075000 0.158600
2.288000 0.075000 0.155500
2.363000 0.075000 0.151900
2.438000 0.075000 0.147900
2.513000 0.075000 0.143600
2.588000 0.075000 0.139200
2.663000 0.075000 0.134600
2.738000 0.075000 0.129900
2.813000 0.075000 0.125300
2.888000 0.075000 0.120800
2.963000 0.075000 0.116300
3.038000 0.075000 0.111900
3.113000 0.075000 0.107700
3.188000 0.075000 0.103700
3.263000 0.075000 0.099750
3.338000 0.075000 0.096000
3.413000 0.075000 0.092410
3.488000 0.075000 0.088980
3.563000 0.075000 0.085700
3.638000 0.075000 0.082570
3.713000 0.075000 0.079590
3.788000 0.075000 0.076750
3.863000 0.075000 0.000000
-0.037500 0.225000 0.000000
0.037500 0.225000 0.007800
0.112500 0.225000 0.015600
0.187500 0.225000 0.023400
0.262500 0.225000 0.031190
0.337500 0.225000 0.038990
0.412500 0.225000 0.046770
0.487500 0.225000 0.054550
0.562500 0.225000 0.062310
0.637500 0.225000 0.070050
0.712500 0.225000 0.077740
0.787500 0.225000 0.085380
0.862500 0.225000 0.092950
0.937500 0.225000 0.100400
1.012000 0.225000 0.107700
1.087000 0.225000 0.114900
1.163000 0.225000 0.121900
1.238000 0.225000 0.128500
1.313000 0.225000 0.134800
1.388000 0.225000 0.140800
1.463000 0.225000 0.146200
1.538000 0.225000 0.151000
1.613000 0.225000 0.155200
1.688000 0.225000 0.158600
1.763000 0.225000 0.161200
1.838000 0.225000 0.162900
1.913000 0.225000 0.163800
1.988000 0.225000 0.163700
2.063000 0.225000 0.162800
2.138000 0.225000 0.161000
2.213000 0.225000 0.158600
2.288000 0.225000 0.155500
2.363000 0.225000 0.151900
2.438000 0.225000 0.147900
2.513000 0.225000 0.143600
2.588000 0.225000 0.139200
2.663000 0.225000 0.134600
2.738000 0.225000 0.129900
2.813000 0.225000 0.125300
2.888000 0.225000 0.120800
2.963000 0.225000 0.116300
3.038000 0.225000 0.111900
3.113000 0.225000 0.107700
3.188000 0.225000 0.103700
3.263000 0.225000 0.099750
3.338000 0.225000 0.096000
3.413000 0.225000 0.092410
3.488000 0.225000 0.088980
3.563000 0.225000 0.085700
3.638000 0.225000 0.082570
3.713000 0.225000 0.079590
3.788000 0.225000 0.076750
3.863000 0.225000 0.000000
-0.037500 0.375000 0.000000
0.037500 0.375000 0.017040
0.112500 0.375000 0.018850
0.187500 0.375000 0.021630
0.262500 0.375000 0.025010
0.337500 0.375000 0.028770
0.412500 0.375000 0.032760
0.487500 0.375000 0.036920
0.562500 0.375000 0.041170
0.637500 0.375000 0.045490
0.712500 0.375000 0.049830
0.787500 0.375000 0.054180
0.862500 0.375000 0.058500
0.937500 0.375000 0.062770
1.012000 0.375000 0.066970
1.087000 0.375000 0.071060
1.163000 0.375000 0.075020
1.238000 0.375000 0.078800
1.313000 0.375000 0.082380
1.388000 0.375000 0.085700
1.463000 0.375000 0.088720
1.538000 0.375000 0.091400
1.613000 0.375000 0.093690
1.688000 0.375000 0.095560
1.763000 0.375000 0.096970
1.838000 0.375000 0.097900
1.913000 0.375000 0.098340
1.988000 0.375000 0.098300
2.063000 0.375000 0.097780
2.138000 0.375000 0.096820
2.213000 0.375000 0.095460
2.288000 0.375000 0.093760
2.363000 0.375000 0.091760
2.438000 0.375000 0.089520
2.513000 0.375000 0.087110
2.588000 0.375000 0.084560
2.663000 0.375000 0.081930
2.738000 0.375000 0.079250
2.813000 0.375000 0.076570
2.888000 0.375000 0.073900
2.963000 0.375000 0.071280
3.038000 0.375000 0.068720
3.113000 0.375000 0.066240
3.188000 0.375000 0.063840
3.263000 0.375000 0.061540
3.338000 0.375000 0.059350
3.413000 0.375000 0.057280
3.488000 0.375000 0.055340
3.563000 0.375000 0.053560
3.638000 0.375000 0.051990
3.713000 0.375000 0.050720
3.788000 0.375000 0.049920
3.863000 0.375000 0.000000
-0.037500 0.525000 0.000000
0.037500 0.525000 0.015360
0.112500 0.525000 0.015920
0.187500 0.525000 0.016940
0.262500 0.525000 0.018310
0.337500 0.525000 0.019930
0.412500 0.525000 0.021740
0.487500 0.525000 0.023690
0.562500 0.525000 0.025740
0.637500 0.525000 0.027850
0.712500 0.525000 0.030010
0.787500 0.525000 0.032190
0.862500 0.525000 0.034370
0.937500 0.525000 0.036530
1.012000 0.525000 0.038660
1.087000 0.525000 0.040740
1.163000 0.525000 0.042740
1.238000 0.525000 0.044650
1.313000 0.525000 0.046440
1.388000 0.525000 0.048100
1.463000 0.525000 0.049600
1.538000 0.525000 0.050920
1.613000 0.525000 0.052050
1.688000 0.525000 0.052960
1.763000 0.525000 0.053640
1.838000 0.525000 0.054090
1.913000 0.525000 0.054290
1.988000 0.525000 0.054260
2.063000 0.525000 0.054000
2.138000 0.525000 0.053520
2.213000 0.525000 0.052840
2.288000 0.525000 0.051990
2.363000 0.525000 0.050980
2.438000 0.525000 0.049850
2.513000 0.525000 0.048630
2.588000 0.525000 0.047320
2.663000 0.525000 0.045970
2.738000 0.525000 0.044590
2.813000 0.525000 0.043190
2.888000 0.525000 0.041800
2.963000 0.525000 0.040430
3.038000 0.525000 0.039080
3.113000 0.525000 0.037780
3.188000 0.525000 0.036530
3.263000 0.525000 0.035330
3.338000 0.525000 0.034210
3.413000 0.525000 0.033160
3.488000 0.525000 0.032210
3.563000 0.525000 0.031370
3.638000 0.525000 0.030670
3.713000 0.525000 0.030160
3.788000 0.525000 0.029880
3.863000 0.525000 0.000000
-0.037500 0.675000 0.000000
0.037500 0.675000 0.013480
0.112500 0.675000 0.013680
0.187500 0.675000 0.014090
0.262500 0.675000 0.014660
0.337500 0.675000 0.015380
0.412500 0.675000 0.016220
0.487500 0.675000 0.017150
0.562500 0.675000 0.018170
0.637500 0.675000 0.019240
0.712500 0.675000 0.020350
0.787500 0.675000 0.021480
0.862500 0.675000 0.022630
0.937500 0.675000 0.023770
1.012000 0.675000 0.024900
1.087000 0.675000 0.026000
1.163000 0.675000 0.027060
1.238000 0.675000 0.028060
1.313000 0.675000 0.029010
1.388000 0.675000 0.029870
1.463000 0.675000 0.030650
1.538000 0.675000 0.031330
1.613000 0.675000 0.031910
1.688000 0.675000 0.032370
1.763000 0.675000 0.032710
1.838000 0.675000 0.032930
1.913000 0.675000 0.033030
1.988000 0.675000 0.033000
2.063000 0.675000 0.032850
2.138000 0.675000 0.032600
2.213000 0.675000 0.032240
2.288000 0.675000 0.031780
2.363000 0.675000 0.031250
2.438000 0.675000 0.030640
2.513000 0.675000 0.029980
2.588000 0.675000 0.029270
2.663000 0.675000 0.028530
2.738000 0.675000 0.027770
2.813000 0.675000 0.027000
2.888000 0.675000 0.026230
2.963000 0.675000 0.025460
3.038000 0.675000 0.024710
3.113000 0.675000 0.023990
3.188000 0.675000 0.023300
3.263000 0.675000 0.022650
3.338000 0.675000 0.022050
3.413000 0.675000 0.021500
3.488000 0.675000 0.021020
3.563000 0.675000 0.020610
3.638000 0.675000 0.020280
3.713000 0.675000 0.020050
3.788000 0.675000 0.019940
3.863000 0.675000 0.000000
-0.037500 0.825000 0.000000
0.037500 0.825000 0.011870
0.112500 0.825000 0.011990
0.187500 0.825000 0.012240
0.262500 0.825000 0.012600
0.337500 0.825000 0.013060
0.412500 0.825000 0.013610
0.487500 0.825000 0.014230
0.562500 0.825000 0.014910
0.637500 0.825000 0.015640
0.712500 0.825000 0.016400
0.787500 0.825000 0.017180
0.862500 0.825000 0.017980
0.937500 0.825000 0.018770
1.012000 0.825000 0.019560
1.087000 0.825000 0.020330
1.163000 0.825000 0.021060
1.238000 0.825000 0.021770
1.313000 0.825000 0.022420
1.388000 0.825000 0.023020
1.463000 0.825000 0.023560
1.538000 0.825000 0.024030
1.613000 0.825000 0.024420
1.688000 0.825000 0.024740
1.763000 0.825000 0.024970
1.838000 0.825000 0.025120
1.913000 0.825000 0.025180
1.988000 0.825000 0.025160
2.063000 0.825000 0.025050
2.138000 0.825000 0.024870
2.213000 0.825000 0.024610
2.288000 0.825000 0.024290
2.363000 0.825000 0.023920
2.438000 0.825000 0.023490
2.513000 0.825000 0.023020
2.588000 0.825000 0.022510
2.663000 0.825000 0.021990
2.738000 0.825000 0.021440
2.813000 0.825000 0.020890
2.888000 0.825000 0.020340
2.963000 0.825000 0.019790
3.038000 0.825000 0.019250
3.113000 0.825000 0.018740
3.188000 0.825000 0.018250
3.263000 0.825000 0.017790
3.338000 0.825000 0.017360
3.413000 0.825000 0.016990
3.488000 0.825000 0.016660
3.563000 0.825000 0.016390
3.638000 0.825000 0.016170
3.713000 0.825000 0.016030
3.788000 0.825000 0.015950
3.863000 0.825000 0.000000
-0.037500 0.975000 0.000000
0.037500 0.975000 0.010180
0.112500 0.975000 0.010260
0.187500 0.975000 0.010430
0.262500 0.975000 0.010670
0.337500 0.975000 0.010980
0.412500 0.975000 0.011360
0.487500 0.975000 0.011790
0.562500 0.975000 0.012260
0.637500 0.975000 0.012770
0.712500 0.975000 0.013300
0.787500 0.975000 0.013850
0.862500 0.975000 0.014420
0.937500 0.975000 0.014980
1.012000 0.975000 0.015540
1.087000 0.975000 0.016090
1.163000 0.975000 0.016620
1.238000 0.975000 0.017120
1.313000 0.975000 0.017590
1.388000 0.975000 0.018010
1.463000 0.975000 0.018390
1.538000 0.975000 0.018730
1.613000 0.975000 0.019010
1.688000 0.975000 0.019230
1.763000 0.975000 0.019390
1.838000 0.975000 0.019490
1.913000 0.975000 0.019530
1.988000 0.975000 0.019510
2.063000 0.975000 0.019430
2.138000 0.975000 0.019300
2.213000 0.975000 0.019120
2.288000 0.975000 0.018890
2.363000 0.975000 0.018610
2.438000 0.975000 0.018300
2.513000 0.975000 0.017960
2.588000 0.975000 0.017590
2.663000 0.975000 0.017210
2.738000 0.975000 0.016810
2.813000 0.975000 0.016410
2.888000 0.975000 0.016000
2.963000 0.975000 0.015600
3.038000 0.975000 0.015210
3.113000 0.975000 0.014840
3.188000 0.975000 0.014480
3.263000 0.975000 0.014150
3.338000 0.975000 0.013850
3.413000 0.975000 0.013580
3.488000 0.975000 0.013350
3.563000 0.975000 0.013170
3.638000 0.975000 0.013020
3.713000 0.975000 0.012930
3.788000 0.975000 0.012880
3.863000 0.975000 0.000000
-0.037500 1.125000 0.000000
0.037500 1.125000 0.008682
0.112500 1.125000 0.008744
0.187500 1.125000 0.008865
0.262500 1.125000 0.009041
0.337500 1.125000 0.009270
0.412500 1.125000 0.009544
0.487500 1.125000 0.009860
0.562500 1.125000 0.010210
0.637500 1.125000 0.010590
0.712500 1.125000 0.010990
0.787500 1.125000 0.011400
0.862500 1.125000 0.011830
0.937500 1.125000 0.012250
1.012000 1.125000 0.012670
1.087000 1.125000 0.013090
1.163000 1.125000 0.013480
1.238000 1.125000 0.013860
1.313000 1.125000 0.014210
1.388000 1.125000 0.014530
1.463000 1.125000 0.014820
1.538000 1.125000 0.015070
1.613000 1.125000 0.015280
1.688000 1.125000 0.015450
1.763000 1.125000 0.015570
1.838000 1.125000 0.015640
1.913000 1.125000 0.015670
1.988000 1.125000 0.015650
2.063000 1.125000 0.015590
2.138000 1.125000 0.015490
2.213000 1.125000 0.015350
2.288000 1.125000 0.015170
2.363000 1.125000 0.014960
2.438000 1.125000 0.014730
2.513000 1.125000 0.014470
2.588000 1.125000 0.014190
2.663000 1.125000 0.013890
2.738000 1.125000 0.013590
2.813000 1.125000 0.013280
2.888000 1.125000 0.012970
2.963000 1.125000 0.012660
3.038000 1.125000 0.012360
3.113000 1.125000 0.012070
3.188000 1.125000 0.011800
3.263000 1.125000 0.011550
3.338000 1.125000 0.011320
3.413000 1.125000 0.011130
3.488000 1.125000 0.010960
3.563000 1.125000 0.010820
3.638000 1.125000 0.010720
3.713000 1.125000 0.010650
3.788000 1.125000 0.010610
3.863000 1.125000 0.000000
-0.037500 1.275000 0.000000
0.037500 1.275000 0.006232
0.112500 1.275000 0.006274
0.187500 1.275000 0.006354
0.262500 1.275000 0.006470
0.337500 1.275000 0.006620
0.412500 1.275000 0.006801
0.487500 1.275000 0.007009
0.562500 1.275000 0.007241
0.637500 1.275000 0.007491
0.712500 1.275000 0.007756
0.787500 1.275000 0.008032
0.862500 1.275000 0.008314
0.937500 1.275000 0.008598
1.012000 1.275000 0.008879
1.087000 1.275000 0.009154
1.163000 1.275000 0.009420
1.238000 1.275000 0.009671
1.313000 1.275000 0.009906
1.388000 1.275000 0.010120
1.463000 1.275000 0.010310
1.538000 1.275000 0.010480
1.613000 1.275000 0.010620
1.688000 1.275000 0.010730
1.763000 1.275000 0.010810
1.838000 1.275000 0.010860
1.913000 1.275000 0.010880
1.988000 1.275000 0.010870
2.063000 1.275000 0.010820
2.138000 1.275000 0.010760
2.213000 1.275000 0.010660
2.288000 1.275000 0.010540
2.363000 1.275000 0.010400
2.438000 1.275000 0.010240
2.513000 1.275000 0.010070
2.588000 1.275000 0.009878
2.663000 1.275000 0.009680
2.738000 1.275000 0.009475
2.813000 1.275000 0.009266
2.888000 1.275000 0.009057
2.963000 1.275000 0.008850
3.038000 1.275000 0.008650
3.113000 1.275000 0.008457
3.188000 1.275000 0.008276
3.263000 1.275000 0.008110
3.338000 1.275000 0.007960
3.413000 1.275000 0.007828
3.488000 1.275000 0.007718
3.563000 1.275000 0.007630
3.638000 1.275000 0.007563
3.713000 1.275000 0.007519
3.788000 1.275000 0.007495
3.863000 1.275000 0.000000
-0.037500 1.425000 0.000000
0.037500 1.425000 0.003887
0.112500 1.425000 0.003910
0.187500 1.425000 0.003954
0.262500 1.425000 0.004019
0.337500 1.425000 0.004104
0.412500 1.425000 0.004205
0.487500 1.425000 0.004323
0.562500 1.425000 0.004453
0.637500 1.425000 0.004595
0.712500 1.425000 0.004745
0.787500 1.425000 0.004902
0.862500 1.425000 0.005062
0.937500 1.425000 0.005223
1.012000 1.425000 0.005384
1.087000 1.425000 0.005541
1.163000 1.425000 0.005692
1.238000 1.425000 0.005835
1.313000 1.425000 0.005969
1.388000 1.425000 0.006091
1.463000 1.425000 0.006200
1.538000 1.425000 0.006295
1.613000 1.425000 0.006374
1.688000 1.425000 0.006437
1.763000 1.425000 0.006482
1.838000 1.425000 0.006510
1.913000 1.425000 0.006521
1.988000 1.425000 0.006514
2.063000 1.425000 0.006490
2.138000 1.425000 0.006451
2.213000 1.425000 0.006396
2.288000 1.425000 0.006327
2.363000 1.425000 0.006246
2.438000 1.425000 0.006155
2.513000 1.425000 0.006053
2.588000 1.425000 0.005945
2.663000 1.425000 0.005830
2.738000 1.425000 0.005712
2.813000 1.425000 0.005592
2.888000 1.425000 0.005472
2.963000 1.425000 0.005353
3.038000 1.425000 0.005238
3.113000 1.425000 0.005127
3.188000 1.425000 0.005024
3.263000 1.425000 0.004929
3.338000 1.425000 0.004844
3.413000 1.425000 0.004770
3.488000 1.425000 0.004708
3.563000 1.425000 0.004658
3.638000 1.425000 0.004621
3.713000 1.425000 0.004595
3.788000 1.425000 0.004582
3.863000 1.425000 0.000000
-0.037500 1.575000 0.000000
0.037500 1.575000 0.002400
0.112500 1.575000 0.002413
0.187500 1.575000 0.002437
0.262500 1.575000 0.002474
0.337500 1.575000 0.002521
0.412500 1.575000 0.002578
0.487500 1.575000 0.002644
0.562500 1.575000 0.002717
0.637500 1.575000 0.002797
0.712500 1.575000 0.002882
0.787500 1.575000 0.002971
0.862500 1.575000 0.003061
0.937500 1.575000 0.003153
1.012000 1.575000 0.003244
1.087000 1.575000 0.003333
1.163000 1.575000 0.003419
1.238000 1.575000 0.003500
1.313000 1.575000 0.003576
1.388000 1.575000 0.003645
1.463000 1.575000 0.003707
1.538000 1.575000 0.003761
1.613000 1.575000 0.003806
1.688000 1.575000 0.003841
1.763000 1.575000 0.003867
1.838000 1.575000 0.003883
1.913000 1.575000 0.003888
1.988000 1.575000 0.003884
2.063000 1.575000 0.003871
2.138000 1.575000 0.003848
2.213000 1.575000 0.003816
2.288000 1.575000 0.003777
2.363000 1.575000 0.003730
2.438000 1.575000 0.003678
2.513000 1.575000 0.003620
2.588000 1.575000 0.003557
2.663000 1.575000 0.003492
2.738000 1.575000 0.003424
2.813000 1.575000 0.003355
2.888000 1.575000 0.003286
2.963000 1.575000 0.003218
3.038000 1.575000 0.003152
3.113000 1.575000 0.003090
3.188000 1.575000 0.003031
3.263000 1.575000 0.002977
3.338000 1.575000 0.002929
3.413000 1.575000 0.002887
3.488000 1.575000 0.002852
3.563000 1.575000 0.002823
3.638000 1.575000 0.002802
3.713000 1.575000 0.002787
3.788000 1.575000 0.002778
3.863000 1.575000 0.000000
-0.037500 1.725000 0.000000
0.037500 1.725000 0.001463
0.112500 1.725000 0.001469
0.187500 1.725000 0.001483
0.262500 1.725000 0.001503
0.337500 1.725000 0.001529
0.412500 1.725000 0.001561
0.487500 1.725000 0.001598
0.562500 1.725000 0.001639
0.637500 1.725000 0.001684
0.712500 1.725000 0.001731
0.787500 1.725000 0.001781
0.862500 1.725000 0.001832
0.937500 1.725000 0.001884
1.012000 1.725000 0.001935
1.087000 1.725000 0.001985
1.163000 1.725000 0.002034
1.238000 1.725000 0.002079
1.313000 1.725000 0.002122
1.388000 1.725000 0.002161
1.463000 1.725000 0.002196
1.538000 1.725000 0.002227
1.613000 1.725000 0.002252
1.688000 1.725000 0.002272
1.763000 1.725000 0.002286
1.838000 1.725000 0.002295
1.913000 1.725000 0.002298
1.988000 1.725000 0.002295
2.063000 1.725000 0.002288
2.138000 1.725000 0.002274
2.213000 1.725000 0.002257
2.288000 1.725000 0.002234
2.363000 1.725000 0.002208
2.438000 1.725000 0.002178
2.513000 1.725000 0.002145
2.588000 1.725000 0.002109
2.663000 1.725000 0.002072
2.738000 1.725000 0.002033
2.813000 1.725000 0.001994
2.888000 1.725000 0.001955
2.963000 1.725000 0.001916
3.038000 1.725000 0.001879
3.113000 1.725000 0.001844
3.188000 1.725000 0.001810
3.263000 1.725000 0.001780
3.338000 1.725000 0.001753
3.413000 1.725000 0.001729
3.488000 1.725000 0.001709
3.563000 1.725000 0.001693
3.638000 1.725000 0.001681
3.713000 1.725000 0.001672
3.788000 1.725000 0.001666
3.863000 1.725000 0.000000
-0.037500 1.875000 0.000000
0.037500 1.875000 0.000872
0.112500 1.875000 0.000876
0.187500 1.875000 0.000883
0.262500 1.875000 0.000894
0.337500 1.875000 0.000909
0.412500 1.875000 0.000926
0.487500 1.875000 0.000947
0.562500 1.875000 0.000969
0.637500 1.875000 0.000994
0.712500 1.875000 0.001021
0.787500 1.875000 0.001048
0.862500 1.875000 0.001076
0.937500 1.875000 0.001105
1.012000 1.875000 0.001133
1.087000 1.875000 0.001161
1.163000 1.875000 0.001188
1.238000 1.875000 0.001214
1.313000 1.875000 0.001237
1.388000 1.875000 0.001259
1.463000 1.875000 0.001278
1.538000 1.875000 0.001295
1.613000 1.875000 0.001309
1.688000 1.875000 0.001320
1.763000 1.875000 0.001328
1.838000 1.875000 0.001333
1.913000 1.875000 0.001335
1.988000 1.875000 0.001333
2.063000 1.875000 0.001329
2.138000 1.875000 0.001321
2.213000 1.875000 0.001311
2.288000 1.875000 0.001299
2.363000 1.875000 0.001284
2.438000 1.875000 0.001267
2.513000 1.875000 0.001249
2.588000 1.875000 0.001229
2.663000 1.875000 0.001208
2.738000 1.875000 0.001186
2.813000 1.875000 0.001164
2.888000 1.875000 0.001143
2.963000 1.875000 0.001121
3.038000 1.875000 0.001100
3.113000 1.875000 0.001081
3.188000 1.875000 0.001062
3.263000 1.875000 0.001045
3.338000 1.875000 0.001030
3.413000 1.875000 0.001017
3.488000 1.875000 0.001006
3.563000 1.875000 0.000997
3.638000 1.875000 0.000990
3.713000 1.875000 0.000985
3.788000 1.875000 0.000982
3.863000 1.875000 0.000000
-0.037500 2.025000 0.000000
0.037500 2.025000 0.000501
0.112500 2.025000 0.000503
0.187500 2.025000 0.000507
0.262500 2.025000 0.000512
0.337500 2.025000 0.000520
0.412500 2.025000 0.000529
0.487500 2.025000 0.000540
0.562500 2.025000 0.000552
0.637500 2.025000 0.000565
0.712500 2.025000 0.000579
0.787500 2.025000 0.000594
0.862500 2.025000 0.000609
0.937500 2.025000 0.000624
1.012000 2.025000 0.000640
1.087000 2.025000 0.000654
1.163000 2.025000 0.000669
1.238000 2.025000 0.000683
1.313000 2.025000 0.000695
1.388000 2.025000 0.000707
1.463000 2.025000 0.000717
1.538000 2.025000 0.000726
1.613000 2.025000 0.000734
1.688000 2.025000 0.000739
1.763000 2.025000 0.000744
1.838000 2.025000 0.000746
1.913000 2.025000 0.000747
1.988000 2.025000 0.000746
2.063000 2.025000 0.000744
2.138000 2.025000 0.000740
2.213000 2.025000 0.000735
2.288000 2.025000 0.000728
2.363000 2.025000 0.000720
2.438000 2.025000 0.000711
2.513000 2.025000 0.000701
2.588000 2.025000 0.000690
2.663000 2.025000 0.000679
2.738000 2.025000 0.000667
2.813000 2.025000 0.000655
2.888000 2.025000 0.000644
2.963000 2.025000 0.000632
3.038000 2.025000 0.000621
3.113000 2.025000 0.000610
3.188000 2.025000 0.000601
3.263000 2.025000 0.000592
3.338000 2.025000 0.000584
3.413000 2.025000 0.000577
3.488000 2.025000 0.000571
3.563000 2.025000 0.000566
3.638000 2.025000 0.000562
3.713000 2.025000 0.000559
3.788000 2.025000 0.000557
3.863000 2.025000 0.000000
-0.037500 2.175000 0.000000
0.037500 2.175000 0.000262
0.112500 2.175000 0.000263
0.187500 2.175000 0.000265
0.262500 2.175000 0.000268
0.337500 2.175000 0.000271
0.412500 2.175000 0.000276
0.487500 2.175000 0.000281
0.562500 2.175000 0.000286
0.637500 2.175000 0.000292
0.712500 2.175000 0.000299
0.787500 2.175000 0.000306
0.862500 2.175000 0.000313
0.937500 2.175000 0.000320
1.012000 2.175000 0.000327
1.087000 2.175000 0.000335
1.163000 2.175000 0.000341
1.238000 2.175000 0.000348
1.313000 2.175000 0.000354
1.388000 2.175000 0.000359
1.463000 2.175000 0.000364
1.538000 2.175000 0.000368
1.613000 2.175000 0.000372
1.688000 2.175000 0.000375
1.763000 2.175000 0.000377
1.838000 2.175000 0.000378
1.913000 2.175000 0.000378
1.988000 2.175000 0.000378
2.063000 2.175000 0.000377
2.138000 2.175000 0.000375
2.213000 2.175000 0.000372
2.288000 2.175000 0.000369
2.363000 2.175000 0.000365
2.438000 2.175000 0.000361
2.513000 2.175000 0.000356
2.588000 2.175000 0.000351
2.663000 2.175000 0.000346
2.738000 2.175000 0.000340
2.813000 2.175000 0.000334
2.888000 2.175000 0.000329
2.963000 2.175000 0.000323
3.038000 2.175000 0.000318
3.113000 2.175000 0.000313
3.188000 2.175000 0.000308
3.263000 2.175000 0.000304
3.338000 2.175000 0.000300
3.413000 2.175000 0.000297
3.488000 2.175000 0.000295
3.563000 2.175000 0.000292
3.638000 2.175000 0.000290
3.713000 2.175000 0.000289
3.788000 2.175000 0.000288
3.863000 2.175000 0.000000
-0.037500 2.325000 0.000000
0.037500 2.325000 0.000154
0.112500 2.325000 0.000154
0.187500 2.325000 0.000155
0.262500 2.325000 0.000156
0.337500 2.325000 0.000158
0.412500 2.325000 0.000160
0.487500 2.325000 0.000163
0.562500 2.325000 0.000165
0.637500 2.325000 0.000168
0.712500 2.325000 0.000172
0.787500 2.325000 0.000175
0.862500 2.325000 0.000179
0.937500 2.325000 0.000182
1.012000 2.325000 0.000186
1.087000 2.325000 0.000189
1.163000 2.325000 0.000192
1.238000 2.325000 0.000196
1.313000 2.325000 0.000198
1.388000 2.325000 0.000201
1.463000 2.325000 0.000204
1.538000 2.325000 0.000206
1.613000 2.325000 0.000207
1.688000 2.325000 0.000209
1.763000 2.325000 0.000210
1.838000 2.325000 0.000210
1.913000 2.325000 0.000210
1.988000 2.325000 0.000210
2.063000 2.325000 0.000209
2.138000 2.325000 0.000209
2.213000 2.325000 0.000207
2.288000 2.325000 0.000206
2.363000 2.325000 0.000204
2.438000 2.325000 0.000202
2.513000 2.325000 0.000199
2.588000 2.325000 0.000197
2.663000 2.325000 0.000194
2.738000 2.325000 0.000191
2.813000 2.325000 0.000188
2.888000 2.325000 0.000186
2.963000 2.325000 0.000183
3.038000 2.325000 0.000180
3.113000 2.325000 0.000178
3.188000 2.325000 0.000175
3.263000 2.325000 0.000173
3.338000 2.325000 0.000171
3.413000 2.325000 0.000170
3.488000 2.325000 0.000169
3.563000 2.325000 0.000167
3.638000 2.325000 0.000167
3.713000 2.325000 0.000166
3.788000 2.325000 0.000166
3.863000 2.325000 0.000000
-0.037500 2.475000 0.000000
0.037500 2.475000 0.000113
0.112500 2.475000 0.000113
0.187500 2.475000 0.000114
0.262500 2.475000 0.000115
0.337500 2.475000 0.000116
0.412500 2.475000 0.000117
0.487500 2.475000 0.000119
0.562500 2.475000 0.000121
0.637500 2.475000 0.000123
0.712500 2.475000 0.000125
0.787500 2.475000 0.000127
0.862500 2.475000 0.000130
0.937500 2.475000 0.000132
1.012000 2.475000 0.000134
1.087000 2.475000 0.000137
1.163000 2.475000 0.000139
1.238000 2.475000 0.000141
1.313000 2.475000 0.000143
1.388000 2.475000 0.000145
1.463000 2.475000 0.000146
1.538000 2.475000 0.000148
1.613000 2.475000 0.000149
1.688000 2.475000 0.000150
1.763000 2.475000 0.000150
1.838000 2.475000 0.000151
1.913000 2.475000 0.000151
1.988000 2.475000 0.000151
2.063000 2.475000 0.000150
2.138000 2.475000 0.000150
2.213000 2.475000 0.000149
2.288000 2.475000 0.000148
2.363000 2.475000 0.000146
2.438000 2.475000 0.000145
2.513000 2.475000 0.000143
2.588000 2.475000 0.000142
2.663000 2.475000 0.000140
2.738000 2.475000 0.000138
2.813000 2.475000 0.000136
2.888000 2.475000 0.000134
2.963000 2.475000 0.000132
3.038000 2.475000 0.000131
3.113000 2.475000 0.000129
3.188000 2.475000 0.000127
3.263000 2.475000 0.000126
3.338000 2.475000 0.000125
3.413000 2.475000 0.000124
3.488000 2.475000 0.000123
3.563000 2.475000 0.000122
3.638000 2.475000 0.000122
3.713000 2.475000 0.000122
3.788000 2.475000 0.000121
3.863000 2.475000 0.000000
-0.037500 2.625000 0.000000
0.037500 2.625000 0.000084
0.112500 2.625000 0.000084
0.187500 2.625000 0.000085
0.262500 2.625000 0.000085
0.337500 2.625000 0.000086
0.412500 2.625000 0.000087
0.487500 2.625000 0.000088
0.562500 2.625000 0.000090
0.637500 2.625000 0.000091
0.712500 2.625000 0.000092
0.787500 2.625000 0.000094
0.862500 2.625000 0.000096
0.937500 2.625000 0.000097
1.012000 2.625000 0.000099
1.087000 2.625000 0.000100
1.163000 2.625000 0.000102
1.238000 2.625000 0.000103
1.313000 2.625000 0.000105
1.388000 2.625000 0.000106
1.463000 2.625000 0.000107
1.538000 2.625000 0.000108
1.613000 2.625000 0.000108
1.688000 2.625000 0.000109
1.763000 2.625000 0.000110
1.838000 2.625000 0.000110
1.913000 2.625000 0.000110
1.988000 2.625000 0.000110
2.063000 2.625000 0.000109
2.138000 2.625000 0.000109
2.213000 2.625000 0.000108
2.288000 2.625000 0.000108
2.363000 2.625000 0.000107
2.438000 2.625000 0.000106
2.513000 2.625000 0.000105
2.588000 2.625000 0.000104
2.663000 2.625000 0.000102
2.738000 2.625000 0.000101
2.813000 2.625000 0.000100
2.888000 2.625000 0.000099
2.963000 2.625000 0.000097
3.038000 2.625000 0.000096
3.113000 2.625000 0.000095
3.188000 2.625000 0.000094
3.263000 2.625000 0.000093
3.338000 2.625000 0.000092
3.413000 2.625000 0.000092
3.488000 2.625000 0.000091
3.563000 2.625000 0.000091
3.638000 2.625000 0.000090
3.713000 2.625000 0.000090
3.788000 2.625000 0.000090
3.863000 2.625000 0.000000
-0.037500 2.775000 0.000000
0.037500 2.775000 0.000065
0.112500 2.775000 0.000065
0.187500 2.775000 0.000065
0.262500 2.775000 0.000065
0.337500 2.775000 0.000066
0.412500 2.775000 0.000067
0.487500 2.775000 0.000068
0.562500 2.775000 0.000068
0.637500 2.775000 0.000069
0.712500 2.775000 0.000071
0.787500 2.775000 0.000072
0.862500 2.775000 0.000073
0.937500 2.775000 0.000074
1.012000 2.775000 0.000075
1.087000 2.775000 0.000076
1.163000 2.775000 0.000077
1.238000 2.775000 0.000078
1.313000 2.775000 0.000079
1.388000 2.775000 0.000080
1.463000 2.775000 0.000081
1.538000 2.775000 0.000082
1.613000 2.775000 0.000082
1.688000 2.775000 0.000083
1.763000 2.775000 0.000083
1.838000 2.775000 0.000083
1.913000 2.775000 0.000083
1.988000 2.775000 0.000083
2.063000 2.775000 0.000083
2.138000 2.775000 0.000083
2.213000 2.775000 0.000082
2.288000 2.775000 0.000082
2.363000 2.775000 0.000081
2.438000 2.775000 0.000080
2.513000 2.775000 0.000079
2.588000 2.775000 0.000079
2.663000 2.775000 0.000078
2.738000 2.775000 0.000077
2.813000 2.775000 0.000076
2.888000 2.775000 0.000075
2.963000 2.775000 0.000074
3.038000 2.775000 0.000073
3.113000 2.775000 0.000073
3.188000 2.775000 0.000072
3.263000 2.775000 0.000071
3.338000 2.775000 0.000071
3.413000 2.775000 0.000070
3.488000 2.775000 0.000070
3.563000 2.775000 0.000070
3.638000 2.775000 0.000069
3.713000 2.775000 0.000069
3.788000 2.775000 0.000069
3.863000 2.775000 0.000000
-0.037500 2.925000 0.000000
0.037500 2.925000 0.000041
0.112500 2.925000 0.000041
0.187500 2.925000 0.000041
0.262500 2.925000 0.000041
0.337500 2.925000 0.000042
0.412500 2.925000 0.000042
0.487500 2.925000 0.000043
0.562500 2.925000 0.000043
0.637500 2.925000 0.000044
0.712500 2.925000 0.000045
0.787500 2.925000 0.000045
0.862500 2.925000 0.000046
0.937500 2.925000 0.000047
1.012000 2.925000 0.000047
1.087000 2.925000 0.000048
1.163000 2.925000 0.000049
1.238000 2.925000 0.000049
1.313000 2.925000 0.000050
1.388000 2.925000 0.000051
1.463000 2.925000 0.000051
1.538000 2.925000 0.000052
1.613000 2.925000 0.000052
1.688000 2.925000 0.000052
1.763000 2.925000 0.000052
1.838000 2.925000 0.000052
1.913000 2.925000 0.000052
1.988000 2.925000 0.000052
2.063000 2.925000 0.000052
2.138000 2.925000 0.000052
2.213000 2.925000 0.000052
2.288000 2.925000 0.000052
2.363000 2.925000 0.000051
2.438000 2.925000 0.000051
2.513000 2.925000 0.000050
2.588000 2.925000 0.000050
2.663000 2.925000 0.000049
2.738000 2.925000 0.000049
2.813000 2.925000 0.000048
2.888000 2.925000 0.000048
2.963000 2.925000 0.000047
3.038000 2.925000 0.000046
3.113000 2.925000 0.000046
3.188000 2.925000 0.000046
3.263000 2.925000 0.000045
3.338000 2.925000 0.000045
3.413000 2.925000 0.000045
3.488000 2.925000 0.000044
3.563000 2.925000 0.000044
3.638000 2.925000 0.000044
3.713000 2.925000 0.000044
3.788000 2.925000 0.000044
3.863000 2.925000 0.000000
-0.037500 3.075000 0.000000
0.037500 3.075000 0.000022
0.112500 3.075000 0.000022
0.187500 3.075000 0.000022
0.262500 3.075000 0.000022
0.337500 3.075000 0.000022
0.412500 3.075000 0.000022
0.487500 3.075000 0.000023
0.562500 3.075000 0.000023
0.637500 3.075000 0.000023
0.712500 3.075000 0.000024
0.787500 3.075000 0.000024
0.862500 3.075000 0.000024
0.937500 3.075000 0.000025
1.012000 3.075000 0.000025
1.087000 3.075000 0.000025
1.163000 3.075000 0.000026
1.238000 3.075000 0.000026
1.313000 3.075000 0.000026
1.388000 3.075000 0.000027
1.463000 3.075000 0.000027
1.538000 3.075000 0.000027
1.613000 3.075000 0.000027
1.688000 3.075000 0.000028
1.763000 3.075000 0.000028
1.838000 3.075000 0.000028
1.913000 3.075000 0.000028
1.988000 3.075000 0.000028
2.063000 3.075000 0.000028
2.138000 3.075000 0.000028
2.213000 3.075000 0.000027
2.288000 3.075000 0.000027
2.363000 3.075000 0.000027
2.438000 3.075000 0.000027
2.513000 3.075000 0.000027
2.588000 3.075000 0.000026
2.663000 3.075000 0.000026
2.738000 3.075000 0.000026
2.813000 3.075000 0.000025
2.888000 3.075000 0.000025
2.963000 3.075000 0.000025
3.038000 3.075000 0.000025
3.113000 3.075000 0.000024
3.188000 3.075000 0.000024
3.263000 3.075000 0.000024
3.338000 3.075000 0.000024
3.413000 3.075000 0.000024
3.488000 3.075000 0.000024
3.563000 3.075000 0.000024
3.638000 3.075000 0.000024
3.713000 3.075000 0.000024
3.788000 3.075000 0.000024
3.863000 3.075000 0.000000
-0.037500 3.225000 0.000000
0.037500 3.225000 0.000011
0.112500 3.225000 0.000011
0.187500 3.225000 0.000011
0.262500 3.225000 0.000011
0.337500 3.225000 0.000012
0.412500 3.225000 0.000012
0.487500 3.225000 0.000012
0.562500 3.225000 0.000012
0.637500 3.225000 0.000012
0.712500 3.225000 0.000012
0.787500 3.225000 0.000013
0.862500 3.225000 0.000013
0.937500 3.225000 0.000013
1.012000 3.225000 0.000013
1.087000 3.225000 0.000013
1.163000 3.225000 0.000013
1.238000 3.225000 0.000014
1.313000 3.225000 0.000014
1.388000 3.225000 0.000014
1.463000 3.225000 0.000014
1.538000 3.225000 0.000014
1.613000 3.225000 0.000014
1.688000 3.225000 0.000014
1.763000 3.225000 0.000014
1.838000 3.225000 0.000014
1.913000 3.225000 0.000014
1.988000 3.225000 0.000014
2.063000 3.225000 0.000014
2.138000 3.225000 0.000014
2.213000 3.225000 0.000014
2.288000 3.225000 0.000014
2.363000 3.225000 0.000014
2.438000 3.225000 0.000014
2.513000 3.225000 0.000014
2.588000 3.225000 0.000014
2.663000 3.225000 0.000014
2.738000 3.225000 0.000014
2.813000 3.225000 0.000013
2.888000 3.225000 0.000013
2.963000 3.225000 0.000013
3.038000 3.225000 0.000013
3.113000 3.225000 0.000013
3.188000 3.225000 0.000013
3.263000 3.225000 0.000013
3.338000 3.225000 0.000013
3.413000 3.225000 0.000013
3.488000 3.225000 0.000012
3.563000 3.225000 0.000012
3.638000 3.225000 0.000012
3.713000 3.225000 0.000012
3.788000 3.225000 0.000012
3.863000 3.225000 0.000000
-0.037500 3.375000 0.000000
0.037500 3.375000 0.000006
0.112500 3.375000 0.000006
0.187500 3.375000 0.000006
0.262500 3.375000 0.000006
0.337500 3.375000 0.000006
0.412500 3.375000 0.000006
0.487500 3.375000 0.000006
0.562500 3.375000 0.000006
0.637500 3.375000 0.000006
0.712500 3.375000 0.000006
0.787500 3.375000 0.000006
0.862500 3.375000 0.000007
0.937500 3.375000 0.000007
1.012000 3.375000 0.000007
1.087000 3.375000 0.000007
1.163000 3.375000 0.000007
1.238000 3.375000 0.000007
1.313000 3.375000 0.000007
1.388000 3.375000 0.000007
1.463000 3.375000 0.000007
1.538000 3.375000 0.000007
1.613000 3.375000 0.000007
1.688000 3.375000 0.000007
1.763000 3.375000 0.000007
1.838000 3.375000 0.000007
1.913000 3.375000 0.000008
1.988000 3.375000 0.000008
2.063000 3.375000 0.000007
2.138000 3.375000 0.000007
2.213000 3.375000 0.000007
2.288000 3.375000 0.000007
2.363000 3.375000 0.000007
2.438000 3.375000 0.000007
2.513000 3.375000 0.000007
2.588000 3.375000 0.000007
2.663000 3.375000 0.000007
2.738000 3.375000 0.000007
2.813000 3.375000 0.000007
2.888000 3.375000 0.000007
2.963000 3.375000 0.000007
3.038000 3.375000 0.000007
3.113000 3.375000 0.000007
3.188000 3.375000 0.000007
3.263000 3.375000 0.000007
3.338000 3.375000 0.000007
3.413000 3.375000 0.000007
3.488000 3.375000 0.000007
3.563000 3.375000 0.000007
3.638000 3.375000 0.000007
3.713000 3.375000 0.000006
3.788000 3.375000 0.000006
3.863000 3.375000 0.000000
-0.037500 3.525000 0.000000
0.037500 3.525000 0.000003
0.112500 3.525000 0.000003
0.187500 3.525000 0.000003
0.262500 3.525000 0.000003
0.337500 3.525000 0.000003
0.412500 3.525000 0.000003
0.487500 3.525000 0.000003
0.562500 3.525000 0.000003
0.637500 3.525000 0.000003
0.712500 3.525000 0.000003
0.787500 3.525000 0.000003
0.862500 3.525000 0.000003
0.937500 3.525000 0.000003
1.012000 3.525000 0.000003
1.087000 3.525000 0.000004
1.163000 3.525000 0.000004
1.238000 3.525000 0.000004
1.313000 3.525000 0.000004
1.388000 3.525000 0.000004
1.463000 3.525000 0.000004
1.538000 3.525000 0.000004
1.613000 3.525000 0.000004
1.688000 3.525000 0.000004
1.763000 3.525000 0.000004
1.838000 3.525000 0.000004
1.913000 3.525000 0.000004
1.988000 3.525000 0.000004
2.063000 3.525000 0.000004
2.138000 3.525000 0.000004
2.213000 3.525000 0.000004
2.288000 3.525000 0.000004
2.363000 3.525000 0.000004
2.438000 3.525000 0.000004
2.513000 3.525000 0.000004
2.588000 3.525000 0.000004
2.663000 3.525000 0.000004
2.738000 3.525000 0.000004
2.813000 3.525000 0.000004
2.888000 3.525000 0.000004
2.963000 3.525000 0.000004
3.038000 3.525000 0.000003
3.113000 3.525000 0.000003
3.188000 3.525000 0.000003
3.263000 3.525000 0.000003
3.338000 3.525000 0.000003
3.413000 3.525000 0.000003
3.488000 3.525000 0.000003
3.563000 3.525000 0.000003
3.638000 3.525000 0.000003
3.713000 3.525000 0.000003
3.788000 3.525000 0.000003
3.863000 3.525000 0.000000
-0.037500 3.675000 0.000000
0.037500 3.675000 0.000002
0.112500 3.675000 0.000002
0.187500 3.675000 0.000002
0.262500 3.675000 0.000002
0.337500 3.675000 0.000002
0.412500 3.675000 0.000002
0.487500 3.675000 0.000002
0.562500 3.675000 0.000002
0.637500 3.675000 0.000002
0.712500 3.675000 0.000002
0.787500 3.675000 0.000002
0.862500 3.675000 0.000002
0.937500 3.675000 0.000002
1.012000 3.675000 0.000002
1.087000 3.675000 0.000002
1.163000 3.675000 0.000002
1.238000 3.675000 0.000002
1.313000 3.675000 0.000002
1.388000 3.675000 0.000002
1.463000 3.675000 0.000002
1.538000 3.675000 0.000002
1.613000 3.675000 0.000002
1.688000 3.675000 0.000002
1.763000 3.675000 0.000002
1.838000 3.675000 0.000002
1.913000 3.675000 0.000002
1.988000 3.675000 0.000002
2.063000 3.675000 0.000002
2.138000 3.675000 0.000002
2.213000 3.675000 0.000002
2.288000 3.675000 0.000002
2.363000 3.675000 0.000002
2.438000 3.675000 0.000002
2.513000 3.675000 0.000002
2.588000 3.675000 0.000002
2.663000 3.675000 0.000002
2.738000 3.675000 0.000002
2.813000 3.675000 0.000002
2.888000 3.675000 0.000002
2.963000 3.675000 0.000002
3.038000 3.675000 0.000002
3.113000 3.675000 0.000002
3.188000 3.675000 0.000002
3.263000 3.675000 0.000002
3.338000 3.675000 0.000002
3.413000 3.675000 0.000002
3.488000 3.675000 0.000002
3.563000 3.675000 0.000002
3.638000 3.675000 0.000002
3.713000 3.675000 0.000002
3.788000 3.675000 0.000002
3.863000 3.675000 0.000000
-0.037500 3.825000 0.000000
0.037500 3.825000 0.000001
0.112500 3.825000 0.000001
0.187500 3.825000 0.000001
0.262500 3.825000 0.000001
0.337500 3.825000 0.000001
0.412500 3.825000 0.000001
0.487500 3.825000 0.000001
0.562500 3.825000 0.000001
0.637500 3.825000 0.000001
0.712500 3.825000 0.000001
0.787500 3.825000 0.000001
0.862500 3.825000 0.000001
0.937500 3.825000 0.000001
1.012000 3.825000 0.000001
1.087000 3.825000 0.000001
1.163000 3.825000 0.000001
1.238000 3.825000 0.000001
1.313000 3.825000 0.000001
1.388000 3.825000 0.000001
1.463000 3.825000 0.000001
1.538000 3.825000 0.000001
1.613000 3.825000 0.000001
1.688000 3.825000 0.000001
1.763000 3.825000 0.000001
1.838000 3.825000 0.000001
1.913000 3.825000 0.000001
1.988000 3.825000 0.000001
2.063000 3.825000 0.000001
2.138000 3.825000 0.000001
2.213000 3.825000 0.000001
2.288000 3.825000 0.000001
2.363000 3.825000 0.000001
2.438000 3.825000 0.000001
2.513000 3.825000 0.000001
2.588000 3.825000 0.000001
2.663000 3.825000 0.000001
2.738000 3.825000 0.000001
2.813000 3.825000 0.000001
2.888000 3.825000 0.000001
2.963000 3.825000 0.000001
3.038000 3.825000 0.000001
3.113000 3.825000 0.000001
3.188000 3.825000 0.000001
3.263000 3.825000 0.000001
3.338000 3.825000 0.000001
3.413000 3.825000 0.000001
3.488000 3.825000 0.000001
3.563000 3.825000 0.000001
3.638000 3.825000 0.000001
3.713000 3.825000 0.000001
3.788000 3.825000 0.000001
3.863000 3.825000 0.000000
-0.037500 3.975000 0.000000
0.037500 3.975000 0.000000
0.112500 3.975000 0.000000
0.187500 3.975000 0.000000
0.262500 3.975000 0.000000
0.337500 3.975000 0.000000
0.412500 3.975000 0.000000
0.487500 3.975000 0.000000
0.562500 3.975000 0.000000
0.637500 3.975000 0.000000
0.712500 3.975000 0.000000
0.787500 3.975000 0.000000
0.862500 3.975000 0.000000
0.937500 3.975000 0.000000
1.012000 3.975000 0.000000
1.087000 3.975000 0.000000
1.163000 3.975000 0.000000
1.238000 3.975000 0.000000
1.313000 3.975000 0.000000
1.388000 3.975000 0.000000
1.463000 3.975000 0.000000
1.538000 3.975000 0.000000
1.613000 3.975000 0.000000
1.688000 3.975000 0.000000
1.763000 3.975000 0.000000
1.838000 3.975000 0.000000
1.913000 3.975000 0.000000
1.988000 3.975000 0.000000
2.063000 3.975000 0.000000
2.138000 3.975000 0.000000
2.213000 3.975000 0.000000
2.288000 3.975000 0.000000
2.363000 3.975000 0.000000
2.438000 3.975000 0.000000
2.513000 3.975000 0.000000
2.588000 3.975000 0.000000
2.663000 3.975000 0.000000
2.738000 3.975000 0.000000
2.813000 3.975000 0.000000
2.888000 3.975000 0.000000
2.963000 3.975000 0.000000
3.038000 3.975000 0.000000
3.113000 3.975000 0.000000
3.188000 3.975000 0.000000
3.263000 3.975000 0.000000
3.338000 3.975000 0.000000
3.413000 3.975000 0.000000
3.488000 3.975000 0.000000
3.563000 3.975000 0.000000
3.638000 3.975000 0.000000
3.713000 3.975000 0.000000
3.788000 3.975000 0.000000
3.863000 3.975000 0.000000
-0.037500 4.125000 0.000000
0.037500 4.125000 0.000000
0.112500 4.125000 0.000000
0.187500 4.125000 0.000000
0.262500 4.125000 0.000000
0.337500 4.125000 0.000000
0.412500 4.125000 0.000000
0.487500 4.125000 0.000000
0.562500 4.125000 0.000000
0.637500 4.125000 0.000000
0.712500 4.125000 0.000000
0.787500 4.125000 0.000000
0.862500 4.125000 0.000000
0.937500 4.125000 0.000000
1.012000 4.125000 0.000000
1.087000 4.125000 0.000000
1.163000 4.125000 0.000000
1.238000 4.125000 0.000000
1.313000 4.125000 0.000000
1.388000 4.125000 0.000000
1.463000 4.125000 0.000000
1.538000 4.125000 0.000000
1.613000 4.125000 0.000000
1.688000 4.125000 0.000000
1.763000 4.125000 0.000000
1.838000 4.125000 0.000000
1.913000 4.125000 0.000000
1.988000 4.125000 0.000000
2.063000 4.125000 0.000000
2.138000 4.125000 0.000000
2.213000 4.125000 0.000000
2.288000 4.125000 0.000000
2.363000 4.125000 0.000000
2.438000 4.125000 0.000000
2.513000 4.125000 0.000000
2.588000 4.125000 0.000000
2.663000 4.125000 0.000000
2.738000 4.125000 0.000000
2.813000 4.125000 0.000000
2.888000 4.125000 0.000000
2.963000 4.125000 0.000000
3.038000 4.125000 0.000000
3.113000 4.125000 0.000000
3.188000 4.125000 0.000000
3.263000 4.125000 0.000000
3.338000 4.125000 0.000000
3.413000 4.125000 0.000000
3.488000 4.125000 0.000000
3.563000 4.125000 0.000000
3.638000 4.125000 0.000000
3.713000 4.125000 0.000000
3.788000 4.125000 0.000000
3.863000 4.125000 0.000000
-0.037500 4.275000 0.000000
0.037500 4.275000 0.000000
0.112500 4.275000 0.000000
0.187500 4.275000 0.000000
0.262500 4.275000 0.000000
0.337500 4.275000 0.000000
0.412500 4.275000 0.000000
0.487500 4.275000 0.000000
0.562500 4.275000 0.000000
0.637500 4.275000 0.000000
0.712500 4.275000 0.000000
0.787500 4.275000 0.000000
0.862500 4.275000 0.000000
0.937500 4.275000 0.000000
1.012000 4.275000 0.000000
1.087000 4.275000 0.000000
1.163000 4.275000 0.000000
1.238000 4.275000 0.000000
1.313000 4.275000 0.000000
1.388000 4.275000 0.000000
1.463000 4.275000 0.000000
1.538000 4.275000 0.000000
1.613000 4.275000 0.000000
1.688000 4.275000 0.000000
1.763000 4.275000 0.000000
1.838000 4.275000 0.000000
1.913000 4.275000 0.000000
1.988000 4.275000 0.000000
2.063000 4.275000 0.000000
2.138000 4.275000 0.000000
2.213000 4.275000 0.000000
2.288000 4.275000 0.000000
2.363000 4.275000 0.000000
2.438000 4.275000 0.000000
2.513000 4.275000 0.000000
2.588000 4.275000 0.000000
2.663000 4.275000 0.000000
2.738000 4.275000 0.000000
2.813000 4.275000 0.000000
2.888000 4.275000 0.000000
2.963000 4.275000 0.000000
3.038000 4.275000 0.000000
3.113000 4.275000 0.000000
3.188000 4.275000 0.000000
3.263000 4.275000 0.000000
3.338000 4.275000 0.000000
3.413000 4.275000 0.000000
3.488000 4.275000 0.000000
3.563000 4.275000 0.000000
3.638000 4.275000 0.000000
3.713000 4.275000 0.000000
3.788000 4.275000 0.000000
3.863000 4.275000 0.000000
-0.037500 4.425000 0.000000
0.037500 4.425000 0.000000
0.112500 4.425000 0.000000
0.187500 4.425000 0.000000
0.262500 4.425000 0.000000
0.337500 4.425000 0.000000
0.412500 4.425000 0.000000
0.487500 4.425000 0.000000
0.562500 4.425000 0.000000
0.637500 4.425000 0.000000
0.712500 4.425000 0.000000
0.787500 4.425000 0.000000
0.862500 4.425000 0.000000
0.937500 4.425000 0.000000
1.012000 4.425000 0.000000
1.087000 4.425000 0.000000
1.163000 4.425000 0.000000
1.238000 4.425000 0.000000
1.313000 4.425000 0.000000
1.388000 4.425000 0.000000
1.463000 4.425000 0.000000
1.538000 4.425000 0.000000
1.613000 4.425000 0.000000
1.688000 4.425000 0.000000
1.763000 4.425000 0.000000
1.838000 4.425000 0.000000
1.913000 4.425000 0.000000
1.988000 4.425000 0.000000
2.063000 4.425000 0.000000
2.138000 4.425000 0.000000
2.213000 4.425000 0.000000
2.288000 4.425000 0.000000
2.363000 4.425000 0.000000
2.438000 4.425000 0.000000
2.513000 4.425000 0.000000
2.588000 4.425000 0.000000
2.663000 4.425000 0.000000
2.738000 4.425000 0.000000
2.813000 4.425000 0.000000
2.888000 4.425000 0.000000
2.963000 4.425000 0.000000
3.038000 4.425000 0.000000
3.113000 4.425000 0.000000
3.188000 4.425000 0.000000
3.263000 4.425000 0.000000
3.338000 4.425000 0.000000
3.413000 4.425000 0.000000
3.488000 4.425000 0.000000
3.563000 4.425000 0.000000
3.638000 4.425000 0.000000
3.713000 4.425000 0.000000
3.788000 4.425000 0.000000
3.863000 4.425000 0.000000
-0.037500 4.575000 0.000000
0.037500 4.575000 0.000000
0.112500 4.575000 0.000000
0.187500 4.575000 0.000000
0.262500 4.575000 0.000000
0.337500 4.575000 0.000000
0.412500 4.575000 0.000000
0.487500 4.575000 0.000000
0.562500 4.575000 0.000000
0.637500 4.575000 0.000000
0.712500 4.575000 0.000000
0.787500 4.575000 0.000000
0.862500 4.575000 0.000000
0.937500 4.575000 0.000000
1.012000 4.575000 0.000000
1.087000 4.575000 0.000000
1.163000 4.575000 0.000000
1.238000 4.575000 0.000000
1.313000 4.575000 0.000000
1.388000 4.575000 0.000000
1.463000 4.575000 0.000000
1.538000 4.575000 0.000000
1.613000 4.575000 0.000000
1.688000 4.575000 0.000000
1.763000 4.575000 0.000000
1.838000 4.575000 0.000000
1.913000 4.575000 0.000000
1.988000 4.575000 0.000000
2.063000 4.575000 0.000000
2.138000 4.575000 0.000000
2.213000 4.575000 0.000000
2.288000 4.575000 0.000000
2.363000 4.575000 0.000000
2.438000 4.575000 0.000000
2.513000 4.575000 0.000000
2.588000 4.575000 0.000000
2.663000 4.575000 0.000000
2.738000 4.575000 0.000000
2.813000 4.575000 0.000000
2.888000 4.575000 0.000000
2.963000 4.575000 0.000000
3.038000 4.575000 0.000000
3.113000 4.575000 0.000000
3.188000 4.575000 0.000000
3.263000 4.575000 0.000000
3.338000 4.575000 0.000000
3.413000 4.575000 0.000000
3.488000 4.575000 0.000000
3.563000 4.575000 0.000000
3.638000 4.575000 0.000000
3.713000 4.575000 0.000000
3.788000 4.575000 0.000000
3.863000 4.575000 0.000000
-0.037500 4.725000 0.000000
0.037500 4.725000 0.000000
0.112500 4.725000 0.000000
0.187500 4.725000 0.000000
0.262500 4.725000 0.000000
0.337500 4.725000 0.000000
0.412500 4.725000 0.000000
0.487500 4.725000 0.000000
0.562500 4.725000 0.000000
0.637500 4.725000 0.000000
0.712500 4.725000 0.000000
0.787500 4.725000 0.000000
0.862500 4.725000 0.000000
0.937500 4.725000 0.000000
1.012000 4.725000 0.000000
1.087000 4.725000 0.000000
1.163000 4.725000 0.000000
1.238000 4.725000 0.000000
1.313000 4.725000 0.000000
1.388000 4.725000 0.000000
1.463000 4.725000 0.000000
1.538000 4.725000 0.000000
1.613000 4.725000 0.000000
1.688000 4.725000 0.000000
1.763000 4.725000 0.000000
1.838000 4.725000 0.000000
1.913000 4.725000 0.000000
1.988000 4.725000 0.000000
2.063000 4.725000 0.000000
2.138000 4.725000 0.000000
2.213000 4.725000 0.000000
2.288000 4.725000 0.000000
2.363000 4.725000 0.000000
2.438000 4.725000 0.000000
2.513000 4.725000 0.000000
2.588000 4.725000 0.000000
2.663000 4.725000 0.000000
2.738000 4.725000 0.000000
2.813000 4.725000 0.000000
2.888000 4.725000 0.000000
2.963000 4.725000 0.000000
3.038000 4.725000 0.000000
3.113000 4.725000 0.000000
3.188000 4.725000 0.000000
3.263000 4.725000 0.000000
3.338000 4.725000 0.000000
3.413000 4.725000 0.000000
3.488000 4.725000 0.000000
3.563000 4.725000 0.000000
3.638000 4.725000 0.000000
3.713000 4.725000 0.000000
3.788000 4.725000 0.000000
3.863000 4.725000 0.000000
-0.037500 4.875000 0.000000
0.037500 4.875000 0.000000
0.112500 4.875000 0.000000
0.187500 4.875000 0.000000
0.262500 4.875000 0.000000
0.337500 4.875000 0.000000
0.412500 4.875000 0.000000
0.487500 4.875000 0.000000
0.562500 4.875000 0.000000
0.637500 4.875000 0.000000
0.712500 4.875000 0.000000
0.787500 4.875000 0.000000
0.862500 4.875000 0.000000
0.937500 4.875000 0.000000
1.012000 4.875000 0.000000
1.087000 4.875000 0.000000
1.163000 4.875000 0.000000
1.238000 4.875000 0.000000
1.313000 4.875000 0.000000
1.388000 4.875000 0.000000
1.463000 4.875000 0.000000
1.538000 4.875000 0.000000
1.613000 4.875000 0.000000
1.688000 4.875000 0.000000
1.763000 4.875000 0.000000
1.838000 4.875000 0.000000
1.913000 4.875000 0.000000
1.988000 4.875000 0.000000
2.063000 4.875000 0.000000
2.138000 4.875000 0.000000
2.213000 4.875000 0.000000
2.288000 4.875000 0.000000
2.363000 4.875000 0.000000
2.438000 4.875000 0.000000
2.513000 4.875000 0.000000
2.588000 4.875000 0.000000
2.663000 4.875000 0.000000
2.738000 4.875000 0.000000
2.813000 4.875000 0.000000
2.888000 4.875000 0.000000
2.963000 4.875000 0.000000
3.038000 4.875000 0.000000
3.113000 4.875000 0.000000
3.188000 4.875000 0.000000
3.263000 4.875000 0.000000
3.338000 4.875000 0.000000
3.413000 4.875000 0.000000
3.488000 4.875000 0.000000
3.563000 4.875000 0.000000
3.638000 4.875000 0.000000
3.713000 4.875000 0.000000
3.788000 4.875000 0.000000
3.863000 4.875000 0.000000
-0.037500 5.025000 0.000000
0.037500 5.025000 0.000000
0.112500 5.025000 0.000000
0.187500 5.025000 0.000000
0.262500 5.025000 0.000000
0.337500 5.025000 0.000000
0.412500 5.025000 0.000000
0.487500 5.025000 0.000000
0.562500 5.025000 0.000000
0.637500 5.025000 0.000000
0.712500 5.025000 0.000000
0.787500 5.025000 0.000000
0.862500 5.025000 0.000000
0.937500 5.025000 0.000000
1.012000 5.025000 0.000000
1.087000 5.025000 0.000000
1.163000 5.025000 0.000000
1.238000 5.025000 0.000000
1.313000 5.025000 0.000000
1.388000 5.025000 0.000000
1.463000 5.025000 0.000000
1.538000 5.025000 0.000000
1.613000 5.025000 0.000000
1.688000 5.025000 0.000000
1.763000 5.025000 0.000000
1.838000 5.025000 0.000000
1.913000 5.025000 0.000000
1.988000 5.025000 0.000000
2.063000 5.025000 0.000000
2.138000 5.025000 0.000000
2.213000 5.025000 0.000000
2.288000 5.025000 0.000000
2.363000 5.025000 0.000000
2.438000 5.025000 0.000000
2.513000 5.025000 0.000000
2.588000 5.025000 0.000000
2.663000 5.025000 0.000000
2.738000 5.025000 0.000000
2.813000 5.025000 0.000000
2.888000 5.025000 0.000000
2.963000 5.025000 0.000000
3.038000 5.025000 0.000000
3.113000 5.025000 0.000000
3.188000 5.025000 0.000000
3.263000 5.025000 0.000000
3.338000 5.025000 0.000000
3.413000 5.025000 0.000000
3.488000 5.025000 0.000000
3.563000 5.025000 0.000000
3.638000 5.025000 0.000000
3.713000 5.025000 0.000000
3.788000 5.025000 0.000000
3.863000 5.025000 0.000000
-0.037500 5.175000 0.000000
0.037500 5.175000 0.000000
0.112500 5.175000 0.000000
0.187500 5.175000 0.000000
0.262500 5.175000 0.000000
0.337500 5.175000 0.000000
0.412500 5.175000 0.000000
0.487500 5.175000 0.000000
0.562500 5.175000 0.000000
0.637500 5.175000 0.000000
0.712500 5.175000 0.000000
0.787500 5.175000 0.000000
0.862500 5.175000 0.000000
0.937500 5.175000 0.000000
1.012000 5.175000 0.000000
1.087000 5.175000 0.000000
1.163000 5.175000 0.000000
1.238000 5.175000 0.000000
1.313000 5.175000 0.000000
1.388000 5.175000 0.000000
1.463000 5.175000 0.000000
1.538000 5.175000 0.000000
1.613000 5.175000 0.000000
1.688000 5.175000 0.000000
1.763000 5.175000 0.000000
1.838000 5.175000 0.000000
1.913000 5.175000 0.000000
1.988000 5.175000 0.000000
2.063000 5.175000 0.000000
2.138000 5.175000 0.000000
2.213000 5.175000 0.000000
2.288000 5.175000 0.000000
2.363000 5.175000 0.000000
2.438000 5.175000 0.000000
2.513000 5.175000 0.000000
2.588000 5.175000 0.000000
2.663000 5.175000 0.000000
2.738000 5.175000 0.000000
2.813000 5.175000 0.000000
2.888000 5.175000 0.000000
2.963000 5.175000 0.000000
3.038000 5.175000 0.000000
3.113000 5.175000 0.000000
3.188000 5.175000 0.000000
3.263000 5.175000 0.000000
3.338000 5.175000 0.000000
3.413000 5.175000 0.000000
3.488000 5.175000 0.000000
3.563000 5.175000 0.000000
3.638000 5.175000 0.000000
3.713000 5.175000 0.000000
3.788000 5.175000 0.000000
3.863000 5.175000 0.000000
