-0.037500 -0.075000 0.000000
0.037500 -0.075000 0.000000
0.112500 -0.075000 0.000000
0.187500 -0.075000 0.000000
0.262500 -0.075000 0.000000
0.337500 -0.075000 0.000000
0.412500 -0.075000 0.000000
0.487500 -0.075000 0.000000
0.562500 -0.075000 0.000000
0.637500 -0.075000 0.000000
0.712500 -0.075000 0.000000
0.787500 -0.075000 0.000000
0.862500 -0.075000 0.000000
0.937500 -0.075000 0.000000
1.012000 -0.075000 0.000000
1.087000 -0.075000 0.000000
1.163000 -0.075000 0.000000
1.238000 -0.075000 0.000000
1.313000 -0.075000 0.000000
1.388000 -0.075000 0.000000
1.463000 -0.075000 0.000000
1.538000 -0.075000 0.000000
1.613000 -0.075000 0.000000
1.688000 -0.075000 0.000000
1.763000 -0.075000 0.000000
1.838000 -0.075000 0.000000
1.913000 -0.075000 0.000000
1.988000 -0.075000 0.000000
2.063000 -0.075000 0.000000
2.138000 -0.075000 0.000000
2.213000 -0.075000 0.000000
2.288000 -0.075000 0.000000
2.363000 -0.075000 0.000000
2.438000 -0.075000 0.000000
2.513000 -0.075000 0.000000
2.588000 -0.075000 0.000000
2.663000 -0.075000 0.000000
2.738000 -0.075000 0.000000
2.813000 -0.075000 0.000000
2.888000 -0.075000 0.000000
2.963000 -0.075000 0.000000
3.038000 -0.075000 0.000000
3.113000 -0.075000 0.000000
3.188000 -0.075000 0.000000
3.263000 -0.075000 0.000000
3.338000 -0.075000 0.000000
3.413000 -0.075000 0.000000
3.488000 -0.075000 0.000000
3.563000 -0.075000 0.000000
3.638000 -0.075000 0.000000
3.713000 -0.075000 0.000000
3.788000 -0.075000 0.000000
3.863000 -0.075000 0.000000
-0.037500 0.075000 0.000000
0.037500 0.075000 0.078900
0.112500 0.075000 0.157800
0.187500 0.075000 0.236700
0.262500 0.075000 0.315600
0.337500 0.075000 0.394500
0.412500 0.075000 0.473200
0.487500 0.075000 0.551900
0.562500 0.075000 0.630500
0.637500 0.075000 0.708700
0.712500 0.075000 0.786600
0.787500 0.075000 0.863900
0.862500 0.075000 0.940500
0.937500 0.075000 1.016000
1.012000 0.075000 1.090000
1.087000 0.075000 1.163000
1.163000 0.075000 1.233000
1.238000 0.075000 1.300000
1.313000 0.075000 1.364000
1.388000 0.075000 1.424000
1.463000 0.075000 1.479000
1.538000 0.075000 1.528000
1.613000 0.075000 1.570000
1.688000 0.075000 1.605000
1.763000 0.075000 1.631000
1.838000 0.075000 1.649000
1.913000 0.075000 1.657000
1.988000 0.075000 1.656000
2.063000 0.075000 1.647000
2.138000 0.075000 1.629000
2.213000 0.075000 1.604000
2.288000 0.075000 1.573000
2.363000 0.075000 1.537000
2.438000 0.075000 1.497000
2.513000 0.075000 1.453000
2.588000 0.075000 1.408000
2.663000 0.075000 1.362000
2.738000 0.075000 1.315000
2.813000 0.075000 1.268000
2.888000 0.075000 1.222000
2.963000 0.075000 1.177000
3.038000 0.075000 1.133000
3.113000 0.075000 1.090000
3.188000 0.075000 1.049000
3.263000 0.075000 1.009000
3.338000 0.075000 0.971300
3.413000 0.075000 0.935000
3.488000 0.075000 0.900200
3.563000 0.075000 0.867100
3.638000 0.075000 0.835400
3.713000 0.075000 0.805300
3.788000 0.075000 0.776500
3.863000 0.075000 0.000000
-0.037500 0.225000 0.000000
0.037500 0.225000 0.078900
0.112500 0.225000 0.157800
0.187500 0.225000 0.236700
0.262500 0.225000 0.315600
0.337500 0.225000 0.394500
0.412500 0.225000 0.473200
0.487500 0.225000 0.551900
0.562500 0.225000 0.630500
0.637500 0.225000 0.708700
0.712500 0.225000 0.786600
0.787500 0.225000 0.863900
0.862500 0.225000 0.940500
0.937500 0.225000 1.016000
1.012000 0.225000 1.090000
1.087000 0.225000 1.163000
1.163000 0.225000 1.233000
1.238000 0.225000 1.300000
1.313000 0.225000 1.364000
1.388000 0.225000 1.424000
1.463000 0.225000 1.479000
1.538000 0.225000 1.528000
1.613000 0.225000 1.570000
1.688000 0.225000 1.605000
1.763000 0.225000 1.631000
1.838000 0.225000 1.649000
1.913000 0.225000 1.657000
1.988000 0.225000 1.656000
2.063000 0.225000 1.647000
2.138000 0.225000 1.629000
2.213000 0.225000 1.604000
2.288000 0.225000 1.573000
2.363000 0.225000 1.537000
2.438000 0.225000 1.497000
2.513000 0.225000 1.453000
2.588000 0.225000 1.408000
2.663000 0.225000 1.362000
2.738000 0.225000 1.315000
2.813000 0.225000 1.268000
2.888000 0.225000 1.222000
2.963000 0.225000 1.177000
3.038000 0.225000 1.133000
3.113000 0.225000 1.090000
3.188000 0.225000 1.049000
3.263000 0.225000 1.009000
3.338000 0.225000 0.971300
3.413000 0.225000 0.935000
3.488000 0.225000 0.900200
3.563000 0.225000 0.867100
3.638000 0.225000 0.835400
3.713000 0.225000 0.805300
3.788000 0.225000 0.776500
3.863000 0.225000 0.000000
-0.037500 0.375000 0.000000
0.037500 0.375000 0.260500
0.112500 0.375000 0.280200
0.187500 0.375000 0.310900
0.262500 0.375000 0.348700
0.337500 0.375000 0.391100
0.412500 0.375000 0.436500
0.487500 0.375000 0.484000
0.562500 0.375000 0.532800
0.637500 0.375000 0.582500
0.712500 0.375000 0.632700
0.787500 0.375000 0.683000
0.862500 0.375000 0.733000
0.937500 0.375000 0.782600
1.012000 0.375000 0.831300
1.087000 0.375000 0.878700
1.163000 0.375000 0.924600
1.238000 0.375000 0.968500
1.313000 0.375000 1.010000
1.388000 0.375000 1.048000
1.463000 0.375000 1.083000
1.538000 0.375000 1.114000
1.613000 0.375000 1.140000
1.688000 0.375000 1.162000
1.763000 0.375000 1.178000
1.838000 0.375000 1.189000
1.913000 0.375000 1.194000
1.988000 0.375000 1.193000
2.063000 0.375000 1.187000
2.138000 0.375000 1.176000
2.213000 0.375000 1.160000
2.288000 0.375000 1.140000
2.363000 0.375000 1.117000
2.438000 0.375000 1.091000
2.513000 0.375000 1.062000
2.588000 0.375000 1.033000
2.663000 0.375000 1.002000
2.738000 0.375000 0.970400
2.813000 0.375000 0.938900
2.888000 0.375000 0.907600
2.963000 0.375000 0.876800
3.038000 0.375000 0.846800
3.113000 0.375000 0.817600
3.188000 0.375000 0.789500
3.263000 0.375000 0.762500
3.338000 0.375000 0.736900
3.413000 0.375000 0.712800
3.488000 0.375000 0.690400
3.563000 0.375000 0.670000
3.638000 0.375000 0.652200
3.713000 0.375000 0.637900
3.788000 0.375000 0.629100
3.863000 0.375000 0.000000
-0.037500 0.525000 0.000000
0.037500 0.525000 0.300900
0.112500 0.525000 0.307800
0.187500 0.525000 0.320400
0.262500 0.525000 0.337500
0.337500 0.525000 0.358000
0.412500 0.525000 0.381200
0.487500 0.525000 0.406300
0.562500 0.525000 0.432800
0.637500 0.525000 0.460400
0.712500 0.525000 0.488700
0.787500 0.525000 0.517400
0.862500 0.525000 0.546200
0.937500 0.525000 0.574800
1.012000 0.525000 0.602900
1.087000 0.525000 0.630300
1.163000 0.525000 0.656800
1.238000 0.525000 0.682000
1.313000 0.525000 0.705600
1.388000 0.525000 0.727500
1.463000 0.525000 0.747200
1.538000 0.525000 0.764500
1.613000 0.525000 0.779100
1.688000 0.525000 0.790900
1.763000 0.525000 0.799700
1.838000 0.525000 0.805300
1.913000 0.525000 0.807800
1.988000 0.525000 0.807100
2.063000 0.525000 0.803400
2.138000 0.525000 0.796800
2.213000 0.525000 0.787600
2.288000 0.525000 0.776100
2.363000 0.525000 0.762500
2.438000 0.525000 0.747200
2.513000 0.525000 0.730600
2.588000 0.525000 0.712900
2.663000 0.525000 0.694500
2.738000 0.525000 0.675700
2.813000 0.525000 0.656700
2.888000 0.525000 0.637700
2.963000 0.525000 0.618900
3.038000 0.525000 0.600600
3.113000 0.525000 0.582800
3.188000 0.525000 0.565800
3.263000 0.525000 0.549600
3.338000 0.525000 0.534400
3.413000 0.525000 0.520400
3.488000 0.525000 0.507800
3.563000 0.525000 0.496800
3.638000 0.525000 0.487800
3.713000 0.525000 0.481200
3.788000 0.525000 0.477700
3.863000 0.525000 0.000000
-0.037500 0.675000 0.000000
0.037500 0.675000 0.306200
0.112500 0.675000 0.309100
0.187500 0.675000 0.314800
0.262500 0.675000 0.322800
0.337500 0.675000 0.333100
0.412500 0.675000 0.345000
0.487500 0.675000 0.358500
0.562500 0.675000 0.373200
0.637500 0.675000 0.388800
0.712500 0.675000 0.405000
0.787500 0.675000 0.421700
0.862500 0.675000 0.438600
0.937500 0.675000 0.455400
1.012000 0.675000 0.472100
1.087000 0.675000 0.488400
1.163000 0.675000 0.504000
1.238000 0.675000 0.518900
1.313000 0.675000 0.532700
1.388000 0.675000 0.545500
1.463000 0.675000 0.556900
1.538000 0.675000 0.566800
1.613000 0.675000 0.575100
1.688000 0.675000 0.581700
1.763000 0.675000 0.586600
1.838000 0.675000 0.589600
1.913000 0.675000 0.590700
1.988000 0.675000 0.590000
2.063000 0.675000 0.587600
2.138000 0.675000 0.583400
2.213000 0.675000 0.577800
2.288000 0.675000 0.570700
2.363000 0.675000 0.562300
2.438000 0.675000 0.552900
2.513000 0.675000 0.542600
2.588000 0.675000 0.531700
2.663000 0.675000 0.520200
2.738000 0.675000 0.508300
2.813000 0.675000 0.496300
2.888000 0.675000 0.484200
2.963000 0.675000 0.472300
3.038000 0.675000 0.460700
3.113000 0.675000 0.449500
3.188000 0.675000 0.438700
3.263000 0.675000 0.428700
3.338000 0.675000 0.419400
3.413000 0.675000 0.411000
3.488000 0.675000 0.403700
3.563000 0.675000 0.397600
3.638000 0.675000 0.392800
3.713000 0.675000 0.389500
3.788000 0.675000 0.387800
3.863000 0.675000 0.000000
-0.037500 0.825000 0.000000
0.037500 0.825000 0.294100
0.112500 0.825000 0.296000
0.187500 0.825000 0.299800
0.262500 0.825000 0.305400
0.337500 0.825000 0.312500
0.412500 0.825000 0.321000
0.487500 0.825000 0.330700
0.562500 0.825000 0.341400
0.637500 0.825000 0.352800
0.712500 0.825000 0.364800
0.787500 0.825000 0.377200
0.862500 0.825000 0.389900
0.937500 0.825000 0.402500
1.012000 0.825000 0.415000
1.087000 0.825000 0.427300
1.163000 0.825000 0.439000
1.238000 0.825000 0.450200
1.313000 0.825000 0.460600
1.388000 0.825000 0.470100
1.463000 0.825000 0.478600
1.538000 0.825000 0.485900
1.613000 0.825000 0.492100
1.688000 0.825000 0.496900
1.763000 0.825000 0.500400
1.838000 0.825000 0.502500
1.913000 0.825000 0.503200
1.988000 0.825000 0.502500
2.063000 0.825000 0.500500
2.138000 0.825000 0.497300
2.213000 0.825000 0.492800
2.288000 0.825000 0.487300
2.363000 0.825000 0.480800
2.438000 0.825000 0.473500
2.513000 0.825000 0.465500
2.588000 0.825000 0.457000
2.663000 0.825000 0.448000
2.738000 0.825000 0.438700
2.813000 0.825000 0.429300
2.888000 0.825000 0.419900
2.963000 0.825000 0.410500
3.038000 0.825000 0.401400
3.113000 0.825000 0.392700
3.188000 0.825000 0.384300
3.263000 0.825000 0.376500
3.338000 0.825000 0.369400
3.413000 0.825000 0.363000
3.488000 0.825000 0.357500
3.563000 0.825000 0.353000
3.638000 0.825000 0.349500
3.713000 0.825000 0.347100
3.788000 0.825000 0.345900
3.863000 0.825000 0.000000
-0.037500 0.975000 0.000000
0.037500 0.975000 0.274900
0.112500 0.975000 0.276300
0.187500 0.975000 0.279100
0.262500 0.975000 0.283100
0.337500 0.975000 0.288400
0.412500 0.975000 0.294700
0.487500 0.975000 0.301900
0.562500 0.975000 0.310000
0.637500 0.975000 0.318700
0.712500 0.975000 0.327800
0.787500 0.975000 0.337300
0.862500 0.975000 0.347000
0.937500 0.975000 0.356800
1.012000 0.975000 0.366400
1.087000 0.975000 0.375900
1.163000 0.975000 0.385000
1.238000 0.975000 0.393600
1.313000 0.975000 0.401600
1.388000 0.975000 0.408900
1.463000 0.975000 0.415300
1.538000 0.975000 0.421000
1.613000 0.975000 0.425600
1.688000 0.975000 0.429300
1.763000 0.975000 0.431800
1.838000 0.975000 0.433400
1.913000 0.975000 0.433800
1.988000 0.975000 0.433200
2.063000 0.975000 0.431500
2.138000 0.975000 0.428800
2.213000 0.975000 0.425300
2.288000 0.975000 0.420900
2.363000 0.975000 0.415700
2.438000 0.975000 0.409800
2.513000 0.975000 0.403500
2.588000 0.975000 0.396600
2.663000 0.975000 0.389400
2.738000 0.975000 0.382000
2.813000 0.975000 0.374500
2.888000 0.975000 0.366900
2.963000 0.975000 0.359400
3.038000 0.975000 0.352200
3.113000 0.975000 0.345200
3.188000 0.975000 0.338500
3.263000 0.975000 0.332400
3.338000 0.975000 0.326700
3.413000 0.975000 0.321800
3.488000 0.975000 0.317500
3.563000 0.975000 0.314000
3.638000 0.975000 0.311300
3.713000 0.975000 0.309500
3.788000 0.975000 0.308600
3.863000 0.975000 0.000000
-0.037500 1.125000 0.000000
0.037500 1.125000 0.252900
0.112500 1.125000 0.254000
0.187500 1.125000 0.256100
0.262500 1.125000 0.259300
0.337500 1.125000 0.263500
0.412500 1.125000 0.268500
0.487500 1.125000 0.274200
0.562500 1.125000 0.280600
0.637500 1.125000 0.287600
0.712500 1.125000 0.295000
0.787500 1.125000 0.302600
0.862500 1.125000 0.310500
0.937500 1.125000 0.318400
1.012000 1.125000 0.326200
1.087000 1.125000 0.333800
1.163000 1.125000 0.341200
1.238000 1.125000 0.348100
1.313000 1.125000 0.354600
1.388000 1.125000 0.360500
1.463000 1.125000 0.365700
1.538000 1.125000 0.370200
1.613000 1.125000 0.374000
1.688000 1.125000 0.376900
1.763000 1.125000 0.378900
1.838000 1.125000 0.380100
1.913000 1.125000 0.380400
1.988000 1.125000 0.379800
2.063000 1.125000 0.378300
2.138000 1.125000 0.376100
2.213000 1.125000 0.373100
2.288000 1.125000 0.369400
2.363000 1.125000 0.365100
2.438000 1.125000 0.360300
2.513000 1.125000 0.354900
2.588000 1.125000 0.349200
2.663000 1.125000 0.343300
2.738000 1.125000 0.337100
2.813000 1.125000 0.330800
2.888000 1.125000 0.324500
2.963000 1.125000 0.318300
3.038000 1.125000 0.312300
3.113000 1.125000 0.306400
3.188000 1.125000 0.300900
3.263000 1.125000 0.295900
3.338000 1.125000 0.291200
3.413000 1.125000 0.287100
3.488000 1.125000 0.283600
3.563000 1.125000 0.280800
3.638000 1.125000 0.278600
3.713000 1.125000 0.277100
3.788000 1.125000 0.276400
3.863000 1.125000 0.000000
-0.037500 1.275000 0.000000
0.037500 1.275000 0.207100
0.112500 1.275000 0.207900
0.187500 1.275000 0.209500
0.262500 1.275000 0.211900
0.337500 1.275000 0.214900
0.412500 1.275000 0.218600
0.487500 1.275000 0.222900
0.562500 1.275000 0.227700
0.637500 1.275000 0.232900
0.712500 1.275000 0.238400
0.787500 1.275000 0.244100
0.862500 1.275000 0.249900
0.937500 1.275000 0.255800
1.012000 1.275000 0.261700
1.087000 1.275000 0.267400
1.163000 1.275000 0.272900
1.238000 1.275000 0.278100
1.313000 1.275000 0.283000
1.388000 1.275000 0.287400
1.463000 1.275000 0.291300
1.538000 1.275000 0.294600
1.613000 1.275000 0.297400
1.688000 1.275000 0.299600
1.763000 1.275000 0.301000
1.838000 1.275000 0.301900
1.913000 1.275000 0.302000
1.988000 1.275000 0.301600
2.063000 1.275000 0.300400
2.138000 1.275000 0.298700
2.213000 1.275000 0.296400
2.288000 1.275000 0.293600
2.363000 1.275000 0.290300
2.438000 1.275000 0.286600
2.513000 1.275000 0.282500
2.588000 1.275000 0.278100
2.663000 1.275000 0.273600
2.738000 1.275000 0.268900
2.813000 1.275000 0.264100
2.888000 1.275000 0.259300
2.963000 1.275000 0.254500
3.038000 1.275000 0.249900
3.113000 1.275000 0.245500
3.188000 1.275000 0.241300
3.263000 1.275000 0.237400
3.338000 1.275000 0.233900
3.413000 1.275000 0.230800
3.488000 1.275000 0.228100
3.563000 1.275000 0.226000
3.638000 1.275000 0.224300
3.713000 1.275000 0.223200
3.788000 1.275000 0.222700
3.863000 1.275000 0.000000
-0.037500 1.425000 0.000000
0.037500 1.425000 0.152800
0.112500 1.425000 0.153400
0.187500 1.425000 0.154400
0.262500 1.425000 0.155900
0.337500 1.425000 0.157900
0.412500 1.425000 0.160300
0.487500 1.425000 0.163100
0.562500 1.425000 0.166200
0.637500 1.425000 0.169600
0.712500 1.425000 0.173200
0.787500 1.425000 0.177000
0.862500 1.425000 0.180800
0.937500 1.425000 0.184700
1.012000 1.425000 0.188600
1.087000 1.425000 0.192300
1.163000 1.425000 0.195900
1.238000 1.425000 0.199400
1.313000 1.425000 0.202600
1.388000 1.425000 0.205400
1.463000 1.425000 0.208000
1.538000 1.425000 0.210200
1.613000 1.425000 0.212000
1.688000 1.425000 0.213400
1.763000 1.425000 0.214300
1.838000 1.425000 0.214900
1.913000 1.425000 0.214900
1.988000 1.425000 0.214600
2.063000 1.425000 0.213800
2.138000 1.425000 0.212600
2.213000 1.425000 0.211000
2.288000 1.425000 0.209100
2.363000 1.425000 0.206800
2.438000 1.425000 0.204300
2.513000 1.425000 0.201600
2.588000 1.425000 0.198600
2.663000 1.425000 0.195500
2.738000 1.425000 0.192300
2.813000 1.425000 0.189100
2.888000 1.425000 0.185800
2.963000 1.425000 0.182600
3.038000 1.425000 0.179500
3.113000 1.425000 0.176500
3.188000 1.425000 0.173700
3.263000 1.425000 0.171100
3.338000 1.425000 0.168800
3.413000 1.425000 0.166700
3.488000 1.425000 0.164900
3.563000 1.425000 0.163500
3.638000 1.425000 0.162400
3.713000 1.425000 0.161600
3.788000 1.425000 0.161300
3.863000 1.425000 0.000000
-0.037500 1.575000 0.000000
0.037500 1.575000 0.110900
0.112500 1.575000 0.111200
0.187500 1.575000 0.111900
0.262500 1.575000 0.112900
0.337500 1.575000 0.114200
0.412500 1.575000 0.115700
0.487500 1.575000 0.117500
0.562500 1.575000 0.119500
0.637500 1.575000 0.121700
0.712500 1.575000 0.124100
0.787500 1.575000 0.126500
0.862500 1.575000 0.129000
0.937500 1.575000 0.131500
1.012000 1.575000 0.134000
1.087000 1.575000 0.136500
1.163000 1.575000 0.138900
1.238000 1.575000 0.141100
1.313000 1.575000 0.143100
1.388000 1.575000 0.145000
1.463000 1.575000 0.146700
1.538000 1.575000 0.148100
1.613000 1.575000 0.149300
1.688000 1.575000 0.150100
1.763000 1.575000 0.150700
1.838000 1.575000 0.151100
1.913000 1.575000 0.151100
1.988000 1.575000 0.150800
2.063000 1.575000 0.150300
2.138000 1.575000 0.149400
2.213000 1.575000 0.148400
2.288000 1.575000 0.147100
2.363000 1.575000 0.145600
2.438000 1.575000 0.143900
2.513000 1.575000 0.142000
2.588000 1.575000 0.140100
2.663000 1.575000 0.138000
2.738000 1.575000 0.135900
2.813000 1.575000 0.133700
2.888000 1.575000 0.131500
2.963000 1.575000 0.129400
3.038000 1.575000 0.127300
3.113000 1.575000 0.125300
3.188000 1.575000 0.123400
3.263000 1.575000 0.121700
3.338000 1.575000 0.120100
3.413000 1.575000 0.118700
3.488000 1.575000 0.117600
3.563000 1.575000 0.116600
3.638000 1.575000 0.115900
3.713000 1.575000 0.115400
3.788000 1.575000 0.115200
3.863000 1.575000 0.000000
-0.037500 1.725000 0.000000
0.037500 1.725000 0.079040
0.112500 1.725000 0.079250
0.187500 1.725000 0.079680
0.262500 1.725000 0.080300
0.337500 1.725000 0.081120
0.412500 1.725000 0.082120
0.487500 1.725000 0.083270
0.562500 1.725000 0.084560
0.637500 1.725000 0.085960
0.712500 1.725000 0.087460
0.787500 1.725000 0.089020
0.862500 1.725000 0.090630
0.937500 1.725000 0.092250
1.012000 1.725000 0.093860
1.087000 1.725000 0.095430
1.163000 1.725000 0.096940
1.238000 1.725000 0.098370
1.313000 1.725000 0.099690
1.388000 1.725000 0.100900
1.463000 1.725000 0.102000
1.538000 1.725000 0.102900
1.613000 1.725000 0.103600
1.688000 1.725000 0.104100
1.763000 1.725000 0.104500
1.838000 1.725000 0.104700
1.913000 1.725000 0.104700
1.988000 1.725000 0.104500
2.063000 1.725000 0.104100
2.138000 1.725000 0.103600
2.213000 1.725000 0.102900
2.288000 1.725000 0.102000
2.363000 1.725000 0.101000
2.438000 1.725000 0.099880
2.513000 1.725000 0.098660
2.588000 1.725000 0.097360
2.663000 1.725000 0.095990
2.738000 1.725000 0.094580
2.813000 1.725000 0.093160
2.888000 1.725000 0.091730
2.963000 1.725000 0.090320
3.038000 1.725000 0.088950
3.113000 1.725000 0.087640
3.188000 1.725000 0.086400
3.263000 1.725000 0.085260
3.338000 1.725000 0.084230
3.413000 1.725000 0.083330
3.488000 1.725000 0.082550
3.563000 1.725000 0.081930
3.638000 1.725000 0.081450
3.713000 1.725000 0.081130
3.788000 1.725000 0.080970
3.863000 1.725000 0.000000
-0.037500 1.875000 0.000000
0.037500 1.875000 0.055130
0.112500 1.875000 0.055260
0.187500 1.875000 0.055530
0.262500 1.875000 0.055920
0.337500 1.875000 0.056430
0.412500 1.875000 0.057050
0.487500 1.875000 0.057770
0.562500 1.875000 0.058580
0.637500 1.875000 0.059460
0.712500 1.875000 0.060400
0.787500 1.875000 0.061380
0.862500 1.875000 0.062390
0.937500 1.875000 0.063400
1.012000 1.875000 0.064410
1.087000 1.875000 0.065400
1.163000 1.875000 0.066350
1.238000 1.875000 0.067240
1.313000 1.875000 0.068070
1.388000 1.875000 0.068820
1.463000 1.875000 0.069480
1.538000 1.875000 0.070040
1.613000 1.875000 0.070490
1.688000 1.875000 0.070830
1.763000 1.875000 0.071060
1.838000 1.875000 0.071160
1.913000 1.875000 0.071140
1.988000 1.875000 0.071010
2.063000 1.875000 0.070750
2.138000 1.875000 0.070390
2.213000 1.875000 0.069930
2.288000 1.875000 0.069360
2.363000 1.875000 0.068710
2.438000 1.875000 0.067990
2.513000 1.875000 0.067200
2.588000 1.875000 0.066360
2.663000 1.875000 0.065470
2.738000 1.875000 0.064560
2.813000 1.875000 0.063640
2.888000 1.875000 0.062720
2.963000 1.875000 0.061810
3.038000 1.875000 0.060930
3.113000 1.875000 0.060090
3.188000 1.875000 0.059290
3.263000 1.875000 0.058560
3.338000 1.875000 0.057900
3.413000 1.875000 0.057320
3.488000 1.875000 0.056820
3.563000 1.875000 0.056420
3.638000 1.875000 0.056110
3.713000 1.875000 0.055910
3.788000 1.875000 0.055810
3.863000 1.875000 0.000000
-0.037500 2.025000 0.000000
0.037500 2.025000 0.037250
0.112500 2.025000 0.037330
0.187500 2.025000 0.037490
0.262500 2.025000 0.037720
0.337500 2.025000 0.038030
0.412500 2.025000 0.038400
0.487500 2.025000 0.038830
0.562500 2.025000 0.039310
0.637500 2.025000 0.039840
0.712500 2.025000 0.040400
0.787500 2.025000 0.040990
0.862500 2.025000 0.041590
0.937500 2.025000 0.042200
1.012000 2.025000 0.042800
1.087000 2.025000 0.043390
1.163000 2.025000 0.043960
1.238000 2.025000 0.044500
1.313000 2.025000 0.044990
1.388000 2.025000 0.045440
1.463000 2.025000 0.045830
1.538000 2.025000 0.046160
1.613000 2.025000 0.046430
1.688000 2.025000 0.046620
1.763000 2.025000 0.046750
1.838000 2.025000 0.046800
1.913000 2.025000 0.046780
1.988000 2.025000 0.046690
2.063000 2.025000 0.046520
2.138000 2.025000 0.046290
2.213000 2.025000 0.046000
2.288000 2.025000 0.045650
2.363000 2.025000 0.045240
2.438000 2.025000 0.044790
2.513000 2.025000 0.044300
2.588000 2.025000 0.043780
2.663000 2.025000 0.043230
2.738000 2.025000 0.042670
2.813000 2.025000 0.042100
2.888000 2.025000 0.041530
2.963000 2.025000 0.040970
3.038000 2.025000 0.040430
3.113000 2.025000 0.039910
3.188000 2.025000 0.039420
3.263000 2.025000 0.038970
3.338000 2.025000 0.038560
3.413000 2.025000 0.038200
3.488000 2.025000 0.037890
3.563000 2.025000 0.037650
3.638000 2.025000 0.037460
3.713000 2.025000 0.037330
3.788000 2.025000 0.037270
3.863000 2.025000 0.000000
-0.037500 2.175000 0.000000
0.037500 2.175000 0.023780
0.112500 2.175000 0.023820
0.187500 2.175000 0.023900
0.262500 2.175000 0.024030
0.337500 2.175000 0.024190
0.412500 2.175000 0.024380
0.487500 2.175000 0.024610
0.562500 2.175000 0.024870
0.637500 2.175000 0.025150
0.712500 2.175000 0.025440
0.787500 2.175000 0.025750
0.862500 2.175000 0.026070
0.937500 2.175000 0.026400
1.012000 2.175000 0.026720
1.087000 2.175000 0.027030
1.163000 2.175000 0.027330
1.238000 2.175000 0.027610
1.313000 2.175000 0.027870
1.388000 2.175000 0.028100
1.463000 2.175000 0.028300
1.538000 2.175000 0.028470
1.613000 2.175000 0.028610
1.688000 2.175000 0.028710
1.763000 2.175000 0.028760
1.838000 2.175000 0.028780
1.913000 2.175000 0.028760
1.988000 2.175000 0.028700
2.063000 2.175000 0.028610
2.138000 2.175000 0.028470
2.213000 2.175000 0.028300
2.288000 2.175000 0.028100
2.363000 2.175000 0.027870
2.438000 2.175000 0.027620
2.513000 2.175000 0.027340
2.588000 2.175000 0.027050
2.663000 2.175000 0.026750
2.738000 2.175000 0.026430
2.813000 2.175000 0.026120
2.888000 2.175000 0.025800
2.963000 2.175000 0.025490
3.038000 2.175000 0.025190
3.113000 2.175000 0.024900
3.188000 2.175000 0.024630
3.263000 2.175000 0.024380
3.338000 2.175000 0.024150
3.413000 2.175000 0.023960
3.488000 2.175000 0.023790
3.563000 2.175000 0.023650
3.638000 2.175000 0.023550
3.713000 2.175000 0.023480
3.788000 2.175000 0.023440
3.863000 2.175000 0.000000
-0.037500 2.325000 0.000000
0.037500 2.325000 0.016840
0.112500 2.325000 0.016860
0.187500 2.325000 0.016900
0.262500 2.325000 0.016970
0.337500 2.325000 0.017060
0.412500 2.325000 0.017170
0.487500 2.325000 0.017290
0.562500 2.325000 0.017430
0.637500 2.325000 0.017580
0.712500 2.325000 0.017740
0.787500 2.325000 0.017910
0.862500 2.325000 0.018090
0.937500 2.325000 0.018260
1.012000 2.325000 0.018430
1.087000 2.325000 0.018600
1.163000 2.325000 0.018760
1.238000 2.325000 0.018910
1.313000 2.325000 0.019050
1.388000 2.325000 0.019180
1.463000 2.325000 0.019280
1.538000 2.325000 0.019370
1.613000 2.325000 0.019440
1.688000 2.325000 0.019490
1.763000 2.325000 0.019510
1.838000 2.325000 0.019510
1.913000 2.325000 0.019490
1.988000 2.325000 0.019450
2.063000 2.325000 0.019390
2.138000 2.325000 0.019300
2.213000 2.325000 0.019200
2.288000 2.325000 0.019070
2.363000 2.325000 0.018940
2.438000 2.325000 0.018780
2.513000 2.325000 0.018620
2.588000 2.325000 0.018450
2.663000 2.325000 0.018270
2.738000 2.325000 0.018080
2.813000 2.325000 0.017890
2.888000 2.325000 0.017710
2.963000 2.325000 0.017530
3.038000 2.325000 0.017350
3.113000 2.325000 0.017180
3.188000 2.325000 0.017020
3.263000 2.325000 0.016880
3.338000 2.325000 0.016750
3.413000 2.325000 0.016630
3.488000 2.325000 0.016530
3.563000 2.325000 0.016450
3.638000 2.325000 0.016390
3.713000 2.325000 0.016350
3.788000 2.325000 0.016330
3.863000 2.325000 0.000000
-0.037500 2.475000 0.000000
0.037500 2.475000 0.014020
0.112500 2.475000 0.014040
0.187500 2.475000 0.014070
0.262500 2.475000 0.014120
0.337500 2.475000 0.014180
0.412500 2.475000 0.014260
0.487500 2.475000 0.014340
0.562500 2.475000 0.014440
0.637500 2.475000 0.014550
0.712500 2.475000 0.014670
0.787500 2.475000 0.014790
0.862500 2.475000 0.014910
0.937500 2.475000 0.015040
1.012000 2.475000 0.015160
1.087000 2.475000 0.015280
1.163000 2.475000 0.015400
1.238000 2.475000 0.015500
1.313000 2.475000 0.015600
1.388000 2.475000 0.015690
1.463000 2.475000 0.015760
1.538000 2.475000 0.015820
1.613000 2.475000 0.015870
1.688000 2.475000 0.015900
1.763000 2.475000 0.015910
1.838000 2.475000 0.015910
1.913000 2.475000 0.015890
1.988000 2.475000 0.015850
2.063000 2.475000 0.015800
2.138000 2.475000 0.015740
2.213000 2.475000 0.015660
2.288000 2.475000 0.015560
2.363000 2.475000 0.015460
2.438000 2.475000 0.015340
2.513000 2.475000 0.015220
2.588000 2.475000 0.015080
2.663000 2.475000 0.014950
2.738000 2.475000 0.014810
2.813000 2.475000 0.014670
2.888000 2.475000 0.014530
2.963000 2.475000 0.014390
3.038000 2.475000 0.014260
3.113000 2.475000 0.014130
3.188000 2.475000 0.014020
3.263000 2.475000 0.013910
3.338000 2.475000 0.013810
3.413000 2.475000 0.013730
3.488000 2.475000 0.013650
3.563000 2.475000 0.013590
3.638000 2.475000 0.013550
3.713000 2.475000 0.013520
3.788000 2.475000 0.013500
3.863000 2.475000 0.000000
-0.037500 2.625000 0.000000
0.037500 2.625000 0.011790
0.112500 2.625000 0.011800
0.187500 2.625000 0.011820
0.262500 2.625000 0.011860
0.337500 2.625000 0.011900
0.412500 2.625000 0.011960
0.487500 2.625000 0.012030
0.562500 2.625000 0.012100
0.637500 2.625000 0.012180
0.712500 2.625000 0.012270
0.787500 2.625000 0.012350
0.862500 2.625000 0.012450
0.937500 2.625000 0.012540
1.012000 2.625000 0.012630
1.087000 2.625000 0.012720
1.163000 2.625000 0.012800
1.238000 2.625000 0.012880
1.313000 2.625000 0.012950
1.388000 2.625000 0.013010
1.463000 2.625000 0.013060
1.538000 2.625000 0.013110
1.613000 2.625000 0.013140
1.688000 2.625000 0.013160
1.763000 2.625000 0.013160
1.838000 2.625000 0.013160
1.913000 2.625000 0.013140
1.988000 2.625000 0.013110
2.063000 2.625000 0.013070
2.138000 2.625000 0.013020
2.213000 2.625000 0.012950
2.288000 2.625000 0.012880
2.363000 2.625000 0.012800
2.438000 2.625000 0.012710
2.513000 2.625000 0.012610
2.588000 2.625000 0.012510
2.663000 2.625000 0.012400
2.738000 2.625000 0.012300
2.813000 2.625000 0.012190
2.888000 2.625000 0.012080
2.963000 2.625000 0.011980
3.038000 2.625000 0.011870
3.113000 2.625000 0.011780
3.188000 2.625000 0.011690
3.263000 2.625000 0.011600
3.338000 2.625000 0.011530
3.413000 2.625000 0.011460
3.488000 2.625000 0.011410
3.563000 2.625000 0.011360
3.638000 2.625000 0.011330
3.713000 2.625000 0.011310
3.788000 2.625000 0.011300
3.863000 2.625000 0.000000
-0.037500 2.775000 0.000000
0.037500 2.775000 0.010080
0.112500 2.775000 0.010090
0.187500 2.775000 0.010100
0.262500 2.775000 0.010130
0.337500 2.775000 0.010170
0.412500 2.775000 0.010210
0.487500 2.775000 0.010260
0.562500 2.775000 0.010320
0.637500 2.775000 0.010380
0.712500 2.775000 0.010450
0.787500 2.775000 0.010520
0.862500 2.775000 0.010590
0.937500 2.775000 0.010660
1.012000 2.775000 0.010730
1.087000 2.775000 0.010800
1.163000 2.775000 0.010870
1.238000 2.775000 0.010930
1.313000 2.775000 0.010980
1.388000 2.775000 0.011030
1.463000 2.775000 0.011070
1.538000 2.775000 0.011100
1.613000 2.775000 0.011120
1.688000 2.775000 0.011140
1.763000 2.775000 0.011140
1.838000 2.775000 0.011140
1.913000 2.775000 0.011120
1.988000 2.775000 0.011090
2.063000 2.775000 0.011060
2.138000 2.775000 0.011020
2.213000 2.775000 0.010960
2.288000 2.775000 0.010900
2.363000 2.775000 0.010840
2.438000 2.775000 0.010760
2.513000 2.775000 0.010680
2.588000 2.775000 0.010600
2.663000 2.775000 0.010520
2.738000 2.775000 0.010430
2.813000 2.775000 0.010340
2.888000 2.775000 0.010260
2.963000 2.775000 0.010170
3.038000 2.775000 0.010090
3.113000 2.775000 0.010010
3.188000 2.775000 0.009941
3.263000 2.775000 0.009875
3.338000 2.775000 0.009815
3.413000 2.775000 0.009763
3.488000 2.775000 0.009718
3.563000 2.775000 0.009683
3.638000 2.775000 0.009655
3.713000 2.775000 0.009637
3.788000 2.775000 0.009628
3.863000 2.775000 0.000000
-0.037500 2.925000 0.000000
0.037500 2.925000 0.007580
0.112500 2.925000 0.007587
0.187500 2.925000 0.007601
0.262500 2.925000 0.007621
0.337500 2.925000 0.007647
0.412500 2.925000 0.007679
0.487500 2.925000 0.007716
0.562500 2.925000 0.007757
0.637500 2.925000 0.007801
0.712500 2.925000 0.007849
0.787500 2.925000 0.007898
0.862500 2.925000 0.007948
0.937500 2.925000 0.007999
1.012000 2.925000 0.008049
1.087000 2.925000 0.008097
1.163000 2.925000 0.008143
1.238000 2.925000 0.008186
1.313000 2.925000 0.008224
1.388000 2.925000 0.008258
1.463000 2.925000 0.008286
1.538000 2.925000 0.008308
1.613000 2.925000 0.008324
1.688000 2.925000 0.008333
1.763000 2.925000 0.008336
1.838000 2.925000 0.008331
1.913000 2.925000 0.008319
1.988000 2.925000 0.008300
2.063000 2.925000 0.008274
2.138000 2.925000 0.008241
2.213000 2.925000 0.008203
2.288000 2.925000 0.008159
2.363000 2.925000 0.008110
2.438000 2.925000 0.008057
2.513000 2.925000 0.008000
2.588000 2.925000 0.007940
2.663000 2.925000 0.007878
2.738000 2.925000 0.007815
2.813000 2.925000 0.007752
2.888000 2.925000 0.007689
2.963000 2.925000 0.007628
3.038000 2.925000 0.007569
3.113000 2.925000 0.007513
3.188000 2.925000 0.007460
3.263000 2.925000 0.007412
3.338000 2.925000 0.007369
3.413000 2.925000 0.007332
3.488000 2.925000 0.007300
3.563000 2.925000 0.007274
3.638000 2.925000 0.007255
3.713000 2.925000 0.007242
3.788000 2.925000 0.007235
3.863000 2.925000 0.000000
-0.037500 3.075000 0.000000
0.037500 3.075000 0.005038
0.112500 3.075000 0.005042
0.187500 3.075000 0.005051
0.262500 3.075000 0.005063
0.337500 3.075000 0.005079
0.412500 3.075000 0.005099
0.487500 3.075000 0.005122
0.562500 3.075000 0.005147
0.637500 3.075000 0.005175
0.712500 3.075000 0.005204
0.787500 3.075000 0.005234
0.862500 3.075000 0.005266
0.937500 3.075000 0.005297
1.012000 3.075000 0.005328
1.087000 3.075000 0.005357
1.163000 3.075000 0.005385
1.238000 3.075000 0.005412
1.313000 3.075000 0.005435
1.388000 3.075000 0.005456
1.463000 3.075000 0.005473
1.538000 3.075000 0.005486
1.613000 3.075000 0.005495
1.688000 3.075000 0.005500
1.763000 3.075000 0.005501
1.838000 3.075000 0.005497
1.913000 3.075000 0.005489
1.988000 3.075000 0.005477
2.063000 3.075000 0.005460
2.138000 3.075000 0.005439
2.213000 3.075000 0.005414
2.288000 3.075000 0.005386
2.363000 3.075000 0.005355
2.438000 3.075000 0.005321
2.513000 3.075000 0.005284
2.588000 3.075000 0.005246
2.663000 3.075000 0.005207
2.738000 3.075000 0.005167
2.813000 3.075000 0.005127
2.888000 3.075000 0.005087
2.963000 3.075000 0.005048
3.038000 3.075000 0.005011
3.113000 3.075000 0.004975
3.188000 3.075000 0.004942
3.263000 3.075000 0.004912
3.338000 3.075000 0.004885
3.413000 3.075000 0.004861
3.488000 3.075000 0.004841
3.563000 3.075000 0.004825
3.638000 3.075000 0.004812
3.713000 3.075000 0.004804
3.788000 3.075000 0.004800
3.863000 3.075000 0.000000
-0.037500 3.225000 0.000000
0.037500 3.225000 0.003323
0.112500 3.225000 0.003326
0.187500 3.225000 0.003331
0.262500 3.225000 0.003339
0.337500 3.225000 0.003349
0.412500 3.225000 0.003361
0.487500 3.225000 0.003375
0.562500 3.225000 0.003391
0.637500 3.225000 0.003408
0.712500 3.225000 0.003426
0.787500 3.225000 0.003444
0.862500 3.225000 0.003464
0.937500 3.225000 0.003483
1.012000 3.225000 0.003501
1.087000 3.225000 0.003520
1.163000 3.225000 0.003537
1.238000 3.225000 0.003553
1.313000 3.225000 0.003567
1.388000 3.225000 0.003579
1.463000 3.225000 0.003590
1.538000 3.225000 0.003598
1.613000 3.225000 0.003603
1.688000 3.225000 0.003606
1.763000 3.225000 0.003606
1.838000 3.225000 0.003603
1.913000 3.225000 0.003597
1.988000 3.225000 0.003589
2.063000 3.225000 0.003578
2.138000 3.225000 0.003565
2.213000 3.225000 0.003549
2.288000 3.225000 0.003531
2.363000 3.225000 0.003511
2.438000 3.225000 0.003490
2.513000 3.225000 0.003467
2.588000 3.225000 0.003443
2.663000 3.225000 0.003418
2.738000 3.225000 0.003393
2.813000 3.225000 0.003367
2.888000 3.225000 0.003342
2.963000 3.225000 0.003318
3.038000 3.225000 0.003294
3.113000 3.225000 0.003272
3.188000 3.225000 0.003251
3.263000 3.225000 0.003232
3.338000 3.225000 0.003215
3.413000 3.225000 0.003200
3.488000 3.225000 0.003187
3.563000 3.225000 0.003177
3.638000 3.225000 0.003169
3.713000 3.225000 0.003164
3.788000 3.225000 0.003161
3.863000 3.225000 0.000000
-0.037500 3.375000 0.000000
0.037500 3.375000 0.002177
0.112500 3.375000 0.002179
0.187500 3.375000 0.002182
0.262500 3.375000 0.002187
0.337500 3.375000 0.002193
0.412500 3.375000 0.002200
0.487500 3.375000 0.002209
0.562500 3.375000 0.002218
0.637500 3.375000 0.002228
0.712500 3.375000 0.002239
0.787500 3.375000 0.002251
0.862500 3.375000 0.002262
0.937500 3.375000 0.002274
1.012000 3.375000 0.002286
1.087000 3.375000 0.002297
1.163000 3.375000 0.002307
1.238000 3.375000 0.002317
1.313000 3.375000 0.002325
1.388000 3.375000 0.002333
1.463000 3.375000 0.002339
1.538000 3.375000 0.002343
1.613000 3.375000 0.002347
1.688000 3.375000 0.002348
1.763000 3.375000 0.002348
1.838000 3.375000 0.002346
1.913000 3.375000 0.002342
1.988000 3.375000 0.002337
2.063000 3.375000 0.002330
2.138000 3.375000 0.002321
2.213000 3.375000 0.002311
2.288000 3.375000 0.002300
2.363000 3.375000 0.002287
2.438000 3.375000 0.002274
2.513000 3.375000 0.002259
2.588000 3.375000 0.002244
2.663000 3.375000 0.002228
2.738000 3.375000 0.002213
2.813000 3.375000 0.002197
2.888000 3.375000 0.002181
2.963000 3.375000 0.002166
3.038000 3.375000 0.002151
3.113000 3.375000 0.002137
3.188000 3.375000 0.002124
3.263000 3.375000 0.002112
3.338000 3.375000 0.002101
3.413000 3.375000 0.002092
3.488000 3.375000 0.002084
3.563000 3.375000 0.002077
3.638000 3.375000 0.002072
3.713000 3.375000 0.002069
3.788000 3.375000 0.002068
3.863000 3.375000 0.000000
-0.037500 3.525000 0.000000
0.037500 3.525000 0.001416
0.112500 3.525000 0.001417
0.187500 3.525000 0.001419
0.262500 3.525000 0.001422
0.337500 3.525000 0.001426
0.412500 3.525000 0.001430
0.487500 3.525000 0.001435
0.562500 3.525000 0.001441
0.637500 3.525000 0.001447
0.712500 3.525000 0.001454
0.787500 3.525000 0.001461
0.862500 3.525000 0.001468
0.937500 3.525000 0.001475
1.012000 3.525000 0.001482
1.087000 3.525000 0.001489
1.163000 3.525000 0.001495
1.238000 3.525000 0.001501
1.313000 3.525000 0.001506
1.388000 3.525000 0.001510
1.463000 3.525000 0.001514
1.538000 3.525000 0.001517
1.613000 3.525000 0.001518
1.688000 3.525000 0.001519
1.763000 3.525000 0.001519
1.838000 3.525000 0.001517
1.913000 3.525000 0.001515
1.988000 3.525000 0.001511
2.063000 3.525000 0.001507
2.138000 3.525000 0.001502
2.213000 3.525000 0.001495
2.288000 3.525000 0.001488
2.363000 3.525000 0.001480
2.438000 3.525000 0.001472
2.513000 3.525000 0.001463
2.588000 3.525000 0.001453
2.663000 3.525000 0.001443
2.738000 3.525000 0.001434
2.813000 3.525000 0.001424
2.888000 3.525000 0.001414
2.963000 3.525000 0.001404
3.038000 3.525000 0.001395
3.113000 3.525000 0.001386
3.188000 3.525000 0.001378
3.263000 3.525000 0.001371
3.338000 3.525000 0.001364
3.413000 3.525000 0.001358
3.488000 3.525000 0.001353
3.563000 3.525000 0.001349
3.638000 3.525000 0.001346
3.713000 3.525000 0.001344
3.788000 3.525000 0.001343
3.863000 3.525000 0.000000
-0.037500 3.675000 0.000000
0.037500 3.675000 0.000915
0.112500 3.675000 0.000915
0.187500 3.675000 0.000916
0.262500 3.675000 0.000918
0.337500 3.675000 0.000920
0.412500 3.675000 0.000923
0.487500 3.675000 0.000926
0.562500 3.675000 0.000930
0.637500 3.675000 0.000934
0.712500 3.675000 0.000937
0.787500 3.675000 0.000942
0.862500 3.675000 0.000946
0.937500 3.675000 0.000950
1.012000 3.675000 0.000954
1.087000 3.675000 0.000958
1.163000 3.675000 0.000962
1.238000 3.675000 0.000966
1.313000 3.675000 0.000969
1.388000 3.675000 0.000971
1.463000 3.675000 0.000973
1.538000 3.675000 0.000975
1.613000 3.675000 0.000976
1.688000 3.675000 0.000976
1.763000 3.675000 0.000976
1.838000 3.675000 0.000975
1.913000 3.675000 0.000974
1.988000 3.675000 0.000971
2.063000 3.675000 0.000968
2.138000 3.675000 0.000965
2.213000 3.675000 0.000961
2.288000 3.675000 0.000957
2.363000 3.675000 0.000952
2.438000 3.675000 0.000946
2.513000 3.675000 0.000941
2.588000 3.675000 0.000935
2.663000 3.675000 0.000929
2.738000 3.675000 0.000923
2.813000 3.675000 0.000917
2.888000 3.675000 0.000911
2.963000 3.675000 0.000905
3.038000 3.675000 0.000899
3.113000 3.675000 0.000893
3.188000 3.675000 0.000888
3.263000 3.675000 0.000884
3.338000 3.675000 0.000880
3.413000 3.675000 0.000876
3.488000 3.675000 0.000873
3.563000 3.675000 0.000870
3.638000 3.675000 0.000868
3.713000 3.675000 0.000867
3.788000 3.675000 0.000866
3.863000 3.675000 0.000000
-0.037500 3.825000 0.000000
0.037500 3.825000 0.000587
0.112500 3.825000 0.000587
0.187500 3.825000 0.000588
0.262500 3.825000 0.000589
0.337500 3.825000 0.000590
0.412500 3.825000 0.000592
0.487500 3.825000 0.000594
0.562500 3.825000 0.000596
0.637500 3.825000 0.000598
0.712500 3.825000 0.000600
0.787500 3.825000 0.000603
0.862500 3.825000 0.000605
0.937500 3.825000 0.000608
1.012000 3.825000 0.000610
1.087000 3.825000 0.000613
1.163000 3.825000 0.000615
1.238000 3.825000 0.000617
1.313000 3.825000 0.000619
1.388000 3.825000 0.000621
1.463000 3.825000 0.000622
1.538000 3.825000 0.000623
1.613000 3.825000 0.000623
1.688000 3.825000 0.000623
1.763000 3.825000 0.000623
1.838000 3.825000 0.000623
1.913000 3.825000 0.000622
1.988000 3.825000 0.000620
2.063000 3.825000 0.000618
2.138000 3.825000 0.000616
2.213000 3.825000 0.000614
2.288000 3.825000 0.000611
2.363000 3.825000 0.000608
2.438000 3.825000 0.000605
2.513000 3.825000 0.000601
2.588000 3.825000 0.000598
2.663000 3.825000 0.000594
2.738000 3.825000 0.000590
2.813000 3.825000 0.000586
2.888000 3.825000 0.000583
2.963000 3.825000 0.000579
3.038000 3.825000 0.000575
3.113000 3.825000 0.000572
3.188000 3.825000 0.000569
3.263000 3.825000 0.000566
3.338000 3.825000 0.000563
3.413000 3.825000 0.000561
3.488000 3.825000 0.000559
3.563000 3.825000 0.000558
3.638000 3.825000 0.000556
3.713000 3.825000 0.000556
3.788000 3.825000 0.000555
3.863000 3.825000 0.000000
-0.037500 3.975000 0.000000
0.037500 3.975000 0.000374
0.112500 3.975000 0.000374
0.187500 3.975000 0.000374
0.262500 3.975000 0.000375
0.337500 3.975000 0.000376
0.412500 3.975000 0.000377
0.487500 3.975000 0.000378
0.562500 3.975000 0.000379
0.637500 3.975000 0.000381
0.712500 3.975000 0.000382
0.787500 3.975000 0.000384
0.862500 3.975000 0.000385
0.937500 3.975000 0.000387
1.012000 3.975000 0.000388
1.087000 3.975000 0.000389
1.163000 3.975000 0.000391
1.238000 3.975000 0.000392
1.313000 3.975000 0.000393
1.388000 3.975000 0.000394
1.463000 3.975000 0.000395
1.538000 3.975000 0.000395
1.613000 3.975000 0.000396
1.688000 3.975000 0.000396
1.763000 3.975000 0.000395
1.838000 3.975000 0.000395
1.913000 3.975000 0.000394
1.988000 3.975000 0.000393
2.063000 3.975000 0.000392
2.138000 3.975000 0.000391
2.213000 3.975000 0.000389
2.288000 3.975000 0.000388
2.363000 3.975000 0.000386
2.438000 3.975000 0.000384
2.513000 3.975000 0.000382
2.588000 3.975000 0.000380
2.663000 3.975000 0.000377
2.738000 3.975000 0.000375
2.813000 3.975000 0.000373
2.888000 3.975000 0.000370
2.963000 3.975000 0.000368
3.038000 3.975000 0.000366
3.113000 3.975000 0.000364
3.188000 3.975000 0.000362
3.263000 3.975000 0.000360
3.338000 3.975000 0.000359
3.413000 3.975000 0.000357
3.488000 3.975000 0.000356
3.563000 3.975000 0.000355
3.638000 3.975000 0.000354
3.713000 3.975000 0.000354
3.788000 3.975000 0.000354
3.863000 3.975000 0.000000
-0.037500 4.125000 0.000000
0.037500 4.125000 0.000237
0.112500 4.125000 0.000237
0.187500 4.125000 0.000237
0.262500 4.125000 0.000237
0.337500 4.125000 0.000238
0.412500 4.125000 0.000238
0.487500 4.125000 0.000239
0.562500 4.125000 0.000240
0.637500 4.125000 0.000241
0.712500 4.125000 0.000242
0.787500 4.125000 0.000242
0.862500 4.125000 0.000243
0.937500 4.125000 0.000244
1.012000 4.125000 0.000245
1.087000 4.125000 0.000246
1.163000 4.125000 0.000247
1.238000 4.125000 0.000247
1.313000 4.125000 0.000248
1.388000 4.125000 0.000249
1.463000 4.125000 0.000249
1.538000 4.125000 0.000249
1.613000 4.125000 0.000249
1.688000 4.125000 0.000250
1.763000 4.125000 0.000249
1.838000 4.125000 0.000249
1.913000 4.125000 0.000249
1.988000 4.125000 0.000248
2.063000 4.125000 0.000247
2.138000 4.125000 0.000247
2.213000 4.125000 0.000246
2.288000 4.125000 0.000245
2.363000 4.125000 0.000244
2.438000 4.125000 0.000242
2.513000 4.125000 0.000241
2.588000 4.125000 0.000240
2.663000 4.125000 0.000238
2.738000 4.125000 0.000237
2.813000 4.125000 0.000235
2.888000 4.125000 0.000234
2.963000 4.125000 0.000233
3.038000 4.125000 0.000231
3.113000 4.125000 0.000230
3.188000 4.125000 0.000229
3.263000 4.125000 0.000228
3.338000 4.125000 0.000227
3.413000 4.125000 0.000226
3.488000 4.125000 0.000225
3.563000 4.125000 0.000225
3.638000 4.125000 0.000224
3.713000 4.125000 0.000224
3.788000 4.125000 0.000224
3.863000 4.125000 0.000000
-0.037500 4.275000 0.000000
0.037500 4.275000 0.000149
0.112500 4.275000 0.000149
0.187500 4.275000 0.000149
0.262500 4.275000 0.000150
0.337500 4.275000 0.000150
0.412500 4.275000 0.000150
0.487500 4.275000 0.000150
0.562500 4.275000 0.000151
0.637500 4.275000 0.000151
0.712500 4.275000 0.000152
0.787500 4.275000 0.000152
0.862500 4.275000 0.000153
0.937500 4.275000 0.000154
1.012000 4.275000 0.000154
1.087000 4.275000 0.000154
1.163000 4.275000 0.000155
1.238000 4.275000 0.000155
1.313000 4.275000 0.000156
1.388000 4.275000 0.000156
1.463000 4.275000 0.000156
1.538000 4.275000 0.000156
1.613000 4.275000 0.000157
1.688000 4.275000 0.000157
1.763000 4.275000 0.000156
1.838000 4.275000 0.000156
1.913000 4.275000 0.000156
1.988000 4.275000 0.000156
2.063000 4.275000 0.000155
2.138000 4.275000 0.000155
2.213000 4.275000 0.000154
2.288000 4.275000 0.000154
2.363000 4.275000 0.000153
2.438000 4.275000 0.000152
2.513000 4.275000 0.000151
2.588000 4.275000 0.000150
2.663000 4.275000 0.000150
2.738000 4.275000 0.000149
2.813000 4.275000 0.000148
2.888000 4.275000 0.000147
2.963000 4.275000 0.000146
3.038000 4.275000 0.000146
3.113000 4.275000 0.000145
3.188000 4.275000 0.000144
3.263000 4.275000 0.000143
3.338000 4.275000 0.000143
3.413000 4.275000 0.000142
3.488000 4.275000 0.000142
3.563000 4.275000 0.000141
3.638000 4.275000 0.000141
3.713000 4.275000 0.000141
3.788000 4.275000 0.000141
3.863000 4.275000 0.000000
-0.037500 4.425000 0.000000
0.037500 4.425000 0.000094
0.112500 4.425000 0.000094
0.187500 4.425000 0.000094
0.262500 4.425000 0.000094
0.337500 4.425000 0.000094
0.412500 4.425000 0.000094
0.487500 4.425000 0.000095
0.562500 4.425000 0.000095
0.637500 4.425000 0.000095
0.712500 4.425000 0.000095
0.787500 4.425000 0.000096
0.862500 4.425000 0.000096
0.937500 4.425000 0.000096
1.012000 4.425000 0.000097
1.087000 4.425000 0.000097
1.163000 4.425000 0.000097
1.238000 4.425000 0.000097
1.313000 4.425000 0.000098
1.388000 4.425000 0.000098
1.463000 4.425000 0.000098
1.538000 4.425000 0.000098
1.613000 4.425000 0.000098
1.688000 4.425000 0.000098
1.763000 4.425000 0.000098
1.838000 4.425000 0.000098
1.913000 4.425000 0.000098
1.988000 4.425000 0.000098
2.063000 4.425000 0.000097
2.138000 4.425000 0.000097
2.213000 4.425000 0.000097
2.288000 4.425000 0.000096
2.363000 4.425000 0.000096
2.438000 4.425000 0.000095
2.513000 4.425000 0.000095
2.588000 4.425000 0.000094
2.663000 4.425000 0.000094
2.738000 4.425000 0.000093
2.813000 4.425000 0.000093
2.888000 4.425000 0.000092
2.963000 4.425000 0.000092
3.038000 4.425000 0.000091
3.113000 4.425000 0.000091
3.188000 4.425000 0.000090
3.263000 4.425000 0.000090
3.338000 4.425000 0.000090
3.413000 4.425000 0.000089
3.488000 4.425000 0.000089
3.563000 4.425000 0.000089
3.638000 4.425000 0.000089
3.713000 4.425000 0.000089
3.788000 4.425000 0.000088
3.863000 4.425000 0.000000
-0.037500 4.575000 0.000000
0.037500 4.575000 0.000059
0.112500 4.575000 0.000059
0.187500 4.575000 0.000059
0.262500 4.575000 0.000059
0.337500 4.575000 0.000059
0.412500 4.575000 0.000059
0.487500 4.575000 0.000060
0.562500 4.575000 0.000060
0.637500 4.575000 0.000060
0.712500 4.575000 0.000060
0.787500 4.575000 0.000060
0.862500 4.575000 0.000060
0.937500 4.575000 0.000061
1.012000 4.575000 0.000061
1.087000 4.575000 0.000061
1.163000 4.575000 0.000061
1.238000 4.575000 0.000061
1.313000 4.575000 0.000061
1.388000 4.575000 0.000062
1.463000 4.575000 0.000062
1.538000 4.575000 0.000062
1.613000 4.575000 0.000062
1.688000 4.575000 0.000062
1.763000 4.575000 0.000062
1.838000 4.575000 0.000062
1.913000 4.575000 0.000061
1.988000 4.575000 0.000061
2.063000 4.575000 0.000061
2.138000 4.575000 0.000061
2.213000 4.575000 0.000061
2.288000 4.575000 0.000061
2.363000 4.575000 0.000060
2.438000 4.575000 0.000060
2.513000 4.575000 0.000060
2.588000 4.575000 0.000059
2.663000 4.575000 0.000059
2.738000 4.575000 0.000059
2.813000 4.575000 0.000058
2.888000 4.575000 0.000058
2.963000 4.575000 0.000058
3.038000 4.575000 0.000058
3.113000 4.575000 0.000057
3.188000 4.575000 0.000057
3.263000 4.575000 0.000057
3.338000 4.575000 0.000057
3.413000 4.575000 0.000056
3.488000 4.575000 0.000056
3.563000 4.575000 0.000056
3.638000 4.575000 0.000056
3.713000 4.575000 0.000056
3.788000 4.575000 0.000056
3.863000 4.575000 0.000000
-0.037500 4.725000 0.000000
0.037500 4.725000 0.000038
0.112500 4.725000 0.000038
0.187500 4.725000 0.000038
0.262500 4.725000 0.000038
0.337500 4.725000 0.000038
0.412500 4.725000 0.000038
0.487500 4.725000 0.000038
0.562500 4.725000 0.000039
0.637500 4.725000 0.000039
0.712500 4.725000 0.000039
0.787500 4.725000 0.000039
0.862500 4.725000 0.000039
0.937500 4.725000 0.000039
1.012000 4.725000 0.000039
1.087000 4.725000 0.000039
1.163000 4.725000 0.000039
1.238000 4.725000 0.000040
1.313000 4.725000 0.000040
1.388000 4.725000 0.000040
1.463000 4.725000 0.000040
1.538000 4.725000 0.000040
1.613000 4.725000 0.000040
1.688000 4.725000 0.000040
1.763000 4.725000 0.000040
1.838000 4.725000 0.000040
1.913000 4.725000 0.000040
1.988000 4.725000 0.000040
2.063000 4.725000 0.000039
2.138000 4.725000 0.000039
2.213000 4.725000 0.000039
2.288000 4.725000 0.000039
2.363000 4.725000 0.000039
2.438000 4.725000 0.000039
2.513000 4.725000 0.000038
2.588000 4.725000 0.000038
2.663000 4.725000 0.000038
2.738000 4.725000 0.000038
2.813000 4.725000 0.000038
2.888000 4.725000 0.000038
2.963000 4.725000 0.000037
3.038000 4.725000 0.000037
3.113000 4.725000 0.000037
3.188000 4.725000 0.000037
3.263000 4.725000 0.000037
3.338000 4.725000 0.000037
3.413000 4.725000 0.000036
3.488000 4.725000 0.000036
3.563000 4.725000 0.000036
3.638000 4.725000 0.000036
3.713000 4.725000 0.000036
3.788000 4.725000 0.000036
3.863000 4.725000 0.000000
-0.037500 4.875000 0.000000
0.037500 4.875000 0.000026
0.112500 4.875000 0.000026
0.187500 4.875000 0.000026
0.262500 4.875000 0.000026
0.337500 4.875000 0.000026
0.412500 4.875000 0.000027
0.487500 4.875000 0.000027
0.562500 4.875000 0.000027
0.637500 4.875000 0.000027
0.712500 4.875000 0.000027
0.787500 4.875000 0.000027
0.862500 4.875000 0.000027
0.937500 4.875000 0.000027
1.012000 4.875000 0.000027
1.087000 4.875000 0.000027
1.163000 4.875000 0.000027
1.238000 4.875000 0.000027
1.313000 4.875000 0.000027
1.388000 4.875000 0.000027
1.463000 4.875000 0.000027
1.538000 4.875000 0.000027
1.613000 4.875000 0.000027
1.688000 4.875000 0.000027
1.763000 4.875000 0.000027
1.838000 4.875000 0.000027
1.913000 4.875000 0.000027
1.988000 4.875000 0.000027
2.063000 4.875000 0.000027
2.138000 4.875000 0.000027
2.213000 4.875000 0.000027
2.288000 4.875000 0.000027
2.363000 4.875000 0.000027
2.438000 4.875000 0.000027
2.513000 4.875000 0.000027
2.588000 4.875000 0.000026
2.663000 4.875000 0.000026
2.738000 4.875000 0.000026
2.813000 4.875000 0.000026
2.888000 4.875000 0.000026
2.963000 4.875000 0.000026
3.038000 4.875000 0.000026
3.113000 4.875000 0.000026
3.188000 4.875000 0.000025
3.263000 4.875000 0.000025
3.338000 4.875000 0.000025
3.413000 4.875000 0.000025
3.488000 4.875000 0.000025
3.563000 4.875000 0.000025
3.638000 4.875000 0.000025
3.713000 4.875000 0.000025
3.788000 4.875000 0.000025
3.863000 4.875000 0.000000
-0.037500 5.025000 0.000000
0.037500 5.025000 0.000021
0.112500 5.025000 0.000021
0.187500 5.025000 0.000021
0.262500 5.025000 0.000021
0.337500 5.025000 0.000021
0.412500 5.025000 0.000021
0.487500 5.025000 0.000021
0.562500 5.025000 0.000021
0.637500 5.025000 0.000021
0.712500 5.025000 0.000021
0.787500 5.025000 0.000021
0.862500 5.025000 0.000021
0.937500 5.025000 0.000022
1.012000 5.025000 0.000022
1.087000 5.025000 0.000022
1.163000 5.025000 0.000022
1.238000 5.025000 0.000022
1.313000 5.025000 0.000022
1.388000 5.025000 0.000022
1.463000 5.025000 0.000022
1.538000 5.025000 0.000022
1.613000 5.025000 0.000022
1.688000 5.025000 0.000022
1.763000 5.025000 0.000022
1.838000 5.025000 0.000022
1.913000 5.025000 0.000022
1.988000 5.025000 0.000022
2.063000 5.025000 0.000022
2.138000 5.025000 0.000022
2.213000 5.025000 0.000022
2.288000 5.025000 0.000021
2.363000 5.025000 0.000021
2.438000 5.025000 0.000021
2.513000 5.025000 0.000021
2.588000 5.025000 0.000021
2.663000 5.025000 0.000021
2.738000 5.025000 0.000021
2.813000 5.025000 0.000021
2.888000 5.025000 0.000021
2.963000 5.025000 0.000021
3.038000 5.025000 0.000020
3.113000 5.025000 0.000020
3.188000 5.025000 0.000020
3.263000 5.025000 0.000020
3.338000 5.025000 0.000020
3.413000 5.025000 0.000020
3.488000 5.025000 0.000020
3.563000 5.025000 0.000020
3.638000 5.025000 0.000020
3.713000 5.025000 0.000020
3.788000 5.025000 0.000020
3.863000 5.025000 0.000000
-0.037500 5.175000 0.000000
0.037500 5.175000 0.000000
0.112500 5.175000 0.000000
0.187500 5.175000 0.000000
0.262500 5.175000 0.000000
0.337500 5.175000 0.000000
0.412500 5.175000 0.000000
0.487500 5.175000 0.000000
0.562500 5.175000 0.000000
0.637500 5.175000 0.000000
0.712500 5.175000 0.000000
0.787500 5.175000 0.000000
0.862500 5.175000 0.000000
0.937500 5.175000 0.000000
1.012000 5.175000 0.000000
1.087000 5.175000 0.000000
1.163000 5.175000 0.000000
1.238000 5.175000 0.000000
1.313000 5.175000 0.000000
1.388000 5.175000 0.000000
1.463000 5.175000 0.000000
1.538000 5.175000 0.000000
1.613000 5.175000 0.000000
1.688000 5.175000 0.000000
1.763000 5.175000 0.000000
1.838000 5.175000 0.000000
1.913000 5.175000 0.000000
1.988000 5.175000 0.000000
2.063000 5.175000 0.000000
2.138000 5.175000 0.000000
2.213000 5.175000 0.000000
2.288000 5.175000 0.000000
2.363000 5.175000 0.000000
2.438000 5.175000 0.000000
2.513000 5.175000 0.000000
2.588000 5.175000 0.000000
2.663000 5.175000 0.000000
2.738000 5.175000 0.000000
2.813000 5.175000 0.000000
2.888000 5.175000 0.000000
2.963000 5.175000 0.000000
3.038000 5.175000 0.000000
3.113000 5.175000 0.000000
3.188000 5.175000 0.000000
3.263000 5.175000 0.000000
3.338000 5.175000 0.000000
3.413000 5.175000 0.000000
3.488000 5.175000 0.000000
3.563000 5.175000 0.000000
3.638000 5.175000 0.000000
3.713000 5.175000 0.000000
3.788000 5.175000 0.000000
3.863000 5.175000 0.000000
